1122
1419
4
1031
44
2084
851
97
1253
5
710
57
8
66
621
792
1086
766
218
37
4
9
1097
279
116
2204
253
1120
21
1396
1970
2434
474
1516
998
400
33
1249
617
2711
54
288
253
3225
82
76
12
662
883
404
484
97
993
1635
27
33
1895
151
180
1317
327
20
9
1283
2978
1040
2
918
958
712
1141
785
902
96
593
74
3
54
655
466
1544
1621
134
1079
1701
496
18
3174
372
144
20
700
335
106
700
729
114
1724
135
32
376
3663
634
23
191
2307
3484
352
61
771
2020
1
2156
1663
782
2020
7
2281
60
20
1261
1157
531
1
285
958
676
97
50
2918
1138
282
110
152
623
216
387
15
191
1064
70332
214
77
7050
567
4237
82
221
1160
26
214
81
25
234
291
5
1162
1
32
1718
2834
60
134
40
178
43
2170
691
92
84
2005
420
173
16
5
843
1474
21
5
13
14
1009
42
250
410
355
1672
698
497
69
506
44
1106
1301
120
2765
2579
29
1022
843
953
1262
321
1057
1786
939
1022
975
149
1730
1
92
1675
598
3387
101
1303
2471
279
752
35
92
1194
2655
4133
4168
702
49
34
873
355
1090
1576
3199
891
229
23
48
1552
58
315
100
22
14
2731
212
52
7
108
101
42
1074
1152
382
1322
37
76
107
46
2167
152
1475
389
1230
718
475
520
1353
1492
322
1557
24
21
904
1201
464
54
365
1374
63
813
612
4988
856
1175
466
52
3817
42
22
48
3265
53
998
448
738
246
149
5257
510
531
88
150
1354
4
814
1509
518
479
799
84
23
1023
686
171
336
68
1182
970
1232
16
1141
1121
265
76
63
619
1791
611
1231
458
758
669
1193
92
12
3642
38
72
178
523
931
70
2374
635
105
2418
525
231
2388
856
545
37
24
319
1516
418
797
21
1249
32
33
359
818
316
58
2039
691
1040
846
70
110
495
136
220
209
1501
1378
1470
302
128
771
1190
1161
7
11
980
56
2
139
966
158
658
66
649
37
1
2511
990
393
94
31
974
880
163
12
420
12
4550
1484
18
347
275
77
1369
137
158
1514
1541
309
175
164
1884
2
503
1666
424
13
12
29
1653
62
1
1192
765
828
48
88
23
133
1744
1121
75
272
11
85
1289
838
629
2
552
26
752
13
1820
15
685
107
34
2004
216
824
1738
15
618
57
134
90
2076
175
135
26
36
13
55
139
524
56
40
1942
809
3190
365
188
979
3801
96
249
911
14
1482
192
258
625
1480
991
1980
50
97
2364
14
48
141
1022
16
3250
8294
2950
108
29
18
2172
1207
56
1105
24
8
1994
3263
319
1016
1468
2054
501
1050
723
84
1159
90
268
75
81
10592
200
37
1010
882
266
363
32
530
74
1004
601
3660
49
498
145
1058
55
88
55
28
406
900
462
46
770
785
495
559
5309
639
38
1
7
63
3
168
17
1738
1472
71
15
2629
1878
503
140
40
32
354
948
1311
239
75
44
439
20
125
10
28
1616
2191
357
14
164
979
40
43
1479
567
613
83
385
29
78
3
81
110
9
59
254
602
1471
149
33
970
1709
2126
28
18
74
917
81
1272
1175
807
455
1366
798
748
130
1257
217
88
2
96
9
1618
96
864
1
1330
338
219
1155
13
478
1283
49
35
79
1283
160
358
451
34
13
47
250
214
93
45
791
190
747
260
221
493
256
10
128
662
292
772
125
1318
36
212
71
227
14
47
8
19
33
15
534
133
735
123
109
43
432
1416
176
88
7528
99
1065
137
2521
1353
1666
733
101
2987
534
964
2
1647
1099
220
109
51
2109
48
14
120
245
109
653
947
334
37
2488
8
7
561
636
1530
73
160
217
259
1643
360
1168
99
1848
6
212
256
115
381
299
42
105
551
1680
558
1305
777
200
857
1699
924
707
70
2876
1082
858
664
55
663
115
18
161
905
1422
35
12
470
435
456
36
215
1427
2054
106
2282
141
6211
306
67
381
575
5
525
880
63
574
957
346
168
16924
255
2683
1242
29
1878
1116
672
1635
780
9
1
373
1094
71
366
1098
301
1594
80
336
106
300
2270
840
80
1554
2789
498
695
842
1872
28
2306
542
486
2643
56
6
573
9387
1745
202
46
1090
1550
1102
24
1246
615
875
1710
48
4
210
117
1179
250
57
146
45
56
1670
718
37
26
494
284
1012
536
689
154
2475
1269
888
694
35
36
3882
35
21
1074
1452
512
229
12
1
39
1184
246
427
4410
19
319
628
1243
1190
10020
679
3
115
79
1530
1871
94
59
2946
328
2
67
12
39
1613
724
436
3113
922
852
1583
324
594
13
366
9
1561
1041
1367
399
3103
1030
2
213
1872
1282
651
3
2101
954
651
2529
243
43
716
387
97
45
5
533
693
116
99
209
15
911
4
28
758
455
1617
576
290
94
150
40
63
17
625
832
74
202
672
29
47
102
1022
55
265
254
1147
445
45
781
3499
994
681
154
2378
1183
206
812
3904
1127
902
28
261
208
1368
352
14
351
80
240
1568
145
53
91
237
1
158
155
3357
435
845
3843
5489
1305
10
43
804
1808
70
13
766
3177
26
139
7
138
1147
626
11
60
478
1856
513
2253
1230
985
57
4005
37
2003
560
316
1141
528
1082
462
696
82
4138
37
299
482
1184
679
648
130
185
11
135
44
442
101
32
6
29
106
1048
46
55
40
526
173
725
1532
13
514
70
215
34
178
966
456
3973
26
1371
174
3933
11
2419
704
1807
2755
956
325
190
1301
2697
1935
57
53
658
498
884
22
540
373
592
353
170
6
304
43
56
48
145
12
31
99
141
64
43
73
247
94
35
530
212
28
971
143
335
928
115
432
81
199
280
168
627
4434
125
675
116
5788
97
169
196
40
814
129
459
271
80
1397
1570
2315
88
1242
759
785
90
48
123
255
1
1043
1386
241
63
575
117
280
691
256
99
94
2813
139
1422
1699
89
1057
2056
1278
64
78
556
36
347
2445
2193
109
82
77
36
1
555
206
42
153
20
1140
22
93
23
88
32
167
303
184
14
1218
1259
81
88
11
20
228
40
563
434
424
34
127
42
71
275
114
39
641
626
30
77
953
2158
56
212
57
3126
59
54
127
80
114
131
691
131
27
1085
711
1244
831
12
1240
3823
87
8
817
1939
257
4179
34
1109
57
706
81
1344
41
434
304
114
99
1480
109
9
502
1
275
31
560
15
5537
1435
32
17
459
304
82
798
379
57
687
725
12
54
348
104
126
113
78
947
977
773
63
121
71
457
808
1842
653
11
107
569
85
354
422
376
232
50
27
448
2161
229
66
106
3526
255
1625
73
1
126
16
603
32
1488
758
1003
10
3472
899
301
244
217
1516
1219
28
2817
168
1380
38
59
3
313
71
95
641
970
33
783
381
567
15
37
62
116
963
2040
3381
184
1874
15
91
106
341
222
1
960
23
