286
71
526
349
1375
819
585
55
64
999
550
292
332
520
392
578
480
573
538
511
667
418
255
400
1985
302
334
462
361
639
1085
724
1223
416
415
804
406
894
43
1197
96
300
571
2454
651
1015
1898
295
864
1543
137
278
78
551
1056
189
20
486
362
615
157
1557
806
556
415
323
1769
348
77
1297
570
117
2876
58
392
5
638
46
387
51
6
1
1720
410
448
2971
225
353
235
347
3907
434
27
8921
903
107
5533
453
109
679
399
73
280
409
322
504
825
32
2
109
3
271
1018
675
373
1031
1029
4
1147
454
46
795
186
772
56
384
13
130
65
669
919
690
2104
431
2002
442
707
4
8
674
666
747
508
463
333
606
777
272
335
761
27
378
27
202
51
217
341
584
1802
83
14
590
502
937
350
403
784
297
2721
353
71
523
561
733
636
870
391
137
527
522
653
508
210
204
384
451
587
5
5
465
1494
324
2313
2852
499
748
84
25
1348
8
16
573
1076
1906
372
6
451
1461
342
689
1090
588
595
188
237
1024
352
929
758
1021
622
413
1206
519
1
1659
558
1948
506
1018
2107
587
100
345
156
661
460
409
40
387
321
4
6
589
1391
72
877
674
67
569
439
841
881
300
438
445
3217
67
356
638
714
658
417
59
682
212
1895
2039
1140
239
359
103
1050
1
505
291
101
377
370
1517
876
143
573
30
40
716
329
1139
739
1
148
1
679
355
633
357
311
421
532
2895
149
52
953
495
935
2258
129
392
236
467
339
8
409
1442
339
203
653
834
3022
3000
23
1120
1923
90
1097
49
3198
535
1693
90
941
1225
67
1952
1
2502
613
10046
59
4
375
281
678
180
442
181
960
1180
518
123
529
1709
1828
2140
1554
512
2013
1959
524
1100
428
396
53
761
340
1049
137
2112
2050
1095
1632
15
1965
1844
614
301
394
347
1173
2579
1066
1441
3039
189
192
1029
5455
111
756
842
374
89
1028
571
1915
2685
659
2392
112
1
22
209
3
1779
5639
402
23
998
801
1276
5217
597
443
125
1432
205
1026
86
87
116
137
577
1
972
112
19
1
2208
1409
19836
1260
233
2513
2754
354
3090
2173
227
500
453
1826
2527
1251
513
1344
2560
1
4663
1982
346
138
20
3417
774
268
1740
426
783
1
50
380
1430
42795
1
2312
359
1101
1
160
919
648
107
64
1268
1234
686
151
1552
1209
2565
211
8246
1
5577
122
314
78
473
937
539
121
3732
332
3
343
1151
1222
1302
1224
34
934
1919
758
1429
27
170
1636
524
548
1808
73
1
12991
14602
128
158
568
814
1
6070
32
2
493
766
1501
333
408
123
260
524
684
3230
27
256
1
2281
3803
5276
178
671
945
53465
19
10
430
482
652
577
3474
4
250
103
962
1
1280
14
839
562
2682
178
423
339
73
1
2809
3
62
780
830
721
160
1
48
99
3370
67
134
41
55
47
230
977
370
628
183
1179
113
328
14
9
2157
421
10
79
70
36
261
767
1023
723
344
10
422
441
259
56
143
79
28
54
950
84
711
1607
321
439
393
1047
602
1565
682
1757
656
606
4
51
688
8
3
7
134
1464
1256
17
51
424
459
500
57
899
587
130
486
1062
1263
629
410
1550
2236
11
1222
493
945
511
2375
1
2018
3
1
239
1
1861
618
760
1550
2245
417
629
1084
2
259
556
826
1279
782
579
2079
462
955
593
878
1320
1690
287
2540
23
670
807
198
616
432
789
226
2
2869
9225
837
138
776
4770
997
1723
630
7402
458
410
117
62
41
3
1
2
670
485
157
2
163
23
274
2082
359
462
1
143
579
3
482
204
493
24
10
162
1758
1
74
1
9
57
213
1235
119
516
185
994
1487
2567
1
785
35
11
505
162
1228
213
79
1145
733
3
250
904
94
1139
517
565
285
13
553
110
14
783
680
358
42
69
96
63
2
3
4227
11
211
546
930
2414
204
612
317
1078
130
54
365
732
6
887
468
262
112
193
2937
29
115
440
970
176
401
158
189
21
27
230
1
375
741
676
3
142
1
292
501
50
139
135
96
20
1358
13
396
3483
31
465
420
58
321
1255
115
191
3786
7
10
459
1
332
1171
1
149
1038
2
1
1
316
144
22
383
458
2
68
46
1
784
2
650
2686
1078
19804
466
1084
332
375
141
132
3422
267
79
1
14
211
129
1
269
2
148
1786
1353
738
4
1103
5
1542
860
591
1
822
64
271
2673
59
2264
715
570
278
305
356
1142
2229
286
380
1354
554
225
4205
7
424
421
292
727
271
510
252
800
11931
228
237
2527
37
892
1324
584
7
784
820
506
52
401
1660
144
18
57
419
711
1992
952
22
2360
533
775
1594
82
969
249
700
16
64
1
2803
23
134
1336
224
928
2003
810
5
110
64
928
1741
716
361
307
393
1019
340
1472
382
378
506
162
15932
3549
337
1783
200
376
4
387
48
102
692
1232
140
432
184
137
2
955
217
649
1
51
586
4
396
335
5323
345
3102
585
288
261
1054
254
22
26
25
28
806
27
1
2
75
3
26
318
340
1
105
1
21
121
35
923
421
470
24
71
2
6
37
17
5
482
42
514
1571
57
1
264
205
41
907
2153
12002
36
11
4303
18
288
1007
572
1306
199
95
2
4
1
204
97
1
1
98
1456
28
254
3432
8
4
1
3057
52
123
1
1
197
1178
2
1
10
481
808
524
97
313
23
9
94
1
1
8
1889
937
586
4
8294
1577
332
325
218
757
128
25
58
3
160
841
1669
316
1837
1215
743
3380
313
108
3401
396
50
531
353
9
615
463
1263
1452
392
607
448
4473
571
2011
1404
1365
3247
1629
86
376
298
1427
315
1049
336
1035
346
1581
279
1623
623
1702
149
451
2688
693
337
6
1124
520
99
429
895
1156
67
911
481
377
1973
1303
1
1214
463
957
33
301
1000
464
665
823
1
2441
118
322
394
502
146
2971
1256
1004
904
1315
243
34
817
266
995
3377
507
628
1
4370
3967
12078
10492
1612
887
90
1011
2733
7070
316
2276
306
81
2108
1634
157
4280
421
512
701
2659
459
52
692
1
511
437
318
430
3738
3096
330
2935
452
807
3461
2080
49
1629
2635
1789
913
323
598
674
2
12
768
951
854
197
382
289
853
1145
391
1143
1891
665
24
318
294
129
7173
1153
1512
2340
396
6
145
6
12
498
3490
1684
2340
778
9318
1256
10551
1815
365
55
128
1
117
463
1018
118
574
34
657
2981
2832
1354
4715
130
298
130
2
2858
1027
739
520
1193
629
5129
25
6569
8
29
1561
1725
415
783
1316
1013
47
1408
841
208
596
936
390
1
487
342
338
666
998
17
573
4235
3087
3119
1086
209
526
440
9
1632
1253
626
908
1348
306
1
90
917
760
271
348
595
555
458
3448
1106
68
887
610
260
9495
1
2811
1522
372
115
3154
38
1564
848
515
1040
98
354
2515
285
565
57
1178
608
1923
2439
4692
1814
303
441
19
374
803
3076
3170
1441
181
158
815
627
389
1116
1736
57
663
416
1201
828
847
309
496
625
19
1696
919
390
235
823
513
984
117
1821
66
501
1158
364
3994
1
351
21
1467
946
6669
140
599
819
6146
2346
352
2058
889
464
528
1250
4309
773
3417
121
383
297
1805
315
8413
501
2
798
675
118
1046
248
7155
1148
105
337
529
512
3840
210
728
376
167
3991
5946
168
72
1562
1000
96
940
1001
836
2172
650
599
875
1049
2210
470
510
99
1175
958
878
815
4137
371
372
553
1205
1025
2998
1119
1003
170
230
1659
868
1083
2269
3077
934
1211
538
1
4225
367
1
111
3799
1537
667
710
5666
2138
841
502
827
280
507
2476
15
69
1026
103
1694
44
175
3496
432
203
1725
503
178
325
1572
1866
70
101
837
218
2601
546
632
1196
12845
326
825
2455
421
1657
1681
311
77
534
51
1648
458
194
4334
377
1296
2054
693
759
529
303
1399
1168
1125
3517
4104
1521
986
3012
210
2154
20
1292
25
649
131
172
160
9
717
372
768
2666
464
293
939
2231
486
2383
556
172
3
538
27
980
2525
78
1625
1744
876
681
52
35
1034
317
7195
60
781
301
408
1112
473
38
66
2
1836
617
121
2
480
87
5
50
11
298
396
56
871
301
5
183
501
282
575
4346
968
795
320
409
1
498
2856
713
2526
1026
1
1629
1181
1334
993
58
1
614
1409
215
401
295
537
850
2130
39
476
873
1822
4671
739
1925
6
309
624
303
109
889
1402
558
2962
714
963
95
760
1840
975
229
2461
1
1479
876
4
339
1094
111
81
523
603
135
1096
1904
569
2973
2085
883
171
58
360
470
1025
576
1296
1628
653
748
1019
1631
334
1511
3
65
412
4
606
545
420
459
620
5
369
1959
1542
600
306
3894
104
362
1132
660
280
38
490
2251
678
14
715
1337
596
143
147
82
20
1060
1018
152
872
1884
557
243
49
167
65
452
1185
358
685
99
109
121
604
1
3574
1070
324
838
285
9
488
305
405
2070
6
447
570
2185
562
1794
100
110
506
2644
680
2171
467
443
6721
207
4
213
837
1762
800
1661
1305
414
557
1456
59
468
432
1550
120
1921
386
562
1304
382
1686
744
349
95
2781
11145
3
1056
853
2356
759
10615
2688
1984
34
297
331
1
847
10
1
974
1136
3
642
3151
787
1001
330
429
1189
514
745
123
676
2247
23
1326
97
5927
181
315
2366
6873
90
1121
1176
2071
2193
480
838
692
49
24
3195
320
1572
331
67
1544
318
9556
78
114
497
28
560
954
275
82
5165
258
347
441
1312
371
3125
49
1205
1886
169
549
812
2601
3568
747
666
8
253
1
5620
2696
82
370
22
210
328
477
311
351
679
2822
1779
783
623
1190
971
593
1887
2531
2067
580
471
730
5144
336
1823
388
194
377
1544
2831
815
468
219
1057
826
2084
24
2047
245
2597
1967
1406
659
2993
1510
82
476
2584
8512
1156
1691
963
93
1228
1080
20
1610
577
2173
181
880
2
1
1023
1
699
822
4705
880
244
96
1181
1366
1171
137
332
734
5225
179
246
822
826
149
1
484
516
117
413
27
500
3686
465
4158
121
90
1
3
279
42
51
203
628
1564
636
1285
2555
421
3773
1
47
676
1341
888
1013
129
294
143
864
50
458
1
8
103
4
4
329
184
119
3712
1142
1253
671
409
112
2
188
1
223
16
1425
1099
108
2833
5873
2368
84
1199
1431
167
765
876
1678
1068
935
828
1085
3460
5296
496
2778
60
966
46
1272
100
326
2211
162
574
220
832
546
8
82
109
60
105
3092
95
3134
2647
25
1388
41
1571
2965
175
92
55
11
1
5
618
1
80
489
83
1078
5070
360
94
1
9
144
317
8
10
178
628
513
37
2192
297
2472
1
1
550
580
1
601
1239
1315
955
871
414
23
1027
625
665
418
1229
1
2
205
665
125
6
365
2079
628
207
7
1130
658
2
1672
237
223
428
556
416
612
7
386
727
152
503
1386
98
616
1994
809
1027
113
51
212
659
502
1040
2433
620
6428
2468
108
616
1785
1217
398
1
669
254
233
362
332
263
20
1298
346
92
766
37
973
867
216
307
299
27
510
700
265
2662
1964
931
72
2
2952
1048
1122
1125
68
399
1403
1
17
311
42
3300
219
91
1439
527
2623
606
577
382
459
1173
1728
48
19
58
1365
36
63
884
254
390
249
891
44
214
99
10
1072
1
15
612
2178
782
892
69
998
55
276
531
191
2695
21711
2770
1174
1041
1840
1
2380
265
997
862
2990
619
13
181
33
1301
8
1418
1047
1
1354
21
3452
104
174
646
1521
1533
627
84
101
137
109
25
475
216
78
72
26
1
409
84
1372
7678
2147
1
491
89
1465
1393
1388
4
711
1281
611
595
546
580
1503
472
832
26
810
1042
207
2628
18
60
20
30
1
338
1
65
282
3648
395
1814
371
715
481
1
464
1994
25
328
1725
900
1371
1864
1
1591
691
351
2124
363
1677
2681
512
1152
197
740
923
2097
423
3420
1460
106
461
288
817
983
2392
629
265
1033
807
4795
2399
1071
2407
166
722
3393
211
279
428
1169
1277
5520
9815
7739
1372
735
593
1
466
1114
69
225
2
166
10
1125
2393
346
604
297
5
7
546
485
1319
1097
144
1046
78
4351
142
1
292
2286
70
178
413
464
17
1
555
422
32
646
457
440
510
111
2517
703
1043
3067
1133
1527
502
1071
4
253
445
212
637
832
162
253
651
3169
2210
7
474
1568
1996
1032
1265
83
202
1
13
550
1494
491
2059
2740
963
63
985
428
559
1225
973
1327
2700
1939
126
13
184
256
320
1329
201
460
323
18
79
490
713
604
15
4159
2085
528
494
124
2012
1088
119
8
336
840
48
30
159
1993
1606
715
439
154
69
1
1
98
10
1
555
47
55
94
141
95
57
377
14
2
3
31
293
2088
667
4441
1
555
1160
6130
8
4
364
2
1
280
42
366
1168
986
626
3439
479
638
911
883
190
354
389
324
386
268
585
499
563
103
310
324
381
3636
48
489
3727
449
2370
394
175
3181
175
511
29
413
46
1578
579
65
207
344
42
3704
267
1508
1803
1
1111
838
1295
279
463
404
548
192
702
3787
2003
1015
26
231
671
333
258
1460
194
1637
194
983
1442
1223
1015
2700
1707
23
3760
1
181
315
363
898
852
8426
1275
1
289
1425
1058
221
1893
1023
355
758
1
1551
635
1351
188
28
1
211
98
937
102
387
5
1
7715
440
570
679
1
386
22
6
1947
17
361
502
3427
987
3028
4
1143
433
1928
289
1726
585
49
402
641
271
1429
490
466
1396
1938
994
10
248
2915
1130
95
629
1
32
106
11
176
87
166
57
5
1
1850
444
32
3790
889
122
1
2680
226
351
1075
558
1
1955
342
367
433
221
1
4110
744
773
752
6001
6
6293
537
199
790
258
556
766
242
1357
1143
730
3458
1917
6266
365
2059
94
1
1447
478
229
19
2364
1
8546
380
342
7
20
1
2
574
283
20
195
1162
444
1461
1143
303
449
630
1351
47
783
1247
7742
1411
5912
3292
1104
293
288
856
1
674
81
371
17
502
64
101
428
57
69
677
204
56
710
66
1
28962
225
831
453
215
1234
588
1
36
1
3
239
3
46
136
401
138
1752
6
608
169
264
316
319
80
1669
5169
1
412
2942
1437
986
1820
3463
2318
51
116
3293
472
1
1
93
89
2187
59
347
346
1
40
7
300
1012
1250
475
254
2197
222
8
81
171
2008
5323
57
21
298
375
305
1077
71
211
531
132
10
326
680
25
770
934
626
1
914
254
904
317
43
824
271
27
573
600
142
8
1
1935
2745
70
2
3269
1361
446
283
1
72
53
16
219
23
108
16
181
6
315
28
749
341
367
1
1
341
29
40
1471
881
3043
148
134
144
186
10
139
2342
590
522
35
2766
715
46
1
2
48
1
395
22
606
307
9
327
2
118
29
11
23
334
49
801
582
1978
86
193
533
227
92
161
271
34
1
1
194
25
437
487
1
506
760
573
213
581
1292
585
375
850
1
437
25
1193
370
717
126
1
220
2
1688
863
670
1481
363
4538
217
2155
1542
2610
1309
3149
76
8
862
1758
1328
455
2413
2661
6583
1795
1912
287
552
736
902
477
86
853
535
1211
255
45
1501
17
6
3947
337
1216
1
555
424
46
596
1195
1
90
124
315
1
11
331
3271
429
10
102
226
96
421
607
4805
1218
1930
246
1302
1
2833
19
1130
604
99
8
4
1958
272
469
18
271
66
20
26
1922
4591
1
161
78
23
617
1
4681
71
700
328
13
13
25
1903
1170
1354
545
3107
5080
27
1639
1
1916
36
1080
100
34
1409
330
300
28
1359
1
457
24
1152
1535
57
108
2263
356
2822
3580
702
1681
1409
1
227
1
252
1361
447
584
1165
53
463
818
358
1188
1184
1
1
33
153
229
6
1
493
1
1
301
444
349
2
83
407
30
1320
195
9
19
515
1283
1022
895
6154
468
1159
3182
704
1597
239
114
1195
317
4061
699
55
1
21
672
550
44
3462
190
14
1
639
316
3
23
1
7
3
239
549
1
312
1
361
13
7
1
3
348
132
3201
4967
1393
3327
108
337
333
1
21
1449
586
551
1141
84
9
708
160
1
28
2000
465
657
1
2010
1
489
1
6
2858
14
1
50
19
182
92
545
463
3
3368
128
1
93
323
3208
598
2081
4077
650
171
174
1744
42
63
1177
2497
5
1099
292
135
1
68
263
700
344
1
4
89
19
349
712
455
37
20
370
1
2665
807
4991
320
235
2995
1198
5828
1
238
47
3613
52
1
1334
210
555
119
1498
3
117
478
7136
73
2
360
1
53
32
7
840
1586
4214
477
20
16
833
1114
42
1060
755
602
112
459
1854
103
1001
2684
626
11
1295
35
418
557
319
2717
653
1
317
1272
983
1439
554
138
1356
10
1
401
1174
1294
1118
681
462
1270
445
1485
489
24
743
832
536
473
761
538
1754
864
1377
48
21380
302
1924
466
763
247
56
181
543
891
1193
16
2096
1
1851
783
455
1551
315
1405
5
166
724
1113
588
467
827
1430
185
602
597
1
41
264
546
1109
996
1101
1324
536
399
361
837
1107
420
397
256
677
27
1093
878
564
488
393
511
1929
98
197
540
924
17864
1043
369
1568
15571
8
254
58
2
107
603
422
577
2737
1188
495
1
77
227
120
1
242
582
2971
520
180
3900
140
149
310
546
373
126
3622
7592
311
99
1781
873
836
421
144
87
1882
177
849
911
473
202
1043
135
369
674
660
3091
765
272
855
5
278
1099
1081
556
487
126
182
6509
1646
2
73
148
1018
171
334
25
1286
474
1451
108
1217
458
23
831
1291
242
1
1642
946
197
735
573
818
315
365
1387
435
256
70
88
673
1484
78
371
70
211
18
1161
328
425
1463
1735
610
188
1
81
96
437
1148
377
60
2
1207
34
246
65
434
914
1719
5
1703
5945
6
835
2373
576
119
1030
974
420
1686
800
326
14
314
164
389
908
1232
374
1419
676
3609
180
314
149
533
503
1
4
690
806
969
339
1292
1
558
101
883
1039
1373
34
26
558
2332
168
553
2674
15
859
363
148
108
203
375
232
673
153
835
56
1409
3177
155
108
12
297
298
5
672
930
1578
2075
1600
21
849
273
465
921
668
51
495
2180
179
108
896
858
1968
1986
762
786
406
53
298
651
3259
256
85
1641
549
295
938
512
405
286
1
377
472
510
546
1317
1535
1101
5278
78
277
279
3508
2439
240
1
400
320
58
151
1377
381
492
577
1913
1455
290
227
154
1270
254
672
5086
2452
9
497
35
348
198
1581
686
581
923
1212
46
239
23
1991
281
1298
3430
4863
1416
1411
38
2564
701
445
649
582
5
727
403
2439
811
93
200
248
113
786
311
959
96
1024
49
555
364
80
325
123
1048
407
1012
141
99
61
284
639
481
325
620
641
452
5026
458
494
16
1233
653
14
167
567
624
15935
19
2
99
55
489
4725
1054
6
133
61
3580
1054
584
336
553
1115
202
1303
125
1499
1068
1526
1060
3476
1
557
3546
280
113
37
156
1
158
1
903
594
350
676
287
2457
389
17
245
5226
604
1201
119
1273
1
478
62
387
49
285
795
1037
1547
1810
16
1082
1755
29
2
54
1
2611
264
166
384
2289
62
1638
46
1224
6
5940
269
483
108
13378
1493
1620
539
100
288
83
66
745
2388
545
357
1956
341
528
436
2243
52
135
850
876
72
610
6188
19
74
855
361
3015
17
256
361
367
43
91
1238
427
196
532
691
2469
162
1553
47
899
2107
248
236
99
1
9610
1473
40
481
2321
45
162
1112
3205
10795
2381
180
17
503
2079
1349
207
1276
2
343
261
440
4345
11297
715
1456
772
683
397
13
21
155
5816
248
106
195
1438
902
49
3549
1085
58
710
380
735
809
380
808
1388
3067
512
271
1500
938
7040
608
105
795
372
863
667
837
16
237
1321
368
2218
140
280
2452
351
50
4
81
728
40
1735
3197
378
4156
787
891
17
91
1622
53
815
1121
1635
2908
629
2260
826
1069
25
246
573
123
3166
236
1521
30
168
1
1
1170
1478
1820
1629
399
10820
389
656
515
639
1404
1073
184
49
3500
105
660
271
1175
1088
646
171
20
226
396
178
371
128
1
866
1002
636
838
461
357
772
3
7
27
730
518
398
638
1152
432
812
143
5339
242
385
1839
837
2291
57
45
167
911
15
436
710
2339
935
302
62
1535
632
1
666
417
214
325
875
2139
327
4611
365
2642
5112
1111
2572
260
114
197
15
879
1753
1
803
2340
906
261
188
3161
1
1
30
15
9
378
1
1073
326
165
1460
10
1026
32
556
2476
4127
2585
51
3596
1645
41
746
1313
1493
126
369
595
358
69
4364
171
2589
3122
34
792
52
2577
21
619
673
5
260
521
161
1
1578
170
180
63
392
1769
1337
591
9439
1086
658
22
84
1068
176
374
445
691
408
1250
1423
873
30
12
1
1
230
6
11
17
5
1783
1294
1010
395
614
1734
53
1301
884
1008
227
672
1
509
309
458
504
582
655
389
789
4
2209
118
153
1
177
77
576
664
2315
1434
2
3
10
84
45
52
3
1
116
1666
467
1526
69
8
1127
32
64
89
1574
1694
1709
1
15
939
529
356
127
12
1213
17
173
758
956
48
718
422
1
14
281
65
1056
14
1951
1179
607
16
2252
3105
1761
1561
17
89
730
682
138
104
1857
72
776
249
1053
362
1442
835
105
1758
713
7
3497
4
72
560
1554
74
1
551
3
78
46
421
1
79
1115
1
363
1
1060
1
298
386
1
191
21
2282
24
883
1
375
2
118
3820
654
102
645
3481
1084
380
202
1
1589
536
322
1
1315
1375
361
766
99
110
1539
508
8
418
739
33
144
3
22
59
1126
275
1087
2150
1511
9097
1393
2667
792
186
452
101
22
95
2
851
868
1077
839
320
574
45
81
943
864
1687
21
1213
33
865
1296
438
262
286
356
304
639
2054
43
264
662
17
70
1216
985
1034
116
598
514
1084
2041
67
1107
993
3177
431
6238
95
4
1735
97
455
360
316
2125
490
846
229
247
291
6477
1
1931
1787
1525
239
607
17
2
2585
3
91
908
14
68
7
76
1803
1
358
1204
1962
9
411
2916
89
621
219
1
46
1
542
272
1
618
532
944
1
104
1816
3398
272
147
3893
167
170
130
3
541
1357
1058
70
190
295
556
254
1826
26
7
1651
7208
383
4112
484
974
2387
598
2786
174
2170
18156
1306
346
552
687
12
591
22
658
5899
1577
1365
156
492
103
1586
2001
295
2
435
4201
1834
2221
3189
1726
561
1507
884
3393
1284
1722
665
1149
121
849
5
157
884
453
411
890
797
836
204
480
2502
2746
402
2852
1159
2560
2113
469
327
93
723
319
1196
609
2826
931
1471
2588
36
65
113
32
855
378
1120
597
3507
233
126
34
451
54
1104
298
21
427
329
1
298
1954
1481
342
1227
1054
483
119
303
1543
666
746
424
71
3773
134
2504
80
665
3485
351
1529
262
1295
428
1075
1259
79
2871
57
1356
177
245
2226
374
744
1
4
403
3360
819
615
861
337
666
215
930
51
1
156
1542
1421
1
63
182
2284
77
111
1
34
151
241
48
1
202
1695
1
1
1
231
1454
1116
291
900
1276
1236
592
1216
606
873
933
752
479
85
1396
2889
680
862
658
3179
570
112
853
138
252
68
1486
763
41
1203
4173
294
2365
838
72
338
1097
646
153
166
720
304
10
138
425
157
1424
1
2
36
1
97
2
258
1364
4
21
25
855
1004
699
45
397
2359
1583
95
241
855
273
2906
428
654
1037
26
390
1258
375
39
867
26
1
378
468
1
36
1474
500
1183
864
964
562
1409
678
2637
269
263
9
2182
121
1919
1169
471
9926
445
3281
519
208
110
1031
1546
1962
2532
4754
224
1585
2661
12405
329
600
25
1886
8696
2055
18
2
281
188
6914
18
65
37
146
358
1310
355
583
1
664
1
164
498
522
1344
1
1
757
371
2639
141
43
411
1
1
74
1
470
691
468
269
3963
2234
380
71
294
1512
2132
305
1199
1501
3182
1167
103
206
43
571
1461
120
448
123
727
1093
8
1237
263
170
54
548
691
28
1
638
2834
1
528
17
43
1
138
5
1
1237
3801
1257
7
325
1
388
607
1
1407
262
5369
1108
506
1073
2041
117
317
15
383
31
171
58
5355
6
738
417
81
74
365
9
855
1036
1125
1392
2256
1
67
1372
621
54
1
60
906
104
1250
134
5386
3659
3216
5671
4967
5
10
251
375
119
1
82
177
1
1179
1069
899
6465
339
1808
223
140
341
34
138
324
293
289
166
3
1
242
4090
170
6595
1333
131
190
1848
173
459
79
2
309
602
116
199
421
746
513
2
623
31
1930
174
96
102
644
841
983
209
643
1277
29
5
539
1928
1
30
25
619
1351
327
47
163
753
2652
1189
2643
952
285
139
178
1
1
1
680
4
2
25
584
674
53
723
415
686
941
465
150
81
668
4
911
4278
674
26
552
2012
442
2
781
244
901
11
210
10
260
397
61
1562
1
1163
35
1
535
8
522
1
198
245
24
1
321
598
17
3
16
2777
1223
1232
495
1128
392
336
86
1
319
17
571
1
1
407
748
202
575
102
113
1
2
1
190
881
359
27
10
648
8136
9
109
1
9
40
396
282
82
17
254
1432
177
4
47
348
32
484
1042
27
903
2398
180
266
1
1
108
6
47
1
1
3
238
11145
25
132
21
43
410
5629
32
28
21
87
33
368
34
580
748
197
858
1286
1908
116
21
2013
1
1
656
96
201
968
356
173
4166
591
2663
4073
752
131
102
4539
1
3511
1
315
175
266
1
1
4665
1537
1443
290
523
788
57
223
1686
49
1313
1916
366
1
87
520
33
371
1489
1
1881
2543
528
262
1
33
367
3
2719
98
381
1
290
880
43
1657
329
13
5554
231
1
1048
353
453
3
30
1
1428
13
1269
1
196
1549
1682
59
7
9
1496
107
5889
122
1
321
6
201
538
945
801
156
118
482
414
760
221
4145
1593
2239
324
93
1526
518
1614
121
675
1860
178
794
3724
139
569
106
3899
1771
942
4267
1811
1075
83
1011
799
5566
1038
2635
874
458
614
1340
2177
90
106
2
1621
52
2061
690
200
338
31
4474
1527
495
447
1
236
81
400
3010
1124
975
1797
1120
1
1668
456
951
1571
1574
447
4213
232
3655
3351
477
428
37
629
1
1714
283
1
477
656
161
35
86
61
22
320
686
631
123
45
441
552
855
161
5560
1097
4870
870
1640
300
160
801
1
2063
403
2412
516
84
2989
139
727
1
1670
60
1649
649
2047
626
1250
133
996
705
405
355
980
1666
49
197
962
1086
185
200
52
374
2335
136
3461
1197
933
2037
1143
42
30
5436
10719
386
3039
510
1644
43
493
2560
802
324
276
1511
13
126
235
733
89
2764
144
1217
327
218
78
1539
32
447
249
437
996
409
259
571
2846
712
1783
145
1669
522
1514
44
1
208
859
1050
113
278
102
75
976
6008
15
596
333
432
1238
3761
727
675
1605
334
1435
266
2254
1518
589
432
1653
333
2710
301
357
361
1297
107
1723
487
18
289
2400
1693
3062
591
3547
1206
734
291
591
3781
371
39
278
1970
432
873
1122
1234
2592
6
2232
14
109
4799
1
867
358
703
3233
535
132
54
305
614
21
3215
2053
76
161
4039
617
647
1729
428
25
1434
188
684
478
3
5
15
159
1212
318
23
62
85
135
2101
1
333
288
580
300
63
1044
36
1377
123
1646
242
358
880
6844
2289
15541
7
6
1
492
698
178
378
382
993
424
657
347
791
263
959
1468
515
1959
461
368
1594
321
63
1464
946
75
198
425
15
157
37
1198
860
535
552
1
113
2
77
78
1409
1344
143
1082
906
1034
489
453
492
827
4604
607
1142
428
294
113
29
1094
96
29
415
13
204
5564
1169
79
83
82
921
1481
147
81
312
424
154
77
616
3374
870
670
1577
2443
234
118
256
8226
395
1
1
183
60
576
2391
591
1229
240
595
24
284
646
431
2127
3042
1646
596
21
27
2321
265
794
497
257
156
336
43
530
185
1033
1140
1251
509
9
2977
3770
192
160
161
151
928
522
311
1164
207
1515
3432
246
5153
212
770
1024
272
217
912
126
561
196
324
1434
18
940
1012
1
1480
1
136
6
287
62
3746
1429
1366
689
4
1612
2237
409
341
35
47
2294
261
299
32
535
1835
107
271
66
242
1180
25
439
65
10
7
109
700
787
49
975
250
717
133
16
117
7
354
133
454
418
478
342
2167
1010
986
207
264
109
237
920
84
340
32
1665
45
319
352
384
843
336
58
1803
559
1323
717
1011
72
853
1366
402
196
315
1064
1277
476
4063
617
1
196
2062
297
494
2935
152
59
497
1631
1139
2
24747
393
244
762
243
3030
732
1337
1499
180
1610
1099
294
2118
1078
773
328
272
2408
263
90
530
1551
403
3779
609
766
453
186
1145
10
1
77
89
2708
48
295
399
235
887
423
352
278
2
437
1054
551
335
84
73
79
2235
7
905
7643
560
308
1
218
80
297
1649
2487
177
556
642
212
459
102
926
1140
464
486
750
573
367
4699
971
445
541
321
2126
313
2
414
150
472
54
2001
873
1
310
3401
869
2
1
1796
469
8
984
8493
5
99
952
554
199
2760
687
246
1
18
5
136
3
1216
4
662
1374
472
1317
994
63
2135
861
130
13
614
422
586
2060
504
561
91
822
153
1068
2090
542
570
94
1719
8232
165
1906
1250
615
1144
246
554
40
4
906
1959
289
414
1
441
1
1334
1
743
484
1
907
326
923
1
69
230
446
1
1476
292
124
45
8
689
348
255
249
74
1
1776
909
988
82
751
21095
545
422
558
2351
57
4001
452
2865
32
1552
1583
107
200
2552
93
1918
315
162
1508
6
1296
409
1
250
50
1259
20
383
18
489
719
1658
41
5
1099
59
1102
18
4
81
83
393
306
4993
400
16
672
293
104
327
23
502
441
25
1
149
21
2846
2253
2138
2292
2197
1
84
656
1
196
1640
3
566
1293
2
116
1106
459
1028
2427
1575
329
2910
1121
6499
100
1
105
1
3
346
184
1177
1050
10
445
595
2104
1581
543
962
123
181
225
1214
14
223
45
335
158
1266
279
11
684
1062
436
66
16
313
508
242
315
365
1180
668
379
635
276
2408
228
179
670
533
1029
1106
1852
4146
188
1900
557
2207
70
7855
807
719
133
289
90
351
3043
4221
645
1848
805
2274
1294
2333
486
31
419
311
359
1164
20
3
2313
161
1356
81
15
464
1
1630
5135
18639
7
932
1057
58
403
1572
427
1110
2
350
324
780
2912
756
4570
3034
3032
1716
60
349
1681
93
692
797
4433
499
1
126
2907
273
66
593
427
287
1086
1923
24
2
1803
1723
48
103
259
131
625
1493
1895
694
332
1145
61
1577
1017
1105
769
481
101
440
901
467
28
1077
4065
604
509
953
503
670
101
766
590
2295
255
325
238
308
843
118
652
40
1998
1082
301
3938
615
200
2207
701
523
342
6072
596
73
828
2
166
10
1
193
1499
1311
878
222
568
412
2889
477
557
204
1713
2120
8
357
4023
2327
315
463
1693
835
3
80
1315
335
802
219
192
482
957
1508
556
830
962
479
1030
3780
349
2795
142
67
947
56
527
2
2941
2824
1833
290
690
872
529
3133
613
8
863
714
742
1148
344
502
767
629
686
288
242
1346
437
4
1435
325
1593
480
289
77
503
276
100
398
311
546
268
430
477
397
1336
364
247
388
2630
361
1440
329
1384
764
400
2920
233
928
3401
1
438
463
83
24
333
152
1003
1313
872
1734
2059
3341
5
578
1
1
667
2067
252
1
1192
18
55
469
79
1232
1083
10
104
1576
1
84
500
316
414
326
481
1537
1478
570
4111
1223
377
1953
1069
2879
350
1594
1225
295
1867
6
684
3719
1915
90
325
1472
399
1441
1808
718
1064
36
2923
441
442
1780
1585
337
10
1562
69
255
435
4236
1
265
2494
447
7
228
4
155
19
1
1
1
564
2490
1
339
509
2876
60
901
79
29
333
1208
1738
5008
4
2859
867
689
20
81
1
33
153
1920
523
895
1190
856
134
2006
437
1556
282
2
2016
1310
17
486
2949
1461
130
670
146
4772
78
117
1
230
25
4238
308
3
115
14
404
143
473
595
393
17
51
12
433
1
34
311
625
340
1890
14
33
5
16
779
14
440
377
22
2729
154
327
398
852
145
783
293
735
1
1989
46
879
1003
161
225
153
1144
490
37
41
487
1
47
41
1021
218
1
2643
1431
789
594
643
479
1000
1872
224
244
2213
73
515
19
905
10
1248
13656
13
2072
1
3003
1
1147
147
2228
231
56
179
37
196
905
197
392
427
1080
505
270
1034
876
915
1828
2208
548
731
6161
616
1
168
18
66
906
47
8
143
33
172
281
1
1
421
121
2
1
85
570
15
1739
530
896
65
4174
747
38
594
1192
2956
548
1439
237
56
2104
2549
11291
480
505
850
1931
159
2654
400
554
2369
167
713
499
1445
119
2936
1
1204
1
577
604
1
1027
105
7547
1518
122
1324
531
39
605
120
2
166
156
23
34
258
247
359
34
288
1656
101
189
636
303
469
387
993
5
272
643
758
20
1
10
300
13
2295
1770
172
96
26
2939
1844
394
248
1026
4671
2153
710
1509
58
259
45
450
173
1571
321
1625
314
1474
3
9
4
332
330
41
7
464
849
175
2
145
471
166
803
990
110
1363
2661
310
99
247
1261
777
16
270
3484
776
989
109
1965
448
297
291
497
556
360
16
66
2
239
1496
106
56
175
114
2296
158
5765
606
679
203
663
808
1234
1102
125
999
1433
2
333
13
422
1321
125
488
71
128
278
1
1
296
141
1649
58
535
90
493
379
136
403
96
196
673
1352
293
280
1
38
12
1582
22
871
1161
780
2063
409
799
1
1076
2
112
268
639
758
836
196
368
408
328
1549
326
306
86
323
173
693
1003
1102
867
579
154
548
989
537
1
1278
193
682
817
1819
113
329
1293
1425
974
527
903
564
52
257
1785
1459
31
399
313
1280
5467
328
356
194
37
367
630
543
467
58
13
1
11
70
527
1
8
32
53
1321
723
666
1829
2108
372
174
2712
402
192
166
27
53
48
1150
607
1355
1776
44
911
592
971
881
576
382
764
36
1
272
1892
16
1739
1984
643
97
2470
20
66
95
24
425
2414
1092
320
165
823
983
1050
1463
960
940
1190
912
502
1313
487
159
227
305
443
501
699
1711
137
462
304
124
634
503
338
656
599
24
1159
325
40
532
2060
826
1
21
1
3066
295
318
1
423
135
1658
471
1218
641
1118
1256
348
155
1639
124
57
360
1952
3674
843
586
58
508
1179
1529
1479
2067
706
90
1491
49
1277
875
439
555
765
368
142
61
1431
2010
1006
734
43
569
380
3467
15
305
33
1451
1119
687
173
44
1572
4213
1760
279
411
564
454
1
492
769
1141
48
249
1484
1640
276
947
17
259
3
759
135
295
1000
17
2397
3118
953
189
7
351
1
157
489
168
574
931
939
839
295
1016
62
465
1828
489
170
92
1
18
1
429
1100
679
65
74
372
110
547
148
208
841
287
310
377
504
331
1
377
88
1000
102
6
1774
365
958
17
19
377
2430
1100
144
19
1284
406
59
1302
96
2
308
290
431
804
164
2149
544
252
889
8830
262
1
279
358
90
424
371
336
79
315
2947
71
475
174
337
427
1543
81
4244
26
898
1081
1120
1191
329
4875
977
828
948
1233
16
456
497
202
4917
16
21
511
11
55
497
196
1069
535
92
49
329
828
1207
283
151
1212
472
176
809
25
44
293
23
2
377
532
3788
1178
26
88
309
532
1184
1091
21
134
1
1
10
1
127
838
4
2721
131
1501
88
812
512
202
956
220
577
277
386
136
30
2182
654
437
65
2297
2966
237
9246
445
2148
232
100
432
991
162
1351
1241
1386
1346
1343
675
915
74
1693
8345
5338
1976
525
130
2281
1267
38
1242
2144
434
84
5104
297
344
356
158
203
9
487
289
324
359
740
16
230
737
378
549
905
8
108
4739
2699
44
906
1867
215
764
2177
42
2683
1247
1136
1209
23
367
1546
462
5
1159
75
654
985
726
774
1291
238
3046
78
876
686
519
48
310
189
1027
522
272
367
20
504
717
59
150
1
9
1703
902
89
1122
236
1066
717
235
439
4
129
1025
604
2239
227
6
162
1253
70
98
658
3033
3406
512
990
248
1762
1726
221
424
675
897
62
670
1079
2664
485
437
320
975
1
335
445
1962
82
3636
195
1530
79
606
295
32081
3
1035
74
1827
181
414
996
993
826
107
756
109
2
104
217
1
1
13
75
66
1028
617
353
16
3614
436
26
1269
9
18
59
382
1201
119
131
40
11
74
26
76
178
15
129
291
10
1
900
1649
991
140
3333
16
1061
283
3984
126
308
759
1824
59
409
511
7
537
149
299
1122
391
1444
86
1424
2
2021
7
8260
1825
21
88
1
520
1
278
41
41
822
317
3
54
260
4
2
1
155
441
1678
645
3479
82
1022
492
5300
272
90
1260
1977
160
26
61
644
151
1
31
1
8
4
541
43
248
1
1836
1
42
900
363
315
2
519
34
1501
181
472
369
190
618
1187
697
394
2917
265
236
1233
1
283
520
647
807
637
1752
1282
1
1624
226
861
1685
75
1133
10
39
374
49
302
277
322
467
3015
1062
280
383
371
534
520
7
83
153
467
2048
129
1289
63
3896
542
434
457
666
339
1
75
38
331
2
1
364
2105
1142
249
247
28
1
360
63
515
1
21
250
240
1
41
2156
2047
973
31
23
708
2392
334
28
730
12
376
163
383
1895
1086
371
860
2228
286
769
2126
1
1
3452
1626
308
820
201
179
1227
723
17
24639
284
746
330
1474
556
1231
14
450
731
205
334
4
3
197
131
1701
187
52
1
3256
309
1
274
19
8
220
1464
843
6
152
397
584
1
2
125
9
2181
346
311
1
19
25
4
3317
5437
371
2527
1
2344
266
1143
63
1
51
1048
215
336
222
508
2
833
109
1058
1
305
704
274
1899
43
9
603
116
75
583
996
1318
1043
21
31
14
501
198
1
17
797
695
485
33
99
999
241
1355
956
1
467
562
1
2
233
45
498
1
254
435
73
2396
216
259
2685
310
1197
68
1345
2069
300
2415
1100
513
99
135
9
552
18
823
1205
101
62
1
120
90
592
250
307
16
322
37
280
85
112
418
4
557
1738
595
2079
2190
1974
575
1
162
3
17
80
44
543
777
85
1831
173
1034
1339
2
302
386
4001
1
5548
4746
6070
1220
1691
1299
23
342
101
1
26
639
534
1149
3
142
1270
308
11
2499
535
952
1291
1
595
19
176
274
59
51
554
338
130
216
3057
97
513
13
133
16
1844
461
1309
83
44
7
75
286
283
1099
1733
986
424
70
3125
229
930
372
396
211
56
48
1288
4237
1429
54
145
242
1
1387
2293
40
676
102
2
66
45
56
963
1969
180
987
418
424
319
3178
317
89
379
938
43
1436
59
814
38
529
3853
351
1033
813
131
577
563
558
712
26
149
518
960
187
1600
823
545
1
221
1
1679
1001
51
119
3554
794
4464
288
1083
934
800
335
1044
493
240
1098
1103
412
1369
384
373
3521
465
3030
298
948
1
48
242
397
343
56
3
621
1183
298
1
925
620
3146
99
427
1692
673
933
466
1832
983
291
554
1065
2
616
280
309
2412
548
888
2013
75
7
1384
347
341
774
528
2518
88
917
695
382
294
374
53
1184
66
73
646
814
562
400
262
353
497
1
864
467
1085
1380
53
58
355
320
469
177
860
169
437
1076
836
835
313
18
1402
829
1149
1169
668
818
180
1540
13
18
1069
1080
263
1373
80
4
137
885
57
317
1073
436
810
5
231
2124
994
3390
404
331
649
280
1826
2605
126
562
1
2100
3092
105
1416
3051
1588
695
1385
1423
103
2016
2204
696
2614
223
1931
61
3907
1237
824
404
6
968
496
640
5
177
1012
97
508
89
910
164
6249
1017
1220
2786
720
5612
548
2450
1726
1807
3483
1057
2345
59
550
716
4276
5904
3276
656
1142
2781
955
804
3330
3571
89
303
34
1846
347
2320
2018
6610
521
54
3087
1310
1098
1395
47
89
20
65
94
12548
21
4235
43
1168
1272
608
11043
1387
1727
1172
661
208
1934
24
607
1
12404
7331
248
2103
86
76
19
2
342
546
572
370
1
681
677
476
171
4
1
1106
6164
57
306
475
5
21
1679
516
764
94
387
1847
796
184
1
167
20
16
735
1
202
2694
303
59
11
546
1102
41
554
2
1
37
23
391
371
235
1
2
2061
410
333
2563
2
541
120
2474
1319
784
5
277
244
671
615
441
1531
668
2245
694
323
83
25
111
33
78
289
327
241
9
16
3
23
621
41
4921
527
336
66
420
421
12
849
2
24
79
3
603
89
56
119
245
24
119
1
133
87
17
862
124
1
574
929
833
2916
1363
1205
564
3275
1774
1791
4642
1376
114
444
4518
1161
2864
2642
750
1812
1517
419
1050
23
162
955
2254
549
90
2083
2237
2038
291
925
3644
1180
887
1756
5572
1364
96
178
970
1
621
6
1153
1047
4519
180
228
21
140
386
1193
413
236
591
487
1191
1476
3024
548
12
136
498
1
6
637
3039
1560
22
2
1
1
94
24
2044
2378
1356
2285
457
2197
1272
2811
140
3470
29
238
8
698
15
826
957
2146
4070
20
689
72
3046
1785
270
21
55
3220
839
13
2
966
25
1523
19
487
884
597
730
1478
2066
585
4036
284
1
1
156
237
161
1
8
143
2
107
793
8
218
124
304
4
1
169
1300
2
615
411
754
312
207
769
306
2
104
77
3581
1
1
2236
116
229
285
1
29
198
1
504
4
1
544
147
1
961
491
214
349
1
98
571
281
458
252
18
1
272
51
488
402
353
1111
13728
1880
1414
3242
1392
490
1145
798
105
510
9607
493
485
24
301
147
121
1
4646
197
4419
843
3424
362
302
23
203
453
1083
1483
940
15
3019
2788
3
9124
1
238
183
264
26
1052
1252
161
238
1
974
1
15
184
512
859
76
1322
1
447
6
22
2061
520
134
3277
1674
21
162
391
2853
88
8974
445
2416
107
1318
121
15
1
535
577
380
1956
1256
554
3444
1608
576
839
931
73
153
2227
1083
727
1
2961
168
229
52
69
420
30
176
313
46
5
28
1
268
254
19
1016
44938
154
477
46
2
441
129
15
167
6
443
19
327
1
194
238
2078
515
539
1145
970
68
1981
74
153
1
895
570
677
37
5
407
51
5
988
6
2004
1580
1837
11
104
348
669
1188
420
4188
1727
4231
964
4
5141
134
416
1578
787
140
164
9
19
690
347
314
1009
3
522
1033
153
119
1
188
313
1
102
1693
478
388
477
6
50
191
1240
123
6
1579
2
173
439
4
4669
1134
3255
341
59
101
44
1004
1
732
226
3598
1630
552
631
52
745
28
1031
1611
299
28
928
16
493
4
3331
30
2292
395
307
5
1
857
580
276
350
1937
8350
1
31
1
1
31
534
4
126
1
54
579
2639
587
2368
106
776
425
75
238
433
2034
378
1
381
672
111111
3
542
92
1266
487
34
359
293
1254
328
575
36
342
1791
28405
1182
103
1583
525
1085
2102
346
1515
1099
625
1
1876
1607
2240
522
1087
369
159
1
5
16
1
7
1
467
55
336
366
352
146
48
2
1
1
324
330
1775
3
2330
574
383
403
371
1923
31
89
294
1418
666
388
553
595
1
448
1888
311
914
1
26
113
482
3997
122
314
139
1
14
1
24
2850
60
1048
1
57
11
651
656
4437
427
26
11
1
30
33
681
1993
1111
130
1
37
5
2699
3124
471
29
562
262
5
236
276
2882
1088
641
132
46
1214
3750
41
2214
90
328
411
2195
452
194
208
360
247
291
682
1782
165
41
383
54
726
530
2668
452
1067
95
183
15
356
516
1788
14
238
524
117
579
1
1
999
1
526
1
1
238
85
8
262
853
151
138
3055
899
685
354
276
955
9
312
314
979
1813
441
269
161
382
28
1
233
1002
782
853
22
1
497
431
347
287
206
414
2530
2252
348
2573
1630
1323
67
5
123
1039
919
892
10848
82
3332
404
29
182
2152
1
350
264
676
3170
4039
389
1
27
41
329
1358
471
53
59
17
205
1495
40
4230
39
1
947
16631
204
394
10
317
64
2565
738
10432
667
1213
465
662
493
73
77
1
88
920
1
1
1
9
2356
2741
322
149
227
157
4
1
48
1
70
137
12
105
2113
280
5
865
2405
1002
352
1594
194
1868
408
2581
305
29
183
65
104
14
1856
3
1
1
30
98
77
364
25
34
613
3181
1311
12
2252
1211
1013
212
658
65
71
23
80
24
10
328
98
109
17
5334
285
1
762
4
5
499
5
930
566
1531
145
38
115
1015
63
1
292
689
290
60
7093
293
967
756
56
110
3831
10
34
1
66
506
35
18
13
136
242
22
351
1000
266
30
146
610
19684
467
244
54
832
2100
1538
1159
1836
1100
1538
469
21
704
49
713
53
7
655
546
58
5739
793
668
72
128
287
1
18
32
571
4989
112
401
696
470
155
2
222
1
895
982
233
246
44
702
284
1
828
10
297
1
18
44
9
1245
278
481
768
483
629
31
1
234
16
415
110
1
462
655
148
169
15386
25
1084
2732
29
284
8388
505
259
1519
2018
1
20
84
854
62
666
50
233
654
322
13
2422
660
1794
20
1000
3227
260
40
670
229
3624
1
66
423
178
2528
307
89
224
241
61
115
2
1
78
1059
55
245
1
281
101
1
15
568
1
6
248
148
137
553
18
35
344
56
196
238
9
10
398
3
247
302
77
536
353
61
358
1
78
1
246
1346
123
3030
161
28
391
649
1994
256
856
17
167
291
236
130
921
96
29
39
146
111
9
1
1
263
1237
555
96
58
2130
59
37
4752
663
169
1
371
1
622
1
235
1326
89
299
1
109
143
47
8
4450
951
14
533
624
813
236
9
2866
36
17
129
17
2695
1285
1423
10
2299
1
1260
675
30
204
324
12
95
319
1
1
221
355
8901
335
345
775
444
627
10
1
18
62
19
185
2494
441
4689
1
1076
84
202
40
5
11
1
55
1382
2563
4
1117
1613
2168
302
1655
1597
2719
347
584
435
2051
319
181
46
187
105
1745
29
1780
1054
516
20
133
787
423
2483
337
1660
420
898
1
37
129
1
117
1
1694
284
293
37
1259
3390
405
1474
423
1
109
29
1322
1
6928
1567
436
50
1934
805
1
1
532
17
252
785
1378
792
1208
495
334
659
465
2188
1
313
776
8542
3358
362
632
186
136
98
24
2183
15
1
403
3153
47
60
58
3
132
2
414
291
1
3396
1
1
20
68
391
262
468
1389
1526
15
73
30
2524
288
144
12
106
12
1325
1
194
7
6
3357
4144
183
249
5
2910
2554
1265
794
327
153
14
232
82
60
124
2346
115
336
1
372
85
217
516
899
325
666
5
135
2598
18
78
149
1
1
1
285
3002
5
284
1
13
6672
693
27
449
1007
4985
23
4296
25
128
342
385
40
313
31
109
2
3055
3215
359
72
1
1
1
238
69
233
97
555
1
9
728
41
366
1
1113
191
33
162
357
1
869
51
55
1118
795
5307
757
165
198
186
521
1
75
211
97
509
677
2972
1549
1294
959
1
169
2370
8200
1450
2070
1324
62
36
1111
159
478
4193
1
70
868
409
113
7
303
232
37
1
2110
310
546
137
1590
1478
62
731
596
772
591
196
98
284
1635
14
3
316
1
972
213
6
680
107
1222
70
82
1
432
840
409
20
4
20
447
3
2
1
62
8
27
270
113
47
1
619
1
1
685
5336
2
77
988
3502
95
130
219
520
41
7
738
1
1
290
1
1920
106
7963
86
1
2
1
499
619
117
78
377
427
59
330
24
313
973
4168
159
1112
132
1222
521
554
8
152
1
818
25
269
11
738
16
27
11
2759
940
298
159
634
438
742
144
1093
1487
56
1982
21
1476
1
673
53
95
244
511
1
26
1202
535
87
467
574
246
1
1193
257
565
293
4
23
748
595
10
2323
2181
64
63
648
3676
305
109
290
3127
86
105
1230
25
46
521
1077
423
7
567
1288
701
197
1428
1203
1265
1390
158
207
891
1663
288
729
143
523
301
1645
217
692
1092
1
11
23
152
56
1
44
40
903
2
60
274
1
93
3
427
10
6
308
370
2459
3134
833
132
354
1
21
42
1561
858
1954
383
1
1
275
1234
276
297
98
733
2280
64
1
241
1149
89
68
33
361
207
1
13
2
322
1
146
1
988
55
38
200
247
2076
2568
259
59
52
51
463
57
870
561
515
34
62
47
24
701
70
15
9
253
2847
1345
90
2169
17
84
1100
316
28
1
195
869
280
101
39
108
135
113
612
64
1078
26
2
1783
1388
1338
1474
1895
188
421
347
1731
37
79
1634
1027
494
1
497
2
190
127
1
607
540
302
966
76
81
540
2268
60
2109
6343
406
6806
723
149
83
390
762
286
1318
29
4
14
101
476
841
1505
71
163
643
679
663
399
163
1537
3111
1827
922
843
3656
259
171
24
3156
567
163
571
565
55
1124
937
58
2243
424
17
870
829
152
2579
1442
215
162
249
832
266
2125
505
930
1
532
564
596
1181
1305
525
1099
1893
83
1762
3150
1121
3066
16
701
40
24
1244
2862
376
1425
5638
9312
1706
736
623
941
704
10
187
804
132
968
1120
532
12186
180
122
236
410
2262
1451
1399
1196
38
287
1472
2
2239
161
379
118
47
539
785
482
1292
75
29
251
945
1
947
1459
1240
626
233
740
2
877
775
641
1
1234
668
4314
500
161
661
544
1271
1
308
168
32
3
1
91
82
30
1243
86
6213
183
1078
1885
729
905
376
435
297
282
818
6511
2236
98
222
1014
2
1082
42
370
461
443
2214
404
263
509
82
547
247
8893
98
142
311
492
45
423
178
413
3
200
1
59
131
4839
2426
1607
499
688
585
1250
254
926
446
4965
243
1
3387
2969
1768
211
101
86
225
54
2
481
2722
2232
69
547
288
22757
539
1542
777
62
1129
701
207
336
831
139
30
10
1120
768
745
120
543
293
1793
2318
752
3294
337
232
429
1501
227
78
416
368
706
841
408
1057
1
1468
826
2614
32
1047
961
752
96
15
394
2476
5322
1180
3758
23
19
99
1031
401
1
11
1034
360
153
660
332
2200
4
1505
1279
5295
1038
1
148
572
1061
802
6
1014
1259
1021
9
758
80
854
423
236
337
970
375
5
203
388
349
226
544
573
466
487
1219
6
2554
230
2402
1061
390
974
90
504
130
1066
657
153
2444
8700
11420
33
188
3605
2910
723
3295
3217
29
634
12594
2267
776
1968
2426
607
1733
432
617
1609
13533
1078
1528
2788
80
328
368
8166
2785
892
37
384
904
74
865
3
860
917
907
19
3300
939
311
116
518
7670
1299
809
2209
2560
135
259
1078
157
463
3381
289
148
98
1864
216
115
34
95
325
330
209
142
1156
213
1553
423
133
709
86
549
5771
333
623
529
1048
423
635
268
529
315
21
144
2706
779
924
2
262
8
69
397
474
526
667
430
607
291
302
680
188
335
1157
509
15
300
5
602
376
1732
865
55
253
334
404
15
692
331
754
391
1106
109
1175
4100
511
247
1005
1073
10
399
2972
5869
931
1426
5
137
629
135
378
651
