243
395
4027
1025
1648
544
1
618
1180
888
4933
238
4283
591
12
10
6168
249
15905
18788
14542
44
3815
3
1050
1629
603
1367
2115
4382
926
248
207
68
8536
648
2612
5644
4348
5641
8053
474
3
11794
2093
758
8472
5503
57
503
713
2340
10
48
1573
13287
6
10
4755
249
1174
1517
8088
2084
591
750
735
4387
4
1288
4933
16
5594
26
202
54
81
4137
278
8738
571
8332
2566
35938
10080
1679
6270
26615
4535
12
14
1670
14654
1250
8913
243
15236
21722
5106
826
7261
3048
2156
9446
32938
3791
34
365
2022
2363
32220
13730
28165
40449
3566
959
30
138
3844
463
575
49
2590
744
2622
531
10607
3734
1
2967
22
13584
1893
14686
1905
5106
5413
3862
1583
39570
974
4006
3560
1904
1933
2415
1
33
6036
1101
5936
4087
24
1070
15232
3375
1305
719
178
763
606
3141
11390
15493
713
419
177
7342
21193
15300
8928
5748
2357
21045
24020
9353
3893
547
2067
40812
5353
566
2847
1087
195
7742
157
10814
24
11114
18818
5944
2774
1600
9573
7678
52
3831
18110
49159
15623
477
2707
15
221
946
177
108
11595
687
475
6236
3306
11716
1342
5339
1295
11190
1478
5904
3715
81
23283
16421
14113
120
9676
16
4438
18
930
4392
29
12935
2
621
13009
628
104
12277
3080
1875
3298
3067
3849
2755
1788
368
1795
431
2
642
4141
11585
4354
32771
2819
203
14181
9342
2207
159
1280
6435
267
19117
2782
10546
8408
4824
7373
2206
4786
373
6150
431
20307
81
231
33955
4837
8608
1211
1115
6294
171
32724
4033
2525
2047
53779
3386
3765
5
4611
14483
12066
132
3735
3912
8454
1218
721
256
4611
673
322
4636
1200
386
392
11607
2326
15082
113
1737
5000
910
1210
5828
16304
18445
6122
21897
12744
25637
10177
4607
94
22169
50382
6909
51
12647
4172
6
7741
31386
1655
3577
14884
36560
20538
12
8788
39642
34607
37220
58243
29462
2088
3197
18425
21
77008
4906
27321
141352
2291
3121
15133
13561
4630
15655
16597
90510
2221
8019
122350
7995
14586
67122
240
92522
4820
2721
31876
24597
4456
103616
105974
135
5725
1258
47055
19286
5202
51327
139
43583
10672
28280
48635
39275
5145
3
3907
38573
876
35081
26481
29099
7936
395
1699
13325
320
245
106
5
649
238
16627
253
4667
18839
46940
63265
1138
7024
4855
19800
821
1057
10745
10351
346
495
13654
3588
5171
2472
295
148
3533
1877
1135
2064
145
63
632
4541
49605
71
1037
33236
1
9504
1142
2
12699
289
3038
8809
37
23725
1352
33251
20
2296
317
22972
1040
1610
578
10092
444
14662
134
366
2496
14402
76
1565
11417
2825
1
3070
896
541
39
9
2582
19118
55
14804
75
6176
4043
10409
3237
1073
13971
60
1119
6872
28368
10992
40184
8825
3249
35776
9056
18353
115
2057
830
2899
3257
4556
283
18316
6428
33637
4792
23433
19756
744
1374
6788
1346
21591
26283
4411
15918
28929
15511
573
8281
21296
10902
5950
13175
13941
21850
7766
1198
17664
21794
1387
1078
19631
20812
1436
9406
3966
21
3099
54
2630
47408
14048
10712
5569
9864
3624
9795
960
4179
6407
597
90
420
3538
9948
106
3442
6779
6043
851
623
225
8343
673
9336
2161
31053
8606
42
3744
1113
6576
10043
2647
277
10532
13698
6851
223
451
1117
9032
6103
20625
13302
172
10705
2658
815
244
12093
35740
19
611
2941
6475
106
235
12933
4236
259
1878
28384
23
4018
2407
2080
11146
6954
1084
19981
1005
4674
1658
5228
11850
3156
151
617
229
6186
40556
1774
2
15233
133
12339
4048
1858
6676
1116
4711
4402
37726
6248
6098
3380
12005
10016
16346
23802
2384
1
25842
15327
6348
6218
4615
19
1370
17226
898
10208
8366
27264
12074
6162
12148
4704
9564
259
4013
7259
12430
3455
3132
10614
123
8155
2330
6390
45300
10640
6228
7
4754
9595
8376
6452
9503
108
19982
16589
1181
11890
19178
29588
18847
12223
12761
1403
6403
1555
2566
9052
3278
1664
32
2728
5647
4194
3397
1514
34
28603
281
1689
3183
4186
4537
740
322
5292
5118
4935
164
14154
2021
2703
34827
10713
6717
51423
14093
24635
1213
12548
253
10992
66894
13553
34510
678
3142
638
3637
8901
29488
5360
2380
32482
477
2656
7287
6741
23720
2619
1601
3411
321
591
4741
173
448
1375
342
280
4915
153
2447
715
3434
250
2223
2503
482
657
17
629
1340
2608
195
8
1640
412
997
508
7465
1323
219
2976
38
2694
26211
697
2237
326
327
78
1310
10829
20145
8
3848
1638
613
42
24
2173
29507
103
221
362
541
944
559
532
1435
355
266
131
463
4979
8233
7252
13441
19914
4357
3524
13001
7041
1746
34
1509
11948
136
11601
2233
9110
443
2071
8376
5406
2324
942
4408
79
3981
397
336
361
3284
313
4045
48789
31
10948
146
23
502
35181
1703
22206
11561
13108
10594
10749
103
425
23963
17927
3
34308
3284
1163
957
626
93711
4735
69
13
738
217
6329
58
1239
905
2636
554
633
2543
11180
992
488
1457
362
810
188
916
231
9109
14750
6220
12
25
1100
1063
199
1990
2541
5448
20553
59655
1870
445
5168
129
592
1350
2256
992
13301
1004
4782
1210
844
7221
5702
280
1
467
12
324
3658
2250
1412
514
816
1352
574
2168
1676
1180
211
265
35
1729
11711
6691
10006
13568
46517
394
279
4240
224
760
2716
2064
1693
1057
1091
2285
72
4280
6315
37821
29488
7214
1073
6966
6013
7126
6787
27019
67694
756
762
4011
317
218
4043
52
867
2798
56421
2333
10668
1669
27439
11375
1701
1406
136
1813
7309
31
1
7759
41
267
105
2159
45811
456
3812
15142
2033
6233
12928
1857
1159
1335
8679
13281
7648
118
195
12106
21659
3498
24968
17048
141
926
7468
235
2714
2948
1978
1090
10000
9107
14808
8205
2
1058
7262
25239
3078
2153
3003
11104
6493
33876
20850
7988
37
5764
2208
210
127
1258
521
6833
9865
22637
4151
21321
59
9382
128
2838
1725
15139
2242
37169
5536
48
2645
1082
21487
20
17078
7605
5576
44449
37
16662
9150
741
64
406
1
818
779
14450
2282
95
598
2199
5537
456
905
1411
959
350
4453
34124
118
63085
2040
143
374
911
32
16
186
84632
3601
144
9434
159
505
346
613
17675
58
11936
7842
954
541
1665
461
1782
116
21
370
49
3401
2009
827
153
484
31824
1879
6678
3081
194
798
1908
390
117
927
16925
977
7197
3418
240
17206
507
1878
2910
3609
495
1270
499
492
565
1379
418
13408
77561
788
25
220
16
20351
7481
6211
3775
468
2990
8599
37
783
174
5379
54
20442
2163
300
1018
1706
2251
1859
496
142
1433
197
1881
1265
104
347
324
24642
8296
1184
10439
1139
29132
37
4800
503
1299
133
149
2081
226
267
367
412
55
4055
73
14272
5014
1801
7027
21
4430
583
8149
298
4244
1254
84
369
678
515
225
332
1999
967
266
17979
225
19955
232
665
1430
1787
508
193
416
1220
10657
4081
2431
5
7001
12186
20407
737
113
7562
11085
3936
2
7631
7725
2617
1367
19904
5
11173
5815
1951
537
9
35905
18334
10645
7
978
46
4776
96
21823
2280
1322
968
1728
8979
30969
815
20229
6032
5144
34203
3830
4356
11433
6087
11985
1906
26886
96
4180
1024
6746
489
6351
223
1971
1133
759
3216
36299
623
23
33348
1418
672
10990
2713
74
29978
8284
1666
5241
3862
1603
4728
4831
21502
1423
44
3502
22260
3590
1599
12205
9873
24123
6
2963
4587
9
952
7648
16078
7961
2383
1
4837
35654
1962
148
1470
56
1700
9672
5320
893
489
7582
13
5235
569
388
1736
723
66
54378
29590
2621
1753
3945
43973
2504
68
17194
3
15298
233
467
1350
8329
2860
27169
2482
752
1193
257
4347
1091
194
4939
1531
4411
8288
160
3638
5547
6082
6221
28
334
1092
23
3697
7755
10231
10446
627
3038
2139
1492
7780
1
16303
1638
7216
730
12734
10
219
155793
109
2966
6749
104
87
1035
843
48
1256
16618
24870
6397
7409
48
762
20298
13034
5240
2
1100
362
13906
4876
3465
2515
25
5371
9510
25049
16938
506
7015
2855
10460
748
165
32352
5592
3393
1
1220
23384
1658
5
6697
4143
771
13325
1814
8716
4780
380
1986
1436
26069
4990
5177
993
369
6911
2596
51575
1286
2509
1235
9448
34
7930
8932
33703
16255
466
9046
52
2521
51058
285
6330
61
5615
3491
989
1
4427
3508
2294
2022
2295
4100
2
70
11616
25080
3
914
28240
85
33372
7338
7299
5094
146
1429
6488
22771
65
5
211
12982
3939
21
87
2
35988
26772
3
4
15278
13234
10460
17508
23653
10043
26182
20491
12881
11327
13409
8545
69091
1577
960
7127
13080
8114
3054
11167
642
2334
2292
12289
1163
10857
558
21145
3341
9286
15486
26261
1134
24408
195
755
21286
3561
543
65605
1
655
1905
1939
7067
58218
749
25561
6410
8299
14093
1623
740
54300
56
50999
3311
487
16663
14
4131
317
51000
13
61
2227
64
4174
12715
560
2815
608
68037
2
2645
155
14327
1739
196
485
27661
4772
568
1156
21077
83305
1667
82838
112940
635
354
52376
453
3098
4684
22564
1387
3096
24400
1549
18127
478
5887
7148
1007
1569
5323
3138
30371
7694
2438
522
7926
3858
1522
4186
72
10439
2193
4192
13755
15047
16837
23477
23183
86
26148
16
14
432
915
2669
10
232
6020
7696
20848
19347
370
19647
199
348
3101
300
659
8625
1040
25
1806
4
69
430
622
5888
8402
757
886
1328
2104
1709
11
1796
19643
9142
3490
701
1675
418
10375
7440
14182
84886
3433
3979
123
7796
2960
2117
22759
6216
23739
11662
1358
33235
13557
15522
11141
3043
949
2194
2905
6055
8437
3308
8397
27313
7726
15304
11096
28005
59
22152
7210
6474
117857
98350
2235
2602
9883
3252
10689
14439
61
1484
8889
226
3872
14730
45876
12547
9863
34882
3183
2496
354
4986
2
4062
4894
4990
16029
3513
5814
497
11557
13084
13116
11817
23
2794
124
9281
13344
940
11963
2671
105947
1410
1003
2992
642
1901
7511
3323
1817
957
549
552
195
579
667
1797
2890
3768
7686
22026
3941
6340
4555
6865
25396
3758
1782
3129
7902
7877
5097
48
10827
56
10022
10776
17350
22486
6669
11554
764
1689
3095
13921
727
13363
7579
8613
15
1450
847
18980
14101
7327
3150
14809
12134
11866
1178
807
7258
1808
14825
4653
69216
17465
15923
13361
4369
23682
6649
361
12902
20145
4948
27152
11216
38780
35808
2432
745
1521
154
3480
7449
15069
5023
4349
1131
5245
3729
20
96
5455
14603
18111
7669
4373
9199
5003
15107
1063
13445
3355
1476
5452
10809
1703
4331
2917
1743
1833
23014
1175
3193
9256
2112
1715
479
573
8
4098
789
10900
5852
1592
7470
1048
1460
21621
4
504
2110
2441
1870
8961
83
88
7985
27518
500
4862
3564
10676
2693
281
26081
1030
36637
18261
13161
4963
22832
3151
1166
4153
254
128
2264
7
4012
14535
7882
331
574
760
1658
7364
8441
3974
14219
10002
6023
5665
1929
1457
228
88900
34237
626
2096
48
1524
8340
1099
201
429
563
1794
228
3956
3913
7781
4075
12000
55881
1015
33
3379
3882
46
5819
48028
2968
671
1082
71
4888
2145
8955
3
18863
3962
24596
20019
2288
7024
9076
14374
811
9901
3765
822
123
18043
29218
22276
757
549
761
14435
950
16191
4531
82
18249
52
9937
48263
9379
11233
1166
11213
19431
9181
1059
1366
14504
81
3
1234
17239
364
33712
1002
212
320
6602
13094
2816
411
9884
11318
6030
461
538
2609
747
570
206
997
68
30686
1510
99
6
24144
3245
647
8914
5306
109
11169
5342
126
5501
35022
1008
9139
10314
5134
7180
18218
3532
13744
17137
14984
3
251
277
171
244
134
38
76
1012
74
116
351
2207
145
36
2215
760
549
153
59823
1493
6513
9386
29868
10084
1351
213
40729
6537
10889
26531
3237
65764
21635
8742
17010
11
13825
14571
16440
89
24285
22989
9798
27681
31540
902
28900
11060
2646
97
3276
168
2036
4805
5072
120
43517
58
7118
2036
813
20573
752
2
712
1285
39850
14938
338
1619
2435
4257
213
3932
101
9924
149
961
1692
715
18789
1866
13351
92
695
15590
20256
12463
7573
5273
32308
121
3037
5220
9653
1226
1622
1538
6969
23322
13
5276
15919
750
3918
8323
486
523
236
723
1150
5536
5647
626
6221
3908
454
5516
39235
3
16808
4389
99
3906
46
830
55588
1811
548
486
14707
859
1142
10966
493
18834
5
2728
66
4592
27784
22373
2532
441
812
1623
5461
984
618
7
673
342
2752
10508
7611
7717
840
251
1246
5504
20164
11021
39621
18361
16565
6145
2403
10347
9057
39953
1762
12540
10755
2414
10543
1525
6184
729
1720
216
11402
479
731
3107
638
8352
1037
13987
107136
7169
148
2386
421
1780
3162
1632
131
1857
46
1033
313
2177
3019
3752
23532
2049
1194
82
17087
819
24135
39834
1650
82
1505
34
257
223
1328
1105
3954
155
354
2
922
180
8355
788
13532
7450
4702
16737
16
851
2375
210
460
11
451
25
4121
3413
10514
4386
8837
609
1
316
244
55
40
7562
19425
1295
26387
11410
2115
397
3115
34775
9412
40977
8334
7765
2847
14810
4828
22315
1429
4278
21451
9536
17169
19101
15
28807
8443
1653
698
11973
10452
12015
5437
10247
1160
2129
21139
172
1226
1182
2408
17583
8258
337
2260
4936
2584
11535
9722
1587
1220
34
1
8
6948
265
22682
109
4954
27752
201
71
29163
2590
34788
4586
1901
4417
2348
2578
1972
2428
17780
161
4201
2311
342
5515
3687
5248
659
1966
4950
2566
14834
236
18103
158
225
285
341
3355
425
142
12983
8742
4102
2690
58
2634
2164
4770
42197
6036
2424
1579
23
866
455
177
966
741
5401
5814
26233
19059
20212
11298
1596
966
1597
2954
7976
4012
11754
1550
182
2079
7881
13802
10686
6647
11385
7118
8678
2162
9580
17044
1090
773
13019
14676
1748
730
40
217
4115
23421
23917
13623
26737
188
13306
79
13152
20729
531
8604
22715
1689
2021
17
3340
3931
50827
5031
19949
73
86
16144
56711
13
276
4034
458
2501
1306
272
236
1677
11135
60
1288
104
16463
13304
3610
25870
761
29128
3869
4080
9976
404
250
1669
220
3217
493
2485
11125
40
1193
84
79
29268
87
25
1917
3379
3
8108
74677
6036
4625
20344
17287
15177
4048
59
19885
25256
33761
15218
13563
5277
24130
44751
72
8919
1114
17
367
1316
405
576
14
22
242
2617
2569
8396
2748
4830
17
4021
236
2508
21069
8692
26635
259
59821
51290
11118
38348
3296
9620
35831
3839
1314
41530
10770
18410
28476
5705
5578
18702
515
3660
64792
6354
9920
38839
32090
19536
18654
46025
256
7237
9225
12222
17020
29362
36634
25825
22386
19141
9258
749
70274
99958
7300
11688
16819
21770
107160
55477
68310
42006
11321
34308
2311
9452
47
25659
3383
1114
439
245
643
362
7
1436
4671
3108
277
19
495
394
7949
17315
293
2675
54
2371
18
2916
14103
3686
15618
12828
15529
6765
1762
7937
1031
36
3287
260
668
1711
528
3902
15528
5157
28
1418
9155
12330
16535
20504
2082
1530
43
5874
9604
14919
5
14319
1039
3058
10951
881
1821
29994
22192
3868
5999
10173
9362
13391
22
3237
888
8006
9246
100
99
6
71
78
34
11559
373
2438
10598
1289
2806
1973
527
50958
7538
22244
4247
1105
691
3587
13248
40
19468
1
597
36
21210
3863
5980
7291
38438
156
12436
95
3843
34254
638
11872
79
172
867
253
8256
10866
38104
18915
260
528
28666
2324
1607
2
12791
21034
8911
43
441
2628
19
1897
304
2742
433
24
272
145
696
4117
517
488
1554
224
746
2953
4457
416
20
1736
144
72
4002
117
2640
12851
6478
13228
30971
86
3297
583
13001
42215
1599
10374
27
445
1302
103
247
424
255
345
672
11882
24222
42404
715
4975
29130
4379
10708
91296
16
9342
5267
2158
37044
2532
247
1743
5794
2203
4111
3601
18991
3
875
25110
769
6805
15710
32212
36522
43
17
1266
8898
66
3772
175
4773
125
5131
282
9516
17099
668
44
355
10368
23601
10096
34244
136
4343
8917
16665
950
815
12819
33591
28893
45468
6429
169
31377
21214
651
4199
371
2238
773
261
5440
17636
1253
3
15795
7742
7800
34
1213
130
8096
426
43061
26366
502
4297
12689
23092
3456
809
29
10378
4925
48277
100
11446
10688
76
1942
5414
13946
12632
7519
19787
1519
122071
177
297
2088
111
1134
695
275
707
567
121
485
1889
10
2959
1212
272
6326
15744
500
3055
4190
263
969
33359
27
2932
8957
2479
20666
43174
37
14963
343
4443
10649
16949
6
10157
695
1425
7562
127
6480
6358
8866
24090
1707
8877
1870
2855
2187
11257
6344
56981
92
37695
1183
208
438
43
699
1307
173
9858
623
13
195
200
431
53
534
23441
20989
8413
35512
55712
172
9232
966
90297
66286
15418
20789
28030
257
9178
8564
19413
7018
1274
252
29930
500
294
1258
15131
17041
2481
691
10541
21
655
2957
73481
27955
1037
16623
11852
7862
4074
3035
9170
5685
1186
7451
2136
32944
2111
394
22318
4579
6120
8315
39244
912
12121
393
188
7029
46
180
1278
423
70
593
46
287
147
788
110
2831
134
364
1345
11314
3341
7416
6056
2032
998
17187
139
9702
20001
3127
18397
8817
62353
10113
19224
2758
25888
598
915
270
1657
1807
2184
8046
2256
619
182
2162
717
518
138
101
335
2161
35
767
1428
741
1583
1361
1651
30388
21539
454
7997
32335
1093
548
93
1008
540
37657
529
368
340
374
2631
34
9
1655
932
1987
13432
711
3445
78
11878
41347
1330
12386
30138
10672
2164
7601
24724
1137
2487
3158
3689
2971
8564
234
2343
174
22
1215
1397
973
42
272
16751
464
15691
67590
410
429
435
6575
5716
30325
10066
1371
15078
33276
178
2655
224
255
41920
54625
12262
7819
29587
1894
429
176
301
273
34
367
491
1908
1
13984
552
2829
127
12
2228
1786
3855
5288
25520
23032
5119
7953
51925
5017
14364
438
989
179
842
371
4199
299
776
465
6
16662
6447
36
1206
45452
904
3520
1
599
4308
1130
1126
179
4043
286
906
100
64
622
2989
9709
176
247
117
35
457
1860
69
4615
612
22531
18205
35
13035
2835
1016
8635
2641
856
114
307
18513
51980
6175
5294
2257
1235
12126
5401
1012
721
328
259
2105
455
2194
269
3192
1
1204
48
320
285
1144
741
1393
1126
352
475
4614
247
6041
23948
156
102
7174
2241
3553
2834
705
8881
499
5290
147
516
3185
46
2577
363
2876
867
2199
14137
180
6973
75
813
8559
9595
36663
3811
13
15095
2140
4128
501
612
741
116
1922
2725
1022
248
151
382
7
66594
1392
6096
22882
58
8036
1206
125
6269
13
8
79
16557
10757
66214
110
3171
18039
676
3
8702
268
281
40
75
17154
473
1818
6
7594
53
300
542
1379
565
4
1061
5184
425
98
1741
1093
306
478
104
382
74
246
55
778
4537
335
644
14
1174
536
440
62527
77
45447
71
24810
296
28122
3505
11916
9278
1649
288
309
18199
2474
249
516
710
10872
2
31521
2656
107
31680
91
588
6446
1073
4479
14008
1099
684
310
422
253
542
1644
6711
9572
9537
9424
151216
9400
42714
76458
39892
6519
32024
3457
44377
15157
5452
9565
806
21418
565
26027
700
9012
1502
19921
159
779
825
1108
2119
1946
246
26435
14192
5102
2900
23047
2912
32651
6961
2402
45604
9983
1319
11826
42007
25688
1477
14411
11449
8518
15000
9243
11749
1955
3861
448
34731
43102
1156
11561
634
13
2696
4520
1686
1146
417
1026
5758
3
528
840
656
273
1192
25
623
338
1290
5925
22613
19932
14035
43713
23777
70
11612
20208
8
26282
2844
951
47369
1366
37065
193
1227
18
1749
560
1737
577
1831
298
6920
1554
720
384
305
152
826
2082
1648
1
94
848
171
86
3397
6175
381
1631
601
1700
369
6
283
80
563
2656
252
799
1056
24114
341
454
16488
97320
23290
23510
592
313
18
606
1070
349
4296
87
735
406
133
160
13876
482
187
23
18
98
477
5696
33
3771
3014
20408
2160
1738
406
573
823
820
8535
493
395
865
32
162
89
5
4610
3250
2154
16151
90
113
118
70
144
21767
5668
3366
10051
676
2195
472
126
1680
317
362
8061
11746
36865
45982
55997
17291
17074
7453
1031
245
11248
1498
253
6524
1454
2045
58
263
44
240
95
32
537
570
63
3
614
10
101
392
67
8952
72
214
24106
102446
27984
238
6794
40968
89
2301
7215
51725
643
2966
25242
2158
2685
5692
2563
572
158
1438
8388
30769
6319
457
112
6
15
72
550
5986
13696
21340
1386
488
546
4173
11382
3534
490
1819
2900
1551
14485
13950
9720
9083
689
1831
4
1390
178
241
6502
2
1866
16665
18
50971
424
3282
5381
886
3500
608
1096
5149
75
890
1
261
50
1568
3034
230
1078
216
5343
3367
2061
11421
2706
89
21
16118
23683
27541
2703
30560
65
5748
11839
137
2
13538
13650
9789
1227
436
27636
881
4254
3394
13327
2384
1140
9890
487
7824
1112
53
23911
16894
69508
11209
1716
769
11426
3777
484
42
227
418
11444
41106
7924
26267
3466
278
9304
11408
2068
4968
3575
587
4278
4375
5362
10604
7625
4523
38
6713
11383
34538
5087
5576
3285
3519
5
13764
42
38
28364
24387
1489
4832
20560
24
11092
5370
4167
81
14688
34
8858
8554
10286
625
3774
531
18764
2113
1205
7
7149
18445
48880
157833
5146
21715
107
152
393
1819
61
4
14936
30493
5069
46699
14155
25432
9637
8
66
926
121
2325
6337
23727
145683
571
4178
3620
11933
3831
6349
129
81
3125
1616
126
4471
1626
2020
13808
7923
724
24802
7722
1301
1136
9244
3166
343
7816
8891
21570
680
4379
17424
1600
4829
25258
4403
5562
2212
7460
34805
330
612
553
7864
457
3704
16
849
2165
8258
18986
92
357
2013
3390
5030
1593
5624
21319
25
48
4321
80807
3481
1495
924
976
16877
17531
20978
3682
4264
5673
16
7635
7268
15952
65115
43748
46713
20
5307
84
167
2663
29200
876
55898
12597
26536
6905
37440
273
7281
77
5753
5802
19888
70711
1390
16913
23647
7060
19966
19207
10837
7867
3736
1483
6669
173
23
10384
22294
9683
18823
298
412
1058
9864
5304
9311
2107
7007
4908
1274
12
82770
46
5771
1095
8881
8631
7305
5125
1389
3121
4107
1889
28979
13201
5352
21086
6852
8274
5956
7865
30547
22820
7451
4856
428
8349
4
3175
1295
513
13432
5666
3666
14467
91
147
1540
19
134
10247
28803
307
23
10340
2439
8828
786
13238
27143
1142
327
1602
24389
42472
4283
21483
12567
8365
46719
1320
4040
13
2500
17378
1935
491
747
712
12008
4811
15378
21920
6362
8173
8699
115
20382
2553
12635
8869
5700
3370
16583
9759
2530
2626
12711
292
1424
23
4480
11924
18805
5648
13879
34848
7055
24762
14401
411
2662
3476
96
1575
7546
384
901
7970
5335
604
1996
9705
17882
11448
4516
21836
528
30131
63121
28313
43854
2519
33441
24957
8409
426
36220
33
3412
31710
12762
821
4586
4747
10117
3399
1095
2088
26317
5867
12044
6124
3037
1
9597
3033
9598
7535
283
1
1577
585
713
10
8075
41354
561
48
7234
177
3005
3395
5721
1385
277
7970
12212
21305
3293
1845
9765
140
2159
15288
4319
14481
31351
222
6691
206
798
589
6344
6174
25352
45811
2490
22366
6028
21252
6926
362
14661
4545
27022
3129
1791
2649
26567
19674
460
22276
1262
2767
3196
82
7012
1666
354
6870
8210
228
22744
8417
4001
2177
2199
4033
2731
736
4075
26405
7731
3206
6133
139
1235
113
1526
73
34672
771
6510
11682
107
373
201
4894
212
2459
14831
4962
1371
6038
4282
11619
1679
10024
215
9441
2129
1427
63212
3493
19290
661
10982
11985
614
1848
4034
13903
96
21841
276
2201
2960
2418
5664
25533
371
615
996
124
18363
34135
3952
778
14830
2
2150
3346
44566
2237
4671
37
534
807
1071
1264
201
5273
5376
8748
1165
15485
638
28
20846
5905
9111
5589
32
233
6474
27570
43477
205
54
7251
3583
1660
2105
16101
2932
2752
11632
4677
2569
2516
16711
3896
5377
3034
8026
4744
14294
671
9690
42446
8260
18468
21333
43775
1098
2205
32461
50953
69763
1386
225
124
644
1837
6787
12054
15942
1
8235
3
9863
11073
60655
17011
35219
269
10278
2727
13070
12375
11117
4388
20181
24165
1299
462
44297
12231
56
6779
8511
14549
10682
3736
372
2002
3049
3053
7125
533
8880
3258
1196
159
2352
79
14781
9954
30766
1056
9918
12398
11420
170
9655
5392
5244
361
6531
16066
36399
3251
1311
46
22819
15933
993
3143
11265
22530
17995
8412
14538
60
845
10361
266
450
6
6113
15591
3044
5385
6205
653
33
18289
12445
4084
7455
142
57
6142
403
3649
105
2005
103
4033
63
3411
13046
27021
22205
6612
2676
1452
16793
615
3577
14261
2742
1996
1103
42004
7874
310
2890
893
34219
800
44528
54220
3477
10518
1595
7606
26602
13
35197
6179
39823
1759
9780
14949
11387
18094
13610
26330
21622
5853
777
6235
329
15663
7067
28763
11329
2863
833
2678
5404
205
41185
64271
93686
10124
1164
1950
7903
967
734
9822
11476
2241
6349
7221
8132
9746
543
5578
22093
15426
1379
4373
18403
369
17693
1166
4026
12181
9824
1734
3944
44
1028
38246
8394
18524
7474
105
10680
305
50
18430
4050
4515
53
15216
2795
1916
255
2756
19380
5619
459
16559
10893
4394
455
7316
31606
3328
5762
6319
10388
14599
24959
16649
7509
32708
7912
8755
10114
31681
5144
133
1651
768
31559
1775
3957
6571
1410
671
903
740
7145
4297
2832
325
6466
6469
7738
30566
8802
2766
410
18029
42860
1071
237
1079
1492
3387
711
268
127
1334
2743
364
701
22426
1605
10669
736
784
1964
108
14103
13024
2402
1272
3640
1020
1037
49
21217
412
11848
12028
2927
20853
1581
38646
43715
31590
47705
12212
57
2451
13586
5376
842
16248
1520
4901
4864
30336
27662
13077
2723
1894
20
4640
575
96
353
1215
3179
801
998
926
4825
248
3033
4066
2609
9764
8869
8846
1325
14189
4497
55
1754
22
1541
494
88202
3323
933
4417
38
13982
1
4280
921
7607
1446
149
200
1426
1220
2
17408
1172
11766
6689
20943
72
4628
55338
5624
2448
112
139
1474
2453
12313
652
4165
3965
13540
5289
508
17169
14348
35539
5656
574
6752
30756
7676
3985
3545
226
36210
10041
4
5122
28769
2647
1730
563
509
7606
324
11679
2505
12595
14133
10577
7585
5506
18565
18708
27621
42115
3619
92
2522
16362
4856
20184
30078
17133
7901
521
6550
6
1735
50758
13096
3005
28369
15
34508
42105
738
3937
4090
17195
42213
5770
206
12792
2684
83
72177
2381
18504
211
2672
76145
5888
4
4529
1978
2328
1134
1503
369
1052
734
246
3998
1893
496
50
1839
4
2725
78122
4312
1334
9941
1655
5361
3672
3955
767
2618
19661
15251
51507
2315
5301
2012
2397
22319
21982
5411
19819
8969
2438
13680
31893
2456
14808
1163
1038
6435
12995
555
8118
27264
11328
29348
41282
14773
13788
19998
15853
2353
7118
31642
8272
66
449
299
117
16362
8700
6659
15218
207
237
15476
12424
214
12645
16548
12721
18401
21400
1051
6901
3675
13469
31341
24580
1679
5347
7419
1010
1604
2433
17894
16578
364
15525
5420
43196
4
3081
3477
12031
15406
284
1670
48282
993
1368
19
11944
8327
4134
627
1070
14615
3374
7078
1182
151
199
13
8563
758
236
16497
6159
24626
7765
15686
1723
25370
1095
122
3793
27141
1651
5018
24
1770
1412
3438
1380
33480
6621
16297
2922
360
729
83559
3924
11730
15239
3577
1223
47741
613
55620
2080
2689
3470
8292
152
331
779
1547
1159
1708
19
453
124
6312
679
1509
4363
4464
9241
15096
14292
12867
16
122
11004
13632
60
214
4478
67
612
18948
1609
34
9175
12927
5688
8749
12533
1284
551
36011
15447
8467
24364
1618
60169
1530
6
63947
1077
7143
48739
42500
15
824
11783
675
754
24
1660
621
1925
520
79
680
3484
650
14319
2631
5330
19670
20590
9044
31318
6646
12317
13405
28983
22275
31938
33975
10635
13837
2713
14548
3009
4082
10322
179
4126
11830
16147
11421
36702
36880
3431
20578
34639
9244
14277
13499
7625
511
3886
16653
1085
4032
4079
6412
31093
4999
74921
541
4149
5
1996
224
1462
1938
1699
1017
42404
27371
30909
1157
444
24014
10500
2247
5500
898
15976
4616
28736
16821
1879
1890
12647
4681
5657
10521
14634
2378
2324
11485
25139
4681
12478
930
7666
11083
743
27669
10876
29512
20513
18753
11764
10822
3890
19231
34503
4588
51284
4149
21704
14198
50342
3138
68218
2844
1855
1607
1243
81242
8343
3793
2492
411
1052
44351
15363
10296
35225
2656
86
606
11516
875
38347
32117
280
1027
1336
13792
1124
3074
21441
397
647
15
10181
117
3466
31954
278
75404
362
2629
583
102
160
75
16815
88482
900
483
22242
19960
2082
43987
5465
1783
226
4180
1084
13098
9233
315
299
140
19
242
969
392
9725
29614
382
22941
20613
15387
572
29
11569
2835
1741
131335
21140
817
6342
100
19034
9053
76144
46447
203
6253
34479
25061
586
4288
1540
147
671
1930
5468
621
1467
14333
478
311
81
833
6655
638
1390
406
2663
6933
560
1045
1089
322
1331
10441
8818
14119
81
434
3087
10025
6638
2266
3978
29175
517
497
5
3350
981
3812
22
1008
5892
6681
19079
466
219
31
282
10498
786
25
22
2097
60
21891
16123
17362
18
5714
928
50168
7577
4939
16938
28110
226
801
387
57
672
9205
75
34806
33821
774
25084
4236
23330
6168
646
880
19151
5262
43070
1203
70881
69994
6595
29856
1075
12864
19164
2438
73084
502498
53481
178096
45665
856
20648
6488
19280
51760
40
61492
6112
436
13124
231
21791
301
1464
8
112
2704
279
87
1482
484
53
441
1728
140
9580
4506
56
14
9086
24350
2403
12512
54229
2769
410
72
2411
23
3443
762
53336
78
8697
193
2656
1903
2926
4039
6871
24685
6185
48927
5910
25544
16599
1648
632
22677
74
488
6
1048
15228
881
4893
87
4540
2061
1937
10289
1665
953
48
47490
68725
5907
256
292
29917
10
1060
33878
5085
15743
537
829
1194
278
300
135
278
655
95
2192
141
4
128
4491
2867
582
459
111
430
1656
715
1154
943
242
6834
409
599
880
36
8906
85681
13386
31785
9720
145
57752
319
758
137
258
48
182
55
394
6
1
4269
11369
33734
880
2342
24879
1205
19226
18943
21136
4150
10688
23725
82359
282
118
90
297
2317
1805
461
12
70
3385
4110
56308
12293
36242
14653
2461
1367
54
4846
287
2292
1123
1549
1204
207
160
14161
7830
9035
27140
1797
19179
16852
17228
6856
5357
386
7020
8025
4117
3557
40
4521
648
10732
471
912
28738
464
301
823
304331
10162
2792
15364
21749
4490
253
49
45
61
38
3464
46488
1417
256
6866
48238
71
2047
12369
6238
8819
1
3845
695
54728
26
255
3119
124
3097
5933
48
2903
9512
3026
385
25
1930
2292
6113
21
2942
3846
8805
11611
15781
9293
4146
6742
3164
43590
184
9243
756
196
1538
510
3612
599
1308
1064
350
915
649
3875
3334
1851
14478
10261
18846
1352
1730
52802
25549
5108
8594
34786
76
34158
20430
470
1164
974
28
405
589
2482
1947
2357
6480
4519
1890
3651
301
653
148
439
17658
249
176
1741
26
4220
1512
12858
4884
23789
54
796
1753
11942
5973
1293
55
1455
10774
21377
5042
332
67
2265
447
892
1174
2169
313
223
59255
57448
47049
405
952
671
724
1473
1130
446
2186
143
1702
986
5092
7965
209
1530
18
999
128
4049
195
23885
4735
7482
2963
354
91684
81217
3971
683
12846
5767
2607
3629
197
28
1105
7746
1698
155
1099
3248
1142
293
13342
356
1836
6476
2369
18675
4581
112
28266
3878
5255
30810
622
92
920
28933
7
724
1186
60451
5
7983
709
650
10
566
692
474
14992
5595
846
231
1693
1104
1754
341
1301
763
1177
177
5110
3209
2349
18588
939
2112
22
1476
23
470
129
5099
2117
31916
3304
8430
593
111229
28335
48
999
1038
14106
2835
240
3336
2544
269
117
498
257
457
2850
242
3077
1632
645
3713
1179
31769
4348
23436
190
16771
591
3401
314
8104
3954
344
2541
6231
18719
1063
179
1385
969
496
124
52802
75
33256
13113
874
284
675
10497
5
156
29512
39150
8067
5932
1300
21
556
1952
1575
2583
7668
671
19928
13312
16635
22613
854
134
1560
71
751
569
1214
1851
8886
637
712
119
682
15
15894
890
13029
702
1053
9
5351
7553
2241
516
8462
4040
21149
13493
306
660
1944
3
16
28081
22170
7206
1802
5520
8737
25031
73
24487
5306
12184
23471
10453
1431
1968
2722
14033
6753
419
5266
2824
39685
12996
13676
3938
12247
1566
29
25335
23483
6289
8144
2568
632
4297
747
38059
49453
11277
3020
635
382
1147
5102
24
402
273
504
12428
53
3711
29
16031
29623
838
25113
704
6088
35
380
1119
3330
152
3277
7043
15813
13085
10687
194
7952
1626
944
31682
270
10989
7944
4520
31766
26115
23586
1142
7136
1077
1428
119
16104
2
710
7719
3798
3294
18539
203
35276
1886
6661
22996
3490
7843
6912
1798
18194
32215
1674
56062
23780
20405
12070
9987
387
18952
448
2149
1724
32
11554
15
18780
12
40
5566
1537
8356
11772
4533
5355
1366
40037
12573
8008
341
26257
9911
69533
7639
514
14398
738
2644
1244
15307
1848
2379
35486
17307
12661
12868
5533
5490
8444
4961
6560
14788
421
1374
12820
6
14301
3514
7886
14803
768
143
40102
3315
916
518
4358
8686
1300
289
40
4
9
5561
472
19710
1410
280
3724
7208
598
32862
931
10832
20090
6291
1882
37517
412
17515
3921
35950
3897
2341
6751
60319
5595
3383
1086
24
68
974
11175
7387
4605
3060
35
13538
58411
70856
32926
79
22480
5954
35301
3604
707
13336
2666
28199
4950
2821
13694
28399
36997
6768
63
70433
615
7917
72
35176
47315
8334
7180
13582
17045
1523
358
2339
5587
78154
3228
16345
19772
1068
18809
17531
65190
438
875
699
9
13113
10319
67573
16188
15513
6118
2411
15677
2741
7226
3138
59799
44284
41067
86681
3196
166
42
4830
1887
12584
66434
41068
960
59244
17633
7113
30592
21544
4180
63031
6864
11211
5883
3326
1986
6680
702
1135
2426
2247
14891
28949
490
6107
4378
24
90
580
9848
2632
287
3346
335
1625
4355
1009
621
9532
19440
2404
22758
9328
18355
18515
9856
4450
128263
25217
87
5169
1
161
59
84
5042
2534
5364
17056
711
4110
905
3908
4023
1761
18478
4762
4502
3784
2824
8012
3626
4516
28493
1287
369
10332
3645
10623
7509
348
8817
15040
4615
7622
11331
472
5233
112
1355
5972
23335
3966
16127
1530
3630
3067
1255
14625
543
12209
7352
12188
4020
15099
2555
4834
7257
18101
10531
82
5922
77
2316
30463
5084
84
2323
3643
14505
37750
4601
38
14727
2986
3197
20535
3022
27732
2827
445
1465
1478
64619
3882
1181
2632
15914
4939
32397
9234
17486
77
208
358
126
1504
534
4769
657
35
1309
45492
16866
11139
1858
17664
4424
23485
712
34286
75527
316
56845
303
187
545
4677
219
1110
14585
8285
4477
2261
619
10215
2472
223
12239
12229
10188
28565
9927
6046
1361
11214
5122
37255
16072
8112
7123
3134
18661
25662
23280
24323
17857
17391
14059
15313
1106
6729
1811
274
11520
2107
200
27057
1300
740
4203
6213
31096
20491
7891
3595
29
8402
1150
224
5700
14
254
6632
4566
26
19649
5420
44
6700
53
3968
29256
5516
958
7563
7759
64439
10442
7323
20678
289
5903
399
10321
2026
415
6828
21321
2104
479
380
952
3143
4028
162
1469
12273
7983
6684
62
10
6279
132
128
1977
28942
771
10871
3562
467
65
424
7380
5798
55963
2334
12578
18108
9082
5714
9119
6378
53
564
3495
4908
11204
11456
6015
2890
1653
1668
34054
370
1764
434
9962
3507
12493
4099
9591
28366
5122
364
9019
229
3248
12268
2407
4157
1352
19197
1035
12338
156
7579
9610
5067
56
857
16181
369
16
1158
6432
100
1
4302
3
69
108
15783
3965
8597
2175
6434
8560
38029
24189
656
4299
8356
15189
28101
7000
1594
4006
33856
3211
8079
2
11317
23318
8226
29066
3593
4328
17231
1611
2989
36501
798
4385
1734
493
40
4336
5549
1627
3096
216
858
40295
24455
3969
11215
15086
2327
2802
377
362
2993
11286
34735
45
10302
846
595
19218
625
76
12482
1082
236
10504
10524
17777
15246
4372
867
28732
721
3486
609
6239
3971
4603
3410
6017
11269
1664
619
30541
576
13181
16769
18229
9625
2548
30
40199
647
2769
979
9354
290
3108
9833
3684
135
6670
55
290
20
3848
9998
62
4542
1
7731
20
2139
1017
1908
7462
65
1368
1563
24238
69
486
383
7277
879
8941
1065
2138
1722
138
4370
6567
8416
11370
7480
76
5073
1661
12581
178
4645
4309
598
40822
719
3033
34
3885
12103
30069
9621
16684
2778
21007
6873
8469
35808
10153
54282
889
3734
1418
12535
7095
673
4863
9224
363
52765
899
13179
4473
213
8052
3710
1041
275
203
91
24
46
360
239
11
810
498
6769
14906
27661
10940
15567
12308
7311
21343
52269
1273
3139
689
35004
50
15887
7245
7211
13
414
7628
694
33313
3522
49850
206
6766
15334
1155
67732
9604
5816
7947
2135
2105
43818
1952
7008
98
8122
59312
16
1630
2795
260
887
3660
1367
55
130
1267
22
1372
431
10744
4451
2182
180
863
10358
1277
5418
2802
3229
536
1327
3
6992
2416
46663
36268
1103
9
10
7573
3920
1607
7248
61509
1574
1893
6962
1135
70843
4219
12675
18782
20846
5041
9484
5288
543
447
4843
13537
496
3370
17736
8796
332
25258
8886
11005
141
9601
7548
69815
170
17976
734
464
13762
2840
837
1181
1072
30966
4936
9997
7248
7932
3113
44992
8741
6
41620
4944
479
5011
37357
134
58
1020
14694
905
5911
394
3442
2311
424
36315
1519
2573
181
10941
5739
481
20
22711
2983
28487
1
193
3140
56466
37236
6260
11563
9020
44372
1357
405
5302
36237
103
17219
55
7
39896
20376
22370
11760
7256
5083
12690
2106
616
6689
993
5876
58704
15879
1755
323
388
7
520
223
1562
10
27
2817
106
125155
168
4568
1679
10843
11913
5735
12815
1552
90667
17290
56853
3760
14
5938
3489
1533
12643
9511
688
54
7870
9785
39940
42852
8561
7260
262
13808
5546
167
19780
817
17217
4969
13737
11014
1650
17653
16208
8620
1736
4711
6121
285
22
3582
3661
3452
48
1002
810
7024
27943
35
4909
11826
4811
12532
3393
12990
1004
6429
1002
379
2790
5184
18053
8112
1256
9465
8100
7004
6141
76
41825
912
105
9840
53588
14217
23610
5884
5618
102
18763
13260
17361
3683
197
1883
5952
33990
3376
19237
14036
5220
2
20259
13166
8614
408
3930
2851
10027
725
10006
51280
12066
281
3597
165
777
290
638
4664
2050
11888
5992
16539
3496
1706
201
5110
11235
6130
15067
128
8487
12730
30767
5098
7631
26839
3741
21724
6119
900
19052
4312
17858
112221
7018
25600
15116
20056
9019
13041
15340
24797
3717
9514
1939
119
2128
28304
15
14
26560
5460
9756
16550
3364
8967
15248
2545
4453
4216
16111
11
20799
959
3335
7569
2681
1783
937
2671
1117
3043
1225
683
32721
3935
462
49913
31197
15226
7035
6015
1377
11618
7863
37556
175
4636
631
2
342
231
3095
25
2325
3062
2986
23144
1337
6332
8794
95864
2061
23257
48359
9042
3622
6277
17982
6038
6370
14094
48
279
60
11720
290
47
4471
20437
26573
34661
2900
14525
91
5808
325
55569
7796
926
36645
15093
2700
6307
509
5297
309
1006
3695
3086
5009
7237
394
20
11148
11
331
103
1940
3254
35000
6255
18584
13516
23489
80666
17
13114
2370
11173
28412
12733
1660
3342
12427
1873
9288
3
2894
12615
10691
3080
13970
2412
48165
242
4150
2
6473
1436
76
524
1830
2586
11283
52904
4444
1283
2809
9156
17831
97
3766
8208
310
10076
574
1616
7113
13205
6
303
9959
641
306
12921
266
12134
28
757
5808
406
423
30
104
36
631
13888
285
12066
8355
5456
428
1651
742
207
12794
218
6445
31727
13120
14873
42353
2831
75
27
457
178
894
1482
1923
3156
40960
9364
218
27411
1604
2322
16088
788
22393
17242
63
109
901
5363
190
6128
5880
8697
38
35449
34
1785
13897
7715
292
13711
3
163
537
568
568
84045
9297
5013
4136
386
655
10901
2159
25375
18924
1282
14937
10502
10307
2128
667
7
831
313
3977
5393
4457
6
87
651
325
395
119
4
5361
1899
56972
6183
23
5797
19863
188
2183
3013
31149
21205
1852
6305
76512
1217
1768
277
18417
3268
863
747
291
19973
13722
2971
9345
6418
1090
963
297
4661
907
8491
17689
7828
118
9425
1150
1314
726
14
5607
12474
75
6850
314
12504
4249
3110
1469
179
56677
200
8691
57797
30710
16880
1153
2242
767
1584
1125
1602
1172
18634
994
7975
3807
918
424
523
2806
4798
198
2968
4715
473
2210
4120
14783
9777
11245
5257
5176
19245
32
395
638
141
2362
86
434
1012
512
1795
146
5601
1003
247
36
82
6430
3780
4279
5779
483
981
3532
418
18119
1015
398
337
6842
14657
3859
2093
16877
6920
7803
68
10061
7483
70
8708
11344
1122
6206
8713
4653
3910
647
15881
20
7626
19823
1510
2843
66
25
921
839
4532
6455
5854
658
1979
37080
19558
16065
1152
13896
37
472
965
587
2134
268
881
1001
12743
1998
122
7
529
544
433
131
58
5144
10112
701
459
7111
8580
397
24050
20580
348
514
1
415
3067
71
1036
4652
1913
17469
21414
6151
212
12864
8774
7511
1479
2476
2123
863
5603
8954
1
16796
7642
4751
31
2713
2672
5231
19097
15796
14539
13
17385
15208
9223
18602
5381
9533
8643
3111
2159
77
1426
117
5590
29461
10098
18138
508
9561
55367
1748
846
32084
5414
2871
476
12735
2737
426
410
897
2536
253
8512
103
1100
354
1221
14043
4388
4861
14614
4927
5107
26452
579
1458
15188
278
5805
923
3265
2954
871
20756
3702
1797
16316
8311
3616
2434
271
169
46
22107
31341
12106
26379
1778
629
242
547
7612
9271
668
3532
1532
24778
718
4433
1441
1340
12333
1311
6624
1488
4400
17540
47033
117
542
639
19742
6547
14961
5724
19241
6524
15003
12422
3020
28097
1916
1954
12438
1
378
64
10
2428
1243
10447
111145
3357
550
10087
1964
1518
1857
11754
3303
7550
1761
4508
3525
13790
325
2169
2112
111
9946
12979
13991
38399
21145
1916
14268
19241
6851
1649
648
1288
5395
426
347
1443
523
2988
7526
8295
9228
17514
1109
11195
15734
6461
2
3847
4743
1157
4742
188
173
44
437
13014
3636
1811
9582
40723
4924
2086
4762
1157
3468
5457
79
2987
4041
1869
3959
33521
2712
7971
22255
15652
1170
5242
43704
3838
14193
6209
34002
6615
1348
3380
7306
2691
15257
8017
6628
3098
3704
41
2314
1254
333
6
96
229
37
2869
16733
10681
10304
4225
8007
11799
1028
3246
75
9122
24918
12145
6980
1
601
67
304
210
27
2638
12959
8171
1396
9999
1478
2462
30469
2726
16735
2835
1119
149
29426
1052
8076
431
12485
7068
37031
28935
3220
15382
47021
51698
115
13012
2346
117
9293
1389
26902
9225
9993
54070
25649
2436
15
424
15
10569
19082
801
15231
14466
4025
5391
13725
207
529
1734
89252
733
9241
40
43462
13198
21194
1351
1725
18255
6308
38494
465
1806
16949
1597
9158
6710
7485
21382
21611
53
29025
2068
1431
2165
3448
274
3
125
116
10433
12884
18736
13486
15957
46216
49562
12471
6370
57786
43921
24259
24985
65489
20095
61654
179
44277
49035
49356
33988
68586
46440
47883
68870
107498
74914
12933
22153
25657
13678
43230
53494
29920
47938
48350
23578
52178
61669
79110
25128
26382
45842
6878
12103
35958
15584
3579
12443
1592
1088
7733
22844
13746
33947
2450
5927
16187
1452
4786
19273
32765
3031
17673
5552
1855
16084
11
14802
49893
2487
215
1818
10102
7078
3180
1262
3525
1409
12003
32762
3182
973
1419
13053
765
378
6189
2966
605
21389
3849
1844
4438
1406
37
65794
13016
1234
4846
4088
514
7332
2737
1585
405
87
886
217
1017
1087
27
2388
2064
4000
5616
79032
99
790
7348
4933
13945
3805
7257
3606
6431
2356
3424
11088
3078
1344
10660
3177
5454
6148
13886
19599
5562
10091
13913
8372
282
9156
6923
1444
6391
450
5063
623
4913
3886
5107
15
4877
29857
4979
5378
4904
33796
5
40112
35095
1
186
816
674
4192
2307
244
4590
966
7964
2491
8558
8439
5036
22204
295
12236
3960
8821
3557
1460
13622
8274
29088
1511
1057
4235
5730
2430
2567
18867
2631
4969
3007
7791
353
27353
3933
1800
16062
10849
11955
14713
54384
6086
280
1157
6288
1128
20631
1995
15552
31460
8660
16914
3074
99728
18191
42938
5204
4996
16868
9452
3178
5405
2838
14
2250
20143
647
1015
1430
292
14624
11319
12
28856
9899
3583
20525
7358
28703
1139
750
718
1147
600
2128
507
17200
13225
25504
4775
17668
216
40
13741
74
4
3819
28277
1895
149
7240
65
8451
2
15394
1415
1928
6002
4563
32064
1223
48432
12859
29973
2422
52579
1823
23684
47255
19370
10105
15093
22041
41549
39026
262
18329
4656
34763
25363
61569
12400
24947
13103
28174
23
7912
14531
41570
2172
32769
9493
723
9
2750
1571
212
554
219
5143
15988
1814
3957
11661
2325
465
5180
1126
17700
10456
18
162341
47
283
12101
60065
34982
12501
4452
5569
1876
10577
7189
6732
15951
447
1215
32
7026
758
50784
599
622
15607
1581
293
137
3007
25675
15090
7696
2117
11665
462
5173
9
8142
2197
1732
16
7778
1222
1885
8801
59763
1712
41331
1183
3589
32914
2078
29
2496
10183
3255
1066
4484
1634
4274
4813
909
162
19157
8776
58021
398
37658
25458
97809
95785
56245
15045
2697
700
51990
34033
23061
13859
82037
14869
15230
10856
8562
35093
27677
18353
2675
64762
13834
24377
17659
44979
8674
8512
22227
36047
38377
29184
13833
51150
20066
83002
37181
48431
27270
45365
82547
11580
20123
40547
18364
12923
83679
9630
31060
5003
94
3824
622
3089
34060
13643
58
240
752
4206
125
763
1218
1655
112
69
2718
1702
4349
387
6711
5716
7490
115
1228
53153
1386
334
6060
7
38495
75
10591
2382
10238
1758
17
22339
745
77
5497
1292
503
1052
88
784
1112
1357
1009
87
2610
1730
128
394
427
538
231
878
2618
114
20239
17054
4677
8
3794
22
26765
334
13066
10754
1051
1623
206
1883
20676
190
682
7797
1358
7055
6199
1747
35542
49233
195
9802
1114
398
1
48
1
70
451
189
42
108
321
219
2
2658
773
7787
1528
245
3392
265
67
942
40
11827
32507
18455
1438
23342
5896
9798
757
3047
194
18151
731
12769
5664
6484
597
1324
802
3991
15579
1259
282
5467
132
128
644
996
1547
5688
153
540
195
1865
217
9801
512
10844
201
19141
49775
3
1798
50
1552
483
860
272
10242
186
1680
3948
99
2579
4784
17823
38230
2
233
100
2358
38487
22287
57723
252
623
504
3286
9562
16
11143
9896
2654
2264
1506
46274
113083
32287
212
568
1620
347
91
10290
736
1348
6385
5152
403
226
4911
193
45
17509
33
22693
1072
304
8670
366
543
9
396
3509
2269
13025
477
1715
535
4443
2648
1553
227
4351
340
29
45
1223
162
276
686
586
1197
2743
20
9788
31176
29961
2
547
1987
2184
66
357
3711
11370
1070
743
792
362
2147
2028
577
47
1387
214
264
10
10802
34751
1805
15942
33716
2299
18708
30510
610
4016
848
5518
212
2564
55
80
9256
536
863
20686
9983
2560
16119
96
4535
14850
30700
150
603
470
1094
241
861
355
190
290
3925
3273
1300
2620
5048
3161
1602
53
14
262
29786
8581
15152
983
3014
1960
2269
41368
2677
258
87
6353
4475
336
26
166
2283
126
1469
16
1274
200
192
727
656
4
8655
3
670
11859
564
286
767
2289
565
3538
4691
1195
1749
5471
986
24
212
953
1866
679
147
1424
436
208
239
1904
5758
11063
193
24456
1002
160
58
1156
7
18213
13201
6344
3570
225
2077
73
9378
2116
1837
460
1979
16959
37
774
1391
2086
33376
7720
5000
18179
961
13324
853
2884
3451
13232
11410
6
478
569
293
2601
3317
2974
16411
10071
736
74
7811
2105
8518
24663
5712
746
5967
1327
469
706
283
179
1104
1522
117
4498
835
16015
926
1106
7173
330
48
9443
3678
3441
27467
12826
897
293
1111
542
2010
940
4370
1104
4226
280
26073
571
14211
2913
12481
8711
27814
15546
1589
27180
2353
4975
2856
11805
8010
95092
5558
624
33
3807
15887
593
1669
9
754
475
1883
11
5740
361
913
5
3283
3258
864
3249
190
2962
2378
489
215
2958
46
103
163
401
261
4801
4798
4395
40386
10896
15978
31302
5718
138
776
2750
274
53742
9038
913
4030
23170
52231
5721
72851
686
909
11944
238
20
9
9944
1742
20953
141
33950
3958
20974
18678
1372
41
128
218
278
378
803
183
10
2438
1970
3081
13320
1892
382
4986
3650
468
305
51070
5304
494
21564
1982
244
1189
2618
287
1069
2826
780
14
2065
729
2522
378
570
140
5679
3853
3699
858
3236
2591
2673
140
11081
6936
6357
17714
6777
1618
9769
4164
3498
3371
10
6170
66307
24185
32
1125
3172
18917
164
8228
2181
8440
536
24076
4752
4235
1207
2599
43996
10728
100
491
1372
142
20733
50460
3247
37334
10455
1343
1753
4993
26
2420
1808
711
2616
866
36833
1646
34821
3260
7868
12167
38400
7455
4109
9009
1035
8286
7958
107
14732
946
7653
20948
2337
9548
540
38955
207
6137
12
16443
6390
36928
18617
3881
2183
8488
1187
12551
5876
1133
3077
32424
2057
1354
1020
2054
1421
14998
16656
2475
384
13811
17031
4168
1941
53608
1291
20003
2640
970
1484
10286
16092
8428
1812
2913
3516
17099
33401
7663
1080
41599
2108
267
2694
5879
1849
8183
2295
536
329
2674
17181
17829
25601
1383
12277
32014
10373
13036
17989
1390
16
53060
17829
1335
1093
1602
16602
13481
6833
1475
3516
15834
36416
17259
10600
2782
62732
39
12061
2548
378
396
605
1388
6450
29779
108
1382
1584
21403
6581
15061
799
1110
398
1038
1082
528
263
2
5463
898
1412
3
3
1038
21706
13465
8896
8570
1126
9970
1219
7317
13669
4012
2651
8998
412
224
9382
1070
9908
8974
5162
219
1382
11
5371
6071
3145
17797
558
7927
1
435
123
873
176
562
47066
950
36337
4008
1343
19933
32824
25276
91582
53506
19262
17428
28501
4491
41168
51473
20007
69873
105893
20723
236423
27044
44906
69112
35541
16133
47719
101923
23617
4800
78695
38248
19169
34931
9155
20102
44788
26507
81338
31859
81168
73367
147004
54006
23593
12212
58328
57709
49241
116632
57023
89874
76413
82789
83046
54048
68088
57084
63481
47512
94742
61825
56573
228840
26556
42800
83338
49952
84969
87178
75803
34695
96333
58661
44695
72639
9200
93083
2248
71504
27568
4037
13634
1716
1135
5696
17165
4410
29302
7297
17009
20399
9175
850
12486
18603
41571
4664
19266
9402
37672
6317
68
40
402
115
1828
1524
261
1202
500
821
101613
1374
9800
173
942
490
928
6
2029
521
442
501
698
3775
1814
1655
742
293
136
21921
334
7494
157
447
322
3409
2279
320
251
380
1939
4224
481
42
1881
720
1269
48
26354
3064
36604
500
13058
198
268
2047
1642
1578
439
2020
96
540
247
1331
2972
143
283
15
7903
1926
139
7380
1872
1496
833
508
193
50
1850
2013
2169
70
108
143
363
240
550
38588
10
1711
117
14210
147
117
10631
471
3346
2755
212
2057
1257
4109
2721
17131
711
12490
8709
19772
18
55
4124
33
486
2941
191
1857
617
1736
3218
1395
225
5084
367
1042
54
25397
29347
1741
72502
832
705
3183
18
12
2269
1649
151
2461
846
274
376
485
335
342
11523
301
219
988
142
5790
6719
12907
4735
1172
208
13869
1511
98
810
5746
2812
70896
19952
1010
31394
3998
2938
965
1
28319
7121
656
46
15541
55163
4716
845
2754
15874
10627
1841
11795
580
29594
238
98298
9372
20903
7496
2524
1539
83
24
4282
877
1991
44883
15166
147
2139
61
2934
273
5
1666
9982
23
3308
7442
15289
28930
36420
477
76
19
2901
917
85
1844
2172
12017
38
935
6104
245
1636
2181
241
962
87
11724
3970
7616
418
86
2464
61599
14589
588
558
1154
1533
2717
39392
3
3102
158
24295
13022
1655
178
1
1
36529
29337
239
469
8975
8
23
1478
268
147
14177
3121
131848
12151
886
5028
2053
525
279
27822
6916
32390
3846
2836
4659
1067
897
22826
622
1275
21844
103005
1555
113
2188
688
711
50
3042
5468
410
675
222
1278
660
300
2313
2002
209
85
444
9826
2157
2017
301
1914
4965
1131
2386
36711
453
2048
989
2537
185
347
3087
426
3450
23
143
1006
60
598
242
27788
10869
33006
16714
2
36
1214
181
130
24611
28738
747
14
14060
12107
5245
13252
1296
36
718
49
397
249
590
1013
161
665
538
1225
177
1577
2432
175
1006
2346
13888
173
13406
3408
28493
1472
15942
33387
17661
165
483
1409
13217
1419
6075
544
2070
94
1920
5642
732
5738
603
92389
22
44426
47637
186797
50088
33668
18116
5180
4692
76752
9586
3209
15706
2786
10742
19665
2294
2013
3399
190971
4724
1800
4593
22780
25347
13107
4778
2011
2585
169
1094
6223
4106
2379
49010
376
2810
519
22278
944
3175
93
818
40
10072
940
1
2512
2630
2525
7131
1922
6480
1132
5163
394
466
801
721
690
464
6018
2007
24899
15053
58714
14599
4072
4047
583
492
13193
7343
42183
1114
788
105
240
725
1256
802
3
787
442
582
324
1815
360
485
203
8390
61577
27780
130
224
2239
1941
20842
3135
2727
1182
5846
644
13704
5653
14341
925
444
884
57533
2058
6354
949
1444
5990
27216
973
9327
16073
494
2419
10308
1248
591
6754
27
670
615
2582
33
17898
658
134
83
1626
81
3186
7154
2875
8566
11676
48574
3568
9898
47828
1887
366
70
83
642
468
303
874
14
14866
833
19
304
6133
70
12739
657
796
192
38
17
926
2051
420
682
1786
681
110
5000
45
5609
4035
43363
1449
3842
40
24871
2995
22119
20325
3691
11747
1306
201
111
196
17388
15891
11420
44950
2355
2324
12777
1183
1244
819
21
7657
434
24
12
38
1054
46
683
4922
842
4
1
820
2100
460
17846
6059
298
6236
462
1958
4027
11
1060
6027
55
957
1060
1206
6725
4226
3560
223
7
36380
4690
2803
72289
130
2656
792
109
409
12235
1615
123
537
186
2921
30290
1035
115930
1293
1602
377
1246
5439
13
8223
742
42
143
2758
117257
566
4063
7951
43435
32742
3193
163
944
1172
28608
13939
5674
3416
24
2163
17415
2260
42452
8744
11382
80095
6423
11009
4588
3295
6010
49509
29993
3743
2169
48225
7105
36279
13219
49195
201
215
184
1353
3597
1193
442
1173
644
14597
448
670
225
621
146
1033
356
103
2208
27
12362
1084
1722
647
365
30
262
1855
156
3654
60255
50567
634
418
490
434
86
206
610
168
10669
1047
438
118927
332
487
10198
32896
2878
21355
508
445
850
23279
180
601
1260
4187
6042
320
937
1446
4520
48
2734
3174
5902
1736
129
442
487
1642
108
4252
4288
1876
754
2003
410
70
2717
1009
4681
1427
18258
9484
1110
160
9
2537
1928
2356
3
2165
1022
3898
6271
3146
51
2
13
651
5981
77193
11571
36748
19909
913
1384
21260
24331
65116
354
3226
25292
7145
55
556
3
355
3830
137
481
1300
298
682
1410
10801
2214
825
7660
781
13358
7887
93
860
1027
1329
688
311
1232
332
18
357
34
2746
107
284
337
8169
6456
18541
8
41644
14082
4277
360
27347
23352
107
468
157
612
209
571
441
772
1214
103
34
55
4
1373
652
80
256
3299
1941
253
1010
359
149
4539
8541
2633
61767
8732
527
742
632
4433
33
525
2530
7204
30525
80435
464
24
2277
573
13727
2240
1576
74
111
16
661
80
19822
2219
326
15155
120
5
305
972
4175
7290
529
67
768
167
2703
2551
34056
351
2094
35
19
5936
1196
266
470
2326
1573
6933
970
26358
7316
1718
15946
227
113
366
7452
1599
1846
80441
548
1017
21496
11961
19135
120
2807
380
849
1006
1161
274
120
6861
80
343
912
658
3940
12176
37
13432
38969
99
430
36460
19
27865
486
344
369
32420
3734
15521
41682
293
1449
3218
2430
455
18
13773
1152
130
79
2815
851
10154
2618
517
18542
7822
38080
315
1697
370
84848
15186
332
383
1083
1520
907
622
101
369
431
370
551
34
407
362
792
331
276
497
128
29
354
4166
375
4279
383
669
603
52
137
2984
593
22186
10816
5400
433
479
324
347
8477
2079
60
3441
17733
7228
28
437
15
367
9108
5024
400
122
1286
282
2550
4039
1004
398
254
186
1395
948
146
838
581
144
854
268
63
71
54
5268
847
199
4637
39892
7077
17028
5628
1689
1131
89
13
548
31
6576
2430
266
908
1701
291
59721
45531
66004
518
351
1230
652
1
1287
490
115
461
25248
1261
3760
120
4766
1074
147
2684
3929
928
25236
9688
3432
569
577
1629
627
1143
1101
3392
112
1830
10747
1445
540
5594
17
37
1065
1
894
69
1047
1544
1312
18681
709
3040
6911
31117
520
8518
1263
48
17
7
61
2238
378
564
3687
438
11262
2663
79
35024
2314
7228
14
50649
7343
14648
669
24
886
68
6521
570
367
4784
59
19791
624
1496
19910
5356
1000
60602
10
959
17428
9654
949
22319
2328
10280
1149
4085
11900
669
5249
2743
2502
987
105
355
4603
3062
2680
1423
10473
814
424
14
16292
37691
3148
1133
5737
670
3858
832
619
1927
484
6
13771
8692
1948
4671
485
6724
183
961
75
54
123
5327
3
1097
4693
5
2774
78
327
31
122
3645
19656
22
1081
2416
23
315
270
1143
2575
52901
245
8447
927
303
386
3658
1096
1010
640
657
955
353
507
38799
1083
1487
2894
252
233
29
484
13290
2032
3072
2702
2778
96
5
999
1208
433
11786
12175
154
1660
1380
339
2348
3416
9946
61269
37378
2483
19071
3743
53
1634
1892
13161
1813
890
110
519
1986
14270
2513
2412
502
173
9
319
2401
2198
1062
1578
353
85
519
2784
643
102
27819
10599
8178
2088
1
2474
622
2074
110
6777
155
55
95
20319
1880
28621
472
5713
1315
72
6254
2265
124
748
5772
2601
42
12828
41228
2732
7096
2556
29539
5429
22933
80554
21997
22408
80
675
82792
35133
5045
10502
2013
1148
108
3923
7946
9691
4863
551
6432
4330
711
18673
5015
6165
32
6059
480
127
17989
224
1414
4293
722
188
5981
203
4043
166
3949
947
2899
155
668
33879
2621
8510
30374
344
136
232
1378
911
291
1437
21
3114
2402
7438
2795
59
3976
9413
3250
2144
3361
93
930
10039
487
11267
13400
2359
1146
3835
4062
19653
235
19904
5183
1925
15280
16628
12466
14506
4783
1380
1345
825
14791
154671
339
67
15
33
132
3426
356
2767
5418
510
91
345
233
3424
48
948
1466
7213
39
740
78932
1598
11266
1838
3149
9550
282
21743
781
593
9
7325
1924
1795
483
8839
339
857
159
362
184
153
2266
1987
113
219
26056
9850
60745
8315
2005
1535
41710
3257
53
8
38
2236
2
160
1244
830
750
414
181
3241
884
430
193
185
312
3120
59
7734
813
790
82
858
7038
9
2981
1527
5619
500
1654
970
475
1
40
1154
218
182
4304
1850
24509
860
1963
15116
1386
597
490
10524
86205
2536
7898
213
23661
2970
559
2016
3945
17325
35304
64
3665
573
111
5032
121
642
5243
1660
1002
7562
1592
186
443
650
1088
2013
426
1975
2142
707
619
1929
82
4184
4455
34374
5516
158
1550
371
3136
7
64757
10433
4775
613
17725
31544
12360
483
624
8519
5481
12115
4727
1653
456
4718
4728
127
514
2
17961
880
432
259
3572
3577
3337
600
6577
172
245
644
130
1303
114
353
15793
3468
174
2278
13
478
15292
3458
875
223
220
58384
2566
883
559
3074
812
269
1639
1808
141
840
23
12426
772
3740
66
4692
194
160
259
1607
454
841
102
2650
1668
793
1319
95
1515
2022
2968
1701
195
2049
5
5153
1345
246
513
350
314
289
1055
54
365
27696
42763
1
1659
1587
2666
1151
495
8053
283
4240
1488
2762
434
12
17
3475
668
18146
11610
6704
390
806
2702
1029
10
147
477
163
12857
6990
454
1499
36168
681
34
142
2863
2889
12759
943
4772
12130
132
16445
126
842
668
683
15671
9
376
324
345
438
664
22
26891
3877
987
70
3166
626
2185
86
16578
15461
343
1409
2059
3183
21031
4901
10093
34191
592
11587
6702
43943
214
2264
3954
13268
2398
28656
3667
11585
8728
201
3832
162
37
4345
27154
4152
1357
3399
7836
206
566
1371
33926
6115
16492
425
3444
1168
12579
13368
2174
5303
927
13974
6495
17834
26539
11866
20838
11799
3100
1160
5121
4162
338
32948
6585
30103
2199
28174
34594
97
12780
874
1866
631
412
1702
731
60674
29818
46102
36018
37455
1168
50018
21509
34807
66499
13608
66675
34181
22187
47576
4531
32455
3870
163
494
890
397
114
1116
785
602
2068
109
6454
19610
275
3510
131
2112
393
280
1204
7391
3209
1110
1077
213
112
118
1247
161
176
11191
47424
34916
8664
35608
24735
1422
1402
1025
20442
7091
28508
58
40
13776
462
21
5176
1376
468
823
1116
4468
183
4388
4530
3609
12297
185
610
3721
7006
277
2008
881
4483
508
683
793
492
744
399
6
277
1557
4623
50
1859
2114
25857
45699
3677
17
1349
147
849
76
1095
292
161
562
7954
621
976
616
253
6655
5168
1770
703
84
3847
12182
3326
3
47640
252
1436
298
13456
306
662
184
139
127
290
4956
265
3
359
7
3287
2181
828
11651
93
1413
57
6861
6241
5104
5341
36022
9316
21067
33064
1988
13308
21722
34271
244
41636
6098
835
29217
731
17015
3247
6371
11606
9624
19125
4974
8360
396
3384
2136
34800
163
24773
16666
1642
177285
29437
1020
2586
121
6081
12288
1466
49114
8150
1333
1130
6939
67
1130
592
389
348
750
1977
18
3158
9738
11468
24887
7369
26943
9403
414
654
10
37752
35732
893
4673
5326
425
615
53304
1888
22517
3258
10876
5025
13
67631
14528
2714
1026
24623
1473
12271
29647
2993
1030
6713
18180
1230
11672
5306
9153
14442
4509
8806
15240
878
170
11751
24221
19978
23650
18810
11435
15136
9853
7240
33317
55439
33545
1624
1214
14597
22915
37551
1162
5311
1300
781
5778
11053
26809
319
15532
8171
5053
652
707
29
2331
385
3435
311
486
32140
926
15822
2024
20026
25848
46290
14157
83314
8848
1198
163
173
260
290
1205
3293
17569
4469
14662
8123
495
1085
2626
52098
8496
1370
850
9653
1365
1158
9641
22720
4393
2531
10169
1741
8191
9210
18041
3122
12697
23989
12530
5529
11254
14737
11846
9998
4290
2007
285
2913
2484
6981
891
2358
457
1229
9284
15969
38755
12279
13292
11557
25268
11092
12272
8218
8105
26798
15895
11157
504
4946
91
315
9358
1423
1366
1540
131
2906
38346
2949
797
12489
4637
4180
91
14814
13616
549
1000
107
27454
13133
1136
10672
33
27109
27
148
262
2411
266
1
9878
18503
2475
29362
22381
13739
27429
16087
8097
3448
862
21623
13372
20886
62782
791
8344
821
4465
688
7475
503
4806
292
86
1
87
1072
207
1
2827
9488
9056
5250
22148
3928
117070
7333
15979
17007
5724
12895
9245
1500
1581
1400
520
7006
7632
73
1212
116
457
573
7469
17563
12756
8
10524
57
57
1771
7184
493
9612
12030
1850
7442
1731
1
196
1575
9297
38734
8022
5572
84788
1635
11246
19663
599
34917
6762
3573
19506
395
355
28146
10
1554
77
21
913
1463
13616
319
9
791
30385
3682
1507
498
5199
6075
69197
2480
64
11504
293
937
451
489
2166
3384
968
7484
181
2746
86
54
8
414
1761
54
13541
7
4670
8684
8453
798
960
56
1556
392
25
449
22
90
325
19
2
33694
3059
6157
7745
10795
9239
7892
115
1660
5078
144
3810
29
718
14
33
838
20860
6183
2887
2453
54286
30956
2206
4024
13279
2047
14719
29242
19007
33451
31163
52244
25468
38044
32207
1
8382
47294
37102
9599
58921
78208
134175
29694
74799
36696
57260
16557
20264
883
13285
9694
360
40926
213
355
1045
26930
13526
1
340
23795
44589
3977
3775
38862
295
176
14756
2897
1189
24081
13988
913
1171
3013
192
6660
87
71
1356
13143
3816
1630
164
26
2
246
126
10917
538
440
244
14086
2068
1722
5508
72
256
82
12
3431
23638
22782
41
500
3160
1858
327
7903
52
519
139
81
745
244
11837
7211
2779
9
447
152
591
1139
350
19724
2990
28838
50
1483
9
2518
1133
2776
2813
637
26
1
627
68
874
25
497
9961
12162
36237
2648
14452
5863
1427
69763
1889
6748
35572
24760
1992
15
603
2
436
