239
19
111
46
373
126
29
316
131
84
332
228
40
149
51
120
208
97
186
38
945
139
133
147
128
89
146
351
168
311
426
22
91
80
61
221
206
194
330
29
1151
22
425
221
853
595
132
143
6
348
104
648
168
327
260
184
843
414
78
58
8
37
813
175
128
206
126
442
129
565
27
276
221
1276
97
397
380
98
366
184
41
64
949
10
42
355
25
486
10
153
22
383
274
87
145
25
177
232
148
864
971
47
364
10
63
204
642
13
706
281
11
56
36
358
448
1871
161
250
371
2679
491
287
282
63
191
52
16
50
172
65
163
47
49
55
87
68
25
748
834
561
613
636
22
68
145
40
150
610
181
26
142
61
17
145
80
29
53
367
45
392
77
81
229
14
23
274
208
31
180
11
379
104
82
566
268
163
200
776
254
136
455
699
427
125
248
177
94
38
365
62
889
109
102
129
582
251
454
22
271
330
468
9
435
155
27
187
170
144
82
126
125
32
661
151
805
32
30
271
364
2455
61
106
15
238
762
107
116
36
415
49
9
92
163
46
77
39
69
68
1248
300
271
39
606
219
73
269
