85
1425
11
296
1214
14
579
364
107
961
223
16
298
51
124
7295
1319
2090
2310
3668
3
124
3288
77
1172
2798
30
20
963
87
21
32
56
42
1190
474
3
14
3843
3131
320
70
163
1314
378
1987
1551
14
75
393
1
364
100
401
274
179
77
712
10
134
2192
126
3107
398
405
5
263
1383
227
6
5
96
29
1380
2491
91
10
287
1122
178
27
894
647
1130
378
226
152
1611
3
468
1062
600
48
440
54
34
3
82
143
2638
294
109
626
832
567
854
803
28731
14
823
58
329
4080
1078
416
23
1333
101
799
46
565
240
218
67
25
663
4329
823
147
28
722
