1
95
312
163
7
38
15
147
9
25
1
289
1185
174
420
628
35
83
35
4
12
97
142
218
194
14
4
240
49
21
184
124
111
8
60
21
42
171
5
40
62
44
132
217
46
18
216
1
17
25
145
11
70
95
222
35
35
223
66
225
214
45
1
11
39
209
19
124
3
35
182
63
19099
210
22
30
192
194
50
1
7
24
33
3
10
1058
2
14
189
141
211
52
83
4
10
5
147
122
46
17
483
137
55
9
35
927
1
95
98
99
12
2
92
73
63
46
6
6
36
13
13
9
1
1
13
14
769
1
208
29
17
929
35
1
8
215
47
60
10
123
305
5
126
59
128
147
2
574
5481
13
37
72
10
4
127
5
4
8
42
9
16
136
54
31
10
11
104
5
35
1
10
475
119
230
17
1574
21
48
145
241
44
365
128
1
284
160
21
106
35
59
187
45
158
89
22
36
3
2
1
4
82
39
25
102
1
4
534
34
1
52
17
56
132
204
217
189
93
126
1324
408
223
100
6
63
237
152
500
30
603
180
8
33
35
30
35
34
139
200
8
95
30
35
311
215
31
754
161
37
31
35
35
122
32
99
35
241
152
269
30
35
37
33
33
323
31
163
35
91
126
95
144
150
60
72
8
44
263
40
31
119
214
264
35
78
33
31
118
72
152
38
85
150
305
13
65
90
31
144
43
159
40
147
35
144
212
145
228
37
192
2
35
38
40
150
497
341
137
222
12
35
1053
15
85
3
215
24
248
92
316
33
1
26
47
166
222
4
16
157
14
38
37
29
210
11
8
9
27
11
345
98
44
124
6
188
6
6
1
32
55
239
13
2
28
9
194
3
242
118
15
915
37
163
36
61
121
19
145
147
1
90
32
6
1
11
35
211
145
235
290
218
41
93
148
544
34
151
22
163
540
6
161
30
30
183
62
83
1
11
26
234
1
36
217
6
85
157
10
29
11
145
325
154
13
9
1
9
9
194
95
16
51
555
11
44
10
26
1
14
123
6
29
6
36
64
2
8
44
8
6
34
45
606
9
67
33
51
1
215
15
124
2562
29
31
7
578
214
1
9
30
29
886
121
95
32
182
214
291
168
6
933
99
16
2
3
336
5
142
65
45
608
1440
7
35
36
30
35
45
35
46
14
36
44
13
1
119
72
238
497
35
134
1412
76
1
7
440
502
38
95
36
14
41
5
35
62
5
26
214
37
287
7
35
19
32
260
151
14
54
149
1
29
20
96
35
379
26
218
1
8
7
3
960
13
77
67
94
99
32
95
164
35
154
314
199
35
121
119
56
98
5
678
170
6
22
42
35
11
6
5
38
213
3
40
183
1
149
6
337
15
218
46
1
14
40
10
3
1
392
2
13
186
164
227
27
273
36
253
12
1
1
221
8
2
268
651
27
151
105
224
4
4
127
23
286
219
5
1775
35
234
4
1
3
218
7
8
3
23
23
66
28
5
23
82
26
30
225
287
218
50
30
1
47
24
11
15
31
2
12
1
13
22
56
106
593
173
1
19
2
6
3
1
1
473
131
34
187
5
1
115
24
128
74
227
162
218
320
35
41
280
30
76
349
421
175
38
35
42
32
35
31
124
149
59
300
39
216
145
190
150
69
218
60
31
35
121
489
1
235
1
307
666
5
847
487
127
224
70
247
63
121
104
16
242
1
35
35
858
99
14
157
286
1
202
9
397
267
64
45
98
143
35
235
23
93
58
217
58
147
6
39
74
162
161
215
22
123
62
31
302
14
154
82
496
66
22
10
3
93
162
100
177
9
163
3
161
119
30
35
41
231
104
44
5
31
195
66
61
103
56
40
3
358
4
208
182
238
83
20
127
219
1
46
5
55
71
58
154
40
306
355
139
11
13
210
11
217
154
14
231
11
7
193
7
208
49
9
14
414
35
44
6
168
47
395
35
21
35
201
31
105
31
35
164
214
35
67
202
9
32
169
5
220
1
35
345
35
504
11
136
280
100
91
214
146
32
3
1
220
95
300
105
84
62
73
25
367
1
49
48
6
4
91
2
212
5
273
251
1
30
206
2
31
17
568
30
3
239
219
516
74
30
20
49
166
12
38
45
48
3
193
41
33
146
5
90
12
1348
222
820
20
9
254
1
24
289
1
58
636
12
211
105
35
21
175
26
28
8
363
236
83
35
45
213
90
221
87
16
197
413
33
153
30
16
248
253
7
90
229
10
355
20
272
94
5
35
3
161
63
9
38
12
34
15
46
289
12
218
9
5
146
32
784
237
231
23
81
199
285
123
214
129
68
135
145
95
20
242
84
125
2
31
1
1
141
33
7
194
216
11
51
15
23
7
2
209
32
42
8
134
39
4
9
166
18
25
60
3
180
11
167
99
3
18
6
22
203
209
234
40
236
187
118
135
230
44
96
66
239
17
3
8
9
13
223
2
317
105
90
253
229
146
71
16
100
39
217
162
145
98
18
141
3
154
11
142
3
41
219
194
2
116
260
57
161
452
1
34
83
17
33
127
641
126
227
161
176
24
242
11
152
3
46
166
42
46
216
45
284
607
45
144
100
56
35
224
69
35
27
161
140
60
161
1
17
24
13
121
13
237
234
31
182
90
214
52
145
484
266
145
42
164
246
32
218
147
245
59
40
12
298
166
20
111
258
732
185
128
315
145
161
35
126
695
282
148
407
45
154
202
84
6
159
236
182
48
85
35
44
215
186
235
145
5
1
535
424
8
158
162
89
152
157
101
120
26
147
152
21
427
73
862
12
5
221
142
406
159
229
30
187
2
157
35
503
35
12
95
215
122
221
37
121
17
172
49
241
55
22
36
232
301
87
25
30
219
59
144
35
229
176
291
164
163
4
268
35
180
210
26
7
33
35
146
44
30
6
34
87
244
169
30
519
220
392
321
30
47
145
8
10
30
217
14
35
35
210
334
191
140
147
35
147
95
4
13
31
64
1
1
211
81
171
2
8
