16
143
18
19
9
476
207
3185
253
12
220
9
676
246
12
80
56
35
414
30
10
6
84
243
14
294
57
12
2
274
26
54
379
630
112
188
196
60
61
33
25
272
211
10
66
48
40
1442
276
552
478
216
53
1439
12
123
325
57
24
251
7
419
55
1218
58
77
4
13
116
18
23
46
28
6
5
1171
3751
2399
381
26
233
932
46
50
25
134
22
48
150
2
74
204
13
161
37
1
350
11
229
137
78
461
173
3
100
2
61
9
1223
8
344
652
1372
8
90
605
9
2096
66
216
3
314
34
101
4
76
32
604
140
3
263
23
379
388
31
35
135
20
39
141
7
1
95
13
60
468
28
21
224
12
323
168
120
211
594
151
126
8
191
200
190
479
1246
91
1
213
315
328
45
179
6
74
603
242
370
13
34
116
48
13
375
24
371
27
155
606
43
24
316
13
43
470
1076
64
681
3
40
38
1400
86
1105
625
23
33
136
198
832
26
216
212
1238
139
86
91
4
235
503
93
309
101
34
250
418
46
2052
2
425
107
12
78
169
87
18
124
17
301
180
11
138
2
1277
341
67
80
208
81
462
164
31
258
192
121
199
176
20
22
5
7
18
77
192
31
189
551
208
3
54
1262
52
52
17
18
62
7
2354
639
793
31
833
29
852
37
666
36
179
375
654
347
202
51
188
248
361
14
44
40
685
173
130
5
1601
1698
755
9
1377
9
40
5
21
64
3
166
4
42
4
192
7
44
29
18
68
27
9
333
715
260
2
414
61
119
493
151
703
175
110
43
481
1276
17
25
1734
386
208
6
50
47
14
26
10
48
242
2101
10
77
4
1389
38
141
477
519
40
124
129
671
7052
121
2
176
988
28
163
9
187
90
225
95
125
205
7477
142
676
40
128
186
368
93
54
185
232
18
220
4
3
80
109
16
4
295
25
498
202
17
450
105
199
157
88
1393
31
214
180
118
