42
212
177
65
112
157
48
28
37
112
162
9
173
261
237
123
639
170
735
240
29
7
8
161
35
2
433
44
7
154
21
115
590
29
35
4418
86
3
702
38
119
123
434
231
7
125
4
365
35
235
174
113
16
49
416
174
368
418
124
341
70
33
307
53
33
30
454
127
52
84
173
544
27
22
60
15
236
19
37
43
645
507
2200
71
131
75
117
2
129
471
11
59
2
33
99
255
55
130
16
145
14
136
43
33
18
16
7
6
42
6
1
20
316
40
116
56
45
90
543
505
384
7
133
137
122
2
157
27
477
78
37
120
399
110
31
242
119
1
9
7
54
8
120
10
545
48
28
42
152
3
93
38
1
17
109
104
41
11
32
76
33
2569
94
16
114
5
308
202
55
192
29
79
1606
189
12
4
133
6
61
275
78
61
54
19
53
400
172
1
18
97
309
482
403
25
7
202
373
59
9
36
11
199
73
106
82
155
20
54
253
72
121
120
150
529
141
50
156
622
121
1860
124
279
8
7
129
659
96
124
3
931
1
724
1720
55
36
51
11
20
87
56
155
273
59
235
179
808
16
162
818
57
14
6
19
130
222
264
11
244
63
120
8
31
46
12
20
305
15
210
40
1400
311
117
154
212
101
130
16
40
21
1146
133
210
66
604
190
81
48
436
39
1275
16
258
247
20
8
45
4
377
86
169
4
66
84
20
220
61
613
139
66
29
114
34
15
215
131
1590
99
391
40
22
19
56
258
95
259
418
280
41
1689
12
30
223
85
307
992
145
57
53
531
213
21
560
148
258
13
4
36
1428
104
1
8
281
57
354
206
4
148
194
323
109
402
591
416
111
249
3115
39
40
1883
158
222
34
6
571
41
18
35
4
8
150
51
223
100
42
54
98
371
34
223
72
405
29
333
868
29
59
175
7
79
680
449
481
255
124
54
19
240
927
2
459
144
22
87
33
31
5
148
1480
67
46
145
4
22
144
109
496
27
140
138
129
121
96
173
5
99
7
31
224
1
27
141
131
364
5
107
38
386
2842
47
11
154
2
170
56
290
237
44
166
171
179
33
7
435
5
178
9
11
1
28
439
222
343
64
186
54
159
195
49
48
292
505
47
179
170
16
5
817
118
8
659
17
60
9
6
75
105
4
11
20
140
211
17
489
1274
129
215
4
124
27
45
6
220
1043
10
5626
96
1074
289
159
78
248
70
220
13
38
27
121
556
179
190
121
33
138
224
307
191
90
4
332
10
457
45
81
386
134
389
38
261
18
192
238
44
7
42
1137
97
154
397
74
105
29
77
95
16
861
58
976
117
27
18
291
2148
497
143
204
364
21
72
62
119
240
9
399
18
64
146
54
623
138
21
218
120
13
166
206
445
65
129
240
165
345
74
678
15
911
15
5
285
230
243
377
239
206
5
330
54
16
1247
609
72
183
63
270
299
126
340
211
22
213
51
70
133
620
41
10
71
342
171
151
20
9
4
65
1
94
305
102
347
83
159
2
34
18
1431
30
86
215
122
21
261
15
4
5
41
22
436
886
333
2
23
426
57
173
247
237
583
28
15
166
155
309
9
117
34
109
12
1
14
750
71
9
183
10
123
2
102
59
121
3
736
31
125
2
89
422
21
175
169
125
134
483
28
84
278
434
3
13
34
15
69
5
86
134
1
86
141
3
3811
97
174
3
89
1383
990
150
357
642
21
196
83
83
313
2108
557
25
414
3
185
182
304
48
1
602
358
138
46
800
63
161
82
980
1590
18
156
14
204
135
21
954
10
170
2
404
268
235
23
61
5
99
9
572
101
60
44
92
38
23
13
327
56
5
13
867
469
42
113
25
1700
1
128
71
167
254
954
352
309
237
160
128
750
1409
29
4
96
33
355
426
74
35
133
38
242
52
645
493
29
50
190
760
7
129
18
104
757
1
1178
174
165
177
77
621
21
334
49
56
180
134
348
135
30
70
343
565
262
88
51
86
16
100
86
138
19
14
68
412
60
21
100
992
9
96
9
973
84
2
555
1257
235
40
132
36
1904
392
7
333
242
17
52
233
335
298
728
463
163
84
222
35
23
258
47
334
27
54
98
212
108
90
467
30
9858
35
188
101
1003
93
186
145
285
475
23
6
39
211
117
11
4
943
132
65
305
228
89
843
1
61
477
271
47
49
113
389
205
290
187
38
119
742
191
10
199
4
233
29
87
5
51
45
402
354
38
76
505
109
95
32
222
4
84
181
45
118
45
366
151
99
43
181
122
19
421
602
80
43
32
1297
346
1224
442
473
218
100
37
39
64
972
294
111
709
50
821
120
124
239
260
157
282
24
12
5
152
30
798
73
5
1
281
96
217
232
423
12
14
546
37
1
23
180
23
80
100
332
83
213
297
495
8
121
184
42
126
78
447
181
122
1694
746
887
167
90
1
18
696
127
310
14
44
18
1172
406
160
529
1311
310
1122
31
117
408
89
4
131
661
27
571
994
171
29
79
72
142
10
27
11
112
1591
218
295
213
54
322
395
101
61
3
130
121
128
86
11
5
135
12
338
599
250
39
389
1
162
16
305
690
17
378
73
1240
1332
208
426
3453
571
216
726
9
51
188
777
198
216
418
692
102
231
2497
26
25
7
264
309
101
149
54
127
225
1141
9
185
27
176
411
123
7
285
30
62
39
284
1628
9
3
192
1849
438
299
97
121
432
1
48
19
117
691
1932
18
8
21
117
15
70
45
309
134
465
119
80
255
5
549
681
34
225
43
51
429
87
270
229
199
161
155
39
312
38
37
1073
552
396
53
109
306
127
262
314
21
1366
1048
92
80
21
71
21
30
207
25
30
51
343
26
226
5
18
65
182
193
342
58
60
287
134
39
41
387
22
62
322
18
43
380
352
621
320
87
180
1
29
1193
38
183
39
80
16
163
31
9
141
260
60
132
177
272
198
423
352
19
28
295
76
693
832
36
102
61
534
60
67
114
115
30
152
34
61
259
549
146
1098
6
4
468
30
55
31
1201
700
48
341
289
43
53
133
1
281
27
67
294
125
320
469
222
159
64
404
35
69
1244
119
102
7
31
116
63
149
3
32
20
282
42
126
190
112
41
15
35
24
14
88
352
305
15
19
1
229
313
10
130
1
84
67
54
65
464
79
141
8
14
50
855
224
182
7
31
140
219
66
190
21
2283
215
131
10
149
2
996
34
173
66
202
21
10
211
25
30
1640
134
198
149
15
422
934
64
1478
74
36
5
149
687
292
1
53
205
1988
388
15
1494
275
877
212
13
5
708
27
219
120
384
301
409
139
13
115
244
26
115
5
100
22
8158
132
1
212
21
1
151
3931
90
58
24
1186
271
36
3356
38
275
171
187
249
5
45
89
201
640
30
2
18
579
13
335
1288
112
6
34
11
415
931
511
44
185
228
180
25
39
14
12
127
1511
88
204
74
121
74
144
52
23
36
60
26
235
732
100
209
30
391
38
31
3
14
704
693
1851
76
139
31
3
163
223
108
191
3
17
33
434
18
181
31
37
12
182
44
15
35
95
280
41
14
436
63
750
8
235
25
162
2
1526
12
27
780
133
13
134
281
35
375
20
16
85
95
29
45
407
307
20
5
2
49
452
4
114
89
262
104
43
212
67
447
433
563
697
24
28
776
74
262
11
103
112
142
1183
16
75
357
8
1
136
41
3
36
344
291
582
78
317
258
21
55
980
5
81
8
521
536
6
91
67
593
300
204
62
225
476
202
48
2
102
149
180
252
79
43
225
1788
139
39
377
16
22
172
94
497
76
30
137
857
538
458
1320
137
140
73
204
359
79
237
27
87
8
1068
167
362
319
130
827
597
52
178
62
22
126
14
79
10
238
109
89
19
1115
330
25
3
3
43
8
618
58
82
44
1
311
46
39
15
33
1257
60
69
281
288
259
53
189
18
59
242
624
248
584
52
98
17
377
182
309
284
1072
39
338
195
200
16
14
160
236
208
1
393
155
43
663
31
19
76
5
1905
534
142
44
27
814
2
3
239
117
435
194
267
194
1
151
814
353
122
139
205
170
528
832
42
21
137
864
60
53
1362
653
110
169
485
48
149
239
45
98
126
36
134
257
107
28
115
32
41
5178
1929
8
150
214
38
4
53
17
8
43
141
164
755
8
26
22
651
105
85
16
772
408
111
28
373
349
77
256
459
388
7
312
1866
278
92
19
136
22
385
37
104
79
749
181
25
31
18
113
287
27
20
22
109
105
532
5
7
49
412
10
111
52
165
5
28
539
4
96
13
312
219
31
12
7
1094
175
27
373
38
23
198
225
122
363
199
56
22
254
209
7
9
32
126
53
27
238
80
11
35
135
26
260
83
210
399
103
69
129
9
197
100
685
652
23
32
250
245
312
10
23
12
147
143
42
21
3495
31
86
166
20
16
613
111
265
157
138
36
30
142
132
419
125
171
123
143
7
32
92
515
114
2012
50
297
237
91
863
31
13
61
54
211
1072
15
474
230
316
360
48
78
38
342
32
367
1194
19
74
125
246
27
106
251
22
7
766
366
11
20
283
133
1480
984
128
473
148
235
116
128
740
12886
272
170
182
117
115
15754
208
102
114
59
161
652
678
114
286
241
149
113
139
180
178
103
408
126
113
115
193
6
218
62
173
123
362
123
322
28
123
9
363
23
175
302
129
235
839
120
368
251
302
160
122
2
447
219
115
10
112
25
782
347
270
122
334
365
1
395
927
353
762
33
176
119
115
566
77
281
112
44
143
112
295
132
124
18
481
327
321
240
11
2205
352
637
61
38
1036
181
965
9
56
235
16
18
50
34
50
49
123
93
41
6
1576
62
1629
855
306
79
445
297
44
144
211
180
177
207
14
19
8
9
227
26
1
74
110
13
283
79
61
316
122
326
115
77
1121
61
76
193
199
119
7
13
6
7
77
207
227
303
108
161
226
74
115
112
165
1
93
50
10
11
169
670
35
530
148
580
114
59
10
15
101
3
51
30
3
20
715
1661
228
864
337
14
306
1
10
12
1261
175
1399
102
134
510
4
89
107
19
8
362
219
283
21
41
63
9
143
35
10
9
20
20
22
18
114
423
134
71
107
18
14
51
1
9
235
545
284
16
89
25
112
450
132
28
132
45
155
225
123
65
62
274
212
23
135
97
122
170
153
97
836
113
1030
42
268
139
1538
52
188
51
318
32
162
1
116
135
147
215
1
180
308
155
7
129
1166
537
115
21
33
206
115
122
243
980
94
68
531
335
18
16
12
77
13
119
8
112
175
25
39
34
39
165
66
3
160
12
48
118
294
458
36
46
204
132
283
23
9
348
1702
5
102
2
261
53
89
62
10
27
24
47
108
1776
3
212
166
18
180
1
88
74
73
228
14
120
91
266
127
295
128
240
290
11
814
47
413
717
149
69
25
25
180
24
60
87
41
24
36
631
22
6
463
18
193
111
649
9
1448
391
101
306
17
132
25
165
290
116
82
47
460
23
75
387
153
211
17
142
684
21
50
146
44
138
64
77
28
114
161
102
113
15
400
24
46
1
38
3
76
212
684
203
2466
404
121
395
248
297
97
1
137
383
30
34
1
132
234
13
23
40
52
12
14
11
47
3
8
39
4
1
108
60
3
123
9
40
37
206
1
343
45
361
324
475
322
130
36
134
90
38
8
172
199
138
8
240
4
8
40
70
886
69
1480
33
12
15
24
45
50
71
95
32
94
32
68
550
171
19
325
61
742
404
255
7
47
31
49
10
133
62
45
225
139
47
102
324
123
199
173
164
12
1079
31
709
148
172
126
9
133
304
6
17
9
138
46
9
1153
109
18
1
1
117
183
106
6
13
445
354
66
60
15
207
26
7
482
25
400
342
24
65
326
2
61
3
1804
123
44
45
20
9
32
13
25
113
54
333
1275
8
44
799
355
41
201
42
1093
524
435
7
14
61
50
514
551
64
250
133
39
244
49
1547
226
392
61
143
47
102
189
978
189
640
257
403
16
312
62
61
20
30
42
12
51
8
226
46
639
1
80
247
17
427
492
168
106
10
1
128
160
40
63
58
55
147
111
1
433
66
95
424
29
103
3
12
92
42
177
89
27
553
43
70
300
38
32
8
766
631
198
70
121
49
48
22147
22
43
4
64
225
9
113
2121
8
54
622
41
1876
111
9
7
178
153
19
117
198
203
224
52
71
38
115
515
47
162
17
40
125
1
29
61
126
237
200
505
1246
38
3
93
22
17
44
8
76
19
169
159
129
381
18
184
146
178
16
45
997
6
207
246
75
241
6
135
62
263
29
185
304
62
58
113
11
30
310
348
150
163
371
22
154
30
215
455
263
30
2304
436
1167
11
1015
1334
991
6
140
307
9
17
763
153
10
184
138
220
301
173
159
5
21
8
273
32
16
259
825
46
249
136
16
28
11
180
63
198
11
340
4
34
21
152
37
91
57
158
9
4
1026
100
34
43
299
1738
116
4
425
177
127
157
30
382
33
94
68
136
24
8
68
144
19
645
11
171
100
271
51
213
794
49
114
51
230
23
139
8
43
89
69
381
126
15
20
21
1394
12
397
434
211
132
53
136
489
10
305
76
123
31
711
10
241
202
43
8
9
173
22
8
30
9
204
10196
91
305
23
68
135
9
127
6
5
14
217
208
136
629
215
5
165
32
149
224
11
9
17
12
36
323
9
103
273
181
109
9
102
40
41
127
317
247
350
61
6
60
242
199
1137
6
14
206
654
19
138
135
579
1
56
124
306
249
114
94
43
1007
47
20
3
143
13
211
189
713
306
47
812
1452
943
270
30
120
6
341
81
733
29
129
18
192
11
32
30
8
8
34
42
23
48
34
164
763
38
40
283
43
3
283
515
87
12
1315
70
1
203
12
11
153
30
1
272
251
113
24
97
39
4
7
14
31
1575
384
272
39
604
387
268
188
492
186
792
105
2
16
179
354
1417
165
1456
11
78
71
215
67
266
559
218
112
327
191
51
42
203
164
113
396
13
11
377
57
83
2687
4
71
9
547
319
59
453
2069
26
326
3
33
188
68
62
4
529
266
117
328
15
63
299
282
79
362
119
496
121
52
1
55
4652
235
168
229
54
200
34
151
178
41
148
343
245
26
6
40
51
13
115
9
157
37
68
121
97
59
239
89
440
59
128
30
28
44
29
88
221
58
94
239
430
202
525
26
230
1020
218
26
4
215
142
223
1078
341
447
11
146
38
218
15
28
70
16
705
123
100
30
133
71
619
370
135
52
13
471
11
277
115
7
5
65
31
188
418
1
114
12
25
8
123
15
68
3548
18
129
72
429
10
84
346
66
444
125
34
5
1
95
64
11
6
146
13
237
162
138
3
183
211
201
17
204
4
18
20
19
220
46
255
150
1
131
8
62
1880
34
6
128
22
119
37
56
23
55
4
31
40
38
78
16
150
3
1748
504
86
219
241
9
79
332
112
8
85
329
1
8
1
157
29
139
5
127
148
167
31
124
6
422
145
59
483
170
644
510
4
109
89
43
1
102
70
263
211
170
17
394
148
295
174
10
99
22
340
20
8
190
138
44
30
535
249
30
15
1803
200
107
67
123
3
185
5
87
18
239
52
38
6
434
679
86
23
16
49
101
16
271
539
13
659
22
57
405
535
111
125
49
76
25
128
347
59
213
472
81
31
116
128
45
208
59
108
104
7
85
197
142
197
141
257
47
53
408
476
776
226
59
10
44
21
393
712
285
25
345
417
84
69
105
118
72
73
47
155
543
657
30
64
66
33
166
175
380
35
20
51
424
30
204
235
53
4
282
17
1
135
1
26
117
63
42
477
6
62
112
43
14
451
27
18
331
91
212
59
62
68
247
94
6
5
61
106
149
30
1070
14
1071
72
280
11
446
75
41
372
76
185
204
123
78
204
1
376
83
17
391
1886
3
108
46
71
1135
87
152
71
40
33
128
856
64
35
42
211
715
483
115
299
139
182
234
241
303
187
1
526
51
231
31
679
8
201
769
783
10
201
25
66
180
45
121
13
2
26
164
149
128
64
1
201
326
167
170
227
67
112
304
1663
913
190
211
797
54
140
83
173
407
192
35
8
38
277
28
210
5
142
617
4
287
419
212
275
52
94
13
32
169
3235
675
132
67
117
632
889
529
23
22
335
35
181
217
107
22
78
19
188
116
105
24
39
180
199
2
4
4
195
22
58
1319
487
60
121
66
333
307
82
794
14
443
162
153
378
489
46
68
37
69
22
46
30
435
1596
160
104
97
475
20
143
95
28
329
112
68
40
543
104
405
19
227
324
36
56
263
40
497
12
291
9
17
187
514
1490
49
110
92
50
1087
46
5
13
55
460
74
8
37
214
94
22
93
1149
16
19
10
4
5
1
60
201
57
1772
77
86
548
24
70
66
268
17
317
161
163
2150
48
129
11
22
99
94
126
33
27
162
504
49
819
718
95
13
171
135
644
114
2145
130
932
736
255
205
160
20
193
15
6
343
6
90
46
63
78
34
104
107
16
395
468
11
5
56
962
256
261
673
219
298
40
319
38
947
154
24
8
516
16
11
337
2704
9
138
156
521
220
71
112
41
57
107
27
17
12
91
29
143
1483
245
7
311
465
420
523
165
304
12
10
242
27
10
25
2131
43
106
36
100
47
84
1074
92
5
377
39
179
554
756
61
28
361
63
4
576
19
255
8
116
40
8
293
607
39
93
46
112
34
1103
17
12
44
6
322
34
6
4
23
40
183
70
16
68
3159
76
36
24
137
44
115
11
158
258
66
167
203
102
7
118
104
330
33
9
18
141
297
93
36
284
455
594
404
25
158
187
361
6
31
8
196
6
199
17
233
574
41
167
193
41
469
21
34
725
15
2
176
525
15
4
19
978
96
51
73
24
95
122
112
787
20
225
1
613
26
41
435
141
10793
506
929
109
1277
63
6
21
70
71
46
43
160
1571
171
118
111
149
1006
31
324
158
367
9
329
16
192
12
111
485
55
146
1191
270
15
1209
79
519
42
246
462
36
240
208
3
219
3
180
35
13
454
47
154
263
188
790
59
27
572
237
100
47
352
144
1190
47
224
56
4
20
9
475
168
482
2474
16
64
37
239
35
337
42
13
411
184
225
426
100
197
29
37
172
199
215
880
13
142
350
19
1
772
84
973
129
146
5
404
38
24
54
2
407
9
41
8
27
1038
9
58
442
733
198
1
233
307
20
98
444
21
1196
538
254
1508
115
780
601
107
113
856
5
22
264
12
580
9
82
1156
693
8
896
7
8
285
254
553
22
491
187
22
68
35
138
81
426
18
21
241
409
112
331
15
1478
464
55
38
16
223
48
74
209
335
1607
6
47
54
586
143
102
112
44
561
365
8
403
100
39
1398
118
42
60
192
501
42
312
662
224
1
93
115
13
225
76
125
153
814
85
31
347
433
712
47
77
98
29
56
210
1
112
1
190
209
946
17
34
65
181
1
1092
126
68
632
8
22
47
15
464
356
1278
341
101
244
30
327
155
16
351
221
45
133
3
691
182
445
22
46
13
11
33
4
124
42
256
20
30
6
8
6
293
88
36
164
13
120
28
86
16
30
28
316
111
250
37
755
44
25
46
31
135
207
78
180
25
105
8
483
347
22
338
115
153
96
912
8
264
209
272
7
99
25
302
417
112
18
11
7
233
6
385
38
709
13
23
423
6
14
84
16
11
13
5
35
48
7
169
8
331
89
201
24
2199
5
3721
1939
1757
5
37
36
110
34
2
114
235
155
60
373
111
2
20
16
16
329
6
127
289
46
204
151
22
19
190
309
106
83
50
37
159
157
115
58
98
986
259
190
755
173
16
89
20
128
80
150
41
189
1343
34
52
134
55
365
44
258
38
20
7
2
1950
196
29
43
2
4529
21
400
72
3
24
129
113
33
104
5
96
6
189
40
1
35
353
272
257
14
183
64
77
140
236
110
94
68
31
971
33
123
83
122
452
37
69
69
119
1
26
57
39
130
170
8
12
693
1
7
165
7
13
37
334
274
207
14
36
82
1
309
482
1176
1414
462
43
33
38
8
416
742
48
338
459
68
19
17
1666
125
96
38
981
202
10
4
639
157
9
6
453
70
10
972
12
263
163
76
92
103
261
175
50
19
30
31
25
38
112
48
989
8
339
1540
276
1
27
132
19
62
1755
1
276
676
12
82
8
84
41
1055
21
155
461
20
47
319
65
49
1
24
44
62
47
5
112
258
9
394
16
61
39
436
2
223
15
141
175
33
59
93
143
290
416
541
132
734
270
151
28
21
53
315
37
103
160
192
10
19
55
731
39
267
95
136
130
53
386
102
123
68
46
123
382
36
1
103
1984
144
72
4
9
498
60
33
10
974
34
14
72
6
37
1415
274
729
65
61
34
90
106
1615
5
7
1
14
360
199
146
38
66
64
64
51
20
15
490
33
9
260
11
89
156
15
1
69
557
1031
6
45
303
424
99
108
194
39
15
12
31
75
242
218
6082
44
14
7
43
29
1858
302
353
32
193
85
447
15
114
60
31
150
103
148
76
119
208
102
117
68
13
18
271
2
287
111
1496
403
84
559
361
115
116
987
267
482
27
27
38
129
19
52
17
383
122
137
395
5
33
7
827
55
108
96
133
94
221
21
113
193
17
143
132
1358
35
19
6
13
758
237
250
145
33
960
179
203
45
194
186
71
158
167
45
343
205
41
25
124
112
14
379
245
17
149
38
26
1666
19
5
60
88
44
165
46
13
16
82
214
19
223
62
101
37
12
425
38
137
10
334
658
58
20
161
84
246
354
33
282
259
580
436
92
165
288
59
15
356
211
348
330
126
20
567
136
987
408
55
12
53
4
54
23
112
37
42
150
10
112
565
84
34
28
187
39
24
60
1474
461
53
410
21
85
328
386
662
71
493
77
87
810
9
19
141
111
36
34
72
22
92
119
13
99
175
67
87
600
3
2040
68
808
94
1
8
56
222
548
61
413
14
4
36
140
230
90
1061
314
157
303
16
153
8
230
163
403
205
229
35
27
52
25
907
189
291
73
25
25
14
124
449
5
247
911
262
220
76
43
617
120
69
150
115
53
40
1
51
246
3
177
10
131
148
110
15
140
268
669
83
522
70
70
174
22
67
86
94
3
160
10
28
6114
882
264
23
4
37
63
188
350
130
310
10
17
77
12
640
746
21
73
30
40
27
31
667
55
82
72
111
8
20
216
9
81
89
201
50
46
32
4
55
69
9
296
20
371
234
1
43
20
104
496
245
742
21
23
8
48
38
174
73
192
18
14
375
315
38
47
44
159
1721
83
30
191
127
159
449
307
220
57
843
90
432
107
60
114
13
1
73
21
61
143
3
35
583
24
103
80
13
202
162
32
12
75
321
10
50
13
30
50
86
25
677
85
2
102
34
671
221
6
21
128
81
5
225
58
23
138
911
238
14
523
160
98
347
142
72
350
1228
1193
114
423
999
20
3
212
19
52
3
345
94
723
228
85
109
552
146
25
1018
40
454
95
68
469
22
123
39
198
273
30
74
8
147
129
172
96
55
35
11
19
13
51
253
55
6
11
691
210
14
43
172
41
27
18
198
2394
34
191
187
89
22
133
175
92
1107
3797
591
117
280
25
103
25
138
327
111
270
437
105
22
242
1541
41
202
293
258
8
30
1
55
217
301
54
646
960
617
7
30
709
192
18
31
455
33
12
519
582
290
10
48
94
321
1
78
151
8
220
9
41
13
621
1
577
23
234
83
18
190
65
94
188
90
222
315
195
115
30
815
74
65
58
52
68
884
13
58
241
1157
215
195
9
134
201
293
255
98
322
371
202
5
341
532
30
960
111
10
63
108
161
16
649
104
206
384
17
2
101
15
60
11
934
143
72
149
204
93
190
10
271
315
19915
77
34
45
380
171
42
670
114
155
56
304
234
59
186
177
2
87
84
25
638
607
256
77
25
227
22
7
27
74
39
8
55
3877
2
180
8
208
259
326
35
109
251
22
32
242
7
461
16
12
125
95
174
86
182
202
6
293
61
78
752
96
144
213
88
5
51
156
283
232
206
943
157
155
179
344
52
2
108
37
191
36
42
13
74
6
8
50
115
768
298
6
21
49
7
294
51
365
156
22
269
6
71
84
8
144
25
132
176
36
1
110
169
436
396
97
86
69
1242
66
55
206
126
185
88
148
8
398
277
238
86
19
163
37
111
50
244
134
380
724
257
54
280
57
249
69
3
186
6
16
336
99
64
88
992
46
370
127
119
466
239
80
74
324
320
85
114
45
183
27
114
219
513
257
51
222
50
742
1094
22
1
225
52
91
1145
321
10
528
820
15
124
386
1
563
332
1006
156
33
460
199
547
337
50
21
46
65
784
77
965
254
338
42
167
141
388
243
56
7
95
20
539
17
66
37
210
17
49
23
103
275
59
8
7
420
124
337
129
19
6
163
802
542
115
1584
145
139
246
121
624
114
182
22
120
142
11
1014
192
2950
28
2
171
12
1
286
9
348
295
807
20
22015
47
405
86
375
825
343
4
27
76
17
417
92
6
127
961
93
8
27
116
38
405
11
6
31
134
324
127
105
728
154
121
302
153
54
220
24
310
14
146
99
145
513
27
38
9
45
76
396
1
1717
2678
28
51
113
2
35
7
52
1
72
123
158
331
47
94
94
788
139
23
79
10
16
9
142
188
320
231
16
130
23
84
1529
40
93
37
35
340
75
275
1147
62
193
214
634
88
16
145
10
15
65
7
1130
434
762
61
1106
1894
278
6
12
408
273
13
10
46
15
327
22
37
348
44
244
134
107
37
123
1142
5
10
443
24
116
18
71
324
40
38
89
22
552
19
3
724
155
41
5
336
101
39
6
298
217
652
15
43
27
118
249
13
377
353
122
13
669
2
14
130
141
156
121
110
16
196
2792
8
34
91
93
7
1253
110
20
131
380
13
27
226
1068
74
2
6
181
104
91
735
97
25
219
172
8
115
777
709
199
189
76
20
779
24
244
1
498
103
14
1066
5
120
82
34
4
15
540
127
51
6
203
108
20
85
74
24
136
9
18
392
155
62
73
18
57
19
133
134
870
12
203
22
256
107
121
535
40
14
707
128
41
194
133
1172
289
782
490
58
1
29
338
66
693
72
24
124
29
682
21
126
236
116
52
254
212
204
80
12
386
34
166
100
145
525
96
1375
1682
18
101
22
213
39
560
5
109
10
22
129
5
42
26
175
9
342
29
121
477
450
1669
115
144
1
84
94
234
99
413
527
276
299
4
158
154
16
118
243
72
171
10
138
886
40
127
357
236
9
6
29
220
1749
1482
558
9
12
478
35
315
9
134
126
19
17
409
1171
228
234
92
163
196
120
820
18
589
13
111
817
254
33
191
513
57
57
591
1049
2010
13
149
17
24
341
216
296
254
189
73
231
12
51
768
471
199
365
431
11
106
20
237
13
266
43
168
124
123
17
84
374
278
88
336
110
369
331
42
2
384
49
218
863
57
170
120
14
16
279
196
37
65
4
30
1174
321
348
335
79
373
112
90
24
65
50
601
149
1527
8
38
26
117
4776
27
473
47
59
22
354
526
313
231
65
290
1359
41
3179
579
24
775
142
557
9
182
75
324
296
133
59
9
10
88
156
10
271
38
153
123
161
159
75
1
322
453
180
4
384
62
10
257
8
30
1136
70
23
32
1083
8
39
377
84
73
36
15
215
208
76
72
5
23
41
28
367
24
109
650
140
405
216
1114
129
495
21
108
78
213
49
73
134
65
9
119
116
21
675
5
15
308
25
1165
248
108
23
255
74
293
10
2
126
120
1105
32
50
22
714
45
328
3298
53
255
14
47
19
363
7
8
23
14
202
978
11
1445
72
94
13
346
317
234
49
23
6
6
126
110
57
350
17
1
4
436
94
327
50
36
380
286
35
642
106
39
12
102
109
156
775
15
28
649
121
282
20
13
11
285
59
185
314
141
120
1123
143
1
624
1697
208
176
61
186
17
23
17
93
86
12
7
93
168
279
24
22
122
9
15
457
257
42
104
11
88
163
326
328
1020
22
107
129
15
32
553
206
30
55
512
97
18
51
162
151
1282
13
18
99
14
24
36
63
5
18
86
5794
36
8
12
496
101
326
85
66
286
27
181
726
514
14
207
876
78
18
122
436
2
5
6
122
23
75
68
19
454
168
51
5
20
21
54
60
7
1
37
420
53
61
16
96
4
45
367
338
262
79
38
433
38
83
58
36
160
19
212
95
243
793
344
448
875
11
11534
181
125
8
1172
123
131
129
587
280
6
2
67
156
148
124
16
12
9
560
125
7
117
112
741
203
6
19
85
41
857
23
13
33
194
157
67
87
39
65
217
42
124
48
444
186
156
37
94
268
118
112
44
255
908
228
237
116
116
9
11
196
21
205
339
270
13
116
1009
3
149
257
588
44
253
20
64
471
207
285
160
22
14
38
226
8
303
10
30
23
221
67
272
190
3
17
23
4
24
431
351
251
295
154
45
10
29
98
21
23
78
3
19
225
355
34
55
228
54
137
72
321
340
511
39
1880
40
177
4
249
35
31
22
364
33
5
73
10
94
259
36
55
1731
717
63
1051
49
349
149
97
34
20
75
1
211
875
24
218
623
135
920
117
32
47
189
213
413
106
11
2
151
501
171
35
18
43
391
8
22
58
11
44
648
67
15
322
162
3
65
21
19
189
1
54
27
565
138
388
22
75
11
56
23
274
580
639
2
191
27
905
302
36
65
55
8
53
82
205
48
12
189
179
43
180
340
132
217
37
454
48
57
23
234
85
22
1
52
103
31
60
178
19
103
7
127
272
35
55
106
36
102
979
558
34
19
20
14
69
1070
96
57
79
325
10
120
241
45
123
129
41
44
272
115
17
200
883
171
8
120
5
922
125
22
479
393
6
330
36
13
1331
23
117
76
257
63
735
52
37
155
59
7
193
23
101
117
94
1
48
21
27
6
42
50
5
3
90
417
350
65
730
898
118
392
71
36
258
162
248
210
31
367
507
76
10
20
126
8
42
153
217
73
4
1181
1
79
42
31
155
4
97
130
504
313
273
212
33
350
1
1
58
4
381
876
287
947
19
21
377
44
821
59
95
38
127
16
806
6
27
319
25
2208
48
68
12
9
6
245
46
52
93
242
129
10
115
225
58
1027
10
11
18
176
185
163
960
756
56
8
32
121
10
215
825
194
13
257
34
793
124
1573
829
74
576
598
14
238
49
27
9
171
64
1
10
8
16
67
1
189
2503
275
40
129
181
303
1704
10
596
13
25
45
410
179
58
27
191
15
125
159
34
273
411
14
136
18
104
217
28
22
3
34
58
28
96
547
188
152
64
378
47
8
36
99
162
114
283
24
48
455
177
18
156
38
21
73
972
408
60
58
4514
60
376
20
794
1
414
27
675
447
290
636
380
175
180
340
53
194
37
970
381
8
1551
77
71
26
359
1481
317
64
735
492
14
249
219
137
25
113
74
10
51
179
200
249
85
1
302
104
124
522
3
165
1571
846
564
26
951
34
158
324
22
1
13
94
10
222
5
164
1
46
928
209
173
315
432
353
14
46
2748
192
97
974
24
331
247
87
169
274
422
58
97
153
352
1509
68
600
18
84
60
58
320
109
67
341
96
235
151
59
36
12
219
6
71
20
330
189
68
194
26
455
34
194
277
180
176
6
321
60
142
51
11
34
103
47
87
49
24
22
624
199
191
95
148
202
34
152
293
139
281
36
74
119
49
755
177
30
250
489
13
36
89
163
1
19
120
15
178
174
28
431
36
33
436
41
216
1076
1086
305
25
214
30
279
416
52
398
59
62
266
219
359
4
227
11
454
5
5
27
332
3423
280
98
1351
137
6
498
12
291
21
234
63
132
97
1273
259
324
313
89
21
69
195
313
207
5
10
133
134
500
245
70
191
192
44
984
1007
569
134
2
136
6
86
558
388
66
170
62
33
77
243
28
210
115
309
18
722
5
148
20
19
35
17
161
602
719
90
145
314
14
32
718
14
13
61
4
133
166
2544
209
2289
31
190
25
84
435
136
31
97
125
5
86
122
10
260
232
109
382
25
26
18
211
3133
81
120
87
231
126
276
39
3
127
309
62
2758
115
14
271
27
286
271
14
509
192
192
171
21
29
314
11
909
197
10
32
105
244
14
20
61
295
193
452
7
411
431
2
70
31
1239
2337
572
264
68
265
21
88
231
109
1
623
518
28
160
3
659
65
21
53
17
89
53
35
961
905
79
88
102
565
95
1299
24
177
115
8
434
750
131
320
42
88
2329
159
17
14
399
514
55
969
351
68
47
10
127
18
301
319
6
43
27
724
427
60
86
19
12
220
74
163
5
11
182
854
9
190
63
203
239
206
34
181
662
220
10
19
183
59
49
32
62
180
263
41
19
16
107
19
149
644
45
267
35
1
19
59
257
6
799
6
1
15
390
21
34
93
48
50
69
114
132
14
3
793
303
329
480
181
113
1
1685
237
122
578
35
255
388
527
727
197
6
26
670
107
8
38
38
27
46
28
141
11
682
1
20
37
17
53
349
11
373
256
125
124
322
25
246
6
6
570
1
149
119
41
8
358
7
65
363
89
179
129
90
6
19
48
160
129
279
24
7
1204
81
11
3
27
161
257
57
361
580
4
262
444
9
29
956
139
668
94
55
188
33
204
97
155
77
82
1
4
436
127
79
333
293
95
55
140
16
45
331
210
129
39
30
304
5
470
4
66
6
135
214
435
9
347
10
1
48
824
38
153
334
1459
36
68
419
21
7
92
20
65
149
242
16
184
142
194
430
129
33
5
39
101
148
281
938
26
29
157
115
6
252
95
131
17
635
253
45
805
24
11
435
683
29
10
239
69
139
4
125
187
18
240
117
173
17
61
37
85
51
150
11
141
425
372
78
152
9
1
73
244
316
140
39
232
7
8
32
86
362
40
101
52
146
87
181
4
2
425
8
44
20
63
64
16
175
1415
8
108
118
38
104
41
774
438
3
81
10
66
873
114
597
92
369
37
30
1131
61
128
725
855
43
371
194
38
84
381
322
29
64
3
520
380
30
145
72
3656
219
325
125
86
11
53
427
546
351
218
127
6
253
30
18
239
253
10
16
115
128
43
215
100
300
349
118
30
182
137
663
224
130
17
1
20
116
75
117
16
467
44
118
124
494
45
741
17
442
34
5
292
156
99
96
55
71
30
1
948
128
142
115
94
131
691
244
281
112
226
137
236
124
115
1
523
28
128
54
1
92
4204
283
5
253
116
515
6
143
147
225
215
388
475
30
392
27
212
9
16
6
785
34
161
24
1000
152
18
141
289
992
278
112
2
184
59
2
8
9
22
9
46
388
346
16
127
83
253
147
132
132
195
58
200
333
135
318
231
156
12
45
220
36
374
147
1
404
462
15
63
7
610
64
189
17
173
632
17
697
204
636
147
40
70
172
27
187
142
323
36
95
91
16
161
77
184
160
146
51
196
691
396
1256
272
33
101
176
12
119
115
172
127
144
75
302
422
188
29
411
322
242
432
93
454
164
11
279
177
125
213
149
210
24
126
90
130
4
31
179
144
1170
125
6
194
28
47
8
537
17
398
92
10
51
552
1370
3
143
83
11
189
36
15
246
25
32
206
62
77
337
8
10
77
89
22
294
329
3997
186
600
422
239
111
426
9
238
118
158
128
130
71
80
105
73
114
348
1350
119
321
856
8
225
45
18
279
2
16
407
147
188
135
948
60
257
140
332
36
132
178
1
122
16
228
400
138
13
467
55
30
1
205
275
50
127
73
106
18
467
13
166
480
8
3347
198
21
73
33
350
20
52
32
138
6
119
279
63
365
5
249
1270
5
182
147
111
126
352
129
344
475
239
107
1166
161
264
206
133
380
221
115
8
1106
34
28
403
397
124
126
134
10
700
47
22
778
86
16
1
601
202
233
22
467
23
20
13
519
25
228
8
108
237
184
1
126
14
56
16
26
149
216
270
198
118
21
111
134
217
1
349
615
161
143
1
68
110
16
163
4703
