1934
10
85
528
3
2
48
82
4095
629
102
38
75
7
9
34
15
160
110
1450
4
749
1355
764
171
427
318
199
687
8759
872
6
8
11
366
1572
289
7
15
90
154
143
2888
363
298
14
15
135
1
135
439
224
425
227
137
216
5981
273
138
1757
47
436
80
7
2165
322
6
7
43
2662
578
1600
66
137
52
46
139
1144
1441
206
620
540
53
1405
174
145
24
109
121
23
273
174
649
8
804
281
266
142
35
1030
1
30
868
26
1961
66
2133
1236
391
6
341
444
1424
119
368
81
545
753
161
448
15
574
37
631
60
993
169
61
286
65
6
280
1751
324
2935
9
12
599
783
112
145
235
433
4501
6618
2094
990
26
1985
498
750
713
385
1
179
40
2434
859
91
1049
9
355
1966
4
7
724
36
64
211
31
407
145
84
7760
851
1522
107
77
5157
80
919
15
8
2170
507
47
519
9
402
7
1962
26
182
138
84
523
648
30
81
3434
190
515
1863
113
195
7294
472
209
13939
61
124
282
1177
2
1142
359
330
18
349
29
91
10
235
5541
1076
622
46
972
11
202
16315
12
2653
353
220
532
259
1755
6
464
211
557
154
1908
45
446
136
24
286
2585
4294
3027
15
545
288
1472
2
115
1574
73
6
457
1694
15957
2492
4321
3385
89
890
8023
1119
967
25
6
202
74
7
1289
334
796
38
126
1720
4064
499
194
1336
20
242
16
795
23
90
13
1505
9690
33
387
1589
1193
1185
889
1718
219
424
135
4312
412
41
741
3024
55
71
165
1068
321
387
202
319
438
100
1257
4279
637
110
17
3
140
3031
165
7
388
94
190
240
1473
7844
4956
873
346
235
6095
446
1501
2272
666
167
1402
226
216
1263
1150
6792
592
1313
293
122
910
5831
2551
37
370
59
26
3804
24
10504
159
134
237
355
644
138
33
223
10042
84
4
397
193
296
2396
18
1814
7258
13
168
7
69
343
91
27
289
15348
2141
76
367
1466
295
770
1023
1003
324
11
80
1945
334
11
456
3412
649
156
42
45
110
16
2
302
285
958
19
15
211
3377
133
695
1290
1422
68
8
35
735
15
2574
2168
112
9
372
531
98
352
192
2998
119
35
105
1335
109
8
10
68
179
505
146
41
2
211
860
1078
2146
18
201
14196
467
82
410
61
824
3552
2573
13
1955
890
124
207
12
42
932
21
90
27
372
963
4
689
66
716
455
27
12198
2058
382
1248
398
11
14
596
275
1059
56136
137
1428
933
31
97
222
525
1214
1
361
16
15
22
38
156
5766
818
1249
359
264
329
31
4
47
6
748
44
738
117
70
589
2129
686
1373
44
8
1044
269
48
267
27
156
123
23
69
1340
2
6093
545
2
14
58
2296
1092
133
340
534
8
4496
27
820
2101
3621
3209
7
17
93
43
13
127
10
36
9
30
42
50
203
609
368
13027
1656
100
25
96
76
72
204
3328
2673
680
168
1226
41
93
494
78
242
1398
22
3304
338
81
81
114
1556
548
131
250
116
464
439
115
455
717
264
753
65
16
2
893
1046
719
63
516
1118
153
15
1650
15
1582
24
1264
41
3847
699
74
26
210
1655
141
248
183
641
2642
2958
61
2225
439
250
674
17
240
4
13
24
748
1076
149
539
128
181
219
1407
450
237
22
211
635
285
4494
1139
107
390
74
9812
9546
115
45
23312
19
825
528
3873
93
361
509
144
460
75
1605
205
50
185
4
443
163
236
499
2228
1966
203
677
3941
573
3315
2761
156
791
350
2232
166
14
1345
149
54
1
26
63
14
517
12
1253
50
28
10
217
34
1555
17
15724
3
120
1547
135
226
297
233
813
224
350
185
46
29
17
935
384
169
150
403
1146
402
2618
386
1
426
9
17
5
12
27
10
133
47441
428
13270
236
376
157
180
44
1271
1715
462
28
689
128
56
467
466
658
309
128
22
1668
174
5
268
1401
337
2448
290
1675
129
219
350
229
9382
85
3
26
53
3
1866
1537
22
172
413
505
45
6377
603
291
1417
113
484
179
127
49
261
135
678
523
2119
344
1467
85
380
1831
616
299
16070
1323
441
377
465
618
1713
1200
1230
179
90
93
36
684
1129
99
78
22
440
534
30
18
795
502
290
42
758
1549
263
2049
435
621
1
135
247
1371
2634
1596
338
1639
887
877
4
76
594
132
23
2101
31
363
23173
181
2671
4
12265
185
800
115
39
388
78
11
202
124
630
4319
61
2753
2639
2557
1510
407
226
920
163
9
13139
1557
192
30
1197
22
46
658
668
85
31
5305
140
6307
1
1021
1291
234
6892
259
475
1500
490
1560
66
405
15895
52
1270
310
200
2416
3666
21
709
6865
4072
11
125
324
239
150
106
10
34
3967
378
2668
101
6808
216
399
1791
3211
7656
4
404
1114
44
57
671
479
264
75
317
536
106
96
391
1006
68
1928
263
501
72
809
9
7
971
11
1091
120
12
490
980
2
327
12295
930
51
12
182
90
1026
3
1209
76
134
17
740
173
4084
1455
305
11
418
6
22167
927
5148
89
16
577
663
21295
30
4735
109
338
2
617
96
2128
4
9633
64
1311
20
14
1688
254
1822
135
439
526
713
114
2404
6393
2645
1653
957
1488
3167
7211
2312
808
206
2577
2962
60
52
338
76
47
683
191
382
3123
50
53
237
39
82
713
1289
553
37
291
213
507
285
156
142
283
280
157
149
8530
149
164
40
859
407
281
252
135
2425
249
82
224
1135
516
137
1042
789
2295
387
262
128
202
27
226
30
1115
63
1183
1
2616
42
1310
359
342
113
67
26
553
910
132
93
420
1385
95
137
120
482
60
602
389
3
45
200
109
232
893
13
1452
171
666
1080
501
1556
115
457
869
95
22
928
149
20472
195
4441
1884
34
294
582
415
42
1455
254
594
17
797
1392
328
109
4310
1163
2929
102
49
924
2656
9663
4858
252
571
734
500
54
2076
236
14
6
1
231
383
52
13
79
342
99
111
73
222
204
300
994
1402
106
5
224
1514
56
118
79
2456
729
538
245
1013
672
9
1493
15
123
173
5731
54
2408
135
1405
126
3362
246
285
484
595
858
730
560
1006
10
16
690
821
2776
5540
283
52
87
397
592
333
126
255
3329
250
3510
8
510
84
4628
585
71
64
219
48
243
641
553
572
186
53
1632
1700
118
1629
77
104
670
69
701
26
102
107
2118
198
514
605
293
32
1155
1330
615
1724
593
118
311
2283
422
387
11
1050
8
3682
2592
40
1451
363
2760
666
3011
14
108
815
205
221
47
82
63
554
118
321
332
940
91
420
90
309
2263
188
24
120
88
1
41
419
2477
1508
128
9
195
77
1586
273
8322
3237
69
2664
1087
876
1066
109
3928
5
153
162
285
235
3099
396
339
2180
6121
149
71
1975
7
659
62
30
169
2792
144
387
325
173
4
137
77
179
56
94
83
180
228
165
257
4867
259
124
262
48
80
23548
110
366
974
539
37
872
88
16
1129
207
976
12586
4
661
6657
2088
562
81
175
413
7934
401
78
186
113
1267
732
125
30
811
605
330
133
684
1856
87
41
140
333
1526
240
29333
253
52
426
368
166
1887
8
245
154
3992
137
91
933
41
56
90
545
64
354
2437
295
374
339
307
514
16
15
1710
1905
233
1384
7333
108
129
18616
674
236
12
435
85
613
4
419
76
206
14
1744
232
16
31
18
947
20
113
89
1068
56
1887
651
65
49
235
1391
66
491
67
63
590
8
4
2160
9294
1184
63
82
131
5
13868
4
184
1548
26
393
150
158
803
4657
538
1337
687
201
72
146
622
1236
158
1315
6647
179
334
57
140
624
46
155
4
4488
53
274
389
15
16
304
4
189
2
1381
115
115
2045
71
1532
979
4
1951
103
2791
226
1218
259
752
1385
13
574
248
16
140
29
1590
924
12
3472
131
4128
3754
615
214
14
5531
61
893
241
278
102
1918
325
755
45
668
2
178
146
138
164
146
385
433
842
597
2836
1646
782
218
193
1068
211
15
62
382
338
81
3222
1539
162
247
1064
176
467
83
376
168
264
916
348
44
62
1006
29
889
1127
674
4591
39
66
708
607
4483
1017
359
7556
210
768
6601
1647
711
12986
2169
551
3710
312
2104
66
144
58
1
279
38
132
105
670
320
270
1452
51
300
216
2063
1138
202
73
238
1671
1608
22
1350
864
408
2600
284
10
981
1532
121
446
518
3370
1797
742
12
163
2072
4
24
2556
1760
66
76
6
375
38
525
498
299
396
162
36
21268
369
278
11800
5839
110
22
772
1555
9
935
519
6
1248
503
74
2420
566
322
72
22057
116
410
147
991
489
68
5309
2237
33
2
665
291
309
5
504
2308
338
296
174
3
9
157
1037
1
1
1204
444
121
1050
423
1627
9
898
309
49
9
728
62
163
1626
1589
356
87
831
1200
33
269
7479
326
75
1045
2007
40
1574
243
128
514
53
13
158
2239
1394
3626
310
1158
4774
589
8
244
137
229
7
427
2684
42
663
1310
126
1193
196
212
799
257
15
344
95
123
7999
392
761
169
92
5583
56
3687
913
69
4
65
148
61
277
356
20
3965
511
1089
43
159
11890
661
8355
1000
211
16
514
5846
3
78
80
106
740
366
241
230
198
1056
423
1941
98
2456
1773
41
147
12
3382
1024
1364
51
968
18
337
1352
640
381
63
89
3230
110
637
14
489
2
25
26
279
6954
1217
105
21360
58
17
363
310
166
111
1246
313
555
5
354
6297
2138
833
615
371
917
228
86
242
101
19
6
7
6
155
197
38
16
89
8069
254
2052
949
15
4021
1
2060
642
1194
3606
1251
807
146
34
207
296
1481
182
86
68
550
296
12
7
59
1258
11
8
270
5051
471
6714
17
45
3
220
829
30
94
19
6213
426
146
7
1861
327
141
1227
55
10
11
679
85
139
796
24
6
19
46
45
3355
12
3
383
24
2084
73
119
465
1
333
496
140
1343
810
3791
135
3059
122
1
933
7201
241
179
877
125
135
355
2438
175
6080
12
10934
279
185
1830
2451
424
16
50
32
833
766
109
42
5
89
21660
1537
58
37
26
56
436
84
621
657
42
5369
2027
698
131
131
15
917
63
892
12
5
6
184
2544
3817
652
82
45
958
129
74
367
211
12206
459
1201
14693
3203
2533
6345
1365
5775
4589
53
277
81
80
6764
1743
487
30
69
2936
9
860
75
643
110
1026
128
79
138
62
549
9393
23
733
2021
65
563
2880
1163
23
684
729
50
74
404
3071
255
497
350
204
55
242
416
663
387
19
91
401
151
203
6
110
682
149
8
336
175
15
1489
294
262
1324
78
156
494
132
17
56
2018
158
469
342
918
3
50
102
499
619
4432
1117
709
49
167
2425
94
2779
505
145
636
149
21
7
208
14
31
886
14
849
80
2113
40
786
17538
5
57
2559
834
675
707
88
88
71
1191
63
442
140
134
37
17
196
450
138
247
10
85
213
290
3906
2977
2
3601
37
499
2646
767
10
1435
9
494
1042
388
83
45
16
97
27
487
317
193
234
218
790
279
105
777
707
88
519
512
52
189
170
451
67
273
8146
167
84
1044
213
4579
1329
2652
198
44
113
418
377
45
277
4
297
686
5969
833
313
156
315
6
5156
229
1170
274
45
8260
28
12151
976
755
936
1435
4
2838
63
5805
561
959
634
12
511
116
539
3817
29
1031
404
91
754
31
32
520
75
235
1735
1721
159
1065
220
17
20
1071
346
2098
19
55
337
334
15
281
9
685
384
104
12
167
13
137
9
96
284
383
1179
967
90
58
4
32
167
8
210
100
653
1670
11
184
186
155
266
200
371
1214
19347
26
52
13
260
2088
266
1004
6254
19
313
627
54
117
314
65
372
4507
1104
1
154
695
167
1066
2
257
54
462
4617
1428
280
802
521
247
608
1103
1462
782
873
489
157
1149
966
14
15572
420
621
3409
456
13
134
128
11
3887
50
77
19
243
37
49
381
159
2335
95
834
696
52
2001
703
169
22
739
127
396
408
426
182
51
259
2104
83
3223
541
5
20
72
6386
1098
447
750
1000
1821
861
270
113
95
295
11583
552
48
1723
1063
1951
1578
139
600
16
14
458
4
90
223
379
12
117
77
281
2359
3
2587
17568
5385
1525
34
1067
1289
30540
339
411
6935
179
91
484
141
7
393
548
529
11
77
1001
67
43
406
280
85
507
1658
4811
28
389
2579
7
318
20
33
560
71
6
33
3
2054
1005
45
32
227
18
769
86
10171
344
1669
102
2565
5650
2973
3207
88
10
82
28907
209
2
116
1308
719
290
237
252
1808
699
112
52
165
2
16
453
276
90
7756
180
69
134
4366
29
36
818
229
553
278
1097
141
326
53
399
655
121
142
136
303
23
32
436
136
874
152
703
5253
369
6922
10
410
947
18
570
1204
325
466
46
18
364
1142
8818
276
523
288
232
141
372
1282
505
1219
189
34
192
828
272
1497
877
17
1490
62
6092
1
1760
962
236
70
3551
197
1241
757
1917
1248
208
2876
443
697
9
15631
1353
350
254
204
10
146
98
220
7
13
65
4136
96
42
15
334
925
671
4
2
27
4
413
147
168
332
102
2566
112
412
120
60
339
184
1766
228
5424
1636
4509
126
1299
398
12
733
127
813
10
176
2550
40
952
21
497
579
255
508
248
1632
102
323
921
1022
1296
1458
1516
77
2378
145
39068
137
29
13
20
2035
16
7
65
1959
2168
1019
153
1543
885
209
344
130
268
718
225
9
240
489
9
107
22
7
1056
559
287
201
137
34
615
9081
1121
2724
693
2
18667
1437
618
207
660
1274
16
23
920
1
125
789
258
5806
1267
52
128
6143
914
416
8993
4192
200
1895
1913
45
22
1210
269
1534
2111
140
489
29
1958
1465
194
9
1330
8
303
52
141
136
264
1952
3179
291
2
144
26
342
2070
136
1108
158
1204
30
194
1206
507
4
269
69
393
16
11
42
1959
1513
1818
113
1419
39
1011
54
465
552
1898
872
8126
1188
960
1538
155
547
1067
80
171
714
51
1332
13677
156
320
12
488
359
168
209
22
594
1342
240
317
21
2256
1163
167
51
795
354
879
1
22
21
30
2
454
744
1132
42
9
43
808
52
118
677
1272
1266
538
1606
612
60
3155
1748
58
4
469
364
2391
62
995
7720
600
242
783
35
235
1506
685
350
326
41
56
106
12
129
74
294
122
458
34
350
457
1039
41
6387
41
248
62
2914
2003
29
361
464
12608
62
1269
2420
2450
14
804
55
9
144
11
14
1794
71
45
35
74
3
417
107
68054
149
343
2
838
2610
366
162
305
214
457
151
293
147
2611
427
52
775
1336
1838
13639
65
83
24
279
4
69
29
1505
383
826
677
99
23
8
1488
488
238
1837
7
122
522
1662
2625
5266
845
688
254
45
231
256
2881
142
13
757
2816
1119
733
1795
73
730
5
65
496
534
4345
320
1316
36
27948
6079
14
147
8
426
865
397
849
289
191
794
62
813
9
984
512
361
279
3793
892
565
1955
287
1068
2
41
313
239
12
69
553
4
3
193
63
918
8334
2297
108
392
127
804
149
647
10
1169
378
69
159
61
901
9
1005
255
509
11
116
861
258
1237
4841
1025
551
181
6
1110
1
10
1641
242
521
327
135
7
248
14
59
2195
277
266
1536
524
251
506
1699
693
1311
7
24165
289
3652
8963
2
5475
728
722
22
813
2038
378
4163
668
140
28
692
3599
77
561
251
778
378
851
910
37
74
6
306
3195
1037
2803
8570
54
14
7594
2125
2383
47
348
882
61
1557
150
3234
37
4
137
3085
31
2321
5789
2954
1375
11
2442
691
1240
1329
614
7144
288
1645
1714
3767
165
21
10131
9241
404
4730
416
434
79
91
145
353
2355
1247
11
3680
254
1909
1337
5017
73
546
526
32
865
806
713
5987
343
88
1139
73
471
1
1026
1483
125
159
36
5632
124
113
1211
1430
31
14680
1321
283
142
5537
321
2502
500
1948
142
991
2971
286
2041
24
3128
942
5
142
57
338
117
526
358
1957
1051
126
251
152
633
9526
103
667
80
160
513
521
965
1682
16
1763
119
14520
1104
1870
338
46
133
191
953
656
104
18441
592
53
418
725
8274
517
421
3194
886
47
561
1398
335
165
370
1499
37
1245
676
746
78
15
8146
217
688
19
238
36
950
718
276
741
121
285
42
113
8173
1220
76
859
163
1357
586
3
136
244
138
663
313
258
228
91
1128
75
138
271
62
109
10
10
616
136
139
193
188
1349
1217
270
22
176
3217
47
501
130
31
686
414
850
269
1724
94
49
99
620
436
40
68
27
1260
1738
949
2603
266
384
572
11
86
5814
26
1259
587
294
104
184
3
821
5
94
597
1518
2887
2043
14
1889
210
38
16
2989
150
2149
168
398
747
126
205
116
716
195
556
174
796
453
20
361
2224
163
653
39
187
179
112
180
235
73
150
76
52
630
188
97
1543
227
556
705
24
523
1516
505
568
261
407
79
237
247
101
168
1279
1058
1112
109
833
1179
611
67
40
2608
157
1576
627
196
1125
257
126
374
1604
150
1165
4503
46
195
6677
236
3218
372
39
80
579
184
54
1550
1848
93066
606
586
1230
876
193
160
1073
259
619
1251
431
818
484
355
50
300
553
342
5848
7
400
6
307
1611
1013
153
4004
1370
82
353
9200
1719
1087
3
16
4
299
1026
1708
19
378
277
8896
1149
292
109
863
143
360
20
502
718
229
89
955
293
2259
319
101
2605
285
152
4331
416
114
23
7864
256
2171
404
356
1070
3155
1475
3096
246
1409
57
45
90
3287
66
7486
154
459
69
269
23
138
367
2613
338
219
157
242
38
53
225
32
42
280
181
1300
60
62
10
731
1578
145
2
67
1552
23
63
420
149
393
449
207
44
2446
155
15347
46
534
62
94
1
607
829
419
189
39
152
399
8204
1600
1570
54
11
149
1392
8
94
40
17
1520
397
512
1137
125
6195
543
90
143
153
30
19
3015
1375
2194
8092
64
1273
26
4
340
13
10
199
777
269
878
285
1711
264
216
2425
110
640
76
49
1567
1159
33
1391
6411
283
284
2254
129
212
4613
296
1565
88
246
640
3
1009
3278
800
1074
940
300
1019
73
98
1721
19
192
57
1057
18
418
35
60
120
3729
353
613
41
1345
13
3343
37
476
168
201
21
14
117
98
274
3
1212
183
21
146
1088
129
781
22908
603
4325
582
174
2
761
5
18
3978
369
143
41
30
10
163
2234
209
859
158
228
117
1059
35
820
72
1948
185
484
1915
580
3
135
622
743
25
275
2528
494
766
37
2105
3
23
53
188
159
258
467
161
848
438
482
295
22
50
376
170
436
596
1699
45
8
32
594
524
638
46
16
40
4120
179
1362
1164
168
2840
1032
317
113
254
772
306
1333
564
83
45
170
377
202
425
781
262
246
260
135
732
276
454
900
282
152
429
8
58
540
1263
495
1378
966
1369
5390
314
569
396
142
2941
134
598
685
2027
134
6709
307
190
146
1156
414
12
410
358
237
1607
147
4526
172
2213
65
3025
4
13262
734
238
43
513
41
560
70
2065
49
5571
371
33
1400
397
282
3765
14
175
197
1503
316
161
70
659
77
181
73
280
288
298
55
418
269
6592
41
1772
92
228
973
95
272
134
216
148
45
595
65
17360
55
290
3592
147
1218
6033
120
1
1007
25
58
1980
3459
39
196
2130
127
2060
71
814
46
412
977
417
304
4587
406
274
112
232
214
370
408
56
1318
283
148
401
598
220
2281
719
1074
100
594
278
26
1924
2115
1212
93
7
7
315
535
1779
587
189
