74
341
125
588
88
609
43
377
654
17
134
68
47
211
20
553
17
100
319
834
146
471
34
258
29
60
81
432
891
1
17
20
336
918
102
84
561
20
585
694
709
872
380
365
53
74
726
705
97
348
57
728
666
1445
2249
548
48
136
342
73
199
506
53
16
432
23
25
15
451
753
247
51
622
91
7
99
231
100
626
53
134
495
369
238
92
40
233
72
41
856
90
1337
6
13
473
101
30
620
693
573
131
151
192
200
644
295
3
88
128
7
1173
3275
423
107
1
445
200
901
313
1559
736
408
1007
96
601
268
307
107
23
7092
947
18
113
50
859
292
93
250
212
324
400
380
640
497
220
1639
647
127
645
316
669
206
4706
10
98
8744
31
1302
180
3593
812
442
23
313
109
28
1133
28
321
185
416
477
513
3038
250
74
995
766
704
1000
781
1751
768
1127
15
567
432
493
411
1236
8
644
565
875
542
113
1391
129
153
404
5
60
341
539
115
24
254
898
165
378
484
934
1368
111
306
56
397
1
273
1071
625
51
11
1047
107
49
142
334
25
437
12
103
96
16
593
88
187
27
59
499
559
258
82
397
303
1329
1427
50
576
805
424
1117
32
103
99
191
12
34
23
86
363
1220
1
442
388
65
541
1046
695
509
103
314
1
449
928
717
319
650
834
459
84
101
210
269
128
546
1
22
139
120
846
76
20
333
71
130
829
21
595
78
88
823
5041
1323
612
6
19
234
482
433
425
93
885
132
76
46
204
1289
499
33
365
167
192
335
1
834
484
86
217
614
82
93
440
95
19
314
12
19
177
135
1012
61
44
301
23
23
18
63
2
355
449
4
576
1
980
52
170
87
207
861
10
474
27
161
604
836
144
212
431
1054
26
351
13
362
594
37
1318
51
604
14
40
96
671
280
137
38
286
724
20
117
30
367
13
107
701
337
189
30
12
187
580
2
593
298
30
205
503
52
414
130
104
1157
398
126
20
62
34
252
180
3
158
265
609
1037
215
155
34
866
74
34
129
1542
1457
688
1182
32
409
7
594
191
692
80
18
115
23
300
248
26
71
7
425
501
362
473
596
16
158
130
205
227
286
104
67
638
521
821
144
4
610
194
2453
172
149
15
388
174
404
356
110
87
91
8
1226
1
168
500
770
426
37
86
11
1038
53
1
185
1
506
2
270
172
1970
7934
762
154
154
11
5
5396
633
52
139
489
103
126
675
50
660
75
24
872
644
560
2262
272
29
68
94
1347
83
44
29
199
15
561
628
198
31
25
65
289
59
469
607
464
1531
63
474
955
19
92
16
521
453
4188
224
66
1260
545
682
603
623
360
210
140
173
1006
23
221
48
105
10
197
460
859
24
132
26
292
141
248
21
122
347
565
241
77
524
39
620
204
190
496
17
122
516
2579
1328
89
4784
545
593
38
1670
181
469
39
150
821
23
351
604
89
848
256
39
34
1342
244
642
34
37
90
822
97
30
59
907
1324
322
1365
64
111
413
380
123
84
106
87
490
1272
48
567
394
105
715
282
586
32
3
4
535
131
79
201
15
281
352
280
496
639
541
1
76
2490
15
799
166
30
183
75
269
29
174
864
3505
392
389
193
426
48
536
4
241
45
24
126
548
22
44
286
283
340
890
102
1224
199
1
379
8
292
737
642
283
224
684
842
937
72
134
990
919
405
23
1689
21
21
225
36
132
1
342
571
490
65
3240
632
1157
523
59
251
1
25
61
368
2002
138
378
476
186
67
23
75
87
476
638
239
186
7219
961
736
1175
43
10
90
264
21
88
928
674
91
67
61
572
517
554
627
333
248
679
64
103
19
76
57
198
445
20
7
466
10
517
857
1148
140
22
145
146
22
447
485
159
164
77
991
138
945
324
758
174
161
286
352
20
214
35
1502
103
127
28
102
123
618
105
276
21
137
15
466
692
514
296
1332
201
79
316
1168
51
104
590
2264
274
153
75
119
466
537
141
286
258
400
261
192
203
203
751
337
932
164
56
516
71
117
19
180
440
1303
208
133
211
275
46
94
298
277
61
44
38
132
723
29
22
459
381
64
124
149
559
125
258
279
35
695
173
195
723
1029
124
247
106
709
135
453
15
161
360
384
130
214
52
297
57
36
639
254
190
187
19
98
614
380
335
202
119
1241
308
23
386
404
1576
86
525
543
66
453
658
2003
93
107
1023
294
835
1054
992
25
387
97
5
957
20
159
22
399
502
490
82
511
1139
119
3
133
345
1501
1
38
82
80
255
1
223
957
330
596
142
275
430
1852
678
827
88
425
216
30
103
138
615
438
493
844
61
8
17
192
709
18
71
93
117
757
62
58
56
189
29
36
132
344
428
370
85
586
7
82
19
340
76
607
331
98
528
504
317
342
537
442
527
10
99
319
198
2285
147
349
28
26
91
761
305
4
1178
483
539
77
1652
628
83
118
99
34
79
602
510
278
15
264
489
11
28
269
17
7
209
24
148
1223
68
113
36
23
627
116
16
76
3
822
865
98
198
22
367
559
224
23
916
130
79
28
188
2177
37
330
54
593
62
448
313
199
53
1022
195
234
299
5
399
286
45
214
16
313
203
1795
1716
1394
547
511
72
110
155
282
15
187
271
27
41
3
884
560
409
56
406
370
34
163
520
151
1303
2947
1457
359
1246
525
14
93
305
18
539
28
505
688
356
787
584
15
88
40
459
171
265
125
362
697
102
262
53
766
883
172
297
888
145
486
2
1371
426
105
189
354
107
287
836
207
618
177
1206
238
402
815
1079
50
466
29
266
618
8
174
41
885
395
247
230
285
3404
236
137
672
29
29
1
831
734
1373
635
161
180
42
12
891
121
403
1605
43
105
285
195
97
261
374
346
461
640
103
446
1719
230
496
123
2203
63
396
60
81
1
441
89
686
38
1956
113
815
461
74
145
737
1242
908
14
459
493
22
1003
1755
207
558
31
2471
123
511
280
20
45
36
64
90
118
421
935
52
64
490
559
176
580
17
277
99
379
740
40
675
215
1725
36
543
274
382
11
571
25
1143
237
400
88
38
22
653
149
102
438
71
90
511
92
14
105
344
581
33
332
63
177
532
38
166
566
154
46
72
57
144
33
45
235
954
44
33
803
732
14
531
568
146
61
152
413
8
290
101
137
19
226
1119
372
396
27
190
84
230
491
84
335
55
410
596
27
23
126
7
448
861
104
103
27
56
1500
1
166
673
53
400
1603
9
366
936
400
243
964
1
6
699
45
1645
158
51
421
132
19
523
47
342
1032
249
25
23
753
157
98
201
468
294
22
479
497
373
546
324
2380
15
1210
783
634
107
160
456
141
33
225
356
420
566
190
767
369
161
290
266
80
301
144
559
179
658
53
262
612
514
782
73
185
454
96
479
133
27
707
1232
232
416
76
59
697
134
1126
1005
68
220
1902
16
242
577
121
131
660
22
1
355
1023
670
10
61
4
201
55
8
116
822
752
87
512
930
842
44
89
55
40
713
291
2016
104
75
12
684
479
162
143
270
602
17
1026
150
11
10
168
395
114
1547
169
21
411
333
85
224
33
358
79
19
540
123
11
151
201
36
409
119
256
336
145
504
349
158
1323
88
133
119
1068
81
1612
2635
23
22
136
1183
13
1453
53
418
1051
52
765
287
571
831
383
43
11
170
125
169
12
503
82
2
19
153
65
160
25
122
694
568
1259
484
51
16
7
53
264
176
678
46
276
294
23
566
111
283
77
178
604
486
408
749
2002
184
4
32
16
269
513
123
764
750
900
134
439
5
275
132
435
224
534
742
144
123
472
23
207
742
39
1040
962
848
1611
465
757
330
432
779
31
3
556
788
1171
259
675
418
1508
94
78
159
29
307
19
235
375
344
785
165
288
692
471
23
448
908
58
362
210
3479
83
3
1163
69
37
107
399
324
704
578
40
43
153
205
2494
5
531
151
500
20
424
36
1083
26
916
2336
356
2
17
12
821
672
130
348
787
212
27
292
3
83
90
2859
342
159
4379
41
356
620
12
341
8
496
175
632
260
443
570
200
91
187
131
697
1464
1141
1
566
57
94
265
29
72
65
1711
393
186
501
162
1150
285
10
193
58
546
201
324
44
661
60
877
744
1039
563
34
442
13
120
259
188
1793
400
1235
19
224
735
288
22
234
444
275
160
139
244
4
49
529
323
267
525
91
460
122
245
168
350
13
236
175
682
146
31
982
5
14
42
364
716
135
95
725
80
113
44
53
52
47
264
107
66
179
201
188
77
500
63
32
21
170
411
127
27
50
399
74
63
112
467
60
90
118
97
870
23
115
494
50
2061
56
19
19
33
189
51
181
128
212
838
98
73
41
115
395
33
1302
2094
431
44
143
661
123
177
186
205
362
1304
142
9
1945
451
41
111
71
1249
1505
155
685
2
314
520
237
229
1218
51
5
613
178
308
327
466
34
815
857
16
82
335
604
79
157
559
7
564
18
431
87
90
106
1353
429
174
480
41
1219
656
550
50
31
1261
165
1879
1325
39
277
131
39
1
253
47
484
423
369
16
762
574
28
225
182
71
306
257
259
1105
107
520
373
163
369
14
253
22
584
23
1496
539
401
637
86
139
11
1409
122
794
879
235
272
56
186
1486
185
674
2
365
847
17
247
61
470
3290
295
1309
352
417
15
131
21
514
18
522
464
226
3
28
677
1282
1378
29
1
635
751
1248
978
220
262
1408
402
2835
922
185
21
24
492
111
449
471
10
20
36
16
294
48
20
454
502
947
542
17
132
165
1549
80
192
1000
65
90
31
1529
158
117
19
80
332
1413
751
583
106
141
5
140
1389
645
100
43
163
64
802
14
385
93
165
523
61
831
77
1922
93
162
46
411
17
558
12
698
75
246
626
524
884
60
527
45
401
248
158
553
158
195
460
583
209
357
198
776
330
856
596
326
79
2164
136
249
1338
591
587
670
580
75
1
27
588
276
644
907
133
411
480
273
41
657
283
43
255
28
396
1451
840
259
353
86
39
28
111
39
415
126
20
456
89
28
373
107
163
344
158
327
118
311
98
173
210
581
193
22
177
69
1355
318
54
255
34
21
70
189
23
148
276
101
889
1281
18
39
269
524
405
284
434
95
47
1262
2128
602
286
423
75
145
361
129
22
1926
76
168
425
478
127
268
9
1003
422
1693
380
93
103
41
591
542
115
1202
43
292
5
505
194
40
2278
138
659
32
313
221
11
78
17
315
284
32
14
42
1
2415
11
433
33
286
411
50
18
45
102
836
603
559
123
14
70
199
43
366
28
113
19
587
220
648
570
48
56
355
338
1241
66
1285
320
112
204
405
111
19
4
350
81
56
1216
999
1047
1623
27
347
487
115
12
107
1128
396
171
147
437
1
36
587
357
288
764
514
173
30
775
806
185
411
111
249
437
455
858
40
1742
48
102
261
18
43
216
533
214
258
57
38
62
326
348
527
367
537
243
14225
32
2001
206
75
299
439
950
139
61
61
61
229
1
217
323
167
169
239
359
894
1067
105
67
278
165
241
470
231
199
380
10
1138
320
343
434
184
28
983
71
119
630
206
489
625
31
635
108
833
275
184
136
216
473
45
161
12
228
792
335
2
84
452
425
16
1719
1186
431
1184
579
562
489
1693
350
550
194
507
852
521
1399
79
27
436
945
106
209
36
57
673
79
1010
21
96
1046
158
1277
79
856
542
35
1462
55
49
93
464
126
68
116
35
853
1
496
32
305
895
144
584
68
41
112
296
80
523
594
21
1
10
6
42
205
95
228
368
466
572
2951
544
203
100
698
578
884
300
30
368
443
76
82
271
1523
152
29
62
59
127
1986
576
33
451
564
754
13
392
101
109
150
487
222
377
163
82
55
158
304
630
170
2
33
25
146
361
359
473
379
96
21
17
142
660
532
71
609
314
87
395
274
131
290
590
78
145
1183
83
604
8
44
132
47
172
42
91
512
24
75
22
99
183
56
190
120
555
660
27
378
73
19
84
1230
457
124
96
19
1390
371
866
35
388
216
81
85
133
128
1793
195
640
148
14
195
147
163
378
367
213
101
2
690
13
495
203
1511
99
250
99
72
204
109
401
222
1120
122
244
158
663
613
355
750
39
668
98
113
468
1056
318
1
45
231
549
456
71
714
112
172
235
140
1875
89
272
1343
192
123
326
1033
777
95
1
71
25
599
290
69
1124
30
17
49
103
782
325
41
165
872
121
349
256
372
36
270
299
187
233
173
153
4
868
275
353
2
291
31
272
17
468
119
327
61
82
65
2522
38
21
166
88
714
213
7
131
65
487
469
149
81
358
47
131
243
161
14
151
13
255
646
182
1067
124
42
102
137
698
1
95
16
2930
617
46
82
588
31
493
907
104
274
119
9
618
837
130
100
640
587
83
1970
22
457
924
136
31
110
165
777
51
445
57
253
76
328
626
524
657
1280
426
71
726
371
719
216
2195
35
46
48
429
114
181
55
63
807
1
56
21
60
67
55
467
13
52
717
122
887
1750
487
183
376
197
363
761
2704
3368
23
837
11
220
24
21
72
90
214
363
139
372
403
132
58
1060
312
430
105
80
8
877
1
453
33
11
1191
150
82
69
91
20
34
141
146
596
3934
109
123
47
770
561
314
444
1
11
949
387
20
217
261
1424
432
949
22
45
988
61
195
485
1168
76
447
374
1299
271
101
726
42
44
498
364
40
50
51
19
183
831
212
36
432
198
321
850
117
1294
57
79
72
774
411
137
486
62
3595
731
5
141
1498
134
1356
549
1230
575
2
175
1516
182
618
212
226
89
51
632
383
559
804
923
151
238
52
642
605
335
20
117
362
1686
894
2367
1292
7
34
509
778
457
307
1173
435
202
388
1829
28
138
1
48
51
7
216
1
299
153
766
145
505
637
112
42
524
14
194
420
30
459
1295
525
25
48
448
365
243
22
61
90
502
81
67
115
368
97
432
146
130
72
960
143
514
1355
321
113
69
7
70
1584
149
90
869
210
1399
76
446
308
224
739
91
15
91
295
38
19
121
796
429
93
967
773
559
23
60
179
99
43
311
158
41
51
291
47
192
127
58
14
36
63
48
510
411
594
3
28
23
567
238
543
974
121
193
42
244
24
236
1
542
1389
544
6
69
23
111
109
105
408
1
751
142
407
433
87
154
78
45
147
182
538
394
891
748
946
695
265
997
121
604
34
17
29
773
16
1050
133
733
275
240
132
489
465
54
38
22
17
261
177
518
412
48
27
158
451
143
89
354
197
360
23
957
77
34
24
684
678
964
79
6
427
439
746
892
114
414
45
93
16
176
93
2
435
18
637
377
49
76
156
16
39
120
15
80
665
14
320
131
396
1
337
542
562
712
792
922
40
201
581
68
143
680
640
17
968
465
540
257
35
417
444
120
1203
290
26
768
130
18
276
563
1320
19
624
41
114
264
613
27
139
498
51
507
71
582
555
607
625
73
13
2
659
654
38
295
415
56
120
164
229
3
289
12
981
367
61
1315
361
99
479
866
527
612
451
355
54
467
13
127
532
318
197
19
644
23
85
36
136
45
137
62
32
32
1922
186
81
74
94
863
35
85
279
77
5
697
202
253
426
848
105
76
331
407
20
307
22
246
270
253
63
549
61
357
300
59
537
22
143
1259
183
36
128
1104
41
1040
31
33
178
492
124
41
1253
18
93
465
1812
213
43
30
40
346
795
43
536
77
167
17
115
264
3
21
375
109
235
246
700
342
82
253
602
569
41
590
245
1088
586
244
715
507
1
626
562
1016
63
45
626
766
57
198
115
1
27
67
209
338
268
210
49
455
75
566
368
146
590
25
145
431
614
24
230
45
34
849
754
426
710
724
142
321
67
46
1387
987
4
105
195
723
608
230
605
274
910
3345
40
106
419
470
184
782
602
414
614
370
208
701
107
27
79
75
137
24
969
1898
747
238
80
50
25
33
544
412
54
1
18
311
12
2178
19
1
7
82
12
1
304
520
19
18
404
85
80
1089
407
315
51
431
223
75
396
1001
187
266
948
18
403
457
160
708
398
29
298
482
441
467
744
663
324
33
106
437
285
75
507
402
201
75
153
322
192
1
323
79
613
166
35
7
291
188
251
24
15
1162
227
2
127
578
165
205
142
271
1
234
357
85
96
343
336
426
3
60
113
2273
1079
381
96
232
21
492
373
122
248
146
179
266
248
101
335
970
86
42
266
78
253
392
16
596
392
440
112
689
58
83
117
36
759
71
1739
61
288
204
156
339
540
108
142
149
171
451
858
149
364
97
149
2544
1119
390
630
100
419
883
390
78
3
37
176
282
293
1431
44
90
484
154
655
1485
492
27
429
195
383
27
2376
143
41
83
588
585
1852
18
50
475
85
229
307
292
722
188
171
155
322
59
27
128
554
798
801
1053
123
156
208
92
328
352
628
246
39
748
149
63
12
368
1793
211
111
250
212
122
122
837
1042
808
309
362
336
113
340
232
217
787
9
314
75
1
76
535
305
146
1160
1
16
105
1
517
124
23
36
508
26
954
685
314
385
3466
394
613
65
838
528
101
7
1376
19
66
694
675
150
393
559
1984
969
83
1089
75
182
37
6
36
162
327
348
21
435
463
504
51
46
403
42
278
15
492
141
33
444
230
248
67
43
603
254
314
375
721
67
620
95
111
1285
76
391
836
335
563
670
120
1532
36
658
25
25
110
23
472
161
142
778
385
124
175
179
95
1
432
544
32
819
46
317
510
32
802
569
303
1
394
375
423
227
195
206
381
218
14
206
116
104
268
205
471
216
760
1119
120
44
18
35
10
70
294
45
548
968
441
302
72
348
91
1
17
100
660
14
44
412
11
950
76
250
602
184
94
453
270
374
16
65
12
429
560
402
171
552
484
74
65
384
134
21
27
436
34
1118
3
77
233
194
14
519
51
510
243
32
104
141
162
35
288
624
306
847
506
75
37
55
29
337
561
139
42
24
51
720
59
372
304
75
15
1
23
134
2114
330
303
718
138
5
266
280
78
34
1618
528
867
25
366
35
395
343
108
237
137
8
145
21
188
79
570
274
303
75
115
210
266
27
35
56
924
30
5
90
198
33
31
708
653
422
8
107
72
217
77
752
732
135
377
1116
626
1037
37
324
1011
514
45
335
402
370
82
331
4
221
125
75
520
94
19
119
130
229
59
237
46
19
1273
1196
219
34
392
331
323
31
503
494
75
1232
24
151
97
14
90
90
579
974
983
15
19
375
275
134
544
9
12
1570
33
784
92
1
20
722
201
345
20
1
227
30
3
4
269
11
33
4
1628
493
335
91
69
162
16
1008
34
75
1
181
4
154
3
144
61
477
54
218
79
842
725
430
858
155
238
64
540
71
182
936
27
353
228
376
48
1
2531
138
398
181
219
704
2389
6
1234
128
232
440
36
322
1181
689
494
995
29
162
186
569
207
936
411
43
234
253
420
46
8
224
50
22
39
696
198
340
54
128
7
336
36
13
953
523
141
122
412
386
9
1027
54
1095
8
1274
263
413
20
266
20
10
74
147
249
6
8
17
367
1170
14
85
326
589
446
284
493
75
46
323
1015
71
751
10
338
516
80
165
340
415
884
599
105
60
45
3
191
8
179
1018
11
70
699
1137
172
232
316
23
2
372
15
32
1860
10
638
41
781
915
403
21
1003
671
800
18
105
25
465
620
35
154
217
354
403
94
464
237
45
648
1064
728
8
128
31
17
154
142
519
409
148
376
871
578
969
13
38
379
255
59
334
344
526
87
218
1136
234
95
333
15
16
325
336
312
166
169
775
241
24
467
263
585
298
30
700
82
550
190
166
632
620
107
30
48
186
486
15
1
104
902
1781
317
1501
121
78
64
388
21
1543
330
154
40
57
296
375
957
64
23
169
361
609
21
251
80
243
89
326
84
22
183
39
1024
511
122
1252
111
4267
17
310
580
618
778
392
314
78
1823
230
396
276
767
972
48
414
171
316
542
1103
76
94
17
33
69
122
539
514
57
1317
154
39
406
310
29
888
323
308
56
409
351
154
569
82
810
1605
294
251
14
98
260
611
483
40
1778
540
28
20
660
131
34
70
271
407
507
624
650
546
59
276
46
875
195
1852
181
337
328
23
125
377
16
501
21
2
204
1476
1220
773
182
287
185
359
267
39
12
856
29
81
2
224
276
117
75
1643
537
355
66
103
36
1504
438
242
94
16
546
152
150
303
92
262
93
970
31
882
582
6
150
18
19
1
7
46
266
568
276
146
138
10
192
246
673
601
111
10
7
592
834
54
311
649
131
1841
535
52
504
115
1055
525
784
546
20
495
184
69
513
290
767
544
485
163
120
6
96
328
372
32
676
80
77
39
574
21
20
79
32
698
347
86
167
37
36
1004
714
267
1683
6
734
234
297
462
42
799
299
210
39
24
339
61
89
480
270
172
141
36
268
418
100
984
1001
995
39
352
348
2141
1560
495
845
9
27
14
61
35
671
97
981
534
25
228
137
107
29
142
32
480
7
86
655
3
98
168
80
15
185
80
479
43
624
642
15
44
24
675
33
196
1293
51
66
320
969
529
658
39
42
118
901
487
356
711
383
1483
75
24
298
478
122
52
868
188
26
25
13
137
306
43
340
1093
87
933
48
1801
16
583
5
462
1213
71
43
32
812
51
30
656
118
350
371
338
65
1338
429
29
497
244
646
108
17
1714
343
119
416
717
21
237
135
54
597
13
252
150
796
561
429
21
976
346
27
133
141
304
32
171
87
1528
53
52
800
600
14
132
974
139
874
313
723
109
570
11
107
112
10
335
117
114
46
51
220
293
362
479
524
358
279
30
205
957
436
535
58
412
56
417
2287
1
704
844
1
332
385
252
450
9
458
242
727
432
425
100
698
444
75
24
596
105
537
209
1804
701
29
240
185
505
327
255
58
614
85
152
46
713
23
81
115
447
540
219
1
227
2
370
477
497
16
454
519
106
79
147
109
641
9
898
1024
13
489
655
30
157
1030
67
1136
656
86
735
348
463
78
140
92
83
308
34
967
268
40
11
19
15
176
553
283
1364
229
86
43
61
471
20
663
589
211
22
752
939
19
115
585
14
191
53
41
563
587
357
233
661
14
403
359
38
61
35
294
279
59
31
15
138
129
131
86
51
165
108
145
19
9
75
235
574
106
107
56
41
739
330
14
213
61
374
30
516
524
204
90
232
238
203
501
217
516
1185
243
32
171
154
520
537
24
68
1201
148
169
131
16
78
587
507
99
471
52
63
1718
75
131
123
48
339
31
642
472
292
175
372
1132
1884
106
799
881
23
101
350
7
680
206
788
206
62
559
345
971
187
559
309
262
209
1114
89
135
39
595
563
52
285
28
684
41
330
52
70
370
1396
32
191
520
107
363
406
20
801
4
11
655
604
3345
639
920
206
627
1
156
337
197
1
343
169
444
408
80
150
483
679
409
16
353
863
393
68
34
1968
22
263
77
236
23
275
93
197
648
464
428
57
392
589
1
108
705
88
638
1238
93
643
1002
404
138
623
290
337
1
3
637
193
48
35
195
1211
144
370
99
27
115
507
228
393
172
15
37
1278
515
81
368
112
179
484
43
72
60
20
636
55
422
230
336
434
523
447
767
148
70
88
22
200
457
1892
1149
627
135
37
52
84
142
234
210
294
215
169
61
1339
296
1
306
143
80
17
141
85
79
210
760
286
20
261
174
2030
107
73
75
2197
191
619
1886
523
32
183
40
54
85
513
160
149
43
465
314
23
71
37
766
25
19
21
809
10
230
44
18
97
23
83
144
1018
396
5
760
220
42
117
308
1
4
575
8
1
615
1087
226
269
756
55
74
787
25
1
86
538
562
94
82
16
82
29
140
882
976
243
496
33
141
216
288
40
153
572
22
518
16
3580
916
460
109
9
1065
431
56
1270
189
806
45
738
485
2
1066
348
300
36
211
351
325
17
419
294
137
310
29
142
643
620
26
17
33
534
1224
454
183
976
63
523
36
4
283
68
90
912
74
160
554
148
38
31
155
19
25
117
774
615
581
15
18
7
417
102
45
220
118
16
1364
118
531
49
114
402
292
18
106
94
563
21
419
39
572
234
80
27
175
4028
113
20
492
109
16
47
27
373
287
20
3
624
309
31
39
7
16
1
5
720
390
46
71
8
38
72
400
128
3
405
34
571
153
4
92
61
38
879
230
46
70
280
17
283
25
212
124
11
524
43
141
1736
578
2
42
40
467
29
1143
20
525
493
58
410
269
190
167
112
103
457
725
781
20
132
65
56
60
255
229
1
14
140
599
740
229
517
200
335
290
486
3092
493
141
103
44
1462
43
493
922
27
73
338
333
11
442
338
147
227
927
36
3
1053
129
635
302
705
67
1548
11
439
16
93
159
90
242
2
44
16
2027
613
19
259
292
307
266
445
32
521
364
485
209
34
53
15
73
1014
300
37
39
770
25
78
407
201
70
367
103
609
175
75
533
332
186
20
353
111
388
36
623
30
811
33
661
868
260
709
434
352
97
536
731
152
426
29
244
333
930
37
110
1665
113
45
519
131
1294
681
286
357
212
35
503
16
57
554
181
134
608
318
190
769
319
499
75
963
455
253
11
2
208
366
681
19
141
473
275
136
230
716
69
88
258
121
35
62
413
11
114
84
8
478
47
384
415
143
362
2043
277
20
12
82
1287
902
1335
854
134
18
171
468
611
617
160
13
664
85
433
234
828
530
56
114
1275
297
592
15
43
120
762
7
108
163
293
133
339
1011
125
695
135
18
900
296
62
120
314
788
136
80
61
1072
164
1054
527
420
244
544
140
525
170
21
489
27
13
135
23
195
203
596
975
215
137
64
43
413
478
30
314
560
210
397
18
1562
478
73
529
8
82
483
51
421
242
368
5
22
66
199
43
11
27
313
211
176
820
172
87
503
37
122
209
241
216
48
33
25
172
699
36
262
329
129
466
150
7
350
136
33
444
477
1
223
96
76
780
643
132
35
78
72
867
205
512
100
408
13
1257
249
73
47
55
94
27
1
182
157
998
173
55
45
9
336
474
562
278
393
502
750
408
26
144
6
129
15
277
133
31
6
18
116
20
234
531
608
546
38
188
1825
2092
414
553
85
384
103
38
86
827
142
183
7
693
300
138
125
398
166
46
41
103
642
248
47
486
71
40
1
13
8
202
426
497
109
447
73
760
50
201
697
20
134
287
17
183
548
504
74
506
1257
186
850
328
645
147
67
397
82
1
20
436
224
488
310
200
571
67
26
181
1
832
87
1
250
23
17
75
12
412
10
392
666
212
270
1
23
162
550
648
219
163
242
31
683
359
563
71
1004
23
407
276
230
10
130
590
478
320
147
43
63
184
71
8
160
135
229
64
105
59
192
19
236
45
281
416
18
284
329
201
696
45
30
39
88
14
112
503
169
188
1189
414
247
193
818
225
30
102
164
250
69
64
16
470
14
216
387
1010
197
2263
778
1
386
30
28
176
172
63
110
18
70
892
3370
54
27
20
342
122
256
15
16
266
286
546
36
47
63
149
658
307
1754
47
1
8
96
281
180
5715
226
104
224
364
185
13
1
12
193
264
287
157
1
48
8
48
495
1774
629
1145
2067
403
673
1128
399
8
717
22
171
11
674
151
14
74
140
656
268
112
1155
35
115
960
409
48
1
221
83
1049
1275
312
167
303
259
958
298
377
373
345
306
70
210
24
25
65
253
583
547
747
101
47
971
203
86
136
289
655
714
13
14
712
6
60
135
108
106
1310
11
1801
684
27
66
155
130
845
1046
636
622
573
466
1992
393
1085
380
1960
340
1854
18
17
702
852
1601
443
646
41
521
1090
214
36
681
284
891
644
913
302
81
21
365
689
1714
2027
27
1072
418
446
354
327
649
404
78
215
37
233
81
34
517
181
235
391
802
5
105
1777
186
41
2
271
32
266
103
41
590
4
70
117
280
545
261
484
872
1442
164
556
361
757
618
15
417
77
161
557
66
1067
200
9
645
540
237
2
14
838
540
527
600
350
329
322
307
130
6
497
62
701
395
305
56
841
189
466
1063
339
352
344
11
33
38
168
1345
321
1273
604
9
401
99
271
362
125
46
132
1
318
23
126
433
90
49
155
33
673
804
58
321
615
37
207
108
199
2099
368
1815
431
2440
949
253
140
33
1
614
528
704
176
179
273
91
658
172
565
109
214
50
327
111
131
131
936
654
180
315
1512
15
403
171
1585
9
2551
139
27
1533
509
400
45
3
19
2
18
329
948
38
7
571
134
298
17
192
108
257
434
178
86
82
43
5
161
3112
1019
166
696
93
1
628
45
75
216
543
22
327
95
321
318
288
369
38
86
82
1022
10
1
126
380
161
211
494
846
2327
29
78
315
362
32
433
55
20
62
265
548
423
615
1211
79
17
1057
619
373
165
368
516
395
653
329
166
82
66
310
886
318
79
66
492
649
14
409
339
430
322
434
53
1217
875
242
5
95
271
17
797
198
105
2
61
295
177
298
26
454
96
86
59
177
1746
426
505
174
17
6
82
207
1130
622
110
1810
343
14
581
814
79
474
115
1010
588
182
410
854
382
86
152
260
16
98
123
205
242
163
268
379
145
375
350
317
327
151
267
1575
78
80
285
425
85
272
627
245
181
81
113
464
47
25
680
622
825
83
24
992
9912
102
334
24
142
730
256
588
111
34
2347
18
274
202
62
1096
396
369
565
472
85
902
142
79
18
107
340
21
57
332
194
6
1651
251
94
193
71
206
12
2164
56
81
24
258
204
183
104
43
455
536
829
77
380
313
61
358
98
64
333
33
1222
654
149
176564
222
356
75
146
54
140
10
18
364
452
26
108
75
35
452
349
360
149
19
199
169
66
75
316
371
209
32
401
122
7
468
289
2265
213
1217
71
66
599
15
488
23
20
58
473
201
10
509
222
27
308
103
74
208
1581
54
1
157
745
15
103
390
1021
1428
215
194
1037
277
593
19
89
86
37
10
100
8
945
1216
814
45
53
327
16
40
33
166
734
631
409
190
4
92
822
7
694
358
141
17
81
127
175
503
1337
54
17
3781
613
721
56
177
55
6
154
65
501
95
358
183
121
961
315
277
83
1336
496
147
1794
940
50
429
1
263
420
317
538
38
274
62
2736
186
26
38
193
743
756
79
12
117
29
38
1274
16
67
173
188
274
1580
53
411
655
35
730
312
16
1070
52
184
1257
252
123
117
1
103
88
499
232
212
137
157
1218
1612
502
610
215
415
158
1282
14517
29
59
1400
23
452
260
828
19
68
84
389
491
239
448
6
210
311
406
466
1
91
232
270
523
1
312
589
109
31
131
190
72
724
15
171
249
196
70
382
57
77
536
63
5
569
94
265
103
335
1626
139
413
87
22
1985
346
54
225
151
121
234
1
1077
437
179
77
165
458
555
144
440
464
761
722
108
984
242
78
39
544
389
94
18
43
194
354
219
52
1
25
81
382
890
21
220
15
587
147
342
585
115
520
54
55
36
194
219
277
69
16
514
340
79
110
1509
176
177
22
121
418
53
12
76
775
54
2379
935
2
347
1211
497
361
141
8
2899
27
282
211
22
271
469
59
8
320
12
75
99
61
69
17
93
117
436
1542
154
7
175
44
474
154
730
541
402
374
300
340
770
156
636
152
91
120
93
2408
1228
194
946
95
343
112
398
192
602
518
95
59
325
604
497
334
1104
113
591
185
858
159
120
267
137
403
354
1448
1114
216
29
110
137
42
77
103
57
1
504
409
19
877
46
144
303
516
55
26
110
1039
240
1000
671
721
537
406
793
276
471
387
364
336
10
911
154
548
222
451
48
1483
195
16
152
2091
619
84
379
294
128
79
276
162
287
207
143
9
986
183
47
314
81
167
229
40
143
840
48
87
362
165
38
405
375
83
180
1820
201
70
29
1375
264
32
126
59
30
292
73
174
158
240
271
194
129
32
8
758
15
169
376
63
31
490
113
151
165
513
208
247
422
239
54
713
396
368
625
169
32
249
35
34
223
10
114
374
355
188
876
168
282
304
220
380
552
1311
2513
50
94
622
21
815
1107
44
56
776
598
88
195
171
561
16
458
85
25
137
886
245
421
76
136
348
2056
52
551
32
101
119
215
149
247
273
155
137
20
91
88
805
139
280
52
159
283
254
270
142
370
351
606
23
103
85
770
552
443
1605
1094
167
74
318
16
2
719
88
1004
4279
18
13
459
169
830
1
433
456
4
602
690
67
155
642
464
79
384
87
113
710
17
105
453
581
617
5
11
203
99
200
150
251
1611
21
77
1202
130
26
38
557
333
225
72
16
586
427
323
240
4
187
1082
523
6
78
1019
681
229
61
496
311
28
76
10
1030
720
2487
912
516
95
240
446
240
22
90
155
18
90
1843
1489
139
211
44
36
46
1649
518
126
179
77
81
218
524
313
114
273
190
786
421
197
378
29
123
31
29
512
105
264
1193
80
129
293
7
6
204
164
42
35
20
50
343
24
329
722
903
1
119
46
209
29
85
15
465
25
93
5
269
3
1572
461
518
134
144
936
168
423
811
253
33
347
1865
468
403
332
537
48
73
680
5
1502
580
362
112
796
41
558
114
528
19
91
109
371
397
445
566
163
369
800
265
562
73
156
311
826
88
284
15
472
176
426
221
397
193
122
19
418
112
210
235
80
119
76
137
297
862
149
35
78
75
539
555
89
282
239
95
165
329
543
197
70
16
266
1860
404
282
85
161
435
85
613
540
68
348
186
440
103
162
321
106
653
47
262
219
51
63
143
96
1419
55
550
1028
47
224
102
730
600
658
16
236
135
603
708
376
559
197
498
878
685
76
399
596
734
292
111
199
545
76
2216
305
25
102
119
890
360
43
23
158
240
57
259
60
303
772
501
81
1
72
399
131
1974
25
548
934
23
802
386
453
160
182
52
302
50
238
16
562
11
817
165
66
787
473
356
132
103
132
100
256
103
697
105
8
118
157
84
78
21
252
172
474
820
19
334
299
469
221
48
179
630
331
102
129
53
78
87
64
66
27
494
74
302
133
98
1879
389
292
141
170
12
193
155
65
2313
6
123
234
104
2
693
218
1126
947
102
38
89
527
231
1
579
11
133
81
146
51
6
95
267
775
236
153
127
73
247
139
45
322
1233
120
61
762
696
130
147
1
214
943
86
231
20
308
32
741
12
189
1014
46
219
290
93
295
125
115
211
220
19
214
276
60
5
1379
212
843
71
206
1195
126
1350
515
331
44
133
687
126
579
216
124
69
66
5
25
32
89
303
397
1034
97
654
333
457
337
249
126
142
129
80
62
363
795
555
106
216
400
24
166
1396
103
2106
404
478
71
115
582
55
116
249
141
100
835
140
843
109
238
6
164
1089
575
238
85
371
586
208
465
45
338
5
108
432
152
262
30
586
59
269
82
152
26
93
