207
2339
176
393
16919
860
70
260
248
10
1382
125
64
256
33584
4920
1981
4525
10765
858
24
1194
8011
5973
414
1001
3740
5447
254
1509
2318
284
5
186
5027
240
14
806
2764
1124
1610
1255
3659
1130
16
4726
105
35
36171
45
33
836
9445
9266
709
1826
30864
92
7703
8862
26253
205
8614
5226
462
306
718
14
158
656
8442
123
38544
2997
906
130
115
126
95
49
11749
99423
6898
4
1168
819
245
1932
114
1779
19509
5118
9490
1287
249
2220
65325
872
6329
3114
777
5294
180
40067
1271
667
2319
3860
561
2441
1580
5545
6665
445
1719
131
393
2344
529
588
251
2972
38
1291
477
1119
4444
254
185
7416
14090
798
145
68
407
112
676
13
829
13661
11344
1865
2767
823
6
1389
53
17839
20927
370
50
1296
3526
6688
37
67
4745
11011
84
8262
274
1082
2041
910
10
7514
367
1081
15109
18759
3977
121
1422
1232
767
2265
44868
458
269
60
195
6870
7637
137
33
1031
1643
122
952
6550
3941
446
567
432
4490
513
2391
58
19622
36724
3930
200
6388
3410
18
913
1110
2093
537
13330
1346
128
1083
8028
4561
575
825
682
29382
561
1791
18836
5350
655
16242
1568
1124
8841
1710
351
641
399
32
5138
1231
531
17830
5397
3232
3748
935
41
10265
3785
1477
433
2550
22384
482
7636
132
4617
152
513
171
4064
1748
21
94
330
1809
963
278
166
10561
4627
499
5514
31106
55
402
4899
51
76300
36750
560
56712
140717
18226
1242
290
888
3696
1247
324
2448
4597
2980
10720
381
130
2030
208
157
149
31916
17763
7746
1028
7001
9518
57122
119
5214
727
2843
15460
17017
1423
777
3365
17749
14808
11075
33477
5826
448
110
1252
1116
5259
31657
2199
898
8426
1455
19140
12099
12216
10140
153
6117
59
2234
59763
713
16368
5218
254
38848
6291
41
373
29138
1278
26384
4627
173
370
233
2297
8139
159
826
9
3966
13
21
10456
453
1124
178
9987
5164
431
1068
9784
2044
843
8564
1061
1467
72
57
233
3413
2914
5009
655
755
588
306
11492
1678
19835
455
10147
3800
3279
6987
8444
90
35943
541
1468
454
3949
59
22
2153
28275
28463
7533
174
515
25
143
1003
761
1506
97637
307
4253
7931
43945
22834
31414
2681
3888
227
9012
1819
345
8000
258
1436
16505
15295
338
45891
8674
757
14796
2899
876
760
3094
4588
28056
313
3442
80
45
310
206
2061
5805
3490
870
26
30
2731
24729
1931
49
2475
90
5092
18
1309
13182
15384
4225
9159
2879
365
234
38
4889
5116
1478
3661
2090
2302
1346
3086
236
1889
1198
815
80
297
16087
3122
1065
4152
1608
9499
2286
101
114
43
1030
599
1779
2408
1965
41
60563
1891
2440
4151
3039
567
997
224
4800
940
8764
4777
540
2172
320
38685
3410
15164
352
4108
573
34880
1800
2381
9638
4804
6049
3911
938
6623
427
50
3114
7867
120
2563
428
935
4182
7996
6930
184
6989
787
525
913
1711
11416
2595
1304
77
2901
8237
16363
217
9342
4663
1161
1879
331
8260
7643
2191
1158
68467
654
1
1893
1338
3613
266
3148
5794
20566
271
5020
953
296
18
3528
997
1636
1787
26
18843
527
293
25374
2394
197
15844
42598
1266
700
14358
19104
5746
191
400
36435
18758
4496
7845
542
12780
215
168
1820
572
360
2209
817
3414
606
1706
165
24222
18254
390
1799
3155
2300
4884
371
99
738
1140
6995
24957
4522
9033
1725
17053
2546
4387
6278
6912
1600
991
5916
976
2831
6146
37220
7874
3441
169
481
6820
7010
694
1191
2150
3210
1082
2776
7496
25414
10441
4733
2182
31984
2372
505
754
32326
140
753
782
792
1945
8245
575
16259
705
1024
11374
865
2860
91
5737
100829
62
333
5300
16153
168
21628
18803
19945
17299
1758
11791
2058
14446
8428
21385
10880
16690
58571
15
850
63320
2052
46
26295
1206
50
1923
24633
36
9023
4895
120
1164
344
397
656
1666
27883
10223
7267
40835
29
2687
2014
1529
5065
10677
14586
5
274
3924
2553
21315
3317
25699
242
9259
5743
16341
2374
562
1021
1107
12091
23
2754
202
6229
332
2262
350
2047
5544
565
33189
4150
7770
84504
2063
7524
169
1039
663
246
232
4067
78
5554
34591
667
772
2455
591
706
23924
288
4140
4706
2700
61
76888
3496
4923
1143
207
1557
3397
1244
23212
419
5604
198
404
1225
31
401
6422
28
7225
14660
23759
4455
44472
18463
4032
4488
6244
533
132
6783
3045
321
1179
393
6543
35780
1175
60506
418
70
12759
5034
1632
1
6269
3176
3291
5959
303
7678
3161
3395
302
1325
164
4285
579
2492
86
45065
4573
2565
194
9470
359
316
2814
2679
850
35236
4873
32
2363
15
728
4073
248
242
2068
3449
4441
1019
538
30145
19462
523
128
18451
2133
244
100
822
21
24579
4787
417
9047
2456
1033
201
7552
885
826
1010
14393
118
896
2845
6570
215
30583
2656
26
1697
838
25512
27295
814
3686
22524
4103
370
1036
22752
4377
1157
2160
1745
483
1638
836
705
5574
13882
1795
1412
2930
1494
307
4700
1267
53597
6871
739
157
1416
10
706
45905
3441
4000
53699
9561
712
25287
6117
47
8974
47293
1084
63
1829
5678
492
339
4057
203
1738
316
317
107
16
8003
1043
1581
2955
390
1057
1743
138
3053
426
2059
13005
3659
28350
945
5947
15024
89
53277
398
1347
4612
3536
373
704
3398
16483
6508
37227
29271
370
3579
3427
799
11308
3388
1848
1549
701
5541
1581
856
18176
14329
583
5216
131260
242
2464
5583
1516
71
596
4442
2066
81
3995
7429
2600
2374
3719
324
865
53
30499
30829
4132
5712
2192
11152
88
240
822
6552
290
376
23505
105665
42
2276
27
545
306
829
8016
89
22
1094
818
4748
74
1556
294
158
9397
51
5063
11316
22959
190
22217
91
159
199
2315
77
1117
110
1649
3753
5851
17440
38
136
1227
1082
2822
32847
4853
283
478
4565
205
9505
962
46
34
20742
113
4523
353
32433
311
40
21603
12900
465
2503
34911
10914
1874
36850
3971
4037
5169
7472
5675
546
850
2127
147
343
1021
2
73
706
416
976
30
2402
16697
72
321
5946
221
246
990
13
89094
4466
6310
1595
100
3939
1179
7041
2566
1057
208
1434
178
221
143
241
636
937
241
62
1566
1195
29014
2134
145
10538
294
51251
3978
1909
182
43313
3199
402
16115
85846
11857
468
89
2365
802
671
261
810
4231
47
700
3928
42
17731
6276
10430
238
233
579
90
511
19776
41
527
644
19064
4337
11
1557
12
7678
3914
5921
1296
2302
73
5922
66
3391
918
595
31392
13527
288
607
4889
1347
1
40624
5245
686
5854
1951
6350
485
9146
538
3488
224
18267
1098
8430
372
90
3149
3709
969
12947
376
532
4053
187
19
12933
1755
17014
2416
921
4618
767
650
351
128
2311
573
109084
1347
571
5281
78
178
2768
33054
6110
822
3559
584
1025
3143
19199
190
33529
1960
98
67213
1698
13176
96
232
287
13468
17225
118
4065
35
36
8000
145
22510
45
597
972
9638
6045
3263
12929
9544
9850
5663
16202
12805
45
2777
803
9523
1833
15717
12
9533
393
16775
847
4965
67
1665
2907
72
2483
579
118
2444
29585
12796
394
695
364
1164
4
667
2585
237
140
14794
780
955
267
1872
403
521
473
2241
49198
1689
497
766
8592
1394
2175
1075
227
51454
1123
12697
2269
205
200217
7899
26486
42527
986
10451
356
5003
793
270
4948
915
7713
3454
10475
34
880
1420
849
7155
1769
2450
75
3211
27
9268
13304
2810
1052
1524
291
286
359
1601
6974
42
4287
4053
416
3597
4485
765
362
149
9251
24
39
5276
1929
534
16058
440
628
2266
28626
232
8252
615
1155
850
1118
250
128
1028
26887
480
87
1017
44
16930
9418
254
3707
16013
404
23940
431
1457
12846
12757
12824
1814
336
694
11041
1605
411
844
3250
1134
270
5486
170
93
438
328
130
1155
1925
327
8947
33
106
191
1473
22
208
14429
1203
1274
177
10874
4560
7009
389
16862
1777
386
1773
48226
5273
5872
9770
5405
204
12
710
1027
569
4696
4066
1621
394
5277
1849
5774
19852
838
6218
12798
2217
2106
118
2732
10634
365
42569
7226
8636
34593
72082
133
7656
279
1819
412
1874
770
39145
1838
5572
180
642
173
1044
1044
2925
3205
460
102
3095
5949
11344
409
12909
1219
567
33747
321
1596
1768
171
2604
2246
2911
8098
7142
235
3584
7
1032
80
934
123
1708
399
19662
2608
1139
5020
1569
385
3271
106
17093
83
3119
95
273
83
291
23482
381
11034
1291
2106
69
413
258
97
55641
37
11261
4123
1392
784
7459
88
3512
1167
1048
5585
13830
2855
1775
1360
25010
2562
2437
3827
55949
326
3635
1194
767
988
2396
4690
147
13915
1589
988
2587
7948
1648
950
1580
265
1393
651
5615
2019
17978
560
255
300
4872
530
265
102310
141
4692
185
1482
4795
544
5046
1858
96
1755
267
1004
5784
1202
58
2331
3258
2859
6854
4162
42816
142
4436
3404
957
1041
253
1648
27549
16192
4900
4034
8881
4859
1368
6086
161
208
1325
8651
196
4905
2692
2
167
21150
12933
4035
309
476
3462
687
1652
177
3564
1741
25039
42
62
71822
57
250
16449
585
98
1447
16074
4446
1906
17740
316
1250
446
2903
17941
2053
2291
762
188
12103
2133
13
8627
1
157
774
10119
1569
139
23340
133
7
323
1161
3977
4163
3040
297
295
2219
6910
2628
8003
9741
221
54
1694
1333
13232
1557
5519
72
128
11663
227
336
59
186
474
578
219
2093
3193
32
78
1084
29568
1308
1168
430
6222
95
13920
29676
8198
270
122
1720
56
592
2623
3375
1637
199
40452
209
562
656
3210
17987
6389
47
3386
51
31132
8787
210
1616
377
42776
40086
13020
6677
184
8622
3478
6
7968
5260
6744
921
1930
4369
7203
2466
617
7164
298
132
741
28014
81
5235
5700
2675
443
42778
86797
592
2073
111
69
12356
14574
6907
2705
4573
2513
710
80
28655
9537
8041
600
10221
2164
223
26342
5468
15002
66
392
576
1065
21250
10805
1851
4945
8475
6285
533
164
298
14066
31
8061
571
331
1856
730
11150
19862
251610
12326
661
13782
6336
2976
4477
159
176
21655
13251
49
4229
36789
931
49
12372
275
39
1052
2416
4564
26875
24700
703
259
402
5057
7021
767
4397
27261
7270
378
27621
34
4
620
581
733
1090
3742
1562
2135
2253
1748
1490
3105
669
1741
1069
1201
5351
4643
2106
10902
41
39526
1681
1718
2642
44
176
61
4440
2888
132
216
222
3992
6583
2065
420
1333
35131
445
956
43
2630
26967
26518
105155
51281
15024
237
52305
30
5254
89
33265
10620
16743
506
1471
480
1319
437
6186
6083
68514
28217
30771
1
37285
7464
11609
29402
2126
14810
6632
24698
11827
17987
1387
3861
542
507
2452
383
2918
113260
61418
41996
21050
5699
4323
2991
8488
4158
141321
162
238
2601
20307
3674
833
57
5717
537
16455
299
2060
4026
3146
3903
608
4963
1687
5043
176
1074
2652
406
482
145
3084
26032
70
6502
1040
3592
968
28412
2316
608
4920
12119
522
110
1293
112516
27794
184
8144
910
711
14173
1092
11605
7396
3693
165
4300
42108
114
3508
1481
1329
5595
1384
1562
1323
6771
279
4131
205
745
255
2774
213
13966
18611
713
2258
26375
16177
3189
6237
2583
25
9175
7915
842
1455
18135
157
11144
17153
4058
498
1735
656
193
20114
62
281
5714
5830
3231
120
10321
275
2992
227
72
3630
136
6266
408
1038
3552
2852
1979
115
530
56313
2448
7199
2980
758
731
1077
1225
37352
521
4871
323
33156
13131
1161
52
14145
14160
1586
141
2016
49678
3151
230
11370
249
4170
2110
30494
3885
20192
25779
1541
3213
953
1557
8497
2333
890
195
22240
32933
456
543
3355
5276
108
8302
61
837
5721
6118
55
1573
87
624
204
10816
35286
605
38
685
2297
826
1191
1106
209
1788
1662
7572
401
6890
165
104
178
4297
2391
822
1267
619
1502
3418
20846
5930
114001
258
60298
5667
14339
925
1911
161
16799
1053
13624
94
6556
6043
19
2438
253588
387
7136
4060
16307
1307
9824
8788
4774
19
204
264
150
2234
739
1003
3066
12318
1134
910
34709
1616
13003
13950
231
4745
15
6116
27594
73
14019
4073
20198
42
731
58179
6915
488
550
10892
1470
288
3913
27256
4909
171849
34668
78036
39
1637
2378
10278
262
3755
4688
177
37527
1266
99
7964
191
363
23944
24061
8075
2136
1494
2489
19748
1
4844
4838
77299
574
2291
8805
1862
4
2495
82010
278
5721
3249
2596
2531
962
1253
6717
452
4824
707
7434
994
2029
143
1330
25467
1045
279
34
22637
3562
2504
968
13507
8573
28557
19891
2078
1163
1541
1446
96
24320
609
131
551
10338
26852
3700
3937
94
1246
16785
11867
3505
136
157
959
40051
12192
5166
299
1063
1988
68
8
1681
8916
11808
80375
1820
3057
3594
175
45823
409
3380
4475
138
473
8488
636
781
142
16196
76947
17448
49
24055
1325
30860
27126
702
280
15515
20608
20755
43757
130976
107
15539
8281
12472
2638
1275
616
281
737
849
117439
15
521
181
32476
577
229
2374
18
67
1081
13721
2024
319
15589
35825
4196
11326
259
1583
7957
82
93
535
200
78
19992
795
1300
753
2304
8952
261
465
1033
2399
130
76633
9532
865
4286
6672
221
4928
37124
893
217
19583
30157
1131
408
1378
3559
1547
2635
4302
3429
1341
352
2069
45704
2151
5390
103
3851
105
7692
1430
1424
31832
1027
453
662
1419
50
483
1723
1304
799
143
62
2330
1406
693
13503
5432
256
10702
7027
3207
38376
63
1653
58781
1248
8997
4364
7599
76985
12326
19932
1552
3847
3574
83
36427
1424
39386
142807
60
351
306
1467
25
101
2172
5781
39883
246
1099
4208
215
24
40
704
7324
30917
94
8386
14699
8317
320
26
57529
26443
592
2468
949
1814
280
9867
1328
10
1110
5058
860
1065
1629
100
1849
411
1576
1227
6703
19974
122
31915
7392
1202
1965
1175
166
10131
15790
7
10729
4381
3066
39386
1706
13562
3134
6304
1028
2487
29939
15245
7276
2313
5
115
511
5133
986
76
5545
12659
461
649
3037
213
113
2208
34764
2453
320
81
12733
11825
385
2168
6621
238
18213
459
26803
67
5
413
337
26368
3453
606
12189
1549
23825
7136
1862
1848
649
10028
1632
22520
2305
436
9531
10536
1606
3711
76095
13764
4736
106
200
29374
2296
12852
677
49289
15206
18331
2812
16918
650
1799
366
5642
654
162
398
1919
3766
45712
102
243
223
161600
45817
24006
18788
206
8797
69482
98708
61061
5546
5375
84636
107519
1451
23111
1628
8419
70093
132044
6326
5520
522
174
88334
50585
33110
23756
638
307
21445
387
2223
3376
334
4312
1593
13657
2409
8512
40517
432
1662
904
14010
61
486
909
24158
2106
1642
4709
146
54
41
27563
4209
1649
17478
17277
5758
16783
1302
4971
25411
13610
1602
718
2369
306
1878
12751
118
203
1664
158
306
137642
2401
4469
363
2397
3161
1318
75
31421
4071
1420
500
263
8976
1374
37840
1708
3269
3210
7881
1266
3106
2276
47510
188
404
1771
38904
2292
8060
18618
2850
16836
3134
2892
605
700
3244
1867
4083
2858
9427
588
56
262
2023
16661
1588
37880
92512
8878
6469
2873
281
813
414
9402
8488
25736
2126
27632
142
7343
3579
2422
2675
629
7889
1668
150187
523
3138
757
672
11379
6963
32713
4870
493
8763
3558
7383
3425
11739
3360
560
202
619
9156
318
12
1638
12930
509
3175
5157
1015
7409
349
318
356
619
3143
19978
1018
976
34683
1000
152
707
11938
172
965
42
2112
2900
35728
1141
789
553
1569
37128
1298
33
557
3802
13691
8119
2112
1216
35
2392
3548
628
44
9031
5539
1926
908
431
5703
7828
9755
13305
301
186
523
5559
805
1766
1208
2814
4584
17141
11131
26824
8974
22290
101962
4504
43
4048
27748
23284
2005
3790
4140
27783
6948
670
6529
100
2160
47
1650
1475
2132
129
2599
273
2290
1768
14297
1298
23880
598
6057
4832
169
440
457
27
72982
2335
8648
911
807
1909
38
590
10907
5562
156236
5114
7316
166552
97
201
54
3644
13789
703
9885
2123
10018
1062
269
411
16580
3817
3320
6979
85
877
7942
5743
384
459
6836
193
289
1683
963
1743
22
14958
102
13354
7074
22012
13109
110211
84
329
121
648
6886
1980
923
319
321
13062
657
21352
67
1139
218
3272
419
3601
53967
6079
1058
55076
5366
2984
1358
4077
21936
3087
801
13788
2714
16400
7425
273
38624
5357
919
2559
1002
89600
1998
2504
2753
7582
328
3049
2991
5820
98
561
3663
39463
46
12349
7411
1226
19074
161
11708
1772
8533
667
523
480
7028
1033
14027
2057
7795
10866
609
525
190205
125986
992
26202
42230
5204
158
7091
9408
3911
10602
2550
2498
588
27
557
565
328
740
91453
5038
2009
1363
2324
570
2156
6948
1696
10578
34745
2466
55645
5693
1394
955
1243
1070
6
4085
189
5602
2120
89
983
120146
1290
28262
33611
266
297
1129
13456
1356
7351
60
50662
9982
21078
195
2103
11167
1375
240
386
2008
10782
1991
6488
5855
8796
896
3370
3250
852
2126
2809
129
3696
774
6208
615
25179
17738
1244
436
5925
585
9746
2165
41717
56443
3542
50660
3396
6645
153835
1750
16024
2405
1016
20401
6671
13764
66
368
42
768
144
10
7759
4397
3506
1751
809
2047
213
115
11847
24348
1800
2598
8115
10045
24997
82
784
13456
171
938
5779
5904
6470
2970
1325
11346
46839
620
630
4564
37905
699
7413
369
4388
709
1370
897
1259
7818
3009
20684
21463
940
49952
2625
3429
1507
33403
20687
1314
3417
23552
53
86
5187
26292
1369
94
12647
4959
117
9535
5355
12
1185
420
796
116
88
2885
85
1739
391
88
2528
65
1580
363
7364
87
10027
2722
2693
19652
23876
299
2169
8752
139
149
16380
7646
1664
64478
11078
34546
33328
18421
7253
8730
351
50686
2400
2473
182
4858
34065
155759
2380
101259
1385
3787
96565
1852
217
4314
1757
573
3162
2887
15422
4294
1285
45844
30110
8784
3430
48500
13938
30888
24681
25467
22904
16924
7477
8795
2313
17580
9495
707
211
15
167
2928
54
294
680
879
1733
1745
3963
675
1054
11619
3529
217
67
396
216
181
116
184
14
865
3304
4392
6104
65
630
33573
544
1439
4339
339
165
603
7163
28084
2113
943
1356
149
23348
113
19892
2491
1269
4767
3455
1028
1360
54606
9270
13964
180
6323
2782
9
1128
5470
45
2399
317
1576
1671
1329
4870
27
39
304
1737
11657
288
261
179
35556
2157
3087
768
140
262
751
753
114
352
1249
54
333
580
86
23692
74
374
1851
554
277
1173
3835
32909
5173
556
827
161
1500
4536
2751
6007
231
550
64487
3114
382
13264
101
67
5639
5585
22738
50206
219
48211
33839
2147
1086
3158
36122
2046
15630
218
32218
5472
767
2413
59
583
180
1795
872
198
771
218
2214
6356
144
151
597
159
638
1010
528
705
234
2950
1281
798
57
648
15786
7499
549
388
20063
1136
125036
582
51451
3164
7744
15894
30826
623
84
2590
429
3360
293
859
11094
3924
2431
141
457
14643
695
673
1963
934
4619
2926
702
2479
197
5122
37511
1656
142
841
811
15197
558
675
23799
36821
5695
4905
10320
648
1111
57993
3093
19695
182
11250
1557
784
11427
692
4697
74
992
173
1083
512
1047
2858
804
2918
595
849
21
1713
157
3523
15
6292
48
2110
33731
365
656
2116
5037
358
6978
5700
15630
17251
2107
50
7541
320
1410
774
29
1433
14063
56
10105
1608
3075
220
614
799
234325
17189
20984
998
9545
3054
117
518
12919
245
10564
634
746
855
2172
40
2444
72
562
448
7950
36
746
593
4466
190
590
1339
160
1626
8
770
145
2207
3441
580
734
404
1600
2049
474
2007
365
28137
36
1641
503
26970
11607
3722
21561
11784
72
4041
5705
29156
12130
1546
1458
3689
5397
3227
594
648
893
979
1080
142
794
3296
4673
33
721
24
4642
2978
22
4154
2711
63
1060
1815
69
988
359
100571
19413
1030
1161
352
1349
422
185
84
826
52714
110
7589
1177
62134
783
1484
736
553
346
359
9231
1261
30
509
37430
3454
2129
520
1498
3595
3643
15900
4284
2471
119
778
8256
6606
467
299
483
70
997
12914
556
20484
7611
20
4359
1329
2862
15262
2099
64
4428
138
860
1533
142
3268
5883
272
26106
2439
666
95
701
48461
258
37233
78943
1
10505
56134
1484
1145
1225
2310
8728
1861
351
1395
2529
19248
6062
3835
3238
1173
716
34730
19572
1571
8506
3905
26
1406
811
8750
228
7651
10330
986
31
5538
3458
44
8126
7049
725
1201
707
544
292
6701
1118
651
360
412
147
2845
4554
16512
133
534
131
151
2944
5271
515
22791
14838
625
11426
10056
1181
2227
24185
18367
12493
965
337
738
5809
354
13606
668
2194
22
296
8981
27702
17129
3041
13803
21
2270
691
268
4593
2522
1039
795
5600
1822
481
6923
46
1711
18098
3953
6044
14498
16097
753
25
638
115
961
297
7775
338
1175
1308
8529
4797
8674
11445
2423
7338
658
1108
22772
3670
3368
9473
113
1872
234
2941
30
2258
3849
3102
1682
3323
110
42379
2077
108
1688
497
24
12151
4220
535
3117
11213
37640
451
11332
16171
680
1341
2228
934
30
26462
3653
69
2985
564
7836
836
17622
171
366
388
1104
335
280
4111
13267
2156
1704
13080
2557
4228
325
1446
92
1698
931
1
9985
1977
943
20
114162
2054
47
4128
183
480
20492
527
2027
765
6528
27
9100
3275
22887
621
8815
30824
261
38
37
1984
1018
6847
262
83
64340
1504
45829
51735
1068
257
275
464
22571
7588
5116
18698
5886
243
2604
424
13784
1553
270
324
27601
243
908
1323
255
8233
556
22
12953
13281
4742
360
3585
433
1029
2864
5590
172
3909
1045
23071
9003
3532
457
423
437
239
293
471
9017
1527
30871
348
5934
2286
104
10937
1866
11637
3442
107
1209
690
3206
4092
211
5670
333
1483
1400
209
341
2445
5114
46442
1852
20881
277
13765
146
12312
3413
22610
4762
439
8937
18761
2186
766
552
248
377
29865
179
9488
7680
1106
1503
718
3087
2665
1163
3
69237
769
3441
661
4899
80
654
531
295
1425
458
16809
18814
60552
9
41402
423
6667
1044
1096
209
1066
6473
120
136
245
236
293
4316
4554
1190
653
1276
1489
1793
80
2083
1091
13887
33
1596
1669
451
3353
15805
5201
101
428
556
228
185
804
6963
3865
802
582
7353
5534
272
129
79
2196
99
647
15466
172
38
44533
909
23148
12413
8214
43543
896
14989
43362
1556
125
21743
6018
571
1593
14
310
32134
9186
297
7400
4904
6961
357
270
631
385
311
6667
1543
1
27032
221
1177
28364
1151
2213
12832
94
406
267
10417
23916
1076
284
25729
8666
58
21
287
3523
326
596
23053
2649
114
1251
1013
4901
4073
376
8121
1642
3971
2189
2486
17308
184
59567
1129
17723
39341
33
4008
1347
22076
104
892
6720
462
453
14292
1310
121657
238
15429
26988
39823
284
1894
555
1585
33735
14514
12535
10046
1329
26195
7728
716
260
588
8042
44440
15306
23
5746
18479
704
325
40
535
11442
4505
144
1267
12418
566
118
1854
2097
383
397
7201
275
283
3074
115
1360
3177
963
12313
672
1149
5615
6244
3309
330
2271
4988
9176
408
59335
10813
69
3125
17035
15162
536
923
1598
8610
8327
50679
2157
38393
2494
46327
436
41137
2140
557
1252
9231
7676
667
2721
18701
74715
35
8
426
558
13706
2689
392
23
787
10392
1909
560
6484
16736
48342
14447
39
80
3647
1706
154
1030
25684
648
1599
302
464
1051
1252
1492
94
9547
15936
4630
395
4700
139
65877
2681
7510
278
1294
17808
1650
12371
4158
768
706
23
3585
1222
1027
13228
16962
445
5702
52221
5830
118239
4955
4984
173
3353
7787
4062
7196
2897
3385
3284
13648
23625
904
6615
4672
2488
9011
588
1076
7113
28591
11838
64007
410
92
4647
362
8217
971
1346
2853
7058
8586
5788
5426
4029
91
15440
23826
22055
14
410
751
5422
1899
13053
9308
1676
12270
355
406
1421
1336
4549
27
3583
16958
1311
397
674
7808
4746
499
189
17356
13196
700
1245
306
2481
511
264
300
2443
11043
602
1861
12367
21718
407
6530
2548
867
4601
11689
252
12364
65840
6899
1547
6255
907
11
4553
1018
825
1629
3929
4809
87
4623
5150
10544
187
427
323
183049
148
698
663
5472
309
715
12658
14062
751
3275
115
6466
2224
545
116
5249
5820
740
19746
810
6987
30173
799
95
3332
6501
4451
13580
17655
7222
1859
681
4004
24014
1431
798
7599
23404
409
304
2204
390
12047
13498
10047
886
1622
2469
19910
24015
6266
1955
1826
6652
20425
1475
458
39
1405
501
13
384
1791
5234
1228
535
4
1884
10575
13716
12043
1450
18028
209
4416
240
1679
3813
1711
93
2505
865
472
437
1517
124
3923
155
878
375
140
1869
204
145053
2511
2021
161
1095
204
1329
8997
39454
10428
27909
1181
96
3488
14813
3289
1664
14825
27012
402
763
701
876
11086
7667
1254
19181
1929
58
1871
68
338
1093
2478
3035
293
206
5534
33759
37
255
71
14754
20396
2282
1512
3479
888
2517
4261
3519
40268
354
412
21912
10548
13626
51197
102
1568
10120
4376
1735
765
68
449
1935
1111
47981
360
5936
4559
6232
3565
1495
1676
1296
1104
2030
90
29
312
9691
9161
10769
580
2946
9850
129
66
7261
18
809
842
58041
4372
36
19178
1241
1255
779
7127
646
491
2114
312
1325
141
277
21502
60460
6593
255
21394
557
29684
2864
7488
4927
14102
3337
1624
32505
2498
3922
1365
2251
117
206
1000
177
80
1579
1261
2673
838
25125
17563
7769
339
689
1848
28
38049
88280
8032
176894
75
31484
335
2500
37283
5482
20815
10904
23040
47721
1271
168893
228927
1051
28875
331333
39911
111843
26998
28780
61904
2059
254
81648
10471
823
35929
7066
279
3769
9146
5759
2544
1009
2699
19057
57
2082
359
7334
4475
1822
138
15168
7288
8084
108
165
3663
38093
542
24562
48935
604
85
2653
337
4576
726
7307
18
35056
197
324
1946
129
8836
449
1243
412
12779
6395
9801
18249
3106
1856
1416
18844
5993
512
422
2813
5802
2393
2396
5174
2123
982
23919
149
20983
173
8181
191
436
6898
935
446
204
488
904
1534
15602
4510
31684
14369
2
3505
11965
4995
11333
6
1622
255
1685
6344
32
476
434
270
12138
2238
80
2443
264
1803
1071
120
28613
13089
4615
15936
2714
3109
179
3031
6912
9254
3690
22415
27949
2483
706
540
1570
11045
6369
16871
2015
7368
2835
116
4676
2508
26999
10215
584
80016
27872
2615
5208
422
1501
2148
3081
19108
3105
60068
58599
38977
1710
689
175
1364
317
30896
2733
323
148
17197
107
1160
28863
14576
519
2524
1029
1052
3124
6567
1544
4537
133
3724
4566
6624
6668
14457
52138
1883
83
19185
1417
1970
2692
21
263
10772
5640
19061
15163
2880
13900
186
2114
10886
4112
3467
2654
16694
2203
20392
45751
11618
13
1895
38326
3038
4960
2840
9378
8450
374
7601
6079
4504
7920
121
1838
31907
507
4415
11331
1047
1693
5708
5292
2507
1176
1920
21338
7602
7986
789
226
509
1166
2058
3896
55
1182
10602
14114
3689
9330
690
15796
85
10552
15488
13964
800
4298
34435
792
173
31479
11094
132282
590
1916
366
2229
482
3571
6995
70
260
1765
322
476
1804
432
9524
1283
3887
1582
51759
30216
956
43036
23907
88
6671
8607
309
57
2683
5607
365
4021
7636
27
14575
7312
169
5593
135
1244
1523
27746
4163
6523
8764
160
2664
125
10838
38636
3674
369
685
49327
4957
15957
5727
654
2294
7213
164
18481
1735
13369
4224
45876
1184
6163
55
385
1093
1931
1111
357
443
7658
1736
2876
2850
1026
3395
395
206
115
538
14694
5171
5484
926
661
606
82
788
630
1886
367
291
4
456
2440
228
44
37
950
5242
2199
1649
25441
1170
4578
493
3619
1914
902
891
3332
10749
3015
472
2300
4626
184
2543
27
22608
14354
53
5963
3642
1340
8405
6927
2258
13265
277
1570
2153
49683
2845
29522
9
1395
6054
30
3109
3375
37
4389
101
173
7891
5555
40
1684
414
488
298
5991
10625
21333
1664
341
16
32334
1044
51
362
223
1064
16491
3049
1562
464
7512
714
9523
1721
3601
7029
3574
17990
25665
91767
14260
997
98174
289
11040
62
15355
17254
381
32
2582
4672
4197
7384
2104
18567
9938
2090
12015
2362
50574
89
4488
11066
2474
330
187
1236
202
3761
4411
2446
20779
1556
2862
2648
8390
4635
1454
3349
37500
228
2098
1405
51
211
7962
94675
5
29693
205
299
506
124
98
3993
1945
3020
10218
117700
128
78
6449
2982
1290
95
10801
342
124
998
69092
920
18413
2608
14764
17510
19288
1919
3352
30945
1971
6894
6341
5916
22285
6613
42909
859
2273
218
2778
50906
1628
62
20
33997
201
2305
27
8918
1662
31690
2995
142
2097
3283
654
4272
7052
7309
951
2581
1549
423
28917
194
657
11880
3957
1056
237
6857
4316
9452
559
226
159
1607
3420
489
9394
762
1138
2128
115
78251
1529
249
13
3122
234
3246
1896
61
10
405
1768
624
2369
47
558
145
769
29888
3154
708
5506
83845
1610
1817
259
190
294
387
15917
5272
20850
426
46658
195
176
3205
8886
83672
4546
624
67408
122
849
93
202
14719
432
2317
994
123
194
10209
956
1109
5386
1379
5479
3836
571
467
113
97078
39624
8371
522
24979
35938
114
3089
40742
3308
7910
47
10729
263
12
5390
439
426
14987
487
87
1528
16636
21996
3519
25127
22550
683
1427
754
6592
1270
13311
9079
235
1460
9264
8566
185
4502
171
1
1713
12355
84
954
22271
9526
2539
38972
593
16292
475
483
7572
12092
26114
92
1462
19243
25629
775
289
271
342
8724
6632
200
15309
3468
1275
21586
16726
440
284
203
190
399
1515
403
1883
2193
764
1507
2378
8629
6063
380
4024
233
32171
29825
592
16704
140
1153
114
2870
1374
1018
135
653
18132
171
104
20206
441
10154
4570
3207
435
173
1607
15552
1023
1532
212
12655
4129
72708
355
65342
9016
42555
1440
15568
8270
2116
1771
7175
17933
12314
295
388
64
2792
10847
5734
10027
15432
936
2419
2339
18561
1622
5631
1140
29131
8416
6147
8247
2074
1267
147
80835
77424
876
4583
9661
1557
2256
66783
17246
552
65209
802
24302
64137
5026
209
439
749
16278
702
2185
1952
159
1151
370
12057
1400
1746
40144
22453
36825
825
679
462
65
387
1610
67260
6605
12548
1809
10299
4369
73
96
17118
4392
9071
12122
957
7807
51275
317
75
3847
14756
31116
252
729
1489
73
13675
255
64
7955
3729
314
1465
1646
3942
15419
1854
6004
33627
85
835
3325
1177
56695
45804
7105
2436
433
2195
206
47161
2598
4069
538
482
13428
11
23772
1385
24
15370
10152
78637
1117
12516
49702
540
4514
35
2343
256
488
9001
1336
444
1981
54153
3050
189
1261
9080
7117
155
160
236
2006
41
56020
781
2510
171
8816
3182
69
2553
75
543
742
2451
708
1000
22242
12881
878
2881
963
51855
1411
4225
1707
158
7412
19620
11806
8532
1242
14326
8898
38441
16920
22959
18438
11284
10270
41288
2329
826
30849
46
231
290
141
3236
3210
4515
4012
3476
325
423
4053
72
428
974
1040
14836
6136
1250
10484
78
389
418
27064
53224
29075
18620
5374
494
187
246
188
612
239
4563
1387
8554
6513
213
47473
926
219
215
12373
3383
2224
9263
16220
57
198
21
21647
483
51
2221
136
3187
1530
22861
3405
9590
571
6100
39190
89812
77403
10328
4450
3597
15118
287
326
12605
51180
883
33690
1093
18420
794
8356
1179
28434
396
341
6166
89
16943
10043
1138
2460
39995
11426
455
60905
395
2776
5694
14194
147
119524
8210
18009
4346
362
182
316
15685
9343
2306
2266
604
18740
1039
2081
5943
1244
1469
13272
296
2040
82
294
2021
9
1999
6280
9358
34
21015
6950
5551
1686
78573
4667
4586
498
1315
419
266
814
382
2944
437
3581
3703
14382
11943
5817
73514
255
252
41904
130
1710
436
344
5223
39
3098
64
22639
15343
347440
6233
1806
955
109936
47534
3110
5626
34637
853
3702
1630
1675
1406
31725
19975
769
952
25150
3531
11280
9981
72538
2550
2393
4126
16422
560
7537
7290
1678
405
1765
18453
521
52216
39
1453
6580
1576
281
209
40
1107
36403
217
8680
216
21549
98
1611
525
98
1186
8151
178
4586
429
5212
928
14660
19349
1779
9946
748
51677
2283
6551
8962
13675
331
18738
288
27195
165
6449
31
281
6250
7942
731
14050
80
29143
14570
1047
2203
4770
4199
256
2554
11632
71
54244
826
6740
15788
511
33191
809
22166
6659
4844
787
2589
1834
5942
389
9857
2986
5429
1502
12711
740
130891
7037
3309
3067
1160
3565
416
657
103
164
18929
2376
146
1200
2946
1016
14230
8704
76845
2172
9028
130
49643
3992
1225
8500
3601
1679
2346
2725
3095
59356
13874
264
1342
51548
677
1016
475
14102
2517
323
315
38500
138253
799
40218
5083
9124
116034
1895
3707
677
2506
115
1475
495
2462
4295
2216
93461
164085
28875
147
921
9160
9799
540
25440
111110
7320
20450
10030
800
2487
6918
52406
2130
358
1813
111188
58496
5295
2364
23738
218288
190
25737
16231
936
142696
62160
33218
25023
34385
3796
363
321
30596
3754
23
35075
784
1766
11897
99635
11415
4141
714
1786
8832
29224
37141
4236
77407
113555
2166
17001
88309
4069
48120
945
123
626
43883
1693
154907
81399
33720
702
30942
25385
14292
4454
1508
3072
415
11603
1579
194
37
10163
521
409
4506
1119
27
2931
38
49058
758
998
4213
1786
3542
7
25222
543
1164
134
1294
2369
2845
1574
2170
16181
7937
2480
9075
99
104160
1865
15111
4655
7538
218
2956
143
9127
706
2675
2269
28815
6967
4029
94227
964
949
2035
11156
222
6753
467
535
2
105
74
650
1845
6195
511
871
2774
11556
434
214
87
79
10039
26
259
7082
68
7697
2091
1055
2103
58
9908
282
4926
955
195
2659
12
287
14739
9303
5152
1936
32
1239
273
3249
2693
58711
2897
411
18964
774
11308
5526
936
3872
59205
16377
15680
148
1229
14986
28616
9143
1370
103
13
719
1023
370
327
1766
9498
255
188
299
6710
326
1137
1846
783
3407
396
3419
7763
1173
8615
1801
1572
453
2202
1140
1764
4790
4139
16929
17649
2811
626
2955
423
14390
1001
662
2087
1108
7590
707
14416
2907
2066
846
323
976
1979
16652
16182
1362
949
1191
23866
1430
36452
2392
2519
10353
196
25562
23625
5598
2615
28096
411
23782
3166
415
893
6352
19785
978
3671
543
1862
3676
380
17117
1347
14
418
3379
7359
1692
159
1231
2379
4037
1269
2788
4636
4551
6414
2129
56152
256
690
3914
734
217
1987
852
1605
7965
20960
2161
20144
8934
1320
878
183
198
93
10883
3173
36817
1634
5396
1139
9977
428
143
296
1462
140
9459
638
3420
534
1302
136
280
467
118
2108
95081
7186
1548
4929
46484
19396
3643
284
2805
1798
6910
751
398
16091
281
2768
5658
1015
14620
438
946
1857
160
1558
1102
5883
3182
29215
52382
11540
591
17350
550
8443
122
4092
354
139
106
4919
2543
807
990
3066
4236
2258
1864
278
7613
1648
361
16262
15250
3402
35105
17876
13325
2060
825
302
4009
1022
342
6047
258
40065
7216
172
2289
261
1137
11021
3078
20
712
13431
29457
24218
10255
2577
4049
26856
326
2071
5886
4381
377
104133
723
911
3211
4291
238
2335
1138
2173
5202
3957
886
2450
629
5312
589
396
4068
150
3081
12069
14312
8066
1661
2168
873
1802
12415
2693
2046
731
1374
144
56732
8238
120
226
125
88
801
2818
4613
2289
364
10137
4208
336
5153
20684
421
36877
215114
2461
96780
4228
4286
9192
558
1925
27621
96360
453062
9673
61836
16314
83419
189357
38684
15149
35
86410
7153
1920
101
3008
2078
513
4626
4843
27771
1926
840
4290
30628
6135
234
47
2223
176
8221
22896
10527
416
1030
2776
556
284
59
611
261
726
1154
796
40247
306
1729
8628
40
86
2984
2976
37887
39
1146
250
3871
8920
314
4054
4157
17916
780
964
5164
97
700
4591
181
503
810
215
947
1721
1789
189
170
10946
14011
16647
85
234
4983
3242
362
3532
14230
80
485
3033
1971
3605
26
4714
448
58
310
997
3992
2090
2448
489
37
655
175
20287
376
1291
5172
48
1990
16
1781
25065
2913
3964
166
21891
2754
3385
2084
33938
3124
58
3047
436
214
264
2516
390
10894
13624
1
169534
72633
1407
1314
3440
1945
526
311
3079
383
217
11171
1561
162
11223
13744
8802
644
1268
57683
2379
23435
7403
657
609
4042
14784
172
2609
2301
4456
138
123
20111
3016
1526
8761
619
26281
7911
58
190
401
16530
8848
856
1112
23025
390
7456
2382
761
1576
851
3150
1884
448
5625
18
106
6937
2243
11233
84
3159
11460
2492
3553
9524
1136
23434
13
390
36047
1210
168
530
429
420
2132
1897
110
11109
1475
1744
682
23
2242
66
469
2471
276
2850
1723
20
37636
1389
3391
941
4364
524
217
844
195995
33057
1107
5590
45
358
10330
2967
8637
91594
4160
885
4704
1271
37367
1568
33152
33153
19901
71
2206
1250
832
888
2570
258
5514
8874
4749
2578
33908
12962
2601
752
14465
12038
7258
2181
37413
630
1806
152
13486
2795
8434
11443
11887
769
497
1078
60
597
26084
191
280
13188
21798
2139
504
214
902
5430
6562
1
515
1433
6515
9639
671
13843
12663
2761
2967
13787
6503
211
2632
36893
7947
2646
940
1787
508
1313
302
3217
2493
7559
7568
590
1325
392
103
2263
3350
4396
656
1898
4591
49399
285
5676
31650
18617
93598
38283
94088
36039
55481
72845
19309
55026
1938
89
1637
7016
22778
66569
7742
2467
1771
31175
4034
1065
166
27391
1625
4091
59648
5945
205
8342
1751
15
581
1280
752
67824
47912
2124
8973
95
143
328
4480
29437
34593
921
2231
957
3273
12086
7737
6128
43857
65694
56373
2708
35339
17359
2216
40865
46189
3070
4558
4240
16910
272
329
44942
53419
1150
62387
38285
18169
17847
7071
18591
552
17517
739
255
616
18050
1470
225
6793
1177
735
184
3881
187
2382
134
840
1857
13488
835
217
5232
277
531
12393
58227
13588
3432
2406
896
344
51
57869
639
1479
13842
6110
27147
590
2832
200
304
1970
10108
260
23463
1077
2381
605
17697
1672
3783
13672
15013
5641
526
274
918
474
14795
11826
28899
44226
54253
1548
1737
16613
2316
71813
6129
7648
241
82819
96062
22013
1177
3437
716
171
23768
131517
2896
430
4
135
443
4095
939
4484
1334
416
1925
253
36
4383
121
1300
32315
46205
632
6860
2507
1433
716
7494
9950
17934
30
129
935
984
2567
602
314
1381
2907
5075
10551
3490
76
326
9709
294
445
12929
49
3
293
364
7361
805
2
3238
2978
702
736
3775
1716
3089
1527
2058
14174
2666
1669
269
13739
3727
740
766
3289
2148
18791
24315
19575
1210
27849
472
215
8221
138
411
899
161
1463
254
70
314
158048
55
2647
235
2278
147
1031
1360
11005
138
6250
2266
17673
1
295
242
1268
1622
3366
126
3989
21050
510
152
778
6642
1790
1417
253
1559
18715
523
14801
30
5139
291
21
1068
1420
1388
12370
2825
13382
498
253
30122
66
18594
8032
3847
12829
14533
2198
16818
8745
4481
31755
44179
54
23805
1225
53973
4271
1159
3875
4609
3012
1946
424
1689
12853
530
194
503
453
9083
820
2163
38
660
1658
9638
11924
678
2656
381
353
395
139
94
32650
73
6389
109
444
1707
455
11820
8760
31
179
1399
1207
126
19699
1812
1811
71
38110
100
1473
3003
6041
17400
5037
378
2581
789
5282
81
3470
33137
7896
17056
3742
8503
3863
697
17464
11483
38326
8056
91
7182
5579
374
9418
1750
60
749
270
7534
4312
1219
56832
1535
48
39273
7881
576
489
2588
11026
14476
717
548
546
7858
3140
6191
26740
5347
4079
590
58
53
1294
1682
1015
352
27999
2468
659
2135
3518
7697
393
20932
11287
2871
29808
110
83487
709
1701
177647
45033
153
1222
258
1072
2200
6
16519
1820
768
1460
851
487
38770
162
715
751
1362
15086
560
2975
21319
297
229
808
22986
323
33533
2176
7005
249
1865
59477
1639
1251
65962
63129
5158
8772
2156
22
686
296
1291
6505
1046
1359
12167
431
1108
3763
188
157
1138
5411
50666
11777
13332
63667
829
20186
1703
52206
5847
919
697
19762
5773
3388
1851
3642
4033
47
15293
4089
6490
6339
8428
21260
29995
15391
8757
3667
69151
5125
42628
6817
6828
2494
254
14447
12895
72
5753
1407
1418
453
1388
46947
11517
3292
17021
48889
9005
6513
221
3229
1765
4972
1661
7146
5003
12040
18940
378
1630
5582
6621
2
176
218
4405
1935
170
67
2048
679
32
28197
12668
293
1889
1438
24399
52579
2139
6572
2380
30766
437
3642
1369
3348
58
1603
360
199
36368
12559
55094
30645
3108
195
10551
1536
8105
5026
19961
83
606
4562
12325
964
28
7270
413
10396
1959
2469
6438
6569
1659
3198
1992
16611
11580
10666
78
683
5481
15349
817
19472
841
16536
71385
3034
19999
14125
36360
10298
7413
526
102
3994
2364
98
7359
667
1147
9726
11587
19793
15859
66778
15010
3285
45926
418
1249
375
809
381
2127
3790
14698
19295
16780
11569
5563
14027
212
4304
10149
35775
7349
8039
152
22888
1794
11598
4330
26887
64252
10161
3235
777
25918
12535
129
59
1564
249
6598
1268
84317
18431
3493
892
20740
27248
2104
6635
48251
8940
4658
368
4718
111
3790
9468
1137
136
2548
118674
26671
11245
5527
1252
2629
189
10069
3492
6520
18664
596
8396
6624
617
9358
116
481
1194
1495
5314
279
1535
737
9826
7946
40560
572
1030
1054
339
10478
20799
247
5859
122
2759
178
10278
2807
92
126
3960
38
27189
3098
927
584
2796
2646
1196
748
540
45
605
2273
2674
42400
7879
1340
4496
1336
17188
817
2192
6151
18
2587
2973
15687
136
3529
181
8089
1353
3007
1079
12
32280
6782
74
21064
40949
5177
8410
1409
25270
472
1140
5223
4003
231
2280
1527
137
742
16964
150
5600
890
119
205
132
12983
1075
1463
1234
701
24
35
2044
741
22
1542
6942
1299
2731
3953
710
212
55
42
10889
2484
1566
188
3147
435
7172
20
25037
530
47326
34014
596
778
1311
3722
3158
1445
70688
48665
4974
1181
3141
822
1107
10265
7191
28339
125
1466
17275
15747
2592
8501
31950
7674
68667
1287
48
8557
172
563
2348
2452
1703
48
15731
1281
1500
6339
1426
11895
10611
601
1977
14309
8931
190
237
3330
21879
827
3607
1460
4758
321
3324
2810
23791
559
4163
2147
17852
9066
8853
403
5931
1186
64209
2202
266
109111
50384
8865
5605
4200
15180
5841
15975
1269
31135
600
520
13144
11244
17308
408
2038
4485
4598
874
44415
6007
766
4829
2445
449
620
4539
631
702
6757
331
5554
30599
73
103
304
5341
257
46
5435
66
234
533
399
89
21199
6509
6634
8348
4036
685
1717
11236
2580
1792
1962
169
1870
3987
370
12886
126
887
34247
46915
523
467
15113
554
736
313
187
270
6837
153
3516
1583
1921
126
166
550
692
18914
1372
27168
1425
143
195
499
19210
549
11214
8960
6182
8313
23381
418
604
567
1183
342
4273
1407
12374
3456
717
11302
5712
21211
26867
1196
13128
562
423
397
3026
5591
2372
2566
524
614
636
234
1420
946
28717
352
3126
187
1958
1141
204
56761
2101
33137
127
3062
1648
3878
1866
3148
6867
377
4701
1497
658
81
6090
2518
12730
458
48
1470
49206
177
33166
1146
45106
18561
80
2028
3949
6893
61567
3095
1908
1683
2169
10192
599
2042
788
17206
102
5475
15
1014
14100
304
736
15990
8652
27555
84
6377
23616
87
3206
660
1557
9651
421
557
64785
144
6242
414
4626
1101
28877
7
10078
1688
3377
18979
3012
4318
823
1851
1420
99
4738
1220
48327
3134
6157
5468
1090
210
687
47479
1144
24235
3413
7865
139
21649
513
107
2282
11529
15531
1304
8431
25
3066
2924
876
2207
309
971
3362
807
352
1376
762
17483
2665
263
2450
51
4613
2324
23077
2680
38314
361
190
4779
1995
9859
1304
149
5506
8958
1697
13066
510
143
23706
6973
15602
6816
1118
1473
38039
166526
186112
72540
7491
16696
6967
1684
370
17882
7664
33
11283
9
176
1447
1007
1458
16860
18326
72589
413
5030
55157
1092
17999
9642
704
7057
806
9214
670
12660
76
522
41
12727
2118
274
805
9563
9
1567
7995
1474
25530
24461
20340
2162
890
472
54
3066
857
2784
534
19527
27770
5666
5054
9542
13
595
6706
847
707
65
354
26851
2811
188
18655
2539
209
147
124
4800
21
1524
3867
12
459
8
334
494
1498
19536
1916
150
82
177
81
675
820
1037
151
97
1313
1251
108
10964
5316
30226
17383
140
4449
1440
4598
99
1182
19714
23329
212
115
90
4174
22115
27
2826
1072
33387
863
14663
171
1687
259
2469
4494
479
13610
7435
11385
99
12392
16566
1090
751
314
2126
772
9570
2505
937
6836
917
1777
397
22463
2684
3830
200
163
516
7999
247
559
4717
34414
4115
224
380
8
895
327
1150
921
872
2405
400
2228
8431
140
3877
1161
9247
3013
674
6769
705
1512
575
22713
3434
864
1188
14729
19
731
35
1320
6453
63
3938
37265
1645
3618
13716
7270
3421
798
434
590
2695
113
308
1050
1246
1786
2
60
8597
496
100
8018
7288
5430
2045
644
282
151
14729
5793
1028
9089
702
25068
1866
14710
8458
490
405
16108
844
1049
3999
23099
13073
5468
1930
3443
1392
62
11419
4273
414
853
689
1028
408
37033
595
4395
149
13
593
2287
6637
33
20561
5494
4254
15364
47997
1821
7203
869
32998
2153
299
1447
665
227
1054
1341
5993
3786
1569
4406
1019
2592
2951
316
143
30245
22154
323
2365
161
382
3620
6054
2981
520
283
3025
35490
11015
990
4718
3125
429
311
415
228
3388
24465
6669
9411
2222
594
94
499
7805
8500
56389
44
2605
1285
61653
3266
921
339
1105
17867
149
89984
8427
1058
601
2168
24002
54
3936
17315
7818
253
150
21699
902
990
31625
1515
140467
3158
28
878
1185
156
72953
58
2259
40897
758
29823
1248
5430
1500
94
1664
19345
23911
9497
20023
3101
3567
31703
650
590
228
2055
13003
9939
4148
5941
9723
55
15228
415
196
12346
5776
291
5600
219
3002
1424
1007
12821
3349
3937
861
5939
214
6239
6590
262
12164
24753
18855
2457
779
4561
15380
3151
255
12683
1551
6400
339
21301
415
378
58
12688
3555
266355
11502
1365
52928
14362
43880
30275
5734
4539
408
16739
4742
31
26439
3743
1423
1969
3661
804
1641
27001
4158
34812
35511
21290
4259
680
7158
126
338
366
566
5960
384
300
1446
1140
56
2395
289
33273
49009
273
22
2964
164
350
12119
371
159
200
1530
7111
2640
3939
432
13729
605
2207
792
16326
1936
201
314
539
1414
130
9041
3404
4913
714
2154
30866
3128
24593
11648
265
15099
820
4150
2257
9564
9424
335
29647
3551
1925
486
682
922
3915
859
294
71
336
5923
205
21914
536
200
5768
147
1022
3398
992
96
27017
21955
4388
177
956
534
2750
232
1243
837
4325
11036
3892
1413
16230
253
1269
4784
2218
177
1213
1433
547
4080
1933
5585
340
5615
11241
781
1985
741
21616
21386
197
112
5457
555
429
3055
1632
30903
32381
9375
15748
7073
13602
7221
5142
1444
32821
2395
1046
4305
6412
18511
46746
580
7662
404
35447
770
105189
8326
94439
4408
867
12166
20525
383
64
7329
787
4708
533
179
1489
309
3390
22654
3209
3528
2999
5761
7517
218
471
759
2625
60487
45115
2204
40450
15553
13207
583
105752
39035
18586
1417
42718
5630
24790
60515
2193
12943
5695
9907
1739
179
77
4818
43
14196
258
3049
599
793
800
5704
193
2955
3044
3836
2880
1138
235
15361
117
9178
2450
122
3175
1287
7684
3843
9850
5455
3388
2021
1769
5538
7026
1114
480
2303
1522
538
764
19287
4750
11219
232
4065
2829
165
5416
133
11713
11461
8480
4736
27326
17312
170
4918
1594
283
234
27332
49
2021
20684
3468
19564
1756
27130
951
110
1613
73
497
26141
28218
6954
471
2532
1962
5331
31090
5158
591
29992
1283
3327
16513
177
3794
19974
5514
10601
2053
8120
19474
6095
28205
16805
5174
476
14883
60
2136
20033
7099
1016
13036
9673
1917
437
22
21034
6581
801
761
1359
4614
29182
3626
25759
6085
231
10178
1135
50933
3502
3265
4508
17250
5896
1360
4467
5398
310
344
6113
835
4306
4353
556
184
2118
49410
2357
3112
1958
14606
1579
466
3778
2067
6192
30759
11679
2484
12367
155
933
1395
15565
42344
372
1450
19116
124980
224
119
403
424
757
2379
69178
11493
2825
15
3210
30837
2858
1939
3200
113291
4
763
7470
5715
14700
29498
3725
995
2933
8354
576
7686
5338
2316
97
3574
109
4101
10605
43100
799
133119
1813
6069
1460
598
33840
65
27311
105
28
224
4822
11362
66272
454
95
517
280
222
12339
1053
1069
19485
5827
559
162
6052
1378
329
351
483
1676
784
37
12
3828
93
208
323
164
59
386
48
198
2033
3067
1825
34676
3336
10845
627
4316
2222
432
602
24
57
301
5098
1560
3626
949
9107
14407
2241
481
3866
1139
1011
5139
3806
2765
244
18152
9033
8524
2224
905
521
1566
1523
7007
2542
3164
34959
26531
230
1497
130
914
14594
432
1721
788
1841
28808
1671
992
1671
6448
1883
832
2435
1669
52
631
1515
16863
3389
36987
799
2645
1056
4999
92
4732
3527
6955
556
778
6607
4686
311
139
477
8018
11126
76772
178
10467
541
2574
92
4914
3797
50200
10009
538
39451
2990
3889
2903
28242
9828
2101
200765
35
2485
4815
557
2404
1703
73631
7755
8989
626
16453
569
39695
294
7328
2534
2812
718
2475
2651
4055
444
581
2102
19970
6692
37305
843
640
919
695
10065
72
2606
6391
2783
6141
418
352
1864
5628
13893
2686
858
115
3123
1367
35
490
209
120
170
3797
1
117
276
442
1331
7713
9895
1
1254
18257
283
1722
3923
14748
391
1790
20731
24716
10882
2762
828
12675
202
38
343
382
4515
14816
118
48234
2168
36093
537
5476
2210
1522
4278
7610
147585
26754
5792
1810
32436
299
2353
254
46867
184041
10029
1195
4316
336
1244
205
1312
76458
2427
13462
10858
1369
1452
3096
9150
6602
2396
1669
4103
1097
35
3468
2241
8758
5193
15020
8308
549
25648
555
624
34
4505
790
239
263
1773
260
7758
21396
1352
58599
7013
10
9720
3581
2613
7311
565
4845
216
9077
10
4385
1432
364
7764
541
7576
640
13875
88
6611
24515
23
7915
49
533
32
35900
1526
1574
58684
342
1139
85
7854
6278
3381
2855
4204
2431
844
1300
344
355
1849
505
13628
2587
1578
43604
2213
7236
131
218
5017
9894
303
360
320
115
147
675
2341
1713
237
196
516
1062
2972
6522
2814
5936
5784
236
1877
4662
317
13778
1037
799
27432
640
255
12806
896
1034
940
222
3932
130
1455
396
4085
2258
992
1025
127
3199
82
12607
11737
30
36691
923
2287
186
187
1035
531
1273
494
3501
2282
1610
3741
4006
567
12
448
1631
1956
448
882
125
2555
1633
889
435
13074
2928
7169
648
32407
5925
14965
11082
800
142
8757
7060
3733
2485
2457
4003
658
14073
3320
2514
265
2855
12735
6639
1156
278
204
213
8443
1506
1031
7685
407
10170
1452
1200
6119
3119
5793
6002
1285
5655
220
10801
1974
247
1498
618
106
59
172
978
287
305
249
1129
31328
202
282
9
2340
1567
1351
4524
4472
1362
2966
167
113
275
163
15043
264
1068
1020
3238
449
76
16311
2180
1600
216
197
18931
717
16752
216
1023
48179
747
240
308
9785
2730
469
321
383
1681
632
111191
11596
1131
177
327
564
56
3698
1009
8609
148
429
91
2566
745
278
3025
5990
1260
3846
12989
15
1702
820
57
12094
7541
210
1591
41201
64003
1138
32985
4343
833
1987
41149
21039
148
151
601
852
6081
1487
4803
3361
1116
5260
37114
1055
797
2274
930
601
59
104
7423
5819
400
167
2576
10505
19778
3573
1207
528
7003
6534
1869
3062
20148
1933
57144
3364
47204
246
899
7
6558
83
2958
479
3461
3435
1150
28642
5
5161
5499
25276
65
8257
22550
250
1771
4787
46936
192
19414
1051
2187
105
613
6998
1146
686
14058
24854
5180
598
69043
7490
7564
2357
348
401
14490
1049
10664
20
190
9059
621
3112
201
2567
293
5533
22
121
4653
1744
555
549
4717
10322
18580
3030
178
2131
787
38639
3516
1391
75274
193
630
89287
1359
4053
1248
22390
3593
10893
4162
41
173
8014
601
25130
1297
6479
4674
6367
807
2761
364
2560
846
288
15754
1863
5293
5309
7493
28764
63764
164785
3845
910
2814
58418
2912
2663
2757
4085
27215
4705
4153
18
3483
3631
584
9273
149
2326
8906
5360
31185
224
11490
1648
4254
6130
50932
1181
465
1316
2723
381
1904
624
284
8241
4211
4657
101178
38171
182
9272
5209
3125
53
21870
786
153329
3646
1369
11474
2426
2425
1081
447
3780
1631
11933
5969
1388
5690
1252
5550
9788
797
9498
7785
3930
8401
32482
590
4026
16645
52200
16473
10953
7199
13735
517
2717
137
1903
1249
362
31
5852
435
518
1132
42651
268
40
448
109
360
12577
3355
19096
1796
29170
846
192
10425
377
694
4249
10541
147
2390
875
4735
127230
410
1155
13439
14971
976
4784
1811
146
1067
2717
43
4789
468
1853
611
7
9143
185
13608
7914
16006
530
863
11068
1101
27
2429
25867
439
187
82122
2069
6437
307
1822
4372
51
4488
5
1570
495
1541
270
239
34
1035
21
3197
1238
19389
37
1123
75
331
499
13691
664
135
81
925
366
5200
3787
1781
267
39015
30190
10667
1098
369
1780
1154
411
208
1432
329
3365
1505
2703
822
273
2518
8065
12299
523
5304
155
186
6285
7628
43425
11084
16421
1077
236
1664
60
416
64742
306
20711
27799
307
27526
7984
20258
7507
335
3982
25040
12192
422
883
708
579
12162
13228
1139
445
3011
2873
3539
1630
780
84
17845
1214
22202
1364
2523
1292
9927
3023
295
841
484
1220
6067
6152
1113
2041
3785
61155
808
1352
24144
1534
504
823
19393
10532
96301
2487
20468
32459
943
5704
2413
1828
1646
29182
330
288
376
1193
6238
78
1954
31
492
17289
57962
11889
988
264
4742
3852
1481
518
1129
441
16285
70
2742
272
4489
1065
87002
843
8794
26098
462
13646
1514
410
327
1012
13814
170
67
7197
2121
4052
1418
41430
812
5401
552
617
51
2693
2490
189
1818
34553
5773
20868
186
7931
29449
827
4616
14970
6711
48
12325
6303
4899
3174
6874
224
195
6888
51431
2314
2801
24222
1029
410
112
3906
4075
1
1815
2743
405
3672
11412
1
23476
7621
7247
1488
7788
529
28867
374
7004
5415
9206
315
54
28878
16090
4291
2979
3067
481
2725
483
336
744
1143
2185
15222
310
303
612
154
1147
5056
26695
5121
1272
152
10607
837
57
134
30639
658
19162
128
615
384
12140
537
336
3596
3711
1330
351
3174
20914
913
702
660
3178
3035
69835
831
3807
172365
22811
10997
761
281
295
1947
2990
11904
403
12846
908
1127
18783
9086
1359
1178
151
398
1482
917
53777
174252
7595
41389
25039
16419
2361
2696
2143
786
73766
9408
1496
51
1006
5766
9770
3915
3340
10529
30290
2543
44528
792
1911
1214
1341
241
4374
47748
4521
446
367
3367
8051
3044
22336
1730
53530
870
25225
9686
6034
990
7678
421
2082
6120
3183
4700
2178
14107
3657
547
7658
1283
129990
3265
1286
5719
22220
21958
9808
3193
1205
8170
16705
470
5544
3866
34
4755
1989
17077
1387
786
1374
1560
16167
4015
154
4643
31208
29210
556
5969
403
819
4120
15626
198
4026
4742
2406
39
843
2727
242
25
8280
429
1745
3479
71
1094
8201
47
12977
20075
449
508
78
690
2591
125
35450
804
568
72
1548
2261
5371
4011
9134
45
1606
3036
111
2240
2017
381
11396
6803
31520
16606
202
6573
476
8456
597
417
1288
15556
11412
4577
31669
3166
78
10610
1307
7221
1859
17310
1015
16033
22241
2024
8895
240
230
5897
1101
1812
7866
1157
31597
3296
17002
292
430
525
30413
924
72
720
4826
107
44
197
1080
10836
571
27
691
6976
3074
4396
653
11184
5746
569
1456
726
571
87
49
713
1487
2040
568
13071
3300
364
1726
99
4483
5291
38740
578
800
20337
7235
26632
1184
30220
116364
59525
12087
28197
5287
8565
6790
1982
77670
68594
361
162588
26662
960
2029
12238
23339
83061
13092
14846
740
1566
1016
187744
22437
2049
176886
225086
85835
793
408
144724
38982
275
340
294
21069
1737
3458
7619
158364
432584
315
28012
272285
96
9617
192
101170
14953
916
1167
4600
29145
3860
42142
1896
8656
103
251
741
19151
2313
278
1380
725
885
972
6496
281
12847
282
3687
3141
4189
669
9
583
2120
13861
668
86
718
9330
2148
1647
2931
496
169
3449
3596
45
42544
8833
101
36402
52
4817
30
5241
6633
13442
28097
23699
17364
1090
25672
7513
59066
821
38933
889
226
6977
333
20
428
5148
95
552
492
65272
719
3422
58405
54269
2820
18335
172
2369
465
39761
8794
754
748
2840
340
930
3253
1808
8282
1268
159
61482
310
7798
1944
390
11912
56
142
991
21760
4007
936
677
30402
116219
6209
3876
197
75
2864
165
10007
1138
79
417
3534
141
398
767
2093
13404
15493
104
12453
601
49370
19
1538
3417
252
5007
93
3422
3972
202
25520
721
172
472
1151
6577
1622
104
845
43364
8366
346
179
809
7411
649
9583
1089
385
637
16968
599
947
537
17962
1281
1061
9
318
5607
7403
117
4818
4211
740
82
13030
147
860
1026
100783
1398
7643
4311
22698
6314
47794
12546
21903
401
26855
330
4801
276
966
276
5107
14944
5407
21104
1660
14999
30413
2018
7305
8328
414
602
833
8591
276
19534
16929
659
813
386
173
17175
2192
2061
136
1416
504
1564
544
9839
3
58
6131
8192
22
5929
1516
773
1672
669
381
1627
53
11443
5663
64
1011
95
698
1889
1137
3414
825
6296
1359
61245
7686
2903
782
3098
150
1234
16
199
546
13953
3085
130
2470
77
12324
277
488
3
53
63
1258
6
2808
2581
17808
4419
1714
189
799
3620
5491
3174
2814
630
410
1812
541
566
622
2823
2158
620
1194
432
834
606
2100
6297
239
8387
193
2264
33
223
4292
26640
48115
1523
421
68
890
2705
2998
2123
528
963
184
2805
20389
1229
3072
1155
164
46866
15164
25720
268
45247
566
2486
1015
407
377
7336
7151
2096
5970
3626
156
4653
54973
6388
1467
3834
7283
7746
10541
7521
61283
8862
9475
26880
45357
438
163
18264
27533
3774
26791
11980
16544
43865
21984
11988
3346
172
17876
762
1659
125
8849
2232
2214
7788
19236
132
9139
561
262
21222
7262
351
20
1320
12077
674
761
14383
2073
1233
36335
1366
2324
17830
1418
15057
731
147
436
4093
3348
1053
3193
330
28712
23167
53179
328
14838
1332
2817
1187
10417
871
2757
2260
15821
14361
14942
104
84
3963
735
646
287
25191
2019
14902
5518
111993
7757
696
7525
3437
673
11429
19601
86
1602
1373
1149
1498
772
224776
9631
838
22113
5161
41508
547
5070
72135
12876
10730
32328
22280
515
16577
9335
41958
7266
778
147
5317
1525
602
283
328
302
3
22484
194
4707
5016
122
498
138448
67945
1391
13363
56
2399
1345
34403
6675
298
762
753
513
293
742
5368
1491
13454
95
7764
13160
3810
4898
42
2704
8337
197
5180
969
2859
93539
81418
8371
2053
2812
345
9554
5004
2466
837
14
11745
4064
570
902
439
302
9465
10153
660
2251
75
40183
58379
393
19439
8017
8080
22
737
660
3248
34626
38
134
486
1977
1424
9355
45656
1032
635
9880
1069
4227
9533
2417
14883
6870
15396
305
392
5076
162
2780
3215
921
7143
420
100275
14774
3566
4542
10389
216
133
5486
3582
150
1824
3292
1273
11151
95776
9234
18409
78
798
21457
4764
2968
7217
11459
2956
4192
2339
25686
103
4119
5109
418
31103
1036
12499
3484
2750
11917
7824
11435
237
550
8316
25587
888
33683
8968
254
14085
25772
1465
10018
8279
21606
38181
11
15296
14075
16582
13773
304
5733
1614
1045
25781
391
28321
3953
11508
47695
4375
266
3246
2829
21679
121
7886
987
21410
345
12346
3367
67
3385
526
1746
1027
10098
3477
616
1720
129
3749
599
138
7809
4028
778
4846
2880
1224
21605
309
6790
1024
2148
2966
2514
607
7428
1114
148048
1967
469
11054
16818
9161
341
4545
2647
6917
1135
211
11489
16964
80
9054
44353
1282
26589
1297
6525
46270
27052
7603
60839
313
20491
3573
279
8438
356
223
11787
911
461
2820
165
788
381
1058
3583
15713
5675
613
3120
227
5914
14100
146
696
2645
1540
1484
5834
22229
1863
2094
24154
8190
409
35960
177
1618
3295
556
2974
2270
7244
11977
145
1169
94618
91
8842
3700
16757
12789
2248
654
517
581
7062
416
277
4769
5899
599
2320
5970
1603
10204
952
573
1780
9012
32
1554
4943
5579
1848
17
1426
2139
125
231
14923
4817
278
4142
1077
10577
3510
38437
49157
422
40398
1987
12930
989
156911
11492
221
1006
5892
2023
10942
5682
1522
240
872
4
19788
10476
13807
201
2803
1427
15999
70
99
2399
10662
36
311
506
138701
946
55
4026
47634
1098
494
13641
12183
17
666
15780
21952
18818
42284
147846
31402
38603
30981
37517
35871
11519
23807
4690
11525
1204
32985
10179
108
74909
103422
284
10519
364
22827
6739
5492
16452
7877
8299
254
2541
8666
13959
1394
10636
3185
2900
39806
60666
1067
2934
4312
2117
78246
19408
17251
58188
573
123
5533
540
5476
380
114
159
224
896
90
2017
3025
2605
291
178
9418
3207
3360
16023
3854
3162
4865
43611
38454
40178
36453
10065
1922
289
5388
239
43065
23930
19
25556
97833
5524
94544
5314
260
29738
25625
22
284
110
52
106
359
1043
182
23311
962
397
1042
8407
155
3982
65
2973
17487
943
12805
5461
34209
5722
1151
2094
144
5436
40647
13935
1466
77
850
16562
22
32610
15888
382
59
35
