22
1
8744
337
1
20
1506
96
1
509
49
146
323
33
391
1093
558
30
1268
669
139
47
59
133
278
5
3
66
155
16
36
62
42
32
172
17
146
47
1
79
6555
1
106
692
54
116
238
1624
39
1
93
3
90
2350
1367
3
4
3
3
2
1
23
74
58
2
3
46
30
912
13
44
1142
44
134
112
1
192
15
28
248
69
4
26
281
740
31
1186
1167
44
26
3
1
2
22
2059
2
89
117
105
108
98
641
160
60
486
245
142
114
57
120
1
76
53
146
162
277
104
11104
739
478
98
149
1
165
2
44
1174
93
64
35
12679
1
189
1
66
1
24
9
3
118
36
1186
1774
488
115
63
95
12
498
263
1
50
15
3
246
2838
481
579
5
219
1
1
34
27
453
32
94
777
40
52
316
178
529
404
1
1267
33
242
544
264
1703
47
43
1
3
1
2
1
43
7
63
2
2
82
161
166
591
328
144
169
212
45
127
229
1
35
14
87
33
31
1
618
3
43
3
111
982
556
2
210
16
1594
316
60
60
463
150
55
1
1
1833
433
66
1458
10
7
235
200
1
50
41
111
1
27
217
121
92
95
471
1
182
175
1
1
2
4
1594
53
24
88
5
142
16
86
38
5
757
1295
70
95
13
1067
80
546
64
12
35
27
144
29
1049
8
443
612
606
288
212
22
60
15
1
702
200
493
71
1
133
72
94
9
389
1
1
109
310
285
1076
5406
2
3
72
2
1
2
631
50
1
952
262
64
40
189
60
47
838
605
1
32
315
8
74370
251
42
2662
44
121
1
539
45
1467
6
249
69
364
137
151
1375
1
7
369
36
356
2
73
1
260
165
1059
7
645
229
128
91
61
66
46
52
1294
59
106
2
601
119
3
641
1
207
215
32
32
1456
89
1
286
118
1
15
314
11
339
59
111
4
1
2
252
1
6
15
3266
55
60
68
50
67
1
49
722
165
27
8
50
4
277
379
386
235
47
23
1999
1954
40
1157
85
30
4991
69
69
1
20
181
4
1
2
1891
77
68
339
6
10
46
969
47
61
97
26
72
29
56
31
200
7
56
91
337
312
943
2
131
5
1
259
277
28
853
79
41
179
1
145
443
36
156
2789
1
276
1587
1867
301
92
193
363
119
260
5
134
4
32
1
23
4
1041
131
553
94
159
3
43
1
4
134
363
160
1086
3
152
108
46
75
39
25
574
1
682
78
2
1911
160
45
101
61
441
126
2
44
1232
27
556
33
445
542
443
847
1
1
44
301
425
490
13
121
215
1
15
86
855
188
95
2
9572
1
360
8
432
22
219
80
33
7
9
2
74
57
151
137
181
143
1
1
1
57
56
14
11
1
408
61
793
789
44
37
91
48
37
93
8
147
63
79
82
108
6
940
32
203
41
14
26
50
30
61
2
3
194
942
336
52
2242
5
50
89
44
120
81
26
687
41
1
6
35
11
374
528
76
1380
26
2
1
5
9
24
3725
3
3156
478
316
1
422
1
564
3
4
22
223
232
74
48
58
58
63
1
38
3
2
494
62
38
3
499
14
940
1
1
18
68
1
2
19
1
726
38
87
1
52
3
76
42
8
1
2
1
20
149
704
3
8
3
184
1
962
49
36
285
81
607
1
4
58
55
65
108
23
13
1524
1166
42
11
2936
1218
33
133
238
165
29
46
81
204
98
271
4542
11
62
58
261
25
1
655
65
1
128
42
58
4
81
3
12
112
332
222
48
33
308
23
122
39
21
56
1
30
32
110
329
10
1
1
75
65
70
167
11
265
167
1
18
30
70
2
6
1
155
1
210
133
1649
216
16
241
562
114
1
458
72
1
537
36
329
1
64
66
2830
12
14
62
1
1
175
14
121
98
60
14
364
53
883
135
1
506
1
42
342
348
3
363
210
1
76
354
1
3
9
48
1
136
55
145
116
1661
82
1
32
11
348
5
268
34
466
1
221
1
2
55
74
160
4
108
5
157
7
76
1
4
24
11
51
47
184
102
7
364
282
5
43
9
216
225
25
1372
816
21
120
81
1
4
1
481
143
54
1
392
19
345
53
28
2
1
148
1037
5
585
175
103
163
42
1
53
2
333
254
109
114
23
56
13
19
14
1
1
49
62
3471
18
385
13
72
14
92
1
2
192
86
831
588
1433
280
2541
21
846
3037
432
239
14
48
85
17
73
1
16
315
492
403
837
1106
223
8056
215
1
8
12
20
257
7
38
18
52
1
3
30
1
196
544
989
86
150
163
84
9
143
294
3
62
1
70
175
2053
65
209
1
23
4
3
4
72
271
348
4
58
