21
109
42
540
38
708
5
485
38
2
513
8744
69
7
11
779
55
124
556
14
4
36
280
23
39
568
18
33
15
160
19
90
269
51
118
46
18
11
9
126
30
121
861
736
21
220
21
142
9
14
19
61
776
149
97
25
4
22
747
3
12
39
70
40
36
176
44
28
7
109
13
435
23
62
876
7
42
33
18
37
29
59
57
78
7
337
109
3
13
5
39
1
29
328
87
40
23
45
33
11
15
629
309
1
137
11
26
559
1
26
59
59
28
1005
236
39
1
135
52
20
4
1
1115
33
537
130
833
1
31
5
1920
13
714
44
22
92
233
69
49
36
25
25
70
2
2080
7
62
24
298
108
79
19
4
79
45
34
4
367
26
28
37
1
12
130
13
10
49
73
45
21
27
91
184
57
4
73
73
34
5
24
20
74
42
31
40
772
1
173
555
98
243
3
1057
3
157
827
14
58
192
145
84
3
22
22
695
956
25
753
1694
22
61
29
6
1
617
718
21
161
34
74
1
196
14
16
35
15
161
676
46
6
91
316
16
79
2
221
312
393
41
2
40
5
40
44
16
75
28
187
490
16
28
25
55
292
7
24
8
477
68
17
6
11
20
265
665
1
44
20
28
52
36
1
25
22
5
56
7
18
22
12
2
7
10
96
135
312
13
21
320
35
15
179
698
1004
134
20
26
17
69
767
85
22
552
60
10
19
2
20
617
24
843
3
44
18
14
47
114
2
1
2
48
460
1637
318
4
8
944
1
45
319
920
23
509
720
27
27
17
14
21
25
114
572
66
4
90
696
83
369
80
40
47
1
22
13
12
29
8
545
36
1
6
761
590
34
1
26
84
39
2
31
368
19
9
561
104
72
13
61
1
981
66
120
46
503
41
7
29
76
301
19
40
25
63
12
326
470
90
30
791
5
515
581
19
6
151
4
54
39
1160
12
108
24
32
43
66
51
441
120
619
374
1489
780
25
10
22
193
893
76
8
15
15
74
590
8
69
96
2
13
7
14
3
1017
8
3
151
13
255
149
80
1036
21
197
173
10
94
6
196
8
26
38
44
44
118
22
9
45
325
125
15
1106
55
214
23
34
68
679
17
209
19
7
14
179
339
1082
24
141
1
3
24
16
1624
12
56
8
13
53
5
22
57
12
8
539
22
37
6
14
9
138
60
162
34
60
213
20
2
662
20
16
531
8
522
19
5
115
781
477
10
54
837
21
9
24
46
1
160
845
18
478
31
25
503
121
3892
27
