258
226
227
153
571
183
492
1
28
36
1
100
473
605
5
48
75
29
65
1
397
69
832
175
117
926
292
215
77
1
406
13
8744
51
199
792
83
174
825
35
19
44
493
452
25
108
79
727
916
7
669
481
51
22
372
136
31
99
65
22
624
461
143
48
1622
540
582
1
16
1247
62
466
110
21
122
632
1
577
35
53
360
948
1
119
602
865
673
782
214
959
660
19
163
75
115
43
102
49
159
501
652
79
300
32
845
446
21
751
48
31
196
216
43
15
138
1
12
21
322
935
707
718
2
29
970
516
4
676
21
13
367
414
599
31
146
72
84
15
110
1030
74
27
267
172
892
9
716
31
6
52
717
24
176
10
5
317
6
35
165
220
240
190
611
105
839
1
972
134
549
194
630
97
36
104
100
24
65
40
133
289
182
1375
825
88
19
516
59
17
52
679
233
229
6
104
15
171
733
252
10
16
86
71
620
10
38
145
309
44
165
89
132
285
902
339
134
33
65
55
35
2
28
416
72
824
529
12
34
630
1
19
40
607
624
52
21
277
74
3096
783
103
1107
75
55
60
30
127
30
15
27
628
23
22
215
1
675
81
103
278
3
553
48
136
548
115
54
208
41
383
47
562
151
139
32
988
43
61
66
106
47
388
437
173
88
1
17
5
215
28
269
525
34
9
72
103
4
126
38
20
2
615
89
208
16
45
52
576
87
489
358
25
299
87
86
23
34
1
21
18
76
39
659
50
24
26
29
48
718
49
554
1
40
90
3
409
173
28
101
37
7
141
106
72
605
131
26
226
108
834
1207
691
56
142
25
33
56
437
46
928
80
121
12
49
60
42
239
99
74
75
181
232
81
644
23
98
296
30
1022
25
83
27
1088
174
462
104
391
22
443
84
105
21
89
109
354
930
160
435
80
21
192
137
38
63
20
586
287
40
27
1072
46
303
852
418
344
647
2106
112
913
674
1304
712
399
1015
3
29
38
33
69
72
80
1615
638
499
22
66
256
279
2588
1276
24
1548
104
3029
431
221
42
221
366
153
6
143
6
1365
32
583
14
820
191
21
957
68
131
1
204
943
611
65
25
37
747
8
566
253
11
24
60
104
55
173
46
22
121
145
775
3
469
607
19
1014
138
637
8
118
265
146
199
137
1645
298
71
777
191
204
179
570
95
723
594
660
690
948
102
82
544
263
6715
371
27
799
505
25
341
39
36
34
453
57
358
756
1305
93
113
1521
121
2310
36
749
3
4
818
39
1116
2761
2359
26
1484
189
609
1017
584
76
285
369
42
891
758
57
1048
196
289
1
431
4
380
1537
75
1321
27
517
112
29
389
52
165
108
971
1494
1
88
53
1463
1014
8
314
110
148
650
146
185
594
16
468
17
5
30
177
1125
16
1319
179
97
1021
34
25
85
176
354
39
643
604
18
26
896
224
16
1059
62
145
612
487
129
290
92
54
451
16
24
946
272
632
95
482
490
291
169
3
66
545
245
555
79
4
767
42
221
5
706
83
1169
1
384
1417
72
1317
374
1647
133
839
105
227
83
617
46
121
281
59
127
35
6
26
295
161
166
9
48
84
246
71
226
47
4
410
10
1260
651
48
1670
634
820
139
35
1469
8
249
350
534
89
239
364
232
1470
529
155
61
29
2
274
547
849
67
176
1710
45
523
49
66
188
96
3
278
884
8
62
701
41
111
59
309
34
505
388
85
209
855
263
130
156
96
789
43
206
10
78
39
179
319
1449
1642
3
24
833
84
27
145
125
101
92
33
100
8
338
203
288
294
103
222
186
24
50
101
653
51
95
450
37
288
143
14
226
18
120
273
318
984
1262
625
89
1074
623
37
92
515
627
41
1329
652
14
1237
57
687
462
68
159
171
68
284
145
614
986
171
377
167
1
384
679
945
107
377
642
98
75
85
54
120
526
903
604
60
105
1112
3897
25
156
40
66
30
45
22
1147
94
787
195
70
16
670
1022
54
8
159
1381
470
258
66
6
31
7
261
65
63
438
47
417
3
858
309
533
122
409
119
234
462
50
94
844
44
1556
196
214
50
1165
648
469
616
19
548
98
509
100
77
258
54
662
781
212
212
318
48
3175
223
557
121
266
47
22
464
87
870
10
23
411
24
136
1342
174
166
3923
21
167
32
128
51
216
426
247
99
104
66
55
84
856
111
55
8
40
163
627
891
1358
1632
41
308
150
56
1560
29
103
990
40
7
718
2202
112
610
218
350
57
28
40
24
11
21
898
513
518
40
260
813
2205
1
121
338
37
57
551
325
1427
228
118
724
201
248
1219
2487
79
627
734
405
49
102
788
125
34
176
49
26
1398
101
97
205
1156
280
321
101
63
10
67
133
121
34
146
182
12
1368
99
377
301
182
729
41
1
182
161
84
197
151
39
1696
2
26
168
60
217
49
391
366
19
39
589
188
46
53
51
513
963
910
115
20
1
506
917
103
169
475
233
1
67
376
498
204
83
743
22
36
600
27
39
99
832
3
720
112
88
306
899
25
145
592
2
171
181
77
18
828
34
154
88
300
17
1414
657
4
86
432
70
171
418
3016
1284
100
49
245
18
41
93
4
53
546
21
27
74
2
75
160
249
77
7
23
539
28
1286
56
38
48
409
89
19
607
346
29
69
1250
29
31
197
32
23
111
20
599
184
117
90
28
165
47
173
29
56
368
2490
22
89
21
202
68
844
34
83
111
291
242
34
43
71
712
62
260
415
268
74
50
3
185
11
4792
62
29
509
292
35
849
102
69
508
49
647
32
30
65
58
606
453
53
339
826
29
44
158
676
66
361
40
128
22
96
11
901
379
64
234
5
160
86
554
640
980
312
1646
19
1538
699
606
717
10
878
641
234
155
26
517
223
101
623
694
355
277
285
1200
46
41
32
515
1682
99
1005
27
380
417
212
120
535
591
821
139
38
87
1763
135
40
22
80
17
14
77
41
60
145
215
49
856
10
288
100
23
144
67
85
82
20
130
28
51
270
27
46
1
107
304
9
85
73
24
70
138
41
366
712
192
98
112
48
1
123
382
2081
3
1072
32
653
233
69
649
30
206
429
25
46
709
21
40
91
46
593
353
269
131
72
1306
138
48
96
48
96
308
726
13
842
98
71
38
134
88
26
997
36
30
42
3
1041
96
54
157
745
139
45
21
923
111
196
629
168
57
440
38
181
15
196
772
103
17
38
750
216
141
774
116
2412
63
126
1156
36
246
227
66
81
634
24
527
734
476
90
82
20
35
16
696
604
500
708
608
10
42
301
7
86
55
656
14
180
1072
908
1
1763
24
26
810
38
246
1688
128
100
86
45
638
36
4
528
2047
62
520
29
1067
617
15
77
1197
42
50
53
223
112
50
45
380
141
211
169
227
51
91
14
791
563
1
34
39
685
100
20
89
725
15
235
598
3
27
473
685
124
145
146
121
304
516
113
906
376
20
64
165
180
1
8
39
1200
384
691
114
161
891
340
17
76
59
161
65
41
34
130
271
98
3
167
1005
155
121
122
1339
287
108
21
898
23
326
54
63
697
45
7
34
38
33
107
266
44
46
106
177
467
62
312
2039
48
1421
18
63
542
616
85
638
7
65
18
24
339
47
108
958
182
186
71
532
238
312
597
109
197
913
144
4
66
2
62
22
300
352
34
49
57
653
60
971
7
872
137
26
151
192
71
248
54
33
113
217
1443
1000
326
1928
58
486
2022
853
209
104
5
386
46
38
154
37
1092
14
20
638
73
3
53
510
41
63
11
31
28
938
214
31
73
404
865
585
208
76
86
56
71
39
63
62
32
139
189
517
25
161
443
33
124
454
39
37
8
535
10
13
41
15
107
46
418
64
159
70
572
64
57
30
7
62
1
31
185
105
348
32
32
86
323
811
12
32
141
153
48
13
461
69
1091
1105
95
1981
202
29
70
548
160
15
510
384
71
19
757
26
80
297
1
64
823
324
1
1250
810
37
896
1633
19
487
830
116
2357
711
1020
443
115
1548
111
1180
381
38
80
97
614
68
71
274
1058
582
23
227
55
65
67
3179
285
90
545
23
50
21
29
59
16
606
128
525
41
322
31
115
3128
292
1347
49
69
53
95
41
29
54
26
133
59
18
28
729
3308
2
12
199
45
1716
196
27
524
19
57
19
43
18
8
107
220
347
101
12
89
1
113
34
1194
67
718
187
272
95
39
43
72
2
1106
815
5
297
112
65
22
50
600
479
553
279
261
591
232
44
17
59
172
17
1501
13
512
504
77
982
250
247
338
99
112
14
19
16
78
37
126
299
7
15
148
31
26
21
86
238
7
769
30
3647
587
126
222
181
217
52
1029
27
129
171
197
436
1864
83
39
894
549
548
212
41
36
210
701
192
93
9
582
196
429
1779
50
33
58
282
39
114
398
74
36
2
123
418
263
47
125
34
76
162
542
48
28
859
405
19
1
100
25
51
35
39
227
42
155
4
166
1058
340
1
543
717
201
166
67
718
212
158
30
129
61
1343
62
8
91
219
71
611
125
233
59
399
690
416
2
24
121
1119
389
23
530
47
221
410
394
157
859
1148
303
44
75
321
445
9
42
34
48
27
7735
7
296
107
31
114
153
21
524
186
293
569
49
230
69
74
65
883
99
173
118
728
28
4
7
21
90
18
24
57
980
288
61
346
351
845
292
382
68
21
58
468
646
30
654
238
13
14
474
404
43
86
70
288
404
97
102
101
196
5415
1594
41
710
32
501
73
501
127
203
486
3
145
296
8
284
161
273
1449
83
225
602
108
11
36
143
121
877
173
373
643
118
2681
215
803
2883
62
6446
31
1825
119
56
157
33
94
104
150
33
284
968
26
717
105
624
1218
41
158
34
1687
319
356
28
107
32
932
618
724
4
834
141
346
1355
1530
460
378
30
41
358
75
803
71
272
59
40
54
189
66
13
74
112
474
56
215
73
242
141
421
22
64
434
91
11
453
168
91
38
67
617
37
916
676
4
22
42
233
207
97
74
18
72
897
92
224
492
2664
310
545
813
1007
14
401
56
321
76
635
213
315
282
249
22
10
449
265
767
52
91
3
632
60
136
53
209
606
183
49
660
185
389
53
999
27
2034
109
29
3
93
254
40
473
31
1337
88
41
18
529
158
33
97
545
127
45
300
19
28
96
1014
123
84
51
333
111
229
28
25
89
2
54
109
108
61
939
679
23
966
502
30
81
87
27
10
1072
24
37
26
279
681
460
89
36
25
804
316
139
232
1959
53
297
278
176
679
2102
82
496
45
66
259
45
74
253
49
506
52
66
829
45
121
33
41
55
2
1
27
911
102
596
4
822
332
22
571
667
6
249
292
115
1575
1999
526
167
32
280
58
127
281
106
33
41
151
31
53
486
101
185
49
74
798
51
73
42
577
21
611
51
19
21
724
78
460
970
20
1176
1675
421
314
186
77
142
663
125
732
145
106
72
38
478
560
842
521
220
956
51
94
143
635
110
57
122
920
153
1
136
112
470
73
300
60
942
296
187
32
730
112
77
40
2
319
1
118
28
135
96
56
40
919
322
1153
1359
60
73
5
542
62
667
29
64
137
178
45
111
1947
626
161
214
181
308
33
18
20
644
14
1508
54
145
305
90
26
95
80
49
1183
681
18
607
737
68
98
33
60
5
129
293
74
17
538
513
200
1460
117
8
28
1867
7
557
56
58
29
8
774
546
537
128
187
3
61
727
52
9
18
69
955
62
23
37
117
75
120
708
857
403
589
68
82
116
668
152
127
34
961
591
1
53
76
29
639
341
2
658
24
11
940
104
45
696
160
828
3337
39
394
272
340
230
168
1213
608
581
20
1
97
62
120
2720
2
148
140
199
183
66
594
211
441
78
650
377
18
38
74
31
646
1267
269
80
838
41
215
491
660
91
238
1419
102
316
416
61
320
63
106
11
917
508
259
578
397
2826
243
262
323
86
280
2058
30
46
238
53
793
7
573
74
50
33
135
70
13
30
746
43
286
1055
117
994
58
29
396
534
36
50
47
190
96
15
80
332
80
28
1353
1
6
163
5496
190
309
665
1006
120
68
993
359
168
109
221
16
34
705
21
584
2
438
899
446
46
130
1385
147
122
9
604
121
139
72
23
216
4
119
73
94
73
539
317
130
41
37
18
107
1168
179
1
816
3336
472
8
632
44
112
26
167
1853
1598
249
61
997
29
50
31
558
1205
57
130
170
733
94
317
45
45
1022
61
546
56
359
132
520
39
162
1786
438
184
31
628
820
1546
375
8
191
1307
519
69
756
36
198
29
115
493
1
1023
679
73
524
100
42
405
78
684
805
84
148
587
198
25
72
17
85
26
315
75
61
364
67
1
27
173
49
144
127
13
56
44
279
44
535
571
98
12
142
181
144
7
93
56
417
80
71
90
63
1558
15
24
23
188
129
38
79
76
18
57
11
23
37
3
413
50
150
12
82
55
2
815
593
23
53
326
33
611
223
153
3128
642
569
36
16
66
149
110
669
38
7
109
60
122
143
4452
877
233
47
222
67
638
2
20
37
684
786
23
784
198
475
48
33
79
3
45
1046
63
103
76
398
141
29
13
34
211
223
7
23
38
1053
416
40
212
478
1759
816
464
89
143
22
120
124
39
1805
291
675
57
22
39
900
8
54
1824
50
95
3
3263
62
66
70
683
28
464
26
139
934
52
47
673
52
118
346
14
1
64
3
564
444
35
37
82
38
63
81
159
58
69
29
298
36
328
1048
570
81
79
64
78
223
26
1205
261
186
314
85
275
923
246
131
140
743
58
508
7
74
25
40
78
638
226
66
52
103
456
238
975
41
32
201
123
49
579
16
362
17
1041
28
536
129
1056
246
54
15
146
1042
994
338
146
177
139
1070
314
183
30
40
172
36
625
100
77
81
28
86
12
217
913
4
37
11
235
43
749
19
260
5
1166
96
55
216
66
57
99
587
329
114
83
30
111
288
34
108
610
264
74
19
70
165
392
129
93
385
204
3
162
244
13
353
13
7
242
34
66
25
679
654
237
145
39
120
579
95
103
88
22
63
1069
75
226
77
88
913
3552
142
30
90
23
91
46
75
538
193
559
68
80
524
43
50
693
163
183
914
137
7
405
241
176
153
748
66
1801
89
83
2
91
1098
38
3479
135
568
204
38
86
59
621
45
29
172
52
230
23
2
1
81
60
148
175
5
647
74
1396
11
327
46
106
474
78
730
137
735
204
13
148
382
80
819
77
62
46
437
185
32
45
73
33
1
13
106
414
534
87
620
872
74
521
216
200
9
710
210
90
222
774
72
34
730
1278
221
29
819
495
264
44
40
602
106
12
75
36
118
228
33
259
240
354
1052
59
27
322
111
460
1034
79
350
367
24
15
141
88
381
57
91
45
108
39
13
970
3
620
74
67
128
45
528
113
57
77
314
35
94
2022
16
441
44
396
89
21
19
171
157
75
19
219
116
1648
713
786
40
278
112
57
2393
112
972
4
152
519
28
465
542
149
146
63
11
31
748
26
84
4
202
477
134
7
91
493
312
534
1115
68
1098
115
677
529
57
558
82
761
59
17
21
215
513
110
1454
257
1
227
537
29
152
571
309
157
114
237
144
7
154
11
131
34
52
3
1097
1652
664
102
64
26
755
34
629
83
59
1497
211
55
8
29
55
132
22
816
54
156
54
198
14
64
372
36
54
1041
543
232
513
372
67
775
169
561
641
290
1136
31
1081
643
1063
553
130
773
135
552
34
491
103
90
93
29
7
104
1809
314
805
30
504
452
27
33
323
415
632
107
57
148
255
59
1016
87
139
43
1
307
19
902
457
42
100
13
129
355
48
2
497
112
221
655
947
291
361
16
230
48
35
1
352
959
40
19
57
16
126
20
128
340
134
28
137
64
67
4
297
73
26
6
8
24
347
1182
62
140
101
42
46
178
50
39
441
62
146
11
21
146
1074
1
28
108
45
63
30
17
564
392
457
483
187
8
315
805
106
481
17
72
94
449
213
8
88
197
507
140
601
221
1010
24
94
121
51
264
82
98
733
138
1092
150
53
718
591
23
1329
1459
18
292
53
690
51
901
34
890
502
41
136
117
1743
44
830
529
487
1121
50
107
92
369
520
104
850
105
712
89
35
79
30
766
324
32
894
2428
389
1052
91
393
31
585
261
447
93
167
164
573
29
867
201
39
285
12
5
376
466
741
237
49
106
46
300
238
333
104
52
706
24
1396
418
35
1014
44
295
68
122
33
17
567
352
67
75
72
493
2049
44
2
263
42
542
26
300
490
226
25
447
9
44
38
117
22
18
48
670
211
32
162
83
12
134
47
2457
52
808
539
72
4
229
51
148
39
79
49
61
121
489
19
227
11
319
2
2130
192
481
849
641
288
29
352
1222
517
227
180
168
96
26
374
64
774
55
10
438
1056
197
37
37
276
398
1174
19
779
25
723
43
122
904
108
46
286
65
4
50
869
4
161
8
137
53
275
63
37
155
11
2212
223
39
499
290
557
53
77
239
25
24
56
331
72
489
456
34
727
130
28
236
193
86
45
290
1875
243
21
82
458
267
37
430
173
205
369
647
59
32
414
63
51
172
1336
7088
931
684
58
334
642
42
273
744
65
93
327
159
204
55
168
119
1515
34
641
9
290
651
291
10
239
65
36
95
28
155
42
1429
522
1081
22
38
232
18
130
105
789
785
49
146
81
72
122
83
210
131
38
86
135
59
27
2184
55
57
511
82
102
111
94
1
858
14
74
61
82
147
654
5488
258
155
503
735
37
120
77
283
34
55
340
397
54
27
49
57
177
47
114
273
131
393
216
3921
790
150
80
419
479
86
779
434
521
32
50238
417
908
117
298
71
58
120
944
216
903
2548
369
104
1301
23
63
103
747
118
14
114
205
128
4
37
33
18
351
17
54
295
173
293
14
369
42
545
103
237
40
495
126
4
156
503
23
274
113
211
142
213
105
162
38
66
148
153
54
2046
1624
1268
137
129
62
298
45
9
195
12
67
383
13
118
62
137
32
528
414
723
77
822
320
46
129
80
732
306
16
707
436
60
7
112
39
738
31
1063
110
1057
168
546
24
1086
22
585
258
117
338
43
83
15
538
236
596
375
41
10
9
1
288
744
38
326
640
85
149
287
495
598
8
192
47
362
95
141
111
37
39
327
41
83
985
655
296
1
603
86
24
128
90
16
81
1202
18
267
38
1168
30
110
90
38
8
260
67
31
687
125
125
525
47
31
43
37
44
79
475
229
285
56
450
390
1096
132
155
212
212
191
328
137
25
494
112
595
16
91
58
271
37
465
189
59
521
53
393
196
83
47
30
36
27
95
245
609
511
174
74
316
11
144
115
143
98
26
19
19
180
10
181
47
42
54
1125
11
140
70
220
71
30
587
255
476
3415
180
110
47
105
1
1152
47
500
357
224
288
4
632
543
11
554
540
58
58
94
2104
165
105
432
99
18
682
17
19
20
34
454
16
3
1900
314
891
2
2425
34
1448
1411
159
150
589
100
802
800
88
3
96
757
2549
2178
197
10
18
11
22
312
60
124
679
265
7
195
279
567
1
8
100
34
42
24
1049
59
173
90
60
102
191
720
656
21
64
504
492
163
946
100
53
835
21
75
72
40
33
61
59
75
194
323
470
15
15
53
234
800
6
83
193
969
1364
1072
1032
351
106
99
30
180
43
197
256
470
54
28
355
7
308
1816
147
191
63
30
122
144
112
587
97
9
371
99
33
90
14
29
276
123
31
68
472
91
642
231
405
20
56
103
48
1169
100
88
2
69
250
26
338
36
157
414
65
132
11
24
1727
155
217
6
221
54
11
99
