16
531
8
54
8744
30
1
48
21
2
914
47
138
50
50
2441
550
1
203
1
7168
750
419
59
6
1
230
1
115
1
2166
50
57
318
530
148
179
62
4
477
568
51
99
51
8
1
1
4432
23
1
6
1
453
72
225
1
1385
75
498
12
11
174
342
41
1538
5
11
9
4
531
79
89
31
27
2343
25
751
74
1
1
2
71
3
17
19
27
1
47
885
1
34
53
2
24
432
174
285
62
1328
181
49
533
67
1
173
104
278
673
1553
1850
156
80
39
112
4117
3226
837
1
36
430
184
8
75
36
10
136
1789
24
56
13
6658
4108
16
662
495
15
22
13
1
1110
464
181
1321
1
10
4012
130
22
3
1
675
1820
348
34
72
7
94
7
37
9
134
7
262
3
6
10
60
614
303
1651
477
12
4
125
22
16
40
38
17
29
17
62
15
1
581
607
342
149
428
18
9
20
1291
59
822
51
25386
29
1
1136
23
394
14
17
86
1455
21
2224
3
35
2629
379
200
6
54
10
2395
11
1
1345
85
20
5
1
32
181
31
45
36
18
1
824
862
269
442
1
22
88
3185
77
149
87277
36
532
12
541
15
170
17
504
19
16
841
1
54
31
94
11
8
36
1
132
18
26
22
112
19
19
330
9
19
877
20
4
92
137
277
131
63
3302
35
1
39
120
10
84
521
59
35
36
6
4
70
613
258
156
8
41
182
11
215
301
375
473
1302
1
518
4
18
1
9
1
4
2
153
4
927
1
397
1
40
513
31
3553
19
1028
285
7
29
834
1
81
237
66
48
106
211
4
170
77
1
163
17995
8
85
3
282
27
4
40
1
119
507
46
299
16
200
536
21
1
1
11
75
16
7
57
370
1
50
9
1
1
1
120
72
16
85
22
1
1
3062
19
1
25
10
1
1182
4
54
2133
4
31
15
2678
58
121
2377
13
4082
1317
39
186
68
49
38
193
34
993
924
15
103
144
242
86
36
41
106
26
49
339
124
5
5
41
11
3233
58
10455
1740
39
38
4759
1
11
30
590
1
1
2614
6
1487
311
41
1829
1
49
64
65
208
73
1
551
24
762
1368
1145
7
2441
23
1
50
12
25
204
1996
813
11
44
2035
2
75
21
5
21
34
348
31
9
14
197
291
163
217
418
992
15
761
1173
5
2
1
362
1
45
272
2348
883
104
21
4925
192
114
78
178
272
192
1162
1385
975
1487
25
13
51
440
46
105
2
12
19
332
76
568
11
1396
1
666
9
1385
8
1
57
925
1
1513
72
99
36
3
376
219
8712
141
21
38
20
11852
834
361
58
49
55
1457
17
148
662
119
14
13
1
6
77
11552
86
954
1
137
1613
81
174
117
25
21
8
212
647
25
26
1
151
361
1987
1
295
28
1
1
873
440
1086
6
787
142
40
2
10
1
40
174
1
308
275
1012
20
1
1
1
860
46
93
94
66
48
134
27
17
2
160
100
569
251
499
1085
14
40
1
3016
870
42
122
15
138
44
1
269
422
150
196
429
4
1
1
1
122
72
4
4
1
884
206
22
2
56
44
3
433
429
7
189
9
273
50
67
6
8
3713
268
35
23
3
69
105
107
47
1307
1760
85
127
12
69
113
6
123
75
8991
1
412
630
46
2743
16
51
4
21
3
1
361
589
24
21178
46
1
1502
648
1
60
46
387
4
415
853
28
48
165
69
