67
45
206
91
131
104
61
104
155
27
351
539
90
15
44
183
354
422
6
101
75
276
463
424
164
189
33
223
676
16
9
48
112
281
4
271
757
9
17
438
1
56
44
583
24
48
2
48
33
146
142
564
69
28
52
17
11
24
547
101
537
386
41
1
198
250
148
490
6
118
81
104
108
617
61
244
806
151
97
60
384
336
9
65
206
18
785
40
28
236
81
271
18
95
46
311
15
35
7
139
186
226
6
219
34
129
43
559
158
180
170
35
9
28
1
113
210
11
6
49
28
3
153
268
767
279
516
118
125
126
275
43
298
73
156
359
23
160
576
286
247
72
267
265
5
270
40
1
390
80
82
1
31
18
352
310
77
692
21
444
208
55
12
312
76
215
46
8
265
14
257
271
33
217
83
3
17
391
395
81
83
213
19
74
401
35
34
81
66
35
94
295
53
54
78
135
515
49
59
11
97
24
315
155
91
56
179
939
44
2828
930
1
218
19
53
182
109
20
203
138
114
137
222
90
336
245
48
218
163
112
56
32
302
473
1361
31
339
202
57
628
194
22
181
277
292
94
132
869
152
51
223
152
208
423
130
133
87
22
128
21
263
74
42
49
93
83
39
188
50
153
3
20
4
88
7
10
54
1566
122
357
112
12
34
38
64
76
158
319
281
193
466
60
12
1452
59
250
2
679
443
75
76
325
277
1
200
1049
458
173
294
755
218
273
45
122
32
138
176
22
8
82
381
165
277
365
160
258
151
271
1207
236
76
672
3878
756
523
313
14
211
290
536
82
53
331
92
1
56
1
282
169
341
56
126
463
621
159
19
254
4
255
222
403
148
1
88
1
255
175
60
248
18
222
16
106
405
411
71
15
215
271
681
108
663
111
232
215
171
36
43
238
80
52
59
59
43
133
171
149
199
23
51
143
349
151
361
39
13
329
131
681
