233
208
203
278
13
315
89
120
3
258
32
207
29
161
13
24
525
577
8850
105
13
259
57
3
427
174
106
1
172
4
583
1030
201
8
103
16
192
123
225
336
217
9
66
67
1
59
6
106
17
266
144
990
54
3
314
339
58
243
28
190
1
263
123
9
7
6
189
292
253
5
207
27
15
773
35
32
5
326
276
239
267
13
66
124
5626
301
245
846
79
3
105
36
9
15
232
104
4
51
2
8
1
264
285
39
143
15
1
117
1
275
9
4
105
54
45
107
104
178
108
8
168
147
208
47
95
413
67
215
783
344
6
291
4
90
331
82
29
87
147
254
143
44
42
198
10
32
127
27
105
26
1746
108
15
33
128
258
23
236
34
6
3
49
805
27
212
2808
10
870
213
231
722
104
106
104
43
219
665
1078
105
143
5
39
107
105
39
105
231
7
8
5
12
2
1
120
1070
109
147
105
105
2
23
103
226
243
136
1079
6
105
2
6
4
287
198
3
7
116
3
250
27
10
22
331
14
220
110
67
44
4
83
130
6
139
5
15
245
291
125
7
149
5
434
113
108
113
12
64
23
398
33
111
103
152
267
266
390
122
105
110
247
104
107
177
378
289
206
105
107
247
109
127
188
642
85
243
303
105
572
204
112
276
117
107
11
231
292
133
6
30
5
16
26
144
342
581
41
414
63
218
15
4
106
21
787
51
9
105
1
62
25
94
124
19
121
5
3
29
5
105
217
102
75
109
441
939
3
177
305
199
106
13
327
39
101
108
1
2
223
2
229
215
57
19
137
20
19
268
12
105
106
111
104
533
31
204
61
1
265
26
105
111
29
229
2
604
6
24
6
3
4
275
2
50
115
263
832
104
108
134
131
39
367
10
2
9
148
59
77
139
16
88
116
60
112
108
111
228
130
123
317
375
720
336
5
250
296
14
9
100
105
1
165
134
65
65
282
115
9
14
1
3
6
145
126
13
576
101
178
4
137
28
106
6
20
687
6
200
220
169
2
10
250
109
18
168
3
330
122
150
1
54
417
26
259
16
117
133
35
14
324
38
124
116
74
498
1331
127
246
118
159
125
9
851
207
304
233
162
101
112
8
14
160
39
209
313
2
29
301
105
122
686
9
35
191
187
468
51
674
260
138
866
240
9
426
10
13
1
2
1
31
9
5
108
1
478
71
28
4
292
383
270
194
103
21
247
109
2
5
2
21
282
21
341
24
233
27
112
1
105
76
293
699
41
199
231
19
2
2
103
244
42
104
35
58
829
3
243
500
152
84
33
465
38
96
105
249
13
101
18
33
1
15
3
241
280
215
106
401
379
105
145
255
25
304
85
126
1
103
24
34
126
630
38
135
3
192
105
75
61
216
105
198
62
4
1
40
171
1662
154
148
83
131
117
102
1
105
320
114
115
131
483
404
116
122
110
99
109
961
266
3
1
38
129
496
99
872
516
227
188
2
1514
292
124
1
125
213
578
110
133
91
559
2
204
123
271
3
1
335
117
30
65
119
498
103
802
266
106
103
143
174
492
112
102
105
110
102
106
226
337
114
39
118
232
25
124
1
5
661
2
149
614
3
292
181
108
30
215
4
111
2
235
129
137
300
3
124
425
133
452
245
248
6
243
43
7
7
130
8
4
74
103
6
11
65
104
30
23
431
552
1
234
40
97
4
247
125
233
141
104
216
119
195
155
122
105
113
178
130
247
231
153
140
335
125
205
250
105
1116
140
231
143
345
102
1
239
105
4
176
