9657
25
416
85
58
2750
47
8
144
53167
1964
59
8744
15041
9847
131
6660
61
151
1522
10352
10447
2826
1014
323
1
298
30
28
111
77
175
25
74
90
534
3583
355
166
25487
2368
24872
175
1418
21983
1
115
114
415
227
1634
831
139
3503
5471
412
1203
1
441
1
1359
2041
6458
164
209
187
346
3521
22
4581
1880
332
2198
19
55
144
2784
859
5444
1882
38
114
640
55033
72
522
160
4
908
56
46
21337
1128
375
134
1743
9950
2081
170
400
63
200
565
2425
4
1
33
6515
14236
3073
1542
126
128
16876
79
5326
1
1937
8560
118
1318
889
24
15523
331
504
3738
14496
23840
576
316
2222
4699
134
40
2455
130
2494
3860
3759
19324
3037
505
3056
2463
154
2964
2297
15628
397
1490
63
1621
9235
37743
295
558
1235
4810
330
56
109
155
786
129
81
89
1830
12303
640
2136
736
1979
74
830
20
48
484
157
407
111
174
95
189
3717
7022
375
5082
916
26
154
1528
186
34
22
107
4
318
1790
1
863
740
3478
45
140
41
279
140
132
33
63
132169
98
190
390
878
702
91
141
15
17
184
565
210
15
8
549
657
1340
245
1831
1388
8
2781
245
92
16706
26
21677
631
26
1415
144
1807
2288
10909
507
87640
6504
391
138
65
63
530
22
156
284
2054
136
19806
543
154
196
781
105
5872
52263
235
1443
85
24
29
22
102
1716
96
3471
4
1871
4
44
1766
6121
9
1
16105
141
3
31
555
69
26
301
3435
1173
472
637
817
392
1368
7
6375
36
1922
105
36
748
24
1
1617
1965
97
3203
2752
33
319
396
2080
193
98
785
483
2111
1349
14
441
19
10674
69
1697
4
7144
5
11
74
67
31
1042
4
50
139
69
475
954
68
9
1
44
210
6443
2569
2694
29
660
13
304
46
45
48
34
296
230
9
28
429
1244
2706
286
692
2272
56
351
31612
3778
91
1
97
123
797
1422
26
7134
7
2294
5
15505
6619
398
35735
114
632
2492
52
34
23
2148
4423
2534
64
19885
2490
6338
76
891
17
379
2788
2325
10449
394
40
72
6352
104
406
16
113
325
4966
110
45
384
1252
44
173
261
4272
2433
48
33798
700
2203
142
851
121
1
559
32928
5964
314
3339
26
179
124
976
1
711
1
42
12
812
320
26
85
1107
136
297
849
432
121699
2185
1038
501
3978
1176
2261
34
17536
1575
71
8
4
755
508
63
56
28
210
37
120
417
18
41
67
125
202
165
3442
12
535
750
2030
29
1318
802
972
272
236
7029
714
2801
1365
222
1370
17
3794
55
48
27
24
4331
529
528
4569
5
383
670
45
528
354
387
35
231
14537
136
61
264
1047
2832
52
9
14
111
17974
216
33
1413
2161
87
3583
421
323
757
1123
191
12
7167
228
516
2466
17
1572
98
232
56
56
93
12
203
111
46
2443
51054
113
1726
124
498
154
100
965
231
420
151
52
1
694
179
4529
32
261
324
225
215
6509
16
14
90
276
220
71
2801
31
52
671
2895
41
123
924
48
14483
1694
12
97
6
422
2158
118
271
43224
77
65
857
37
30
35
13
469
539
239
263
2
836
38
761
62
3129
221
226
49
126
55
105
551
25
9
16
20
16917
193
716
2102
12191
1150
155
18
3
12
104
217
45
1557
6
378
606
1469
80
2023
23025
7795
136
99
2305
2957
117
84
172
1385
87
48
1057
1263
1856
96
29520
1
2571
290
89
104
109
5
78988
1288
256
174
15
649
206
5416
455
7407
294
5491
600
414
312
2186
151
394
1945
177
76
3039
1
1080
3808
47
463
5
18
2514
272
4
551
110
21
619
116
758
68
805
335
3
26
535
116
978
70
33
150
4014
4477
385
104
771
1137
18937
992
129
205
159
2378
1233
28758
19
145
95
826
1229
218
69
1926
122
11
176
158
5
753
260
3861
1150
71
39
108
3257
1298
275
4326
1
525
16397
50545
193
105
3665
2030
5038
614
6139
388
15
410
103
86
308
350
858
1350
81217
1475
4165
7071
68736
4910
265
512
118
6464
4715
1039
7
5213
228
26
19
42
167
42
386
915
325
215
9
101
958
148
220
439
18
120
4417
17043
1203
2685
2785
2871
55
183
150
1270
772
4
22896
457
3271
88
2123
2375
3505
253
58
43
144
510
147
458
17537
1047
9951
106
321
25227
5690
18
82
2333
430
1682
34236
26168
49996
1108
170
333
2735
277
61
62
11
75
847
529
2036
167
509
202
496
61
10380
791
1572
240
544
4641
337
1182
125
188
488
12
253
541
2265
509
23
1
4
1303
18310
13119
31510
51787
2793
116
45632
2674
1104
4
38297
90837
719
298
129
2337
1
939
660
3679
7
6385
46
15
2670
1370
8882
561
4180
2428
540
228
141
1234
1104
11075
698
2586
1
117
225
597
4591
2788
316
12828
6842
1435
25
449
3750
266
578
1834
20
3715
35
429
1463
3878
629
692
2687
31
2179
31408
81
4955
3937
194
5077
2453
463
333
115
127
8597
311
17667
4770
322
1193
1260
526
18
84
3217
6754
332
14338
1002
1
235
1
54
186
160
3100
1207
35
583
3
259
1
13392
911
4
766
347
36
148
22
55
7
1068
51
36
44
116
13
35
33381
151
42
110
190
128
6
474
5804
115
54
17
16
42994
259
31912
60
290
989
1917
524
50484
3375
146
28
639
29010
243
31
361
24
5
496
434
1
154
738
17744
1
445
59
197
3794
231
2182
66
14944
1321
227
365
6
170
475
57
164
58
1432
15
474
51
11
134
97
123
455
11
193
3258
19
3936
1631
7
631
500
34
1548
2295
4848
1222
49
1892
18637
227
821
15
90
40580
9748
5462
15
10
627
117
559
1633
7865
117
24
5559
84
2371
764
13
29
14
5192
108
40
350
523
585
10302
345
2488
632
1138
9314
23
144
105
42642
3996
923
15684
4474
192434
51370
39933
310
475
4059
5781
1399
24765
718
113
761
2655
1958
225
1085
2856
3526
255
5653
34
5621
99
1206
27
158
20
24364
386
612
5
2477
168
28
538
201
751
33
1584
73564
31
956
84
394
2608
1916
12906
1788
847
157
732
7872
2465
402
792
27
624
153
1113
48
2
466
4475
52
156
686
59
2694
113
11683
1315
104
29
64
79
1340
15767
666
530
69
299
5951
436
448
1
1006
62
12
975
4302
1
91
151
122
187
26
32
404
330
64
128
350
123
4887
296
22974
383
9
2513
737
314
94
461
1052
83
1277
76104
80614
536
25
2316
2115
49295
451
78
83
457
824
375
2637
1092
72
648
79743
42220
3497
252
5491
149
455
203
127
2441
3949
907
4262
8857
139
1475
280
50
66
3059
1052
29
96
426
606
4142
1614
2
11
54
25
4640
127
88
2956
369
66
8
104
6
105
952
19282
1082
27914
22343
23
2791
2049
288
115
250
553
99
3907
1180
1
722
3895
2511
2997
595
227
99
1175
1
268
416
4745
253
72
171
380
218
3853
132
11983
153
1654
2
1615
2706
2315
153
67
832
127
18
47272
726
157
72919
6750
19986
2108
647
7522
182
114
25
1550
21
2308
53
125
100
1461
106
134
95
10
409
180
1297
1736
182
4222
7505
5807
154
139
145
452
1
8
91
15
1454
56
217
4154
9983
355
1135
494
915
34704
1235
48
98
1049
8280
48
48
49
121
90
605
13
141
1090
57
27
13728
40
275
13
69
9676
84
9632
61
61
175
4679
2136
4184
88
40
1058
518
505
3459
8209
238
157
18
1
149799
12
7875
1655
30932
2
8196
756
53
44
520
125
49
384
3848
130
13747
421
1885
977
9785
5303
1347
100
1
107
7998
1458
5228
257
8039
3097
10
662
53
169
2
2773
3099
58
70
50
1651
916
256
94
1715
1246
12315
383
4086
145
4
1352
314
1205
58
1932
8
79
39
7
352
30
5851
12133
186
31
403
125
685
632
9823
84
203
25
7370
23
37
153
2619
45189
1
501
9159
938
28
53
1008
3131
40
344
6313
3428
51
924
60
509
124
9
20
64
81
19
1
28
347
519
9
326
207
20
49
16
4582
385
297
2940
638
53
85
27
38
121
45
2278
760
410
238
3801
69
16261
2999
613
152
1728
50
61
1
21
72
253
19
5033
209
1718
12018
305
527
2681
300
187
328
22409
1691
17
9
208
5
1130
864
1
366
752
46398
119
11
47
819
27
5661
2884
9919
81
5
139
360
249
37
366
74
137
246
778
155
1304
24173
341
11077
325
433
316
1440
65
9287
7
44
500
1110
1385
12
1762
97
481
8
85
3531
2
516
708
325
85487
1724
893
2447
9
147
280
92
72
4
3584
7583
61
65
7
2023
62064
53
202
13
5037
912
682
1966
424
79
9
215
144
5303
559
13048
6693
454
59888
1173
13879
5997
3190
1371
4851
31
4902
41
251
456
2001
105
10
56
2838
824
10987
160
175
20
32042
41
9
11140
2745
2311
94
1912
2412
72
83
46843
823
10
1496
29
1993
5320
407
37
349
749
777
54
103
29
47
54
77
52
55
913
2
341
2965
222
121
137
402
1258
24
135
37
71
156
18
158
50
17
25
5
266
437
75
3
271
120
448
495
576
31
12
9
31
1766
292
217
143
7325
58
830
9862
1324
893
15899
2631
2547
11
2165
684
17
30
1053
127
81
8
82
17
7
95
51
1680
36
51
598
260
6567
335
86
59
36
342
706
1
61
4121
1973
2
470
14
13143
43
33028
2400
183
32
2183
1316
311
298
77
264
8
227
211
17
32
1
1
142
165
1
16557
3689
4369
1055
84
1433
13
10
464
1365
94
48
96
39
7924
227
660
952
24
625
381
203
4653
139
184
17858
955
3
539
1355
768
3536
1240
372
184
30
61
1
1
136
33
722
1498
3637
3339
123
28
74
371
172
575
1095
1604
24
774
149
480
2842
12688
416
36361
15155
8462
4878
197
1098
775
3138
237
7167
2382
229
53
1059
81
10194
6884
17312
43088
10631
163
1407
64
388
2466
3689
72
1528
170
643
14701
5763
7619
1119
522
5224
9
93
190
31
101
89
9965
1763
1038
4586
405
1889
719
24
4
7279
1870
862
20
13946
14446
195
73
351
4
243
2065
34
414
251
1398
1074
20
7281
173
111
56
46
6667
503
227
220
50
2
380
2573
14973
65221
387
173
19197
21
13728
340
1
29
1730
74
437
8845
17680
1517
46150
7363
195
188
860
418
10102
558
239
1200
6375
8810
334
3499
4480
12254
1
11855
7004
6
37472
505
7136
3287
1314
2819
4151
380
2852
4809
214
5
2007
1390
2748
4376
502
3167
67
1
10
319
237
997
4576
37
1042
599
1071
1344
37829
255
1550
4466
1718
16
379
74
1063
10959
2180
7592
150
191
125
265
178
3174
40
15
69
308
2441
263
22
369
1268
111415
110
182547
3385
44879
74478
274354
1151
4977
47125
2259
4531
37189
39625
200
61950
30500
27770
63968
38886
102255
34
1551
50
688
111
14
65
87250
19904
100408
26097
1196
18725
91
11529
44788
35977
32428
1164
27
11622
133
10817
81
247
5389
3185
139
23
7
50
3344
100
353
122
7
165132
59855
7707
10
10
81
2067
4137
84
1106
35
210
228
1219
14
26536
2685
66
124
121
76337
8
314
1979
94
30510
1098
890
329
3211
96
93
42
219
7
81
1294
139
6423
12
3029
325
999
680
423
381
4985
3068
168
50
4743
33
151
16
92
544
2480
21
28926
3094
2896
760
38659
221
269
65
994
124
164
54670
75
627
21
888
58588
3960
358
8289
2457
14086
1164
12
74
1231
4406
1
2150
15430
6578
198
30
1250
121
1220
3476
3367
40
59
631
24
32
3008
54
180
195
5
1
257
14
43
143
9013
819
51
1984
347
439
120
1740
72
2339
104
162
1837
6
248
381
107
7
32
4593
104
51
1
4870
1574
2
65
2
2019
3475
22
71
154
196
218
1
2280
333
1453
1367
126
682
3714
127
741
6601
35
1
495
2879
24
670
446
392
5
6755
6
17386
21
264
352
1757
173
43
71
234
291
11207
108
638
628
3
805
1424
194
976
49
56
22
13513
1413
79
23
592
151
46703
99966
487
798
75
672
42
16
580
221
14
1
237
131
355
159
12
2065
135
12
285
80
2813
1447
5231
531
842
241
695
1028
3132
3597
119
2355
480
336517
7473
1076
3913
391
572
1066
342
76
4
535
57
174
727
82
1006
64
39
58
470
396
9
116
7354
39250
153
623
23
5453
98
129
6040
248
1380
105
282
2540
1125
5471
844
2185
89
1
56
1902
151
1225
16
64
1
194
13405
93482
1280
40
85
407
212
132
2245
3404
1247
1249
25
180
49
121
28
16
18
26
504
20024
10907
28
353
2862
3602
788
2918
208
188
31390
69644
1330
116082
237
5630
5124
5985
3200
73
7846
548
110
7225
170
264
1663
21603
3869
1600
1776
114
100
1309
754
359
622
739
4801
101
1532
1775
44225
126
379
170
14
362
2583
406
194
757
148
1
803
353
1921
25017
119
2854
16
46856
10
171
509
4350
1654
38
979
16
1098
226
366
633
65
67
528
223
8
3274
2619
30
3845
73
5779
534
731
2091
251
246
63
20534
3269
4286
473
4356
1846
1271
52
72
137
87
1797
623
74
287
8
821
9403
80
589
3970
2591
105
187
1552
3
1094
17
40
2260
9
8
3078
487
1079
407
187
411
48
11083
135
25
110
301
112
3
5421
3351
190
453
3289
171
62
11595
18547
7
79
422
137
1645
14
1830
1022
159
4274
5405
393
2006
210
245
1
249
3240
3951
2817
1784
4566
181
92
171
38745
188
1238
1410
1082
6415
3820
9373
95
135
3164
692
1295
1
177
578
207
1822
680
2827
67
21514
1452
645
65023
18541
49
62
404
68
375
1628
30968
660
1139
1257
4210
569
405
193931
163
62311
42
63
3769
18
10
117
81
237
91
5
294
157
3064
1127
143
8485
313
1
234
285
1782
1237
911
327
2607
1423
1320
1
2804
822
1783
572
48
787
3223
32
277
36
3137
2939
2165
17324
150
24484
5956
291
3836
1630
20986
15
804
4326
4
888
96
55
146
2094
66
10
181
1867
271
113
93
9
79
850
32
1933
63
2001
59
57
1
19
39
1
10803
346
7
528
1528
483
714
1
36
191
128
548
189
770
3740
89
539
172
89
543
622
9
9665
88
11
820
19
6744
491
82
234
3763
511
815
181
510
4757
31
50
274
1242
389
229
54
669
24834
1242
32
288
4238
62
515
1572
5324
10
543
292
129
157
1722
685
4088
2452
267
1868
198
76
454
5051
6455
1511
348
153
7937
108
51
87
5
88
3
2864
181
76
1
638
95
36
581
190
138
145
81
853
59
2
142
25
795
998
1
140
432
251
91
1249
2312
2502
1407
9090
314
169
226
22
4005
181
2147
42
179
2163
136
181
11226
10140
902
603
123
261
109
1023
85
67
18
1771
1388
1197
28
2170
254
3
18
11079
68
54
21
157
2
67
8419
164
504
70
32
2773
18
492
117
12
247
2374
78
3630
3
1516
61943
4530
43033
196
4627
12509
1871
852
455
182
75
881
153
826
99
48
4
309
5308
12
1973
290
323
1882
1198
6
48
54
1219
17
11183
1422
6074
195
137
175
348
27
930
1313
34
212
111
3528
1132
177
5
111
65
2479
22
860
53
99
91
1453
52
2469
648
162
740
687
66
353
63
79
424
48
105
226
33
223
1430
351
69
733
954
89
67
23847
1264
261
35
3
92
50
1849
372
573
1793
12
2065
434
264
45
2
261
51
23
2070
16008
195
33
84
8167
508
32
109
125
304
5315
489
57
391
26154
739
197
5247
102
28
15
12658
29053
16
522
367
183
5114
858
766
298
9433
90
1
813
2395
1887
365
71
1606
3
13
795
281
4
50
63
17
929
18
1574
217
1920
158
242
60
146
102
19
381
38
23951
123
4507
11803
277
1
2848
2096
36
347
5533
29
53395
52
4633
8678
75
3916
3783
67
47
2371
139
157
248
9259
802
401
1117
1028
2128
5495
15187
60
190308
2499
109
85173
4289
152
721
4765
45
395
345
4063
119
3985
19
754
1549
1530
396
2909
3408
12158
1868
60
228
73
201
90
947
713
262
36616
1200
153
23
46963
1063
5836
687
114694
902
2051
875
39
5274
1064
1299
72
147
42
1306
3170
7541
32
12929
1558
138
418
3098
132
92
4
62
153
44
174
141
7161
158
79
30841
851
271
5832
314
814
382
8004
25
61
127
360
2417
1
2406
536
8
1634
1
631
302
697
2469
2824
270
258
164
252
268
34
55
10434
50
671
69
1336
777
179
26198
142
6319
1738
258
938
8099
146
1587
24571
132
114
320
7841
79234
4019
4151
14030
12
42
2494
79
6
1
116
60
67
1
57
9091
66
372
58567
420
121
74
111
4136
17
2530
5039
87
1030
45
17367
216
55
1292
504
448
2902
50
3185
2302
18066
5282
1718
11610
776
514
21
10006
1481
11
655
6
3221
12269
1879
26
26
38
104
79
794
6763
5988
137
44
95
1097
1855
4717
370
85
6841
1452
4505
63
291
2951
2191
79
641
37
181
62
52
14446
342
7053
88
114
120
16510
5774
230
177
399
6460
1178
406
247
365
192
110
33
81991
907
86
70
63
6510
11532
10877
600
115
2
3064
69
24429
918
304
375
127
74
38
2354
330
127
250
4858
3288
11
121
1
81
8374
5533
87
438
6719
469
1
63
666
52
92
5543
512
1151
126
3477
479
121301
5354
158631
619
20
1
454
132
397
1805
8
38830
12
6015
835
135
474
8781
44
569
3257
2694
123
304
551
2733
2158
2209
18
121585
7681
53
320
282
2560
255
27754
195
190
22
35
3
402
1201
13545
641
23
957
42
314
580
6860
114
1277
12171
27098
60
105
1605
875
31
7134
1980
489
41156
246
208
364
131
26287
20428
16037
6228
4394
7286
254
337
242
575
9025
345
431
3219
519
2
3158
144652
36
2931
109
609
38
821
1091
484
30
192
863
71683
150
125
192
1282
292
870
65128
577
137179
2
47
632
147686
198
148021
63934
11863
1275
2036
11
212
90
52
9
123
215
16250
5
427
1003
20
21697
57
8287
888
188
236
147
5170
3590
3303
15
10
75
322
638
5869
1263
2213
384
1743
16726
292
10689
1049
2583
64
20304
550
3146
1096
22435
62
96
3081
3602
89
107
123
8897
86
66
1339
1675
210
73
8
50964
675
144
269
42
149
15972
17
304
6
89
92
778
8791
153
8909
34
1384
36
193
88
463
30
309
38
608
7235
106
52
582
474
121
4586
1344
21
1251
95
1635
430
367
15
461
4461
4
8392
32822
21237
178
12554
15
40
817
6597
496
9936
1532
740
35
380
1869
4
29
464
301
63686
3099
2482
1639
3665
15397
8918
15886
214
7354
512
63161
8
95802
1
117
101
3
1
2520
1731
26
420
752
1803
37
101
1883
1566
104
58
16707
86
62
26
44663
92
5
318
74
60
24
31
69
5
323
19
40
596
222
1605
391
2303
527
186
27
13473
12425
3808
155
208
961
153
819
43
607
65
329
137
124
1546
114
90
165
7
4
19
106
90
393
1
130
87
43
123
68
260
914
85
201
235
5972
3319
4
1995
53
847
4288
343
28673
114
5463
571
514
1931
375
11252
57
2894
51
313
1062
2892
6943
142
1860
8385
9484
160
373
576
116807
75
61
65
30
40
457
8
53
436
1008
966
59
11
134
437
179
876
252
622
9
67
752
444
289
38
2091
7
1183
224
18492
1001
2378
2641
39
98057
18
68803
3395
1383
32
3
310
47
485
92
489
61
145
6
64
15
70
187
239
456
272
2091
247
11590
3540
657
2264
304
48
335
369
50
871
7876
5
18214
1741
1868
45
19982
330
430
430
2101
37
1420
116
4137
2460
16252
384
1374
31
332
24
3979
5247
232
197
242
179
2311
406
17110
531
709
6001
571
1686
1088
44
960
7220
129
933
5498
987
13
306
49
796
275
10672
195
469
100
1217
4
288
8
221
112
7927
568
1445
48
110
424
151
1359
29
16872
195
194
1214
11
29164
27927
105583
4439
13878
146
107
31567
605
91613
46
448
231831
28318
38635
6371
9310
309
4
126
534
71
90
1627
69206
17047
19428
2774
9551
25994
235851
33
15262
17
230
904
41
501
115
62
71
139
2156
664
185
69
621
4340
177
159
3593
109
29763
370
47295
26158
3140
167
857
2453
337
207
586
95
1065
4360
17
9111
4832
7196
202
1739
361
3
3
6631
253
725
51
45061
542
12956
9307
998
10
337
10964
5660
3820
1185
1584
12275
4020
312
162
84
1
52
236
95
302
6706
688
21790
4273
65
504
10
58
383
970
31
911
2834
2
9042
4064
116
997
26483
109767
25684
74
199
5782
70
1432
27358
713
6757
97570
314935
134854
372
38037
95759
348
176
1309
2110
3817
6422
957
78
1385
109
2059
1
3195
876
22972
186
410
125
21257
2447
2991
1297
5
43
23
1307
24377
1384
10
10627
547
809
1587
15
48374
100
3218
776
8196
1554
7013
402
7904
9723
313
68
1293
15978
42
5648
1036
7513
38
32
1171
8488
1450
35
755
29
77
1544
3
8
47
740
1254
658
627
281
44
50214
370
183
13927
2663
2029
6595
8
514
1053
38
85
342
39
186
22
1067
550
196
76
15
1148
1446
1003
1240
28
134
7
1
29
162
1978
5876
96
34
129
1915
104880
13877
5767
18
335
189
17
239
605
37349
665
8583
428
8478
263
63
842
5447
5334
12294
171
94
25
860
33
4164
42
963
106
22
388
37
158
30
25
1282
33292
5469
22
146
7600
719
1597
267
30
236
15517
1998
66
201
29
1
217
980
9619
139
791
7025
10272
2617
32
202
78
158
75
31
21
714
1949
68
2716
1100
50
35
64
101
1
86
67724
31
21266
1880
29995
12873
590
21030
707
3754
2219
69
50
193
24804
425
1345
227
81
13
496
45
804
5622
281
738
1748
361
98
622
257
1118
182
12292
38
286
198
95
81
305
10092
1387
119
15100
63
389
121
424
173
13565
44
404
1
129
72749
3212
1460
52
3988
81
892
311
3687
171
108655
1033
3692
208
74
295
714
57783
270
864
880
1443
9
357
3
448
4874
9428
1
126
9138
319
987
309
11
247
717
38
1431
3996
70
6
50345
107
49211
568
103
251
1906
379
1731
1927
65
28
3457
1238
518
351
263
57
43
1003
100
941
29
522
513
25
2948
143
17
631
1317
82
57
280
7193
2561
29
59
5672
336
81
78
80
4798
23
106
1
2218
364
362
1389
291
49
96
61
8
2338
366
1278
699
80
30
337
3730
54
267
201
126
8417
7
7255
275
48
1
81
311
97
39
90
122
1530
110
276
107
6865
16
110826
72
156
134
1021
391
43
38
7
17
366
866
7
60
30
578
717
1943
50
1
147
294
785
1729
1760
57900
15861
483
8809
716
3368
1
71693
415
267
1229
153
37
6922
39
143
43
1
421
19
1993
1033
39
1
20
367
4964
686
2
26
76239
347
2
1119
206
4
492
161
5
504
510
81
2789
11116
11
390
62
31
398
80
205
1123
133
1665
1201
120
31
725
59
11
150
15
123
5
138
351
1027
28
22
170
51
46
20419
313
2691
175
3380
993
136
1054
298
7786
241
481
246
157
223
636
17
53
98
26
102
150
193
261
164
1719
9
157
14950
7
41
1290
295
105
308
9836
3748
211
8
101
1561
22
760
11353
450
202945
46
1
29998
16405
27
3608
7500
199
652
152
3580
4700
9790
3519
118
50
30
10683
32
8463
168
14266
704
6014
46764
37
450
7
913
631
26
71
5
656
119
3520
36
131
350
739
107593
84
10568
307
847
5453
2
265
4349
2300
120
172
40
17
837
3951
242
93
294
559
297
7
33
68
2470
406
107
4273
13
6
1199
1196
489
632
227
1102
31
30
98
1092
767
92
101
6
164
911
677
1112
486
439
57
1249
20
17
204
13
735
43
12
165
2223
3537
34
287
5701
77
6
178
827
148
78
151
1004
58
168
176
158
157
10544
1324
336
71
241
299
6603
1674
137
24
1218
299
4902
596
721
150
2037
567
46
49
1097
201
184
1140
93
676
46
33
10414
222
28876
425
286
686
1
7871
90
585
1
75
1812
4961
369
1752
8
4
22
611
57
164
126
20
26
17
70
244
102
1403
5828
479
11
214
2144
36
152
150
67
197
341
1686
93
71
2959
63
1102
155
67
16
320
62
125
29
224
16
204
148
697
13
729
1114
96
607
1
76
1131
2116
2070
1
6236
220
60
1
530
372
130
31
729
98635
831
4288
64
300
2690
2576
5652
2027
14
25
36
81
283
449
215
49
10905
4088
4303
882
113
59283
4618
1570
205
2888
14
69
26
507
255
3893
1
9337
593
1069
3016
116
19338
158
21
954
17
121599
95
1155
9351
18
45
1408
61
6488
96
151
15
4092
458
1
382
56158
49
728
761
51
40
107
297
20
33113
960
66
535
2273
101
397
1418
810
44
60
172
44
33
47
284
132
415
14
13
66
1287
29
794
70
15
188
1
16
51
43
158
97
15
13
84
436
1
307
324
132
191
15
1
285
75
85
1521
8954
502
8352
240
50
4140
82
38
71
25
140
83330
278
30
2587
943
64
34
2145
119
250
326
75
87
3096
1
1199
197
159
84
43
1596
366
4805
35
808
1999
83
128
157
165
34
7
4849
19
32
1234
93
1983
85
92
10153
1484
61
527
196
790
202
271
4816
36
457
580
1470
1599
5219
166
270
145
50
130
184
8957
300
340
627
34
30
112167
259
463
604
36
88
16297
1
70
5785
52
3243
13
355
339
527
1
494
95
10
16819
91
93
223
44
2136
1411
993
2551
129
35
4077
366
58
1980
44
896
1944
13
96
1740
758
14641
229
3
3503
6350
16042
597
658
8
556
281
137
17
83
5434
6111
9
27
247
3239
10
54
8479
7
6968
1218
1549
732
2317
261
125
39
1109
1550
11
343
350
1813
58
319
681
1142
3485
1091
122
577
7586
69
2
1785
6129
1
26
1597
992
8
167
7654
2725
17867
3454
26
162
176
308
107
178
176
194
457
1
605
8635
62
120
176
52
3214
29
240
77
89
276
245
4100
1
1
16
300
29
2143
29
50
1
75
21
70
194
346
186
60
1939
216
877
818
1381
1880
85017
3766
543
5
175
457
286
1
11755
151
90
360
1278
27721
4199
1108
85714
289
2339
1304
3284
8789
34
446
740
735
11202
3891
1307
438
30
1
201
2739
4
117
53
232
138
173
7979
1254
499
49
1166
8299
7177
686
544
4112
562
738
567
55065
41
7
36
572
117
14212
3936
888
763
109
2010
193
1826
1169
42
5
234
2255
896
26379
298
101
75
5984
84
664
266
2969
107
184
1081
13
5
23
97
1572
26105
380
1612
807
126
14187
383
87
20
1057
117
74
8
2100
96
125
2
2293
68
1114
414
44563
122
30
96
170
16
205
462
90
61
75
106
5275
4761
2565
30
159
9101
777
1052
209
371
103
3119
582
123
9
379
710
1
58
165
32
74
14379
149
1587
19
1774
1
9
12864
51
1424
1811
218
3536
10335
20
651
5027
533
1138
295
565
3
963
7952
449
1606
5178
1
335
135
5622
35
320
9
2497
20
167
340
817
55
185
1094
50
2956
116
1
116
64
7965
333
71
13395
2149
922
528
1011
6163
336
1528
36001
374
24
62
1225
3892
23
1583
5591
137
29
98
1671
287
561
22
33
66
199
5
276
318
24
1205
994
6824
5395
307
223
109
123
30
731
27
4975
227
1540
3
23
874
61
3888
66
302
36
1805
58
101
42
132
740
94
128
24
25196
547
160
2
6351
9
83
467
87
49
71
73
405
86
68
1862
135
1514
76675
149
17376
265
66
11
822
407
7
659
128
789
5383
110
45
5860
9870
125
136
140
9173
16
4
121
457
85
40
231
506
302
5211
111
1
74
314
1531
178
180
1734
9
647
2
17
50
27
107
161
312
5110
1779
216
63288
35
35894
917
440
225
120
3161
3
1584
243
754
339
81
1237
3590
570
6
21
12
1
527
4778
1
1
417
482
47432
507
1753
215
118
20
75
170
3012
72
19
247
1214
118
489
630
34
112
5214
1119
3117
3464
4452
217
4928
1193
284
3362
716
40
48
1480
142
4995
1
273
71
203
389
16
733
560
12
318
1565
2793
7324
34
527
126
87
32
737
704
75
93
5
3
1
124
502
44
43454
279
842
62
29
132
48
94
578
180
191
1
4199
63
1511
104
15
61
34
1213
206
29680
128
2425
743
680
35499
853
15
756
105
2535
1295
63
26
590
18
1494
83
1464
4
101
87
91
2801
1335
1541
142
425
20
170
2
11374
130
24
29337
2076
211
1787
99
1627
84
30
8
30
601
341
3
26
49
207
18
64
1055
64
526
40
23
22
5
21
1467
350
1
224
504
68
7836
93
358
373
795
92
1133
43
1229
423
89
267
5775
3983
109
3192
2734
70
3
3
368
2
100
709
1213
416
96
4133
236
239
5929
2987
226
101
6608
825
12989
345
3367
1
9
2805
60
6085
1213
96
3593
62
21
49289
1071
10
1032
452
44
308
97
183
1
1531
165
61
712
8586
1039
72
1880
92
8
3190
42
4
74
123
17
5198
80
742
16
116
96
408
299
427
35
2316
225
3053
3884
98
9995
466
729
2033
1602
8334
75
222
398
20
1
162
252
702
60
240
823
494
4992
3153
791
128
60
1301
189
844
34
54
822
443
597
1
756
1610
72
94
4119
45321
698
564
1029
2427
238
141
34
255
3071
129
2816
854
37
2274
5999
23847
42
15
4697
1337
5731
75
1
625
58
975
522
1581
33
449
4849
237
123
347
833
512
50
6
35
399
343
504
250
4855
144
39
703
932
10
560
62
187
111
76
1361
748
1691
35610
10138
232
6
589
52
1509
292
3851
91
38
628
49
235
107
62
3923
318
824
40
31
947
889
334
4
240
155
47
172
53
396
274
78
1470
758
194
90
5205
28
126
34
358
16
452
355
8833
840
33
333
2556
14
324
516
457
149
2731
341
281
41
2886
917
98
1778
111
1060
5
114
1203
505
35781
1455
71
973
220
28
234
221
457
5712
1769
568
2702
491
63
1877
2268
1056
106
11926
849
59
124
23
167
768
2033
751
37
1
64
86
185
806
1573
499
2259
66
85
1
26
6
558
2153
460
1623
131
8
195
301
180
347
572
1248
860
40
1206
1
1802
58
273
28
86
485
294
1
16479
183
1102
3679
334
69
70
234
1599
45
306
267
23
343
11466
60
53
510
342
896
91
198
24
900
95
10
83
16
229
4702
110
471
230
250
763
608
1173
12177
134
36
71
4952
142
326
8132
619
504
712
82
25
384
283
38
14604
1278
1142
8382
369
1
2603
1
37
186
383
3404
3288
13536
87
5574
7079
2295
201
536
26
15
151
50
69
140
1
187
331
7
1529
159
2696
732
9240
20
106
45
113
1652
4074
131
32
1
29
19
7238
351
57
1480
1251
323
130
8339
8
406
1521
75
71
126
4069
493
497
176
363
17
38
261
35
1726
42
136
32
344
15408
7285
366
412
725
1283
23
802
200
37
259
3073
1742
462
809
158
273
161
17332
41
139
596
460
479
166
8
420
164
81
1
5
61
97
580
6
110
413
147
16
104
2821
205
17
1
154
61
87
4232
1363
7
1005
1047
55
34
181
3774
580
695
94
629
95
97
43
2
9
1232
18
30
963
34
25
988
18981
1176
322
317
65
427
2726
296
119
523
1525
9529
470
367
67181
5551
127
339
90
5500
89
25
2974
62
38
20
8
1250
42
122
45
28
953
76
28838
91
1069
1
2363
1349
185
10
312
1
380
4032
720
8568
1004
7
41
242
67431
5
2080
81
388
499
440
9
18
65
1
903
101
705
37
474
182
4422
3312
56
464
196
337
87023
35170
795
72
157
586
38
13
119
1
236
1
192
2166
69
12
69
2088
20
68
51
166
6
317
337
10437
13
1
98
212
245
122
822
63
71
18
86
176
46
3936
95
677
241
191
116
119
115
903
122
420
16
177
343
795
59
3
48
13610
215
1
32
1
101
237
117
1885
21
368
2419
33
506
295
81
102
12
179
6
550
113
41
940
27
1404
83
727
1744
16
693
192
11969
1114
196
70
514
151
42
40
33
39
185
470
13853
6389
55
217
309
30
124
101
251
18522
862
42
1287
4459
3140
70
269
1186
61
3204
193
217
31
4536
1124
25
1800
62
772
2999
1938
239
11
2873
6573
23
503
333
8
121
63
37
2982
300
633
81
4739
89
6352
9
1401
1
5494
59
818
326
45
182
756
4861
16195
1393
5
54
1369
251
124
116
4800
24429
61
506
30
2
15
34
1
71
52
13351
97
2333
96
129
36
763
64
41
25952
63
4640
224
1026
85
314
4531
5122
501
111
1436
12283
352
144
11665
21
69
137
175
28
195
346
491
60
89
59
43
10
84
9
298
1078
602
14194
142
369
262
7322
769
40
66
47
686
52
648
7
414
486
4453
22
29
44
406
26
14
441
423
207
201
4697
1572
6
274
370
11
436
62
1132
13051
586
1420
76
151
90
1274
157
2062
389
536
476
172
15
690
9712
895
60
760
223
86256
360
956
51
1834
1
89
49
1657
9
6
1157
81
6
78
71
18
1049
36
57
583
14
607
395
399
402
8522
49
59
37
13
83
469
396
686
18324
391
11
11
24897
1986
382
81
4151
519
105
55
73
1497
36
3
496
2
494544
87
152
1902
633
1
293
134
586
39
6511
426
388
5
214
2409
552
722
85
1614
4028
26
150
8470
14951
1114
946
60
38
5419
1885
41655
92
259
535
343
60
503
11567
2594
313
336
426
38795
2805
68
587
1224
1656
237
3808
192
1233
95
314
115
83
1031
17
1485
792
5
159
5110
593
797
224
27
209
1381
360
64
47636
5149
455
553
1109
1589
369
1894
28663
2275
68
280
15
127
566
231
66
151
12312
65
332
7296
85
1
4775
116
1999
79
3
278
185
7
117
16046
43
39
46
437
546
403
422
11
3422
70
72
44
2645
14
4
443
670
127
100
777
84
167
5463
8
846
6
107
14
29
103
83
7
949
69
1036
117
1143
208
390
56
1350
231
70
9
2
235
20
270
17
24
79
2
1940
7057
13
154
343
33
2
17
2809
32
590
15
54
32
3
47
92
274
320
127
770
423
119
112
238
140
56
174
1532
82
54
1750
240
29
11238
464
43
4823
1555
1637
29
45
42018
11047
26
223
89
703
6257
429
45
886
673
108
3
112
163
249
121
58
8
875
264
400
256
8
11
98
228
257
30
7
5512
60
6152
198
150
255
254
638
5083
54
27
65
399
164
193
118
21
212
169
321
86
1
169
208
1297
20
72
53
45
12
31
37
881
7
135
12
83
2
84
3616
43
1981
93
314
5
68
45
6
45
735
110
32
1
12
334
38
1982
577
192
1057
114
69
570
117
166
951
356
371
104
27
38
371
67
41
483
94
99
284
7
100
2
666
758
2228
1
163
811
1
460
130
1031
52
59
228
555
473
113
515
51
390
60
224
480
68
27
20
148
307
50
135
115
7
21
202
2
2069
56
2
383
92
50
83
58
7
26
312
137
57921
43
37
245
611
491
152
51
2703
2
210
80
2769
229
115
727
1224
40
57
290
69
239
237
356
144
108
97
295
207
52
51
231
2273
5
8554
102
297
145
776
2501
312
1178
797
26052
25
303
3083
5482
238
51
1617
4765
60
218
52
33
2972
150
12786
1252
9
5
264
84
26
104
259
348
2177
102
5628
38240
108
72
135
1
1263
1616
7
27
440
62
6778
504
7408
843
30936
243
203
8951
2272
27
130
9230
248
573
335
38
76
257
181
1495
46
259
104
59
69
92
3823
7201
517
131
1586
304
151
233
1647
15643
132769
8328
32
168991
2059
32016
354
292
6721
15
62
241
99
12
2301
2674
2277
27
959
1228
8
68961
992
265
13176
824
5247
115
13094
13460
349
44
32851
152
6376
389
28377
11
38
2346
153
73
56
64829
21129
1189
1083
300
980
5
483
3182
635
2254
1
9711
11
53
2573
2360
8779
9723
13128
249
2580
82
14259
287
83
1663
269
1261
17
82
447
39
64
183
1
1369
1164
148
620
2852
735
815
150
125
438
115
524
1308
39
167
159
229
497
9314
3103
11
670
5123
479
67
12544
89
167
628
2023
1016
196
1003
75
1667
86
880
848
291
307
114
60
267
16
54
192
1085
884
1885
343
302
16594
365
101016
7695
8521
10783
1330
2315
227
53
118
52
23
317
148
239
228
1
28
465
1514
317
3783
2
1
18
293
253
454
8930
1109
71
446
1217
1873
343
174
54909
2600
169
571
542
1
112
303
3565
7103
37243
1797
90
202
23337
3715
112
4711
53
414
3145
48
140
306
141
129
14554
618
9
26
198
8
329
3497
416
72
284
1
291
4
145
126
1924
1
328
137
7119
2350
375
132
255
223
172
911
157
22
86
37
8
1
47
253
72
30
8
152
510
1
1
69
1
89
88
68
59
93
84
100
982
16709
1096
1
149
29
228
317
56
236
2594
374
711
2129
1778
912
6685
28935
1525
26
269
5626
99
163
134
20
655
32826
1013
1486
213
68
39
370
1419
1464
706
487
655
186
5
716
47
6012
263
585
302
212
4542
138
259
148
449
32
8
90
60
13
308
102
30
833
5
399
209
148
116
1
55
674
245
583
550
138
1390
12
229
385
421
24
233
50
420
743
5520
184
806
1818
77
96
136
205
24
330
73
858
1003
94
4250
178
282
19
22
18
3969
2623
5
480
28
190
175
106
33
237
913
75
5296
3012
1
90
4
595
120
8
1
1091
109
31
5387
697
141
31039
60922
70
151
480
94
737
1156
320
1384
673
4734
333
17603
6
89
84
989
1
1235
88
16
274
135
69
16
87
63
93
1
498
2975
21
756
73
67
270
160
62
56
6283
107
271
288
347
17
181
99
1
84
32
220
342
19
3578
30
17449
75
115
67
167
