246
179
412
3494
1762
960
3086
18426
3
2115
2711
23
5204
389
146
5283
5
1
58
231
24
46
98
43
5020
52
3372
7352
79
36
56
70
5231
80
3
116
118
42
132
11521
39
3850
137
16
31
5
5
26
56
172
153
272
23
11
19
83
8476
4265
15500
562
5332
83
166
1217
467
658
173
14
162
365
1
209
593
74
77
311
270
105
5
2404
206
155
194
11
38
1535
2993
58
3778
141
38
1353
66
146
52
6387
1845
138
132
87
5071
59
4
42
21
238
116
9687
32
713
74
1845
1394
450
6
637
130
89
885
9587
142
45
4565
69
12
7
134
100
237
1059
136
33091
135
586
21
3568
130
52
124
83
1717
41
7981
10259
9
1013
2113
23
91
44
49101
1
2083
249
189
1
1106
6
513
6420
129
476
4160
64
3914
2603
49
618
26
244
46
3786
41
8484
3257
76
427
5710
46
6831
812
253
40
8360
92
114
125
8617
39
128
14
257
99
409
8672
31
309
14
1438
360
3723
3
41
4555
122
188
755
251
30
3056
73
39
24
5581
459
2770
1518
653
697
2470
2825
9731
3878
2
14785
5297
238
328
48
110
7
46
2722
154
26
2006
39
912
702
4381
423
1925
546
2418
56
12
12
7368
5101
4498
210
252
10
78
1859
241
2768
9885
22
26
164
636
3395
1670
1472
30
1611
4003
69
6345
346
38
265
1337
1939
1978
12
3695
520
128
235
3476
135
87
1389
33
192
426
31
9821
24
6273
4695
3444
148
15450
3661
415
2318
444
479
14329
6757
3653
7690
7932
2560
6693
1890
591
6105
19475
1
8646
62
102
54
40
5272
45
59
51
11866
695
1409
5962
662
4300
11
16349
1151
33
90
35
678
1
14
2210
47
2116
1164
478
2583
14
87
2708
241
44
17
44
5248
3698
112
493
234
5227
16023
1104
134
87
31
5626
3824
1795
23
27
3672
794
343
206
96
470
16
19
8476
4364
89
14976
916
240
2089
88
466
7128
52
1700
104
741
2787
228
113
2769
1047
8154
145
33
283
13125
4879
1989
6
603
1754
645
1502
678
2173
27
40
60
2893
789
23
1866
1018
1605
36
6306
188
408
13
1595
175
225
19
172
6382
1942
31
28
2267
41
193
4736
8247
53
73
5457
404
96
30
92
55
19
635
115
68
17
729
4344
4381
1
8566
231
685
5824
374
569
352
8061
4311
4597
353
5014
11055
863
720
3711
629
4536
2840
538
713
6974
3701
651
179
2499
235
245
42
78
8890
334
16
83
13432
235
504
17
25218
55
22
21
1237
526
67
3164
3188
3651
13313
1000
488
772
3024
681
379
2786
35
17
200
263
356
117
360
237
5666
82
69
6197
9107
3025
29
1866
71
1184
6971
203
14
1571
98
5141
36
1240
41
4912
1612
2340
7188
4097
784
38
52
99
33
27578
4666
76
185
317
9344
1168
137
7014
3308
246
15
33
493
3023
716
105
12
9614
226
63
21
3449
238
538
1238
107
2405
3654
2794
1525
102
237
27
7489
2
205
267
2
28
104
10545
92
217
36
96
191
17925
11652
145230
4604
25
1481
882
591
73
2502
1745
60
80
4507
1087
703
270
370
142
1637
21
42
3580
470
348
3565
1053
11790
385
124
24
1092
1402
149
300
20
1493
117
6205
19892
658
5626
77
520
12268
454
88
14487
775
1821
3834
4081
3019
193
39
293
164
1686
71
143
194
767
1
11762
12224
4229
4422
1705
2880
1900
3304
3870
953
562
691
98
59
52
6938
59
3486
6561
56
5262
28
864
7904
242
646
2004
39
2988
50
1
1070
1906
8819
3494
490
1690
83
18
3111
29
1826
2528
86
32
13
16
72
3890
10715
316
1256
3813
3730
101
65
1161
112
926
367
10347
1307
2529
3104
514
24
19283
5315
2877
31
2258
24
1264
350
57
2096
454
5946
5723
347
7114
1942
30
4974
37
184
204
295
301
878
2471
120
13
216
278
24
2304
1366
379
21
121
10219
23536
7720
227
2492
219
269
1089
2318
4988
374
890
1472
79
7866
298
82
278
103
259
5435
52
162
1909
2284
324
67
48
1688
102
99
59
5485
144
123
600
2865
64
31
438
4158
1321
66
5636
379
70
332
200
1
18735
1735
3019
191
146
848
13
60
1058
350
5175
176
4318
297
328
6720
60
100
2065
226
33
1972
2988
108
571
452
15
65
3352
9535
11
71
280
634
767
54
44
12
51
107
56
668
52
1411
10
485
5433
31
5674
818
1
39
4865
71
35
8508
149
361
112
4676
3195
7870
65
2525
3430
12
45
181
289
1357
4154
4051
15
528
31
5365
486
1286
8403
1946
23758
9127
3392
289
14880
315
1604
1815
19
1
82
141
202
36
268
121
14482
905
226
2004
17
82
367
6013
85
5
1
70
105
416
5033
108
318
207
197
505
71
201
3310
80
282
24
4135
139
390
3619
4797
25
2514
9695
4252
37
3318
421
74
396
37
447
19
27
228
23
539
288
1072
12
79
9112
15
4308
4004
165
6749
187
24
113
5683
154
10154
1546
136
444
36
4575
3878
198
6217
1903
1063
225
664
275
25
5211
3430
903
215
313
28
72
833
43
6909
829
3798
8602
1514
36
143
15
147
3888
1
5525
95
353
7214
164
25
104
101
974
390
1669
2896
1021
4466
2255
202
48
129
4
286
11
16253
5317
283
31
438
474
1895
1447
542
2109
11898
2190
72
161
43
361
228
9552
114
85
5121
4545
469
11341
24382
91
424
277
24447
38
375
30090
34
59
62
1459
1207
12
138
207
80
1661
1554
189
4
53
1
3638
7
6139
9411
8
1314
41
466
1
49
21
50
241
1649
3274
35
12
263
8079
32
3
460
80
293
39
2830
3502
6527
7723
3574
148
360
10807
7534
94
314
3743
321
52
101
86
1938
31
15
1101
13
102
4543
185
2734
2449
434
8865
43
123
136
8999
41
228
2813
30573
24135
35
3041
671
7
108
3675
234
384
55
2083
1033
4564
6652
13
20
26
8
1020
42
756
5
17379
294
19681
1509
1611
4701
2349
401
2743
1
9
61
42663
2162
35
190
641
1559
122
481
8711
3953
12340
184
7062
73
16
25
3016
1467
7454
4
16
20
128
57
131
4953
21771
3016
100
2621
256
66
39
351
3446
224
202
51
82
4949
16700
2190
7874
4119
40377
844
81
2916
4389
157
6371
65
841
10037
538
690
330
9296
377
498
5
301
870
322
438
104
147
757
4635
20974
316
2019
7365
357
201
62
4172
399
2003
8351
40
2288
48
2771
99
4533
716
5777
24
9651
68
44
67873
944
462
8110
5673
435
5668
450
5350
15
25
3402
1362
332
24
254
1971
184
19
242
392
6587
75
1
701
470
182
79
4937
727
8
34
959
4945
1530
382
10130
48
80
1
465
1478
87
1136
51
60
3
63
118
77
263
7086
912
5452
620
3463
8927
4910
3351
105
26
37
105
32
1031
2383
452
81
26
26
61
9
24
1785
2035
36
2061
724
5232
40
469
3143
1083
131
348
68
4673
2176
2396
146
227
31805
6
359
271
177
448
155
4
1112
40
3478
16
22
50
39
58
100
962
27
67
5460
10862
21
980
2
44
1502
2
914
3566
2884
6313
6587
7256
9313
1413
3080
10696
452
49
3168
1457
1769
2669
38
1984
130
391
87
199
746
221
3719
48
3897
974
13491
7770
133
45
1697
123
353
2176
303
68
9267
133
64
12910
4883
5538
1294
5047
1774
4733
754
904
69
14
922
4949
226
23301
7067
3509
8144
31
1964
837
423
7829
82
6014
203
535
2527
6737
581
2945
35
45
30
37
5805
6786
104
60
6649
1718
61
17146
455
512
643
273
1
23871
17933
109
383
3513
39
5322
5843
2592
8225
1803
1054
6217
17
53
363
89
188
56
725
5209
271
280
319
117
49
2031
158
6688
405
256
2913
9278
4973
1
215
1155
10
5515
407
2461
1685
1750
115
3618
221
134
129
37
1246
423
744
489
35
8390
38633
51
2076
5408
478
4171
16
392
4679
3851
205
22
2901
92
94
16520
2029
71
7
55
238
174
47
545
1320
22
769
15
57
48
4995
4222
13
1326
86
24421
24
137
97
228
18
174
198
30
496
3
863
9
1948
674
1475
286
998
901
81
20
93
27
5652
26
11697
11402
225
2076
161
4489
199
57
368
624
1939
12733
124
171
1097
2604
6227
29
55
5356
25962
1770
127
1978
55
22
86
3918
71
67
27
142
2842
6346
2609
131
49
9641
1316
349
3
139
5
13
2
16
3468
512
43385
1740
987
2857
485
117
12
97
3556
7093
2347
377
46
28
114
148
28
73
1098
45
1271
5054
4485
69
32
2862
38
20
78
40
9676
5098
30516
7
33
13821
1
48
68
66
131
637
27
2458
983
134
3683
66
483
731
3217
424
14
134
43
2805
2043
675
31
6611
221
45
167
29
5550
3228
1995
2267
22
85
7707
77
12
5824
3973
4621
9437
11670
1299
7
31
25
218
87
36
415
1198
700
144
3705
1154
97
5106
5613
4620
502
96
1
4027
4508
967
20
3189
265
1830
2357
114
963
4741
52
4983
11
114
1951
17171
1570
194
413
1229
325
1792
95
3261
181
90
89
110
4549
193
15
2427
46
1202
5480
1558
176
248
1159
1
12
261
88
534
7446
1951
1207
135
365
39
587
58
250
1551
24
34
19
286
14
6793
2552
174
695
218
27
2659
405
1608
1503
6509
418
5
323
31
5164
453
219
5
1786
4516
94
603
45
54
44
4570
610
30
9
1597
33
2536
199
29
5048
435
197
9007
189
399
107
15
3443
4627
70
4208
559
2071
32
1
6856
656
51
88
87
113
77
3074
637
9129
520
1103
168
15
309
549
106
2558
49
111
659
23
3787
153
74
1416
117
48
1234
89
2860
16
5868
783
117
4891
17
41
32
16
5131
1764
2536
70
2010
12870
53
413
29
117
77
2818
55
2056
12475
46
1718
51
33
10862
5571
1220
1040
41
30
3948
4441
289
27
37
5614
2562
3050
75
11525
3034
22453
44
7593
8160
4081
4795
9308
120
6435
2259
443
79
18
4080
659
225
9186
5790
247
5
4788
14854
54
18
657
119
465
3576
50
11144
1196
18455
43
49
71
1636
845
125
188
1265
147
4403
6504
950
180
21700
4592
211
105
12197
52
1331
17180
213
1256
135
15
14
46
13976
4447
25
83
300
192
1053
3727
173
222
22
21
2108
484
7200
263
716
69
6062
34
263
3776
2287
1610
1467
158
178
3431
742
771
7967
37
90
65
289
7903
1974
41
929
723
3110
44
6439
1165
772
1125
19617
2176
177
26
113
9378
6950
3515
534
21
546
4711
445
54
97
240
1
293
1079
480
311
110
60
1
57
208
301
12947
1689
9826
152
2339
3
15
1375
120
53
233
6855
1523
89
324
1906
54
39
12876
195
1
294
81
1706
1661
239
42
57
3059
26
47
1443
452
3706
10064
4669
24948
169
3849
46
10399
731
329
4968
7055
10489
108
169
9
464
4032
293
30
3200
7282
9941
1113
3450
6972
471
1374
802
87
5043
13342
95
34
935
18
5091
30
42
8206
18674
229
3782
10613
6642
35
1026
7780
387
632
368
59
68
175
2306
1981
105
720
3784
11285
2598
177
27
999
40
9
550
66
1720
3038
220
74
1902
24
49
8812
329
7
67
41
847
282
31
22
280
542
2403
89
549
12876
4
266
6087
35
7474
3130
5665
29
995
23
7454
107
3425
604
533
1616
93
871
2541
3450
19011
7324
1505
91
15
312
500
1670
40
259
97
125
3681
482
1820
53
241
1888
2598
5010
113
3570
1985
180
2719
19
12296
3217
1346
80
131
984
699
4817
337
2526
192
145
81
163
259
793
600
1236
5521
49
15419
13302
226
1
1
317
131
968
96
2683
3315
456
583
172
2960
320
73
2501
3028
1203
6480
956
1402
59
155
30
59
8594
3097
20
1514
4424
55
4096
2842
21
870
533
7086
2673
1053
1681
102
33
499
16
3646
75
16
105
409
131
4531
2043
7
56
9816
810
76
136
909
9203
100
184
12
2
353
987
2509
27
3959
39
29
551
2290
9
1969
17
577
109
245
104
7448
50
472
56
46
15
31
5111
62
3359
278
3824
1
1586
72
2301
179
537
143
473
15201
26536
926
200
71
7650
2284
17140
602
30
269
92
8200
2794
2249
59
107
3001
79
2672
3208
27
439
2282
22
52
3413
672
42
3199
871
154
14782
3116
4498
3603
84
109
351
79
22
12491
9858
172
445
14612
212
24
40199
322
1336
1872
237
8273
396
921
39
113
1010
1885
954
33
2705
279
50
5902
3255
162
70
470
104
400
361
1311
7784
8475
3
62
3964
1486
224
131
335
3999
1896
1004
11316
106
42
60
295
219
87
2091
67
36
92
1113
13570
73
36
7102
96
67
2263
39
4608
7134
3318
2296
2748
3299
1161
41
3373
323
10209
5312
271
30143
220
1814
207
9194
2834
213
1
165
388
8
93
172
54
130
15710
8517
449
3074
5650
305
4766
6
862
869
460
377
522
179
1124
7827
14
5278
15
17
11
135
230
639
189
3437
10625
387
2583
397
621
1112
932
243
2
169
2696
43
2
64
121
756
24
6095
1033
96
1438
207
144
114
1169
261
3043
44
3095
3663
2
22
14085
54
565
16729
8935
2946
1405
2931
6220
97
13234
2131
483
7273
5529
14572
3054
616
3564
5926
86
5
1977
3559
320
37
2775
31
171
32
4710
730
7476
14220
2036
3804
59
4366
4671
5496
96
526
73
259
364
189
127
64
1285
893
40
52
151
4093
263
885
518
1427
153
38
1
49
1164
546
142
935
624
2768
2817
698
4699
60
2848
6320
1261
134
63
187
4180
55
168
4
168
44
143
122
24
44
18
295
50
819
874
122
22
1286
15
1702
723
330
5
143
1130
764
82
19
18
18
56
2534
54
923
5057
721
4905
5689
454
9253
46
2028
1150
1516
705
2671
188
51
129
53
51
274
180
32
1953
5822
4202
837
63
24
180
187
237
25
272
59
14
4227
5404
111
85
7511
1277
3276
1
930
106
940
118
133
149
1334
9
48
7754
1189
1095
1086
2624
7281
128
22
47
3546
2334
17025
546
1957
2416
1820
162
2739
7347
2904
1202
76
46
49
42
16
71
54
2855
125
148
25250
97
527
147
4906
4116
1
26
75
3435
632
12839
69
2756
25
9
11997
4858
6534
66
5523
75
1554
102
2438
150
7116
13
98
112
16
85
177
213
31
55
25
31
23
88
106
97
18
98
18687
202
5472
35
3998
12
901
492
53
1281
1951
72
70
3263
413
13
98
41
1009
70
22
65
1
1952
34
1349
1039
79
318
703
633
4217
1459
25
133
92
3211
24
63
1
10015
954
2516
972
1151
360
1945
219
44
8001
8061
6837
3415
11
421
625
3696
1421
522
1559
32
657
147
116
109
146
127
515
47
236
10024
29
63
1
13897
39
255
2119
1078
6045
148
5015
1048
1789
5
1
107
2713
36
2410
20
2816
5446
946
65
107
19
197
3501
1876
1973
6651
63
11505
89
183
13031
85
28
6761
100
3555
186
499
22733
116
395
1037
23
90
44
113
48
504
830
484
872
3420
82
59
22
932
47
240
65
133
190
451
699
64
527
16465
9998
49
15
60
4661
960
8541
3304
44
246
1496
2117
370
40
129
145
3544
1868
2035
1140
2619
7067
150
2600
2040
29
9931
75
241
711
414
1599
3678
1264
499
252
279
8328
1207
188
2354
1390
287
486
14
114
7313
186
1848
10859
1336
370
4415
8262
104
260
46
448
417
47
1463
901
3487
61
190
1
3649
2
2126
119
153
17
69
120
34
226
80
478
17
7034
37
31
30029
2292
3529
21
8433
4144
5069
318
10449
13035
5828
6663
1218
939
803
58
556
1
3326
124
53
7495
7345
110
71
700
226
12836
56
379
135
1109
63
27
40
4332
17
64
118
50
48
464
691
172
10508
667
25457
657
25520
5688
88
10
44
13
403
4944
12914
476
168
6491
3135
3868
2267
132
73
263
2401
5754
4933
88
2713
246
1709
15
700
1852
493
751
7395
1985
103
6747
64
643
73
210
229
3928
3800
565
111
3967
50
374
1037
245
302
4737
605
955
35
279
2590
3649
582
4306
7202
341
1
51
146
87
314
125
72
5144
316
42
286
79
2162
545
325
21
213
1747
23
8264
122
376
20
454
4122
6359
293
677
75
62
7866
14
5044
13
2628
13812
1723
7545
109
33
11394
32
1814
50
30
2321
6395
33
9113
826
1752
3955
584
545
685
166
2502
3
2865
1825
29
581
5015
748
4113
122
16
1169
82
9073
38
44863
585
32
7
6720
15699
48
1264
362
242
5658
158
6696
13
1901
1
17
28
14345
17509
4083
2341
15020
11
3
1
278
8425
433
1706
121
211
79
13
9276
57
2073
3
1
1974
70
15
175
4275
1048
1096
301
232
152
474
140
55
2
37
697
73
23585
15178
136
1237
1012
50
511
26
306
26
263
124
390
2176
301
2709
25
2314
54
6619
1527
41
36
228
69
456
80
30
1172
30
2541
117
5721
71
1528
7802
121
497
598
284
49
381
9056
1123
3078
103
106
651
434
4101
5434
87
17
81
36
17
26
188
581
13
2189
491
3592
9259
35
170
3404
27
50
14
484
159
68
1708
53
176
2055
452
3456
432
37
651
28153
3226
146
299
504
246
79
2978
177
3146
9
42
65
116
407
65
80
301
61
834
75
35
6602
575
6339
13
750
155
44
8407
10532
93
33
310
2857
44
93
13
76
273
9323
712
3582
2326
274
4564
2459
523
1608
23
1603
88
66
24
214
2097
27
2405
116
410
9095
51
3163
1300
76
908
3017
7953
10147
16
554
3372
79
1837
912
35
15051
34
7957
2552
2818
26
709
418
255
1997
6420
31
3084
2250
2681
143
117
30
2540
32
9
492
44
20981
3466
259
1484
72
6956
566
368
422
88
197
26
4412
1578
32
3
6433
333
4
3267
780
4597
23
164
84
560
7248
2
91
31
5
6157
2486
2516
83
601
166
4511
230
58
739
3281
82
122
5465
2413
502
312
20
840
40
78
2058
6051
2723
4161
745
121
2006
4107
1955
600
1100
78
3630
4869
1063
5577
101
2737
29
11658
6579
226
5042
157
337
121
33
1561
205
9627
5960
6
516
8162
2961
4715
4704
3165
8007
409
18057
894
2639
10
296
236
6
88
1332
82
70
618
168
1642
12
42
3222
112
129
20551
47
5864
253
21
152
5372
97
2734
2383
46
23633
151
9457
790
4386
603
7588
31
15482
18240
1258
22
301
384
4108
67
2977
322
59
3777
143
68
3379
342
8273
3354
118
1191
36
7519
1391
63
12050
309
14252
2137
832
41
910
521
1291
3530
38
175
1130
202
96
4922
27
1377
546
1132
169
21
70
522
4786
147
40
31
125
6
36
603
111
1957
6270
5541
68
1017
2
25
1661
538
41
4982
806
2536
21338
5835
2272
23
3202
52
30
14
84
390
1794
38
3261
1999
6611
23
22
1068
38
87
3095
1972
7
194
2336
5437
18
351
1014
47
25
51
7696
1215
7
9012
1934
1302
23
119
29
19
25
1716
287
63
51
1586
629
8803
13544
26
463
976
776
337
1366
2568
46
39941
2191
65
578
129
226
3863
338
4838
354
6
4733
5
49
43
73
1184
1711
276
2282
551
237
6159
46
3059
348
395
332
13
41
2758
124
14759
195
1248
30
69
3394
398
16
1312
1108
42
18
10983
89
2705
52
3404
267
33
44441
35
2919
330
96
39
16629
625
139
8307
189
2558
108
751
12868
217
3468
484
11210
90
31
348
195
71
2429
5431
1929
458
676
13476
2870
83
10788
38
2283
605
1811
103
48
1
334
91
474
3227
1
5863
4609
39
452
2868
2716
1971
6873
153
113
46
7277
16226
675
51
302
202
2
6175
18
30
2939
242
26
32
34
131
6872
39
49
11278
12
282
4944
325
132
3
644
17
143
3656
4209
3766
89
3437
304
598
83
2650
680
13487
9645
1900
6820
34
1510
1
408
2797
33
2828
6
590
3512
1668
2881
2230
48
171
3844
1285
21
32
37
5450
5
131
204
3879
4317
2115
15393
195
501
46
1723
30
848
126
92
2311
1
47
232
3050
811
105
7185
165
44
3352
5073
12367
2988
4533
1578
38
174
2597
3820
117
29
3237
2648
4751
7535
28
2258
76
43580
30
3692
1887
33
1416
69
87
3336
168
507
1371
619
190
298
401
9736
3
3570
591
39
17
81
99
51
15
2858
31
285
206
5240
1
102
2306
82
7898
920
2374
603
5843
4384
503
4360
41
117
8908
722
392
9203
43
4
3422
46
564
3052
463
63
6959
744
4708
295
751
28
679
948
286
500
3961
1325
167
2
93
1772
5505
2544
6573
261
4327
376
533
237
4299
3738
18061
813
24
5963
1217
917
677
285
9332
1
84
38
75
1269
436
990
148
40
352
13541
2041
20
60
8
42
5001
673
830
10920
77
333
29
22837
492
603
399
97
653
355
7033
1235
2631
12
227
1649
153
10934
198
6443
16
1181
793
3358
15
1450
11560
80
130
271
229
485
31
98
22323
81
320
1337
2026
47
18
955
9381
531
3876
378
334
51
11512
180
7683
10312
184
43
19
42
565
781
72
648
3750
3707
33
41
8489
47
5928
23502
1203
336
1561
218
1
1422
35
394
23
509
13768
57
1856
5
1344
6134
267
4826
11
25
14
129
3765
68
88
3448
1295
1653
2693
53
352
301
3234
419
1258
28
13
102
435
3574
29
14
10969
225
61
18
741
722
12638
2249
357
372
76
73
141
8367
548
4726
76
1685
104
7
3613
112
3154
551
428
287
1116
84
473
86
2930
1406
4975
14
54
1
2715
51
80
959
748
12
625
1045
228
448
196
2765
671
154
123
9
658
2455
359
144
468
46
584
1
615
11748
558
343
15
76
13061
6562
2243
239
1801
709
112
131
502
392
58
3959
2083
915
784
334
159
3954
1299
2277
63
882
1876
23
4658
9776
1066
174
718
855
4841
54
6532
255
3297
3211
2991
38
6192
1979
2503
91
404
154
321
2069
79
3415
4590
443
550
3585
241
3710
2848
7245
99
3171
249
411
5539
82
10559
11
108
68
1189
79
2686
1
89
123
3925
698
1475
693
3772
16670
73
484
2563
3056
185
1808
4185
46
8110
18
1088
137
124
537
2
7384
252
3944
129
4794
575
2
8907
3526
1122
9097
733
1
169
12097
165
416
70
30
2157
3273
1003
556
259
8195
3
134
22
2165
79
152
400
2370
3665
2956
10526
51
3257
116
79
100
29
20
2216
13
81
3078
25
36
4087
950
3625
291
3993
350
35
259
627
186
303
239
12842
1547
32772
11
1317
2524
1358
49
25
65
30
172
113
54
53
933
4685
538
2552
905
12
70
31
1047
1
679
1521
138
697
23
80
4448
189
8848
125
467
243
4
32
2130
62
133
715
64
140
3408
34
3940
167
1706
4756
2311
560
42
841
71
2994
3654
2
32
622
3822
2571
4937
10363
569
7345
28
84
1011
1495
1165
148
249
185
3026
7180
2239
17
220
174
940
201
534
1770
126
585
66
44
13641
159
489
14
4
1964
87
528
211
73
414
274
383
139
3403
265
41
7408
408
2136
44
1114
1240
114
5397
596
133
8567
6
1571
228
6055
110
59
36
98
32
861
45
394
209
2679
338
16974
236
2178
4862
30162
24
66
1251
3721
530
45
9010
707
59
575
89
310
856
6480
120
39
245
16
51
78
3
23
339
9904
134
65
2712
38
1
7998
343
51
114
13
352
567
41
2871
79
1922
13
23
12694
160
21137
7081
311
427
37
31
2521
204
8910
74
789
5246
955
7494
1085
210
7002
481
5002
4113
3
20
3740
454
8001
1226
26
33
5111
40
341
107
5945
72
155
130
1962
130
1173
17693
15856
419
10796
2224
57
274
187
9
10335
97
1965
16
18
43
80
851
10450
9021
337
5062
304
239
431
216
222
25
462
6097
27
4724
155
797
31
15
444
2967
73
45
39
135
411
8984
8207
219
731
1272
101
35
7859
467
139
89
528
75
15
2825
42
654
20
333
446
683
1258
66
74
854
3
849
17
18
104
6485
679
572
239
82
7936
209
8148
2357
5824
336
3214
6718
2435
216
46
1066
1583
2522
60
141
4210
2398
5852
3467
899
8453
3291
184
227
1579
4525
3235
1
417
29
2230
1023
2890
25
11748
22
5096
4455
36
2
89
196
1631
76
259
21628
93
133
1137
31
365
31
69
12011
6335
26
13975
6962
56
49
260
16529
2325
1369
16157
2211
1463
291
38
1623
4013
209
59
1687
49
3633
120
3335
268
802
243
10593
1137
80
3
134
369
2523
2
3922
80
6423
61
4050
76
293
2504
329
30
8239
4929
61
134
10
3471
16
10
1030
295
10210
2263
2752
604
48
76
31
139
69
115
26
50
4292
87
11841
3357
369
4550
3450
108
34
3765
3153
2918
96
422
4072
15
3668
513
2724
37
5118
2904
22
91
44
2748
7899
879
109
48
1065
634
2502
10631
1
2634
113
16969
362
89
3238
6004
1728
63
4107
1962
8780
862
686
402
47
13
2020
246
17
25
2871
1
2186
23
1
4223
305
2778
166
355
1905
22
923
122
89
37
169
43
1931
279
4169
9598
46
8816
4954
6
7181
1
317
477
3480
163
229
469
10
476
14
294
39
807
176
43
448
7543
5377
159
11824
7011
8611
180
5354
52
7877
946
39
22
122
530
659
1021
279
7953
48
21
313
1216
1
2362
239
539
3139
138
4568
244
378
30
61
3123
23
5278
363
282
572
1763
110
35
1915
5978
655
4417
151
1527
176
27
3401
8775
278
4390
140
833
363
374
22
725
327
1227
30
7090
8222
251
41
99
282
33
2927
30
326
2874
142
1924
19
8016
1019
23
369
4310
23
1787
179
859
102
516
2456
2337
2922
494
423
315
81
5
42
13648
1211
13049
2
3117
989
3
498
1015
567
307
11148
100
186
27
411
25
206
3864
4250
2813
50
368
958
15691
2826
82
4237
3072
20064
46
4396
8176
47879
195
21
8
307
3
22208
1989
14682
10430
2768
351
4695
5771
2334
35
2972
15
3678
9
3324
2230
642
1319
442
259
62
175
55
2746
134
436
7482
15430
1203
18
512
7643
4152
36
3699
174
2523
95
518
544
23
79
56
51
7026
23
52
732
79
17
51
36
57
463
87
1056
3109
1237
302
17470
4541
11083
618
45
180
1410
1298
8373
1430
1920
701
782
181
4027
3189
3888
1931
6428
164
5041
7865
3
61
145
3413
105
323
22
17
282
34
25
157
6467
290
41543
19
11922
82
2083
201
76
135
52
278
3654
122
6587
13952
572
41
8749
14
4439
19491
92
4625
3298
410
3659
499
436
21
4698
186
68
2193
4578
7483
1167
2
365
69
10384
4621
26
2385
3917
766
104
4530
46
303
12
2950
119
8419
458
7
806
58
13
258
62
89
6491
128
6242
100
3701
91
80
7962
2770
2467
490
71
1
70
8
174
1009
184
138
173
2038
575
134
85
27
97
7047
4896
132
58
253
26
11426
2417
13
2182
1114
18751
132
2282
3640
115
40
529
210
891
35
1304
254
152
5541
207
3055
92
32
2040
661
9
2864
2805
18
890
532
4551
2102
6112
510
476
33
157
1187
131
2501
8576
3500
163
100
2565
777
306
8
7916
2467
293
12845
17793
33
442
810
6628
673
36
2116
7318
4796
12
393
63
3243
5699
412
2
3
3791
58
10526
2457
569
6248
1333
14
208
3552
20
3715
56
7512
3110
6
490
1230
18704
1523
113
44
231
442
466
7561
1832
9359
30
30
6882
4
1452
9745
122
3815
206
8026
377
6726
1446
430
578
13817
404
2921
209
41
62
243
4
255
33
201
66
3455
33
12048
2
7059
160
435
61
54
847
1888
5759
6918
207
50
517
575
6433
13482
8836
29
115
3543
535
94
673
513
3012
9095
568
25777
9463
930
38493
151
402
5848
20
14
5034
693
16884
3533
35
2093
36
3594
2187
2207
393
17993
783
678
1523
4030
174
2029
5208
2050
2044
51
3231
559
95
3390
151
1286
3100
4
204
8693
6637
255
120
11037
5927
3
291
1784
2484
430
106
46
425
994
20
475
15992
3796
32
457
599
460
483
5727
808
12
259
1
15484
3062
76
3565
4122
46
2487
6762
89
130
29
127
73
1
2083
2577
1
2676
88
4273
5575
15
6253
253
24
14840
28
14523
80
1120
25458
153
1676
2454
1272
6321
3927
1
1232
171
763
1927
4997
15
176
201
40
1848
8132
312
31
3142
1503
101
884
102
437
13880
7020
279
103
331
2327
821
1889
67
766
633
3472
3557
6576
3654
41
129
114
282
1
27
350
56
1172
289
45
1021
3028
3486
2001
229
1245
8899
4580
1191
13157
2647
6978
1629
2805
133
801
231
503
741
6766
216
399
29309
17644
74
236
313
120
1523
14203
768
29
1876
100
2033
6978
67
6073
3535
8782
5802
16396
51
855
64
32
139
5532
1912
89
1747
519
713
101
89
59
1009
238
146
343
11727
517
870
1973
5239
160
2859
75
1810
2856
22
3795
240
399
384
1402
46
44
160
3188
323
1274
3236
13780
9259
4141
56
860
60
347
3607
776
64
72
55
8812
1398
1986
206
18508
586
66
7776
488
9855
19973
35
4468
104
1863
237
14
28943
5502
4780
191
15914
3745
7310
9487
3858
5724
238
154
484
8318
72
14752
6889
52
24
56
3979
127
91
18
87
131
105
1224
5998
896
675
416
178
3721
501
156
749
1682
111
52
4
4923
6578
46
5166
1662
4544
611
11310
4473
10315
24173
12
7558
19034
789
5947
1267
92
354
10868
5789
11633
1450
56
3025
30332
4901
10189
1990
5455
431
8948
3505
6112
36660
142
57
2231
7377
2344
2241
199
1626
5714
46
2337
364
6
386
28
1731
422
6403
348
47
24871
7
429
3412
258
720
7795
8665
6511
26
17
31
2631
2911
44
31
1492
2147
1012
92
36
29
26
630
1684
15425
216
115
3391
104
47
403
2416
14
24
214
2986
113
4166
3735
23
386
12387
50
38
152
575
38
2970
2989
40
606
85
1137
149
13
162
9903
20819
168
11
25
76
4578
138
7884
44
8552
1311
26273
224
41
1908
900
629
6061
130
5761
106
2360
812
1010
46
86
460
203
126
17
180
42
12
226
176
141
24
521
12
78
1
334
1365
45
38
10
3790
1
1920
385
4701
7
2896
130
1869
37268
33
139
129
83
934
129
403
3983
20
2970
48
1632
195
67
43
19
146
9
3961
4220
2452
1755
62
63
1351
238
463
3
6954
654
735
428
14
953
631
117
13
6490
268
100
3643
570
12449
9819
2561
4658
1882
740
127
12498
49
32
5321
7111
3087
5218
132
47
187
1036
35
2483
306
6551
15662
909
7672
2751
11015
13662
5910
4051
32
2083
532
881
85
9
2638
40
5934
134
40
117
2930
729
403
67
11
30030
34
123
3267
35
277
50
1
100
1622
2020
3282
142
3783
2503
88
56
369
1442
1488
224
74
2530
2154
403
3577
3099
74
5376
41
959
2430
5636
483
291
105
26
5617
15666
12
1207
494
83
2031
11724
1865
53
3074
14
748
3271
305
189
46
152
131
28
1
354
56
570
1104
152
2940
1648
41584
16830
2547
27
2975
4720
7648
353
38
27
4
437
9
404
94
233
6537
681
216
18006
77
6180
114
445
262
4107
373
5775
527
150
3929
123
246
341
1134
1831
5
259
67
137
319
1389
496
24331
68
39
236
31
46
421
57
30
311
906
250
194
17107
30
2780
1757
783
1602
912
71
74
1123
19
3559
71
3512
3156
2830
3663
6711
78
2799
6554
126
30463
29
2091
1240
616
5171
6393
740
32
7625
325
5766
6659
96
72
1344
108
10403
64
28
37
168
4074
10
3
1343
1326
1
482
700
5369
6104
1
462
75
14
5036
228
584
1113
671
53
19
7
70
141
6453
18
415
2095
230
1075
437
475
3371
408
149
44
51
2025
4261
177
1998
594
4266
2264
72
185
216
157
524
91
88
116
168
35
117
122
211
784
27
4089
68
47
48
371
580
64
508
3
589
282
1451
3988
17
3221
48
13560
2101
137
3649
6307
18
13092
416
13
3429
32
18
3893
6470
4936
616
59
998
2806
2761
19574
6890
3766
2583
3321
1241
499
202
261
2265
91
2899
567
63
261
1496
2272
8833
5103
1518
295
228
2796
1981
3
9389
38
2085
795
5
1
74
2068
10026
47
267
43
904
221
462
317
13358
156
1922
113
200
4738
299
487
2839
276
113
71
259
1323
108
13
87
2295
9266
6247
6375
48
9653
3
16269
102
52
146
118
254
15
49
1712
14
125
21
1582
210
4347
97
141
1773
4244
28
78
9807
3224
181
736
4218
1304
3508
153
984
32
373
36
921
64
47
4010
262
540
183
10225
30380
44
4206
227
386
77
7014
4110
236
7776
357
9707
152
23
1219
137
7007
18936
75
1301
4593
185
545
598
1238
1435
77
14247
14732
11466
3563
1778
11669
292
2922
1531
4351
298
6250
124
951
541
234
115
4402
1759
221
3714
198
2316
1689
17
2390
42
8585
5249
13
29
53
90
55
394
560
4564
44
3584
1
2104
3
16
36
762
2861
40
119
2481
106
648
936
362
2494
9
105
10237
415
552
28
8665
15
1728
151
1183
2738
1946
10247
20
335
21
269
1250
27
75
5216
349
17
23
1640
295
476
37
131
2612
14133
153
591
1212
2
533
101
494
375
6907
15250
79
4
74
37
1540
510
50
21
65
89
143
267
198
6273
2604
45
945
4324
5023
107
65
1
346
594
636
100
4
918
5351
2842
1999
151
347
2539
9
1158
49
2780
59
46
47
598
984
3638
14044
3601
86
150
21843
10658
335
160
113
250
104
886
7190
490
99
190
35021
6149
1996
164
110
178
246
242
571
1836
31
28
403
5042
161
67
1700
37
11
2033
5586
4344
102
1817
3391
3996
1418
88
703
4944
9320
162
1733
226
8224
18777
18097
608
5463
1134
259
832
110
85
304
2761
22036
58
1990
86
3560
2943
342
3106
1847
231
2326
45
18
19
5867
168
162
122
2327
2187
728
6
4689
293
27
87
31
8
49
2109
263
5388
347
115
978
128
19
15
166
1
35
103
17
16
6114
3907
64
231
2402
748
83
5555
1715
22
1474
33
5136
14
10281
777
497
3056
1392
435
658
219
35
1791
96
22
497
1625
2553
77
287
5127
8127
23
3178
73
353
921
5192
4092
473
6241
5515
134
208
965
3936
289
1649
4119
760
76
3
490
1
785
113
38
1351
2720
120
2738
41
1
15433
6555
107
645
23
15
15
34
12379
128
429
4088
213
2435
67
3727
59
4287
64
5562
82
163
8501
140
5064
142
3944
65
6776
971
1429
312
6249
1355
1443
1356
467
776
1119
7430
1688
5573
1646
264
182
70
4
249
1469
177
225
268
35
3423
82
266
73
2505
664
812
433
1271
289
15126
3684
44
5271
22
7996
731
85
25
90
4679
22
109
118
8762
57
206
13
30
458
19
4168
561
297
82
1468
17980
44
4091
35
635
154
13
66
1015
7737
2588
852
2174
3932
111
11789
5941
179
3416
19
4264
126
29
13
2965
8599
1326
23
58
1699
140
1
201
124
7
87
25
2060
5272
21171
2215
2762
7980
89
5261
43
10615
51
16666
10
255
109
27
3449
210
8884
7338
364
8610
4
697
1479
163
5103
14405
67
96
77
59
20
182
1284
296
30155
293
5769
77
3298
100
1925
340
111
100
46
1
3
141
171
5162
229
477
7544
13092
105
440
15
6758
196
11018
5133
2356
10080
29
52
2052
261
9382
187
135
17
63
3476
175
147
23
7765
37
136
1625
9447
2160
43
25
3758
91
2700
21
1
397
442
116
39
3983
7137
66
32
40
176
5031
6629
1410
4445
189
80
218
54
5
23082
301
4804
1815
80
14
858
126
31
128
45
3658
9588
4091
406
1
4561
323
850
554
8325
1085
33
72
22
1
98
27
3994
1301
50
5840
1079
147
32
20
53
16
1137
809
397
798
14
3
304
406
457
1683
25
4674
10188
190
1970
2767
15
194
170
126
761
206
51
116
41
627
30
64
1546
325
537
3194
13911
5977
85
5446
4695
3933
8530
2103
318
9313
24
643
237
235
6468
84
2796
21168
10916
5147
23
4266
103
84
1441
679
333
115
4595
7642
65
138
3008
379
255
5992
4596
5739
76
74
130
250
305
570
1009
72
111
82
6122
162
747
124
120
302
5269
11115
717
6950
823
47
22840
223
7859
45
170
2365
15486
2199
16
114
1342
181
4561
1064
46
3095
3211
15
5005
4585
6244
4361
1291
35
3056
214
404
12752
3580
43
289
481
124
105
14
710
212
13
42
74
2517
628
2263
59
73
192
9
8
2743
292
179
54
9617
545
4610
100
8485
244
272
354
92
344
116
61
100
5605
5
763
7723
1561
1672
2325
1356
13738
139
346
31
5233
1364
135
7226
5912
3669
4079
21
567
10405
3946
428
292
3811
1265
11
661
34
309
40
5045
600
3014
4180
242
122
38
1878
81
3828
8438
531
4264
291
27358
19
1
105
154
57
10176
4542
4537
94
321
6143
331
822
475
20
485
2116
39
3559
1668
6
59
402
5316
48
102
119
480
5719
144
127
588
3327
35
71
38
82
231
32
27
54
817
4480
58
126
9791
61
4774
1294
1429
7306
256
56
81
245
705
16
1199
123
18
18
96
66
151
2368
8439
224
875
16
86
704
738
429
6754
52
11
5056
160
2059
36
4389
29
34
39
2528
458
78
2615
132
218
921
3198
596
20075
290
485
19288
501
1347
126
122
4754
172
417
79
36
6089
17
3920
136
5533
91
1148
96
337
134
1
510
78
4047
4407
139
3353
1270
777
21
303
392
6
192
358
32140
194
6228
10081
5
686
153
7631
316
3010
39
4348
240
9798
9975
163
74
90
2731
6321
197
79
85
12134
26
581
3895
4282
29
650
2138
24
532
2876
36
660
6730
1034
54
165
1861
178
6871
3810
2585
15389
2412
118
2829
136
2013
459
25
3818
122
956
4409
226
2857
3196
2748
793
1763
2924
152
58
4422
1619
4777
89
131
32
18
7829
27
384
101
4050
143
98
15890
58
354
22
21
9171
45
1081
133
2386
86
5009
139
16
85
451
258
520
1235
106
133
77
1817
162
9823
2322
333
238
3826
61
134
660
169
39
91
2044
59
6084
13161
6538
70
553
532
5440
61
4281
41
120
69
4705
977
866
24
672
31
3739
23
108
25
1502
497
6398
9
155
3674
271
12152
133
1
671
326
761
184
48
21
945
20517
1605
209
5873
854
496
2492
118
1280
1895
1369
69
42
20537
1152
441
1381
17
17
100
853
2429
30887
6020
1
787
157
3314
423
218
65
36
7201
418
98
90
296
217
28
129
1057
235
3
244
8235
25
3366
5854
134
1956
125
46
2955
21
691
21
85
1146
136
7400
234
17
111
1783
23
1106
1943
51
1415
162
364
10
350
50
26
321
430
6046
102
57
105
983
463
42
853
275
6
82
1774
98
33
12039
38
2417
4548
61
68
15446
4089
1653
1104
1221
19
125
1257
31
308
2421
39
2182
1095
28
3
28
653
266
1875
105
5710
42
10629
2177
5065
243
153
75
963
52
8616
1195
602
265
1180
32
39
95
25
243
14
1150
39
733
852
552
158
14
4506
37
192
91
2261
533
22
8055
7683
69
3024
18038
77
9271
151
319
13
7226
9381
353
36
807
221
15
444
2254
22089
6718
480
15
9219
423
319
35
993
2983
2856
2186
35
7997
7767
13
722
73
7523
456
1445
8544
40
337
4238
120
35
1770
53
1434
121
459
203
1496
6243
17
24
437
2988
27
303
2087
3057
974
1944
1041
1973
886
19647
14532
203
112
2052
91
163
278
914
553
162
78
262
1305
960
1152
24080
376
9741
48
20
40
599
1593
717
74
15191
1019
157
148
24
114
104
6085
2884
358
52
48
13048
16
507
79
1108
42
682
3262
34
10996
36
40
56
3918
133
197
2237
199
2216
38
942
54
4
695
100
33
186
11477
70
683
121
96
52
7228
67
161
254
309
22
110
117
68
4093
1
9660
24
27
4717
4683
57
209
2827
988
639
349
1473
14
10782
45
395
2502
68
622
778
46
353
22
6139
22
94
168
59
687
86
775
594
131
92
2945
1510
142
764
328
113
2801
1504
80
5496
1943
610
245
40
10580
1510
6871
108
14786
55
3230
2435
2362
20
2903
33
70
494
361
42
1577
8255
699
3311
144
142
90
4827
10
1
48
81
243
7789
394
618
1771
101
2078
207
141
789
16
948
293
6
37
3275
172
780
254
217
9600
19
64
262
93
11
64
221
1977
720
1688
1696
83
2019
6516
4229
6046
2096
3192
168
26
690
34
31
1339
730
3892
3664
513
69
958
2
490
4453
204
815
1
329
1419
5163
492
423
358
64
39
201
521
51
6203
286
16
17
1
153
6397
63
161
772
5464
95
7145
67
137
52
31
27
7019
13
141
28
2181
4153
2784
7403
2042
117
6259
3337
1508
3602
2576
429
30
1701
3804
384
55
694
699
2352
5096
146
9316
344
526
2108
79
1908
17
15400
47
53
174
2892
73
254
5447
1458
452
1
266
10
2794
291
1709
715
1549
1109
2766
2
1144
87
2
13
2166
89
827
1345
60
5
19
99
185
1131
255
7989
516
510
3020
812
9
3373
84
45
140
133
14225
15020
507
5645
22552
104
626
162
3808
128
6313
12150
1
1
528
280
1566
14647
458
975
595
2363
216
365
7669
14411
3
1028
2519
20
22736
7
1
6894
3488
17
73
203
4946
8053
61
302
21
6270
54
168
283
199
36
9654
85
1655
182
55
16
23
309
2766
330
18
19
16
949
103
376
1356
21549
55
4297
14
920
159
10
62
316
2149
80
8768
1844
3022
430
140
221
43
574
2647
237
932
231
74
448
835
1274
143
989
4955
17
20968
72
1494
164
7757
18
982
27
145
177
28
173
2951
11810
5535
3158
906
5092
41
692
23
26
623
534
2739
1310
89
21
1209
18
413
26
3347
5918
590
29
41
109
4821
225
1459
1315
82
1415
1154
96
41
310
613
3594
53
204
1493
9929
40
941
1004
1284
1454
7124
846
5124
37
161
5812
134
225
37
45
50
69
224
5691
141
2738
228
51
391
42
322
117
2130
348
3771
478
372
1254
1938
292
5021
86
2021
12
2076
2880
1206
3555
1908
951
187
141
75
1
4247
913
112
137
27346
1746
196
3466
54
18
11574
1844
12001
8476
141
67
437
172
907
10722
2263
7781
8
38
1256
297
2380
46
13464
920
6110
7432
212
97
7592
676
19605
256
2749
3307
31
63
499
5148
168
2013
95
6915
7
20
120
9227
6737
892
2302
232
464
379
117
256
139
190
117
66
40
6576
147
81
5755
216
576
11020
1167
47
93
18
15
576
170
1049
80
95
390
677
585
215
512
5854
681
4986
13825
199
1
37
112
2657
153
3693
127
2
2860
175
46
177
365
874
5835
52
1890
2781
6831
508
1256
108
1658
567
2144
118
656
67
183
1102
95
16
21346
453
87
46
3158
476
61
454
5393
163
24
470
9948
650
16
70
4002
619
3234
765
11567
6884
696
4512
44
259
794
61
7
16
49
22
12
2143
29
32
624
194
6976
161
105
1568
27
6605
11
2927
20
279
111
1347
25
558
26
876
2596
1063
91
1606
102
1774
3957
1553
42
670
1513
5259
197
4279
172
352
4677
8944
119
18
100
18
7697
12
38
216
131
9642
1354
2129
2048
353
10372
15714
18
662
1422
70
37
973
7293
54
99
266
18
1165
34
74
38
4123
50
5332
4120
130
686
84
1929
85
4348
1166
7761
589
18210
1627
253
176
33
67
101
16
3029
3515
22
6
319
15
18299
600
15474
528
442
3332
5275
6407
5944
5976
48
2808
5080
61
10182
1652
87
78
2795
20
4351
338
738
284
185
166
812
6448
7279
1424
3531
212
166
2839
192
2122
183
1483
4781
357
381
33
1561
31
50
2673
228
635
539
7985
1454
10769
29
1222
13
7075
7
13009
382
7424
2
7577
541
505
10242
6931
291
3400
28
120
217
15
163
7836
32
178
12
11052
138
10339
1620
36
2818
4481
7331
1025
1564
34482
3733
27
30
841
68
3428
2542
1059
51
156
8881
675
1294
13951
4632
86
248
997
5365
1
1297
12700
14526
121
482
42
620
108
17
2369
3825
210
3341
44
715
1
38
315
5479
7994
427
343
7446
2604
3
163
796
42
9775
9955
5329
674
239
2004
198
1110
39
8971
63
1123
3446
804
1882
144
14
11425
60
2990
45
1257
104
1189
4524
175
5078
52
1219
1011
9481
310
671
2288
414
1076
15
1
81
6369
10011
68
472
308
2933
1958
47
64
2800
170
621
162
4013
7017
6281
156
793
2855
56
38
130
2008
348
2463
912
11
1106
1101
6318
22511
6602
2724
1050
3055
8
41
7
4643
15
44
234
78
3733
84
24
3982
1393
218
25
93
1636
9595
326
10149
1444
113
4536
814
8811
3656
1577
445
52
6365
465
104
3571
9416
166
336
66
23
6258
209
18120
28
191
7769
13856
225
641
4269
4995
2781
8183
11959
173
35
53
23
50
56
1396
30
6822
545
110
1081
7775
49
48
119
25
175
9
1
6105
130
290
2837
223
443
62
44
24
11
1398
21
4643
5380
66
570
7456
58
547
3972
3440
359
20
148
95
16
1751
2856
8
83
8098
164
26
4485
45
239
232
34
122
434
109
5
980
3365
84
10
6811
1589
6
382
988
86
618
218
3812
246
943
122
136
149
26
1086
166
352
387
73
1189
1109
239
3816
101
2368
15
687
175
154
153
12877
82
185
2905
35
59
50
17
344
19
37
7
8734
1
37
41
23
99
48
8211
77
75
75
7450
1101
6145
4505
4001
9280
14038
932
67
1646
2879
2646
1729
6187
1426
3453
257
30186
3498
965
1657
54
41
96
1
5131
99
162
107
400
148
136
15
2485
4225
532
1297
12
3504
409
877
98
177
406
98
95
