54
42
21
5
16
2
11
18
14
7
40
136
9
5
4
28
362
94
3
7
130
1
5
5
10
9
19
7
21
52
129
25
34
159
52
8
36
30
7
212
9
1
30
70
7
1072
1
225
73
3
11
51
3
1
4
48
6
13
225
416
86
62
28
5
225
33
14
12
326
585
13
1
139
845
2
3
10
1105
6
41
7
89
183
16
1
10
1
1
8
41
102
26
428
44
6
439
64
49
21
6
2
119
92
3
16
9
7
18
14
22
35
12
109
69
41
13
9
39
111
1
278
18
2608
63
37
60
6
13
40
4
139
96
18
1
40
129
1
77
11
28
44
596
337
148
198
4
1
4
99
122
234
13
107
660
3
7
11
197
17
159
353
9
4
501
346
1
3
10
12
10
3159
40
505
30
9
1
13
1
5
340
730
224
44
26
1
40
36
14
31
1223
168
137
419
14
14
19
26
14
2
7
7
723
57
7
1005
3
11
505
2
766
75
3
283
302
1
885
175
822
124
6
3
1
8
9
1
25
2
156
3
263
374
29
46
395
7
5
1302
4232
137
172
2345
896
15
3
75
15
8
15
90
10
7
9
1
53
18
63
92
15
287
1887
27
16
12
1
14
7
15
22
88
635
962
803
4
94
338
977
7
2
17
204
9
5
531
2529
137
15
55
3
22
72
226
4
1
101
2
560
19
242
1
454
691
2
310
223
17
120
159
8
281
28
4
1
28
15
1
1000
8
76
29
24
856
19
394
343
217
1190
413
384
43
10
10
40
6
117
7
4
88
287
896
22
36
15
22
92
16
48
36
1
10
735
79
3
163
253
569
168
704
2
5
3
104
12
24
72
6
2
34
10
31
1
11
157
89
44
10
196
41
92
1
1
29
23
1
35
7
19
44
748
6
9
4
43
8
61
45
2
5
219
3
4
1
7
1
2
19
225
283
1
15
16
1
246
1
5
18
3
45
61
4
9
783
6
755
6
24
3
180
8
2
25
7
8
7
14
93
36
4
27
2
12
64
35
8
133
3
4
160
13
15
807
1706
7
1
4
70
5
9
4
10
1
7
6
1
80
106
14
1
1
35
1
45
23
1
25
283
30
40
1
105
1
1
4
4
13
2
72
5
