771
32
189
96
2
199
219
3
632
190
8
622
274
86
1
46
268
1691
507
8
3
6
150
728
128
1009
329
1813
46
1909
127
690
946
148
1429
249
846
434
27
268
541
170
466
7
285
200
16
89
210
426
1563
2
134
330
1052
875
86
757
1
132
504
107
899
8
79
22
4262
73
1727
260
361
55
35
196
121
124
855
3
75
72
943
3
4
47
65
230
575
1342
218
62
1
32
4
818
58
1
1302
1431
2
339
18
5
471
169
111
83
515
86
188
80
969
733
1737
596
33
40
111
2926
825
1
35
1
200
3211
53
725
334
260
1
390
1
139
1
1
216
32
1
542
238
261
998
1729
2181
73
194
1560
180
482
91
80
667
16
140
7
91
741
1
89
8
246
1
767
80
13
1
69
1452
4
836
1089
102
21
2
541
729
818
2846
40
627
13
86
15
3183
59
204
40
17
1
401
418
1
1
15
1
1
1
422
7
166
140
1
20
317
842
68
1041
1423
417
1
84
8
6
1
146
301
116
440
7
2443
246
48
3714
79
553
765
128
1
173
602
623
1
4
4396
822
1512
93
5
1
269
66
1037
161
204
278
720
35
1
1040
1391
103
762
330
3067
99
743
1885
64
272
98
34
141
806
102
174
2
108
18
1
76
211
1248
108
1
992
75
249
33
425
35
55
143
575
195
440
16
23
67
50
127
1
60
645
29
379
295
255
279
8
556
1
782
1
140
572
633
584
1183
107
40
1239
587
889
91
41
226
287
1
19
51
62
165
21
796
1
146
281
34
486
1
59
72
83
701
189
340
1
562
221
241
1
150
179
37
1
52
309
260
138
124
1
208
87
18
1173
1684
16
13
6
81
1247
1168
523
15
545
2093
378
42
450
167
2
217
459
1
61
497
10
47
2197
2
185
23
628
1
1
38
2
92
41
1640
1
21
489
250
28
59
28
189
1353
432
148
227
460
747
101
9
219
390
351
1035
434
1049
73
114
877
3643
85
219
98
1055
12
36
1
1134
479
16
1
1579
1
7
1
105
1
2152
3
65
1651
56
68
45
588
37
39
63
22
424
708
758
51
1
126
1610
418
3359
38
1
1
425
20
1
121
88
41
175
184
110
1421
5
32
571
63
501
1113
1
43
1883
90
93
3640
1543
734
2
1
862
622
18
9
4
160
210
21
196
6
44
47
1
82
30
1
2
9
46
905
761
3608
1109
260
358
185
153
23
40
3313
323
2388
7
7
168
1
26
44
3
416
822
205
1
57
444
31
19
856
23
256
43
77
5
144
489
7
4603
16
222
204
33
777
146
425
157
145
71
432
122
48
69
1
926
65
146
285
260
49
64
173
900
1440
1
7
1143
1
712
774
1500
24
406
2435
14
68
813
56
3
337
85
2
335
373
1186
1632
3
169
161
26
1
85
84
855
342
349
706
35
379
28
6
1095
335
339
22
3
9
1
210
2
395
37
59
381
4
1
946
519
39
141
61
142
3
1
10
51
227
198
2333
23
18
159
699
656
431
113
18
16
14
104
297
3
138
162
1
1550
726
159
814
16
1
14
84
27
126
185
98
20
66
95
6
271
7
76
35
1088
132
276
178
64
1
39
79
16
86
1460
65
230
1
94
165
285
857
1
87
50
1168
155
1
48
4
3
20
2
128
523
28
92
10
793
223
263
78
375
6
8
23
504
139
180
19
1
2714
41
181
1
385
101
1
132
335
182
620
45
25
15
58
133
2
22
272
1269
37
453
39
39
362
1598
91
1
205
1026
154
2523
143
111
1
1
87
3
1
79
1
189
416
4
1
146
64
331
71
1
664
1
26
1
1
192
69
32
1
99
28
17
10
12
1
2
1
50
937
1
52
1
14
1
280
275
12
2466
18
762
1883
604
14
11
355
1
2414
2540
1909
1149
31
36
17
721
101
18
28
1
4
756
52
13
952
553
5625
1576
216
92
612
10
7
75
52
7
540
1955
297
17
5
2
797
1
335
5
143
1033
1
418
97
1149
431
1
8
212
20
69
511
161
51
126
319
251
19
308
3
601
1
260
556
47
1845
72
19
9
142
142
444
264
736
535
1
60
517
76
425
111
596
12
66
1
3
458
1573
1210
136
27
2
108
12
404
26
69
74
2
199
2
27
5
150
1
137
143
497
811
984
468
34
224
141
1231
208
599
36
743
715
89
259
22
159
398
198
981
1403
127
255
1389
414
286
2793
549
47
215
468
1467
1
98
48
1950
31
545
18
381
1255
815
49
17
723
228
80
5
223
4
75
16
153
5
50
135
454
86
523
980
208
110
1
151
30
182
1
2
35
16
264
6
408
379
588
96
5
24
3324
1505
1
1
2606
2
1
176
152
20
284
1146
257
1403
1312
388
7
308
1446
385
1
17
46
939
108
272
4
1
1
21
232
382
99
1040
10
50
2
155
26
164
54
92
667
71
1
26
1
64
133
2400
33
1
1775
137
394
2360
206
449
437
28
28
9
654
2125
168
1153
1
907
8
174
177
8
249
6
1
1820
1362
167
40
29
332
49
16
27
300
286
8
1
107
168
1196
750
2
11
153
1076
11
60
2515
1
1396
8
1422
1235
181
66
97
152
5
125
11
271
493
108
1
15
130
1
796
64
1
1
103
24
2564
109
785
414
112
32
328
129
3
173
114
37
1
720
37
1
286
86
78
20
79
27
2
384
46
126
64
636
79
672
1
53
861
1
80
15464
1907
68
61
11
206
4
7
896
4
2
214
128
138
365
103
11
991
8
459
418
1063
268
1083
229
92
434
339
3
704
176
361
1
61
173
20
21
72
141
1
28
126
14
1018
4
2019
232
10
18
164
2
52
4899
1910
1
314
32
50
3
682
977
1274
135
16
1294
46
712
159
1079
488
27
16
346
15
4
132
1403
1
10
735
144
277
1
187
10
1695
196
1
439
804
166
144
3
39
403
56
43
25
734
578
7
51
4
83
601
1
27
776
171
591
266
29
835
1
1837
52
20
24
39
66
20
162
1
4
139
98
106
44
108
1
21
134
5
1156
210
1
21
313
96
436
134
96
70
17
495
59
263
18
1
660
405
1
226
1
1
686
3
42
48
173
1
341
197
1
60
111
2019
22
252
294
381
43
145
19
387
66
58
173
547
1
756
108
4609
26
25
2
1
1
16
2
101
40
128
372
2
25
284
187
19
64
319
2
4
3
52
431
26
11
2
1
2
68
143
40
1251
1
20
779
102
128
6
930
137
1016
318
7
277
1
410
1060
348
144
672
158
1
1
148
23
932
162
4
189
52
289
22
1
16
21
83
50
857
63
1
131
178
1
284
1109
1
159
1199
21
8
1
120
134
1
154
233
1208
23
1101
19
508
66
96
783
1
147
103
144
1
45
3
133
6
10
1
1135
196
1089
16
879
864
149
427
8
116
103
521
3509
1
1
1
34
16
129
1
613
19
171
12
1
91
106
119
1
16
433
21
85
1
56
311
69
13
82
627
112
349
330
194
99
111
4
568
270
14
1
4
1
7
1551
131
422
49
1
13
31
39
123
338
1
73
1
13
3
365
1
1
1
34
20
1
883
73
1
2
162
541
97
353
555
1
826
67
13
53
19
14
348
66
1173
73
2
301
466
285
963
1058
467
3
52
72
43
1
12
22
1
1
40
1
1496
1407
57
2
12
2
5
36
181
376
778
122
18
928
170
13
2
347
1847
381
55
25
1
1
75
39
146
168
135
24
25
174
23
70
1
13
274
250
1
177
395
