148
249
848
34
76
21
299
51
62
216
755
4
133
14
97
141
68
37
34
71
501
53
73
134
77
7
223
288
12
145
500
87
227
794
86
210
75
5
305
836
145
319
20
44
663
156
280
690
30
15
1183
13
72
15
268
266
61
444
77
49
29
27
385
12
9
218
19
22
74
4
157
81
276
152
35
101
446
40
187
5
368
595
389
205
21
750
149
320
30
99
13
96
62
462
149
212
72
43
208
262
81
87
13
1
47
21
36
36
141
142
601
171
875
1557
135
16
125
146
155
18
303
22
2
4
140
2218
30
66
538
540
699
1338
846
36
1302
142
1
48
75
59
107
207
752
68
37
57
1123
539
50
201
24
150
691
34
820
30
67
33
44
27
16
77
6
124
456
15
308
321
49
82
75
6
227
82
187
21
314
137
54
6
35
17
1244
141
220
193
20
456
102
278
601
261
59
176
314
63
45
515
123
123
872
156
619
43
351
190
53
22
5
135
63
12
295
115
281
4
6
51
758
12
199
9
31
57
1
316
62
184
156
23
439
563
615
141
283
84
363
277
83
411
9
261
29
2102
395
27
175
21
288
135
56
167
305
68
250
161
667
107
147
16
511
171
256
56
361
7
40
6
10
126
313
384
1575
680
3
21
5
94
41
8
9
71
489
7
271
8
13
250
153
14
163
377
16
415
89
424
1087
254
850
160
613
251
921
310
143
145
159
135
743
129
276
135
1029
1238
188
136
10
596
573
289
152
135
575
289
156
916
6
45
937
580
489
41
13
154
31
285
94
54
42
1019
506
6
1340
19
129
202
544
27
15
57
125
62
146
2
20
106
2518
16
45
562
1
280
23
582
412
475
30
12
42
118
316
78
39
7
502
1
35
176
8
40
379
1146
154
56
431
51
1
49
53
51
140
275
409
153
39
375
619
167
76
13
71
141
40
259
149
421
42
225
179
259
257
86
36
108
33
9
6
272
1748
31
124
136
216
161
137
176
12
221
36
20
12
1
59
291
15
69
9
639
64
925
207
140
161
60
147
692
110
209
136
123
183
24
586
129
146
125
94
14
170
266
165
590
311
2
27
121
283
365
52
33
784
468
44
279
104
261
132
177
253
29
10
321
710
128
939
274
90
774
94
7
164
185
45
387
38
20
163
16
60
424
13
256
176
130
164
99
262
37
254
5
286
203
8
380
22
208
265
50
696
152
124
48
141
147
135
211
1365
166
8
523
77
270
534
16
21
290
357
223
19
127
45
315
1
479
95
34
123
23
21
18
21
644
22
90
11
26
21
312
87
128
1787
203
8
18
52
310
101
164
43
6
432
932
747
323
225
291
15
518
8
227
21
3
6
9
130
4234
10
310
414
67
15
520
18
167
66
185
694
6
217
18
7
177
110
86
1131
276
376
469
29
388
137
135
36
189
144
78
25
1965
19
612
224
146
459
470
135
167
892
530
57
399
170
19
310
6
168
631
244
157
1361
99
129
155
950
63
145
284
211
486
45
228
571
268
34
149
297
3
146
453
1091
176
694
26
226
203
13
270
13
10
39
62
594
5
57
15
20
276
24
135
407
69
476
348
827
410
32
386
6
218
140
218
97
135
8
338
145
143
550
78
1145
231
1017
1123
16
166
188
190
128
14
318
292
3
585
1
257
149
142
44
16
122
57
212
86
251
60
13
216
305
143
343
531
349
207
141
447
290
287
191
134
47
28
135
528
295
15
196
25
822
23
597
206
657
177
121
53
306
1403
50
669
518
20
132
154
136
86
232
7
1814
215
628
140
25
46
59
768
268
137
21
144
37
3
40
132
151
22
528
298
20
212
155
52
87
759
417
1709
426
698
554
152
137
129
152
152
252
138
61
149
164
136
252
207
135
146
141
258
362
175
135
108
141
198
277
8
17
41
103
54
16
23
675
714
107
44
138
6
129
161
36
21
47
21
472
61
45
149
137
51
204
424
122
85
24
574
25
84
14
14
481
198
133
140
9
634
717
275
152
200
2
54
71
47
155
285
1461
9
89
453
31
262
41
284
65
143
16
7
932
313
3
7
20
16
143
9
309
19
133
281
21
525
8
227
634
44
114
30
36
107
141
135
508
441
139
742
258
142
145
156
435
467
155
142
140
63
397
138
144
677
602
127
153
172
55
182
366
612
71
732
486
204
527
138
128
244
78
131
1
9
257
33
311
142
395
147
137
178
143
260
1066
136
227
