184
1
135
152
115
10
15
300
1
74
10
38
14
776
36
101
10
4
57
43
35
5
9
6
171
7
24
86
222
7
6
19
12
2
14
10
64
312
13
142
81
6
161
28
15
17
91
25
83
595
35
224
38
1
30
45
748
63
175
78
1
2
46
144
61
36
126
8
1
171
261
29
360
9
8
16
9
142
20
27
44
11
6
73
16
95
127
8
19
93
23
95
29
25
117
142
1662
410
1
117
225
695
119
124
211
34
441
607
210
735
95
214
16
65
22
21
124
1161
16
49
14
10
32
73
1237
20
1422
1
4
24
8
11
43
19
59
74
11
60
17
220
9
138
28
6
11
13
823
43
213
33
237
22
12
19
25
4
92
11
5
344
64
34
6
4
57
6
256
26
11
2
459
5
75
20
847
1
44
35
286
216
218
99
5
35
7
9
228
8
51
26
153
720
8
12
636
9
10
47
48
170
11
17
9
21
9
10
13
3
644
10
7
13
37
53
147
58
33
26
226
278
43
11
15
96
552
3
18
897
102
46
23
23
1
7
60
10
26
28
364
26
145
63
9
198
284
165
36
1
4
16
399
364
1
139
9
33
35
721
1
28
2
104
18
12
9
7
206
188
21
215
192
341
9
2
23
338
36
15
1
254
226
45
64
90
1
23
1518
115
81
412
7
159
91
26
484
215
72
210
59
59
17
21
23
66
8
40
54
183
22
719
10
84
25
8
16
77
187
20
1
9
232
1
84
9
227
74
132
5
13
13
60
218
3
10
1
19
40
402
7
6
4
23
1
40
3
36
9
33
23
232
69
154
295
2
