2149
875
287
3249
368
2346
22
32
291
41
190
4
170
358
38
21150
244
17
96
411
374
8936
57
1365
4587
90
2018
66
10
3067
529
232
5169
6815
2062
18
809
833
202
12584
17
992
5
9662
542
6
700
2041
1566
700
97
122
18
3086
3425
6
1092
1112
316
1
8043
138
1809
4475
115
5675
3369
322
10002
25
5269
566
1
491
1431
53
904
3375
1185
744
1649
40
255
9
1
2072
21622
1124
24
258
1592
170
3984
1623
819
1318
96
4649
2528
1290
3819
4250
309
9568
4720
41
483
1326
198
68
1019
1898
9
372
60
4
1761
50
11464
6029
1859
1
1011
2668
117
10478
68
10642
22
5
261
554
1655
1779
831
8
80
14
246
3551
132
868
1212
37
2043
41
93
909
389
160
3272
7
6726
854
2221
1626
110
13
1178
7280
547
578
32
117
11
5
1130
4
324
730
2407
1464
40
87
54
4517
1516
1376
39
22
283
37
242
138
11
723
2855
134
14
319
1442
521
17
902
202
1
1
92
1203
400
1003
1545
191
9664
22
457
3
296
3820
134
281
655
40
187
52
25
1309
1579
497
1722
175
909
925
158
319
70
184
415
1123
793
6965
62
1513
911
6
710
68
24
6871
1763
15
3484
11520
18373
3335
8637
1476
6390
82
38
1937
1777
1579
52
1145
3413
243
81
62
181
1746
2693
404
3244
1188
3108
86
1499
647
25
4
390
17
1405
15948
1955
786
330
1905
1108
3542
3148
598
5092
1350
600
2077
755
84
525
20
519
70
58
1197
513
1251
166
184
246
238
839
119
698
20
105
686
2378
24
3444
78
201
86
1
491
14
1679
1192
118
427
954
312
80
102
10
111
1245
21
1
2650
183
51
1615
18
464
183
142
1
31
76
992
3527
6949
3
210
326
5
1371
3041
3144
20
89
2805
1525
2322
2568
10868
2213
16
6
3
1684
233
549
5635
464
1483
67
4268
211
1640
6
993
372
29236
1706
1092
2010
735
4441
697
405
2548
10131
1552
851
665
149
99
3108
352
2737
16122
625
649
403
828
3532
142
1516
346
288
3693
1929
2099
4258
273
33
1611
4090
9
3
2244
1213
391
1417
46
1866
7381
1791
106
2196
196
530
264
1912
195
22
4219
2561
2629
1507
4403
1056
2177
1416
455
375
657
228
245
112
1321
103
232
89
610
265
1660
2303
5343
1354
97
3
454
15
689
2948
429
4173
3229
23
20
1847
500
207
1889
1738
337
242
89
2050
367
230
215
284
1786
439
684
5423
19
194
2174
4793
2
3444
5470
225
1219
6746
3603
251
1743
142
964
95
3072
951
2534
994
56
29
276
1856
442
61
524
59
5688
1583
180
778
2027
3323
10529
168
3091
5150
34
167
66
105
1155
7490
84
12415
3646
6252
2523
1522
796
111
1182
17
68
67
515
5506
157
992
1641
10968
3946
176
221
20
9
665
4627
1555
826
4
304
15740
258
60
2071
3769
363
259
1244
70
104
170
1092
527
116
4955
66
116
3165
430
9296
3217
1387
25
81
1000
1377
6288
549
2853
2660
3400
55
250
6119
1899
8880
602
870
763
6
2468
2012
2732
2578
5222
1205
112
2348
1481
167
331
771
32
1424
11803
690
692
13
2049
1087
4
3825
2203
1620
2724
4127
2783
2137
284
612
476
1993
977
3753
244
175
1084
3977
346
53
20
356
5208
578
730
67
2488
11348
13
50379
55
2
188
4532
9514
4112
206
678
8341
51
85
113
328
31
5373
69
3323
3241
3048
86
1510
57
1932
2823
2171
104
2354
3834
2050
1691
186
8255
1170
922
101
106
182
118
31
1020
138
27
2313
2034
7
2128
5599
2499
1591
3515
1081
7
31
20
3
1906
1262
259
865
31
83
70
140
54
307
144
210
14
122
26
7
1148
312
92
8588
311
81
135
157
20
621
1193
39
19
36
76
128
36
2446
1085
175
291
382
3529
68
167
76
5869
1139
103
397
1273
210
1238
517
91
231
3146
555
3778
706
3002
443
1798
1445
3218
312
4569
7254
1226
2182
676
2994
76
33
1112
479
4128
457
88
37
511
401
39
43
1294
1360
2719
105
421
1584
4190
1190
5960
845
595
734
35
458
3
4
419
215
1
93
28
1705
840
46
11
3218
3996
148
803
35
179
961
41
561
690
89
1818
174
2918
1691
563
149
32
41
197
2123
5082
4321
53
552
328
440
4080
48
21
1105
2783
124
1459
48
9023
103
153
268
2476
1566
1115
287
15
2757
11
1399
122
3510
900
657
548
2292
1856
761
131
520
14
3065
1219
33
133
6739
294
13
185
5636
3206
1780
1112
245
516
1702
1423
2100
137
119
10
4326
51
99
5
20892
17279
4
4478
1051
79
1610
478
1789
211
575
236
1876
39
2361
2990
2269
3138
268
4251
3293
138
1044
9994
2087
4144
8
5427
371
206
370
2337
2889
415
338
3000
63
52
2828
868
1732
797
15
1473
6283
4273
3148
5060
25
642
327
1219
609
406
28
202
327
2321
2204
1
232
9133
1304
11
1433
2353
580
1331
536
70
56
2389
65
6471
599
205
405
1655
2353
1467
3136
8486
1535
349
339
2311
4301
1381
43
8
1796
6721
12
1374
1311
1272
2300
524
830
41
4517
564
1154
145
3332
310
2127
919
3625
2741
6597
1492
325
347
471
1400
795
1278
20
5731
942
36
321
1095
154
276
1017
10
7
146
26
3028
1745
15
4602
49
452
4012
315
130
115
30
400
270
61
1033
5832
3292
6
15
28
763
1899
2651
15850
946
563
3116
2539
616
743
1252
41
411
35
1102
530
2501
171
1231
70
861
521
4034
1085
338
731
3331
2057
24
290
47
588
150
190
1491
2366
801
1676
998
804
85
798
433
231
4886
77
15
1
43408
74
88
237
146
155
93
1994
851
33
17
9
441
20
9566
539
899
4587
1842
408
1241
2683
4502
3041
3785
56
443
4550
5542
153
477
1
12
792
930
1167
7
809
205
726
2334
784
144
515
856
77
627
396
25
104
15
3910
28
798
7
5873
695
43
1702
459
51
1977
105
37
5
625
688
1557
149
32
11
50
1633
1997
16479
225
6
3625
339
4868
971
178
38
8
43
86
2124
3726
2987
1191
85
425
314
453
183
175
37
50
4191
718
3291
240
5011
756
526
1611
1337
664
96
8
8
8
650
408
115
287
124
176
77
1399
16726
102
597
946
3831
90
121
3480
558
239
3242
1764
689
2963
562
2589
143
961
31
949
8884
1307
936
8496
4
34
1385
2531
32683
3694
1830
173
11099
2445
786
473
4169
48
10898
12137
97
6486
3445
92
418
126
2592
1017
1093
159
71
1964
1800
74
63
215
2353
210
3156
426
4244
243
8
1970
103
653
52
312
2355
1630
3384
4582
1070
6578
111
2485
694
1328
1653
843
136
1272
654
581
1262
819
316
871
9695
6589
1265
3068
336
930
16867
2437
977
5313
1652
302
5843
204
3374
42
592
4097
2145
9856
287
11207
2657
36
3247
130
695
1338
1156
19
18
193
2646
5208
2701
15994
385
428
107
202
1865
5675
311
2376
1437
579
170
287
98
363
1751
299
1087
25556
3523
4083
402
167
72
520
289
5983
10852
702
115
38
6372
24
10066
3590
2277
334
394
526
2368
11
3526
56
3415
37
4143
3636
1073
555
2319
61
25
21
1974
124
1366
1226
1019
691
18
140
637
165
1469
998
415
17
2612
1986
1519
1897
258
2501
3531
191
2433
667
2174
7203
104
668
251
1167
727
28
1138
293
163
290
251
1321
944
708
1316
614
138
10669
11
2994
7268
1032
1256
1369
3922
607
16
976
1623
134
1
3095
4696
55
34
437
16
2762
6433
2951
60
1
1349
277
355
2941
270
1540
1461
99
6991
371
345
2139
2588
17
337
40
36
62
856
1858
1262
1551
78
6859
5484
288
25604
3791
12540
21
156
1936
4271
2752
535
1227
4185
1339
3133
670
2610
1615
2441
689
5997
14
2414
2562
6
8809
2288
90
564
92
2939
77
195
2829
1231
7
151
209
7
6
2214
186
3657
165
2017
1622
4125
4840
21239
104
220
1946
5961
1733
6133
111
15
1123
5377
3313
1739
76
807
1076
103
76
3420
217
46
3607
987
87
2096
111
4032
1099
3283
544
1205
1708
432
35
1719
148
45
41
258
687
487
643
20834
713
3386
39
1294
656
3320
16
1440
166
70
2947
2588
141
37
4507
33
733
31
21
14
21
28239
3515
1023
1930
551
93
113
1557
8136
700
396
4289
574
2728
561
73
1600
3714
203
4198
159
1936
17478
1
1029
651
90
9463
66
1182
1699
161
9334
11152
6090
7696
282
146
25
18
1226
176
2711
1375
724
570
3472
7065
9
103
1588
4196
4
47
226
33
1696
467
3120
3480
45
10
1317
1328
72
137
315
279
1
54
632
72
982
260
1
2194
2
151
5622
101
90
7171
6905
1310
23441
131
3209
743
13836
3589
2894
1499
1280
598
2462
33
52
2826
1123
3281
684
2083
4964
1741
141
283
54
313
13
1729
374
1305
2770
4081
1061
25
1947
49
694
29
234
9504
370
717
3884
52
1419
1882
92
1718
27673
898
6025
37
1445
431
1870
2232
5817
3041
93
3838
65
1384
74
3969
936
2164
1072
126
5182
418
59
648
16
3857
491
2175
63
277
21245
1850
2748
41
683
81
9779
247
20
4138
5531
1133
899
1831
67
4794
2634
78
3171
3473
1547
1116
4446
1
3081
462
152
7
4
49032
13
532
21
1272
148
717
842
40
27658
718
323
215
7032
3924
970
605
58
856
2080
980
409
1623
156
2936
196
257
1219
96
3410
573
730
324
6000
171
3790
4284
832
1387
2440
122
1954
2835
371
3
661
1486
3222
11
23
1795
633
4149
10
822
35
84
1737
121
6947
614
397
1580
937
112
4015
17
5344
443
246
840
77
864
624
469
1253
94
8900
3
1475
4532
769
78
3113
3923
8171
1196
1269
207
20
17
3254
1815
528
205
355
114
10
31
110
1121
4
4
2883
1835
1073
1182
390
35
29
243
327
400
2180
1
160
107
1
2819
149
1564
1322
3182
3547
1489
5173
5034
1286
2245
8
28
1052
465
13
528
150
1293
2114
12
2348
224
1774
2791
1379
2592
35
1294
12627
131
648
100
132
97
48
49
327
627
10
4929
614
47
3985
128
8745
48
3716
3326
21144
2497
315
2625
21
2294
60
500
17282
802
210
13712
3789
16
1954
2512
560
928
283
424
214
217
2920
73
1023
4190
3
876
94
168
1
256
76
104
1423
2485
1730
2333
988
1894
2880
1907
9779
92
2924
30
2938
46
109
1149
3136
5215
1352
1016
20
1080
361
15230
571
172
8273
3279
4104
2226
2838
3083
1724
1963
5205
2612
615
249
325
191
2409
15
276
496
3939
113350
126
60
3627
1127
334
1996
2237
34158
1
2
1173
1157
8
3958
10203
656
1
414
6653
94
147
2930
14793
976
1110
13
2664
382
911
5295
91
13
12
5679
271
134
702
31
2630
645
7
1695
974
107
2476
27
13209
6791
3909
7069
656
15425
3172
2881
655
31
3328
7878
3019
62
456
214
1895
592
207
96
6231
63
103
218
245
830
252
2846
3
369
294
1188
16
840
2813
2283
549
2667
2655
1211
213
101
188
210
3084
5
3763
393
415
229
424
233
8
1104
3182
11491
188
10572
1709
362
6770
13160
748
57
262
3658
5641
291
3667
491
1651
149
7707
73
2021
1581
6220
4
280
2401
6708
9888
877
108
2
250
58
317
340
2324
263
1526
1
26105
434
52
918
572
377
183
45
29
4
4536
2562
12055
817
8
18
1290
73
3151
12203
5233
1142
32
1649
230
3026
1542
294
5471
710
85
440
227
57
40
2749
1270
557
5
103
2877
239
4192
48
174
31
9241
197
525
1299
1000
14
3475
1202
192
347
115
1104
200
1199
295
2
521
5235
185
53
1146
2772
293
3915
1184
3319
82
162
3707
44
820
355
22
267
19
1
2000
875
242
436
108
260
163
610
1548
22
23
377
3501
2327
2448
5127
9
52
545
90
8729
97
86
3016
61
397
83
1421
4
477
1238
1
251
2463
706
383
2417
3044
53
143
17
5560
11814
42
7
971
542
119
2857
1006
964
25
3322
1011
113
383
770
1072
110475
117
2364
980
4267
615
1657
136
815
447
972
2676
2899
48
2148
234
1810
692
222
643
758
26
2633
9
27409
2509
34
82
24
314
132
3541
728
126
130
405
2773
429
464
2563
30
2643
25
11
586
16207
1052
14029
1596
3017
1861
96
609
128
1774
146
19
944
379
64
1308
569
1626
2786
772
842
3370
9860
1268
2593
46
537
7031
1946
5182
571
55
9159
10
2861
1139
206
23
864
247
503
1074
3904
488
1445
83
30
2667
117
2640
3081
1047
121
406
130
442
3229
32
2378
7
54
1626
182
2132
2827
1762
1417
108
513
17
1419
2297
8999
1273
5468
505
399
86
300
2162
84
532
155
93
12311
5
99
752
511
956
4986
887
1343
1373
257
9
1066
1666
22177
2561
122
1369
1493
2719
4650
126
23
4780
25807
44
1
350
148
695
92
380
26
1622
6439
10173
213
3580
304
2321
2344
2
8007
437
336
1713
440
914
4
29
1747
423
2931
4587
2524
1066
477
861
8036
745
101
53
135
370
65
38
1139
1914
660
2451
6520
1207
8449
40
3059
2463
4
622
4
61
1414
2579
192
76
1154
1694
1151
365
456
1219
4859
18
1197
2443
3933
776
23852
52
38
114
1593
190
2985
20
508
116
76
2113
97
1326
11
106
2373
137
39455
2961
1661
476
9159
1962
162
6601
10452
27
711
38
1284
8013
620
1201
18983
20
2153
140
2008
5720
1507
157
12
4938
458
14
3012
2833
449
129
2695
7698
74
310
431
428
2243
2390
524
1366
258
85
3908
159
40
4242
4301
2953
1993
282
77
2210
41191
513
21
2926
3071
5
3059
514
64
453
230
3
149
16
708
59
301
1994
1886
993
6744
851
441
216
19
77
31
1628
2121
2858
12503
48
448
1278
838
542
2861
284
877
1486
859
2233
267
37
2026
21
261
1597
175
477
334
14617
27
62
137
117
20808
2867
8
347
2567
404
420
461
35
316
10388
6903
2943
1360
1776
76
193
4328
681
1718
750
128
2501
1857
294
13
3091
3555
6
894
9
482
11104
3032
9441
1537
70
96
202
1427
1202
31
87
959
260
850
3563
134
76
7926
183
370
4767
76
48
105
182
49
3246
504
3751
176
13
3148
12
17
8215
458
11
1560
3845
690
5218
206
1625
3014
200
2056
66
1731
454
680
61
283
40
39
4
27
8
2390
198
61
1184
583
14407
642
38
1752
217
43
1823
279
416
3932
7643
14422
2870
1365
1062
91
3
84
2211
763
31
3934
141
8
7348
1474
72
2957
2833
3574
761
396
12
846
862
7101
528
26
2253
50
26
3052
20
30
1146
2170
97
1511
78
11206
42
1104
1504
8
2513
197
2777
442
8
22085
1464
2586
5
471
1749
3627
285
3733
11986
994
1942
953
167
438
1548
12227
4731
11
18
4447
727
2
450
8
1507
3536
169
86
1675
1733
173
23
3646
1590
222
29
200
861
1491
571
106
381
142
750
63
147
2547
2989
2856
1309
5
5308
1859
830
956
544
834
3111
11
71
331
58
5
773
2066
126
1786
23
2031
56
956
458
3715
13995
1157
616
859
65
47
37
702
1088
2034
439
209
218
2088
1
44
30
1356
1357
437
26
60
117
71
1736
2349
214
2
137
4186
17166
536
8974
1325
948
4510
1148
2079
88
714
1
2395
198
747
11
1486
188
1595
2726
462
1612
365
1246
93
376
1837
5102
326
316
412
369
1032
1899
2185
32
1957
286
81
2514
30
76
653
1539
23
1738
5302
262
171
12299
3858
943
2286
5778
592
5995
755
646
887
800
1974
9869
8
1403
3189
3
3417
4993
25
427
3609
24
6988
3109
1
4
1253
669
823
2006
1459
223
2321
43
6264
1286
319
1289
4429
323
65502
788
45
5
3559
4661
2167
2372
55
233
1350
2700
110
108
28
7212
157
1
3650
4261
295
431
155
213
5705
2353
6162
3258
39
4381
15
1912
3742
2415
91
1035
1488
58
181
568
58
2833
652
23
724
1404
17
7
73
1074
122
78
264
1
2260
172
140
1500
3921
6324
261
79
49
1742
149
1496
15525
410
29
1390
832
1225
880
1776
1049
559
57
3370
66
19
1
44
67
738
499
140
358
8
940
573
1941
4112
60
2490
50
239
38
68
162
1796
5425
10992
1495
376
699
273
162
635
3251
101
6910
3892
28
4887
5735
1054
1265
15
724
2344
30
677
6922
40
846
4550
1022
1250
16945
754
1848
1
614
449
692
18
367
857
436
3263
42
1146
840
1479
121
1383
3876
594
491
1271
2051
797
1489
13
1012
29461
1
4
2075
1163
2634
2186
1157
337
591
413
1344
10014
333
53
436
2
276
36
137
1244
2180
144
5051
16336
3054
14
471
6293
77
107
60
1
37
135
343
24
431
1157
3007
87
1334
1070
2278
373
215
287
2588
1266
643
193
7771
4759
34
2384
718
936
94
854
24
28
539
1692
328
33
32
325
144
942
297
133
1067
27
4
15
2479
64
2552
1508
903
920
1403
139
24
197
157
1133
21
5406
366
694
602
308
11199
100
5075
5306
3099
37
15686
102
160
1
723
2263
513
271
16
30
1275
608
824
5332
1024
1016
128
3
183
285
188
1
578
339
62
14690
2212
3528
299
1403
80
670
339
4076
1284
1766
2666
2334
2587
63
471
2376
58
4743
2084
17
294
406
543
1754
1357
169
7900
55
1337
36
470
851
1793
195
80
46
25
2405
1917
45
30
19
743
1901
1578
1582
16
7820
3886
504
1642
388
8
843
184
250
1065
207
2940
514
3490
362
186
54
623
56
2892
133
702
956
36
1342
483
16
218
2264
4841
366
159
2691
1201
37
64
54
25
59
5460
197
1687
308
621
6024
80
266
2276
611
1788
4
2357
22
142
2648
1823
11
450
2488
367
49
113
46
191
297
234
36
2204
344
569
983
400
396
112
4742
53
1337
2392
3
1195
289
748
733
2250
2295
5400
4805
4091
2141
1702
322
6441
318
1341
1738
4775
53
176
64
1045
13
472
13071
71
790
53
18
782
9
877
30
955
168
335
20
932
255
1375
82
96
1034
79
3349
158
1796
33
500
36
99
94
400
179
1789
409
27
484
2490
21
2
441
865
579
692
2805
4852
396
129
1
1500
1258
371
70
1954
144
146
29
72
1946
12
541
31
6
10
164
30
1284
1349
386
57
59
861
281
3359
19
1787
958
701
2210
1633
671
2
1432
552
633
14
236
7
1253
425
107
1
2875
2525
287
324
4671
24272
107
1668
175
1073
344
73
1
1637
1
408
1591
2428
1610
110
1015
2801
341
1585
3204
70
30
7553
195
88
102
275
1187
205
57
45
1842
21
738
3610
91
69
246
1488
1537
6
191
2
4290
2334
1206
922
62
1076
1850
1
4790
1445
211
62
589
176
1678
4413
1727
157
9
1954
372
14
329
208
430
4146
1119
3751
494
957
48
2341
1359
4431
24
14
139
3758
192
1595
825
1427
1856
2105
1375
60
35
81
160
14
279
1036
3165
1074
996
74
3914
2907
148
538
20
113
1641
20
34258
5339
1461
1621
133
52
319
493
250
120
877
1
314
2
2026
7
15
979
3094
2120
2663
3295
570
505
2224
836
275
339
99
1282
760
4126
22
422
21
15
688
29
952
1271
302
4
84
1194
879
184
378
374
321
53
560
2340
26
1244
1838
568
103
1658
485
5233
118
619
548
53
69
67
868
1069
572
1
1768
118
1566
44
3557
1349
14
1458
4616
3420
585
3157
3454
14145
2901
434
160
13
1160
25
688
1328
3021
13
3320
86
1289
1291
223
48
1
72
663
222
108
9
319
2017
842
15426
2022
119
27
267
2371
22
597
2528
171
118
3715
1855
1906
32
4602
22
145
1970
82
2004
2067
8545
2128
1564
36
2501
142
2548
11
81
2336
28
2147
127
15
8334
55
1770
144
802
41
10064
1044
7966
1747
2465
2238
72
3512
4952
1558
1689
74
17
1917
4906
131
1922
1672
194
50
131
25
548
55
1435
79
2513
35
64
268
160
909
347
314
249
258
279
218
573
984
1432
477
264
118
39
942
372
188
199
56
688
1459
104
159
303
1937
2336
428
1274
254
203
4908
6930
563
80
1873
399
855
82
509
132
832
1
332
524
322
473
537
852
782
5853
142
119
3471
385
683
1155
301
73
1861
64
335
506
1607
152
175
169
11923
3473
91
2769
72
343
1336
101
235
1671
602
39
1332
670
564
86
58
40
88
21
1
103
423
190
3659
168
324
1495
111
45
66
164
520
100
105
5278
34
784
124
368
1456
310
29
238
582
62
768
1884
393
539
44
151
2378
1199
7
121
1942
212
37
1848
12
493
1396
1342
5714
7385
908
677
4778
15161
11510
341
1246
2883
1996
36
19
7642
5349
374
5855
404
3410
1641
2358
248
242
92
5250
4461
9144
889
2229
245
215
1071
377
3119
902
243
2166
41
160
361
603
114
1270
214
891
6
201
205
190
230
387
3
147
6917
251
3077
700
1483
3015
1107
31
163
295
695
538
6837
1642
141
5264
977
703
37
106
377
142
46
323
39
415
4
1833
47
60
3343
6588
13
338
79
1081
1010
900
1609
8085
4245
85
6929
2838
660
6086
4364
167
12
7
59
1693
3787
90
80
1592
137
106
110
1080
4332
154
1832
295
712
66
1967
2691
2156
517
449
1065
5628
1
183
10
1855
2376
63294
6623
2096
881
4768
2120
346
762
844
13597
568
1167
806
9455
296
300
903
972
2422
3
595
2055
3038
134
241
437
535
2722
4029
179
436
26
1535
6582
54
138
2124
4092
2110
2382
254
931
141
2000
549
1184
1310
6329
2472
1308
837
1783
920
437
289
49
2082
462
2016
1604
14542
140
1045
2057
2193
6025
141
1134
751
4540
43
5266
35
623
769
688
727
3682
6
2241
1613
46
1364
165
652
235
3183
1939
544
2597
77
1810
242
2788
49
3738
8
75
8376
2745
4529
1501
94
926
152
12
70
412
1506
106
941
66
950
463
4626
6072
3281
31
139
189
207
255
3392
15
3
243
749
594
334
4293
32
171
81
3107
1681
105
1945
16751
52
118
1050
10
112
933
1794
310
68
3661
223
635
2158
512
352
486
3811
9601
97
3316
974
2342
3
1561
30
9542
202
6
3014
35
1285
2629
5685
72
2619
550
1086
214
78
6114
41
1
5962
130
844
2832
18807
625
695
1246
1052
6340
871
52
1096
34
1421
2866
190
2624
39
33089
1347
116
859
645
2449
350
514
9288
2110
321
195
114
1404
8902
3973
44
360
81
4288
21
1605
117
2377
2483
1928
257
21
877
1021
563
4651
573
3654
2035
1140
7867
864
5185
505
26
2310
36817
148
29
2290
606
515
48
1616
14911
6674
533
2193
335
69
248
140
104
479
761
80
34
50
1479
370
1078
641
1420
631
3542
441
41
454
617
2594
560
43
4308
3506
47
535
64
297
1595
888
134
5983
5197
1338
764
818
4449
393
221
9331
84
4
603
10
1380
9242
2311
218
966
3028
2310
1053
1138
94
3330
2867
12
7
3447
61
17
29
3868
3
259
641
296
104
5531
34
981
709
18
10288
527
4715
1694
8767
2751
1142
709
7070
6492
1140
2296
2324
55
4
364
1681
3424
2483
1444
9
530
3486
770
6146
1290
1406
4183
1570
338
6478
2179
1834
1337
3403
48
468
861
23
1
288
1737
23
502
262
2612
51
870
137
81
674
1749
264
9356
3268
128
345
135
1313
92
874
50
169
1087
8821
3215
147
9707
294
1561
1976
332
462
134
1634
103
2913
34
121
242
993
618
2171
228
1080
2471
420
42
3012
125
98
80
34
250
2363
110
2486
959
1215
33
54
936
137
209
4001
52
160
93
564
3440
625
13
2665
8724
4156
1070
2971
7
62
22
91
3375
1260
398
772
2137
192
314
107
1131
669
4449
497
252
64
3666
30
768
2943
110
3105
931
1683
723
57
254
951
8759
146
234
79
745
639
94
2113
408
828
1296
2645
258
1692
5051
1656
5
728
6304
5375
908
413
1465
11054
157
339
2673
1739
357
56
50
1050
2651
290
515
3416
41
104
216
520
26
640
831
1113
614
87
1504
1187
5430
3498
2685
3
786
1897
5678
2057
131
807
310
745
46
196
632
24
7579
2894
522
227
2576
18
307
1
301
1950
37
5355
2250
4810
1087
8
1943
450
1312
3057
47
1673
3521
519
913
431
761
197
805
99
543
131
210
3968
391
240
268
1509
741
88
1153
109
57
973
737
4
877
205
1068
596
631
220
13
3331
981
2904
50
46
1
1261
1696
3638
9327
1768
12
190
945
531
1116
166
4
4119
613
10374
26
78
938
99
5054
4800
72
8
131
2012
12557
4518
140
1576
6655
137
1
291
2331
3847
3573
472
33
87
6
51
30
2001
101
2313
24
3238
6527
2795
2177
3
1214
472
1481
1474
195
116
29
105
1478
29
12
47
34
18
1732
14
701
86
2189
473
251
286
414
546
351
1983
45
12
448
321
73
173
4761
3669
2
6977
17
1270
1830
679
3565
2237
228
103
3405
2555
17876
7539
8793
20106
2190
2056
295
965
1212
58
425
710
88
38
81
8
355
2005
20
4
601
6019
6
1216
4045
68
3204
42
80
1307
298
10082
8365
3453
545
3183
12755
6
57
76
530
5045
1097
38
16
24686
64
5927
835
46
302
34
1311
801
6491
529
7
76
2091
461
93
548
688
637
337
18
72
18905
1356
224
1874
2298
458
3641
51
2385
98
2802
3240
191
1045
111
1109
1453
71
104
972
7
1281
129
1132
13
2968
2019
106
780
3056
1521
29
2007
554
162
31
797
352
5417
170
160
64
11
87
12144
2008
2153
4624
2638
278
149
6033
11677
64
2610
168
262
93
133
38
1797
326
3898
2255
1684
968
985
1998
406
2008
481
53
1453
1
387
391
39
1094
1086
322
9395
924
3193
9
2641
6
61
79
1616
1487
2623
156
348
2621
1091
2373
7
1513
23
14
5939
179
1372
262
5275
33790
120
4527
736
330
7221
242
844
536
2534
151
50
2177
932
2083
99
244
13
1340
123
83
488
558
41
1261
805
36
959
924
1495
538
72
154
1327
3687
382
4471
2529
689
22
461
442
1953
79
9446
169
1097
1439
2497
331
30
724
281
816
750
105
39
987
885
36
10754
319
3176
2200
464
2979
476
968
10
464
66
207
8
3530
793
789
315
2307
11
4
2427
5993
1812
2120
57
130
3
37
2841
5100
15
1751
73
1264
4962
479
750
1
123
53
4965
23
442
865
877
487
76
374
2495
1449
96
3002
11
596
1444
31
63
137
435
1661
3315
948
1773
1131
50
1
2929
709
365
287
5867
5
29
3531
119
93
1945
508
8
6590
8
4386
275
2113
2769
2236
2488
1536
274
3558
2210
77
547
2922
54
9765
1178
358
187
21
49
34
2034
703
95
451
3568
283
2750
5934
1
568
23
2080
4182
1079
24
654
1342
90
1985
3351
3144
5921
3325
267
1880
1348
1
2112
37
1322
137
56
162
326
2466
1902
242
55
258
56
1189
687
5
9
765
1890
98
3176
305
96
2120
97
289
2
91
100
169
70
57
332
1
4032
597
44
4435
236
2056
70
6519
10
943
69
3
5165
1573
85
16
9
537
2231
3164
12993
14
407
1468
80
1116
1299
2556
243
208
338
541
7154
31
2034
11117
20
748
343
32
236
7
234
731
524
31
249
467
411
586
3466
1346
4
2449
105
242
3918
1285
399
5975
957
56
199
5339
105
1795
45
2519
796
531
3223
80
210
1365
335
612
3053
3072
963
1189
3484
32
837
1259
2240
396
3104
4064
1420
106
3516
1315
7827
3029
5509
1318
846
925
7790
11164
21908
1282
3008
5082
8
1976
493
152
58
4
608
259
215
5
690
10746
1961
1442
37141
448
930
2878
18
4640
1456
237
613
72
2103
10
19
3025
7
1714
427
30
13
27
2597
2342
907
2186
1141
587
4662
233
4424
7
350
2860
679
48
2037
1168
2636
393
226
780
750
708
971
952
1294
1119
107
1959
1793
3254
343
73
5902
96
65
241
419
826
1447
24
798
523
383
259
37
667
2143
1000
386
173
33
5390
49
643
65
2
200
437
2699
125
2905
951
566
3400
2
262
3545
22
856
207
268
1217
161
1851
9
217
3348
71
378
1140
656
707
1385
2729
148
541
4
1016
173
2953
801
391
391
1028
162
405
82
1283
418
4035
148
4850
2024
83
116
17
1260
2980
8560
305
3
132
2912
143
85
321
1766
1910
954
2411
370
8826
1104
15
43
4685
50
221
128
395
96
8184
460
474
1659
5782
2246
2125
271
798
419
2273
803
13
41
113
396
960
1332
308
31
25
108
243
2565
319
1301
999
2440
2961
1393
4833
2052
322
6
757
34
441
2900
2264
440
221
569
16
75
20121
315
48
229
1089
18464
1873
940
31
1568
2511
318
83
116
4619
464
31
1395
321
2527
15383
9712
17
7711
785
1318
784
151
124
21
1324
1343
228
7967
30
119
1969
17
2260
3503
210
319
81
18
2220
353
1075
3
4752
10587
1965
301
365
135
7
4055
36
870
335
174
32
1
274
876
1044
441
2183
1862
212
58
647
235
179
35
93
615
1911
1630
322
1847
34
76
723
4754
194
139
312
431
1619
28
64
4847
1252
94
12
10
2651
271
10
447
71
1162
205
192
58
8
39
3122
20
384
6
154
8633
211
179
3808
34
19
129
504
188
5530
1111
4222
3
513
1608
2217
10191
2100
5042
696
4448
250
180
3
182
323
109
144
96
2
2850
94
1198
2522
93
268
56
1435
250
72
116
2936
22
761
9
301
154
388
31
993
6499
28
464
1443
1
822
854
8
220
281
15
518
147
564
10
967
2080
224
1999
186
7
114
250
3623
31
823
7179
63
1551
48
2167
61
1900
336
554
661
364
19
480
10617
9
13726
1828
197
1587
72
84
100
413
671
72
717
342
258
585
534
1786
27
3580
16
529
1270
114
325
12
1819
45
444
198
582
290
765
468
76
1088
874
22
122
1323
110
1385
3
8
3951
5786
210
2
13453
1752
2381
3290
6636
8906
15845
2016
3378
368
45
1214
12855
7322
257
12
6509
2111
3133
186
859
3780
251
554
1698
438
5770
4511
17
404
7834
25
143
15
4494
110
1298
12
31
659
13339
188
21
1220
1802
70
93
1199
160
39
388
1015
767
1162
641
74
403
1890
2041
1985
61
1482
1
1829
248
28
698
3337
354
1110
192
27
101
8292
68
2557
311
18
461
127
10331
235
27
37
7993
4357
2346
6583
1044
1651
39
2559
1028
208
184
5
22741
85
627
8742
3
4613
186
191
270
660
2687
1168
222
431
247
1016
17
9295
2198
657
5189
2343
6404
903
272
55
4892
158
47961
422
210
2048
636
1202
772
5085
9
29
85
1615
555
683
268
2517
83
164
1705
586
38
59
129
112
509
129
248
51
2742
5
281
946
818
144
5657
2172
106
369
1736
1921
39
622
2634
281
82
350
3508
232
3736
46
2485
1310
418
614
380
508
18
48
151
9477
1831
411
159
158
61
34
5354
345
10013
262
610
3163
3072
136
129
62
1809
2737
45
980
128
4619
117
124
1142
376
317
763
554
3611
717
2834
1358
1355
118
12
1284
2476
2829
381
68
4188
261
656
1836
1944
2699
20505
120
1963
214
9442
2274
643
39
2864
391
897
3192
230
8
3
528
254
132
1797
68
1
83
2377
2110
6
236
387
5383
24
3
1790
1443
6
280
346
548
964
5205
151
4
95
55
1510
74
3193
200
2792
1343
3647
3496
2704
739
3172
581
2843
1949
300
2398
16
377
2376
1350
10238
5848
892
587
115
4990
228
339
70
150
105
67
1921
808
1210
46
123
163
797
1222
28
2980
5549
6236
1793
1929
64736
177
3298
2647
41
2589
254
1110
601
798
517
4
80
285
52
89
16
2200
684
83
363
57
4349
789
573
158
88
2719
410
2698
437
224
2550
1751
1300
37
1
353
2899
260
12
32
482
240
22
336
3579
410
181
157
82
2231
1593
1525
11
1450
513
11631
117
1149
60
282
267
3306
1160
91
219
1617
396
3368
2423
278
587
13
8474
235
34
35117
2587
3710
861
1881
90
566
1530
4346
3730
828
693
390
103
697
1831
907
105
170
470
786
131
6087
587
164
1907
94
66
27
1674
587
880
3696
177
55
8549
1643
122
1089
50
538
1940
1309
36
1279
1994
67
661
1243
27
101
415
1944
2343
13
10792
36
1306
15
1370
2
4
2023
310
466
1812
645
330
51
4551
52
3855
1845
1434
752
1574
22
735
10
870
549
42
398
1738
4
68
866
5
2780
476
13
244
72
2939
705
841
519
314
213
712
1469
2704
150
1422
221
28
572
139
439
7617
912
1113
840
90
226
246
33
2676
1393
499
2071
317
46
383
1085
442
2179
329
23
2904
102
16
384
575
48
65
995
184
5
4032
4
2740
229
4333
1791
748
206
896
110
6
1520
6854
2373
282
1
300
446
4702
82
573
538
3228
5
227
15
8775
2
25
390
1482
933
460
177
119
15
1312
219
28
712
405
326
654
241
1277
741
83
3
79
2747
302
5958
767
239
171
110
12
163
4439
10377
1725
1764
1369
427
82
2108
2928
161
776
381
88
246
2154
7444
593
425
92
2
1813
4317
2259
2948
575
2189
618
11436
3606
896
774
58
1648
957
53
3672
78
3369
13
6467
2607
98
71
5
1909
169
2
1842
1286
2599
4990
5751
100
8327
7
2917
238
1413
33
39
855
1744
68
7446
1403
8722
41
2750
163
124
3330
198
5010
3344
69
4112
26
11131
7018
1744
70
1543
96
247
2215
633
145
118
2715
356
121
456
419
2767
1487
57
3192
351
715
115
199
1400
95
62
1941
210
312
361
13984
3693
354
2116
1189
5521
110
1105
373
502
1434
6
718
500
6725
152
7925
23
501
2254
427
612
36980
193
161
674
98
3407
40
50
171
58
2204
952
226
1903
20
39
3899
64
29242
3227
2005
2549
1
2289
1110
72
124
54
1848
509
1384
2915
904
1806
976
207
1797
7028
11375
71
634
634
12555
2128
283
4063
2474
54
2890
2167
57
288
1941
870
14247
971
279
1635
4424
21
716
2760
3
1914
867
6
262
419
250
93
256
31
2624
876
139
1051
366
763
2467
213
148
3020
5704
1628
2022
56
12863
48
720
3079
308
1060
413
2092
2921
1239
94
524
1185
69
44
758
387
718
3001
13758
1217
330
4
906
353
120
181
21
3366
224
1705
972
571
1522
1424
49
3082
3213
345
3457
1189
401
3559
2492
22
335
38
107
134
2
13784
1342
1636
23928
2367
2882
73
720
4055
2699
67
144
696
16761
344
1224
464
22
31
4434
242
385
444
1224
656
714
2343
2916
6455
3984
1080
366
356
3155
54
139
1120
3343
105
4616
14
38
1916
1344
3703
1997
1142
377
1232
640
671
269
1165
1368
25
956
5262
119
9879
263
2763
1908
635
1020
22
78
21
401
194
1210
240
500
3895
76
1354
1297
251
802
3540
1685
1533
2212
2157
30
155
8801
780
8142
2170
1522
339
1982
511
1687
91
4258
309
791
216
1814
234
3869
1679
295
470
136
1398
2615
1955
4099
14044
591
443
2
11515
29698
938
110
136
156
941
93
234
936
1
3814
1543
123
4316
120
7473
54
170
61
9160
396
739
2542
1104
624
1551
38
10820
153
1077
660
1674
372
639
1222
2456
967
90
6
654
451
2419
434
1106
2158
19516
16
547
133
3582
1388
109
1558
685
7
2326
4898
1227
100
3
14144
361
114
625
1831
1718
207
165
1594
20
46
297
38
291
20
332
60
2248
2904
140
775
1984
139
731
2643
164
98
8
47
31
14335
1995
3784
344
4492
459
239
10
11
344
21
131
154
20
1042
169
94
2372
91
989
140
418
209
234
2320
1054
7096
6211
294
3801
223
656
2542
12
121
5370
585
10
610
354
110
2575
3130
20
332
534
2000
121
41
29
87
1285
291
851
2954
500
18
14
138
2640
471
2294
19
241
1848
1309
23
364
1734
34
628
4736
3357
12
963
111
1979
129
131
246
48
1
1202
1737
7
3507
1322
1938
659
4413
309
800
663
9678
955
158
95
489
394
938
583
2766
3404
4768
3
444
168
1740
341
617
36
128
1281
4705
904
1947
539
817
183
95
2326
164
430
7
22
3598
163
23
333
536
1186
34
3271
1251
174
76
777
2798
1175
2
1785
3
597
522
6434
582
7468
2967
819
97
311
192
292
2633
903
59
5151
126
849
361
132
52
6
395
2640
1486
764
29
2063
3
408
1022
2589
730
11
40
6
300
690
312
3168
2067
953
1967
567
1035
311
1471
594
3342
155
690
3026
140
6341
147
2379
2000
7334
17709
2153
177
5306
4286
1496
212
16583
622
917
580
864
65
3249
3906
1095
14513
2646
2734
88
998
847
112
364
366
4449
56
278
760
91
2404
9910
386
12583
1491
1367
337
612
1595
8140
8536
65
3471
10275
1981
6081
902
4166
1
136
247
2499
4418
985
635
39157
104
437
957
60
2004
36
64
2687
60
3
53
293
4247
1112
253
2
7044
2493
162
5296
255
2082
319
181
7424
1282
2923
2534
2631
2064
2034
109
1928
4803
2741
206
2309
1094
349
814
3336
2013
102
72
154
262
150
2698
312
10671
6343
3770
398
1620
46
281
161
219
3920
123
2169
97
153
3561
42
391
239
171
39
16
775
1570
355
1650
206
3228
52
319
109
1406
279
1447
2173
605
5480
2779
37
1641
261
3979
910
11
10420
137
192
22
430
6208
104
2555
13
22162
2670
2258
85
278
513
42316
2271
53
4941
88
3213
932
15
2030
22
5
647
1505
1764
609
32
4593
159
787
4324
104
1000
401
1986
189
122
8297
1835
359
2129
68
331
370
96
3051
21
2398
67
399
740
5296
528
50
195
2918
1663
589
1
1573
22
282
4582
498
5128
1449
16
1259
11
123
1655
628
882
750
9027
1707
121
3924
1364
221
34
1950
12
197
2140
2345
1607
22
420
2470
608
1974
3693
1405
1907
79
19
266
825
2372
11828
3085
151
1092
20
150
160
30
1527
1721
975
444
12
3
161
704
2052
29
1026
73
28
91
93
1
158
567
279
427
456
6357
1605
5
186
135
2158
398
14
362
1162
1992
2367
1380
124
2259
192
435
1615
67
4059
1
14
4919
3145
5455
83
27
2351
170
1292
2895
3156
10439
2890
2
657
7751
95
452
664
1369
291
3617
866
4
20
8801
113
1308
9058
46
2021
380
358
832
358
392
6
1150
2884
17
345
1236
118
1425
1716
1055
1545
313
629
745
65
101
20
1603
323
638
2436
69
8
19625
2314
448
534
83
1136
2
41
2047
2425
5
424
352
53
4032
7998
564
4175
1644
19
673
24
7676
5372
1179
3468
1560
1097
232
8
4237
3407
3321
1413
2577
752
28
39799
2117
1448
1763
4
2450
228
2724
1972
11
2643
2248
4064
97
256
207
35
160
973
131
53
2033
511
1309
1
25966
181
1
5827
192
93
1
357
707
4294
27
255
14
7
4693
9529
249
2177
422
21
8
36
6446
541
499
7
482
2362
3
41
11277
187
1025
1991
10262
74
2554
1110
1248
2595
1831
211
91
42
2547
1600
964
68
2453
849
337
1347
275
456
709
4012
1057
4519
150
2267
7
1628
187
751
154
942
192
632
2710
2244
2104
10
1222
1609
217
3557
788
138
138
448
186
708
569
6184
467
168
37
1667
477
3034
5526
734
484
62
33
10
659
2046
2442
13
94
1680
758
20
75
71
181
105
1289
17
1736
1667
602
417
790
17
493
272
2252
62
1437
941
217
711
30
53
91
1856
9494
8
496
6109
106
60
1007
26
2223
537
6850
172
1809
58
3532
1259
2973
228
652
11
4931
225
426
90
12
34
30
485
388
1189
2537
772
865
97
1957
2365
1
9
13486
6
437
1561
764
37
2128
2477
1
510
25
954
125
207
116
2334
4420
8
4
793
96
2
911
15
20
16
12
972
1315
81
2046
2173
3510
147
14
3537
7492
456
38
429
61
4
1280
5352
2660
10178
885
632
69
281
536
145
221
2
24
13726
1124
834
94
1596
1988
302
259
555
428
145
2050
1239
1235
16
72
2334
626
1227
414
973
3153
839
74
4286
799
224
69
1696
20
5321
9
548
1320
578
24
90
26
640
1944
774
1254
258
8
6
68
5543
212
2639
8377
3662
995
328
1127
555
947
358
99
1270
8081
25
438
497
4354
3468
108
161
2020
901
2451
471
3060
527
614
62
1470
48
731
40
15
230
2352
6562
350
2377
176
5431
1405
692
481
380
261
7675
292
5
240
829
19
479
13
922
11
111
34
2316
1067
3731
3834
1660
6959
43
156
25
402
922
10390
3616
104
389
755
1743
2095
127
652
243
33
2335
1863
6487
286
157
107
308
388
12
701
3184
368
3763
179
5558
2989
3552
229
85
802
92
1318
266
600
48
398
1744
101
2589
147
11202
53
1923
25
210
30
291
58
205
14
1886
3058
161
1897
2995
839
252
54
302
866
4166
28
60
270
3
857
503
1350
336
3496
18
525
12225
30
4661
2278
7114
27
2872
1378
29
103
289
1111
1161
743
2200
755
424
96
190
3301
68
22
288
22
2161
12
680
40
1497
379
288
1656
3
68
64
6
992
38
129
660
793
113
1404
4217
3906
8
1556
1417
3018
2018
1969
50
605
97
1195
243
1815
2541
5070
427
939
1616
15860
2154
8898
948
950
1607
190
3538
110
2953
483
1100
21345
475
5
1000
170
36
56
126
10
63
84
1770
936
555
4947
245
7861
1471
1321
1090
201
159
5845
2151
36
128
10322
134
44
4290
67
3472
89
424
795
90
1669
1268
1805
1540
4817
1533
424
42
34
434
2363
1361
361
51
146
264
181
3235
826
3978
370
1868
413
331
10
359
20
230
217
4629
89
21
4215
33
248
2925
2653
12
689
79
624
371
149
42
242
1228
2973
2591
2358
3355
1012
395
1012
456
149
958
312
672
225
2894
145
1049
85
53
1604
24
139
901
2
29
1398
140
2401
217
2
250
1975
3128
54
270
1074
61
99
8061
3033
12
1
94
6243
1682
121
2410
27
570
1702
19
83
289
390
67
107
207
678
10833
108
37
79
309
350
15
172
4
112
2008
2028
173
174
406
1290
101
21
1224
935
209
10023
107
733
35
1206
164
618
135
266
1453
3429
125
1209
1146
219
2833
5
689
101
5945
11
1449
3
130
502
1521
547
439
444
1
741
4010
316
225
333
218
158
14
490
4
69
228
56
209
9
1934
1320
262
114
531
2392
1518
1412
956
695
985
4
1077
32
1565
1442
243
4118
165
328
1468
42
585
5372
6673
2733
142
147
1780
107
196
894
848
10200
765
99
1025
1656
42
16
92
62
45
3272
32
1
770
8306
1343
1038
3499
254
28
677
3630
2427
423
972
136
408
13
7303
10
1080
42
1241
355
1812
5
1709
697
71
39
3906
261
1039
467
38
5
105
26
968
693
1724
3227
41
3470
7559
548
2018
24
52
4072
1307
2485
207
1199
254
50
771
120
1184
21
396
1675
1198
75
393
426
180
939
13
8343
1411
12
416
2
138
78
130
527
235
72
10
37
1208
1186
1999
1162
265
1884
141
120
1930
362
209
3339
8201
818
288
3481
4188
274
566
58
1
4978
626
81
1676
2127
107
26
1081
1212
671
2347
1272
185
104
39
1823
1529
92
2235
9556
2182
1324
4
660
56
65
1361
126
647
528
344
3740
2061
130
37
1219
189
934
33
2663
1446
1470
663
830
100
54
10
459
807
1397
1127
376
15653
194
3311
995
809
105
1629
2798
38
64
16
3144
1100
4121
1484
3606
105
488
2250
161
695
29
57
2936
73
42
478
4379
8672
57
13016
1543
4241
34455
116
1831
63412
12565
331
1197
617
1480
602
29
704
3727
167
667
510
2
2532
79
104
36
1279
489
591
94
63
78
1054
32
989
2364
26
182
3442
205
50
192
618
12
39
582
6
3
39
66
765
9
19
41
1455
141
2737
19
16
1916
301
608
331
3337
1576
39
153
85
143
23
225
4392
9
11245
658
73
137
230
4647
4283
1597
39
2378
1314
861
757
23
38
552
918
118
1997
172
687
601
285
204
155
710
204
20
3671
364
943
1599
162
93
160
70
18
4810
2024
8
73
561
2470
1855
239
270
3235
1874
596
604
25
43
11722
1910
2632
2
257
1987
355
521
5
105
8
68
1186
978
1697
1766
283
587
23
1664
14
1
1127
6
1375
592
3698
112
4774
3394
3422
6
476
150
421
297
161
1679
64
708
5810
890
506
4979
639
5176
6658
1432
466
73
3142
1332
1349
2244
167
767
90
14682
50
302
1049
12
38
1693
14
20
877
3979
3898
7
2533
712
5324
10
497
130
59
191
536
1365
3180
1103
59
1618
1982
84
10301
79
9557
1387
1
4351
442
14
25
99
67
37
266
6
2022
535
1306
8787
563
1379
2947
5853
1199
450
2231
276
64
603
379
18477
45
74
3687
108
2595
6
14
3461
72
1127
8226
314
69
4806
2
205
203
90
178
1506
57
1601
33
4455
4335
2887
1900
273
252
412
1909
257
8384
9886
108
104
286
2612
738
6263
1640
6393
89
22
831
62
6049
2091
153
2701
5247
1334
1629
1129
1971
2331
3965
186
206
241
5164
1587
1740
151
1
124
645
597
20807
1520
612
772
4471
235
109
353
146
383
214
1625
86
2398
2147
140
3770
2
61
6
66
428
2885
401
20
36
17
15
2
239
41
1158
136
3279
290
51
2495
1043
533
218
176
2982
19
27
60
54
105
117
833
409
1760
531
1146
25
234
512
1600
148
3251
235
1958
155
35
1006
5266
373
436
81
1650
349
3
370
329
73
2413
26
304
46
316
744
3393
2266
701
337
3017
175
81
174
3570
212
493
2429
102
207
79
55
2
825
3787
2859
116
1413
2106
71
10660
25
396
2669
3253
11
75
7
1106
2605
7828
2560
498
2746
2517
1871
517
946
30
2342
1440
11917
66
269
996
733
1108
4283
1588
127
1151
2272
435
78
221
4538
869
14341
671
3080
94
404
2625
2037
601
1650
149
515
2128
10
4145
1095
4227
494
112
1656
1507
80
56
1
894
27
163
170
20
11
19
4427
69
941
65
250
34
92
59
1
909
2571
472
313
1483
60
4942
287
369
9
90
270
8
172
102
13
35
65
487
599
645
138
244
133
7
2043
2559
1301
16911
433
2924
189
114
72
30
1185
9168
4
6360
63
334
838
3596
915
2666
1473
739
511
880
65
117
696
37
89
82
534
5059
215
45
418
265
2796
1011
2
598
236
2058
2928
272
379
568
1357
347
354
543
420
767
4517
1322
779
3528
3
106
52
35
489
156
608
48
389
7
744
246
582
418
2
3356
6923
463
1049
654
119
5623
1
9
1
307
6392
1100
422
15
484
452
827
40
1207
1381
2175
1272
1702
2814
1542
35
68
5189
15266
804
9468
93
1004
368
209
98
216
2565
1061
363
43
1472
3626
136
717
493
4909
4691
171
424
1007
8140
233
988
38
5605
1081
748
9
2714
76
85
444
1459
1303
1983
504
126
12
850
6254
1435
1082
6749
40
4192
371
2798
48
2327
88
634
4822
190
370
344
27
348
11963
27
645
846
246
31
1758
153
427
6690
14
3447
18
487
1589
187
602
13053
134
114
309
2266
1229
1285
911
3125
3815
2290
105
6938
154
2308
1789
671
6617
11297
3433
5093
1368
2038
71
195
2960
20
1181
6
1296
7
202
208
1559
289
543
3305
1440
1685
30
6031
1609
681
9
1871
247
1031
113
20659
163
1283
9
4604
2300
2271
436
3795
7965
43
140
118
1664
4897
1347
268
1305
4
5203
14
1439
1693
635
5479
997
712
2246
4141
5416
41
1146
3347
1913
1416
1387
3931
78
108
5012
318
105
33
905
407
1081
235
56
12306
2190
43738
1925
805
18
110
81
93
72
27
55
674
36
1074
100
8306
785
75
1130
767
58
1217
94
1109
1
86
4122
3322
435
48
1740
937
2196
369
128
28
111
2270
21
461
288
95
77
1799
172
149
1468
75
7815
426
19169
587
29
33
197
33
35
2622
930
103
1753
638
13094
5
24
723
161
212
205
152
511
172
2515
1111
23
1149
9
2541
173
9318
58
836
68
3647
4765
23
76
25
9
292
4264
1657
1453
141
1833
192
3282
719
4509
2987
14029
32
9
2375
2313
128
22
2525
1904
1428
402
2
5220
2955
1730
370
869
737
89
172
1180
5053
1205
577
800
536
307
4472
60
14916
591
1546
22
134
1294
228
117
1970
115
69
700
20
1206
551
4729
12909
8496
8707
2768
718
9943
46
586
44
76
85
2556
6409
360
4
45
559
369
1
105
75
3
21
8
3
190
1986
543
2775
699
316
927
15
37
1
40
3650
1756
196
89
772
462
45
273
1265
1354
1654
8936
732
3126
6193
2747
1682
446
2369
3079
255
277
420
65
210
12347
43
7
375
43
128
3024
112
3798
79
2876
1759
955
5494
36
530
18284
2334
10
3785
2105
36
2128
1929
77
293
295
1967
362
1633
249
3193
2342
37
5924
37
8566
609
1130
6560
141
12835
82
571
8
628
230
9
1496
25
69
5979
2406
533
10492
28
18
1036
510
394
123
39
2
61
1
172
242
980
9253
3642
618
267
875
769
971
2597
23
425264
52
400
1282
422
118
740
1080
1623
2064
416
1867
26
6749
1361
792
1088
2432
1103
4849
16
1495
6359
1722
4218
1303
868
1609
18
2553
3828
279
2462
1551
78
1118
2350
3787
54
3994
372
1240
110
4674
468
79
1788
105
20
572
62
2480
1289
115
5033
316
697
1980
144
5168
844
678
12
945
3029
624
12
42
79
4554
6894
11
20
1042
284
6713
1206
491
28
1051
3211
8
522
104
1234
64
4013
134
1319
174
1856
629
59
66
16
134
747
364
1435
183
1939
28
418
1081
2675
2904
53
1071
81
5261
77
235
15
881
81
16066
51
698
470
266
565
63
179
79
21
897
155
5893
737
271
40
921
142
725
27
40
141
56
68
482
960
612
162
680
42
6
4
1197
17
38
8725
3804
243
36
421
683
97
264
959
1872
1782
137
782
82
764
276
87
1265
651
26
809
38
2090
682
879
1812
2098
87
14344
6916
2760
2842
1802
16
1523
856
315
2553
59
49
607
368
105
37
181
357
2355
2107
405
57
199
398
2
228
129
866
4611
383
6021
560
1484
1864
24
2250
559
2373
54
1760
67
632
86
420
6472
1312
6998
392
3184
3840
25
9321
58
8843
164
443
59
1945
6709
3897
1368
7
106
2290
20
171
4792
333
1451
2934
335
2326
56
435
491
2135
238
2339
500
736
97
107
3935
2132
736
13860
193
3482
4409
2728
83
591
35
663
325
29
987
1067
3625
223
7
229
475
2211
84
4098
299
2371
24
38
99
272
301
56
165
60
141
87
2845
10
951
202
1435
7329
14
609
3844
113
7705
99
78
54
4329
477
2197
139
612
1354
54
5474
2452
111
2571
6545
707
794
572
2472
182
52
101
2994
26
16
249
70
884
1799
14
447
125
59
110
1899
1
1765
822
191
418
400
97
4433
4232
183
442
7
716
24
123
82
55
71
43
989
31
616
162
462
2035
48
190
2896
530
3126
1
509
844
1097
62
1617
288
186
821
17
325
1623
73
26
58
827
6
215
337
1403
351
1122
3807
2098
3845
2103
642
535
2595
419
1428
1492
38
7
4
449
73
22
1223
95
20
55
41
506
23
1918
585
12
23
171
456
1463
1990
24
69
424
2243
242
456
1793
1391
672
2099
1864
38
39
49
25
87
179
2121
6026
150
1617
8
4808
282
289
1266
491
6883
6301
4383
1
1628
879
232
92
255
75
3366
3415
441
12
25
55
426
155
11023
310
189
2436
3356
2002
3045
7
500
41
742
402
188
3735
596
114
25
915
610
1237
3662
670
50
495
1953
361
401
416
770
217
16
1
3396
895
2061
108
674
31
382
1995
470
1339
161
3
609
1108
2373
17
1357
3
103
106
465
14834
119
724
244
176
4044
758
113
30
3091
1495
5830
549
152
631
448
5
4736
227
2164
6101
79
63
258
737
75
300
2207
2559
1736
2336
310
5990
4998
814
719
776
51
222
2667
1561
91
179
68
1752
164
205
125
3752
1290
258
338
228
3725
1732
182
3115
1829
154
2173
31
3
860
92
12822
450
465
30
30
626
229
90
2999
2304
63
80
29
15212
295
1358
2038
4657
672
714
133
1608
142
17
100
470
1337
1952
4540
9
23
2408
67
283
23
76
24
2484
730
137
2558
20
416
171
947
186
833
1987
366
2331
932
133
32
648
190
396
53
402
374
449
337
498
1004
1040
3275
103
686
5654
65
10
245
1346
89
16
149
18723
543
52
742
42
11
11
837
12
10
617
247
56
379
14
490
436
1340
1048
223
7730
633
366
83
1859
96
1937
9
439
394
1323
2231
1176
3800
384
64
41
955
1756
5269
1203
50
1
433
1863
2747
412
25
577
2679
454
9095
128
5
4
655
1032
49
908
324
5
458
911
807
1279
4217
951
6630
156
42
1025
2429
2094
176
8638
160
3330
462
446
17161
11412
1724
186
106
2058
84
2732
5110
87
3391
270
308
1
23
343
1111
174
241
43
149
240
1329
2519
3459
564
84
1257
361
138
535
1732
104
423
41
186
437
105
1660
6545
808
14
1180
69
2954
279
236
11
3
31
1200
1026
510
605
118
272
304
719
46
635
87
263
60
22
2376
1007
1755
132
2361
1197
269
675
30
90
170
130
487
1650
331
16
3940
176
536
8
20
4977
6833
743
1207
108
755
220
17
141
62
97
44
1487
204
1116
8255
1701
230
102
219
247
272
151
490
310
3003
261
66
44
162
48
33
7222
2584
57
24
246
9
946
12
9347
11131
354
3616
507
18099
497
4114
1
275
2161
1499
2374
557
2535
597
1244
388
130
3400
1290
125
2760
1000
37
961
154
3882
34
172
2003
472
408
1341
50
16
6771
980
1537
1830
2033
414
706
28
1424
89
2830
7
38
678
20
43
10649
321
960
32989
100
14
1
39
1723
91
1728
4192
75
704
33
571
341
828
108
110
2387
2990
3893
71
16
21
1546
29
815
35
7460
98
1658
3017
3487
30410
282
1953
110
1969
477
7
90
59
78
265
268
189
105
1387
2527
1399
655
2776
4631
179
1298
3555
149
548
153
1
824
3770
24
275
2179
31
237
1705
118
177
7
150
47
128
4736
10
244
12311
1
147299
21
4022
695
618
1625
1887
1307
1823
311
6916
135
99
677
599
2381
148
337
3
14
206
224
295
70
287
248
11
2859
128
100
686
3214
1981
44
2
4305
308
16
65
18758
17
266
240
117
807
1582
215
2325
47
1439
135
104
364
2047
48
360
290
1020
28
4361
7337
886
60
8435
97
224
754
5926
50
17
144
3
1220
67
3953
662
1755
528
391
63
478
135
913
47
292
110
9739
106
6136
16
21
10
3005
9
2564
726
3234
1103
47
492
5252
160
2039
302
285
1376
6427
24
135
2856
380
116
1436
184
8
157
322
1967
244
606
525
106
1
400
46
963
771
1119
19
533
223
603
3
24
1587
338
3005
112
2157
24
273
459
281
100
173
3718
40
128
13
1670
229
79
105
19495
1052
331
236
844
1278
47
25
1903
16
629
2850
194
117
22
2342
35
689
37
11
358
156
277
88
8308
909
1012
1003
195
782
69
1620
767
4101
1914
125
2927
1343
5050
731
274
199
3123
78
1290
133
111
34
4476
2892
4001
817
402
222
392
23
6082
5
1651
11
766
38
1050
89
3869
345
172
52855
88
2411
128
32
251
3044
6951
2300
10064
551
2160
47
461
42
1789
250
3231
431
128
13
1717
148
1911
8
3253
1086
123
2085
14
271
1464
3206
3172
2918
2307
26
206
354
433
19
3200
1121
2161
264
664
1181
3957
4
43
92
273
760
440
804
23
275
130
144
393
2248
33
1512
47
1183
3240
967
162
173
16
8457
7
11738
72
1597
1107
1790
668
171
80
105
3274
111
2630
7555
2357
157
26
1728
1271
144
240
57
1374
3738
51
423
967
77
13
107
3978
264
69
180
44
18
549
323
68
602
294
3
10818
11
1
3880
694
74
3915
181
37
3698
19
592
435
36
358
4699
1233
3967
383
526
117
812
243
3143
7075
193
12012
1993
51
1130
1868
3717
832
2667
525
1776
158
115
6
1596
14
1015
269
2081
932
236
175
2
938
458
2399
664
129
1687
1143
2987
365
48
322
16
32
239
3625
1511
2469
307
124
602
4
454
961
49
68
3688
5
11762
68
1126
400
1053
166
151
257
115
525
972
100
705
2033
78
1964
1524
114
330
6051
432
76
690
824
4507
65
4727
102
380
323
61
48
1895
355
6346
2735
13
534
460
2006
134
2873
8
323
2
26
77
7695
3335
277
1098
647
249
1909
1554
585
735
789
439
376
1324
159
120
2585
2998
1614
714
2113
857
1000
5079
1912
459
87
146
174
601
1018
3499
1044
2244
392
18
711
287
2850
2432
120
158
597
427
532
660
26
231
1375
220
824
1946
508
4623
1946
355
35
463
6237
920
142
408
2954
431
9603
1259
772
548
1
1978
74
1132
756
299
50
62
2627
381
23
1117
131
644
5
215
669
3348
148
57
68
1485
30
385
3848
120
1131
1674
458
290
138
415
1889
569
21539
2087
178
1218
34
7171
2599
326
1030
365
1108
8587
2815
6351
3105
36849
715
104
666
267
3851
5247
5
45225
163
1373
134
407
2063
8
129
15
18
1107
2521
75
2971
4
8
4906
2148
1920
2337
1215
110
5539
1055
4181
30
5456
6348
604
499
132
11647
41
23704
74
903
289
694
735
1788
33
3101
5
181
13
191
43
248
6981
5490
130
553
176
133
932
152
39
164
770
1079
46
12
1
179
3428
2532
920
50
358
251
2608
24
73
2448
533
1
130
3345
239
33
3036
227
165
43
251
1341
1210
200
22
86
354
25
5
54
29
797
1763
5039
92
2789
255
2806
50
326
5274
975
306
773
120
5354
86
4
5926
126
98
130
235
519
56
271
91
131
394
9
1631
42
343
29
1204
2
5727
714
2492
1150
6669
102
1847
24021
963
881
395
139
1481
1362
4001
52
9381
3
134
223
654
426
13
7
1641
832
1535
209
1469
608
89
2535
1321
2610
765
420
679
57
74
130
329
12
329
1501
68
7582
4558
5189
86
86
346
868
565
73
2318
95
4334
2001
352
1476
728
211
48
226
939
296
655
512
5146
136
909
65
161
9
211
5684
49
708
916
8
91
9692
1744
41
403
33
8
38
20
2295
904
19
19
22
1662
21
3352
215
1245
1906
722
814
620
2977
612
1400
1312
372
1631
92
1001
1240
693
1076
3606
31
8
1993
1101
13
398
30
9
186
367
641
440
906
994
45
434
943
192
3
1674
4735
881
23
1994
1832
3036
125
627
38
614
23
1687
1282
2281
351
24
76
1458
915
187
2688
1195
254
66
2848
1682
50
106
41
2306
191
3067
4409
4
805
2399
813
63
56
621
9
266
672
1179
3785
1997
5
902
8340
637
410
169
3920
1112
145
11341
234
617
1061
605
53
49
2106
118
11
489
3114
2213
34
138
2361
1337
22
17
880
3184
1276
1453
946
190
1173
131
176
191
18498
410
206
1256
283
11033
3196
4466
1765
339
16
3515
78
868
6154
995
2383
47
3233
1597
529
479
12
105
970
3
301
1823
1425
1125
49
2742
262
3864
55
812
4476
2354
1777
202
3139
484
79
25
5089
5576
1
15
436
948
99
35
1267
158
1447
59
65
332
173
3390
4911
2351
312
7
1581
2441
219
195
3620
1022
1047
1216
317
114
752
27
9691
1407
1114
1168
710
1224
2853
29
63
68
14
2672
1146
555
2776
4809
13
1538
25
744
22
1
10
1717
16012
188
26
224
2523
55
310
7251
7
3
19
2011
2243
34
136
541
678
59
7
55
381
37
80
812
56
310
5432
2263
529
785
1140
127
10230
25
10
2226
2018
1521
167
5
4314
111
1496
65
4
53
1690
2
318
1986
3548
573
11473
150
1432
470
764
14556
381
58
704
461
1977
105
91
1854
2135
710
113
3697
161
1083
44
51
838
40
2384
849
394
72
37
793
30
109
2070
2835
344
410
10
541
4494
2509
403
470
1562
143
1260
548
4757
1151
2070
1243
356
206
14
1566
7
13
1228
232
3261
421
158
41
2522
139
690
1483
2260
134
1384
54
10106
7551
5653
597
2197
1892
273
7
1292
97
2530
1332
20
1155
60
54
50
395
761
47
1960
2945
1134
2976
2
9541
1037
833
226
972
4009
651
2768
5356
424
1873
2041
3794
883
611
1689
1809
3921
1437
1212
3212
1786
7156
152
715
1338
249
56
46
9
125
60
1055
7055
4678
61
1799
1
1443
1336
411
153
842
1346
362
48
27
3030
4152
471
1406
33
30
2698
471
1693
537
491
259
2044
4721
956
52
4957
108
8451
1108
2182
1454
358
1628
482
714
2315
387
37
575
2111
935
4719
3526
39
111
962
537
1019
26
520
23
4524
258
212
2763
1127
55
350
24
1677
15
245
438
5774
3052
1090
2781
152
674
2222
196
169
2721
263
81
1263
2133
683
2220
62
1
90
143
61
276
126
3118
131
58
305
333
31
1352
2107
21
1172
2854
425
1287
1867
4
1
1091
28
47
70
2271
1228
4
1449
376
310
77
174
3508
119
2233
4346
194
538
92
753
5
1044
1433
633
3423
748
7988
248
1950
12
648
4076
973
72
19
293
188
29
120
278
2695
31
23
187
144
34
24
1120
121
156
26
750
3013
2125
2406
6104
175
74
2907
6399
15780
1072
685
1666
412
122
319
2602
1704
65
2147
2372
5799
39
288
2230
982
8
353
190
412
1426
2946
501
1461
1641
253
19
83
567
51
5
100
1
1494
3670
136
28
791
71
1111
1
200
4069
619
38
56
1539
682
221
352
3444
169
3707
4682
18
119
295
82
1753
2697
3118
2417
822
300
370
2391
66
21
116
401
2439
625
388
734
403
4028
672
1089
23218
304
3293
14
6
1508
50
895
1841
2330
6640
826
1280
2453
163
378
1535
479
7
148
322
1124
3191
10
1735
16
3222
2790
45
403
5222
2136
3087
26
206
392
5476
1481
1026
1450
2786
95
15
174
107
205
1192
7206
124
728
10
688
874
33
1242
6
2473
7
226
563
8
153
41
2428
396
231
42
43
1133
579
411
1720
4419
86
1153
2326
1817
1352
144
1466
28
465
1771
1299
3225
104
102
499
4480
472
27
1308
5381
791
9631
3651
19
2269
1381
1439
328
453
125
2044
621
6480
2135
92
2996
17
111
2478
1201
27
230
2086
3935
3045
3
2
1912
1483
71
71
35
308
453
2653
265
190
26
141
327
1946
282
221
6
184
131
7708
408
1751
150
1448
17
2831
568
2020
8024
66
98
822
1985
35
61
1533
129
1491
3426
2766
1474
507
68
795
32
1738
12
295
3568
435
116
876
300
92
482
828
953
825
314
543
408
78
173
326
1012
3763
2280
2697
476
35
1278
2575
586
441
327
228
102
1883
627
818
5445
42
4210
121
221
1840
1376
1020
1344
37
1127
2944
1643
464
377
1057
768
3089
1892
10141
737
1858
1096
682
1465
33
97
988
1068
23
1832
52
23
1527
3643
2401
4241
64
1415
3731
102
338
108
43
1137
282
2
203
11758
54
31
4635
201
610
254
736
4345
1620
2639
1711
2646
1575
7377
63
295
1744
71
1878
2701
54
10
48
3211
112
9
694
291
2634
82
5
8
4698
3566
4412
366
819
4582
608
228
487
2
1775
693
445
436
74
85
13
2275
164
5308
1984
633
190
86
42
6178
2972
10
79
1843
44
2591
1411
1126
318
295
2443
452
397
1821
721
676
1892
92
124
42
50
66
1687
667
97
3331
19
1385
64
25
31
680
