3079
22
639
11
30
1471
44
272
110
15
2682
2208
51
532
6
69
948
199
1
663
957
803
4
24
243
234
31
175
13
533
189
503
176
333
222
343
33
65
165
62
4
552
211
826
252
153
73
1
1
13
102
325
398
35
39
219
25
54
304
935
59
1
1
51
75
228
28
363
244
723
549
64
20
423
214
20
8
1715
29
1215
395
410
91
99
167
870
61
16
31
1519
17
1042
47
14
4
291
319
882
186
64
19
53
68
2217
16
1036
4494
25
4600
11
441
414
1049
732
1307
456
316
52
129
1754
280
340
17
28
938
181
195
1214
142
52
78
519
907
279
1616
21
138
100
7
372
88
12
43
4
332
96
693
1
81
8
88
685
83
27
932
280
555
2867
4208
18
224
144
555
108
137
445
539
2547
166
56
76
190
187
1115
90
103
69
17
1
1805
144
125
8
467
2234
14
29
361
423
592
1
80
118
8
13
97
1
23
1
1
117
188
7
67
36
583
17
586
95
102
8
502
6
120
727
1
1
2894
33
164
802
51
116
78
1
631
411
392
3
10
34
110
170
119
1
1188
22
207
104
35
2114
8
106
414
100
283
48
199
151
45
316
8
99
137
33
654
1095
73
610
78
23
81
599
78
2
13
6
28
24
26
1425
44
199
290
78
1
1319
43
87
205
373
383
96
2551
981
12
196
594
392
221
569
466
39
29
98
1272
582
22
45
50
9
37
92
908
13
576
6
537
325
99
185
65
110
248
3531
176
1141
1
7
1
188
349
539
67
408
411
48
2615
43
19
324
1
10
105
37
57
1
260
1
14
3966
9
46
351
224
2007
1
2573
541
46
158
466
63
1
424
27
1146
157
643
113
1293
13
320
716
647
1792
2036
253
364
73
349
60
17
22
49
147
45
10
106
75
136
299
100
607
48
3311
855
1386
975
2676
170
461
7
122
8
11
1
1
149
1010
204
1648
63
463
200
12
464
11
355
44
38
1124
120
326
1
8
393
66
378
26
41
172
12
426
17
8
13
396
522
1
9
1
20
291
1
155
61
969
1
10
112
145
2093
513
20
28
32
3
1003
877
106
26
4
38
1
2109
27
357
2627
86
1
892
1652
194
120
184
433
473
1
346
66
7546
8
80
108
36
20
291
125
229
267
237
4
1
290
1448
533
67
581
147
407
730
90
40
53
67
39
37
419
147
269
43
26
241
988
437
80
1
10
460
53
27
319
1268
76
441
1
598
5
90
12
13
494
15
1
12
476
224
160
5
1
2481
241
298
2657
2995
249
13
716
78
19
686
154
38
27
38
172
287
1
387
13
1
266
65
568
1
1
66
24
1
21
143
1140
78
15
10
35
168
4
40
246
45
1096
12
98
529
558
116
53
174
858
883
697
1
46
907
105
47
448
2806
175
92
11
149
57
7
37
1
57
1
23
1
75
43
114
1039
451
15
67
56
74
12
206
121
61
125
127
61
34
208
213
577
1302
170
11
169
1112
587
1496
1
162
1
11
44
2358
14
120
7
38
30
31
16
29
7799
49
149
40
955
1
57
376
