265
207
2952
36
3
52
242
46
234
5
18
13398
193
167
183
67
258
53
173
42
3
164
1
712
151
7
49
239
30312
29
755
159
500
53
349
359
82
31
15
19
467
50
34
158
168
1
354
1648
63
202
186
32396
55
415
302
47
2192
95
1
26
9
12
16
889
169
134
99
104
857
190
10
629
46
6964
1
63536
209
660
216
11
17
3
707
121
15
27
51
2765
154042
218
216
264
4357
12
849
2256
197
41
428
8
3570
124
73
21
33
47180
2
307
1502
11897
383
2464
267
80
206
15
242
41
260
16
2
147
104
48
10
34
23
11
21
16
22
16
599
4
9
39
324
20
44
2
253
4
30
1
309
2998
24
18
343
11
294
2
3837
10
336
266
276
271
50
11
293
257
1
105
269
761
97
2510
20
277
14
9
6
10
27
3
22
16
59
17
26
18
274
9
63
54
28
139
23
124
66
5
746
197
13
263
499
310
307
32730
198
253
40
47638
388
20397
9
30
206
311
20
1634
262
64
22310
36
40
22
59
91
45
309
1
23
12
30
301
24
298
26
373
60
254
35
346
228
29
31
44
271
168
352
9
1495
18671
2115
295371
310
37
100710
36
79
75
382
273
100
17
4
16253
999
61949
166
3295
16
15
16
116
4
10
16
91
31
4
1429
1
309
225
327
67
26
304
3441
7
37318
336
61
121
54938
227
27115
501
189
102
47
28
6
19
93
14
123
1
90
24
138
191
281
195
6
65
608
205
23
46
28
31
7314
8
178
31
473
19
280
172
51
221
204
49
43
102
157
204
55
261
18
8126
67
123
187
16
59
34
1
30
3
125
44827
2
27
19
21
21
7
317
24
69
52
263
268
66
291
231
6
268
215
13495
44
27
10277
252
349
21
16
32
103
31
14
1
6
121
1
1990
11
283
422
129
87
84
236
2
261
46
814
172
146
69
274
240
183
22
348
18812
257
55
137
8
19
23
119
21
182
6
24
39
183
246
43
34
33
27
708
133
86
16603
17258
25
2
11
227
44
205
66
236
1401
10
3703
11
26
346
311
250
1
10
29
76
28
205
134
2
331
9
22
221
196
157
17
33
18
55
54
16
213
33
127
164
282
965
11
27592
29729
440
143
709
18
307
3
13
11744
241
5
4983
16
900
204
256
1
21
20
22
272
152
15
257
16
26
47
32
183
197
55
219
3
348
380
56
260
403
58
510
88
271
282
1
361
964
1
20
497
155
327
2
407
52
298
313
315
2
244
259
16
215
297
301
276
328
152
19
279
329
225
124
295
312
431
148
308
23
23
338
4
250
93
33
377
124298
364
15
24
69
254
78
1
16
13
6054
67308
143
736
35401
70
23
184
280
20
203
1914
27
1
45799
16
25
36
1
269
188
57
263
61
309
85
121
553
85
210
14
483
261
14
49
51
3
153
528
355
11
79
4
11749
165
256
220
1
13
21
16
56
88
28434
1
153
14
11
10
33
16
8717
24
100
3
522
68
232
31
15
3
6
92
44
172
287
23133
208
498
41
13
25
190
16949
563
78
293
422
1
28
9
27
3
37
13088
64
274
755
280
47
19
161
40
27
126
181
9
25
16
71471
10
73
14
20
54
1
9
41674
963
11532
3
136975
65
79
29
56
176
169
308
313
392
123
282
5
22621
5463
3980
37667
11939
9
229
210
321
1
53
1
244
13
15143
22965
341
247
173
31
6810
50492
1591
46
6
127
5493
56
409
75
18
18
5
117612
3
10
20
25
30
614
266
19
13710
673
24943
864
1111
250
16
7
511
2580
1
301
3803
182
59969
28
29
123
125
142
265
799
873
28
161
394
150
12
21
38859
15
1002
62
171
4106
40
17
53
17
784
7104
28
2
792
71292
277
14
25
291
41191
33
25
21
1
76
20
1
5
18
103
160
229
18178
10
22586
94
334
10
234
12
61
8
3
10
58089
18062
28
279
12
64
440
4537
295
79183
1
139
39
17
11
6
13
13395
5
279
828
17
140
211
9
288
318
450
347
186
1709
11
153
269
332
28
209
68
22
46
301
245
3
262
295
27
93
436
64
385
13
235
76
281
122
55
193
1
10
79
153
464
129
20
248
310
2319
336
244
21702
64
212
50
258
219
222
4
197
22
2
90
25
322
1
236
10310
49
129
793
193
707
7
204
271
158
295
1
304
208
1714
166
16
35
342
206
112
500
15
468
7
45
2523
1009
213
159
22
13
49
240
251
207
12
391
256
316
4820
300
151
7
194
15983
16
94
58
24
32
389
172
369
24
30
180
137
101
230
318
327
306
24
260
44
255
7
2340
213
140
170
13
22
27
49
36
3
278
24
30
55
2022
5
3315
16
3
49
12769
61012
281
9
1
54
140
10
13
55
360
260
277
213
210
111
96
80
16975
247
253
85
8141
12
11
13
211
64
197
681
651
274
202
178
265
15
40
73
1
1064
20
18
5
23
97
160
201
742
18
108
155
24
187
274
14
781
1
13
22
27
5
28
10
121
29
48
31753
344
1
156
61
1
14638
35
20
22
594
473
17
10
34
12
283
19
179
410
284
286
19
22
186
30
13
22
253
870
111
1317
12
69
5
46200
54
45
86
1
220
74
94
14
20
46
346
19164
578
249
245
176
462
288
229
18
48
178
14
55
2253
716
285
16669
47
269
336
17
16
3299
397
173
6
231
132
34
208
6
390
267
27
174
25
36529
19
15
26
267
13
252
28
230
237
15
58013
15
38
10
132
233
4572
197
25
9188
14
22
35
16
103
71
276
378
33
97
25
278
5
19
71
10
5
112
17
136
6
61
401
295
279
155
91
280
795
2461
136
316
379
230
302
255
498
314
288
24
128
273
209
145
2
417
389
256
214
359
155
6
164
59
1620
685
80
10011
1245
182
163
321
14
6
75043
16
1
17
17299
370
29
39
10
1
424
579
133
47
315
72
188
402
38
281
522
32
18
14
28
56
62
417
95
15
156
416
129
44
844
70
68
295
252
277
220
204
53
4
289
239
16
212
11
270
12
127
358
400
48374
63
157
35
18
8745
16
76
135
137
277
3
3
22
294
30
33
179
20838
196
36
274
9
12
18
39
14
20
14
1
9
174
15
14
227
36
3115
7225
20413
19
127
307
256
1
38
16200
262
176
32
23
284
315
183
178
130
273
155
267
29
424
154
395
253
237
6
439
6
148
296
196
182
364
4
206
23
16
60
13
224
20
191
209
20
153
212
28
11
5
208
40
306
414
281
3
2
84
120
530
487
872
25
16315
131
306
21
15
378
134
122
273
30
28
12
90
171
6
24
1
458
12
21
40
1
16
1
287
1
1614
594
163
22
17
636
165
1
229
624
54
6
388
235
76
14
9
266
21
1140
195
342
32
5
286
71
412
14138
281
229
328
8
21
10
15
2
41
23
15
365
95
1473
31
128
89
27
129
613
142
126
38814
248
17
238
139
535
12
49
146
10
17
12
23
2
11
37
271
20
13102
308
390
1
87
22
265
162
25
2810
276
129
133
36
31
630
339
265
155
282
278
619
4917
2425
4325
26195
14817
4851
36114
240
255
327557
1248
2202
96843
16475
10694
380
2645
660
43163
25
24
24160
82
14
122
129
155
153
2
908
133
472
49
67
282
228
1
8
125
636
2
126
498
111
393
257
802
271
748
615
21
51761
7441
20757
248
10221
56416
3237
2203
1328
71
288
275
174
46839
880
12974
18
34
11
1210
1
71
122
180
10353
1900
64
132566
301
114
95
916
77825
278
19
10260
202
15
662
324
124
23654
200
23
199
25
52
151
8
3828
309
278
151
283
155
59
13
40
179
282
127
203
324
76
4
151
168
199
274
14597
813
18
1622
55
10
222
226
21
180
468
531
420
139
269
304
249
503
189
322
304
344
306
17
282
429
296
541
176
288
251
236
325
977
272
277
282
147
152
184
373
137
140
258
123
68
179
171
1
82
1
23
123
3
145
214
92
152
1
283
249
