3
18
98
334
153
11
172
282
63
171
282
2
436
18
57
193
134
1029
120
59
127
4804
163
29
451
157
190
6
159
128
185
185
43
90
170
1354
127
1299
1581
45
1
62
26
65
69
1
263
244
6
34
152
28
89
1039
1117
69
1
47
803
98
80
356
155
1406
77
145
212
24
382
166
870
118
3
41
62
949
362
210
252
98
161
455
172
23
918
121
28
412
75
124
59
57
169
46
19
148
268
213
33
46
54
384
98
102
4
250
1556
264
100
1
298
23
161
79
133
75
57
363
1091
103
15
117
6
9
734
83
32
37
26
146
106
103
84
162
372
135
316
256
133
938
3
149
126
3
186
119
10
105
85
115
6
26
39
13
9
48
9536
87
28
14
1
197
30
51
190
21
68
120
160
153
47
266
1600
1064
6
79
107
20
453
635
21
738
158
24
2220
251
1073
26
4
46
13
149
212
170
63
108
19
247
28
25
9
26
3171
1
512
2219
178
23
118
787
404
33
25
263
477
161
25
23
30
7
152
152
6415
206
2512
130
102
1117
102
2
32
300
66
331
35
125
218
9
1461
5
139
72
18
907
18
93
266
9
19
872
13
113
139
1
11
1062
235
272
184
73
737
337
73
1542
28
61
174
1583
16
52
174
48
15
81
39
101
198
7591
13
169
8
1793
565
69
69
18
272
4
1255
2
178
159
210
56
576
19
93
59
163
301
27
58
96
121
3594
56
747
74
102
396
2338
111
7
2
175
349
1
80
1244
146
17
214
144
909
27
66
320
982
15
406
2070
1579
909
1
5290
301
15
743
1109
858
154
21
43
59
262
731
20540
107
32
388
562
97
64
24
513
1603
527
135
59
1059
16
134
29
296
111
28
250
82
54
813
11
17
1
217
4
2
16
15
20
134
22
135
3480
80
56
33
46
318
388
52
237
153
23
27
425
22
5
23
1745
72
28
1596
1405
144
1
16
83
13
9
59
17
144
47
205
669
447
190
345
244
145
80
229
11
8
11
71
356
168
84
35
77
101
29
1234
1
269
297
23
70
631
1941
87
2
4
147
206
38
183
20
208
226
952
6
22
293
20
17
23
12
201
264
72
622
86
45
1177
151
94
191
17
95
73
95
77
571
148
3068
542
32
42
16
11
290
183
136
24
31
158
76
1610
27
197
20
31
36
19
2
18
140
5
56
499
52
1
17
216
146
2093
67
1142
158
2921
369
1772
796
185
79
427
4
96
39
289
8836
11
6
44
35
8
414
364
307
799
3473
13
83
4408
141
44
5
801
10
1636
154
2383
1858
453
337
835
85
79
114
955
61
184
70
337
158
137
18
150
35
32
118
5
1189
207
852
28
79
2
1
2586
2131
69
102
398
223
515
675
143
64
753
67
399
188
33
523
508
21
17
210
20
141
17
32
106
13
4
131
29
73
413
20
19
1
30
321
182
41
25
25
32
24
92
246
38
102
83
2903
50
1
24
808
27
21
18
100
212
123
39
616
482
1713
21
40
21
24
20
30
138
198
127
32
84
43
166
71
122
1
19
181
25
238
64
25
34
13
63
38
57
384
659
437
801
57
18
40
1
44
581
40
54
77
17
77
124
255
1
38
4
1402
96
6
89
55
92
3
179
345
28
37
237
1435
153
19
35
275
52
97
228
221
235
118
14
62
201
37
205
183
105
268
184
11
100
346
161
396
227
283
258
345
174
358
69
184
113
10
7
136
27
5257
227
188
262
147
158
404
350
159
276
169
35
19
2847
570
74
181
1421
335
235
624
54
560
1786
16
55
960
262
11
1
75
405
260
552
1225
3219
379
78
398
359
157
124
53
138
19
65
38157
5
4468
370
16
3497
270
72
8
192
98
103
32
47
94
9
2258
146
775
175
20
193
48
997
1214
19
19
2
77
245
160
868
20
3530
15
120
838
25
36
1139
3
20
4489
252
221
120
101
92
134
2282
166
1826
41
123
305
162
4346
63
543
1
7
135
1
117
1642
131
2683
413
153
15
186
89
13
184
122
59
28
443
1
254
32
1
149
9
1773
68
29
55
719
77
2
556
41
43
194
124
469
1385
677
10
2
679
183
195
21
164
173
165
13
1307
589
125
524
339
215
241
1
42
17
29
854
407
74
62
419
697
311
337
3
71
747
2323
52
87
50
350
20
107
142
37
22
211
5
51
172
72
186
344
183
96
34
2418
564
15
25
53
29
59
11
11
250
52402
614
693
45
10
169
55
19
304
24
66
162
35
515
377
356
2884
231
13
12
9594
722
108
178
115
25
190
1
65
1115
21
13
800
49
75
156
54
112
68
10
12
11
15
1
12
98
1526
14
14
2535
82
2460
112
1062
4618
4
659
604
48
29
892
88
1556
1535
71
158
167
1840
199
1
70
116
185
664
725
35
905
207
73
251
2419
1
91
3
11
1174
1372
263
387
189
6
179
18
33
47
1
110
83
20
38
62
63
521
34
60
38
152
131
46
20773
796
1
92
160
34
552
176
11
716
1028
292
15
32
150
7027
72
185
1
336
20
569
119
67
28
204
3612
170
17
4
146
126
1049
15
280
372
877
811
207
2
27
2
1294
11
18
48
11
218
123
143
656
1090
7
2370
754
44
91
84
101
181
1
2852
586
1512
17
140
156
27
172
27
194
7
349
18
547
159
30
4
113
16
31
118
9
16
100
50
12403
76
57
45
647
3
194
98
402
671
1906
87
16
43
72
125
161
137
453
72
501
11
596
241
299
21
57
3781
270
3
507
1020
241
4
171
2021
49
261
346
4778
2158
1705
3460
1855
25
1049
60
30
43
46
8768
356
1107
56
589
19
988
2
196
881
16
7
158
183
38
514
14
18
1263
11
120
681
246
259
37
86
52
7
78
114
129
577
164
30
715
83
35
739
473
534
207
87
10
192
20
141
29
64
24
21
53
407
156
297
23
6
610
2047
42
363
154
22
245
75
345
262
429
74
7817
1
201
19
31
130
62
3756
364
1770
98
1227
322
476
32
32
1122
1
482
191
1
47
4301
1140
49
55
28
15
52
98
19
218
455
620
173
228
53
224
410
110
774
16
9394
421
1
268
146
8
231
30
132
24
22
109
159
167
9
42
413
171
85
1067
1336
1996
21
266
53
207
990
6385
460
218
136
1
220
4
465
84
219
11
2321
56
51
2
16
416
567
52
333
18
143
22
157
26
271
209
303
22593
202
1095
1295
21
668
5725
90
197
1137
70
456
351
187
56
1273
64
110
144
11
131
42
129
31
97
17
1
424
346
675
356
129
1391
26
148
31
19
20
12
680
104
83
891
587
615
76
489
58
1
1056
161
2645
976
21
111
10531
166
23
136
445
413
208
9
26
39
136
27
3
16
446
587
75
207
58
13
24
651
49
32
54
143
3
481
1084
58
36787
99
722
370
137
53
103
30
628
19
192
23
139
161
31
54
127
108
952
95
303
184
42
6
17
147
24
17
79
187
114
1
17
979
141
37
2621
22
105
1097
41
27
166
17
579
338
21
26
1179
69
202
186
20
965
482
68
26
458
49
82
3633
20
114
81
114
108
853
256
104
48
97
1677
923
2643
560
865
23
653
85
81
38
26
77
589
73
185
746
909
1
819
27
655
60
6637
6
1439
351
11
11
9
151
64
149
78
246
38
69
21
689
230
137
204
122
298
60
13
1
18
21
118
76
208
8
8
62
457
68
23
145
3
1
89
1135
143
49
1719
634
8
65
10
32
447
124
20
16
1247
31
573
18
1963
710
60
28
37
794
69
69
3672
415
301
52
61
1
532
74
1104
4809
133
716
1028
177
10
1316
40
159
58
1
17
74
646
658
351
1420
46
18
4
1153
41
1051
2069
1
548
4
14
71
71
6
44
1
21
1
11
52
40
1741
1916
2
350
327
469
83
223
48
206
806
19
1
1
56
96
54
80
30
56
100
157
109
707
278
63
88
70
105
209
514
43
132
2136
201
153
16
29
155
51
313
1487
1
1778
988
201
81
838
742
1265
108
3
1
175
79
1
763
19
4562
214
50
173
168
147
4
30
249
436
1
674
181
1
38
9
2634
21
35
224
735
430
62
165
2166
534
708
2
1841
318
131
32
8
1
193
60
1854
45
174
155
38
338
32
423
24
54
13
1
1
23
822
627
81
96
54
332
387
4025
176
78
382
668
486
115
16
29
25
322
679
143
39
2359
22
52
60
1330
194
210
32
66
30
32
195
120
21
10741
14
304
1
732
119
59
84
42
85
711
34
99
47
134
177
77
46
180
355
169
43
1061
1371
171
257
627
219
34
153
130
89
37
1
19
684
73
234
759
5
13
895
978
30
1456
16
84
34
9
247
196
143
577
253
98
88
319
18
27
12
11
73
420
30
32
374
331
26
14
488
46
925
49
1433
215
25
56
72
1
19
34
250
47
263
41
8
83
107
138
84
611
134
654
9
9
19
26
48
26
304
195
57
40
25
13
172
124
31
66
71
127
54
2122
191
1
42
2622
110
215
34
22
30
841
276
346
101
5088
92
679
6
5
288
13
1
93
281
47
12
48
17
104
75
1827
45
22
8728
71
149
19531
71
3788
175
31
744
744
1590
524
56
116
57
17
196
22
237
53
64
698
104
120
48
180
137
164
366
11
109
301
310
534
1030
4
2
89
1
281
996
6291
227
914
223
215
102
15
42
234
25
747
114
292
162
18
3
175
67
107
599
219
44
329
72
40
5
134
113
102
32
1
191
42
42
32
166
8
34
1
880
40
35
2668
20
69
178
6
63
573
162
72
1
282
172
54
154
72
32
3532
35
1
1
352
1293
51
24
5
2329
19
30
55
161
32
206
434
39
43
48
35
423
293
172
41
53
20
28
38
5
35
98
65
38
42
109
206
84
23
65
40
25
7
86
90
104
2
78
29
204
71
120
124
41
26
539
41
84
55
17
831
7
1
32
22
400
148
346
68
275
15
16
90
126
2
2
66
1214
1331
64
109
21
15
13
116
131
380
38
35
63
86
81
5
12
23
47
49
83
22
1251
10
117
320
16
24
385
44
30
13
35
45
6071
238
847
193
77
76
2660
50
17
46
151
169
54
25
145
87
2
73
109
8
1
133
58
390
1188
977
101
466
8
313
161
105
483
182
1
393
289
92
9
33619
461
57
104
69
2527
79
5
5
598
348
15
8
37
15
56
3676
110
11
33
1215
1716
692
1706
374
188
195
567
127
150
35
235
58
919
10
49
2
1
133
14
28
66
1
1410
178
13
98
1998
16
188
86
649
1701
603
832
18
127
1388
1103
32
119
1380
4
43
379
816
1022
186
65
490
1077
6
1116
84
25
156
30
173
3
36
2257
1342
1214
1079
578
6
399
1
1
1066
926
301
941
3681
907
138
7
158
101
92
296
1066
5
555
69
58
290
869
237
129
263
43
159
74
132
249
17
3647
75
384
2630
279
495
95
102
146
1012
705
24
13
667
1241
75
1516
370
59
62
1465
64
1235
544
673
1684
1
19
3770
646
149
309
59
554
53
171
838
5
384
1099
16
710
607
83
2261
37
902
720
14
35
369
10678
152
175
67
300
379
12
59
81
15
95
223
29
108
159
138
172
19
142
139
159
436
100
18
1749
24
1
1214
31
38
88
1190
17
283
1067
26
271
54
137
1
29
1261
141
724
2
91
238
193
753
575
711
45
4023
983
6701
115
492
1
66
35
210
3460
85
188
17
19
336
400
54
468
471
1
6564
114
44
535
285
534
15
35
9
640
1380
22
865
72
82
291
150
33
27
1
74
16
21
120
196
25
40
162
31
67
100
203
106
350
19
155
124
2
248
203
30
1438
112
134
951
36
216
68
27
1487
1871
27
81
8
1
47
75
53
75
967
215
5
78
617
40
43
10
815
2
111
55
238
132
444
18
1
851
17
1
576
17
578
24
154
7
134
25
158
5205
23
1769
447
1637
14717
1002
79
32
320
16
257
918
443
218
3
16
22
140
32
51
218
562
315
1342
128
27
83
13
20
28
20
1
166
326
18
183
337
167
29
42
418
52
27
18
295
207
1147
72
132
148
19
38
31
44
28
749
83
183
100
106
1212
2029
1
923
24
55
49
2
159
1066
39
55
800
229
122
32
39
137
3834
15
156
4691
22
50
70
3
795
93
53
330
30
13
633
1
195
101
177
66
7
433
233
28
259
1
16
118
169
280
221
4137
760
20
287
1
35
19
264
156
21
77
633
26
22
8
17
12
634
6
5
181
60
81
33
35
128
195
124
536
85
158
678
315
198
2454
27
162
32
26
2271
2
99
1796
20
78
849
137
123
235
144
17
151
198
1
23
28
327
158
180
92
109
4
11
106
111
133
36
456
915
34
281
22
646
326
140
3
2
120
10
159
25
23
613
436
364
9
1
24
80
3802
18
1
51
449
140
171
23
88
146
13
205
17
2
37
194
35
28
83
1000
18
18
18
350
98
17
85
138
96
1389
7
8322
396
21
279
473
70
484
25
30
19
129
61
62
42
422
35
178
32
4
19
1654
125
416
280
18
9
2090
1398
1432
39
18
142
31
4376
144
2669
3
102
91
133
109
21
27
388
147
41
20
72
64
21
467
1854
9
40
671
150
41
253
202
9441
7
684
53
108
44
32
257
47
45
114
21746
40
6
185
52
121
1
13
3034
516
6
23
1106
252
117
23
132
576
21
65
202
33
22
48
50
19
18
77
29
32
22
23
609
5
32
52
171
103
16
1
75
234
434
24
1
33
2221
23
19
96
25
301
1
10
200
5
1229
1491
25
1
23
78
219
127
44
80
15
1
48
706
1448
330
18
29
701
63
47
218
599
10
188
1
14
32
27
43
734
4
53
399
31
1051
151
429
345
266
1192
106
275
79
9
83
456
264
224
11
144
41
19
309
10
1
814
292
290
10
27
253
39
68
223
764
43
90
63
174
338
1109
18
55
113
1451
255
29
169
36
21
143
154
361
92
34
134
59
95
15
29
14
514
722
173
467
80
52
793
24
149
55
45
186
49
14
57
86
3
83
401
51
32
75
35
790
1879
64
121
2057
6
27
1
420
2
153
45
78
193
1
13
21
1
6468
73
704
239
104
195
428
31
58
50
1
200
29
5
41
2
16
53
281
38
54
73
233
20
14
184
583
267
220
297
21
28
35
397
21
3585
47
3250
15
13
1061
471
849
134
65
24
38
476
248
150
28
68
27
17
44
114
242
17
61
1705
110
1
260
9
255
5
103
16
1179
254
72
26
254
70
38
1305
18
55
23
90
71
35
1
16
69
3
6
84
437
9
37
144
61
268
330
697
55
419
25
21
6
429
306
88
2
219
664
368
1
50
134
87
118
21
24
140
32
38
1533
85
13
1059
175
198
1437
29
74
14
81
30
115
15
73
17
12
49
142
114
110
112
229
116
659
30
105
50
684
24
14
175
15
2534
14
70
73
6
19
2
42
114
22
27
99
18
32
25
24
36
41
58
97
57
18
1951
35
53
184
134
19
54
479
595
596
16
15
1
16
296
180
36
96
506
287
878
47
480
1569
508
34
5
15
11
126
45
13
139
105
121
20
950
49
46
38
15
9393
175
20
1076
1271
142
718
19
64
65
40
79
136
544
19
967
442
106
482
14
33
470
22
124
40
27
659
22
291
293
17
79
437
45
467
47
708
9
589
1
579
208
2
109
343
79
50
50
188
23
487
154
1
33
178
2580
139
68
32
182
602
65
8
364
4342
16
6
38
454
461
7
183
25
1575
81
40
1156
30
783
42
2290
135
430
45
122
1
400
1
9209
36
1
508
83
59
24
3714
62
192
99
105
93
81
69
477
97
166
631
1211
39
69
27
50
311
1250
102
4355
41
183
54
850
662
135
440
63
194
28
29
303
20
381
58
202
196
25
31
73
30
853
270
532
114
163
17
32
2926
149
613
109
324
16
36
1116
13
1274
17
8
52
286
38
1586
71
127
612
1
7
190
185
138
36
9
48
216
3788
303
118
282
1
42
72
19
19
67
12
483
381
117
1407
619
378
30
218
2990
1779
16
550
35
135
46
243
643
119
21
51
45
137
47
96
6
635
39
387
182
1856
42
38
36
96
46
454
9
67
23
73
1412
903
55
66
9
962
5
433
95
687
28
1570
1
27
491
65
4
27
965
790
1137
547
91
126
110
52
10
2133
27
1
181
34
80
22
135
2355
307
614
304
1838
126
27
166
48
43
216
9
179
38
761
17
2819
50
174
353
18
5
156
23
199
1475
558
26
122
155
19
27
976
728
41
196
122
63
166
122
51
47
51
2109
57
40
115
271
650
188
393
818
68
21
224
128
1820
40405
7
1328
101
330
36
660
1034
16
303
45
42
54
37
1055
47
203
431
1042
1
159
338
714
353
31
138
116
1041
23
144
13
14
545
45
253
47
3064
13
11
48
116
45
1
15
195
228
41
115
94
16
24
70
159
1
26
201
9
47
1
204
135
20
83
151
1089
58
5
90
174
962
132
18
15
111
493
20
210
277
27
481
26
135
48
9
1435
200
311
191
175
24
340
133
153
8
270
18
155
358
483
34
6
241
5
96
1546
540
30
95
87
5700
140
9
380
213
10
171
117
973
259
261
268
191
69
37
32
127
19
494
1555
207
132
2159
1440
186
39
1143
17
40
482
14
7
283
98
741
109
394
1144
465
254
393
1933
172
33
215
97
480
187
80
928
48
2999
445
117
10
449
2501
80
18
18
49
30
171
950
64
138
342
4035
36
1190
710
5
132
64
123
180
7234
18
1877
163
8
178
101
96
496
74
61
273
48
23
105
1105
176
735
310
1867
151
28
15
271
3
226
9
2113
39
30
14
57
1323
823
138
36
211
1241
133
407
8
8
660
93
566
119
118
89
833
19
401
101
48
62
3
5
44
2
225
155
49
7
50
173
302
134
126
63
1
1299
124
148
78
141
34
49
3
42
822
397
3124
738
25
1
72
287
44
8
396
227
364
18
123
19
238
20
2192
839
334
3378
41
1854
19
226
159
1
299
1
184
107
521
136
3165
302
31
148
47
73
1
256
275
257
57
1752
367
338
17
159
623
129
101
502
70
362
436
522
7
29
69
159
155
10
160
14
75
7
2
2
678
59
17
367
1610
318
111
28
144
100
262
167
926
15
613
597
54
86
139
50
202
33
151
47
61
46
47
34
1351
2472
591
239
2
12
688
34
119
3099
141
317
6616
1091
156
877
16
68
172
30
45
101
3223
308
431
25
1797
353
43
145
988
840
23
271
71
43
783
180
309
6
5
402
250
96
15
194
51
999
1
5
199
23
110
13
167
113
1110
179
25
256
30
193
328
85
579
148
172
20
105
265
262
19
648
7
350
157
3057
199
38
122
1767
80
111
1
12
214
1811
12
53
1
7
715
218
35
15
410
587
549
129
50
496
170
142
62
147
692
497
257
201
70
28
489
129
150
1402
28
5027
76
156
46
1515
2826
858
874
4660
24
2695
27
94
1818
372
264
24
44
199
124
24
564
179
221
27
9
127
3563
184
28
130
107
15
118
28
19
66
8441
38
43
8
119
43
45
346
657
581
725
80
340
80
411
27
8
84
106
231
7
52
414
11
117
146
35
3641
22
2861
2277
113
45
21
1
225
105
972
1492
45
1759
465
162
284
16
149
183
14
34
38
1
2026
44
1927
156
36
48
21
3085
458
28
22
201
1491
115
9
1029
327
60
52
15
22
18
638
72
633
26
75
52
26706
94
376
118
3141
34
110
1672
68
54
652
43
172
313
55
42
51
1238
229
35
769
79
161
190
277
259
18
139
12
152
148
110
271
6
45
4
1785
279
186
1483
298
42
41
12
55
129
95
141
1376
367
231
17
58
140
149
200
38
31
806
14
74
25
305
178
17
13
1
1
1
202
319
27
7
28
241
28
94
11
562
167
2475
188
13
454
20
674
8
527
134
323
411
178
8
107
864
5
85
25
6
25
301
90
1430
235
2
131
13
3
1072
35
72
66
671
174
8
638
9
495
844
39
20
29
134
193
439
466
75
517
504
598
907
413
15
1
477
97
90
15
7
70
113
652
155
300
477
154
639
17
194
223
4
160
832
78
23
67
124
109
261
4
45
30
154
2
77
12
198
9
1918
532
102
86
267
122
44
269
92
32
230
628
33
955
76
535
202
84
44
31
300
44
120
166
76
188
9
1569
118
38
10
128
249
160
1012
91
434
108
3
17
2927
286
1346
64
312
120
24
1
104
905
283
15
2
70
122
20
31
82
3983
108
92
6
23
162
515
128
1846
497
100
27
188
287
71
72
944
542
27
50
1074
28
141
202
32
22
145
1240
53
625
32
66
130
111
132
26
85
59
507
1699
6
22
324
156
192
807
50
22
413
33
8
38
148
80
51
130
60
2840
326
260
41
235
2
154
11
214
331
2
51
34
918
24
48
36
593
311
2862
28
50
120
252
13
368
185
15
21
17
44
222
37
125
18
137
257
1
51
33
22
3925
33
3409
26
9
6
48
94
224
27
216
65
7
43
2492
489
191
12
40
29
167
32
122
75
808
67
5
1
15
1473
1
25
367
411
100
198
280
27
8
22
309
78
133
40
235
318
178
98
58
32
61
74
171
212
26
17
602
28
587
144
35
177
117
90
23
31
34
279
301
366
12
114
407
1354
1
289
149
254
201
87
12
13
182
2202
185
2535
589
28
25
362
70
355
118
167
35
17
6
127
772
34
82
167
7
61
40
2007
232
55
322
696
210
83
85
10
94
24
18
1812
30
105
35
26
39
19
347
255
4
387
155
63
59
602
2
402
45
246
8
62
1
23
36
16
40
19
1
420
215
9087
728
3234
2122
30
518
71
160
1237
20
278
114
265
35
303
43
159
388
139
491
20
70
69
20
696
389
8
3
212
65
29
44
1150
833
14
44
97
309
31
99
133
271
11
232
126
76
16
147
31
110
53
799
2314
47
3
81
1
52
5365
8
21
16
301
176
1436
169
3085
344
152
3
1874
70
89
71
5
1
109
537
186
123
75
2413
4
97
78
4
21
104
33
3859
216
5
357
1
105
311
1109
3375
91
207
134
945
45
98
287
132
174
136
5
108
50
169
13
215
48
1
77
46
23
49
58
27
20
1470
180
173
156
1
36
641
1445
1420
130
125
387
248
1254
38
58
586
10
250
945
25
24
375
826
1
414
212
181
86
19
806
18
242
382
156
39
27
295
90
181
36
1113
196
24
248
134
608
390
515
10
12
88
2192
3
51
40
926
139
8
570
531
191
186
43
54
1321
958
20
3
1121
1011
1051
1
179
77
1010
26
100
47
32
67
2
61
977
46
54
9
42
87
24
17
646
20
3
33
58
17
16
15
1
729
69
1
102
73
37
644
22
11
405
50
77
534
75
698
164
93
38
397
1178
66
1868
47
404
242
226
116
153
29
253
18
384
26
341
863
81
9
12
2191
290
50
24
127
614
814
17
1975
23
20
895
71
352
1170
68
374
587
59
179
18
28
37
33
206
360
3
73
147
22
5
89
469
162
21
727
99
1288
441
113
565
21
41
124
143
10
210
48
207
97
16
41
112
668
22
91
15
121
49
1532
48
81
4
39
103
23
86
218
110
131
30
94
46
57
780
84
176
648
34
873
51
10
135
368
5823
1233
34
472
275
23
31
153
461
663
82
1486
27
353
2223
612
534
48
70
181
4339
310
31
12
1751
28
415
307
43
195
1
122
77
829
1676
462
1095
31
568
1624
62
60
250
61
708
110
6478
249
98
377
223
27
82
3147
190
357
722
1819
102
50
89
53
31
46
15
1
1
181
6817
353
17
181
7071
84
19
43
33
324
15
105
169
139
18
4
20
520
206
22
51
552
55
9
28
452
137
78
29
79
275
23
22
940
93
171
1
732
5
268
17
4
133
135
14
22
280
22
20
417
674
202
53
71
161
32
30
53
6
663
433
41
213
130
95
169
4
168
52
24
261
1344
75
26
2750
1
506
144
474
201
19
13
11
1
316
30
1243
1171
8
26
440
44
954
17
21
803
37
579
85
136
1
286
20
22
523
1
6764
4824
1
182
528
404
61
1
90
9
13516
150
76
792
35
94
122
732
138
63
17
802
9
89
197
13
47
236
31
553
33
289
140
21
153
21
49
456
143
98
768
197
127
109
368
525
36
27
7
12124
214
22
426
58
25
19
104
22
463
926
427
187
98
525
47
1788
2
22
17
19
1007
149
45
1272
159
198
55
518
169
71
1109
1044
35
195
16
60
30
360
32
27
45
1
6664
9
12
23
606
33
284
90
431
99
16
163
3772
136
34
69
599
73
54
273
65
1931
107
207
59
50
64
7
33
1394
275
11
45
107
22
214
827
242
133
154
574
454
269
32
35
119
42
1
60
59
30
69
26
25
136
236
233
68
1000
48
44
119
30
27
392
57
161
377
23
234
4
3110
15
165
114
129
542
20
72
365
22
56
11
87
10
29
76
461
274
76
77
66
1
14
298
9
44
466
564
9
14
52
10
38
18
132
603
144
718
392
1217
270
6
31
29
37
634
1
197
104
80
168
200
238
649
20
106
314
1
1
5
127
45
285
209
297
316
12
4917
204
112
34
750
608
237
15
42
198
5740
30
54
1771
35
30
17
75
18
167
629
644
27
29
40
5
199
279
4596
6093
1
13
730
1418
240
100
547
75
7
43
393
94
90
154
38
28
59
10
290
228
23
39
4340
96
82
47
93
21
74
101
16
97
201
23
242
34
161
10
210
173
316
40
9
15
491
695
48
23
1421
59
35
613
26
1444
47
146
8
22
467
24
40
890
162
96
22
23
25
11
453
422
120
1843
18
21
29
45
56
527
32
37
994
212
425
26
431
241
90
19
152
20
152
109
429
39
1
503
71
341
112
46
178
31
16
167
21
280
14209
983
2
8
30
44
5492
411
569
210
441
274
49
165
262
27
60
19
815
25
20
71
30
218
1108
1
4
132
501
296
58
340
17
62
50
148
35
44
538
312
36
37
41
18
134
16
10
690
32
19
439
22
1
40
2144
58
568
68
213
161
1030
198
22
19
128
29
105
19
66
3536
80
512
432
3938
621
1
620
36
14
238
332
12
22
5
1
8
41
1
57
106
93
50
262
1338
64
15
1125
2
16
1534
88
15
116
564
393
540
25
983
27
1111
76
130
26
197
35
14
170
933
18
100
21
147
51
120
34
47
17
177
318
707
95
1
45
3
39
531
323
397
101
5446
85
516
18
106
23
91
249
21
1
3134
224
518
181
664
33
375
56
43
25
688
82
46
10
16
42
18
1604
790
29
19
489
9
617
180
20
2
1
311
138
1
92
1
133
792
36
6
25
528
162
22
80
34
906
2
11
344
81
70
1
43
15
3
53
184
4
24
1
1
57
15
107
14
126
120
33
7
8
203
40
50
858
50
1
64
61
19
501
257
86
44
1046
50
22
705
482
101
33
619
70
287
117
107
64
70
1
196
23
134
892
4439
6276
111
1
170
132
553
177
79
222
147
219
176
21
7
58
52
57
27
17
77
341
15
19
50
4
194
182
1
66
23
68
51
283
57
18
134
95
30
151
5
125
2
4
67
46
5
69
779
1109
177
403
384
93
606
342
165
141
12
44
28
31
39
30
363
5
970
3
62
1050
183
27
139
169
27
19
203
14
1427
124
1
235
57
1283
324
8179
48
4
53
94
311
19
31
58
39
304
29
30
135
20
10
26
12
5491
103
342
18
1003
32
37
20
318
1
162
19
17
19
464
62
601
31
73
36
159
74
305
2
79
329
107
890
108
21
210
29
104
1215
40
111
734
5
364
227
988
805
7
149
617
15
37
2762
15
17
94
58
38
203
1
264
34
566
129
84
13
18
37
32
111
9
392
17
58
117
64
52
15
129
44
187
97
4
559
40
1341
51
32
30
331
102
6
114
285
17
111
2182
44
73
3
19
45
34
24
25
84
354
88
18
47
42
108
1900
6409
36
216
75
14
240
26
101
108
28
34
1159
32
48
1
8
143
50
113
413
327
97
190
91
116
53
1
28
329
1
31
126
122
464
52
119
62
38
1
49
81
229
61
6
62
7615
1
83
170
12
122
3414
125
204
88
17
682
41
92
18
42
22
15
11
17
1
787
18
14
281
61
302
55
33
122
1
155
68
60
552
222
125
1
57
27
44
85
26
25
428
25
20
1
285
256
27
245
118
121
96
37
492
1
1
200
74
15
26
102
13
69
69
123
26
61
103
41
26
449
63
67
101
39
88
1152
91
281
919
617
116
1
16
13
147
39
609
41
26
27
17
57
58
84
59
2413
3
543
83
247
43
38
19
18
1
346
9
22
203
44
29
106
451
21
51
627
472
66
261
52
3432
15
94
40
66
35
64
34
162
66
144
106
117
272
41
306
47
61
2
389
66
204
34
31
1079
27
304
46
1
602
46
94
1
209
31
60
52
9
1200
5
26
178
334
58
1
469
137
160
113
192
31
46
256
1
87
673
20
9
54
1426
81
323
229
313
561
15
162
16
54
36
214
68
18
177
186
500
479
372
42
58
1
26
33
192
192
167
22
422
8
15
1
24
144
9
19
2
249
39
68
53
296
1666
88
90
10
309
3974
771
55
24
1
81
37
49
258
18
1084
192
88
21
12
553
3189
91
45
145
40
233
28
159
352
34
217
1437
585
64
246
3
2
45
24
329
349
91
314
677
1
360
83
28
10
56
74
23
341
95
35
20
269
66
35
18
874
2
1397
9
215
217
1896
13082
3
49
168
39
183
25
417
1
200
23
1
1074
56
19
134
718
55
24
45
24
1124
3
1
24
18
225
27
829
17
22
1865
671
176
116
2
14
1
104
109
41
139
60
171
3
95
2
1
12
2
37
55
188
3
279
8
1
1
658
1064
79
50
5
104
7
47
39
200
8
60
68
127
2355
156
26
88
2
447
679
1
345
639
12
88
372
246
9
22
616
25
80
615
339
1106
61
104
156
29
17
41
26
77
20
99
20
1
20
175
106
50
44
2
15
358
168
146
1
2
3
64
142
194
798
108
35
263
1131
72
61
55
59
397
118
123
862
658
326
237
256
23
84
22
1
30
67
9
16
12
854
30
47
6
91
144
16
25
16
102
8
221
248
133
26
62
29
46
8
158
159
18
283
25
73
186
1
33
18
111
25
31
38
65
3117
277
134
271
117
808
137
14
101
45
44
221
107
47
242
92
10
138
352
16
3
108
497
29
721
33
291
93
46
844
9
334
69
399
9
40
136
215
28
767
11
12
3
70
198
37
22
114
358
29
7
72
700
207
217
168
3484
315
1795
473
90
72
1
2377
160
286
42
1
1256
28
1399
119
2051
42
41
24
44
1
6
337
15
186
44
1349
54
120
15
190
25
21
805
236
27
133
18
316
190
34
117
1035
32
372
298
506
369
617
65
1599
630
494
596
29
725
68
1119
1697
64
10
266
122
1
74
951
163
39
1
50
216
28
44
14
154
124
252
261
1640
67
228
112
350
25
16
92
372
78
750
379
141
604
44
40
777
1516
192
2
237
228
191
38
220
17
34
8855
19
44
98
4
159
36
59
1204
164
8
94
86
78
12
23
592
22
38
957
857
156
17
100
15
32
13
42
296
63
942
2
66
42
169
881
1
37
81
151
23
1
64
59
49
58
151
194
187
22
10989
499
136
71
48
47
1
216
314
160
162
185
91
46
216
19
49
39
103
200
111
1516
19
143
40
210
227
201
2
929
45
18
1524
2714
82
1397
272
29
1
1476
36
96
6
27
9
12
44
14
189
257
51
7
41
1455
56
123
52
1186
343
22
8
25
85
62
280
6
358
20
12
109
1084
64
67
16
27
9
19
27
1
174
1
105
352
98
15
150
226
33
24
241
19
981
12
27
157
123
38
355
41
127
112
47
2
96
35
3
13
1470
371
51
827
43
28
269
79
194
40
426
60
621
182
250
25
1769
103
453
213
17
21
71
1190
29
308
880
1291
29
71
26
65
440
23
194
689
177
6
17
61
38
220
254
146
138
53
375
87
1142
833
784
44
411
49
40
320
5973
77
84
638
17
34
18
22
394
463
104
26
29
29
75
57
25
582
67
208
48
66
385
16
17
1214
60
93
30
242
678
4
316
202
35
156
10
5
263
1
438
655
215
2
70
12
277
1
258
120
9
201
211
72
121
40
609
179
233
52
472
22
202
174
662
203
23
50
335
7517
215
1206
66
302
86
11
2
131
539
92
79
1263
91
249
1548
13
2330
273
142
451
191
154
358
3953
892
2072
374
2305
639
28
238
45
324
3810
13
45
3
33
8
28
479
52
22
27
168
42
25
74
47
65
312
16
54
335
2
35
19
30
47
471
233
28
449
575
8
145
16
2603
3616
295
40
17
23
302
108
2748
140
142
79
403
550
1
90
1194
93
61
25
128
10
307
1
36
381
555
34
31
1
215
6382
50
6
181
46
205
38
639
129
115
5
522
2
17
13
154
41
