79
22
18
7
24
247
153
204
4
18
14
30
215
183
10
69
112
1021
709
60
836
291
177
13
19
9
27
91
730
36
191
2
51
281
235
84
22
963
119
191
34
59
8
2
88
68
558
6
2308
168
421
1086
46
844
1142
1533
23
141
293
254
1359
29
503
14
334
532
42
172
611
185
85
276
104
608
522
1015
158
66
1
763
14
23
26
7
798
138
51
3
169
41
70
181
1121
162
69
209
1272
1701
146
3558
1321
107
129
972
38
207
447
9
313
49
308
39
4
8
754
1788
515
15
157
135
134
226
610
55
205
22
72
50
816
15
83
664
21
12
63
338
163
62
733
2082
15
8776
3
86
5
745
539
2
11
274
904
61
230
768
215
160
18
6459
115
117
103
387
1995
1421
9
145
1673
178
536
433
1113
7330
36
80
32
1897
335
95
272
195
652
142
12
42
1635
56
21
701
444
6
377
1100
620
1454
18
13
396
83
100
272
664
1315
186
1963
221
179
88
345
647
8
112
52
144
378
26
8
22
2499
149
259
34
44
167
32
668
429
47
117
61
170
142
7
26
20
245
168
105
157
10
838
1666
30
53
19
541
10
84
83
72
95
15
5
25
111
144
31
289
5
592
31
298
38
177
37
137
1
222
307
25
1685
135
19
18
25
859
120
125
243
5
266
35
790
795
78
9
238
2682
26
12
56
12
867
549
30
25
2448
28
30
27
1230
129
14
165
52
386
10
549
14
229
16
7
16
74
3
1209
3907
83
969
24
155
44
618
288
322
30
32
18
132
234
878
20
47
2143
218
21
45
4
728
2640
355
828
966
143
18
22
629
53
1510
245
26
52
44
19
311
32
497
1115
210
41
70
16
13
97
86
72
12
15
2256
444
69
15
21
370
33
58
12
74
369
4
420
66
5
940
208
686
251
112
4
310
23
887
15
496
1027
84
286
4482
8
27
68
135
25
1066
134
2832
40
328
132
107
1141
260
124
37
488
82
4
651
51
2023
69
94
194
56
38
46
19
12
110
22
370
103
249
189
8
2
1
10
13
65
612
686
20
107
10
1
59
75
116
233
714
119
699
1709
19
99
693
37
59
33
56
17
12
57
68
105
10
1
101
1311
8
12
17
35
39
636
5482
377
766
506
2027
27
2795
106
5
187
261
44
4501
15
66
87
326
91
229
1006
26
1941
3
272
536
186
138
5
571
1477
145
60
403
32
60
196
241
94
164
610
13
116
790
758
99
73
225
50
977
47
112
2251
343
1793
114
1120
281
1487
86
14020
146
1530
185
1618
865
408
30
53
9
166
785
14
31
491
478
5
124
16
203
124
2213
19
476
28
610
229
23
49
76
36
23
173
671
906
20
20
53
140
103
2168
1268
717
1398
329
1907
12
119
92
3
292
1710
113
204
328
698
617
7
1
67
44
1633
6
17
92
9
12
4644
1304
640
174
26
350
327
149
2106
1474
691
1073
62
914
73
330
532
29
1697
16
342
352
568
1004
260
70
2567
98
4021
103
37
183
6
533
34
541
2656
507
239
53
2211
10
15
14
24
8
6
532
94
700
136
2131
65
117
20
227
2151
38
1
1795
15
97
109
1767
803
26
777
1079
251
172
68
197
1726
320
540
243
282
598
1565
1736
13
14
28
65
1103
38
1210
32
2026
646
39
16
96
63
17
457
21
441
80
826
474
21
91
8
690
150
2194
326
497
10
17
29
5
21
284
14
2057
794
552
422
34
2100
73
11
224
25
1242
133
3800
1256
68
698
16
123
1053
188
232
185
398
467
171
9
107
589
5
88
134
84
126
427
166
4
79
2
9
1102
5
224
202
70
184
1213
68
318
18
564
2
45
7
138
7920
15
147
241
133
13
27
345
11
55
6
16
32
448
22
26
310
73
877
705
154
77
304
12
616
37434
8
26
97
147
51
330
10166
118
313
421
9
319
6
72
141
68
741
18
42
435
159
15
110
152
83
19
8
849
9
163
11
525
625
1387
41
839
445
359
315
7
27
479
246
179
4
26
22
731
8
24
6
16
88
185
3416
71
333
3680
317
56
726
368
175
544
448
29
1722
379
7
421
54
756
146
5
869
7
1236
48
28
451
39
4
69
66
496
122
23
1883
88
367
14
1951
95
370
390
286
41
64
90
52
4479
158
379
35
62
20
30
306
130
3
72
16
33
599
222
74
194
67
1702
85
38
95
47
8
24
119
114
239
111
505
107
59
31
93
40
1508
56
130
73
262
38
235
333
69
416
911
9
84
1669
27
483
272
1216
306
98
33
954
215
31
29
714
29
840
475
378
155
13
330
22
10
1249
141
150
795
621
162
66
237
36
791
117
2239
4480
1003
1696
1
11
1362
46
118
1639
2
266
91
279
671
1001
124
203
1459
411
1005
277
130
448
1048
541
20
9
159
35
703
676
56
11
611
313
90
365
6
75
559
34
65
148
76
2343
24
421
662
2492
615
188
274
110
841
76
150
1551
74
916
19
409
76
500
39
824
798
68
15
102
115
815
4389
46
994
330
68
43
471
7
52
218
515
504
25
201
2926
39
27
211
495
191
176
59
29
63
1547
121
478
344
367
371
11
5
404
27
5
453
395
16
326
4
656
114
31
114
515
136
610
536
6
262
5
864
29
1043
28
5
298
81
1038
2
28
743
25
392
42
39
24
263
226
11
213
490
89
22
35
13
57
265
850
7
372
12
449
13
45
1704
174
498
759
6
719
73
973
464
176
218
25
868
155
169
54
178
25
311
53
887
17
16
183
918
978
198
9
280
328
284
1555
216
1642
85
105
15
113
57
67
25
25
488
268
82
185
629
291
2809
496
18
1896
706
904
77
106
202
143
308
941
19
52
5
154
424
6
53
107
556
65
129
2386
27
108
487
66
561
45
273
543
71
62
49
35
13142
86
168
1669
190
355
1817
84
1638
144
278
3350
328
20
949
58
58
402
34
182
2432
17
4757
50
6
253
9
29
219
189
7538
196
79
8
83
126
286
20
405
6
219
343
705
240
71
1820
132
93
104
76
233
65
60
2828
1091
11
642
37
24
969
273
144
1294
69
110
552
8
13
64
353
64
7
144
344
9
32
112
91
28
101
41
446
64
979
7
1958
57
9821
43
840
405
211
49
19
29
4
60
36
127
35
43
447
2026
394
856
39
7261
42
1169
34
98
174
1082
370
49
223
361
628
39
1279
2728
14
281
2500
1018
3239
91
675
12
3237
73
175
103
1036
245
43
68
46
549
241
1223
52
341
13
12
270
884
232
418
32
400
2820
481
447
177
29
889
13
90
93
206
1724
215
67
13
6
2007
3612
188
149
890
556
146
13
252
155
104
385
476
23
75
66
76
4
31
82
114
555
37
596
46
159
43
222
77
60
253
195
41
288
56
185
104
1152
420
21
18
135
2
416
162
23
349
368
48
881
127
66
493
87
258
1041
754
23
2
5
186
444
354
6857
16
87
366
225
619
38
275
17
2277
2806
307
812
111
213
299
1016
24
28
239
220
289
287
22
603
71
39
10
2308
169
2097
12
800
868
137
68
4292
187
141
163
557
1766
378
41
343
2740
830
112
657
11
39
29
149
51
12
239
280
14
1168
92
69
840
817
100
206
51
11
4
178
1478
2076
10
88
270
300
2723
2181
888
181
47
280
841
98
1424
408
121
182
253
30
128
21
18
91
27
258
31
594
479
29
521
105
835
231
42
20
1649
142
1162
535
33
181
359
118
6
12
592
245
72
263
68
1600
376
84
216
2016
64
102
3348
717
2562
504
62
1091
200
140
10
104
430
307
243
938
233
225
250
44
7
47
2
254
1045
20
295
172
679
13014
5
25
1790
94
164
108
37
31
146
1856
299
1053
806
319
3410
143
1356
310
9
2270
1042
120
3298
263
481
725
100
846
155
749
20
2016
39
51
51
17
110
93
37
85
59
103
782
1
296
986
384
1002
32
19
1772
67
23
74
14
212
36
231
315
34
1674
1199
641
49
1414
506
270
110
733
126
619
5
2086
1168
82
487
1426
136
47
567
173
195
150
8
29
717
308
11
528
1651
20
3936
55
282
5788
245
240
109
208
196
96
370
172
250
181
873
64
802
121
6
344
817
311
526
44
350
350
76
5
231
418
3650
385
566
5624
25
20
45
1906
1748
61
295
72
859
401
409
75
611
7
91
2885
491
288
671
578
83
333
28
91
288
129
136
449
59
2344
970
84
9
199
3549
113
66
309
1759
479
209
272
8138
1732
2122
140
1428
89
362
200
337
461
7
65
612
168
356
2170
989
233
4084
64
923
360
5778
3524
635
107
342
4
5233
169
69
152
103
2055
104
216
718
182
859
128
2537
1153
14
224
986
586
1019
1349
13
582
2422
110
409
63
1014
324
256
19
1225
596
306
161
4
345
28
11
1379
176
32
25
30
36
6
775
23
26
45
15
19
2
11
44
6
724
27
234
30
208
2489
44
37
100
22
1
345
3254
17
56
141
406
436
34
12
217
7
207
119
55
50
1243
13
307
18
3
31
76
318
37
858
151
1176
2341
7
264
159
25
159
56
475
358
836
144
5
3466
425
20
78
406
33
377
18
896
46
1191
178
1412
69
992
46
50
893
39
484
589
9
2588
472
702
208
199
575
436
282
241
32
1518
501
598
64
624
1736
718
169
118
72
190
52
520
1553
293
45
561
235
17
20
122
43
339
106
45
492
79
75
69
318
1423
189
154
200
454
1122
1918
67
111
14
258
206
79
28
2527
2
5
486
1460
106
3435
110
173
591
172
358
23
5
1320
47
310
247
558
322
150
6
175
2590
38
2298
226
994
314
69
4932
59
131
83
43
484
70
144
375
430
437
9
332
36
3655
285
33
47
28
315
23
39
371
661
94
35
782
892
59
51
1390
30
193
498
427
78
463
33
772
1756
854
284
42
47
154
48
40
7
15
1882
119
24
838
6
157
267
408
120
7
295
120
82
156
118
133
331
123
86
486
18
45
10
145
1023
1407
475
107
109
26
1268
707
10
25
44
444
105
908
32
272
10
528
979
18
272
12503
4207
75
533
153
183
44
53
37
48
14792
97
171
764
102
64
511
119
1162
368
131
75
119
450
14
12
115
700
21
351
115
9
39
5
324
40
78
487
270
32
11
39
2348
200
514
824
143
406
23
102
496
131
930
1048
343
2646
1980
81
7
239
178
163
230
23
894
21
89
616
26
2861
41
395
22
19
26
77
62
66
20
443
3
81
241
560
765
243
68
14
169
29
2
471
509
449
1854
1355
302
10
90
5484
148
253
21
2789
2311
58
131
82
229
233
2031
2645
51
80
3472
225
1012
311
153
129
40
3709
1149
369
466
319
78
16
831
475
231
163
864
5
74
28
21
1466
40
208
205
149
325
589
1811
453
41
449
1
165
455
53
20
689
446
542
31
78
5
492
1709
51
47
255
138
7
1741
231
17
328
237
54
16
103
43
691
1040
438
17
103
353
22
61
8
944
109
34
596
452
691
574
271
88
15
113
66
1215
49
394
868
769
33
62
612
108
13
67
52
340
388
307
300
154
1172
7
379
32
192
25
120
189
494
464
37
129
185
58
251
283
81
286
402
1
33
945
1335
221
393
189
239
3
41
224
103
458
327
1348
12
720
5
189
99
435
519
524
193
16
432
168
8
168
1151
292
193
200
955
810
43
460
2697
401
282
201
69
97
19
45
498
101
16
232
2
17
80
10
21
50
55
441
92
64
103
411
5
214
251
4891
11
65
16
283
90
9
19
102
11
186
266
13
16
272
214
69
530
236
860
47
312
135
959
730
146
94
101
3490
156
170
209
95
38
232
4454
97
124
60
11
126
183
2728
58
1790
105
286
119
118
11
22
2335
1273
120
875
2241
10
89
16
2098
52
13
306
6
15
41
102
156
62
187
70
417
41
128
445
97
130
276
32
23
77
101
8
55
44
235
206
2
17
2041
19
39
107
715
10
1276
251
88
159
175
28
680
245
356
87
151
816
52
251
1337
376
153
18
28
122
52
78
50
1951
136
211
38
83
678
957
58
578
107
1816
233
80
318
205
839
410
381
25
432
3990
199
148
63
245
145
63
135
20
353
127
143
80
92
31
99
216
130
130
2587
19
46
1412
2056
170
252
176
42
128
179
152
20
48
110
468
544
360
639
82
77
48
11
11
44
190
11
7
56
17
516
1
20
257
240
701
38
153
16
26
881
204
353
110
1112
1410
35
140
67
78
210
82
56
217
229
20
182
813
17162
3
172
8
118
214
256
308
2
36
23
16
9
10
267
279
697
540
95
428
237
46
560
135
74
60
274
28
37
144
1055
70
1824
1003
486
248
30
2
1004
16
37
195
36
18
22
48
237
10793
240
7
21
14
239
4
113
23
60
61
315
257
71
276
263
2017
354
377
36
401
90
473
23
112
60
145
9
250
144
1119
39
547
3190
429
69
26
16
542
660
81
44
4
18
72
662
653
81
276
74
137
8
196
83
1003
39
693
751
267
212
401
106
88
9
326
790
327
504
978
31
41
193
31
29
858
12
2249
115
93
122
18
174
82
1843
182
254
150
18
876
24
37
58
314
1172
150
1
144
431
26
37
280
71
38
8
2959
22
3353
261
97
35
32
420
175
12
1425
219
2448
55
45
13
243
505
1421
331
21
39
117
32
5
57
645
28
1795
28
173
1417
67
8
107
240
119
15
50
27
19
23
15
38
740
546
1443
549
6
1556
472
981
2488
150
408
226
190
16
469
395
5625
38
27
450
10
13
222
1542
42
167
2
12
3452
35
88
223
12
31
138
79
136
15
10
43
443
9
1444
59
527
3167
11
91
166
33
3876
2742
92
18
9
91
112
858
817
119
36
33
4
95
1573
825
86
32
153
53
658
413
224
79
1445
61
1193
1122
7
112
96
163
231
802
146
10
295
66
75
55
34
115
138
53
165
16
48
5
271
175
38
1172
343
71
98
32
94
816
120
93
754
267
10
37
68
4173
140
740
8
26
440
1161
50
59
73
7
4683
26
91
235
678
45
106
105
23
48
200
1136
48
5
446
758
386
1363
39
13
90
21
41
23
35
227
122
86
32
2240
205
165
333
220
12
110
331
196
655
1135
248
290
192
243
588
387
349
420
146
3405
175
33
457
20
336
231
1059
19
8
124
207
28
636
165
1256
127
456
35
710
156
115
19
54
136
59
16
57
22
39
140
70
184
8
62
115
11013
48
69
76
283
964
88
402
35
460
2
7
539
59
185
39
551
1814
1033
165
1978
6
209
139
82
81
507
1227
174
72
526
518
211
22
137
1229
396
88
282
147
19
2980
89
16
211
62
47
30
80
370
50
34
73
198
129
659
128
51
39
120
33
9
58
26
459
121
91
116
16
7
215
213
1087
203
1680
67
663
51
54
47
35
126
15
124
3
898
8
28
305
7
94
43
2476
416
972
233
30
12
1671
114
1019
76
40
49
58
13675
95
292
202
32
6647
638
295
8
367
56
78
1079
847
93
189
99
310
7
626
333
205
11
203
2020
243
118
1354
61
136
66
52
850
107
135
131
164
23
73
202
19
39
39
9
120
152
40
54
165
1824
229
172
113
1047
431
120
63
291
54
129
206
94
36
80
303
1057
1416
143
260
123
1101
330
694
28
306
696
458
700
237
214
994
120
960
202
250
439
45
2
532
46
6
1023
54
45
73
21
93
5
265
2019
164
446
98
211
164
41
861
2539
82
150
123
16
292
1569
790
135
21
7
89
14
43
29
93
116
607
193
601
57
414
43
5
75
18
39
83
1024
92
539
105
88
456
92
1349
558
17
22
404
610
1088
334
1584
565
18
38
29
398
45
318
233
15
58
174
237
54
24
35
1559
540
340
501
1763
2682
15
83
1480
1018
794
57
84
134
22
35
455
30
1602
77
164
222
2482
2299
23
17
443
1501
995
155
187
28
232
977
46
98
36
307
313
4415
1
179
261
1
2696
18
551
1278
131
736
58
5
42
898
803
442
75
97
1225
32
997
10
150
653
174
73
153
395
141
441
75
8
245
391
54
205
44
52
14
19
279
158
1137
30
49
138
96
73
75
12
17
1643
134
11
79
1634
378
490
3
120
34
279
529
180
4
319
22
147
34
441
206
448
397
556
311
10
21
90
680
10
108
959
26
91
1443
75
686
97
4
21
238
20
65
20
95
20
206
656
78
309
13
64
31
467
2466
86
7
154
890
269
363
48
442
95
558
9
14
11
101
20
263
82
26
251
29
84
65
53
251
35
6
82
44
19
43
50
56
10
159
104
275
92
5
573
2338
694
258
673
17
33
299
7
19
4
116
11
132
349
765
155
198
157
20
15
170
38
43
488
42
9
233
2524
56
7
23
245
114
138
92
207
444
814
69
30
35
22
1157
850
72
37
110
13
169
2438
59
17
59
277
86
280
38
221
436
139
9
193
111
52
1
127
142
177
1120
10
446
1027
9
472
138
30
16
5
100
751
442
73
622
1830
297
49
832
143
420
240
26
138
358
433
20
613
88
181
2082
14
1240
305
109
14
100
18
181
106
110
15
50
11
23
24
679
890
584
34
98
95
659
552
2
300
4
21
4
32
66
39
322
288
728
991
54
569
42
420
48
161
79
503
226
4
17
105
30
89
67
132
171
59
62
9
25
2406
32
704
35
47
39
864
1056
183
1785
222
259
168
96
688
45
733
6
172
1
1334
39
109
199
45
226
4
990
199
10
32
5
356
1327
2179
70
17
342
10
54
1356
89
2529
260
107
602
622
97
224
350
21
1366
567
133
516
37
110
361
46
20
327
852
1181
81
51
49
92
118
740
539
249
560
99
456
441
1210
246
5
9
121
4330
294
35
1399
18
5
4
99
384
302
18
563
27
49
18
25
202
255
10
61
16
30
114
120
39
566
414
236
248
29
221
75
322
144
16
211
32
11
154
346
1130
9
329
226
23
93
69
122
297
10
50
54
18
382
181
853
54
6
90
353
376
268
70
106
212
25
34
31
48
367
101
219
12
341
320
680
70
353
245
8
911
6
1573
99
32
4813
132
10
317
338
2370
3177
36
397
128
117
16
302
33
34
37
61
4180
31
18
323
3555
1359
17
424
33
84
216
2374
13
135
34
64
398
64
101
6
64
271
167
6659
35
8
879
128
276
103
15
4
43
25
120
32
4
66
7
306
219
67
730
608
66
285
555
179
1826
190
6
7
34
39
218
136
151
25
11
2146
21
4
80
275
33
594
6
93
72
2864
76
10
280
334
17
13
84
219
24
97
34
58
269
142
173
12
7
338
243
12
203
320
37
437
131
27
45
429
879
475
17
111
8
1762
2295
1338
109
56
12
289
100
40
346
12
1234
1787
632
133
24
138
198
841
50
10
246
49
75
34
202
209
113
102
247
125
28
129
194
34
25
140
18
53
200
355
62
1040
2161
7
217
237
153
186
16
1721
136
61
314
21
425
152
5
1915
1249
153
255
116
16
3
80
328
47
147
1913
286
15
531
316
32
82
66
772
189
1275
356
47
1207
157
23
55
199
816
80
82
106
33
9
17
50
188
21
15
574
292
75
448
40
92
76
57
46
87
360
46
49
8
234
80
185
3918
141
1316
49
10
180
2854
98
89
308
1141
8
92
224
30
500
2677
829
47
22
11
20
293
1133
370
507
92
216
331
22
570
718
257
548
254
171
16
119
1044
86
258
406
48
468
53
1806
3
1517
1148
830
4
113
337
78
2396
1
327
168
154
105
272
8
321
9
23
85
518
4
46
279
219
133
50
1
95
402
253
80
468
3
7295
18
47
403
43
59
30
101
957
239
3142
20
25
227
216
206
303
40
54
831
71
20
40
62
115
28
13
41
12
21
2291
84
878
81
1699
262
404
270
21
4630
188
983
313
94
292
1443
48
919
3200
329
67
10
94
68
85
1031
114
20
1730
26
129
25
189
12
134
576
136
32
2540
45
180
39
53
67
1297
125
252
388
113
45
729
167
120
207
11
120
588
396
19
889
74
156
73
276
252
16
66
113
54
18
1
4466
24
306
39
16
180
28
52
401
846
1357
1867
170
152
9
315
65
994
216
27
7
26
14
617
26
16
46
17
131
119
41
152
366
90
3006
29
8
506
332
149
352
619
195
9
73
422
867
10
34
327
4
2375
322
1867
62
336
153
7
531
299
98
36
12
494
400
9
371
29
258
67
779
33
13
261
172
590
231
122
114
69
87
687
1715
27
107
1338
537
229
14
113
207
99
324
36
844
711
180
540
554
221
77
438
11
19
689
333
37
194
27
506
46
1295
918
782
31
334
1560
228
114
200
1482
1327
582
1
82
700
13
177
62
335
8
235
43
140
21
1313
709
81
223
1
567
35
26
580
52
227
88
69
2094
79
19
3228
28
85
1381
109
567
572
82
434
2546
10
124
552
29
937
308
1177
21
7
10
43
24
201
325
160
400
367
97
1304
54
80
931
223
104
39
1999
2353
4
16
75
97
106
6
36
12
40
222
354
27
465
583
247
49
27
14
49
163
84
58
818
1288
312
12
358
820
90
54
404
96
542
717
2426
38
2
200
88
307
311
110
36
745
130
65
106
7
68
3566
121
565
150
110
38
6
54
51
59
124
171
2507
2868
6
89
65
225
40
193
159
839
164
511
426
1217
73
185
142
191
13
463
39
7
8
296
121
3
270
1342
684
18
748
184
187
8
162
26
596
11
26
2367
57
68
78
21
1043
225
1166
646
6
1079
4729
653
648
84
36
24
78
3457
145
85
377
38
1804
625
136
171
159
73
16
302
131
236
204
89
282
179
974
123
19
2610
98
267
8
759
131
1682
1109
201
152
34
2692
24
57
65
65
751
802
22
45
465
246
294
275
6
208
69
321
274
203
5
6
65
448
73
1426
38
2
267
917
39
541
297
26
1209
1657
106
19
394
151
63
364
88
170
46
860
46
236
115
26
20
113
38
254
116
722
145
1807
23
285
1714
320
37
508
40
63
113
195
94
58
75
168
255
32
81
1
642
421
250
74
4567
74
99
167
497
1995
1679
769
4
104
221
14
609
4992
1050
21
154
332
769
78
1609
658
15
147
348
114
114
29
64
225
237
31
162
46
148
10
172
253
191
369
607
39
106
94
580
396
801
569
124
384
290
18
762
74
219
264
446
1
249
5
254
22
246
28
92
18
155
386
31
125
2351
9
423
334
41
535
1
300
365
597
16
3
207
751
657
72
201
53
31
86
253
21
573
236
262
163
235
34
14
73
341
305
937
46
62
42
3
121
452
115
21
15
118
65
10
240
12
40
189
12902
53
315
48
7
836
373
1210
100
297
803
3267
78
22
45
675
50
324
7950
705
16
631
4
95
1409
107
268
471
764
158
21
108
405
11
163
73
733
420
377
77
27
449
62
29
604
329
215
2562
242
36
443
320
36
32
214
124
390
137
29
62
40
704
143
70
84
238
127
569
34
10
1234
4
220
101
185
157
197
507
1356
40
297
507
302
2633
438
58
53
20
38
555
16
300
122
435
307
1
1565
81
618
15
385
24
341
226
404
289
34
85
1096
123
382
1
886
90
796
845
12
358
39
12
10
75
78
77
271
1402
847
57
56
859
59
307
222
403
33
31
614
17
1717
57
37
1359
358
975
336
3905
45
718
72
35
123
573
139
168
47
131
60
34
93
71
35
1224
1746
1119
1683
153
805
141
57
535
37
377
134
4
444
19
7
3575
30
82
139
1716
4714
2240
119
60
403
164
184
205
369
17
347
490
263
165
338
148
26
69
88
26
41
122
28
282
3997
47
72
22
213
201
852
69
637
370
76
196
4
584
42
59
206
600
470
121
164
110
12
10
33
435
43
69
835
745
33
442
149
404
45
33
512
54
66
33
78
23
532
221
236
95
397
558
180
151
79
485
143
369
1249
435
133
109
54
36
389
673
109
95
227
13
135
68
212
25
98
1456
1
33
1803
5897
492
20
170
212
115
316
348
37
118
1200
876
608
406
53
339
33
206
4227
58
37
2090
5
22
59
12
550
312
47
331
77
60
2226
1127
436
410
66
88
27
30
12
42
86
33
304
530
10
17
999
9
18074
114
109
474
694
490
1175
416
719
493
290
136
234
22
4
24
18
59
5616
71
13
2799
383
36
139
496
26
276
96
130
67
1029
2766
62
1055
67
166
288
498
39
119
92
54
5
1113
50
47
133
70
95
13
41
269
455
46
1051
192
23
223
85
808
2151
9
76
406
211
108
12147
1506
60
454
48
8
5
13
9
23
329
10
76
122
26
711
143
10
206
694
62
303
25
43
32
1152
1837
50
1108
982
381
2313
92
112
289
895
181
311
127
4
448
676
536
16
57
683
19
214
93
473
48
49
9
13
171
18
83
54
116
720
702
2308
14
73
116
117
320
28
153
32
46
81
89
494
1504
46
337
45
103
33
217
2294
271
97
28
252
1641
10
96
55
62
1745
663
54
1462
38
188
22
36
9
35
24
68
49
30
94
51
68
1030
653
65
32
557
98
819
1475
395
125
466
773
82
1036
11
628
325
38
104
1457
203
361
30
39
61
33
169
1133
83
24
230
52
34
43
31
7
10
413
264
18
452
176
26
2183
89
14
2332
86
211
183
114
137
12
7
52
55
106
174
162
19
2192
66
35
442
275
505
6
24
54
34
545
90
10
1156
129
126
1
270
13
236
596
1016
53
12
602
68
21
227
123
2784
133
5
270
264
769
312
54
14
46
152
14
4
629
35
39
370
101
51
3678
2
5
189
256
29
56
24
200
224
163
1611
388
55
785
444
35
23
98
3
24
13
417
8
3179
12
3956
118
140
627
228
33
60
345
35
569
491
187
781
366
12
114
263
16
17
27
652
27
143
97
48
510
170
217
634
163
759
149
2304
66
71
160
34
354
4937
59
94
252
187
6
54
42
23
38
452
204
179
22
65
251
35
33
101
85
761
75
39
31
689
282
90
5
95
94
573
21
80
42
48
142
139
361
381
19
269
325
19
21
208
449
375
471
519
26
23
62
89
23
105
1123
90
415
16
671
24
5
228
52
44
130
534
23
21
14
1570
173
810
688
19
179
51
41
383
11
28
2023
89
63
36
216
145
468
82
56
45
782
195
123
23
163
3561
1189
1005
529
28
62
1755
484
24
81
17
140
80
221
14
162
45
47
1254
102
156
41
24
277
2
411
33
39
678
156
127
1625
822
199
47
336
6
35
289
13
3209
28
144
377
131
89
1337
28
1530
31
55
74
15
226
24
78
131
41
313
50
457
6
40
638
225
569
34
246
94
572
1348
1650
637
2475
399
137
13
109
11
332
132
5885
82
3085
98
17
1091
10
13
224
11
20
1651
22
69
27
15
36
180
28
33
1
41
1378
13
262
100
107
189
79
76
133
865
53
58
236
6
458
1355
1256
148
271
9
21
1504
466
35
13
1179
561
434
86
87
146
85
1646
132
27
17
81
565
136
163
99
302
101
56
110
1645
210
320
70
28
148
550
50
47
1655
19
7
1514
1246
222
4
127
1048
45
25
304
87
100
260
10
207
715
788
32
7
11
121
535
5
208
15
289
110
889
49
136
12
5
3383
1242
46
48
169
298
36
32
61
387
180
110
14
308
204
7
1223
49
1479
465
150
254
14
13
309
5124
75
179
3017
19
1
47
1177
635
27
36
911
35
55
30
1124
33
72
165
45
22
32
1259
179
73
270
19
33
302
33
901
653
213
123
724
401
333
93
60
188
11
34
308
477
955
136
14
44
66
175
1643
1363
91
145
42
414
117
261
419
7
192
2
67
147
185
1325
345
327
130
7
223
239
102
8
658
34
114
115
85
803
811
12
9
578
86
183
655
682
18
1764
66
27
20
2
504
6
10147
45
2914
88
16
2
66
32
18
415
12
27
9
357
57
2764
7
15175
54
31
562
318
150
180
293
1002
312
163
483
116
567
6
316
32
558
490
4
555
24
1674
11
574
10
390
17
13
431
397
51
1234
1998
9
51
32
1536
128
12911
31
112
2564
65
38
21
7
35
107
104
11
157
14
21
252
33
2
551
13
38
2883
9
669
24
28
70
41
1365
14
57
204
866
142
97
2
33
31
38
57
143
23
57
109
14
69
40
31
58
31
50
18
86
34
739
198
29
234
8536
12
1149
49
3819
11
436
23
157
1389
304
22
33
263
133
89
38
135
23
2183
21
50
539
648
283
728
120
209
336
372
188
8656
57
89
88
563
296
42
157
214
135
22
48
110
2291
21
148
39
114
197
38
455
237
365
403
43
14
558
227
309
80
884
104
564
234
158
544
391
25
40
228
136
414
426
334
58
34
249
60
83
232
535
3228
134
338
296
53
184
36
110
187
756
385
359
146
3
55
21
165
559
141
7
91
101
87
814
188
1067
41
131
121
224
1845
114
316
250
658
406
90
1015
19
652
2
586
1818
410
28
44
406
94
147
546
17
320
21
4
266
255
155
758
497
204
6
544
75
126
1895
259
233
8
64
804
168
470
103
192
306
107
6
531
579
20
44
96
219
201
88
322
70
109
282
33
1
337
88
137
27
9
6
17
8272
1391
4
363
47
42
326
88
566
49
16
33
100
204
58
1825
5
14
3
291
8
119
42
57
638
19
2221
1554
600
171
154
42
16
42
7527
65
53
139
43
383
116
1600
85
89
18
1503
420
550
67
59
34
116
434
16805
123
66
5
196
49
89
21
698
181
170
519
15
904
101
890
749
282
87
753
810
5
71
108
177
165
65
18
1771
296
70
1111
1
15
12
17
36
399
11
348
33
1908
1382
557
274
784
760
537
1941
17
2325
2272
724
348
574
4682
453
424
17
1
885
40
6
422
56
1252
155
187
421
20
638
53
110
909
540
634
208
1803
259
824
90
20
210
229
1188
163
41
64
831
932
113
296
572
155
589
250
623
80
180
82
158
432
781
720
16
213
13
143
21
628
1
1015
771
44
12
294
25
344
101
60
77
412
656
500
123
621
508
396
395
623
79
12
187
1502
169
108
219
18
110
18
161
415
460
73
24
113
57
289
606
102
44
31
376
4
827
270
45
241
1942
164
256
410
299
675
188
151
80
170
13
1210
763
252
579
244
926
122
155
15
708
6
622
35
136
282
153
435
78
3144
338
46
624
103
79
379
162
24
95
30
12
82
37
976
37
1036
36
1228
638
24
1
212
256
46
442
35
245
4
106
290
20852
219
151
21
717
1963
575
993
83
1539
755
412
2215
73
477
337
32
193
8
76
651
383
113
2191
7
287
1194
24
758
332
76
14
540
226
56
819
198
56
207
156
100
91
42
1579
22
93
79
714
1267
5
327
38
37
1425
1841
1859
99
65
2596
224
81
134
86
319
18
171
632
231
87
328
385
116
382
474
703
470
1080
1805
162
84
246
75
865
238
60
470
48
99
198
19
455
749
349
277
275
152
159
322
140
1429
63
2572
413
1334
52
62
171
28
3567
61
1832
25
235
6
33
319
61
473
174
1185
532
1
15
6
948
45
121
75
28
402
192
105
322
125
24
185
31
129
57
87
15
80
48
1325
40
201
173
217
35
28
47
211
610
227
1436
3
248
8
357
12
39
111
117
7
75
432
3
5
173
520
485
1005
121
994
247
6
567
135
463
68
208
55
37
110
339
190
916
119
69
104
26
96
63
10
403
23
1034
1054
16
416
632
39
36
979
180
79
230
55
207
56
4716
132
1073
123
122
4
2831
68
157
685
2633
3768
40
11
260
1204
151
200
222
116
12
164
534
375
37
1
200
368
104
331
615
158
496
207
764
29
155
818
226
13
4775
630
5221
367
561
1958
1137
8
21
59
122
317
76
29
17
618
79
92
640
14
3
124
678
4789
252
8
35
398
287
343
20
2387
95
54
684
131
69
950
19
204
1018
13
6
725
104
2264
81
31
48
77
44
341
267
89
175
2042
161
213
284
7
4
68
79
96
28
273
12
113
24
223
170
5
995
324
10
99
205
663
51
110
561
219
2
8
1317
598
3153
158
95
434
420
13
240
24
476
335
51
122
49
206
489
160
34
114
13
11
112
11
395
98
501
26
482
660
139
627
96
5
1242
152
11
13
176
88
138
8
965
53
198
38
116
177
14
850
6689
508
3764
6
852
428
50
932
11
105
231
260
10
7
1559
470
9
81
11
5
2787
158
589
19
108
146
39
73
12
1
36
2084
353
606
82
3870
243
955
505
35
74
294
299
397
560
591
8
7
106
86
447
45
8
16
239
20
181
123
47
171
8
732
483
34
19
11
2211
143
8
76
227
47
112
54
337
145
120
172
128
290
943
980
1290
18
60
305
783
274
2056
192
1427
1645
515
65
130
764
171
1304
2
113
74
3097
207
142
69
173
1310
35
158
26
420
104
29
83
297
48
117
51
302
186
6
1
1723
214
12
698
7
820
336
261
336
13
5370
19
69
793
266
41
509
627
261
6
16
533
457
155
166
132
383
155
23
41
117
114
185
2
73
24
123
67
52
44
19
332
9
21
237
10
8
3428
54
39
10
31
1742
93
55
91
43
1635
72
77
63
59
1934
1999
127
274
141
598
120
2363
21
6
26
220
444
6
120
117
66
105
38
13
7
128
63
323
350
91
2273
75
57
333
231
704
321
43
4
49
42
758
569
92
49
55
40
128
657
253
91
207
240
3
1588
2182
42
28
25
733
36
45
167
406
888
812
52
273
216
44
7
2151
109
24
440
40
1767
104
407
418
128
403
259
18
14
3721
82
93
461
23
158
86
9
410
144
613
26
79
23
16
70
294
62
63
146
51
148
220
2066
331
18
2705
79
5495
200
402
170
93
342
69
7
35
2012
113
71
752
2268
36
29
33
425
10
51
91
1035
75
16
541
290
30
5
11
284
249
90
1589
46
50
1133
767
46
270
39
65
101
27
280
48
190
220
334
212
573
784
227
497
3216
638
59
196
497
72
93
651
23
356
268
73
2
110
417
233
323
87
10
429
286
490
12
124
65
14
525
337
80
143
29
565
493
34
41
23
22
1074
95
181
18
735
158
95
52
440
34
196
20
144
340
408
546
219
257
7
43
135
813
111
15
3692
238
282
978
939
50
48
1460
272
60
290
90
203
737
69
128
1585
568
152
21
124
369
52
1293
99
162
588
111
1185
175
2
7730
275
486
96
100
1041
47
559
36
340
101
137
63
1
134
205
233
383
116
469
65
16
308
288
11
167
450
365
20
409
134
781
11
34
65
28
16
528
