17
59
265
33
34
157
16
1
49
374
19
479
691
6
51
98
8744
455
931
48
26
3
93
1556
944
378
1080
6
37
147
3
15
1595
231
60
489
61
788
100
123
68
734
469
54
566
56
5
620
59
50
634
1
37
29
75
7
1
31
12
18
20
45
7
25
375
1276
69
896
3
1606
215
189
148
1716
65
1117
36
109
365
1285
39
166
643
17
41
80
1
338
317
349
8
31
154
3
257
380
505
36
60
253
511
39
720
57
14
56
200
16
1065
41
5
60
252
233
2503
1268
12
37
329
5
299
238
163
1254
1180
1
1721
23
429
18
24
173
102
9
155
1
372
2954
48
27
372
47
72
917
11
258
19
228
369
38
801
23
10
52
51
3469
41
3
5
905
1
209
17
225
909
707
22
649
1108
1087
3749
551
13
2073
390
17
9
54
352
76
2002
31
16
154
3
277
341
311
1697
1
26
266
1825
52
4
144
81
369
1285
2356
5
42
895
4
62
296
406
90
67
19
247
908
92
299
121
134
29
258
918
234
70
363
297
57
496
626
13
15
1832
75
1147
2
1305
45
1
631
144
1702
383
299
236
2393
1073
1434
3376
395
63
385
783
66
27
642
1003
452
4
413
568
1482
5
550
33
453
3
12
1
35
267
35
997
2230
504
609
738
29
244
14
683
6
760
731
20
14
1446
53
448
52
14
27
86
405
58
8
1453
269
84
1097
6800
2146
543
79
590
74
6
2190
388
108
547
1214
2090
500
30
980
1388
1505
2195
21
1108
21
1187
365
1116
147
48
23
2059
84
704
42
20
274
20
183
696
48
39
239
908
46
30
859
134
1189
17
1394
165
2208
488
1527
31
36
158
17
633
14
181
53
31
284
386
5914
283
88
379
996
397
11
124
38
13
465
36
40
200
35
24
91
243
26
456
4597
1
67
16
1
48
2339
210
42
19
106
60
60
122
14
4
57
97
32
21
1417
1
737
189
753
920
2
883
188
445
121
269
210
15
9
745
240
560
121
34
79
78
626
545
239
1
70
128
26
18
1
109
163
525
398
71
51
512
100
379
51
107
10
11
774
770
15
5
693
36
52
843
58
209
18
1
433
478
15
709
74
99
812
41
20
7
215
679
255
39
326
5
988
1232
47
285
170
20
471
12
962
61
27
117
213
116
23
21
554
13
8
17
572
161
105
317
1878
292
41
217
2199
102
1
580
1038
957
35
317
19
95
939
13
153
43
118
3175
173
5
41
406
1
2
303
1
330
931
12
109
366
163
1192
863
2263
152
369
3838
6
202
818
70
11
10
873
263
116
51
8
217
30
740
31
86
3
39
13
9
947
66
2487
97
671
114
114
941
32
173
55
61
290
175
868
4
68
252
709
314
62
33
439
55
762
774
10
14
224
12
3
10
780
43
12
1
53
1074
59
1141
88
2
18
802
177
25
32
25
220
56
42
2
70
174
13
34
223
53
12
23
104
285
30
4
598
2851
457
26
2
1194
777
222
3
19
10
62
354
12
644
37
23
7
358
35
190
1448
847
682
35
32
551
1630
712
10
749
31
3
214
19
40
38
93
42
16
11
56
14
485
8
137
328
7
222
1777
482
4
13
98
104
9
1
1265
77
196
49
6
6
20
34
1476
62
2
24
20
24
20
1647
799
7670
43
137
25
305
1361
1
3
298
983
24
181
2
954
82
3
37
6
36
23
29
10
15
135
4
37
15
124
967
131
24
25
789
980
24
1
20
692
10
69
464
102
430
127
18
245
37
5
189
250
2658
1
5
2925
56
4
24
13
2461
2
372
11
40
411
6
1456
133
610
30
671
1204
267
295
144
37
35
1008
16
184
791
2493
31
37
121
343
335
27
79
813
82
27
2
37
29
952
3
189
14
55
7
600
1515
12
1312
75
139
4
39
6
336
3
4310
116
8
334
837
11
25
55
7
2306
301
804
22
166
383
160
1388
11
671
270
13
44
99
34
46
58
53
35
50
13
72
1995
571
3
46
134
60
626
121
118
6
3
132
44
850
17
117
742
49
3
44
1715
1122
355
551
1670
2
1465
442
136
78
1
67
250
3856
321
1052
115
172
120
1
59
21
230
263
776
589
1470
9
7
27
209
13
1079
223
105
22
15
56
33
142
126
217
139
13
733
855
252
885
898
62
58
25
15
138
826
1686
460
2832
4
138
962
56
81
50
2070
14
259
358
305
954
493
82
266
1444
117
17
745
1
49
249
1057
836
13
19
657
1926
1284
5
53
13
1
11
363
201
174
45
13
234
9
8
341
301
1
76
679
17
182
36
229
96
63
204
40
473
290
238
133
595
1138
1012
92
294
4
838
311
6
59
29
50
28
1286
75
17
2055
11
143
12
57
106
13
110
907
6
395
1392
85
325
6
399
18
294
283
10
22
87
1122
327
1842
41
11
56
216
417
189
223
17
17
98
949
260
18
28
121
292
11
57
222
41
654
114
5
58
428
168
128
32
40
28
54
183
15
145
464
5
3933
2
31
250
179
193
14
269
9
49
222
4
658
94
8
758
1289
2118
25
56
77
70
54
80
6
9
216
212
15
165
268
549
88
3
22
7
20
35
328
31
125
73
462
12
925
1515
62
109
38
203
10
1465
6
709
4
78
1
243
16
20
676
14
254
65
689
399
77
18
210
613
20
116
15
16
47
245
846
1296
41
122
7
542
39
886
437
238
775
287
273
771
68
169
120
195
1205
767
9
4
