21
14
120
16
95
183
71
37
463
98
266
95
91
80
5
243
422
40
3
240
94
111
104
173
95
294
27
49
92
91
242
163
126
132
557
37
216
162
459
124
125
79
69
409
256
101
182
400
238
206
104
95
126
126
298
124
138
11
4
126
237
514
46
229
257
222
91
91
545
214
6
17
197
419
2
16
988
219
202
9
204
32
41
254
16
72
31
41
221
61
290
1
4
151
215
222
156
218
26
8
14
112
69
242
3
90
113
192
128
91
272
113
279
126
126
95
92
216
47
132
12
85
92
476
221
229
90
106
82
45
223
238
518
165
208
281
98
55
152
241
95
12
223
208
141
22
90
172
200
216
74
117
215
228
3
154
134
91
779
12
495
90
245
122
15
182
110
