1944
2693
27
3
1
778
3829
191
27
2682
1
5128
83
152
143
300
29
137
160
22
1
151
165
323
129
182
17
11
19
30
51
4
27
8
558
241
133
86
4
40
375
1
907
191
1
29
86
3319
6
12
79
191
1
131
435
54
1
5
43
37
1
207
1256
136
2704
143
652
19
17
1
8
61
58
8618
11
941
2975
23
83
39
70
6
222
1
16
71
131
43
22
7
52
27
11
97
118
13
48
1
235
1
104
8
29
21
62
51
74
23
16
9
137
2
153
533
68
30
2219
80
9
233
199
200
146
26
3714
88
208
3039
96
1189
10
10
1659
122
37
66
108
21
32
1
22
90
18
29
81
66
34
69
24
13
60
29
717
70
119
78
74
9589
1804
9
19
17
284
75
191
2100
2244
66
8
290
14
41
54
183
1756
16
557
336
124
2277
190
57
3364
137
1737
2156
2020
39
52
27
1
43
170
577
1
49
153
108
118
895
1
1
7
22
1
115
135
226
866
2073
44
285
15
1
55
33
66
2
37
32
92
2190
106
5
14
1
87
52
174
1430
7
9
108
21
791
6308
88
110
187
13
66
1750
45611
35
80
554
1855
24
216
413
8
11
1
34
40
815
64
1478
72
91
17
700
376
27
106
7721
629
1193
153
55
187
194
97
4
1
3
22
20
102
49
4207
8
370
166
2091
176
1
1
13
16
1512
4
33
3
63
46
115
6983
82
8
58
146
8
44
72
33
103
187
5038
23
84
29
56
72
1571
162
26
656
133
1
740
240
80
134
2354
621
247
213
127
137
135
116
12
1
35
248
146
1
253
67
917
1
21
16
25
19
1
458
11
135
57254
302
45
19
385
94
48
5
136
32
3
1053
221
57
24
121
19
31
1202
2278
7
68
83
44
629
511
18
242
547
4530
14
51
53
102
250
239
114
1
63
30
149
265
62
66
8
5
175
43
26
122
28
30
107
353
1949
685
2
32
53
87
121
143
16
1
316
887
286
47
234
2008
277
1
3
125
91
62
81
254
21
95
153
48
207
15
141
132
34
50
396
117
171
10
119
49
377
1245
34
10
8
27
12
31
35
196
2076
8
1
732
130
85
151
42
284
1302
24
95
105
390
9726
35
601
30682
2493
541
262
126
23
134
35
175
158
19
257
80
48
181
125
15119
144
42
42
319
12
37
73
24662
1867
83
58
35
9
1144
9
16509
30
46
440
8
3229
26
90
931
48
125
86
173
7158
52898
68
4390
844
70
93
300
689
1
128
74
10353
186
36
132
105
4
3363
10
41187
999
1420
211
53
413
126
63
56
8
4
20
1054
37
319
709
163
2
1
192
4867
130
206
460
38
2420
509
219
29
107
421
657
59
184
409
10
39
15
4432
78
35
16
9
14
1008
1977
9
135
135
1145
420
295
18
352
213
908
46
41
55
92
6
263
22
48
123
10
78
748
101
110
134
1437
45
756
4
83
657
24
110
129
159
28
9722
674
1655
8150
12669
17
2556
72
1
24
1651
23
1
67
146
13
124
767
3121
28
17304
111
51
155
11
54
222
56
35
243
160
91
983
192
67
583
6
88
31
907
55
53
2
595
9
46
112
13
6
379
687
80
57
188
45
8
296
13
13
85
597
596
409
5347
144
54
1
29
88
10
841
24
20
378
4101
40
401
4949
14
2100
1
74
23
7
7
10
15
16
141
505
37
24
4313
224
9500
19
36
200
127
485
16
54
2983
66
70
12
45
4
55
4
106
275
19
1
67
86
11
7
66
5258
622
80
380
1
1750
193
6
326
56
1299
74
345
8
33
174
99
6
191
4
1
29
389
46
127
351
214
44
76
53
45
139
55
2774
1224
126
14
15
1350
101
10
3
1
14
112
63
20
11
563
131
1
15
51
20
1
5
57
57
93
31
55
68
25
565
2031
152
8
33
1
80
247
34
3231
195
113
71
112
1
649
13
39
2
1504
10
8
110
2
119
896
150
3604
3
201
123
500
1016
806
2795
826
6
9497
167
446
128
14
162
135
12
91
1847
25
2926
9
1211
57
911
77
152
629
527
59
2050
3265
1667
26
149
47
389
36
991
30
144
69
97
93
4938
77
1776
237
63
135
587
1
6
297
1
347
8
1056
113
19
726
11
75
84
444
29
118
1930
2
1
89
19
539
135
1082
134
791
5
3151
63
65
1645
101
384
30
1
50
305
31
24
110
61
5
94
7
17
20
13
1
95
132
98
22
1218
182
90
383
35
21
1
33
475
1
32
54
1
133
185
52
17
5
43500
87
1
39
301
241
61
109
29
208
317
58
19
21
91
209
51315
128
33
5
67
4
9
562
222
362
26
1529
109
4716
115
325
1
1
207
3
23
28
2
588
133
390
62
24
77
6013
12
88
38
18
689
5
1121
13
7988
1281
37
23
4
259
47
19
144
167
669
69
1391
42
3589
1
55
433
122
20334
35
2
51
16
4
924
1578
1
13
10
1
7
467
40
12
9
21
540
15219
7
59
7883
1460
785
387
1947
710
207
5
15
309
1
149
1
110
154
1403
20
1
122
1
20
220
96
1
13
35
4
49
64
46
631
33
473
3
1682
134
327
86
96
18
97
468
590
960
155
71
77
10
388
12
26
18
8
135
103
21
2
66
161
109
257
947
1
21
1370
101
70
136
84
11
60
4254
27
10
103
16
24
68
81
2172
3
57
12
6
41
291
242
9
11
165
235
3
71
157
202
8265
15363
14141
25025
30
23
15
733
55
4
154
112
2
76
113
73
116
37
332
1729
134
984
611
21
28
8
961
968
621
750
6246
247
111
67
150
294
768
68
3
51
225
113
1
1
342
1
49
5374
97
1
9
77
499
150
76
718
33
1
3
27
1156
55
7985
30
5327
1
51
116
9681
33
730
4616
180
1
123
52
1
1433
49
1
40
397
23
326
1048
124
39
8
206
12
11
2
434
14
4
1
21
250
675
791
241
44
55
69
1
29
635
591
62
106
1019
56
11
112
1977
35
113
195
1
452
577
1914
275
88
92
2537
2
135
705
445
230
2
1444
16
1
933
1936
10
13
117
76
553
185
8
1
68
23
336
2
2
3
1
694
1
