4811
1
1
39
1
17
2
2
1
9
5
3
2
102
584
22
1
6
7
11
2
9
4
1
46
9
12
8
3
2
2
23
42
24
2
15
1
1
1
11935
5
1804
58
198
100
7083
168
3477
28
88
1
1099
5
948
10
39
66
3
1
1
619
8
1
6
29
22
7
2
2
27
10
13
13
2
1
28
9
1
2
1
1
2
1
1
1
13
4
2
2
1
6
5
157
1
19
1
70
11
2
12
18
14038
632
434
11
205
229
398
1
2
1
13
3
3
13
10
11
10
39
3
20
1
10
21
26
21
13
5552
2
5
1
2
3
7
1
3
14
10
108
1
8
6
1
1
20
3772
121
40
551
3
17
5
51
1
1
24
2
3
18
60
6
1
1284
2
17
2
32
200
1
3
1
3
2
2
48
2
5
1
5
1
23
3
7
2
19
56
1
1
1
5
5
25
26
114
22
25
8
25
3
2
1
1
14
10
2
84
1
18
1
35
2
1
3
3
1
3
6
23
1
2
3
7
181
4
3
10
44
1
1
12
76
1
8
20
46
43
5
13
8
3
3
1
24
1
23
12
4
4
3
9
8
1
5
12
1
126
2
5
1
37
13
19
4
1
1
2
67
4
1
10
16
7
1
17
5
1
7
15
21
3
1
11
61
6
27
6
8
18
21
1
1
207
10
16
1
1
4
23
10
191
1
16
1
11
15
6
13
6
1
1
9
13
1
3
3
3
5
73
1
1
36
4
8
1
26
117
97
13
1
3
1
6
7424
