32
208
50
2
16
1
13
222
73
12
123
244
150
678
274
23
17
24
11
4691
110
732
37
119
14
549
319
9
747
235
66
63
9
83
966
82
12
1323
8
71
6
25
7
32
100
179
9
494
133
79
150
1
817
736
178
114
79
56
72
75
392
249
120
241
104
7198
188
51
1
53
30
73
26
31
45
326
39
7740
91
47
153
37
34
38
96
36
695
67
137
20
132
19
8
434
159
6
48
199
187
79
13
225
293
777
121
518
817
630
684
9
88
51
715
170
159
4
109
168
71
325
34
381
25
164
2845
17
61
120
371
142
36
492
60
19
49
47
108
17
889
10
77
120
1
235
99
6
91
178
171
3
169
98
56
36
28
178
67
756
1494
35
156
32
45
95
211
52
160
231
