30
128
26
265
14
2
1
73
12
174
435
32
58
92
148
11
8
18
62
5
40
123
12
270
40
579
56
222
164
182
60
7
230
153
19
57
5
222
4
230
1162
707
58
376
209
12
36
111
457
47
88
137
43
64
99
14
80
29
47
2
16
122
41
557
1
8745
118
29
22
409
665
17
2
35
5
18
24
328
8
214
207
21
45
17
74
232
115
1
996
29
217
44
2
7
135
177
113
99
58
31
171
8
122
72
157
4
362
40
17
45
34
169
154
106
411
367
90
32
81
122
331
4
5
32
38
449
212
311
13
44
426
232
4
28
382
10
242
52
45
225
125
55
5
35
35
5
68
36
3
2
294
60
10
172
382
47
17
99
120
1147
50
531
54
31
86
167
16
4
624
354
20
10
5
8
34
12
33
807
6
296
516
378
15
7
4
12
36
49
2453
34
7
30
9
115
14
152
120
79
23
68
8
3
139
137
57
11
33
95
68
37
59
5
270
235
212
55
21
88
40
46
61
60
42
35
79
12
150
3
99
192
1
86
62
9
22
100
4
353
361
145
690
108
40
10
39
938
88
9
196
53
75
532
81
23
249
319
360
37
8
7
485
29
4
48
21
64
17
6
8
12
5
91
32
45
28
24
15
131
4
74
55
46
33
156
26
30
2
916
102
17
279
49
10
53
289
51
12
137
6
10
23
42
60
42
16
697
644
164
16
7
99
119
45
484
102
30
19
137
87
204
8
396
359
10
152
232
160
11
26
37
59
39
76
35
158
119
166
20
135
100
57
6
498
5
176
144
18
81
37
19
25
110
25
2
564
167
3
73
2
54
68
2
33
2
34
338
49
127
195
31
68
93
10
169
132
5
303
17
27
739
131
92
69
711
778
14
106
910
680
305
25
18
91
49
9
11
76
265
140
131
286
49
12
348
77
74
34
31
164
348
269
11
18
270
52
34
1237
3
44
7
103
872
8
272
25
57
349
45
23
41
26
443
47
87
44
6
3
46
33
10
967
7
155
90
6
29
402
203
264
19
47
45
95
68
43
14
52
14
411
823
53
319
15
34
3
100
17
100
315
5
10
10
23
4
16
90
16
27
89
2
55
1
25
288
149
3
24
78
12
14
24
5
78
375
244
4
147
310
6
72
12
412
574
257
52
323
178
230
14
5
803
224
106
189
539
4
91
43
3
13
2764
323
13
1000
385
1277
197
257
116
23
125
68
12
377
45
200
158
19
104
10
751
8
253
68
9
7
495
62
115
277
100
58
16
43
17
97
157
5
17
272
24
98
7
14
36
130
31
84
210
5
22
296
9
35
578
258
50
61
42
38
23
43
22
166
4
13
42
19
23
9
61
178
5
36
10
83
3
494
715
129
15
32
23
179
317
37
43
180
485
11
62
117
1
35
1
70
7
43
52
50
241
362
52
56
6
27
40
29
35
199
12
20
4
67
25
85
75
98
127
54
22
51
1
1
15
4
15
12
36
20
57
127
65
161
12
10
11
82
224
589
12
18
5
162
41
11
32
131
48
32
122
84
15
4
13
25
290
36
26
142
36
23
7
50
199
13
123
242
4
1
5
23
29
12
4
2
57
105
160
615
374
10
62
207
1420
37
25
851
9
9
80
6
8
9
232
1247
250
3
4
23
142
17
15
527
28
205
11
9
46
9
25
74
38
44
60
160
6
26
52
18
546
183
30
56
175
314
4
84
50
866
202
10
537
1
33
64
81
40
175
7
14
353
151
28
65
9
63
6
48
18
107
303
8
15
3
201
140
77
80
53
15
22
119
19
24
14
88
749
12
9
41
21
332
6
26
53
152
20
19
283
28
44
479
75
2
801
64
16
294
65
84
18
151
88
12
294
9
7
8
372
202
75
67
33
135
8
358
12
5
25
5
33
38
124
31
350
162
45
10
7
4
18
37
153
27
32
197
10
3
193
120
9
62
53
203
192
3
286
7
7
4
7
4
25
25
678
19
26
258
193
146
23
7
1
18
168
153
57
51
78
400
130
9
15
27
5
6
340
3
136
24
12
37
18
261
4
53
27
46
239
66
126
20
18
43
209
77
6
134
125
14
199
524
76
54
4
125
211
30
7
56
136
25
104
6
355
600
154
32
1
4
12
88
5
275
37
169
63
34
11
3
273
48
12
39
3
20
21
46
40
20
87
61
22
34
52
193
1
50
15
610
5
95
861
71
291
23
441
102
24
450
684
90
7
25
25
38
93
28
17
51
43
44
90
155
285
64
249
192
256
12
11
147
8
18
413
214
43
5
62
121
45
11
232
100
68
616
7
13
107
34
19
26
94
16
86
1418
111
65
595
16
83
46
275
5
26
103
77
602
42
90
475
12
97
75
50
16
15
7
8
107
89
3
32
61
345
11
5
4
60
497
145
4
11
3
2
2
17
5
36
130
53
58
4
746
149
26
114
8
465
140
16
25
26
223
706
85
71
34
63
4
15
28
136
11
3
11
12
170
10
216
49
39
30
10
265
11
122
15
112
3
116
69
73
36
84
1
99
71
83
50
214
8
4
242
410
126
42
28
1
2
21
31
74
