161
328
33
413
1243
9
773
2134
251
391
684
160
668
1863
169
532
13
141
209
413
3001
1336
1222
677
791
343
964
68
1220
1505
7172
4122
1085
187
578
2340
1458
1987
143
217
246
361
2354
2806
1424
136
2132
2066
83
98
31
32996
2924
102
610
56
2960
1071
11356
308
3983
104
3236
2789
201
51
1459
28
598
6165
830
2316
1455
1899
456
2955
5396
1738
1605
20203
1221
1083
1093
2803
1686
3456
2037
33
241
222
11
3732
484
4
356
2323
486
185
6524
7123
2431
2202
104
42
8
3462
528
6131
4119
190
524
767
57
1513
222
912
594
314
692
3804
1457
440
2773
1993
2075
56
954
2693
134
789
4
347
275
932
2809
660
1337
148
869
4554
970
638
1451
83
1385
1464
857
3781
622
149
1155
41
189
1401
1677
314
114
1027
210
231
1066
1132
109
67
1557
942
209
18643
33
79
25
18
682
100
335
2476
4188
20
217
324
39
122
273
2385
18
4012
186
1051
848
11841
735
7372
4050
232
345
385
19
192
50
5051
4147
193
342
946
18645
3162
879
121
3001
1683
5830
3628
818
9557
1357
13539
965
979
12289
964
25
383
1207
100
278
183
266
54
320
897
539
5260
22
3831
192
2792
10532
2057
1047
192
3001
1383
187
413
32
309
891
5008
1713
10445
3009
1188
2186
1386
2503
1598
2332
9820
1054
13701
2136
4187
517
2406
1599
12
311
3762
3213
881
972
36
878
38
1982
609
103
489
2276
1535
1029
366
3083
1946
2063
64
3044
339
6
315
60
195
382
359
791
157
1066
427
235
1380
1461
16
1051
5197
73
20
1154
515
605
3429
224
71
1739
23
39
2716
1355
3983
59
1419
472
601
39
37
224
3079
2259
20
465
23943
142
80
4213
1425
71
486
143
180
746
1955
1554
117
1
1467
3435
1762
4865
1824
49
22
604
2137
3198
4609
1156
9
1800
11940
2061
589
551
4496
4500
1710
1631
1963
2306
411
56
189
721
2323
308
7807
34
12
1291
3835
90
225
952
203
1105
676
1988
901
188
26
1451
9479
769
52
122
43
907
33155
32
1439
3798
282
47
1615
4
1151
1470
1100
649
2048
3778
7858
323
3353
7443
182
34854
1117
1372
12
4514
6157
101
484
4431
175
1621
9
846
584
1886
171
5994
1053
413
80
452
13968
2196
4393
47
394
3361
9
31
1007
1589
93
669
962
1
673
333
3015
3345
7356
160
2272
101
1901
3168
43
111
1786
189
378
2539
2381
94
1304
93
172
279
4658
1163
146
5159
4042
32
128
17
34
6135
1054
3068
7250
4624
773
1225
318
135
31
26236
4247
5915
1040
265
885
1217
62
141
185
315
36
4132
1712
677
742
101
2041
5620
202
685
1337
6571
103
1601
2082
1562
1788
20
3055
5692
378
4596
2459
2004
161
791
579
532
138
1956
782
367
1528
276
188
2812
11291
29
112
4780
237
58
486
172
1373
10
298
388
31
3846
109
345
1132
5072
32
790
2074
274
154
726
461
2744
902
24
310
9
831
965
912
387
34
99
1945
3317
38
750
784
427
307
6
2580
125
186
490
4614
221
13683
42
7080
316
22
1873
444
252
23
1329
1414
424
85
108
7402
89
80
65
971
4092
2146
561
4
598
200
88
876
26
1018
5275
51
2266
109814
874
3754
73
13
909
53
550
282
19
4992
570
14181
39
458
1265
333
507
237
57
675
1334
1450
462
739
156
1823
152
1824
336
4467
2023
496
510
20
880
97
4381
976
139
736
475
591
2686
265
86
2099
268
40
141
1759
4397
167
18742
27
6321
24
916
16
6
1666
4115
944
1557
22
2030
286
100
1084
930
6842
1487
49
1066
1285
895
1409
121
17
2900
181
431
238
330
10553
27
4489
217
2343
2287
4928
164
787
1741
254
4581
856
19
363
5654
866
402
1882
320
2529
1206
4472
247
26
21
359
6054
845
67
870
9
99
96
2448
106
25
57
57
345
75
236
2662
1383
461
9620
7
138
42
9
2089
280
2731
3929
227
6
3559
2397
755
3729
3297
24
362
164
239
93
2667
23
69
63
4550
6427
2880
19
851
1553
226
211
170
10
2403
1887
116
5634
1274
596
354
275
22778
4360
1734
135
3355
12920
2493
596
125
3451
1308
1899
2527
116
292
1944
36
3350
3726
197
972
35
8487
2512
2088
977
222
1517
14337
343
4538
1020
183
1808
513
113
8020
112
303
428
45
376
20
1639
2978
1119
22606
34
15
451
1899
1105
1028
1021
10392
47
2237
86
168
5
975
93
3602
1358
643
12
170
953
180
352
900
3969
442
703
2337
1341
626
837
5968
1380
197
19
5434
7
280
107
1457
245
73
106
217
607
454
1660
12
997
59
11
987
1543
117
3249
892
11
117
1493
1355
887
1214
6983
42
261
21
240
12
2045
2959
1782
820
2122
4
180
1793
2180
115
4341
2446
7831
2648
285
32
468
430
5
342
7138
4798
201
3101
7340
15
3382
522
137
67
3829
1198
261
1142
876
790
1204
383
985
926
4703
126
2063
464
4634
1066
2184
495
1403
2326
7179
4
968
1091
114
9
2442
1673
56
190
6404
15249
21661
1592
1973
3254
194
426
8922
96
3594
1947
54
6005
482
2263
1273
301
32
665
1752
1275
333
2952
3513
4664
950
38
4388
58
127
5407
43
4329
3
172
1579
928
340
278
644
276
156
32
245
606
24
3035
29
3004
22815
799
1
4376
230
15
630
720
6663
140
750
171
1325
1906
84
820
3
67
50
1052
4
210
60
2347
2174
225
2310
2480
33772
1289
1213
215
603
475
1321
2019
7
279
94
91
898
2014
477
25
3001
1332
79
1229
1423
1628
605
186
6
1152
1142
2533
1893
931
153
76000
218
220
183
87
123
3871
4951
1260
1
5677
2
323
1215
709
1557
11798
971
4379
4002
753
751
143
732
1641
1803
3544
454
7748
8846
899
386
3398
209
237
35
1
150
2527
3710
1840
848
547
869
1601
2270
355
3647
1831
6452
7452
4
8860
3161
258
935
554
376
7224
609
3176
5660
36
359
2613
774
217
205
8956
19585
3009
330
1
3399
49
1355
39
516
2182
2480
5510
211
310
7827
77
742
217
4603
2592
2286
61
37
2
1330
4508
16
26
2154
205
400
1074
657
1676
1359
876
207
4
28443
229
161
1512
5221
3135
693
2038
1541
18
1531
1131
6
289
159
3265
2252
5
111
122
303
106
309
852
4998
666
1616
501
198
82
1789
134
98
1403
267
2861
1246
569
306
4447
374
904
17897
2635
4
15248
1346
1490
17
5382
2052
918
24585
456
624
223
2613
1545
245
238
4137
548
3800
177
226
144
6232
751
6379
3957
3032
14053
991
7401
828
924
1234
9
15
4
5255
5037
6408
3615
767
1047
921
3138
3984
165
172
2015
119
130
11
904
34
25
618
27
41
1047
83
12846
2106
46
1190
6703
1149
11
214
585
5071
1652
3018
3167
1326
11687
8552
2480
3501
2827
1562
4543
41
494
235
943
579
146
4354
1824
21
74
38
1547
6
223
2936
191
232
71875
597
2940
1105
941
196
93
764
442
634
1525
214
19976
1545
859
847
1061
2015
255
187
185
612
2778
10037
1843
171
235
1163
949
293
33
1129
3394
3640
6
1217
1059
176
1896
2399
6312
392
2531
1697
2153
2321
2607
14
10134
177
2555
20
358
113
238
28
911
1818
4601
436
259
1417
4351
159
33
249
666
1279
25
1971
3862
15611
565
1039
1969
1114
1691
317
1929
83
31
21
5903
1095
305
8707
1137
63
371
1105
4213
98
249
244
2
5118
54
61
299
583
623
9053
468
10
308
20
247
141
1250
2082
2618
91
4784
220
496
23
647
305
294
1809
1413
13
2676
104
603
1339
1810
160
90
1106
217
3948
711
364
94
343
1221
236
2393
186
5757
530
719
26
21
105
1423
1362
1630
337
1967
72
200
211
189
108
814
1568
14340
1507
436
55
11
1359
81
1
281
9
4663
1197
1733
2335
5971
733
14357
1035
1094
33
139
948
711
33
106
1009
3970
23
294
129
586
7037
1819
575
7
98
2373
2650
1466
2515
2373
262
332
4
443
1427
3081
91
8051
234
6095
177
427
478
619
217
775
1756
6792
954
123
121
205
1338
548
1519
862
3
128
6410
2356
1453
28
76
37
221
21
453
324
19
4401
1365
945
2390
1813
2957
2762
322
51
312
273
104
715
316
122
286
146
69
756
489
792
1968
115
407
103
3040
22
427
135
244
204
1814
603
3178
127
1268
468
582
42
32
303
179
6
288
116
21
7
162
478
289
2401
523
73
103
112
2612
29
326
5683
8601
117
333
429
184
327
229
1339
176
6646
126
1468
272
176
1133
258
2036
2132
195
6
283
200
257
190
4
22
505
1
193
254
353
556
318
276
194
340
688
568
5684
1
712
1
4
148
138
1514
36
232
754
70
912
154
250
14
929
2741
42
36
37
1355
266
11613
441
3700
7492
1608
25
7
25
20
40
6186
1002
76
125
181
19
679
322
106
139
281
33
231
289
224
14
56
523
324
3873
193
1964
663
296
80
698
1220
33
39
4030
571
8009
5
943
1232
11249
180
399
254
12
1158
299
1788
31
6234
8883
43
7634
509
19013
1527
2289
5628
921
1438
653
2351
1980
1416
196
881
80
90
12
2923
2137
1651
267
1696
22577
1727
1151
509
858
221
923
1819
1437
2345
3286
540
1140
7378
1275
1860
14015
2703
1015
6041
11445
59
194
145
197
312
583
288
16844
207
132
324
708
488
839
1181
69
13689
3519
10
20
1729
352
1181
64
405
796
144
378
815
2250
269
181
422
116
107
2975
275
238
5
2208
1
5131
4376
54
14
1667
11
24
191
1917
969
27
2265
1558
1848
1332
104
774
453
813
473
1893
384
1135
2641
844
4303
1137
163
1609
3461
559
40
330
5899
715
1590
44
141
2781
93
24
2697
1454
3653
1036
163
487
9051
12441
87
11981
4962
1394
1210
333
1
2536
17349
111
1001
2895
585
53
32
529
6106
257
287
145
558
474
3324
185
5
104
1226
2535
1287
208
1489
1016
1345
560
95
18
3424
875
1921
121
539
1608
701
378
10178
15430
4
56
3563
274
622
334
657
7685
2498
6694
3673
192
837
208
1116
411
657
84
455
892
2227
449
158
2739
1504
411
2792
1144
6
3123
147
41
1286
3752
12818
695
4106
433
6958
48
5663
5691
2469
3783
46
4017
9
421
1331
937
2736
501
53
613
117
5325
293
79
16056
1174
1138
51
148
46
39
201
16
1709
2958
1198
863
287
52
83
98
9
1688
854
5991
15
3815
305
5833
761
490
2032
401
7358
2841
171
26
803
847
9867
3347
1127
365
712
706
2221
639
8902
47
25
204
2358
4120
152
482
1361
72
2617
5109
293
1861
66
2292
464
165
236
381
873
5976
2905
2554
668
1795
84
962
3580
311
443
427
491
66
133
1870
108
194
955
1126
7172
485
32
34
2182
4736
156
16262
713
2984
6440
1520
6
36
1147
745
1843
12729
428
3639
377
2244
273
7
1574
1891
2499
133
355
1351
126
460
32
450
1392
2678
7822
1422
257
6989
113
394
4333
499
837
1494
192
641
128
38
619
3976
96
42
17494
59
997
876
678
193
1320
1390
12822
3915
487
1642
50
2581
890
349
77
3592
225
133
174
223
1031
1804
803
2840
3935
55
21
12
150
3384
823
28
514
1571
28
15
77
6
1064
241
558
515
1880
82
37
63
972
145
585
23
86
702
3802
16146
3236
16
2721
3893
62
781
135
361
1838
15
1653
69
259
8193
3794
2655
2050
262
89
135
3585
1749
68
15
1606
194
255
337
8
143
1378
1776
1656
177
12
4147
5695
104
1010
919
934
2515
171
2141
2417
21869
84
3029
36
795
7551
371
1344
4489
7347
7751
630
77
1236
457
120
996
1337
617
267
4775
833
1414
1136
150
192
10544
165
98
61
110
482
6576
57
1726
1284
464
188
1184
262
99
54
6860
315
476
334
181
1665
955
2007
288
1530
454
3289
3
9
913
96
294
167
378
1694
1602
3254
29
8
1817
23
630
83
83
41542
261
1599
10176
1591
125
45
2798
179
175
335
30
549
1566
3928
2085
66
18
1755
511
271
126
177
425
2095
4136
1111
2848
42
546
8630
18334
251
216
256
398
231
616
1210
2769
309
141
303
2397
354
72
4291
282
6
6375
137
179
1
4240
2247
1122
32
340
160
567
281
3974
26
22
15724
18
850
454
134
188
82
156
1962
43
53
278
31
1118
13
569
2388
1290
919
172
134
879
28
55
15
752
1046
4081
90
654
1478
687
15
131
673
58
957
747
1758
3696
327
205
95
694
1013
7123
674
34
357
842
50
6302
4474
44
2663
629
1521
2182
2205
102
1379
347
1
104
1589
2816
132
121
468
1
2629
92
12
191
1359
46
3294
136
544
279
146
511
73
710
16
1898
197
76
1740
4027
223
265
2877
3111
122
121
37
457
668
230
16
116
1260
817
34
4695
507
5194
457
100
1480
116
921
249
381
431
14
9
236
419
238
1512
1801
82
743
738
45
3074
1480
560
1712
625
68
39
188
514
2027
2118
443
506
430
225
23
5655
546
24
11536
82
6128
36
7841
109
148
171
6110
1105
49
69
1092
3
3138
245
1010
5393
997
1880
204
42
1198
103
101
10717
1799
170
149
110
869
93
583
1026
1751
904
3371
3
776
385
1666
37
2796
114
1089
1244
42
135
1174
228
3351
110
88
642
740
1202
124
1936
1229
1335
1276
76
1077
2540
881
48
330
10279
1510
1618
2036
289
710
5282
1194
2265
110
18
7918
2295
145
290
1952
61
1527
260
1141
1924
10
862
952
6229
23
8
185
615
7398
1120
96
107
815
81
514
423
296
339
2954
119
1906
822
108
21619
2993
5
1260
46
2402
18397
91
7572
2653
190
81
15469
204
588
4144
1884
28
401
1317
48
74
151
2276
17
1315
183
313
1401
2787
4766
609
3108
1237
15279
5829
22
429
1549
159
1658
565
131
1038
339
2536
30
8454
4721
220
175
296
825
184
254
212
6
171
1013
2897
102
121
35
704
3
1607
25
698
2566
21
4189
643
578
29
1379
811
395
587
2337
3490
3098
666
443
127
1134
1766
101
5863
2122
29
1164
21
3449
33
13
1407
11
270
4667
27
2933
172
1160
1387
321
4431
324
2282
7154
1904
344
1028
6
28
32
864
421
571
1638
18
31
854
5610
1581
584
3239
2287
3801
605
118
224
180
7
247
248
32
65
1905
1109
1495
922
8
39
105
211
130
2486
2483
4379
1122
236
485
1249
206
490
6957
156
271
249
4401
958
626
74
2889
2847
792
34
4203
2759
3
596
5
68
770
245
1840
6300
2373
2
7668
1548
171
20711
1
466
1763
21981
7776
123
1707
2834
26
1623
923
134
184
3044
1511
4872
39148
5458
1087
3260
625
118
1135
27
1419
16014
995
1608
14
6711
116
645
1583
279
20
526
51
2589
205
1029
69
2726
1698
5103
17201
195
4902
11383
175
5801
67
107
153
130
4483
133
2681
1649
181
51
7308
10194
889
84
5851
395
635
19
15
890
263
1250
3569
163
5650
33
3469
1091
22
14408
878
574
30
41875
161
6199
982
1401
222
1046
219
7
50
87
1798
19
1543
2301
1194
2956
3031
5387
875
660
22
9
379
348
112
101
1644
245
99
427
172
506
2964
190
53
216
104
2811
296
156
1306
2117
2294
9090
597
459
3148
6
3757
711
5993
5240
1325
899
2618
962
10
2401
899
213
1135
1770
1996
1066
582
407
36
922
179
7122
1213
254
20
404
19
1009
5
2486
163
804
107
1710
63
2398
286
3
45
741
1664
77
287
1086
135
434
687
107
7568
5600
6066
4279
1376
32
76
467
4778
155
1783
1347
1980
6
1166
128
572
880
1507
34278
1583
1212
23
8670
3276
62
12550
4865
9799
644
1658
36
23
1849
1426
434
1331
3996
34
38
2880
1617
2048
201
49
248
296
1304
2136
6969
1293
517
984
952
2608
261
226
609
542
156
347
12156
370
1323
22
16
1210
1127
2815
201
43
2009
1488
5
751
2630
2186
509
1783
94
2173
2743
1199
626
140
8
1422
4491
1204
1543
424
1514
10
7977
1906
284
3841
11
1225
9408
3283
480
178
4764
8447
49
40
692
2239
4142
2301
2412
12
204
2471
5552
191
4721
5216
1466
716
3714
1798
30
424
4477
26
331
3147
260
244
1017
65
2748
278
515
1310
194
4088
333
34
651
10
229
1502
128
58
3295
7530
1408
4217
1988
2062
12
792
5
105
358
2300
9
4540
17
62
13
5428
195
366
193
2167
3
1283
373
175
1312
29
792
361
131
14
3946
5001
378
379
368
7637
1693
411
221
72
581
7942
1062
5031
1468
253
3593
2370
617
34
5
3206
1217
980
273
1417
73
8520
1467
265
52
1336
2859
172
385
1807
63
491
8
1380
181
11
945
6
218
3920
2254
5098
1995
19
805
334
48
4
205
2153
94
1318
1184
2372
5898
2952
293
301
3103
1952
428
1788
3668
239
2891
242
346
1111
913
2175
4167
1289
675
1784
957
2089
1014
88
2114
211
23
546
603
129
420
12
43
891
2196
547
463
232
1302
1910
2003
46
2693
1237
68
15
33
248
10
998
6656
8
98
3422
1957
87
129
6388
2596
21040
290
1142
690
330
3004
439
1422
162
10355
259
141
191
829
623
696
2039
132
454
865
53
4892
1193
416
1052
76
198
3784
2600
29
6
1
325
1217
309
7676
2529
4798
433
1512
394
2327
54
1686
1037
187
3130
2729
5
8
1628
8428
1182
59
456
490
1196
1473
120
20
571
18
873
1043
150
2432
75
100
56
42621
3862
8
501
127
27
207
205
691
2490
1621
1437
451
2339
2794
165
3616
357
902
10
122
11
42
378
82
1347
3809
1728
74
137
46
824
4242
247
341
483
2318
3026
2212
5851
5157
2512
4827
73
1802
1343
6551
22
182
3209
572
109
1865
29
2410
593
189
43
1604
286
223
489
1520
4047
2766
98
55
457
33
1788
328
201
1040
49
36
603
321
342
117
1384
16171
71
66
1745
76
18363
2288
635
159
4031
13
84
1272
7086
333
8594
560
1111
292
1886
2283
156
397
6575
515
1461
2883
885
40
2855
117
3904
33
403
22
19
460
65
107
466
127
2409
75
215
52
657
5
3081
1657
121
374
436
217
4689
7067
4947
31
2940
64
308
107
2686
1849
826
4
1972
201
116
373
254
1330
191
897
124
8
30
28
1608
4
602
586
284
3835
955
2779
4539
1193
1361
987
2220
3837
4571
2556
851
171
10
60
276
86
170
1517
191
600
39
2311
318
363
750
700
2111
173
47
11
4
48
2020
230
25
6971
1222
41
282
4567
17587
13
446
2324
1116
1377
286
3212
183
380
179
219
51
3902
140
5374
1324
1200
266
1009
410
22
10425
1865
435
138
1673
15858
356
646
1373
398
584
355
13412
251
50
152
422
91
145
97
1191
296
20959
180
1552
3345
18
49
211
1924
353
1595
179
359
3467
220
295
177
1
16
1
366
153
429
30
282
1277
18
1804
353
229
1232
859
808
699
236
1043
1982
6
779
142
25
8
3476
220
1145
218
42
485
208
1297
1890
12
1503
294
760
2592
1418
496
58
432
4817
93
42
3637
208
1311
40
1161
1422
10510
5072
31
1891
1513
2304
1148
12274
2169
11
143
733
233
4214
274
2207
528
301
2499
246
3285
1999
1414
623
311
1
321
20
296
56
176
9231
235
17
3838
327
416
650
1558
182
1411
618
3572
1902
874
1030
935
1745
848
1905
2449
1383
276
306
1023
1102
18
1080
367
213
705
522
3825
203
113
39
390
647
1718
500
1415
3291
1440
9
22
1549
9540
1502
22
2281
166
1095
31
1128
1951
2595
1171
1407
2691
1714
283
282
1488
147
2515
226
442
19
4938
459
78
391
1329
1535
1047
443
523
22
37
2222
698
85
61
438
318
134
694
434
1128
2585
701
3440
69
428
21
3103
662
273
1421
322
4225
240
9899
1088
5046
580
20
448
434
733
3459
34
259
627
1425
239
131
1938
1742
1196
6098
2500
1554
1224
1039
175
39
799
51
5783
300
1036
658
7397
2509
3795
4326
505
3861
2676
2151
2722
360
1285
385
8107
163
10756
126
22
89
12395
33
2768
8876
6464
2270
156
4588
9836
212
5677
210
222
4754
132
36
643
13122
505
445
222
1143
2491
204
3511
1241
21
91
2434
117
130
1805
982
707
3107
6770
246
2352
115
181
1223
6406
139
5053
5247
206
175
189
181
129
690
948
478
57
1396
33
91
313
4310
1132
72
1171
1408
228
1359
80
2265
14964
42
443
985
177
28
22
2765
4
638
32
5408
57
707
108
107
154
12608
256
626
3
63
2239
10
428
224
309
400
695
142
418
32
3
61
504
181
51
6
338
72
1323
152
5
369
698
43
4212
598
179
168
86
13
643
933
1494
129
39
5223
64421
154
3891
3492
1796
120
1377
1287
192
80
34
5
41
66
891
5164
113
161
419
2274
697
1183
5
167
470
178
439
806
194
305
2354
182
1287
97
945
5
10
496
2889
2486
243
312
1
57
268
10
116
1191
241
206
157
21
185
109
252
486
1666
7643
120
1656
829
721
604
108
2315
7004
56
9
35
1
135
34
86
407
1342
134
87
27
7408
776
904
9726
3334
113
18670
135
504
103
431
16920
2056
23
447
45
142
311
869
54
462
6989
740
321
3230
689
17
192
294
298
192
27
2280
27241
1835
36752
1570
1527
2253
5440
1678
13286
64
592
76
193
17
515
282
38
172
16
190
605
194
30
72
52
531
113
1203
17663
148
1316
292
311
611
334
193
526
5508
317
893
39
61
3979
20
2369
395
988
1
244
131
623
1199
749
2509
51
330
294
1139
4
1548
7658
3123
932
2940
1845
2588
191
5864
1
305
69
31
18
120
99
1159
106
76
393
12
26
231
4269
8612
63
611
1336
2047
77
188
2587
202
29
5107
462
9229
3369
2384
1677
77
5376
3430
1160
5167
104
2586
741
1139
176
382
5
186
1444
27222
12
375
2604
163
22
241
195
614
155
95
2637
175
66
57
58
17
845
965
3517
1198
57
155
398
522
108
25
31
85
229
1805
39
11
649
63
62
2090
3658
391
707
1536
19
384
1453
1061
182
1519
2004
1147
11917
1414
18
200
290
85
139
20
7
3049
769
252
17
192
293
1809
375
28
288
349
128
3576
104
23
209
328
1179
56
40
88
3143
112
52
2185
25
103
420
802
1099
537
4265
34
125
1519
148
278
7349
380
227
22
780
199
278
34
910
317
16
712
362
42
39974
48
428
306
4
159
328
47843
880
2101
4777
182
193
15
929
858
1111
1479
171
609
156
369
448
490
62
138
188
804
1
15
35
6995
1408
230
1
3
4182
9
343
310
25
1718
1019
3275
1352
1694
2575
414
16
124
663
2668
3462
1
69
1671
135
455
288
363
444
863
3516
46
5165
535
551
550
1265
157
874
3003
1068
2164
1299
159
1098
1135
1908
1236
298
189
121
1401
1
4268
16
11
5100
60
3629
136
1762
367
645
1148
79
6178
849
874
317
396
2549
8441
66
9198
11
2409
700
190
2258
1890
1513
971
407
28
4560
11
455
3018
72
707
446
190
170
728
7
5584
3
511
573
3
1915
98
1777
2051
715
19
832
105
21
31
19
43475
1083
2327
2085
71
964
838
13
146
364
1036
1783
1557
3
4
449
1618
793
3444
60
240
28
12716
2010
3800
814
192
110
116
3087
124
104
136
2111
6866
192
1776
652
169
2096
492
1305
2198
3320
1901
5107
280
71
1091
191
244
3025
3633
1042
455
1826
74
779
1389
3
74
3818
14307
3429
1322
2737
1733
126
140
62
258
192
176
15
6
324
407
215
186
692
109
185
1592
458
180
2533
796
61
170
17
322
1
28
201
1294
1317
8
925
39
633
3185
665
1541
29
3671
104
164
228
9091
111
939
105
1293
223
136
2467
61
6385
1066
33
169
233
394
280
55
1446
166
1456
26
1074
2
1015
311
192
207
1091
332
305
254
737
195
195
24
3188
1526
172
1369
94
37
287
908
254
1037
306
223
343
341
198
3512
12
826
267
187
16
149
111
