1627
199
75
1
2
77
195
217
10
155
22
203
75
70
80
561
7
80
385
211
104
225
7
55
75
119
2250
62
517
34
10
156
1
36
161
397
76
16
1
185
25
549
377
127
10
76
284
7
133
165
80
77
71
275
129
80
73
215
249
74
337
76
255
122
170
205
75
82
60
351
75
134
74
182
236
188
23
657
193
360
75
76
75
139
75
72
147
269
203
144
211
253
76
75
75
281
78
86
5
26
75
274
71
337
1
131
247
128
246
20
361
75
138
214
252
75
152
8
203
80
84
204
32
205
146
1807
99
110
80
126
272
155
123
120
201
249
208
89
39
644
2
24
122
76
2
75
76
151
73
249
221
71
87
190
18
103
77
209
267
252
442
75
1
152
477
70
54
240
76
75
75
75
105
80
82
83
75
213
79
160
266
271
76
90
759
25
102
