18
8
8744
29
18
12
61
10
3
1
66
979
2
118
204
203
48
6
6
3
2
1
1035
21
29
1
3
23
72
697
2
16
2
124
39
12
37
218
4
7
146
1
23
31
92
18
16
1103
43
278
22
10319
41
145
27
6
1
331
1
75
19
18
1
1
1
405
7205
11
198
212
1
90
1
78
1
853
26
12419
5
215
72
38
11
1
1
10
50
220
2
8
77
131
1
90
1
3
71
7
2
12
6
1
75
1
37
133
46
4
8
1
3
4
6
52
4
4
14
27
1
8
4
4
65
2
37
1
576
18
7
21
75
33
6
141
2
95
5445
1
16
6
1
941
27
73
59
9
74
34
21
4
61
19
6
144
579
13
2
409
640
61
29
46
756
174
222
124
34
86
4
5
36
763
98
1
87
38
977
56
75
545
75
7
1
266
2
12
43
71
122
227
36
24
95
8
48
96
151
9
9
1
442
56
1
19
1
48
1
21
14
3978
28
14
2
101
10
21
2
128
97
71
7
31
2
15
6
4
16
17
18
26
22
34
21
2
10
803
82
2
47
5
7
57
1
7
81
7
29
1886
76
36
2
11
1
1445
2
841
129
43
8
43
221
4
1
15
26
21
4
2
14
237
1
32
128
350
1
20
20
642
39
69
21
25
32
228
7
4
49
28
185
5
11
57
6
8
9
5
423
28
37
433
1
622
202
11
4
1
75
133
72
80
75
578
3721
1
14
70
25
75
2
4
2
25
75
29
38
3
185
78
1
5
1
68
