5
30
21
14
35
77
5
8
71
5
26
35
41
4
32
8
1
15
8743
1
6
4
14
5
85
4
57
3
438
6
119
4
4
26
100
13
169
100
9
4
181
7
79
10
385
24
7
4
23
22
48
63
102
19
8
295
55
16
65
255
6
97
7
67
10
5119
7
16
13
142
72
16
15
11
2
8
7
13
3
12
2
10
153
85
4
1
20
8
204
6
8
4
3
3
2
44
84
2
10
4
2
1
112
90
3
9
8
24
9
9
1
38
15
4
7
20
9
11
62
28
375
23
3
614
4
33
11
2968
3
328
65
7
2
3
5
4
8
4
6
3
6
2
17
13
9
2
77
4
61
9
3
96
7
12
9
5
29
2
1
6
5
13
367
1
14
15
2
287
62
145
2
10
197
431
5
1
10
1
16
4
2041
9
21
176
1
53
8
34
5
50
1
29
17
100
5
1
58
45
141
4
74
6
54
31
14
155
57
335
81
16
18
23
12
59
45
68
8
8
3
5
9
2
9
7
60
630
9
3
6
56
23
3
13
3
7
1
9
8
2
2
34
77
22
2
2
1
27
9
4
2
11
4
