1
31
2
6292
5784
590
246
96
193
602
39
140
141
5596
154
21
34
855
39
105
68
6397
171
5
7
18
1
2
102
2941
552
398
550
2894
382
1989
4033
10
5291
2804
168
14
15
683
28
2
6
422
3
4
233
329
431
13
78
265
22
293
3
203
1489
147
79
249
3
736
371
200
1402
254
716
1141
422
77
255
6526
3
14
1
1691
272
1495
3335
5378
1575
4
31
5849
1
192
110
76
110
444
2805
1486
1345
6
24
1718
115
370
3386
8
1699
2005
2219
1410
439
6
224
7
56
1454
344
312
2416
2
298
2700
276
60
297
1512
16
245
665
6726
931
3
26
11
7231
525
17820
17
82
164
8004
3508
929
1774
1
360
1
4
2
20
7324
851
419
1577
113
1324
71
1534
1
4
544
2893
1556
14
1181
81
833
790
393
8
237
1288
490
153
462
2033
5
5443
485
5244
1
552
19
37
120
3
82
1151
19
337
13
9
5
2
39
1459
2321
455
513
1
1842
6172
3694
32
244
4
1662
35
677
6
33
3752
994
24
2673
105
3660
2472
4386
1000
1209
2276
12
98
28
134
2994
165
374
6
38
143
849
104
564
698
1488
253
2255
2990
4
2
156
202
637
15
1
6
1946
1168
33
276
4
1
17
12
2060
140
1028
1456
2
5187
8
8
154
1311
141
84
1
80
82
2158
600
26
2477
940
1078
26
7
6
1
1
1
369
1494
1106
18
149
1688
179
1738
533
1316
82
312
269
2243
215
1301
369
3868
83
15495
59
720
5
18
1598
17
21
1724
148
38
253
509
357
274
4259
231
1
124
1
2344
1
803
324
17
736
3745
1523
10543
214
9
3
2
21
101
1253
128
580
1130
5278
1568
1273
58
340
1946
786
183
27
29
1678
419
677
1066
695
181
9
10
504
669
944
10
230
27
20
14483
6973
565
1
160
1672
1700
147
83
17
53
300
162
186
195
1653
2410
54
2110
2476
165
490
549
10
13
5
1148
87
1
4
4477
70
4125
4815
104
8
2273
68
373
954
14
143
255
459
1727
692
135
302
377
3
512
17
68
276
2
6
235
47
242
1143
177
1348
3366
1540
2830
17637
716
431
162
263
4418
65
70
305
1
237
66
162
187
97
1223
2575
6
2456
2870
722
1201
9
1684
1383
239
538
441
14131
1529
37
226
56
70
507
9980
535
142
346
168
427
963
25
53
691
377
37
503
1224
5019
23
1163
3
76
263
116
1711
206
138
3262
4332
4
88
12
58
84
1859
316
145
1808
2179
7849
1172
632
1380
1
131
709
1
3
3360
384
1
1917
327
27
6280
1278
17
47
760
1639
1206
765
34
71
32
45
2941
35
3215
124
1630
160
770
18
327
115
63
9
3129
74
63
270
367
10
20
30
5109
591
574
783
12
383
3872
22
79
63
8
1582
1
2428
211
821
14
267
255
132
201
3196
58
1
2793
530
5
17
118
76
1339
4
470
993
87
9
201
18
1695
838
982
14
10
893
132
1275
4
2657
643
370
3990
1119
329
253
3726
2293
2822
108
3151
32
30
1348
2817
480
965
1
1
2
3980
175
3
477
639
39
2263
328
2
6
1280
291
364
70
87
249
933
270
11770
447
58
71
1076
1286
522
1173
174
810
7
582
2
1890
484
6
75
2
295
1200
4446
12
217
7
4
110
668
388
3021
89
1624
32
102
6
1035
1290
5
87
108
44
1
863
341
221
316
1
84
228
311
510
136
3927
1378
121
2655
146
1265
56
222
897
3
10
468
724
6
4368
4705
1131
542
42
1405
677
79
2656
1793
300
14
110
1
2358
2
363
694
620
179
898
26
183
1877
272
35
518
2896
349
6361
237
474
1
11
27
11
1479
7673
257
29
8
125
2042
50
5
571
39
288
479
1872
192
103
451
1603
2081
16
28
230
924
2
157
6118
372
1220
737
22
16
197
616
151
278
36
356
534
4
224
1539
911
1606
341
11
1
1226
5
27
628
15
365
428
12140
248
2571
1393
473
3
101
38
17
694
502
285
93
993
31
705
1834
4
1999
2
74
87
15
102
1
225
336
5
376
1622
16
3
147
585
3
3238
7
22
189
901
906
17
35
2949
504
182
131
963
1253
328
212
1088
1160
1863
20
64
2414
1301
208
201
34
139
122
597
2479
601
6
653
368
376
13
785
278
419
824
210
53805
22
4
19
1845
308
215
179
161
4
308
227
2224
137
55
2445
299
195
191
2290
7
9725
1005
99
766
200
44
231
4982
135
116
204
276
21
778
1022
127
638
25
527
1
1054
6
161
390
277
576
6
645
187
246
481
52
190
1527
39
521
174
420
190
1174
34
1
1240
1894
1063
35
720
1560
891
163
6456
807
182
152
45
183
201
1242
8
591
4
708
292
217
1
27
222
108
1387
566
15
4492
311
150
673
1297
201
514
996
1085
14
150
394
344
34
99
7
334
2171
67
457
84
78
2664
1832
6324
413
55
10
320
111
1809
128
674
41
99
327
2
149
8
662
261
1341
19
1106
85
34
502
126
132
441
5
2336
107
73
29
1
2
53
545
139
639
206
180
880
45
1375
47
50
9
996
18
1909
1142
3
386
576
4048
1614
371
19
3584
596
16
1146
79
493
79
716
53
5959
129
270
125
39
1132
825
125
31
15
136
405
1938
613
130
1
338
1
26
38
11
520
32
2
446
2
55
2621
1410
869
789
6
23
1068
357
467
1
23
39
237
5
2583
157
1
264
114
4477
856
1057
71
2028
30
4
1650
6
465
593
23
856
9
38
712
350
17
557
245
11
1382
55
171
344
1010
106
32
1030
3094
221
55
251
5
263
4009
4989
1028
170
2
246
198
76
138
27
1
2319
582
199
3287
4
217
4331
102
1
1238
94
25
2
668
2
505
236
577
1152
275
2936
211
15
1998
2083
2
6274
2575
1774
5606
6002
2155
6
134
286
116
225
3435
387
258
134
949
2493
1
3
1533
179
11890
147
875
5464
1035
4
184
45
235
173
2
165
86
580
2
2550
102
2269
80
178
891
107
220
1292
577
469
147
130
49
187
11
750
12
41
1548
946
571
1847
174
3016
5421
116
4
411
13122
3520
192
1793
453
119
17
1
551
68
1
286
1578
686
133
14
1935
399
2495
1474
2074
7
564
89
4
6911
1266
5
1749
1943
208
562
43
4774
129
3483
27
1998
815
467
1
1494
299
61
1136
109
77
639
1503
1185
2493
194
27
1311
598
2
543
2211
3692
15
89
2928
467
41
1670
1846
2033
9564
5522
116
13
87
855
579
107
311
687
718
1169
3011
275
522
6
224
40
1354
29
101
5624
558
307
1182
270
260
2896
37
1
19
67
423
44
44
368
91
1237
70
7543
1
1674
4592
932
35
107
1693
27
340
999
11441
2236
18
2318
129
82
340
1607
7370
32
1085
240
2597
105
79
1115
102
34
10
388
787
869
1531
149
1102
1132
10412
285
15926
86
62
149
503
31
142
17
10
530
1398
2319
216
131
5349
403
6776
196
2939
274
25
297
330
899
164
74
1955
10
1570
396
133
18
7613
826
497
33
6161
4189
1
1427
4439
293
1909
490
2036
456
1593
428
178
12
1702
4883
227
6991
1250
343
7578
1
57
492
8412
697
257
440
554
7
8413
1
406
3
1
3019
218
2544
268
197
859
3112
2087
7
1353
180
421
1401
807
279
8
164
446
308
932
745
545
421
1507
212
7
9
4
805
9
1962
1101
85
1
84
9
3
12
2075
4
1
81
317
14
295
268
8
26
131
481
1454
1217
914
16
32
517
59
140
330
14
243
348
2606
72
4412
2
6
725
4
1
386
13
4577
36
33
17
313
1988
2560
4297
1281
715
8123
442
266
522
111
1134
1
18
61
649
3595
8
732
7625
66
2066
2111
8
43
118
160
12579
8066
1
3317
39
1517
4
552
69
3551
2579
2714
7
878
83
3033
1446
858
186
202
2401
2784
37
29
222
7
1016
126
1194
1
5
732
987
5300
1177
701
35
5
1474
261
2483
311
870
204
9
2553
939
10
4
24
11
3752
19
127
1358
1603
133
1062
58
9
6
133
1153
487
212
3107
3523
3668
15
29
2354
93
462
854
127
483
1180
303
3
858
1357
1489
3164
239
3087
126
109
2146
976
1356
13920
193
101
408
245
132
269
207
193
2
8977
2756
53
11197
190
41
1
147
1
139
135
883
3656
40
171
2
191
1033
968
473
21
346
83
1437
4554
1552
1215
1688
6432
13
1
1909
170
261
175
22
1143
1
1051
5
29
227
57
176
19
5
122
8
1
5783
958
498
196
6
125
654
5
1337
1194
73
3
2622
2838
905
3200
442
311
249
446
77
3030
127
42
413
92
586
845
1435
11
6
54
5987
9
16468
2333
4842
11
843
592
135
593
764
37
252
9
37
201
3047
3075
7
4
858
83
24
44
1078
15
21
96
1204
43
3
639
313
647
248
47
2
511
4320
46
28
348
258
1
329
138
410
4
184
12
215
262
698
19
723
1121
3257
29701
1515
374
400
109
386
1896
13
1
1
2661
482
269
63
838
6346
390
2667
753
1459
2267
199
87
721
2657
553
224
162
22555
309
62
382
517
9
1252
1292
137
3276
22281
82
1929
91
1
37
50
2017
2401
925
508
201
419
420
46
15
491
46
8644
5754
1102
3833
85
26
529
112
156
214
430
235
2583
378
354
2082
343
71
2358
143
1133
561
3887
8
91
193
423
700
128
116
25
1484
16
809
383
4962
2893
10
1631
9
499
1148
589
31
775
6176
688
3994
378
9285
2834
477
97
4743
1094
5
4890
33
149
68
560
939
438
22
2
49
641
15
218
701
5
1952
270
129
11
135
2
1125
1001
465
450
4384
996
37
3918
5041
69
35
3643
929
564
36
2516
45
38
166
4653
105
485
4
171
126
2341
285
1316
12
328
41
407
165
3154
3
12
397
83
3
50
2975
1464
32
4103
6082
87
12
1014
173
402
37
7
84
264
5
20
95
808
643
65
449
6039
1384
3
33
1262
138
3954
205
1060
571
12
217
3
550
2
195
8
859
86
1
1
2
272
6
1084
291
3
1215
2322
1138
470
1099
1200
55
1
13
1
100
359
44
191
2706
131
915
8093
123
740
5542
397
64
4
4
30
1095
113
9
1
92
6
3689
628
2444
1884
1355
2441
640
7
809
3164
36
1
1712
1528
2389
20
1
251
439
845
614
642
1691
5002
871
822
2683
1388
344
1028
3067
132
277
1090
7
1868
88
1
9708
207
62
7
1056
612
134
4
2727
5
841
488
342
1017
1642
63
350
2
875
398
161
170
229
57
2277
1626
2
3
495
3163
1
200
2379
148
68
10
43
424
31
45
1480
3872
447
395
768
105
1754
100
190
737
51
77
425
53
256
822
1190
609
1521
867
1513
707
1730
118
3088
35
874
628
159
232
110
1075
1389
684
287
112
1516
114
25
738
40
13
1455
4
1546
487
1998
2359
31
272
170
4
1
3053
204
2667
67
582
1491
5
6
369
69421
839
276
25
1326
1192
166
30
12
8735
43
544
75
1358
231
203
14
3
221
1302
135
41
197
56
269
1049
987
90
187
978
1302
14
1150
216
219
862
22
171
3732
1739
28921
295
62
1992
1930
345
445
609
2003
532
1
849
177
170
3
220
1763
363
469
20
152
523
579
72
318
37
452
906
2
1194
9
6
37245
1431
760
144
68
1458
298
10
583
1208
1198
80
2447
270
656
1077
4572
816
2289
170
3943
6
105
1
49
1333
92
201
16
11987
1636
131
4
122
36
409
17292
7434
1
379
52
8
86
3896
88
1
448
5
6
2158
10002
673
1535
3
856
373
4387
3098
18
119
1866
327
301
6
23
928
766
3
12
1015
330
2279
1012
460
1167
850
1900
292
2658
310
819
205
144
212
584
2453
258
413
283
1429
3669
169
478
2158
53
338
2
1389
262
1123
8
3682
1
165
3644
1141
141
45
106
1482
4160
2283
399
1422
406
472
1144
212
2639
272
31
54
63
6
182
120
166
248
2
23
215
370
7556
161
972
2677
311
1742
11
714
20
318
1660
2054
40
12
5
3932
448
393
838
218
779
6813
9
1337
2295
1151
1362
393
115
45
26
2
180
1
20
470
340
1761
201
1789
72
9
1029
1766
27
703
1
82
529
222
898
11
45
103
197
765
896
2400
427
202
43
318
40
45
26
206
592
22
111
14
7101
59
184
149
528
316
61
47
110
8630
5646
1287
744
8
625
1
765
544
387
8
206
362
77
212
107
1462
1132
1004
1
11
1
164
1072
102
556
36
517
4096
412
32
60
2790
3784
145
1077
284
48
92
3597
167
4
1385
91
3434
185
2505
443
1850
171
172
1410
2
56
1431
71
7
707
1102
2795
832
1664
458
1909
1766
2215
246
485
3985
168
282
408
257
77
1185
12
1109
288
3571
63
30
2276
121
112
2493
1
115
1810
2832
1786
168
1830
3449
8
300
6260
21162
186
1
685
134
414
838
584
1875
13
24
6795
1381
674
559
27
2425
16
491
35
20
289
120
197
60
169
2391
694
1004
105
267
199
81
8
419
127
197
263
99
4555
183
13
2
1665
285
1556
10
107
316
50
16
2079
69
215
1
16
129
155
995
766
20
301
700
24
145
277
610
41
4
132
4392
1618
1466
347
4381
418
2739
1255
289
1
334
906
44
15
96
145
1166
192
68
4
93
839
3
182
110
522
2170
244
4
859
175
74
11
1803
317
304
285
276
2798
76
365
501
18
5
6
7797
8
2158
78
549
726
633
6
17
1301
4
101
1941
1767
53
1587
4
162
2720
2510
149
220
275
663
192
5168
2769
1304
18
5113
150
10
552
1850
1265
6
5
534
865
8
8
2
1285
2039
3438
554
1646
56
21
4824
471
1442
1776
3591
2
2
920
23
128
1595
1731
579
119
78
178
1
1
190
639
5223
1
8
387
436
158
63
10
4810
1085
690
51
4
13
4
213
95
447
88
183
78
530
204
900
1216
55
8
404
273
2
23
56
170
367
1790
730
4187
1180
115
2
412
9
1329
2433
60
840
198
157
194
1
556
37
275
4268
637
658
26
249
10
122
2
22
24
79
190
169
123
1185
364
1796
31
169
604
140
1134
135
227
247
475
148
5
2227
22
871
511
100
294
1924
53
1222
872
666
906
215
750
1
12
268
67
460
789
1
667
1
1802
527
955
6
220
898
3
1007
2
13
127
47
1475
61
138
53
16
7
792
801
1795
85
354
53
1
1
512
28
95
634
37
3322
438
597
392
1616
2
22
190
9
34
141
72
5
286
254
80
853
4
587
27
8
4463
29
5
1204
1694
396
5
144
24
3285
1286
182
9
159
1278
12
17
588
17
163
1
5
204
88
2561
15
597
27
1611
48
108
609
47
100
70
6
219
914
13
292
1793
84
197
283
73
1214
1
664
860
6
1539
87
7
2174
659
3
1857
138
3
24
934
9
205
192
5996
1049
127
239
1699
1141
303
273
70
782
262
1519
19
775
1541
1463
191
85
246
255
394
25
3430
417
193
477
89
35
117
495
544
10
6382
303
895
6
1808
15
1420
8
262
289
120
623
587
1950
153
537
177
6
188
1296
2
283
1
3262
170
579
386
95
52
21
18
179
663
812
121
107
1
91
135
81
77
159
7
742
91
58
9
2830
4029
443
596
623
8306
7
9
5
758
6070
350
17
106
193
1335
166
316
2
163
778
277
81
4
273
251
25
71
7
1320
149
28
340
79
4
1
9
486
20
4
1526
3657
2046
390
59
21
9
116
671
21
4628
54
3
111
1133
728
71
1023
727
5
17
1144
83
6
1797
149
11
25
1108
771
463
176
3320
37
4
557
11
180
170
3405
352
1
12
4070
6362
319
6
12
3745
1170
1202
59
81
70
1840
280
122
348
217
575
204
126
73
2
2620
210
133
848
782
212
223
276
75
2780
654
146
407
244
5353
240
76
1059
168
244
45
692
324
163
5
111
176
9283
6992
20
46
3
1440
1015
306
2107
119
2181
112
96
1
864
898
20
390
92
171
245
231
309
4161
1
190
102
296
9069
12
202
155
127
918
182
196
16
218
207
244
494
418
1
389
3105
198
1
2
123
1
10243
255
203
277
14
12
452
2081
93
130
43
217
65
951
11
41
622
367
659
5
20
55
29
3
46
290
351
232
136
238
121
21
24
1445
247
755
226
197
1590
84
6
590
89
46
4
117
3269
20
505
1309
332
48
11
1726
1348
46
38
11
62
2
113
50
1214
49
11
35
71
617
12
737
1888
188
7593
158
1
34
39
6
7
404
513
7838
405
1143
2331
2198
2
1
208
1426
203
2
12
123
3205
896
1522
5788
285
994
4
99
235
28
78
42
811
286
411
22
14
16
540
274
668
311
57
44
1337
7591
412
5
31
844
1358
62
890
170
1394
1236
1804
997
491
28
938
12
464
48
2
450
5
28
168
326
28
493
23
7
126
86
270
1288
3664
1388
25
235
1
581
6642
439
865
47
2082
1270
10
265
9
288
13
5425
9302
108
51
183
296
56
83
8525
285
448
284
76
44
340
255
16
40
310
1397
88
179
9
216
1781
677
898
390
16
319
31
26
62
15
104
258
2149
1370
57
209
12
5
588
522
402
15
757
90
10
2326
3154
104
3
95
121
252
10
805
1
1443
1361
62
4274
59
62
2662
118
36
150
256
390
652
3093
368
24
540
756
82
35
34
617
804
551
105
2200
616
13
821
57
1173
2697
28
6
453
1299
527
306
27
3223
2525
460
200
2
471
718
23
151
77
1585
278
26
621
63
8
248
3693
45
5390
114
515
742
2191
1942
249
1468
34
108
545
30
112
94
110
3666
376
793
273
12
12
100
296
325
87
66
1234
169
13
10
222
640
253
1031
2016
125
1757
81
3
352
4897
597
6179
1411
1912
4888
23
65
1786
251
2416
6
2603
147
407
566
1313
70
1703
1896
15
209
590
398
1406
1192
1069
864
111
748
379
4809
1547
441
964
70
1453
118
155
279
324
175
204
18
24
3
28
73
652
3071
3145
2181
2561
1472
8
1551
48
11
9395
943
457
190
610
841
14857
1045
3604
831
95
656
502
19
468
84
1705
25
5037
150
123
3760
2393
1519
780
8
694
7
37
713
2397
264
1277
61
270
639
419
3460
252
193
74
963
1002
4
56
1324
117
22
220
952
14
1907
692
1
1
333
196
1064
275
449
2014
32
2268
3
922
833
460
4550
90
415
194
611
2502
155
16
1961
8629
58
2449
28
167
228
1118
21
1
133
40
411
75
3538
326
5
16
2864
2061
1523
1077
1934
2
558
2596
4451
6358
74
214
1
250
4011
1
37
1644
146
189
150
1357
114
896
342
1835
3398
1629
282
628
14
3793
165
76
54
444
653
262
196
582
25
2
1909
258
2198
286
17
196
255
766
1616
20
30
456
5016
445
857
7231
84
15
1275
532
4
42
57
111
3565
177
21
1
958
2374
637
2776
484
163
233
219
524
962
2828
168
2
747
863
25
967
1128
92
71
58
517
900
1288
3
52
1123
23
673
268
296
105
142
278
6
153
368
503
235
573
15
609
2842
300
13
319
985
48
165
147
28
2173
40
870
2
34
296
1020
601
7
109
466
787
748
836
1286
12
574
818
36
363
677
127
8339
902
370
4855
266
29
38
230
310
558
770
1778
802
1108
44
1125
167
8
13
177
19671
219
2854
384
99
456
589
139
85
1717
988
37
1050
390
1043
570
7242
14
163
769
3
1788
1
23
1366
624
9085
356
179
168
111
1474
202
37
1710
56
13
204
1
2129
190
3
365
4
303
188
15119
2
415
255
206
315
1121
33
1
1
56
3431
1372
2709
2
142
7614
885
63
2633
243
15
5033
7
82
229
1632
827
1171
1188
346
367
1007
5628
831
6
999
14
510
1
4590
885
1
534
3051
370
6
1441
121
310
926
2479
125
2690
227
44
200
1
121
50
51
28
2609
5
106
367
646
2
1295
10
1610
262
47
1
4929
1235
3038
3
178
2670
117
1087
54
21
166
1924
1010
175
353
2514
3254
4105
76
3112
17
1303
3310
21
497
11
205
261
170
970
2961
75
562
634
15
43
129
2
243
183
953
6208
416
3250
8590
910
186
94
247
1773
2179
1074
1
354
14
107
1567
34
8
1
5710
93
129
26
967
143
45
125
337
8
29
863
44
3
4768
11390
129
664
288
21
2
1212
2449
236
41
347
14
47
1105
2180
3186
230
4
3
294
122
561
3829
340
310
6
131
3234
340
2169
271
19
217
103
1198
62
906
130
3042
78
460
69
789
5
1
53
463
8796
5
57
2
1150
600
2163
19
294
346
21
17
5
288
32
1624
12
79
3055
1193
4
404
682
11
126
3556
1281
47
196
3533
1934
1921
2642
2074
155
3328
81
145
258
13
37
11
23
376
78
290
3860
1
5
1039
19
16
366
500
4191
5
170
203
1406
1658
1234
200
8
20
24
620
135
1233
680
1093
185
1
3718
143
6
917
1
2868
95
249
952
7
1001
1528
957
117
128
376
1925
608
15
473
4182
502
68
915
172
11
383
175
18
76
6
1
365
37
191
395
2014
258
11061
1849
60
40
143
2
2
5
1483
2
960
29
1488
223
41
6125
424
34
125
360
1193
1776
148
1390
45
105
290
404
1917
41
1505
119
52
403
299
149
1
2543
77
1828
2626
541
106
184
815
272
1508
231
208
37
2713
2675
36
117
1338
118
117
1
107
1631
48
96
11
319
40
3472
71
42
11
3
12507
2
1281
268
5
1635
100
41
37
39
289
5
126
1472
153
293
217
1
563
453
370
21
6
2820
197
1510
15
257
6
452
568
2323
1403
210
1423
10
980
30
1554
197
63
39
367
173
107
1160
12
1491
1203
1082
1553
41
3901
66
561
859
1214
110
2132
389
7
86
111
7291
684
3480
39
4087
1978
1569
1662
31
147
39
75
211
97
225
3339
116
410
2754
1
2945
16670
8124
807
26
1140
21
996
84
28
5866
36
2835
481
33
1056
4513
6
163
8866
1854
2
269
562
279
3
2512
663
293
630
15
864
75
3991
289
156
146
18
20
1812
1
86
67
241
2996
202
352
46
5268
112
202
1930
1438
748
1106
1437
3
1978
381
33
102
605
631
1568
1537
5222
16
354
1076
5
290
14
9048
32
64
192
786
863
76
704
395
2
165
339
2
433
1
1074
955
2
586
7
201
212
1
964
8
2082
1805
232
403
2660
3663
1
10
147
941
4
627
1
67
4465
429
3
52
111
2
1128
1074
4
1415
149
135
945
575
418
2558
22
85
762
1772
146
5
6487
1451
401
72
474
70
20
130
1816
4
1542
605
1682
4395
121
1832
35
96
2209
375
260
2
84
11
725
504
2271
4
10
1101
1201
971
3
312
916
44
7
64
16
3265
9
1943
66
1064
10
884
18
4234
286
132
179
690
1773
2644
5
22
4
1752
307
22
1899
8
58
84
74
1804
22
85
254
7199
163
13
84
47
859
4
2105
9
2681
4
9335
17
1034
76
8
156
115
556
1570
95
1
819
4150
2
8456
963
3231
96
461
189
452
1
2704
1053
612
6049
173
184
59
1
13
1
5519
3570
402
90
2253
198
14
796
51
2318
110
281
136
1563
28
532
1114
1281
4151
1715
27
311
36
1
3608
10
1007
306
208
7695
117
5
1268
18
170
4230
16
676
11
1800
1
1790
13
1622
196
682
2997
1
401
14
32
1291
1193
1139
286
2146
93
174
188
19
118
127
1036
1813
204
10
1
23
82
995
320
18
2
1
1
1128
1395
28
3449
1120
166
2527
185
1079
1373
2510
8144
55
257
822
280
568
19
287
5
781
209
3
177
8
4162
2071
1
49
11
117
160
37
178
111
127
139
1371
46
101
31
495
1736
72
170
161
15
719
3028
1394
6865
660
21
257
163
25451
123
176
1
103
138
614
420
205
30
52
124
173
374
1526
3
4100
6850
399
2638
521
39
482
5
195
1681
581
125
585
9
77
258
554
4827
1
111
132
220
6410
2191
328
4
27
10925
870
4777
275
339
2
7
14
2203
498
152
47
4107
132
424
110
116
120
1522
4
947
5142
2357
24
2
10
217
137
34
40
3
5473
9
2912
367
703
3
344
446
17
2220
1118
969
1531
803
505
2579
1
86
550
1150
521
64
2
1
10
70
1182
194
193
69
3282
529
652
618
3
66
112
1152
617
2007
758
366
29
1879
836
142
5
5
2
119
1103
1114
28
388
339
30
303
39
6204
1151
1
1956
529
73
5
310
72
3115
1359
271
6088
1815
51
2688
109
53
9
1
2266
22
965
296
931
113
2173
378
1295
995
73
238
826
1018
38
4688
86
210
273
361
148
17
4122
670
88
54
594
147
1048
1700
44
31
522
14
5374
9
599
51
29
2349
950
658
118
669
60
25
72
93
510
2144
813
102
284
830
464
807
682
63
28
3260
147
75
492
1106
227
592
1215
888
1379
1
5
1
5789
1065
1474
547
3247
1849
593
719
50
23
1123
4868
693
74
28
675
619
215
69
263
7
498
729
621
117
547
872
81
152
205
4
60
283
1132
63
91
60
1857
197
211
2080
252
200
71
6
49
153
431
66
92
1
11170
231
4
5
1017
1688
82
873
18
380
2689
63
95
21
140
82
9
131
6
22
328
366
356
140
6
591
2584
21
135
348
4
1226
1164
831
51
612
297
720
204
244
83
8
15
6636
365
236
3990
230
7
86
187
1148
236
1
37
142
1384
880
234
2368
52
42
491
43
549
1301
654
627
886
110
11
13
8560
19
32
26
365
548
30
183
373
312
83
35
632
12
1715
85
2035
64
490
3073
1634
4523
220
1444
404
424
512
223
250
125
1647
33
460
10
236
276
5020
11
11
169
8
455
3051
172
630
214
734
669
720
56
415
120
199
431
1946
2445
1657
1353
6
1
164
2472
120
215
15
217
1
342
1160
1
168
2941
4
86
100
83
365
24
1979
2291
397
141
10
16
68
199
1
261
1613
141
429
1214
40
415
5
5
28
607
145
1063
2364
2682
1242
153
4808
137
84
137
4
425
1
7
982
69
885
1363
401
19
243
640
3
1442
1186
796
565
1125
589
1054
70
2116
1720
7360
1406
2695
244
15
7
4047
358
21
5608
137
2808
1
3492
5
235
69
60
257
1
993
13
237
290
13670
441
13
4105
369
437
4
811
162
709
45
543
1021
17459
399
1309
1509
180
244
11
12
174
112
150
1346
351
6081
5112
56
20
213
882
856
5315
5
9
2544
16
3
352
3167
241
77
125
2144
189
2823
185
655
1180
155
171
480
1503
103
903
810
201
34
1739
1754
548
1594
1705
209
10
4108
9
933
272
2868
246
778
107
370
259
215
335
3
841
2152
2835
1
1
20
7
419
168
81
8
44
600
246
2054
1747
54
398
82
183
42
1055
768
371
776
1
11717
43
1
1566
442
3062
3276
782
81
4309
42
206
957
1472
2499
6
18
5535
10
406
89
424
893
158
1019
151
83
250
1316
220
1558
987
284
57
827
2156
1968
3212
288
6
39
23
496
449
910
7
22
678
189
945
3927
67
16
358
1817
2321
950
148
60
139
44
148
6451
1
128
1717
21
13
322
1
8
30
55
6
1044
2
1
8
28
10623
41
2213
2940
383
61
250
699
330
1256
226
1010
279
320
680
131
2044
272
5709
852
1097
4862
324
120
1342
9768
33
7
123
7
18
5
4400
300
36
108
371
148
394
2570
3070
1716
19
3265
473
14
285
308
1019
1
940
2524
623
1357
78
688
215
23
8
7649
700
297
1838
823
553
146
246
82
757
306
40
186
20
1316
2124
79
63
577
75
600
11
2186
217
2496
184
113
530
2330
294
709
583
1
124
122
1847
3
76
8
201
171
107
434
254
25
310
65
1240
628
120
16867
871
1119
522
12
2005
378
322
343
3083
293
366
1
428
230
70
18
506
1852
379
117
914
20789
1453
1213
27
25
778
827
169
746
595
420
101
199
872
1468
1518
732
1167
364
80
4037
151
10
1694
38
171
418
13517
67
893
12
491
21
15
306
4273
7
469
27
48
388
1066
1749
1190
393
1434
32
130
151
843
447
648
111
438
30
595
24
1198
415
196
936
47
591
1
138
98
2619
75
4281
1
46
1561
1571
3151
1
1197
171
151
373
21
38
865
13842
150
3862
22
947
293
311
94
1968
43
9
15
333
495
1
3094
41
1672
1481
779
3957
7285
225
1827
1397
1462
5
140
2206
119
191
230
39
184
161
139
254
106
2138
1128
40
3648
25
2097
148
4
104
4654
266
431
277
1845
42
2508
299
23
627
151
5
35
5
428
174
71
222
102
2328
280
2074
1
7285
796
1475
1
368
317
1274
86
43
127
129
3801
3201
2013
1579
2
136
677
2980
704
2521
107
1075
77
2354
2
376
995
3366
1464
1656
1380
365
763
2
317
1274
102
2420
105
41
4572
410
1129
12
582
63
133
66
364
81
1337
486
57
1367
1309
1
8
341
596
767
763
130
301
164
167
6
31
3000
1097
995
675
12
82
26
818
5820
45
84
62
370
3345
3315
1003
126
2
2
6555
1125
7484
646
201
3920
618
68
551
347
1751
5642
288
116
1875
80
346
219
276
393
5
7116
491
1080
6921
60
125
110
295
423
1613
2851
68
200
4003
1162
22
188
64
76
21
192
340
359
1
78
153
114
1548
25
221
94
166
46
1785
372
7
285
5296
302
2619
198
251
679
6200
2
261
406
93
1
915
210
2
1321
278
119
4355
72
151
103
5490
13
1062
44
8
5815
11920
106
3294
2417
461
3888
1872
5
14
1
618
60
337
234
1
8788
575
190
2330
182
315
1015
34
79
5
56
4802
10206
4
1408
902
13255
64
5626
15
4
53
195
17
758
34
1177
2953
414
118
13
966
345
19
839
85
1
6
5
5
795
15
861
422
106
1420
2896
4
1033
588
73
2453
1257
88
436
2829
153
89
464
108
2256
360
7
343
285
116
75
864
104
119
2220
1408
319
2624
713
1211
9
3765
151
381
122
5684
358
349
97
1367
975
237
69
1831
1377
322
268
672
33
64
181
3447
75
7
3284
8
20
1411
1633
3005
686
10
1208
1028
310
784
1230
856
5527
1303
2882
21
4442
29
20
2482
1767
677
1885
1802
620
23
991
201
392
1104
4510
519
117
14
30
2
20
240
3
191
150
3267
4
1
2
1208
981
3094
116
1511
16
36
66
142
91
615
8
12
1360
1775
269
2059
2794
7
819
312
34
127
1079
172
416
108
3008
488
15
256
3
20
43
110
375
699
4049
513
78
4360
1265
330
345
848
2845
1496
1127
1502
426
2090
2719
1148
587
404
3715
87
1461
742
33
675
1
48
102
33
39
69
22
1453
116
7103
92
27
230
937
69
805
3594
1245
587
7581
15
4647
7
9882
235
2474
1056
301
1050
51
29
499
355
1982
84
34
232
1888
963
9120
2291
160
2077
3981
1057
748
214
334
5603
1742
324
46
2117
2012
120
20
928
2510
283
45
78
107
1080
50
584
628
2854
1212
496
1
53
572
577
17
2742
92
5106
755
6
323
2664
39
7
42
1632
1518
2911
1
419
56
106
1
1
512
1192
204
397
265
1
2250
61
1
702
46
624
159
1518
188
86
208
3896
246
392
3766
224
388
149
1267
4807
153
2011
358
14543
39
20
1315
374
1193
335
933
228
26
3288
66
24
253
1306
154
720
65
243
1
3007
3
115
32
4
217
1497
4087
2
74
1689
45
167
524
5749
517
305
1
406
1469
667
110
1
1698
166
10969
21
348
10
778
23
501
166
659
214
108
813
1
3
1314
1127
2923
62
117
18
1548
102
2862
189
2744
461
246
29
76
416
2743
685
1
263
24
11
320
36
1015
25
23
514
132
4
1
168
931
405
7
99
23
493
1061
132
73
647
85
493
110
5
42
721
596
16
2507
22
1100
2417
163
3182
417
709
5422
396
728
6591
4276
86
997
706
266
2860
756
1207
82
128
725
46
266
75
1486
2062
9
8
14
97
61
1626
101
2183
628
5
1135
3588
21
2847
483
4866
5
5
1442
105
163
112
5
213
1356
186
9
6
33
545
218
21
102
9
348
17
800
41
325
142
3715
1139
47
1
100
90
546
1212
3
2078
107
74
224
211
294
205
323
204
4312
1
2170
1839
107
1413
347
1128
179
177
1239
1094
245
8044
2558
531
65
102
24
445
908
5
1
533
2134
313
122
1
1382
1386
460
439
3764
10
192
1809
81
1162
712
1387
3
13143
348
3
7747
1188
225
179
1036
172
4
4499
126
5169
1243
113
27
6
1294
254
724
9531
2122
54
24
4305
2048
2
2578
636
18
224
7
360
1486
100
202
6592
337
4145
671
32
1038
74
7760
94
1896
24
1361
44
145
4
28
1
447
17
1940
453
1
772
4040
15
216
1
4
8
4564
52
4783
10
1155
57
140
8
9
2456
1
866
6
7
373
4
3
47
201
425
368
890
415
127
573
282
248
2
821
82
101
3609
1309
647
157
201
293
156
628
222
4582
1125
2
27
367
54
93
17
802
7140
197
15
3203
3
104
240
119
26
447
1429
1
1
2
16
19
5
310
307
312
1578
228
34
7
434
3305
1
776
470
389
44
917
9
470
5
1820
6
32
12
43
1603
3
379
5530
252
11
14
1
103
327
142
177
363
22
1
310
133
440
15
822
188
54
1
581
1475
6113
395
10303
114
18
2832
293
3
26
1042
161
329
2689
189
1413
3
8
95
8
78
4832
2568
46
828
537
1298
123
61
1824
1524
1066
515
11
110
167
29
214
30
144
336
30
2557
2530
935
10
3971
846
6
440
1501
2
95
1273
8
10
138
8
1
1141
318
140
149
311
310
227
43
180
63
456
18
2165
1034
1
178
509
4
311
246
89
918
142
1117
337
386
45
69
329
142
492
1114
27
18
1295
2302
198
942
833
90
3
244
892
873
216
1884
20
11
4
46
133
168
117
5194
135
2
126
56
686
1165
325
439
83
94
2165
219
1003
174
2289
552
403
6
2127
12
874
16
2
1149
429
2817
52
1412
28
81
3042
395
6290
103
1211
110
1892
219
1252
139
1772
188
1
1316
100
268
7
463
2731
156
1
1381
961
56
474
392
424
114
47
4073
176
880
3783
896
1130
3662
955
884
30
415
662
752
229
482
1
68
5
4
12
1566
1026
70
53
357
1194
318
144
4
2670
8843
432
14
3213
60
757
9
4
95
382
206
431
15
814
474
343
176
3
5492
176
6
25
590
704
3
1700
183
108
722
568
464
434
1
35
2331
29
133
194
272
2256
10
1005
2830
4333
1155
927
1703
226
1236
1
314
6
4406
625
1209
2448
566
1406
714
125
38
1775
9398
2381
121
1090
5
2476
1792
5638
82
10
8
1741
194
1
40
2699
35
469
325
390
467
5906
204
5
1360
68
27
3974
2263
6
1821
1344
258
897
276
628
472
89
79
74
1890
943
1037
698
459
883
173
8076
1198
19
3
2007
440
108
474
2
300
27
531
1426
3158
424
74
429
129
23
75
569
749
77
113
17
3
480
59
50
143
15
393
80
14
423
7
2
1377
919
157
79
98
237
2775
627
280
99
1342
448
698
503
399
2693
1587
1223
5
140
2
2251
1208
1239
1
5426
1151
113
4208
5008
564
108
4
25
1914
12
39
543
1986
2014
503
131
665
846
92
167
556
458
68
44
87
80
1
255
3248
7
135
343
652
123
7
122
545
883
349
5
1687
222
703
395
349
5
17
3762
381
142
137
120
1
344
14
1
111
20
476
78
841
161
153
1
11
627
1605
933
46
324
4694
100
92
385
214
2755
97
12
17
1025
267
11026
322
264
1529
272
573
26
40
1342
1364
169
377
2
21
832
51
145
76
1
101
3527
882
480
214
279
8
29
680
580
21
617
227
2320
61
252
130
4
3561
446
19
24
80
13
152
319
91
242
8
762
68
483
2
1462
421
1324
844
524
281
535
639
978
80
68
719
1469
2869
611
40
1301
16
4
1946
486
3
709
2
1100
9
794
2562
10
1998
109
19
38
2867
320
194
1
412
1104
1350
393
16
468
542
83
78
1
1229
257
5149
1938
571
211
89
590
1152
1906
34
359
7281
225
86
1432
553
572
238
1172
23
466
5
6938
1018
33
76
2695
854
95
146
152
1
37
691
4027
7
1641
8931
39
49
682
1698
615
222
158
129
1815
130
231
1995
619
322
121
1169
296
120
24
108
213
533
802
2039
1
47
244
99
3320
331
9
585
103
999
4034
18
25
13
154
1323
20
811
157
38
165
776
652
980
922
39
204
119
619
685
84
120
761
1
2053
108
52
805
439
1262
174
218
1127
1
557
5803
102
621
14
2465
108
1902
2124
21
459
136
75
1787
200
1568
2181
365
932
1166
3167
135
5605
952
1
671
1
5
35
304
1
1006
337
1066
1870
285
10
861
382
7
1049
84
417
268
28
1943
2896
2231
39
60
80
112
1314
334
109
30
616
25
1
359
318
118
41
38
742
72
2
10
4
1753
68
289
36
1978
1055
1573
432
527
377
151
7
1428
1384
139
5004
1142
926
66
7
11
272
44
14
17
43
19
70
3499
3258
178
217
3126
523
267
11
754
788
376
19
23
247
1374
1014
20
4680
2669
1320
2297
5
68
73
4018
154
59
643
335
2461
6040
260
150
8
1298
114
1213
208
741
84
833
50
34
10
284
135
1431
433
1819
428
4
6
168
66
2052
22
155
119
32
160
532
449
386
2
137
23
6910
2659
467
183
348
12
7662
315
32
1
7
47
53
25
144
111
126
30
121
2732
2
12
54
3953
186
1048
24
806
755
19
1
27
272
909
3808
1188
129
18
18
1
97
215
75
21
147
2220
24
604
2028
12
119
236
107
126
3
10
2161
25
288
1403
180
55
5666
259
2485
1
1152
1
21
36
7494
57
1
1253
97
121
737
3972
86
276
60
22
2
3575
2957
6
28
1998
6283
1086
2597
833
8
3553
339
4030
8
1015
203
355
3729
1330
4077
435
690
9663
2330
192
85
901
5
219
248
22
47
147
31
965
131
1
14
1614
3300
1044
278
5292
155
29
50
153
177
224
99
162
381
41
7
2311
1139
24
293
1
83
76
166
3262
927
144
7714
590
6679
3
111
316
19
8244
1665
1590
74
585
3727
271
41
10
2035
4
1
599
3339
407
796
1
6
146
1060
72
711
1088
1444
1
1386
1506
528
1
10
47
1167
373
313
3088
14
1102
1452
37
1548
468
54
301
23
1981
5
619
2
30
1613
3990
1926
2
484
1975
266
699
334
2828
10613
1
42
442
240
2205
1748
624
419
3834
590
70
51
1
209
17
2245
41
2014
2768
578
2210
223
3669
5732
75
1330
1
3732
188
6
261
2145
555
639
2368
3225
675
20
1543
9425
37
842
286
1326
4489
407
13678
1533
10057
71
10211
4833
78
32
140
2458
289
617
27
1679
24
536
210
998
1532
61
31
66
2315
57
1565
10
38
5875
3317
621
23
17
2254
1
370
3
4
1
1080
2178
1
84
4351
1271
1
611
1086
2117
776
267
19
1815
851
101
12
197
1438
3
301
1459
1333
1
4541
1074
325
847
90
374
2218
7
1221
2858
320
318
348
286
4777
9
1
234
265
2942
13
1013
58
146
315
4
1172
230
1537
935
226
1101
767
21
77
33
1692
571
30
104
673
134
1
1510
98
1720
18
14630
3643
4
253
45
27
1
75
21
2208
317
22
867
4397
13
486
250
1
914
551
13
291
1031
772
4033
1609
1109
1800
16
1064
37
1897
80
62
1236
927
135
73
33
25
806
7
346
226
77
4936
100
240
88
68
1310
73
1460
17
53
3756
7626
8
91
66
1660
713
719
150
25
1
4
3579
33
1127
4530
13
32
866
422
61
35
23
1966
97
379
570
198
7
120
493
376
22
551
630
1750
654
380
275
139
2549
85
795
21402
1333
7
1478
314
630
679
640
12
120
91
58
1
710
80
2054
26
617
286
76
655
224
137
7
6
212
193
600
4792
540
137
5386
1065
983
223
1713
48
18
602
374
3201
674
41
108
15
3821
50
520
776
70
422
17
217
3
217
467
1987
24
48
121
572
419
71
390
24
498
154
805
172
290
2233
1
159
2
192
154
48
2092
280
1356
5
757
7
264
5
58
166
272
31
591
76
848
691
18
243
190
1170
2783
4
1376
614
59
91
60
928
8870
323
1822
1280
1519
2412
8
290
9
7
5
87
3074
35
62
6
785
905
2817
3832
1293
350
129
41
1
298
428
188
214
7264
470
5741
349
399
138
1426
8155
18559
697
1489
18
8
19
59
59
305
233
1695
627
89
12
1
50
5949
670
250
1288
3565
4056
1695
35
63
5159
96
642
565
81
385
69
61
1515
560
186
1755
222
13
1111
278
444
4356
284
382
7416
289
2
271
224
252
107
66
71
367
714
1
48
318
3846
719
1216
4831
11
505
26
987
2
1140
394
3315
1
241
4704
7
133
5324
42
60
171
5240
262
106
363
973
5
394
13
672
3
1772
2727
232
17
373
299
1221
888
197
1257
103
5
5404
1970
540
26
70
1
90
1502
9
600
2403
2211
3100
273
24
76
284
198
100
161
91
572
51
13
169
123
316
31
17
79
869
125
548
729
472
2714
18
133
2761
1574
915
38
710
35
4240
62
297
752
18
1609
112
289
47
1290
1555
31
1386
201
516
4181
111
341
1872
68
142
330
5655
350
11
10
328
1
273
245
42
1299
3556
36
152
812
1
68
64
82
33
1320
1423
2
14
80
9
238
80
2651
3790
25
18
26
352
83
2232
97
2329
230
47
549
186
8
79
14
3380
29
574
5536
301
677
15
513
477
343
12866
1441
428
487
60
87
484
90
843
248
10
1170
6
236
18
51
312
1431
684
48
13
17
587
22
36
772
724
1194
290
948
28
394
2632
203
443
1743
8209
69
450
151
3
93
103
101
28
78
788
391
928
90
1
1
1640
84
77
3038
15
3
265
85
448
619
3193
204
426
3032
16
392
2108
3298
11
657
2021
168
134
11042
272
17
2898
5139
124
2382
1062
583
3731
1
1927
43
3519
313
5
6
113
243
2
15
1
188
992
5610
14
34
117
1821
1858
4
1
17
10
122
1210
92
24
54
18
68
333
3
39
90
4
675
1499
5874
1
1204
1396
103
4
5
1281
4457
39
188
279
217
8704
2024
1865
176
364
1339
1026
141
1
204
10060
8
3361
228
44
1005
1
794
38
1
1808
470
9
250
8
4
54
2283
8
305
47
59
587
4
20
369
5
696
621
35
2111
9
317
19
19
153
6
3432
64
22
224
786
2478
198
1284
8
274
19
9410
5078
215
20
2
1906
11
51
129
291
2777
266
120
1
144
1722
26
151
1001
122
3332
1608
2342
101
148
455
706
220
11
228
352
1325
77
323
28
4023
317
19
66
1
81
278
151
96
29
828
45
824
318
104
91
2637
1625
1
5273
3664
353
86
22
20
172
580
9
4
61
2921
3759
17
225
286
7
65
169
82
362
34
1
319
173
2
53
5093
25
6167
61
227
201
1
1645
845
23
1284
3061
2
19
1329
78
26
122
2031
217
1866
359
3163
646
168
13
254
5750
351
70
1
24
112
157
33
110
2050
5162
59
22
410
39
107
20
61
29
379
159
60
304
136
106
3
461
44
61
2593
64
1
11
703
1
21
42
10373
437
219
2124
703
106
2
339
830
67
1
80
876
4
285
7
4
20
2789
483
94
3
56
2
3
264
73
51
2398
21
778
726
2484
460
3
5
2226
917
9
167
631
155
34
2
127
3
117
112
2496
532
3
1363
11
12
31
402
13
2258
22
23
605
123
13
606
1203
2456
2555
210
27
40
5
6
17
369
1433
15
1
538
1
245
36
13
96
153
17
333
40
1204
797
30
412
93
134
1421
254
1886
254
1751
1250
1065
254
217
1598
807
307
82
1621
524
646
390
40
212
101
472
422
3
839
3565
602
1
8329
8
108
264
331
292
482
2
1111
176
14
29
8
134
1
1256
39
234
9
42
210
17
343
588
131
46
23
34
12
20
395
250
1
3129
676
116
129
22
5
1074
1
524
135
93
186
56
3754
338
177
293
3136
1480
85
848
992
16
337
1659
3819
28
2141
382
3569
88
230
72
1086
1792
393
1789
11547
6
2927
41
964
81
1
13
16
427
370
1379
2428
812
4522
1760
222
7078
320
4143
324
77
1
3292
17
10134
693
1627
149
17
317
49
69
1
896
1565
2632
3160
568
1
334
6192
249
1603
14
39
1514
1871
1006
246
873
5
408
858
144
1398
3577
1
1127
168
1692
1091
771
104
116
2
68
3016
386
176
1
291
2504
2472
256
1247
269
847
136
174
2901
15
5
211
22
171
77
352
337
635
3733
254
26
192
9
66
902
3
1898
783
1218
40
4582
7
148
912
415
16
41
1623
123
75
12
7602
904
1
531
366
334
1284
2500
3
230
2863
1331
323
1421
124
267
981
1
3
5614
473
1052
4412
1962
7
391
9
1510
1778
245
31
752
674
181
6080
16
846
656
1578
3419
60
1475
1323
218
352
4713
1473
1715
313
971
343
362
25
32
11083
3
11457
251
136
45
42
5
4523
633
1
3277
8
23
51
1797
23
683
4464
18
822
3
1002
1
4
84
1291
1623
5
3654
175
36
2992
51
1197
5387
2
2719
11
674
247
636
351
4727
726
137
45
111
116
2350
2
3
308
38
2252
6225
62
127
582
1496
2046
1042
82
20753
1791
48
60
2
18
223
113
234
124
223
139
452
1983
45
148
291
48
759
205
153
16
8
237
183
34
209
184
263
136
602
129
59
442
245
2
7
2462
13
5
1486
127
319
279
200
782
10
95
16
187
183
362
328
144
28
881
8
683
94
8
9
29
9883
3
695
3168
12
1293
258
728
540
2435
1
27
9
15
243
21
4
382
6269
2621
18
484
362
400
2685
5416
3003
110
340
6
259
1107
93
5
86
16
3
10
127
617
1
5381
100
509
202
1590
169
109
60
53
35
143
10
1390
1999
297
2432
94
2429
9
243
2836
59
872
203
62
3290
176
6
16
201
3722
3558
10
257
3
926
90
4
71
1
1064
115
443
13
42
301
2212
110
91
548
102
2987
334
10
298
1789
599
1
2
2394
146
3404
1090
111
734
317
388
24
166
745
188
146
95
460
107
19
1
63
916
74
2694
2957
5
248
1
27
39
188
432
221
1928
10
31
2
202
2411
97
87
1739
783
119
1676
1756
658
67
1
184
151
401
303
96
515
153
105
3
1339
3943
164
220
5
726
80
255
218
5
1560
11
3026
48
16
554
7
17
64
239
432
102
101
103
139
551
262
1274
485
354
171
61
10
739
82
138
33
170
426
1346
72
812
19
7437
4
773
2
1459
597
262
18
115
1724
2439
45
797
19
54
63
8
111
130
6274
3076
105
1175
10066
211
347
27
429
106
1
218
1464
10
10
516
517
217
2701
1684
28
22
920
11
3336
466
375
5240
1199
5580
3192
64
3
121
53
56
6
482
156
3
1658
1006
8977
598
4
263
3760
11
30
541
157
43
1250
10561
714
251
3
305
93
1448
297
7
308
315
1498
84
231
1246
2619
176
250
155
375
72
1090
138
40
155
1583
492
901
44
67
9
410
77
3799
5
99
317
3034
14
4
8
41
3711
179
633
3824
81
45
1587
38
622
1681
511
505
460
350
537
23
3579
3434
345
8
11
512
17
1
241
198
128
227
32
237
12067
4887
221
2116
1097
8
4
1628
2471
49
2
68
54
1
283
367
23
165
4
55
1
4171
2327
585
146
1083
3675
59
107
1106
29
367
2210
4
1360
25
79
121
9
656
1030
5681
73
853
241
435
3003
65
109
1261
11
52
328
343
144
10403
1
452
381
10
570
255
4942
946
156
81
2
298
606
1734
252
5
109
571
189
742
3024
19
193
1397
664
6210
342
120
7452
140
460
85
453
477
4
45
2029
404
261
608
684
811
172
36
70
562
125
1059
1
11
27
3654
653
338
64
332
2966
7
453
191
87
1257
12
13
210
33
6
490
40
2
2591
1
1475
273
1047
374
189
176
448
710
1
3654
219
39
250
17
1241
105
2083
186
640
938
1374
1400
13
268
1060
281
808
127
4397
27
3856
8
23
483
2385
1586
378
85
292
174
304
832
2765
287
276
281
3725
83
41
36
52
854
2203
451
22
561
1
4939
158
998
52
60
374
19
51
118
76
298
74
1
2
22
1940
411
102
918
2539
697
709
609
384
144
611
124
84
244
6
90
185
10
130
8897
11
340
28
251
398
264
345
9
1237
881
647
30
1425
757
1274
2043
1552
51
6687
1048
1192
3
11
39
70
951
1953
5
56
2440
2208
1016
891
463
4
10
224
5566
67
466
353
396
661
14
3
3500
824
2474
634
903
184
134
11092
475
216
14
87
16
27
207
427
92
8
210
268
139
1512
123
6406
195
520
303
240
9
34
690
9455
247
1414
3278
583
2236
4025
2
1036
1
159
70
100
42
8
261
15
19
232
6
18
7
98
270
990
58
275
214
295
1086
12
3947
1991
191
2
1595
36
10
93
240
61
33
1328
876
590
738
896
19
10
15
12
148
154
4148
4887
155
1721
48
1076
348
82
32
31
237
25
535
78
134
83
105
37
240
330
28
26
245
241
13
1527
198
5
10113
16
58
93
999
1
868
352
1814
51
766
79
354
129
177
7
705
27
29
757
34
136
400
1422
134
1067
185
22
13
187
31
2400
1451
818
3
10
2303
1784
727
584
245
1656
221
1875
566
909
1059
107
63
78
247
11
3191
159
121
690
35
3161
185
227
13
187
7464
37
269
483
235
3
1738
798
58
3448
19813
23
24
3610
1142
229
2295
408
871
254
62
26
779
42
82
180
413
3298
6
213
855
964
1
313
266
98
99
245
44
1651
7188
747
147
75
1493
1
2658
506
677
39
89
2115
93
596
804
121
69
348
842
720
602
2066
1736
3987
12
4718
78
176
92
4543
1187
2091
8619
159
244
71
100
3677
5439
3162
62
963
78
3
534
67
9
59
55
13
2280
68
23
1
7153
120
693
1
20
310
4
41
1365
2
6647
211
208
637
441
215
1110
224
1
843
10298
1855
154
15
5671
12806
129
1062
881
2
10008
28
81
217
27
68
488
157
4
5
1
590
3149
1171
4200
384
1242
47
18
1598
106
93
20
226
71
158
5
33
19
1199
375
197
378
705
106
182
349
31
2280
8
285
128
125
189
94
2117
1110
128
2
3294
12
72
49
87
6307
11256
225
145
220
487
554
2511
692
11
62
2416
116
10
1656
3280
2588
837
1020
328
1248
216
186
1587
764
1890
93
36
40
24
366
2
3526
19
34
48
241
1914
250
1769
2137
741
15
446
259
20
2
4933
286
91
5295
105
298
29
376
326
54
21
634
35
20
955
157
5
359
802
1307
382
1421
105
1
25
129
4309
745
132
500
13
2692
10
1931
2
1858
185
286
128
5
84
4874
480
37
147
10
532
689
271
373
11
132
675
1249
1
762
64
87
1646
239
93
5
65
33
2139
623
1352
610
2
1915
9
541
4
260
2652
9746
1041
59
1
724
144
6459
6
24
954
7236
6111
78
2237
569
716
405
1673
1115
1877
146
399
90
278
437
3577
376
17
832
384
964
71
2144
6
103
97
17
49
132
218
72
7951
11
3069
13
6
1851
4548
119
5767
1005
1998
483
56
136
5353
7625
46
47
506
116
13651
79
125
215
482
3547
546
5388
102
256
398
3319
63
423
2
468
103
115
1
216
1
2
38
12
248
198
18
3017
450
159
96
154
154
2957
3713
109
5
876
465
2158
122
2
1
3448
6477
3029
45
1223
275
485
416
1598
817
2916
1004
16
213
318
823
113
2329
220
120
115
627
303
4674
441
238
393
991
41
25
1
1568
66
1263
2108
134
79
383
3787
155
1755
432
1010
187
721
1426
5
130
164
1
2261
926
153
259
89
27
915
261
216
80
3802
567
2635
440
202
296
36
30
664
84
3
1421
22
285
5
1
3
36
7164
27
76
2537
1269
190
132
12
303
6
1
17
516
580
521
416
439
12
3775
9
284
443
126
43
14302
221
209
1
343
3619
33
252
35
8832
222
399
1234
13
219
10
53
146
167
182
249
36
32
735
5429
19
34
318
8
135
2704
4
118
35
1612
171
21
738
881
26
2492
5626
1423
994
4306
201
22
4187
460
4477
150
616
228
1541
20
507
4157
3585
201
163
57
170
1703
749
1415
198
89
2066
73
12
10
1
464
9
6
6
70
235
41
26
286
488
1385
131
1999
41
95
213
236
173
1863
19
20
6
1
234
533
2840
21
184
824
404
189
1459
2
1567
231
111
382
154
56
61
1704
1028
168
813
225
25
31
696
48
1
499
1733
1806
70
1183
325
1
632
3612
48
1685
52
1184
21
22
24
1576
416
2608
228
698
2656
922
41
1520
96
192
318
406
109
44
19
302
208
401
96
1
13
48
37
1
132
1
749
80
135
199
8
51
31
26
11
793
153
32
13556
1205
18
134
20
29
20793
71
3639
383
22166
3438
72
2
70
110
10969
179
42
56
33
9
1289
1875
1414
51
50
67
45
653
478
1253
30
128
254
1140
12
629
124
14
751
673
1899
3
1321
6
3
28
88
1489
354
2005
165
3
1
524
265
305
1064
1024
92
363
28
237
20
419
18
19
54
91
1
187
2202
123
55
1887
2967
3
1508
29
1
9
244
118
299
175
9
41
108
3766
837
768
854
953
59
167
68
52
3266
8
4340
714
20352
2013
669
2767
61
7
66
3
281
23
439
5341
26
325
48
403
250
100
681
731
15
51
7
209
691
5
242
5
507
274
78
12150
845
99
275
4849
3041
384
31
6
186
268
308
476
2420
766
492
11
746
315
923
6
126
714
13
14
996
2125
62
8264
2508
6
31
1
2020
1303
2437
1
49
72
73
39
978
76
1984
64
3
114
263
9
2335
74
2
397
1158
18
139
315
101
310
489
254
126
643
33
1
288
75
103
488
1
274
250
291
12
37
30
128
9
1718
182
2289
1
213
112
65
7
2301
4
95
1
1599
19
1196
1483
275
5
3
1930
578
392
1170
98
161
522
219
173
292
272
22
168
77
2
837
297
202
1120
185
52
17
118
1
246
2
111
1069
211
5
186
398
5
1092
1009
5
27
3
203
21
308
187
179
444
6
79
7766
297
136
84
996
143
276
533
778
308
6
1506
17
411
1
3084
412
4974
1
358
1755
6663
186
239
132
812
664
16
19
5
2433
237
75
4796
37
1
409
6
60
13
469
125
793
377
148
314
34
4
1277
60
844
2429
212
511
15
295
67
2
9
213
1000
1159
19
2218
55
25
827
1495
6
52
22
1544
114
919
1487
10066
208
3591
225
72
439
2256
1324
245
625
4
10
60
518
126
253
20
113
346
12
11
407
71
2
2276
13
37
685
18
321
166
2
119
1
3
1
250
10
265
84
418
265
54
36
18
3267
1963
326
9594
136
132
2124
213
13
6
884
254
76
196
203
69
1
148
49
451
61
389
68
5
5504
84
3963
4
814
17
5
81
32
1222
38
209
2825
3175
6032
243
518
133
5
666
25
304
2739
198
75
1
3
121
3
585
30
240
314
815
133
4189
35
649
502
295
1381
105
1192
215
263
7
824
1
183
1668
113
811
594
3505
223
156
1389
5818
122
134
218
315
163
224
74
105
136
294
73
146
129
248
271
194
30
1139
20
970
97
2
137
123
1454
211
96
207
8
153
126
130
771
1916
204
37
40
315
249
2
2338
281
408
270
140
1001
432
121
275
81
2847
7
1165
366
51
921
569
141
285
118
77
97
399
159
43
25
5
233
28
116
6
1407
30
38
1051
217
124
182
123
71
249
2
183
325
