52
5
348
5
42
381
13
25
119
272
41
7012
127
22
700
13
991
8
211
368
21
123
124
294
585
1039
1093
289
81
344
35
322
164
151
420
27
47
729
235
361
364
154
305
20
1420
823
377
374
394
60
313
2742
52
5
164
502
406
102
1
59
768
291
1
4
1
636
36
36
416
20
20
41
242
495
119
412
673
593
32
111
99
53
44
303
340
517
817
86
18
1764
37
17
45
774
54
512
69
552
323
34
5
40
75
424
5
303
27
2210
1046
17
14
170
535
2
18
487
2032
560
121
213
52
63
345
85
55
138
72
47
586
169
17
404
288
350
25
271
84
4
10
361
38
197
422
68
57
57
8
453
332
1
964
36
94
4
41
162
380
168
30
565
412
478
8
81
189
47
70
34
264
161
36
23
79
106
33
80
85
39
114
25
6
306
77
1022
15
473
12
71
11
96
134
27
262
144
233
25
575
46
76
68
8
161
365
387
876
378
195
21
188
37
302
17
397
82
109
98
174
491
442
70
118
63
435
133
100
71
358
362
35
739
11
521
108
7
18
34
31
315
1
112
169
290
1376
73
104
16
495
12
104
1064
1
214
271
47
1495
381
187
41
561
345
1057
161
602
153
101
22
37
124
441
104
14
37
518
439
92
323
7
15
262
2
19
1
68
383
194
129
2
161
2
188
396
67
738
1
36
19
877
526
114
379
25
79
27
411
258
428
23
2712
295
33
120
44
813
225
420
12
10
620
35
154
861
24
72
215
316
4
33
2638
21
40
305
25
364
525
80
14
237
391
20
720
393
54
88
649
89
68
386
429
674
395
57
296
322
35
130
68
1
44
281
172
43
352
288
498
208
209
297
141
553
4
113
278
28
19
35
415
509
1711
5
61
15
417
54
810
18
19
288
668
350
203
161
935
59
409
264
81
96
382
282
45
30
24
407
268
99
142
22
103
26
62
98
403
266
12
74
40
620
70
328
57
68
178
94
83
177
286
351
20
38
24
13
25
36
10
16
271
354
31
14
413
2876
123
531
452
200
61
99
42
21
23
59
63
107
610
252
304
160
150
576
429
492
27
15
411
27
144
44
11
1390
447
22
29
330
89
34
1
23
43
73
32
106
2
10
45
11
26
623
273
9
11
1020
435
79
443
92
419
338
1
76
437
54
75
39
265
62
18
100
32
213
309
162
439
343
7
593
18
658
135
61
688
43
55
94
50
2167
226
3
291
1170
213
1
25
248
682
84
84
47
1103
34
397
52
181
26
122
3
122
6
4
31
28
37
231
2657
202
319
636
19
10
92
112
319
43
194
59
282
78
151
110
24
327
603
1046
594
29
39
57
118
112
195
193
48
280
369
36
25
414
20
141
542
25
248
34
122
771
569
1083
589
1
406
236
15
80
80
245
240
7
162
77
1510
71
82
157
524
32
654
16
72
158
374
7
419
72
473
277
488
166
465
54
532
108
1
769
95
592
183
237
264
21
59
672
4029
212
81
13
320
1313
67
14
11
128
317
258
538
3057
988
138
1366
214
54
138
176
451
13
111
144
283
78
71
66
7
191
21
174
382
36
119
423
40
51
141
115
35
167
115
712
59
138
22
48
75
42
462
72
8
263
60
16
45
15
14
595
48
316
211
131
608
151
195
397
2
60
516
7
450
7
241
173
302
96
570
214
72
288
8
5
269
1079
13
81
536
7
20
22
967
269
163
494
598
136
89
32
8
1
118
83
307
355
94
73
67
916
2
138
67
47
1238
3
6
203
28
128
122
178
346
205
286
14
163
113
252
26
231
785
186
195
397
172
46
36
821
18
8
9
274
1394
32
54
20
33
39
1678
870
130
5
149
1404
108
289
488
19
852
18
36
477
297
490
4
45
744
532
59
195
6
8
4624
10
12
92
69
41
6
33
192
1
14
353
57
545
222
223
191
11
1104
612
3886
389
376
204
61
401
44
31
28
450
50
726
483
21
235
75
390
37
965
436
1
23
80
378
81
14
423
34
205
78
30
19
9
17
212
283
74
6
9
70
124
62
12
258
265
44
89
37
89
427
506
217
89
23
138
195
9
15
72
180
667
5
52
93
55
460
219
39
255
1
852
117
29
524
20
756
63
1
306
115
75
14
63
276
573
371
63
36
404
83
25
166
64
291
441
226
141
681
430
42
215
214
41
55
25
54
42
2661
231
29
26
34
514
441
57
322
187
337
100
453
107
60
153
233
29
40
460
464
84
168
1
467
347
363
17
239
19
451
248
284
40
104
180
9
108
396
213
481
435
42
39
63
28
64
30
137
407
15
22
326
272
40
294
29
499
55
98
1023
67
465
310
417
30
418
346
31
1197
55
306
925
56
75
1105
386
79
678
85
64
68
578
85
78
4
1082
24
116
1020
299
2274
810
753
1251
418
500
18
301
4
152
204
25
378
2004
46
35
169
314
62
14
900
194
58
465
618
56
90
373
265
182
3239
15
63
667
291
1607
112
943
468
1034
38
243
63
15
414
726
18
609
1
25
31
16
181
198
86
16
34
36
12
9
4
389
171
94
501
131
518
1
289
1
87
1171
15
66
48
137
2020
2609
77
311
405
278
116
12
2095
1070
87
3
394
126
48
136
53
30
30
158
12
370
122
1154
12
489
61
629
486
235
246
603
252
2012
47
18
3393
60
9
301
20
231
272
45
81
198
382
538
455
7
159
392
53
286
91
170
320
9
21
838
108
30
335
25
413
32
316
8
26
361
334
353
249
910
69
81
10
24
36
44
428
30
111
1052
320
11
287
255
348
261
31
39
21
111
141
16
401
185
246
30
269
87
133
189
98
16
431
358
5887
5
3
304
92
312
1216
36
274
283
1082
403
259
839
90
2
694
470
90
244
289
381
84
848
30
138
66
62
268
142
407
377
137
89
633
274
94
25
257
28
192
307
1272
352
58
189
327
485
482
342
453
84
36
349
78
18
30
317
283
79
34
141
317
62
180
139
457
275
744
327
86
942
11
352
243
492
49
227
101
115
787
582
34
22
68
36
123
119
457
236
13
107
1442
453
263
54
11
50
13
202
314
67
22
18
183
725
215
430
97
49
19
26
57
23
113
71
8
29
25
102
27
89
283
316
26
494
53
136
31
76
289
151
12
30
17
34
257
160
822
11
40
18
75
39
793
143
344
116
193
10
76
137
86
26
441
42
648
1273
255
596
232
18
2001
330
40
21
124
289
340
402
213
375
472
12
138
27
19
478
72
75
399
32
96
277
539
285
366
63
311
19
204
37
45
90
18
75
14
166
125
6
440
23
80
38
3
745
577
32
3731
616
9
457
501
205
552
5
556
27
31
15
629
1222
1845
28
335
1888
809
118
9
33
78
304
984
396
190
295
248
490
9
668
478
19
1534
451
22
157
43
629
292
332
177
404
41
367
2
77
15
1054
10
182
361
90
1757
123
145
60
362
13
773
458
374
159
237
263
25
1939
445
269
351
63
509
187
20
29
21
1542
22
142
40
132
135
496
426
421
56
272
273
54
154
34
30
263
198
37
43
403
33
344
147
7
437
520
431
70
63
57
36
163
32
78
47
2506
170
26
336
7
1
6
20
22
147
25
42
158
82
51
34
413
120
94
40
19
845
30
32
9
90
40
642
243
39
326
38
162
55
77
16
17
2955
288
281
16
7
15
106
2222
95
7
198
170
145
683
28
250
452
4
1
86
130
288
1218
6
11
100
1078
296
557
71
39
46
198
113
659
2824
117
5
793
139
16
924
101
293
142
446
3
140
23
9
7
435
131
45
22
485
415
445
340
27
59
30
39
82
35
56
15
15
775
266
74
505
646
536
317
57
226
132
40
3
637
274
132
119
179
528
35
393
122
388
439
1508
1148
391
645
55
10
122
499
228
51
77
1054
875
309
171
252
17
481
404
733
173
23
13
6
136
91
768
231
1688
678
809
620
544
428
413
1191
809
13
102
91
14
44
28
49
208
456
16
415
1039
1105
69
279
258
186
4
272
73
193
54
478
336
134
20
700
414
34
112
31
2991
99
148
103
219
336
101
580
140
75
4
10
159
17
141
10
686
341
499
421
43
44
703
27
4
17
189
888
379
501
221
20
43
566
1056
483
94
391
53
277
483
493
204
131
18
1594
442
450
16
111
195
159
292
118
30
592
463
1049
272
44
71
454
10
41
169
104
162
373
8
23
82
65
273
583
101
61
45
400
618
61
102
354
477
44
79
36
27
46
12
369
1251
13
154
62
73
248
35
173
186
4
366
775
27
155
1702
93
846
914
42
99
55
17
1034
7
139
73
113
183
24
329
276
700
286
998
134
17
3
51
8
345
580
30
448
422
245
85
869
287
36
33
9
99
411
110
29
275
91
320
298
54
85
14
16
86
33
271
341
7
481
53
1448
164
67
307
22
103
551
285
53
676
122
2543
698
152
109
9
42
39
23
200
36
129
670
8
24
149
52
166
205
461
111
1188
982
334
104
487
373
6
45
46
10
357
1390
18
131
29
13
19
36
8
52
22
19
486
338
15
37
368
571
85
318
282
1028
197
161
16
100
953
11
36
179
10
707
374
37
63
151
2
233
57
67
323
23
7
3
44
135
641
54
69
29
279
24
289
39
12
174
1195
461
1187
1
125
4
1157
573
11
305
6
17
24
9
36
68
286
222
65
177
752
754
379
38
25
262
164
23
256
429
2
24
36
519
507
787
33
2
175
83
35
762
114
84
43
77
14
34
37
453
313
59
75
18
85
46
37
282
72
3
17
58
280
52
395
41
45
121
1401
110
302
1506
34
212
14
171
93
46
12
453
363
291
237
774
204
300
44
5
80
145
591
47
5
24
131
23
26
5
19
81
524
24
17
347
129
26
38
199
15
452
102
856
485
56
24
62
181
319
56
76
31
27
10
166
275
254
14
602
237
118
229
308
134
154
1071
31
246
58
559
154
372
277
343
423
265
546
462
77
330
435
1330
76
318
338
71
11
93
23
421
246
532
236
564
332
15
105
1368
453
15
8
146
493
123
267
1989
961
54
183
105
108
23
19
259
486
590
68
38
451
60
1591
218
37
151
13
47
217
1126
168
1316
435
77
92
368
101
11
586
5
108
20
779
508
306
28
18
292
105
402
1871
524
279
30
1058
142
278
67
5152
556
53
362
17
108
213
113
42
120
157
173
25
76
390
84
479
160
215
449
1
465
67
509
137
214
20
4
110
1
17
122
82
211
532
101
226
63
483
14
14
39
6
32
29
61
45
86
539
96
39
545
13
26
330
302
216
171
143
24
54
49
18
379
31
625
694
191
332
134
372
30
330
397
28
247
182
62
45
986
209
103
796
544
569
318
120
286
433
65
10
222
939
1068
120
19
74
377
33
138
119
46
875
8
143
1
492
451
75
272
448
98
56
14
142
894
54
248
698
257
15
46
330
211
256
26
19
77
90
95
9
134
181
92
219
148
22
67
112
10
63
90
252
402
3594
77
14
98
321
367
10
55
313
22
202
40
46
67
266
19
12
1
826
39
153
55
58
105
3
29
635
359
2775
160
435
33
51
31
154
1120
34
9
322
256
25
191
2241
412
38
264
916
34
910
515
323
1594
347
1
689
234
79
287
581
439
110
29
497
80
200
1235
38
29
62
5
186
67
23
764
227
78
355
9
15
65
115
19
49
286
90
224
58
585
54
237
822
32
330
23
44
28
428
15
441
234
25
548
21
114
50
141
84
125
451
22
241
21
403
331
731
187
494
72
79
243
638
196
32
24
32
36
781
421
74
821
200
36
3
2368
45
21
3
312
75
10
815
21
35
25
39
11
19
76
2
27
12
351
73
841
866
45
251
9
2636
297
3
30
18
214
294
21
190
48
188
181
68
73
74
70
25
244
1506
1760
240
1076
956
152
224
295
439
248
180
156
33
322
1441
307
119
20
137
99
58
26
248
631
9
143
450
35
91
353
154
606
5
579
105
165
58
130
566
41
49
32
9
319
19
34
7
367
55
377
180
2
111
499
13
8
471
16
155
31
88
140
22
22
198
245
336
29
25
107
66
102
34
618
17
107
29
747
14
12
442
235
608
192
44
477
740
72
79
20
6
42
112
135
209
35
12
26
17
14
85
3
35
11
31
35
137
1277
327
681
45
324
185
190
17
61
340
70
383
188
30
48
92
22
3
40
43
2
629
209
149
133
18
60
261
492
292
14
164
32
397
17
431
69
82
78
364
332
176
315
335
90
1973
149
291
262
108
78
691
182
306
1
859
27
256
216
352
291
60
45
381
396
254
254
36
29
494
38
129
336
132
30
54
58
20
123
542
12
257
45
400
23
20
75
184
60
11
192
385
13
120
1008
191
44
698
364
856
545
210
227
101
300
99
453
1
113
55
298
496
287
543
326
46
376
8
13
33
164
1
715
332
107
244
187
23
639
131
473
444
19
267
62
299
49
89
774
28
584
65
441
18
88
57
75
38
72
289
68
21
5
362
368
280
273
1
1027
103
769
437
42
103
27
520
30
87
31
25
45
628
1182
305
161
512
670
281
332
136
269
41
280
65
54
312
271
31
217
150
147
357
116
43
74
97
278
92
1053
927
74
674
279
885
218
74
8
321
39
112
1349
422
307
23
238
504
43
15
10
322
281
8
789
23
62
74
284
113
17
40
44
198
26
138
112
226
400
26
316
282
29
14
1460
26
13
43
500
443
49
194
1856
299
12
686
469
291
443
87
207
12
91
305
10
405
56
26
1658
349
226
48
460
41
377
466
136
183
59
469
208
51
132
318
37
45
23
19
8
22
2
371
1
464
30
133
5
364
17
84
2337
216
387
183
76
306
477
250
16
179
8
5
4
31
369
1334
386
681
154
58
938
334
39
55
26
140
565
467
452
533
643
450
31
57
22
63
785
163
42
159
269
1020
175
98
95
95
57
495
50
466
1230
62
87
564
222
76
23
7
12
512
1170
52
393
64
1688
93
13
98
14
20
225
310
181
894
1921
262
1
184
3
394
681
144
105
39
86
40
25
109
22
67
314
273
173
187
15
169
139
191
537
437
2
13
58
330
29
1340
25
237
183
64
107
136
143
150
409
74
209
42
87
22
256
45
111
164
35
1793
65
81
65
362
154
475
214
402
143
5
76
311
22
62
2952
611
787
48
173
201
15
56
89
339
39
70
293
11
66
279
347
44
222
24
23
304
89
106
19
101
165
10
59
225
36
57
851
51
327
34
322
35
222
2
290
1609
88
5
257
119
7
67
8
237
29
103
301
16
325
541
45
241
7
305
169
176
396
11
358
49
185
98
82
369
49
28
136
99
321
7
40
21
108
235
11
215
125
379
56
36
339
411
85
30
481
17
138
157
372
419
505
4
27
25
133
18
41
171
79
194
224
31
59
250
250
103
28
75
66
175
614
129
70
78
181
94
96
33
273
399
534
14
339
1
1705
74
863
27
176
813
320
22
283
25
181
277
29
33
2076
63
96
124
32
2
3
24
442
80
106
197
230
284
102
114
23
323
30
69
255
62
411
123
18
21
423
26
171
14
878
379
215
20
47
216
372
36
39
36
163
260
205
71
523
94
108
28
76
96
105
30
444
269
23
32
30
39
19
60
346
513
162
346
715
85
451
170
29
1
11
36
72
8
707
249
28
216
324
145
783
76
2564
115
79
1251
641
308
1402
1190
266
11
273
895
25
161
306
261
945
96
258
2708
255
104
21
349
1652
68
1519
138
75
218
42
368
562
56
308
20
84
131
3737
94
25
85
199
2
1738
47
5
75
29
38
224
123
322
22
735
8
20
17
179
426
10
137
52
598
50
320
249
277
104
173
115
76
67
87
1515
40
206
14
137
118
9
48
431
32
25
38
13
28
143
127
148
37
90
37
80
936
1
361
624
52
343
7
44
4
175
261
466
249
7
148
21
247
41
269
4
122
64
863
22
83
42
23
6594
328
82
136
20
81
279
62
76
514
368
104
157
124
9
60
6
6
366
141
135
39
35
348
24
80
223
258
689
82
30
530
1771
43
43
632
655
70
542
109
68
767
77
4
134
40
559
43
169
51
440
17
213
57
54
20
1
59
425
4
73
424
290
733
341
38
74
4625
319
215
1135
389
37
209
173
26
655
99
143
31
29
584
335
28
71
131
188
107
126
54
14
12
343
498
211
109
23
420
435
251
45
346
533
133
5
31
138
342
295
246
28
1
78
905
328
87
54
33
184
41
539
828
15
13
220
406
258
9
430
28
334
35
35
66
220
307
9
23
779
221
296
1
20
337
6
30
446
112
7
52
691
14
409
145
189
209
142
115
24
7
92
678
125
131
31
363
329
62
161
75
82
103
8
276
156
75
43
26
559
228
41
280
14
286
163
22
239
73
154
138
37
28
41
7
1151
39
139
32
2252
54
6
10
143
456
47
329
8
80
89
72
64
33
381
313
32
60
299
415
8
230
99
316
270
165
87
4
47
160
168
370
56
50
134
401
91
364
1
63
280
553
120
239
50
280
345
156
572
645
64
369
590
87
35
396
84
143
21
133
55
55
26
1260
42
49
775
111
12
18
195
16
135
73
301
93
103
474
164
430
37
140
43
642
44
31
335
365
1031
152
490
645
33
23
141
133
382
42
7
423
845
308
106
8
315
376
210
669
62
6
153
233
31
209
59
39
280
60
6
641
255
82
130
34
357
124
140
434
37
23
27
1006
674
74
414
116
69
20
26
335
34
33
66
483
475
93
705
8
1
54
72
21
28
693
9
32
6
13
194
20
408
63
1055
153
54
51
408
51
16
237
11
4
49
33
3148
109
780
146
6
268
61
91
203
118
375
99
3
83
1248
33
131
61
17
1
93
13
21
674
66
282
142
112
444
58
381
18
21
135
22
20
99
53
25
335
94
966
68
53
13
148
13
1022
213
19
252
69
867
41
764
14
53
106
107
326
174
249
577
1104
52
376
90
108
5
71
363
24
127
50
85
12
517
622
1256
213
46
415
24
325
14
849
42
69
127
210
15
3
1
164
635
28
241
19
43
1382
590
281
178
233
286
48
112
28
128
42
85
362
74
5
57
600
395
48
215
688
65
622
24
163
97
102
364
44
2322
858
1
89
106
19
11
40
59
391
108
74
13
40
25
101
379
52
31
37
825
123
139
46
25
195
48
22
20
22
243
6
128
68
40
15
574
138
161
199
514
211
1369
312
61
34
904
61
173
133
20
156
87
716
360
408
164
356
664
32
65
143
61
525
879
17
125
328
292
313
19
132
91
14
33
328
20
121
277
27
28
354
210
28
12
3
313
89
114
206
93
119
18
18
11
44
102
491
393
387
30
14
209
112
57
103
345
302
358
360
282
1
627
28
68
416
614
70
468
45
28
2
317
379
123
27
23
494
17
20
35
111
494
300
169
245
10
44
135
154
219
126
190
28
49
1250
175
17
90
131
223
444
59
1146
1
62
373
228
1
52
154
12
136
25
432
110
125
24
253
19
41
25
1348
317
51
1192
70
10
41
75
425
409
26
162
416
183
611
322
18
10
125
50
245
79
171
864
38
21
114
218
319
31
526
20
259
115
336
154
196
328
82
29
288
17
139
52
439
167
36
381
372
651
256
14
2585
12
50
265
45
226
95
1198
68
109
96
50
375
567
3
61
29
18
277
36
235
4
50
28
16
39
801
51
457
407
8
73
687
221
26
37
7
934
9
95
618
142
291
382
853
7
31
1255
2252
750
301
46
309
37
2802
46
50
71
463
71
67
36
42
155
243
242
95
60
47
31
174
421
36
10
73
137
16
385
38
23
187
447
97
15
149
371
256
128
365
300
82
245
67
67
65
39
98
161
18
109
2025
684
21
26
105
755
692
30
44
287
733
548
10
8
537
18
167
29
139
35
1303
20
1361
117
134
57
100
26
245
148
76
120
318
243
503
55
379
290
379
553
265
39
173
153
550
64
42
183
222
91
585
61
20
51
170
17
1
121
349
360
9
364
67
921
2039
70
9
75
4
254
28
308
7
64
401
183
297
159
32
10
15
30
90
19
120
61
129
10
596
66
88
47
219
15
27
501
61
196
21
528
321
19
288
14
14
73
30
107
227
268
156
31
85
65
3
55
28
620
309
640
409
5
461
157
23
176
233
37
372
39
86
38
23
507
33
756
317
100
5
162
25
146
18
439
222
519
23
3
46
14
8
246
157
41
387
144
20
32
21
221
63
1492
18
20
38
1597
21
9
70
30
118
308
419
2405
298
524
502
934
951
582
695
367
148
1285
428
203
154
35
21
131
347
759
381
118
545
42
36
220
80
87
46
1258
31
213
5
262
6
598
41
107
108
330
64
24
323
487
242
722
1394
81
325
861
113
73
314
294
15
195
205
105
290
41
270
61
160
6
53
51
22
8
1190
320
11
44
17
94
523
509
185
323
53
10
29
40
889
219
68
136
218
13
164
53
337
774
447
61
129
466
52
22
102
30
416
455
71
26
169
4293
17
209
115
218
43
213
373
1087
16
285
241
52
6
289
91
210
558
509
78
12
97
302
46
253
291
183
258
181
106
27
2260
116
104
1
1652
115
111
116
17
68
118
123
11
335
452
134
28
235
72
16
399
38
380
25
196
293
159
46
920
387
110
369
78
15
119
2015
115
17
5
146
26
98
8
60
573
357
21
1
533
292
417
18
23
471
1
5
41
142
344
107
571
588
90
326
31
683
159
152
502
2189
18
186
212
6
1
537
559
23
117
2
17
229
302
305
581
159
303
27
310
12
394
87
4
120
357
1367
152
414
94
571
64
120
8
78
188
218
141
6
31
185
1660
229
1169
966
543
97
422
494
374
22
80
55
891
431
163
304
13
686
31
12
109
173
240
266
32
418
13
1047
224
241
511
106
205
39
652
496
8
34
38
502
40
84
413
66
106
481
41
505
78
288
561
76
60
109
435
50
27
591
26
46
45
299
4
757
137
113
13
213
139
115
49
17
210
795
63
376
164
20
168
15
185
329
206
692
61
991
881
291
459
12
321
192
15
70
4050
27
38
245
239
208
435
79
668
565
70
104
313
160
646
12
9
241
585
862
775
43
470
677
292
124
44
33
91
826
48
47
873
1498
438
24
21
28
75
337
52
65
107
315
175
38
38
37
537
25
1199
265
265
1038
267
38
67
169
1005
80
58
57
4
18
1095
262
2
39
619
222
37
450
85
392
1352
69
10
509
371
375
54
27
194
185
215
156
36
52
40
815
716
97
73
73
32
312
398
17
31
45
399
144
21
312
105
69
23
49
143
21
13
514
47
9
480
453
56
17
44
80
211
367
169
418
29
174
183
38
60
13
129
4
10
24
33
13
104
282
40
28
203
29
47
43
74
24
110
305
1187
23
390
79
18
345
115
119
45
40
35
161
139
9
32
21
89
165
576
598
5
19
169
40
86
31
3157
85
521
112
60
32
42
301
1888
120
113
18
11
80
178
359
82
26
104
274
507
281
400
4006
62
6
478
70
151
409
14
130
2
27
94
564
77
12
626
203
194
69
41
16
187
359
872
913
177
1044
9
55
51
406
19
106
100
22
92
590
423
154
96
64
110
188
199
597
121
53
47
163
10
93
25
233
14
204
37
249
11
605
475
407
256
99
972
144
58
188
271
426
28
216
49
367
107
1264
3
284
462
128
66
1
438
45
9
41
260
36
329
26
34
302
360
256
22
56
199
268
137
305
27
704
120
141
19
1
26
91
32
30
130
34
49
54
293
344
1911
41
62
222
12
998
69
1094
133
100
176
154
20
1722
18
208
28
63
316
40
426
6
35
408
137
98
11
29
107
36
15
101
185
391
1
211
378
23
157
114
14
6
15
1301
443
174
43
245
9
221
100
87
36
151
38
7
3
67
305
144
469
184
770
16
753
216
23
519
88
76
78
385
540
75
33
36
15
245
56
154
105
143
37
58
248
30
22
70
121
300
48
663
388
1210
182
326
35
155
1171
20
117
287
302
19
6
14
622
47
582
234
376
341
345
27
46
124
32
89
412
43
52
185
28
46
131
98
85
1
21
16
509
2
167
87
1337
230
24
26
351
533
732
37
124
263
1089
709
1
341
506
90
608
73
198
9
156
181
323
34
36
8
62
435
3813
30
403
46
446
101
43
19
712
29
605
332
138
1372
227
2
28
23
187
87
1
795
317
267
337
16
173
34
92
26
7
146
28
267
170
104
293
120
116
485
355
146
5
67
74
14
54
193
141
249
87
4982
498
613
470
569
68
1
406
438
206
556
899
406
45
226
33
438
69
1356
72
321
147
195
797
100
846
55
16
10
26
205
247
24
325
370
37
62
304
134
150
237
93
29
8
13
45
299
19
13
274
107
302
40
378
351
372
731
193
642
81
249
399
38
22
80
236
87
142
19
30
148
69
604
18
254
14
57
498
472
36
1357
12
63
43
175
153
152
123
12
287
1
267
35
155
268
173
6
110
468
19
20
45
152
19
169
34
82
50
284
42
36
527
31
267
62
17
150
269
72
37
526
52
18
21
214
22
279
96
233
414
171
149
455
63
284
151
388
278
4
92
44
229
366
152
713
18
20
68
171
9
97
84
350
364
17
77
314
67
188
78
1099
520
895
672
266
9
385
239
153
183
16
2
168
290
148
174
51
16
749
1
63
142
210
43
385
15
295
43
597
56
43
427
67
68
84
644
6
166
404
825
17
173
18
90
91
555
44
806
49
48
356
31
43
631
375
90
273
42
585
222
42
710
894
37
50
598
17
65
88
182
53
117
1
28
587
414
527
16
121
24
161
163
50
138
126
653
55
336
368
158
269
623
159
33
440
42
354
307
2183
406
116
461
35
37
314
10
497
298
278
22
142
261
41
296
68
395
32
4
498
536
33
2476
893
669
241
232
113
3408
35
630
325
1
442
10
335
11119
90
297
62
116
481
36
37
78
39
170
82
328
37
405
30
804
28
258
138
59
145
101
38
217
24
457
59
34
9
49
17
329
161
17
20
415
455
399
90
80
333
6
52
277
811
15
370
69
775
8
93
73
14
240
18
57
450
259
125
639
148
41
217
523
264
411
842
505
685
273
17
18
182
13
66
48
86
460
1469
270
210
75
45
28
49
28
278
123
30
124
56
37
122
1368
469
20
18
1851
494
362
335
419
36
412
118
208
21
325
526
3245
19
28
49
74
617
600
871
340
803
91
254
667
40
29
23
162
60
39
27
1073
223
60
362
26
94
33
110
217
139
24
150
1002
30
455
24
461
468
196
8
256
10
46
72
5
15
109
389
16
24
9
94
275
32
561
18
104
117
34
22
390
158
130
63
387
68
63
293
66
203
2
317
506
487
605
539
189
411
35
33
808
275
9
2207
115
47
17
855
126
127
424
405
4
1075
505
46
31
69
8
193
1079
309
217
50
54
899
2062
632
406
209
63
411
30
73
137
768
5
152
14
69
18
63
435
145
15
494
608
226
515
158
37
5
261
279
8
47
334
652
100
54
44
68
27
414
3
422
896
370
6735
15
208
36
128
176
42
485
282
145
837
303
81
35
116
1
90
68
123
436
792
308
28
785
90
55
53
108
17
21
201
470
59
203
57
26
66
35
105
57
162
1371
302
196
314
205
354
597
389
80
107
355
8
234
251
193
31
534
135
668
452
172
24
1193
279
365
335
132
282
3
14
46
1980
35
273
1126
250
6117
119
569
184
6
29
56
227
30
982
986
13
7
947
290
49
33
22
32
307
335
616
824
275
256
1127
31
4339
379
782
21
99
769
230
320
84
358
318
79
376
103
650
441
10
1242
716
1
86
282
2
343
31
467
22
414
24
6
5
85
76
577
32
348
67
21
32
6042
195
28
12
75
323
1005
111
27
625
56
33
45
79
69
19
56
12
813
414
65
68
100
198
51
559
112
27
65
7
374
364
200
87
381
484
87
14
119
338
77
344
11
46
60
285
70
53
22
435
37
5
379
55
18
122
291
68
83
18
30
55
952
1080
150
25
20
222
340
327
1715
1
124
51
8
280
3
57
31
346
6
465
22
352
194
46
312
2
289
128
873
118
550
43
1
236
43
220
126
146
1
110
7
301
131
500
682
298
452
694
219
65
255
93
942
665
586
28
1782
171
128
31
164
209
861
32
81
1166
122
623
461
56
202
283
222
23
1703
444
50
1293
732
45
1944
67
194
880
13
76
233
480
935
289
26
82
612
1
328
194
737
794
4
444
30
311
6
203
251
1041
391
69
2635
29
1139
35
45
41
162
18
230
57
117
152
96
15
37
855
2
778
46
410
45
83
40
304
150
36
44
19
57
5
153
25
41
159
344
540
210
143
63
440
481
119
36
105
5
40
205
76
80
979
323
33
353
373
33
29
29
362
616
859
1
266
787
594
1025
313
430
49
27
194
502
19
667
402
670
364
1284
113
299
330
19
465
152
45
54
164
1018
1
228
3447
510
1
3
1369
1953
4
36
479
429
62
570
48
51
48
31
190
32
242
464
359
238
4
561
880
382
452
335
1518
306
169
153
9
70
332
37
359
347
1
1
490
87
137
37
27
607
7
40
52
165
109
59
152
571
411
46
815
159
200
307
280
1086
50
1771
10
25
9
1006
66
13
310
46
437
43
41
379
50
14
623
1
86
34
106
1092
965
62
227
320
19
383
32
164
413
240
36
286
47
214
28
154
829
278
29
90
16
56
38
501
31
82
255
416
428
254
217
554
84
310
33
239
53
274
238
89
40
426
446
60
588
852
209
33
82
3723
87
500
174
206
1296
220
156
49
8
334
44
267
352
128
1791
279
219
172
65
11
383
11
84
489
220
20
189
186
9
50
517
226
42
20
491
13
403
179
164
529
40
129
415
105
1236
234
559
180
114
339
252
512
584
653
52
233
544
2003
21
29
1677
103
164
111
792
636
71
92
417
52
313
489
146
11
21
94
39
211
492
114
161
1319
514
350
413
67
857
13
611
22
110
7
1817
399
3895
40
432
179
310
696
2565
61
535
22
376
246
109
417
51
1400
54
310
450
313
96
918
270
370
67
2
6
346
950
1686
76
470
168
705
5
481
177
11
34
65
48
20
144
211
30
486
522
459
535
84
445
71
528
82
14
18
202
156
252
143
223
152
300
353
55
806
18
55
130
439
99
804
84
369
791
107
295
244
121
31
28
445
3277
41
85
138
21
1205
243
810
276
96
215
193
662
466
202
145
23
561
439
2256
589
52
37
127
92
36
156
74
750
567
10
92
177
178
84
112
153
24
22
89
752
401
102
290
1
969
9
33
867
100
3
2416
230
374
470
989
337
60
22
108
47
112
417
5
5
58
236
159
139
63
3
1425
129
5
97
86
12
24
91
1
56
355
175
104
53
2
116
804
59
43
122
859
676
438
924
32
298
43
355
21
840
179
1
9
218
6
47
334
17
1
968
52
276
167
5
284
14
9
2
31
71
541
908
5
53
37
176
56
102
389
260
808
650
6
62
1009
36
57
599
64
197
147
165
823
126
117
70
142
127
80
157
697
171
121
260
298
40
33
340
557
69
134
509
12
34
57
355
166
2149
45
276
685
181
10
113
28
19
25
859
181
49
2758
39
162
714
24
438
286
2
10
1237
24
459
26
180
164
409
464
232
735
656
660
488
17
758
560
9
1039
351
489
18
5
54
65
2021
33
542
521
1022
460
563
68
97
721
588
2796
81
1083
1
112
139
70
37
54
73
329
176
6
55
25
55
217
70
2573
55
74
4
119
21
271
247
17
218
544
150
968
33
82
358
55
58
105
997
189
1
53
1876
116
11186
74
68
414
61
37
88
3527
201
693
377
42
473
15
172
18
233
490
90
584
14
120
5
26
45
124
66
617
425
165
22
573
390
40
137
4
31
203
67
839
7
123
351
105
34
451
31
293
133
319
23
128
162
209
170
86
384
228
100
7
104
212
44
13
21
43
1
1194
273
376
6
120
58
173
2504
238
1
40
77
7
15
109
276
217
84
178
363
29
4629
21
89
41
19
146
32
173
589
105
294
214
54
256
28
40
577
175
440
532
57
3
406
94
15
586
21
386
128
396
1452
178
67
28
67
860
304
443
364
106
3
51
140
27
139
182
68
100
139
819
28
723
219
104
38
50
67
22
1005
272
50
35
247
15
737
99
174
559
81
67
17
311
306
1
102
55
6
102
118
101
2254
42
58
122
482
37
39
2719
40
106
687
926
85
19
101
280
95
158
696
102
107
424
7
22
19
628
120
31
21
119
89
23
581
210
263
113
279
57
280
357
328
22
45
209
195
5
35
2
375
372
218
246
116
1
428
15
545
415
872
27
128
412
490
14
134
399
484
130
1
7
1
2352
373
1453
222
41
141
72
12
527
397
285
108
342
614
451
11
1763
1497
141
284
421
32
94
5
761
245
21
15
42
163
761
4
172
64
7
160
738
36
494
84
11
532
58
290
5
480
268
4
893
93
427
102
149
53
2334
88
304
4
55
1001
431
240
15
669
75
24
635
156
641
163
18
125
200
598
292
433
336
5
1
13
27
396
281
162
280
6
390
873
657
41
146
5
56
326
2
86
844
4
34
50
868
2386
131
23
4
53
1
833
104
1349
186
206
111
10
204
174
147
27
4
47
53
135
53
471
30
57
135
40
5
57
281
367
6
953
546
216
207
899
3697
1264
666
1
7
64
607
423
300
230
112
419
102
1309
18
478
72
232
446
39
268
387
321
17
7
309
205
25
66
29
18
363
60
13
505
99
44
38
444
80
58
54
246
112
257
991
4
202
131
149
29
276
31
1062
630
594
185
396
34
331
468
314
18
30
30
15
5
895
35
27
105
891
43
172
46
24
498
17
43
25
165
19
52
74
41
277
49
115
550
75
108
46
596
170
49
117
867
23
250
535
8
54
60
274
21
106
53
40
25
864
605
1841
247
75
35
357
486
11
17
297
289
51
14
104
24
1
113
304
97
25
16
53
51
194
87
393
23
20
85
89
37
447
8
70
126
538
110
39
640
14
288
54
222
5
51
272
20
86
3160
93
55
425
604
66
28
240
12
50
35
80
277
71
181
25
38
259
290
203
435
68
419
95
218
245
190
476
14
380
36
113
15
351
20
277
106
67
49
419
49
476
324
280
136
388
241
54
950
15
3
15
177
169
1
117
149
389
109
24
268
22
23
1910
166
450
423
897
40
103
55
39
86
1231
13
1514
195
41
162
114
59
83
187
307
322
50
190
44
50
65
65
323
121
61
47
124
24
2
150
9
50
21
162
433
245
280
354
22
72
4
114
277
22
22
96
472
57
200
150
40
271
702
157
21
417
382
14
520
18
17
697
1228
43
59
111
23
613
89
27
22
30
18
361
288
294
407
1445
662
182
100
977
435
402
6
105
720
75
26
71
96
50
28
161
61
205
44
54
155
100
53
399
87
84
287
1866
50
324
258
690
2
27
16
60
151
80
821
38
53
22
590
39
848
12
36
19
78
147
58
153
7
451
60
357
54
304
300
32
28
211
24
236
387
85
251
147
997
186
291
4
38
859
180
21
41
133
46
139
37
1475
12
60
180
12
461
215
31
496
21
526
91
119
91
70
37
586
47
494
384
507
807
183
85
1655
155
30
269
335
13
200
86
28
153
2
41
53
460
38
27
398
36
174
104
30
23
21
268
40
395
567
236
361
415
61
160
24
337
237
22
182
249
7
19
157
175
81
72
282
48
22
58
74
213
1407
43
79
125
87
19
230
219
62
143
140
43
1
124
2
183
85
1
379
180
26
171
119
607
57
21
19
323
257
13
166
263
12
67
337
279
4
42
22
31
94
33
33
33
740
16
120
2
35
63
24
9
499
358
32
12
844
40
233
173
477
559
37
2459
23
13
263
42
1
35
93
105
547
415
9
192
188
67
27
230
9
15
12
232
1388
631
33
409
127
745
31
439
453
2
31
34
30
34
476
383
152
1483
52
123
7
26
401
41
298
334
640
141
55
35
172
8
397
54
280
195
119
118
67
44
29
561
32
509
25
80
55
40
115
33
328
429
336
559
76
667
44
57
1001
1188
191
38
413
113
69
58
12
79
970
177
336
105
1
165
11
49
81
530
70
20
245
173
13
19
146
133
260
54
333
23
10
109
72
151
153
148
46
11
184
3
46
14
65
426
38
370
288
60
368
6
103
24
27
193
556
894
557
754
28
523
1
1072
412
45
34
1
31
67
42
25
472
16
17
277
16
80
8
98
92
73
385
436
263
172
348
282
235
46
17
263
33
1344
109
64
71
411
213
217
61
393
1695
25
30
366
850
20
315
211
121
504
8
558
440
23
8
