162
2298
21
1719
72
2874
43
72
2665
651
556
273
302
106
143
2910
124
882
172
1709
8455
3191
22
66
100
1077
1386
1121
3350
2567
50
4116
2189
2526
1704
491
1478
370
870
1867
90
39
5344
1555
81
357
661
43
231
5993
676
140
277
4006
1726
3832
52
285
5300
265
237
4
45
968
2858
1083
2501
1641
62
25091
1011
117
2366
721
1972
5508
2218
1705
2588
138
3524
11113
104
402
4550
1756
2129
4919
71
1245
248
191
3530
2
849
402
2741
1505
627
924
804
1
2067
6609
3450
1194
419
646
937
3411
50
1114
1398
40
4293
2244
140
3349
1452
421
132
2324
59
351
341
21
87
3407
172
243
447
29
2960
1276
2339
3458
4277
2426
1002
83
1874
1549
184
14
10334
407
10915
1168
1733
734
49
253
24
1357
168
1009
1821
729
5214
2389
832
1752
1
325
271
68
754
268
331
73
419
982
6164
1773
1180
762
124
546
3176
2929
391
1069
48
2595
335
99
1358
118
117
2437
2485
310
186
4820
5874
2268
3584
284
1263
607
469
110
75
328
2489
3990
1300
1916
1269
999
1052
1829
1965
12049
1952
1096
2151
1617
75
2055
1129
786
1360
1651
88
1168
318
56
2257
211
1700
747
1
807
402
14
845
1135
378
249
70
1695
692
82
25156
879
3003
1860
1016
2695
1116
135
835
360
1421
1164
861
655
1585
3615
398
247
2
1025
1904
98
357
797
446
2142
242
209
1243
2
978
10
401
111
1207
2217
139
677
2975
1265
7101
9
367
75
2118
547
5882
19
740
3933
5237
863
3228
22
529
33
221
8029
1223
4056
998
276
974
62
220
576
3374
896
1
1730
37
4066
3481
32
94
8
6125
76
1446
72
175
4431
2562
3
134
4386
455
1378
398
9266
1074
669
768
176
301
2922
2218
99
37
138
1358
380
375
214
2100
878
117
1084
1330
11900
1520
2828
1603
639
70
1005
2416
689
3
6589
4982
2
1
965
210
1304
4933
3812
4658
2774
42
2563
1272
22221
202
1514
61
328
7802
2436
559
578
52
943
95
2424
1402
732
37
993
549
25
33
224
972
99
1218
825
917
92
337
1579
71
1869
1450
3499
241
2102
431
1624
4993
2811
444
440
813
2200
2291
66
3294
205
1787
703
3158
2240
25
247
2820
2064
1510
1743
2275
7056
572
1444
62
103
791
194
5839
27
7
161
1980
155
1450
6288
3095
110
45
584
1055
774
83
144
2404
309
7436
6588
574
1607
33
2484
4564
577
328
29
1980
458
839
618
151
1192
82
9039
2655
1552
321
4302
535
63
4066
22349
739
1520
702
245
1197
1946
219
59
470
568
130
1017
3
399
1493
52
54
3065
9266
715
725
980
1758
3343
583
116
1
3282
126
587
467
953
3276
3476
32
206
54
774
175
629
74
1636
80
1017
221
1359
30
1010
17
689
103
111
67
150
45
2190
1796
10
1861
1763
715
163
2231
1119
1122
310
1216
66
3222
2237
1
5649
551
1311
4
740
140
654
1403
29
1998
936
2782
858
48
1320
27
6410
599
1929
721
1
2239
77
141
118
1
3881
369
74
24
90
3606
863
385
971
11
95
19
1234
29
3104
455
67
1580
138
39
833
1602
2000
1300
6100
72
91
2189
164
3
306
1109
11927
2084
100
526
66
155
1671
1
76
5575
2100
277
549
8993
2038
51
477
194
4236
134
5793
2553
1816
42
357
494
823
1634
187
150
2028
1561
328
1590
89
118
130
3148
1368
2189
1696
1878
70
158
1241
2
1016
5088
622
143
3067
3279
439
2545
1110
436
728
148
4285
434
91
2690
380
1910
5361
1225
1558
1579
5
66
953
1321
21
10
334
4884
1153
2760
151
42
697
1337
1544
3493
252
1466
2185
299
692
4637
6
2523
46
4574
120
334
265
78
1012
1241
1685
2044
94
27743
2465
2
935
1031
67
1
2358
571
2044
2961
4051
56
1705
3
1462
3
197
1834
102
227
18
45667
2212
13183
574
3510
2580
241
3252
17
1360
91
85
1327
212
3613
436
565
3640
4057
2462
3403
3619
337
1111
1736
962
5314
287
2766
277
101
1377
493
2904
1965
997
1481
1
583
166
247
137
1044
5660
35
1756
8425
594
37
587
250
216
55
989
1
995
1316
115
5087
180
123
2509
1213
301
114
1210
18092
4230
3632
31
1954
3
1472
2608
4036
227
1507
1327
572
2082
1581
3981
243
5043
31
60
611
298
318
1871
1047
1039
1789
2345
2869
2162
3170
485
616
1748
7
1556
1480
3805
1479
50
5896
56
1569
4292
3981
1581
3358
6875
222
2652
714
1613
585
1834
896
786
3048
2667
1020
1011
64
175
6
290
1
568
40
44
83
1597
1596
1430
7720
535
103
2654
9201
1896
125
2152
2
2289
4772
1688
1072
531
3823
23
667
6
1348
54
1109
1212
49
277
418
250
783
2115
24
1992
1109
608
2063
3429
58
824
1731
2475
425
1382
242
2465
2979
1151
174
1835
5520
4707
918
213
3393
770
1276
629
1739
373
164
3088
2836
5269
1791
2078
5
2114
1073
1143
735
1723
21
2435
1211
1911
3146
1998
6718
2625
1282
1454
2646
2202
50
175
84
1909
426
440
3581
5549
1830
487
114
154
179
5244
2773
3051
42
76
1596
1105
2456
88
1507
231
1734
905
892
3484
747
2037
5205
693
3532
31
279
691
287
4047
120
970
1709
1969
41
264
461
194
241
50
62
1361
2758
47
2544
61
1156
6483
313
4144
2153
2335
638
2332
1544
162
313
328
4199
213
1258
1495
2119
1
4491
6244
3092
954
3001
2978
1
1253
1969
75
29
1158
928
726
1696
408
1975
2199
799
276
248
20
51
113
3870
11916
3497
183
1457
1712
19
346
4121
1461
15
572
1076
1675
72
2785
509
1097
2756
1629
702
312
2703
11680
103
2182
685
2483
3661
1733
1298
53
500
1250
2
34
962
2336
25
33
2504
1197
18
802
1434
2690
1538
219
2344
135
9032
2940
329
2340
3629
799
42
1284
310
32
217
1498
8804
3804
154
145
452
2074
955
2206
4812
164
4025
910
249
1078
37
60
69
291
1534
3046
903
3821
627
130
41
4442
1642
286
198
2535
26
6942
6521
3924
333
1189
162
120
344
262
2388
479
1982
1687
67
519
3286
1160
1258
626
1093
23
1477
735
49
7
76
769
10236
1239
964
122
84
250
3524
5735
944
1740
7506
1780
1173
8450
15
44
122
51
893
2
10285
3082
2491
2209
32
186
73
8345
1237
4016
85
1683
2836
7814
1035
201
6
79
133
1270
2717
2690
380
284
76
67
1812
1770
1732
2120
343
46
290
1407
4362
37
515
1346
3174
5433
5384
2603
1
506
1496
527
431
977
110
63
2509
1673
102
1575
42
1605
57
1377
179
3
83
32
1086
3001
174
602
1480
1065
2
64
274
754
1418
1846
469
3596
1217
117
1048
9
679
14
26
4348
2696
1753
3
2532
529
110
197
486
921
161
2294
27
55
860
2327
1654
949
2231
7042
236
3335
992
2617
2980
1505
120
275
1999
2602
241
850
2448
1743
82
1331
2907
433
318
1705
1311
263
966
921
41
1070
261
1382
1354
3687
1512
2486
1182
260
295
2652
2910
377
8086
1456
124
56
25
605
1145
268
4733
387
3294
4291
1312
2042
8
1
2676
194
1548
2146
1050
4061
599
160
1742
3762
333
2611
2049
275
2871
55
56
1853
578
139
4
1645
89
204
68
218
47
123
207
1246
2273
30
1519
1803
2033
163
2057
5177
1782
58
2564
356
1290
190
7
1927
33
11376
976
1740
1918
5852
341
123
116
3036
6195
268
1750
962
1115
142
7723
1107
52
181
114
3918
1610
63
448
23
722
1
2118
840
140
66
1303
109
1567
3327
735
33
172
7371
39
2701
1183
445
1052
121
458
225
429
4
384
3289
7478
1033
325
3726
1962
2235
33
1312
1533
8988
3294
3701
3610
696
4907
1773
318
1
5170
110
18016
1032
15738
2129
2205
892
329
1487
4817
2387
2148
4854
30
26
3120
214
276
291
36
79
34
3332
212
2410
94
2429
1291
12
2528
2536
1734
24
48
70
3153
1248
57
804
17
1467
54
158
97
875
137
1048
1661
2116
1350
2924
616
1052
749
605
1703
7759
87
6850
3373
442
155
5495
7010
1934
3471
2524
1002
2
68
203
3572
124
2126
89
4709
981
69
161
1157
974
2430
2457
164
1992
91
73
705
5930
139
8
146
719
165
515
65
20
29
901
2628
1207
727
6697
745
1366
1919
1288
42
1
2
63
795
735
2460
287
130
952
2229
25
108
735
76
1622
70
120
40
61
61
33
1585
23
46
60
1082
321
2
1332
1297
2218
1865
96
177
2
1593
178
1206
1980
3997
2272
79
5740
358
450
2
9
85
1542
47
225
1
886
85
1773
229
41
159
105
1301
153
5248
1932
39
56
35
7566
1622
23
208
44
1
59
35
1017
1668
195
2181
627
75
88
11
113
1319
178
1721
377
1006
2
45
9
75
75
221
1539
15
279
2200
97
44
147
1250
20
1639
1125
2417
1199
3222
21
1964
77
945
1515
842
38
4149
39
1640
1182
6
1
835
1421
3161
1351
843
1225
1228
2687
10
38
1820
574
1481
381
955
904
558
2309
168
1
14
2733
2123
4432
690
207
22
1533
1775
763
2300
1747
616
872
1611
236
3811
4
69
109
1739
141
1547
41
2811
59
482
1404
344
5155
17
304
3256
2516
73
38
3763
66
163
10365
2720
1007
799
1759
61
933
347
18
345
1646
250
341
233
13
4987
1591
2069
326
1667
2426
44
4128
1804
1292
23
1818
7145
2929
1252
1540
63
100
898
793
40
1463
1
1841
94
1961
1806
2540
1059
453
66
310
215
4
2563
212
3179
791
9
806
123
810
4
3754
841
808
22
81
1
5085
884
714
441
1684
3793
343
22
245
3367
1067
44
162
4395
9453
3
325
134
169
2632
1160
1371
233
3157
135
238
1206
74
149
1184
4621
78
641
1646
125
132
1911
1047
69
244
53
2063
4895
527
2366
52
278
6569
2005
1081
1101
263
1093
2135
6715
1837
5
6923
1156
248
3503
1146
3008
1017
522
1160
1332
26
461
2806
3758
2060
487
404
3066
255
28
680
788
331
4884
65
1076
1949
1616
834
1137
2507
440
2564
340
52
3434
11855
1045
86
621
219
1081
956
186
94
1204
698
507
270
2569
258
613
6723
2296
1060
1708
74
5381
29
1001
1023
28
1611
1767
795
230
971
293
85
263
1287
116
1145
379
2423
1830
1065
3946
1636
65
121
50
28
209
464
2728
375
1041
3731
598
1465
64
2403
1
2316
74
2587
563
437
19
404
4
1177
2297
2254
2406
426
799
732
7476
3403
78
460
1751
2728
467
2071
899
21
3223
1861
169
4138
106
1594
1
64
1478
111
307
164
5970
1857
1697
22
185
1
70
7
2561
42
6463
131
4189
1210
116
338
674
2083
2381
3458
11
1939
358
1155
328
3245
286
139
3012
2858
143
250
4
2
2287
5990
18
1484
110
4
1315
1479
253
2357
1362
221
721
2679
887
1840
1074
176
4071
2990
5560
1882
65
802
2592
64
2197
1648
5666
2257
449
4637
140
376
120
52
325
98
2531
2546
31
484
84
1
2190
49
760
1219
1179
112
2365
799
1093
703
168
928
2273
70
946
821
178
3654
1292
343
402
1068
145
89
2910
153
2489
841
843
87
111
2008
15
1130
76
10
130
927
81
959
17
1042
2744
36
2213
1089
379
4324
1064
137
27
2249
129
3456
308
2668
2
1675
428
1283
1661
52
426
4197
1636
845
46
531
1391
2498
841
287
2867
27
112
41
3134
214
3112
4
81
915
3246
232
89
524
131
87
290
1625
1352
97
1991
428
530
123
151
103
475
1577
1132
1019
1093
950
2
94
1
52
1062
93
2875
107
708
1516
133
2091
1145
495
122
116
529
89
1877
2389
23
1876
378
3
269
2667
381
438
541
2
1
8143
1251
47
2498
803
562
144
221
243
202
213
891
95
359
1508
1710
54
3432
1282
1
1800
2005
922
1887
469
1042
2170
1969
1588
69
36
7786
153
1665
1924
2529
1383
2646
15262
868
1114
2817
1
1640
48
1047
1267
22
757
3932
3681
665
2
1138
77
369
188
243
978
100
293
19
31
316
2907
16
18
444
1807
2048
180
1253
2
20
81
682
950
2944
8
1127
446
2892
49
61
3961
1053
736
57
884
976
83
1099
224
183
1748
1384
682
1
237
4
2410
666
519
849
286
206
120
196
11847
257
1954
9027
102
30
675
1441
26
481
1132
102
74
4059
2
460
465
240
856
90
924
748
1
1205
113
1674
306
1385
92
814
529
1
48
982
782
2966
198
530
59
368
2142
67
142
178
2509
373
1731
76
650
38
25
105
3506
490
145
180
2323
696
6000
1569
2253
445
802
208
1
1898
4684
32
2042
8437
1
116
190
286
570
28
454
2030
1012
6173
3
376
6703
1157
26
41
334
140
1306
109
435
225
1516
33
39
25
867
475
58
1879
284
91
1463
1179
845
335
40
580
12606
1956
55
331
1782
6683
30
540
4554
51
837
190
303
950
217
1
1602
1831
1
3985
956
1772
169
5306
38
34
259
221
53
406
126
5522
203
4
289
895
1930
1600
1650
2215
2238
1701
1632
105
134
964
11
631
8
2356
3933
5375
1016
644
38
265
607
1683
1568
86
1429
1885
3276
530
2725
4865
150
133
1429
15
1342
124
1075
1963
25
1347
1654
174
121
101
959
3538
101
3692
59
1878
435
1393
209
1840
792
1629
797
1917
830
4405
406
56
1236
55
2121
2167
2187
1765
165
286
327
342
2820
1233
119
1402
41
81
1122
373
224
679
35
192
1614
425
105
793
956
3774
6517
24
2843
1119
464
689
3305
5262
198
1027
49
574
1487
784
2295
1967
107
1803
1182
7
3955
1003
368
1517
2229
371
332
1125
267
506
62
90
6544
1610
130
165
12384
2
454
829
1462
1604
2062
625
6610
2901
3205
703
1357
1012
109
3848
297
47
367
48
1270
1497
1211
418
622
1750
27
1251
16
55
747
2400
1374
2305
1829
84
7
31
3171
45
1994
1657
35
129
147
2128
688
296
60
73
790
621
352
1033
2403
1163
1156
3273
1892
47
1904
1718
9419
172
2242
5419
4506
911
978
65
1
4
2420
1727
2083
533
85
72
79
2905
1909
4060
4132
14900
2987
1040
4365
974
948
2829
1651
189
2058
26
2610
1881
342
2560
1
1079
121
524
28
55
1571
209
1395
21
330
2362
1697
4647
3903
889
62
647
141
1
56
2888
68
1034
579
2256
486
70
41
461
17
3416
1917
349
1805
1
2
882
1222
157
1968
1987
43
936
242
3906
1370
1925
2212
234
562
2688
1317
458
1921
5698
1752
666
1151
235
733
318
5
4691
1808
194
5
1221
3163
1
898
1314
333
633
2370
1724
277
810
6506
786
3728
237
677
2779
369
21
399
548
733
1119
1855
25
1200
2404
612
3192
105
283
267
1276
1587
7833
304
1
80
2748
1139
233
1532
439
8904
951
2059
1931
2
940
1727
2712
2441
2963
404
2256
6097
4128
978
2278
123
294
53
74
5219
1543
3446
416
164
109
65
737
1770
1031
4666
4111
2517
2748
1511
168
1244
589
837
1114
23
7
224
683
1118
1
1794
5442
1473
2323
62
1048
748
988
1374
152
52
273
1170
914
2362
256
978
1787
1469
10563
7232
1106
3118
990
3026
2534
1371
844
3261
2824
1453
104
4393
45
1768
2196
403
319
639
3775
1867
18
5306
666
5792
30
612
362
590
291
505
4739
1342
2701
3182
2916
1520
431
947
87
92
1715
1501
1845
68
1917
3537
2737
523
1346
481
171
380
1172
1559
1657
683
389
77
1279
1164
600
2654
1187
1936
1
53
4091
928
389
116
1684
232
2568
1028
2591
2155
2155
1706
2446
989
2061
48890
327
1997
138
71
1378
8626
981
3266
1244
931
1207
2004
516
93
6099
852
1071
1
8967
9337
490
708
789
2488
439
2877
656
3130
3093
19
743
1223
5126
1609
213
9
6567
1523
4859
2779
1207
9970
215
1542
14231
2498
301
1891
2148
4573
2972
1158
112
3858
238
5523
1743
2299
1364
3603
333
429
2519
622
1000
3300
1127
350
25
53
85
5665
102
1591
5038
23
3
107
23
2642
4334
4070
113
4624
134
1227
1527
919
442
307
182
1884
3260
1095
126
77
1780
524
382
175
1702
5061
1703
9
1235
84
4524
243
1079
300
2113
80
4385
1315
1041
468
1263
120
267
5168
2702
31
23
5076
48
3372
1462
535
983
2001
29
266
210
38
154
39
560
717
147
7196
2617
4868
3595
650
1518
2132
1190
1153
2900
1307
3
772
5914
47
3426
4126
5
2887
9108
4990
955
11523
67
62
20
54
2640
2945
585
624
1322
15280
157
1919
1
798
1580
440
9
2904
195
3597
3136
600
1085
105
1674
12
2382
583
753
1207
252
1986
2199
27
2749
113
2101
1041
174
3259
2498
1943
232
928
2144
347
70
36
293
6326
128
1013
72
105
314
129
920
67
2574
1821
1909
3765
2038
9064
27
34
1626
56
2503
1108
2733
3653
1948
57
53
318
1369
10
88
2459
1
5031
471
822
1767
125
1298
2177
84
2181
829
1308
315
151
476
1794
1271
83
33
2558
100
531
458
343
109
797
71
107
90
773
5343
305
882
151
326
2159
551
204
1455
1771
2
1179
105
660
1230
43
45
1036
145
117
1472
1068
2414
2619
1361
1866
120
242
5713
231
103
1083
1143
1497
44
1218
1877
52
215
2219
314
699
99
1169
2132
225
3569
92
483
80
1754
4066
547
1574
414
710
89
346
3130
311
3747
5071
2998
1495
1324
52
155
93
723
58
3109
41
58
1547
1467
1278
3456
253
1169
81
1362
146
2269
311
2607
123
1
1122
58
1396
968
1238
2836
517
221
481
75
1217
108
37
1631
2560
4605
516
1518
940
6
76
1
2308
1706
2007
1888
395
1369
1
9858
35
6034
1350
110
259
2222
2378
4940
1190
4514
4991
199
575
4130
1079
64
1857
328
1314
107
64
171
39
135
91
2272
369
1299
61
1518
247
141
531
33
789
135
969
890
1894
272
1078
127
3267
1316
104
2727
353
88
138
165
185
25
1610
367
6
66
500
2
1423
1272
3791
758
2687
260
419
219
92
1126
439
1783
356
175
72
24
944
217
294
58
603
3714
1453
1370
880
1932
336
77
591
143
3043
1692
72
185
30
1429
2
1724
1074
863
173
347
456
120
20
109
1583
420
2447
1739
2035
185
1479
1697
596
2240
258
993
815
3134
2239
961
2113
336
1433
8487
439
328
16
2191
518
972
2602
242
260
1025
508
2544
108
91
47
3051
10
385
1355
385
425
959
1130
2125
354
346
401
920
3195
563
2935
8
1385
107
664
1241
645
1196
9
539
68
1133
1490
263
964
451
64
1527
1806
3135
592
14
584
64
39
3262
73
1187
83
282
363
96
1
108
33
582
300
56
100
158
3004
1162
857
117
2001
837
331
1555
6767
283
67
1413
297
748
136
337
1849
149
3153
1
979
2576
3282
273
291
1086
122
3130
350
517
1
35
126
132
6842
1493
87
1577
1423
182
2136
42
1
78
1616
2038
4755
2
420
2560
5513
2447
2781
1188
1031
102
220
97
414
1
2120
225
598
802
269
1781
1187
26
114
2292
2670
650
2
18
3087
4379
3171
2352
1433
1793
2495
1386
50
598
608
4116
2450
5023
2839
74
201
8
631
2272
1921
129
84
2350
67
109
2477
1421
198
6485
2387
88
1240
824
75
92
3562
1322
4538
1033
555
182
45
981
998
35
1377
950
1691
40
104
1446
1464
133
1404
1645
1195
7754
2286
3656
198
1666
130
3572
1331
60
1552
261
54
2164
4052
1981
1662
77
2781
1
33
69
5185
265
1305
1358
301
125
133
444
118
71
2538
54
23
3416
2246
2791
1720
1945
408
1738
7844
23
424
1263
9053
2441
1892
152
1000
717
40
397
3373
1661
66
3721
5022
583
457
1710
126
1076
1436
269
111
1887
6
81
3369
1867
1770
1008
491
5059
56
308
84
980
192
719
23
2436
464
2208
51
444
1722
66
2151
1732
190
1139
1573
79
49
1
65
305
7310
3955
1522
1335
3112
1354
4379
81
43
156
66
3892
1902
15
2130
61
217
2092
1271
8
34
117
1697
45
23
4532
2609
126
360
5
1113
3110
5416
3437
10
844
447
109
313
987
6076
10
3
3421
705
2358
199
2886
11533
1260
17
610
450
1154
2500
427
843
22
84
582
297
112
3635
1504
104
1284
1246
1703
72
1198
2288
5480
100
4882
4096
176
1276
261
93
1508
4509
129
92
646
2014
43
44
68
775
1364
462
1530
1806
369
1361
20
41
258
245
97
110
196
26
2253
74
236
1514
2727
1123
527
941
8
2411
34
31
515
544
201
1441
679
1364
644
220
1398
789
3905
2861
5
7044
325
2015
2006
426
2
1539
52
1969
3007
87
268
711
1792
2279
181
335
1754
334
3579
4126
894
945
125
1176
98
346
52
1017
536
281
1635
4588
81
95
617
7407
57
664
1278
2324
2061
109
2
52
2196
139
234
1140
805
33
187
2238
33
78
42
36
254
1635
1733
2065
1101
1
1253
1394
38
80
2
1493
401
1
527
94
563
105
34
783
136
26
577
66
64
2453
3258
45
2534
109
181
139
646
3342
389
95
125
110
58
95
503
339
1392
2045
878
45
3028
58
172
1976
1416
2
2541
229
55
344
636
146
2026
956
618
166
26
6066
4088
625
664
747
1250
120
786
2
50
140
381
1946
158
47
1453
1171
1606
48
1956
241
154
1289
10
1301
17
1635
948
22
333
215
30
305
74
305
412
1025
564
58
95
894
2
1
200
3192
3141
61
5361
115
1174
4729
28
261
1714
259
941
1362
83
82
1
1105
126
111
575
1202
91
851
451
12
65
124
1423
408
44
896
3614
2562
49
101
2796
1308
2
148
159
2012
1
849
32
2347
1
197
6278
1021
1559
2365
112
58
9353
2842
11893
297
374
22
317
17
2408
105
121
110
37
827
219
42
5321
1781
157
607
4212
1552
415
1305
2401
334
24
560
288
1142
147
224
1166
1019
4863
102
291
363
173
88
81
1368
1453
1689
106
1647
429
74
78
984
1147
180
36
1970
1
462
39
3353
2831
3797
12
521
796
1427
2391
2332
636
196
1662
1962
141
2308
23
2599
400
1713
39
1878
34
1202
4018
189
720
11
6505
446
17
251
3237
2369
1629
5
598
2511
60
78
24
1622
12
239
2
1
668
2373
765
1698
195
70
1029
9
114
2899
187
181
3856
75
24
85
123
498
1291
669
1855
1444
1673
582
89
571
82
2014
33
950
1515
1455
113
177
164
30
442
924
698
5595
220
989
943
2175
23
4859
76
7
1096
1
105
170
3722
1449
2620
128
1528
321
165
393
1277
1364
529
706
77
54
129
72
1230
2973
3473
1140
654
325
35
10
99
67
237
337
2670
736
131
146
112
1371
231
6964
854
12201
88
1967
2862
526
199
1488
6381
16
9116
147
38
94
2277
911
73
1100
1811
184
44
28
2328
1770
3982
2197
1388
12103
529
1863
1735
25
2161
1970
278
47
514
42
77
9
104
615
1393
163
122
57
97
71
207
729
2568
141
2521
2384
36
1
42
121
1362
976
995
2258
73
79
429
3
2248
1123
49
1881
1813
561
760
244
1508
1792
88
110
1522
1416
489
1435
2107
1409
118
103
68
108
405
712
668
2370
874
128
1759
2
50
932
1957
671
640
1937
2595
638
1358
64
2136
3890
355
232
16
452
1177
952
7749
3179
3148
71
101
33
1819
100
1552
2667
1228
1158
1249
1149
834
409
73
267
3282
5509
57
136
103
3952
950
2238
208
6606
2304
242
724
3186
890
646
832
1489
15
1024
2
27
1419
155
986
1445
56
1560
211
611
140
149
3626
5
701
279
332
996
1129
404
901
717
1159
52
271
289
1117
30
71
116
621
51
77
1485
1838
2
1691
1008
863
3307
2338
25
374
1702
1688
26
3107
6302
7217
406
836
1
2403
88
45
76
136
68
73
1
3364
1244
2683
33
261
1189
42
193
143
10
852
19
873
633
957
825
2948
47
1000
230
450
542
70
61
744
1049
4293
2537
3323
824
1848
83
167
553
83
96
2473
69
