19
1
20
475
1
116
43
17
4
544
343
307
232
703
483
301
67
46
13
22
32
592
43
134
38
425
28
27
350
415
30
129
293
124
227
79
30
192
21
515
191
402
12
53
295
2
36
371
3
279
32
32
56
37
10
10
45
80
19
39
873
72
375
60
27
10
179
37
348
9
147
29
31
32
51
349
34
110
94
415
19
644
454
328
292
381
110
396
22
11
300
317
283
786
82
69
11
425
106
311
6
467
119
67
353
41
140
5
17
28
138
74
95
23
35
332
11
352
66
413
14
50
330
79
6
374
26
51
685
54
315
427
63
274
234
33
74
4
557
794
16
334
335
6
584
258
426
216
142
65
100
106
63
333
363
352
408
618
167
6
27
382
15
25
9
385
405
439
97
29
95
15
456
49
373
361
382
442
252
46
669
30
328
337
303
30
68
444
298
35
304
239
44
140
620
343
239
434
630
122
335
20
305
2
26
423
6
428
154
29
257
117
327
91
271
413
156
43
70
284
426
34
384
16
412
67
45
366
96
117
61
21
349
1162
364
85
61
42
2
96
249
1
403
109
217
3
343
225
62
19
734
4
277
242
1133
384
43
214
1
4
347
323
229
47
169
81
42
535
1
652
4
33
149
41
25
313
408
22
44
318
46
67
80
332
30
167
65
346
111
410
334
209
265
296
9
427
26
31
441
14
18
216
24
32
47
9
650
235
3
40
28
608
18
35
84
21
1
121
1778
418
382
32
339
32
573
28
19
47
78
16
107
53
437
20
432
49
18
235
249
42
48
7
273
177
54
40
48
334
20
70
34
6
1
38
30
39
6
66
15
413
41
487
23
166
381
1
5
68
31
29
115
608
346
294
1
32
59
332
22
317
43
139
439
451
12
593
884
57
45
31
363
136
50
25
13
364
390
69
446
2182
583
534
54
14
97
446
482
421
27
15
240
36
563
27
190
116
73
1
1
490
485
399
353
343
310
327
396
239
12
215
26
8
720
342
392
443
13
25
32
145
3
28
255
860
44
48
45
141
700
47
428
23
52
62
29
60
2
18
411
80
73
50
46
761
5
130
210
1326
19
9
96
353
111
394
5
33
286
2
2
63
117
133
62
693
5
39
203
345
23
363
76
11
34
283
110
10
39
64
34
337
1
370
29
151
8
5
32
280
269
359
436
98
121
71
129
123
354
217
203
317
118
70
286
13
37
33
40
294
569
41
317
282
281
703
30
379
239
554
30
417
7
22
9
44
628
29
19
401
533
246
94
75
86
363
24
12
27
187
53
24
409
439
338
72
33
41
95
37
550
399
416
44
386
451
41
41
23
368
8
1
1086
14
742
15
1
339
3
4
36
95
58
439
126
15
287
90
406
3
30
446
1
5
268
66
5
3
80
103
378
34
4
37
4847
21
322
1
44
45
8
135
44
61
389
1115
20
44
333
44
207
77
70
24
76
31
43
26
252
56
29
1
68
109
12
315
85
15
576
5
16
426
436
1
95
45
1
34
32
26
