297
4
2
59
37
7
17
35
7
25
30
167
12
75
727
31
39
7
31
80
245
106
39
232
69
16
7
20
2
303
3
9
1063
167
230
13
2
10
210
11
451
171
12
91
124
434
498
201
6
3
29
90
6
4
1
619
463
24
6
220
33
364
30
9
54
15
2
4
79
86
14
2
590
15
1
2
3
350
215
18
10
37
317
7
192
8
235
354
14
93
254
172
127
8
130
109
7
7
25
80
6
11
149
3351
166
452
265
3
189
173
17
28
206
143
104
3
35
542
250
3
126
125
231
790
253
347
303
3431
271
171
323
268
132
223
60
3
20
29
2
39
1
339
6
6
289
319
1
31
66
97
1
4
97
597
51
14
1
94
66
1
114
38
21
18
71
248
248
136
30
606
231
18
152
215
462
64
1
24
31
47
232
28
120
264
29
175
235
213
228
51
5
576
544
244
169
105
31
1
389
26
21
417
175
94
219
27
247
18
52
750
77
362
32
1085
242
1
2
147
451
229
353
213
98
125
244
3
259
94
227
262
995
324
16
61
196
121
10
1
27
30
1
167
131
465
24
843
36
283
51
542
74
4
139
241
71
556
1
15
25
920
40
68
48
47
17
49
350
588
44
97
268
162
516
1
313
59
92
16
283
149
73
190
96
1
567
707
18
296
29
46
4
60
247
627
272
157
220
248
88
753
72
111
27
1
69
232
260
121
19
1
32
73
50
94
1
6
3
254
247
194
1
16
47
227
1
1
162
1496
185
81
217
141
4
12
365
230
11
229
259
233
121
7
144
212
8
46
333
45
343
2
187
8
37
67
212
57
251
3
66
12
127
1
90
100
6
343
1853
1
275
40
47
182288
245
8
1
14
77
1
90
6
39
197
116
67
89
31
3
223
8
3
141
253
8
519
327
1
197
458
3
246
77
150
211
25
311
139
265
243
1
25
1
91
4
32
46
9
261
122
318
245
296
3
98
6
1
3
167
