3
103
2
76
4
57
233
128
677
16
3
17
72
550
223
343
119
12
26
113
227
9
1457
81
42
15
27
90
192
3
233
359
125
4
9
234
91
95
660
130
234
353
122
83
12
234
280
668
102
34
38
103
55
12
118
34
14
537
129
43
15
56
128
12
270
417
16
105
299
59
765
77
544
233
354
297
33
200
9
3
4
170
114
114
32
14
138
1
110
657
149
6
107
4
169
270
217
120
105
126
107
188
243
118
32
277
239
233
269
726
209
313
85
105
1623
103
154
518
122
1
1
716
249
229
129
285
243
110
278
218
248
238
44
268
668
13
2
228
690
10
798
54
267
31
92
613
323
51
8
105
105
105
14
277
224
114
16
14
3
117
103
1562
841
6
226
22
105
215
20
250
577
70
32
293
1156
81
14
198
132
321
105
2
77
170
186
78
267
258
3
1
301
110
4
11
351
87
7
220
222
1
203
144
218
282
109
527
110
217
7
346
4
50
225
273
247
820
19
1
13
690
236
120
121
106
117
218
107
105
110
251
226
116
3
7
3
300
8
107
6
13
103
95
121
417
8
24
253
4
27
176
227
219
66
2
109
19
3576
8
107
126
241
17
17
3
1
106
1
51
6
9
5
233
315
105
105
109
664
266
101
1924
241
234
106
215
453
28
534
2
147
249
105
267
220
275
228
351
499
253
