30
147
41
118
574
95
757
23
16
4
54
76
5
24
20
84
38
1
1005
208
14
9
26
196
52
3
41
163
27
3853
453
1
58
97
130
8
20
56
217
22
11
111
45
686
3613
31
19
78
603
39
13
12
33
1
13
1338
885
29
16
1
42
32
13
92
4568
9
25
1
63
40
15
1539
2629
298
97
125
1
241
29
98
101
18
220
27
1057
290
9
10
112
46
3
34
1
785
84
432
204
50
1
11
1
85
234
2
93
23
14
7
52
78
202
1400
8
55
26
122
49
12
453
62
10
1
1
4
197
19
12
361
66
11
24
48
22
15
50
45
10
10
7
15
6
7
1
135
153
18
63
13
258
5
39
141
21
77
21
47
11
35
1
1
33
1
88
51
1
670
61
56
37
317
310
837
181
7
70
1
84
390
559
71
17
242
131
138
4
175
21
7
118
35
1
328
1
4
308
552
309
9
221
518
11
52
1196
181
10
42
108
15
9
62
18
16
63
76
97
376
73
950
11
58
24
4
1341
232
130
4
115
6
111
85
25
684
136
17
5
1924
14
50
86
1
30
7
35
22
264
438
11
1
28
165
4
108
275
282
1
29
6
4
108
3
35
1938
43
20
11
5
73
9
701
133
8
8
99
106
1
7
154
39
34
1
89
105
1
6
4887
16
14
92
15
26
51
5
14
236
4953
37
1
105
1
942
40
24
198
29
2
153
23
311
2
28
9
42
50
23
79
76
417
18
18
1
38
11
1471
147
9
411
4
27
18
26
12
8
76
1
118
15
1
6
78
33
38
158
5
2
321
77
59
26
13
7
2
73
47
4802
26
21
3617
1
20
16
12
8
38
38
15
54
48
777
180
1
2
255
183
5
7
895
115
310
57
5
28
7
7
71
30
38
62
17
15
10
54
94
27
731
80
3818
29
70
8
297
42
444
8
21
19
280
333
1
365
159
117
4
1
1
78
19
708
1
1
221
11
74
1550
1
