653
35
119
26
234
42
20
52
8
256
1
14
5
355
16
200
146
2
2
1
4
1525
666
65
494
1
44
12
10
10
9
2
72
39
132
353
61
87
9
7
8
1078
24
1
446
16
7
9
650
1
65
31
273
169
3
31
4
3721
37
36
178
172
3
42
343
1
1255
34
46
7
156
135
18
5
106
38
17
15
321
10
313
108
55
68
17
120
29
129
29
232
643
3
179
1
35
29
17
126
174
19
60
26
12
11
18
40
575
23
113
44
22
11
171
83
62
1
13
26
22
19
27
10
17
120
19
13
6
62
67
15
1559
27
13
51
140
32
48
72
178
20
5
1
168
163
102
384
167
62
24
1
457
10
14
1
108
79
15
28
2
456
15
153
111
66
7836
9
15
129
148
6
26
13
1
99
15
2
120
147
10
42
1
2
10
50
407
594
391
10
4
3
179
35
2
37
31
59
1615
66
