2
321
29
18
3
710
6
30
463
146
12
72
14
1
999
370
150
204
13
4381
12
73
699
5
19
93
4
919
160
4
110
66
1136
39
1
112
32
6
1339
195
73
983
144
82
11
195
22
205
81
83
1
289
646
205
23
78
2
79
40
400
21
10
15
166
124
36
76
161
9
5
31
9
977
1114
1
38
294
88
25
135
12
530
38
2
48
369
28
3
12
27
15
28
165
31
871
74
522
65
75
639
183
72
62
1
300
29
7
10
18
30
11
8
47
440
40
114
159
21
30
395
259
46
93
2
66
1
75
1672
218
10
189
100
29
29
130
5
135
23
275
1
1025
96
34
201
206
1247
170
11
11
127
198
18
14
224
6
106
607
188
443
97
88
28
199
664
11
826
495
65
16
122
767
602
100
352
1388
14
23
1885
3
227
6
1214
5
369
24
499
494
18
199
228
2314
106
9
1
203
31
250
276
125
79
44
17
506
45
293
2117
3
104
284
120
8
127
1682
33
740
378
182
36
813
369
24
72
7
17
134
198
44
26
37
136
168
96
127
1
39
48
4
605
86
304
29
75
112
21
330
28
15
5
795
58
1238
2236
29
23
19
28
29
17
19
223
38
67
25
80
105
15
192
83
314
99
17
113
237
1226
138
34
12
673
847
6
32
93
33
69
34
2
1874
29
328
52
720
730
2238
8
1162
656
126
48
7
1710
542
75
122
7
227
2666
84
76
83
3111
8
104
958
204
10
3388
145
21
215
45
73
28
334
440
1539
290
2610
25
68
15
644
8
85
684
449
6
129
16
23
26
69
86
2558
471
95
467
118
237
3774
4588
77
26
74
2
106
56
9
20
191
210
4
35
347
232
269
4
228
1343
51
115
2259
293
99
814
578
3
43
11
182
59
127
43
157
63
244
127
220
250
1
22
434
29
140
35
2
89
698
766
376
4
27
1
7
147
16
72
116
658
3
57
411
329
48
167
152
56
123
18
14
384
1
53
13
17
123
1
1549
8
30
95
6
18
174
74
13
87
2074
77
556
234
111
649
3
2
140
249
41
1
244
61
22
238
14
27
10
17
265
267
71
14
48
266
123
58
1398
84
635
148
4
14
1
17
44
13
621
4
7
8
131
145
64
986
78
8
21
13
30
4
145
50
23
6
724
260
6
2019
23
191
32
149
47
129
630
20
71
6
75
760
4
16
185
330
21
626
56
4
12
61
118
38
402
64
28
211
10
33
422
5
850
524
349
192
298
121
7
52
5
97
75
26
129
74
109
222
407
14
101
120
117
63
167
34
148
640
54
587
7
8
223
289
1
3
19
215
108
190
67
157
598
195
38
15
730
54
4
255
11
27
9
81
7
1199
1662
233
2
5
32
25
74
115
25
75
449
27
66
5
208
1021
6
96
443
71
508
14
19
37
77
3
674
137
39
1
79
1019
24
40
4
12
48
2
18
315
25
574
60
90
80
104
233
620
47
21
508
1352
73
363
152
99
25
80
375
7
872
32
267
19
61
29
20
279
20
714
21
103
2862
2
2
217
379
776
148
68
80
370
517
1464
41
795
31
408
35
1002
474
18
30
76
75
5
553
3
34
37
82
65
228
133
93
93
82
95
46
322
5
266
370
72
100
87
219
201
104
12
198
222
137
275
183
154
134
218
90
141
292
80
90
239
368
75
83
75
3348
172
235
203
347
419
245
87
316
109
76
75
902
70
336
139
76
85
485
231
73
386
250
103
201
190
75
1
56
70
76
142
283
297
4
11
9
11
85
37
3
235
101
15
112
384
1
98
1
126
29
10
16
395
127
76
6
2
46
37
95
1058
13
349
1
89
171
3
319
79
64
111
12
471
53
101
62
10
881
49
239
1711
292
56
4
748
160
98
80
73
417
75
16
173
2281
13
18
342
894
201
410
569
3
70
26
199
45
286
5
94
30
47
95
195
1
584
69
36
8
2719
465
17
593
72
26
242
306
222
1294
17
125
168
50
2345
439
144
4
19
100
80
34
1191
175
11
2
515
352
212
13
890
802
83
1460
77
927
642
26
48
29
19
61
34
40
3
435
18
56
10
348
86
28
18
85
83
75
23
3
33
1
559
29
141
474
54
31
32
33
114
16
437
1
11
603
1
12
74
134
75
354
73
48
154
48
422
13
199
79
46
8
149
24
2
213
593
229
31
1
99
4
865
907
1081
47
79
485
4
71
188
37
9
5
786
14
514
18
1101
47
537
227
436
232
10
3
283
253
75
157
148
1
155
65
399
121
891
2
5
36
82
75
4
76
6
211
127
17
49
1
10
30
23077
13
22
128
3
33
7
494
5
3
32
646
28
8
152
5
155
19
211
356
728
72
91
1274
238
14
576
13
36
14
2
67
88
129
43
173
89
792
7
332
232
1081
79
532
20
961
106
80
269
41
10
117
476
1
55
62
10
126
40
100
92
590
232
233
11
5
11
20
117
1172
418
38
25
76
77
1086
75
293
3
15
23
428
166
75
81
45
1
205
30
14
171
216
943
878
19
19
175
464
11
961
56
851
84
51
657
2
103
166
3
89
75
160
1692
1
36
87
23
132
15
241
127
158
6
18
370
144
284
32
1
55
81
33
16
1
105
3
31
24
1
277
17
16
4
93
469
301
77
47
202
165
5
96
946
26
2343
764
1519
1945
1
1
540
797
347
120
20
780
400
902
27
17
276
400
89
11
822
150
11
101
51
13
37
169
37
12
132
361
74
191
3811
163
79
11
387
18
1
19
19
76
26
23
50
186
32
38
69
2080
61
20
104
112
103
290
148
2
945
127
708
388
359
11
232
426
155
535
153
308
516
713
68
1
307
9
4
230
19
398
29
125
109
58
52
270
75
76
187
191
1397
1
2
73
12
17
298
42
55
87
67
2
134
180
413
39
27
334
95
68
917
58
6
92
145
702
75
34
984
470
170
133
1
74
728
4
2998
2276
147
36
1334
1
14
76
52
2971
13
160
63
36
85
31
19434
59
34
239
682
103
272
926
531
20
910
424
19
55
15
58
214
48
239
370
15
6
1
64
76
527
2
75
1285
1077
380
22
127
306
280
40
445
185
75
41
53
2260
56
210
235
31
615
42
152
12
100
828
6
173
34
311
31
56
571
4
88
539
20
483
4
331
1
43
7
3
2
29
584
139
502
61
32
73
326
75
143
360
656
177
21
39
26
178
501
539
859
1544
26
1939
12
23
45
403
38
181
87
116
582
29
130
92
334
72
70
76
126
303
17
44
273
195
14
74
21
36
40
204
38
465
562
80
6839
4
6
91
311
33
1
440
257
8
1833
7
63
2
24
7
37
411
34
11
16
1
23
7
8
308
546
9
258
74
77
83
45
37
2
242
51
1023
1857
2
44
611
8
30
75
3
266
38
126
90
3
90
26
1
83
43
5589
75
102
5
15
617
180
213
53
615
119
9
4
164
286
21
83
511
4
1
86
18
155
201
1772
42
4
204
226
17
81
245
216
5
670
509
19
3
223
71
33
91
27
4
2
94
76
228
1
413
3
228
205
268
231
698
22
561
26
214
4
1
9
83
25
75
93
19
14868
46
382
1586
634
378
74
11
366
27
201
49
312
60
253
6
175
270
153
3
16
384
89
7078
135
82
122
317
26
233
73
73
256
85
6
258
20
235
65
46
239
75
103
192
124
429
362
56
2
574
1
55
1079
8
46
1779
54
472
260
125
2
42
1
4
1
3
342
13
12
15
17
67
128
5
19
114
885
387
46
633
462
26
4
16
177
255
5
48
32
36
4
41
258
147
320
484
164
526
4
743
26
2
25
40
2
55
836
606
48
309
17
150
72
112
379
2586
91
653
76
1
6
8
75
23
80
52
1133
7
1603
671
84
1063
75
369
1545
1
265
862
752
94
106
97
19
363
270
1097
49
48
90
3002
63
38
188
66
194
60
121
294
76
17
6
540
184
18
69
87
168
1529
366
223
1580
16
1985
1397
130
318
2
98
52
147
181
13
230
81
21
27
370
78
29
113
9
72
653
403
150
87
759
1
526
192
195
34
88
141
373
1565
1050
95
208
26
9
85
39
87
389
175
184
49
111
291
8
14
96
79
1932
33
43
138
142
102
216
64
75
49
14
1
390
8
72
216
10
34
85
284
420
18
199
670
1780
496
13
25
27
1401
25
7
21
612
674
59
74
135
104
160
59
140
247
774
194
225
167
231
362
3
6
183
19
115
569
304
1
198
1
98
14
93
68
4
79
420
166
39
77
742
92
140
76
228
3
366
1692
3
549
440
445
2214
20
132
61
4
281
1403
2
64
37
801
97
43
39
231
746
2355
15
2
747
442
513
4
12
280
1
126
51
84
719
135
8
903
14
351
75
830
72
72
238
257
8
89
158
77
68
630
386
103
269
222
152
254
70
1
7
96
241
26
1
192
372
96
61
588
75
95
387
118
5
615
1765
76
150
89
5
81
27
191
13
39
38
42
6
66
2
51
70
181
474
2
206
137
10
13
1
133
68
315
1
90
51
84
103
213
3
76
19
747
32
6
1
624
73
212
197
1
2311
294
12
17
301
1
50
4
50
1495
967
96
25
103
52
605
81
146
13
604
800
14
514
72
71
64
292
1
31
100
205
273
97
84
46
341
35
53
85
188
7
670
263
478
415
106
247
62
722
529
927
23
227
111
1
225
881
5
583
212
61
135
126
2
187
60
100
1061
80
95
124
68
17
13
42
366
689
95
6
479
96
580
46
97
395
124
385
6
204
1
172
544
25
54
59
86
3
1
90
6
399
35
13
95
25
232
201
128
292
142
37
76
225
1
45
98
4
4
91
187
273
4
156
8
240
1288
76
10
53
200
91
122
1
26
58
8
199
189
33
145
96
25
4
291
8
57
181
475
18
86
496
141
42
73
30
341
2729
13
774
603
21
1462
23
82
3161
279
3
302
167
41
105
28
2
376
252
154
311
223
60
489
69
683
1021
503
6
32
72
324
647
73
59
103
84
708
8
218
263
216
213
187
16
82
15
7
72
98
83
509
108
89
79
75
132
124
129
90
76
109
142
141
349
83
180
1493
24
115
580
1040
86
150
76
130
76
31
174
156
123
70
156
101
1061
80
78
163
233
75
81
94
6
78
231
1
131
6
63
1
1
43
168
82
281
8
263
196
34
500
618
659
43
72
15
142
3913
121
73
339
3462
511
8
367
32
9
73
770
320
257
146
171
75
91
184
67
72
100
22
424
60
32
82
75
88
35
546
207
75
105
30
100
80
78
1069
453
100
17
147
80
708
232
399
87
210
105
720
86
71
85
81
123
75
171
52
126
456
181
264
90
92
74
9
396
1048
102
158
1
210
79
58
61
