1208
42
8
452
429
619
168
163
200
325
201
122
304
90
1701
180
109
70
85
137
3030
222
48
601
1698
3650
8766
628
268
946
2011
54
599
104
821
87
358
1256
182
299
706
629
20
738
108
268
853
9
82
174
9
174
415
281
121
29
255
42
12
901
77
1305
662
166
102
1801
521
385
76
38
4
412
1254
11
6
16
124
226
1319
19
133
3483
298
153
6511
183
130
450
219
5
26
4
465
9
158
360
9101
117
6882
214
169
31
9
31
2039
555
909
1874
5
146
5963
853
551
405
194
14
112
954
9412
741
503
2140
64
92
24
449
8
1068
186
77
40
354
551
155
2161
123
469
386
3202
210
1040
301
196
118
74
149
392
21
20
170
100
165
15
1331
23
132
259
5
78
244
212
686
251
757
241
1578
130
24
128
5
271
215
578
699
62
50
111
1286
429
296
71
52
471
89
378
649
46
259
1675
54
1058
58
286
55
19
63
24
231
725
470
992
1
219
100
14
4
65
2526
75
323
41
274
418
102
1259
363
36
356
27
46
4005
5
159
329
333
182
127
216
77
235
244
416
92
157
784
246
85
333
84
19
1191
89
1646
5
222
122
363
937
493
6
115
432
481
232
142
505
3057
282
174
222
481
484
96
943
1792
117
208
181
775
19
654
544
359
90
192
1618
11
857
39
409
77
376
449
436
599
64
126
529
162
942
37
1010
208
1175
38
23
50
6
6
502
252
48
179
106
529
131
35
99
152
638
214
220
269
129
581
116
130
109
269
362
425
16
76
1860
87
167
957
77
49
282
67
10
3875
77
1876
566
54
869
6
119
14
89
272
82
67
701
5124
871
83
82
576
34
132
17
43
65
162
301
176
197
11
62
748
4
277
46
1253
6084
263
444
193
923
691
196
1652
11
341
9
311
910
790
188
42
1162
206
55
14
540
255
384
101
99
89
92
9
165
39
148
335
873
571
654
32
1402
52
1016
1100
175
162
1164
310
297
48
500
3168
7447
2651
2597
661
30
1205
3678
342
723
335
356
199
402
236
17
69
537
2214
3373
3062
8508
66
33
437
266
10984
4423
1744
18
88
559
715
238
130
413
394
148
232
1496
226
10818
625
860
5742
73
96
33
1215
759
949
759
172
23
1174
1719
34
204
90
642
6
618
2423
89
192
250
380
22
430
244
106
16
36
97
103
110
147
17
45
329
158
7
1
1534
105
422
446
252
53
187
3490
130
38
87
53
204
237
31
425
173
11
112
172
112
566
384
2390
570
109
60
117
1884
61
84
144
31
2
684
63
234
1434
233
407
577
905
2608
139
2982
2698
164
222
111
1
10
11
1814
34
569
77
654
616
207
1075
693
88
49
46
442
278
34
409
553
828
90
62
86
147
38
261
376
63
2304
325
638
491
100
336
40
759
1896
696
781
85
1
2
97
188
12
544
7
279
7
628
1070
165
8
1170
234
476
11
38
514
1468
633
862
578
1683
8
6
376
235
79
397
128
59
370
95
29
26
95
46
49
49
138
57
630
258
1551
183
142
361
69
111
713
58
220
424
66
19
1264
932
55
15
584
200
9
105
305
932
55
12
445
210
134
18
50
269
706
1119
60
154
128
2129
66
326
690
336
541
12
1497
3582
207
637
318
67
168
137
465
706
30
208
53
129
157
349
149
633
48
524
85
37
133
4137
2861
510
995
1026
6
6866
92
10
665
41
61
14
560
241
46
2044
43
19
570
104
170
259
548
526
3428
1714
177
128
195
77
886
50
210
59
59
13473
91
108
65
279
293
338
325
43
211
429
1098
118
207
1
76
126
647
3262
1610
1092
53
109
884
539
9
3
563
1017
600
663
32
523
97
479
307
511
176
78
62
207
740
6
656
190
87
160
170
85
3
244
89
1202
331
1356
37
214
369
326
110
189
39
80
242
453
257
428
30
52
7
1
1760
457
979
6
282
41
124
117
52
178
175
52
381
577
63
3
379
75
120
394
472
356
80
22
729
44
344
1397
171
327
1318
217
17
148
46
103
331
11
35
9
464
174
352
241
50
17
642
516
1607
230
121
297
53
196
533
8543
3108
149
25
1063
119
546
54
111
954
58
166
2309
684
134
819
4832
94
116
52
225
234
47
129
175
125
72
195
184
662
93
1323
284
72
1961
136
229
11396
176
250
142
52
55
14
1485
410
599
240
3845
51
130
169
63
4
154
968
51
2704
1867
27
110
141
46
100
214
126
594
304
478
220
207
4087
338
1
220
30
920
159
713
42
1024
609
2
48
145
159
8
3
14
731
589
13
191
66
1943
526
648
13
2511
1087
821
65
1378
58
49
15
348
185
1702
177
593
1
1014
60
45
101
85
449
312
199
164
41
390
997
221
112
638
34
157
1209
744
1031
2563
41
166
256
1146
9
596
837
148
170
4
1
62
75
6
10
483
904
6
24
118
120
91
100
4
80
361
2
389
102
282
55
422
540
197
130
38
119
197
1447
436
82
109
106
55
22
84
364
265
184
15
104
20
112
787
86
117
65
1
1
257
74
179
309
172
3245
198
204
849
90
7
33
1424
584
101
196
2214
721
2427
212
456
132
1857
397
4
442
153
13
489
235
981
89
50
10
527
307
200
33
195
12
338
83
52
20
574
43
8
55
958
42
1447
6
272
66
35
440
1
345
80
6
171
128
3223
6564
477
6
1848
261
8
60
69
145
7
32
148
2877
132
145
392
1306
137
76
690
116
338
65
3415
36
268
149
153
157
178
59
23
66
8846
79
1147
228
504
496
178
592
140
1780
406
332
19
532
72
40
32
71
94
742
2554
18
37
82
120
154
651
12
117
16
344
249
46
41
24
425
20
716
21
157
9
59
1228
28
966
372
1200
534
58
732
59
1172
281
278
33
1309
232
55
199
56
145
217
420
263
411
12
635
212
279
264
126
51
173
137
1694
1017
646
121
181
15
911
69
68
9
265
352
63
200
39
79
245
7
375
86
142
32
99
430
92
134
146
70
133
370
42
117
251
86
274
2
26
6
645
97
205
241
318
125
1614
36
779
452
21
15
171
125
17
4771
24
220
165
175
303
439
13
17
144
152
373
323
195
304
46
45
379
132
167
1244
1313
195
594
196
198
693
108
98
1229
31
71
804
80
8
12
2560
115
254
712
697
171
8
1193
395
13
542
833
6
36
151
121
623
203
21
1148
265
394
62
203
971
55
1230
714
1389
340
132
289
1484
1475
168
468
71
190
146
23
233
480
627
60
103
1134
138
670
239
1060
712
344
192
9
198
549
183
214
84
229
134
1039
31
1493
192
81
1496
45
1731
2384
311
150
513
239
544
1392
172
745
1374
242
171
222
344
609
124
188
1
137
44
26
4
60
98
6
82
958
115
332
156
1459
17
98
116
486
614
123
805
442
593
634
108
280
402
137
471
369
39
39
121
251
139
55
1873
785
110
91
878
24
1638
114
244
299
92
184
509
6922
613
307
150
512
901
3713
98
88
101
273
97
1916
357
149
1373
1242
304
283
528
156
55
98
520
792
99
45
2699
1040
73
743
5
231
625
1386
189
164
21
295
11
319
60
712
97
303
125
96
1071
14
86
98
92
146
7
31
223
81
214
155
144
62
913
448
29
47
1631
17
183
754
211
36
184
597
136
719
729
43
145
24
88
699
986
769
33
15
49
714
2380
667
87
98
714
154
315
671
93
135
94
368
1249
3807
238
701
359
641
1343
196
100
677
1486
92
38
55
172
297
99
51
106
19
565
59
146
4
85
115
5
69
173
5
36
110
292
39
9320
50
3
552
1075
1
306
107
38
301
125
749
54
61
54
220
1201
27
72
95
170
10
889
78
200
146
1901
1046
177
37
20
1466
31
135
146
90
835
1594
1007
744
190
79
577
111
388
18
715
68
89
1096
269
176
63
37
525
378
59
279
101
166
86
39
201
50
2114
599
11
1782
339
136
177
376
1199
344
127
79
455
545
662
90
504
52
227
536
204
39
894
913
626
293
288
716
334
394
16
105
1074
248
1142
53
202
1
550
111
431
322
333
514
74
308
1
115
7
144
322
801
532
64
125
2
19
245
213
57
2203
420
158
2614
703
106
423
3
601
171
121
1294
976
9
527
171
405
235
820
1188
1701
2
704
221
3589
700
312
485
165
127
78
628
3
21
786
1015
7
1070
327
97
1384
44
96
43
151
551
291
895
1
259
30
424
943
3590
39
357
100
986
1051
142
452
196
311
415
2063
1300
430
216
247
1587
60
68
60
7
292
549
13
63
13
177
543
38
67
20
37
2
301
11
38
49
284
519
2931
1478
837
54
52
977
17
23
33
1252
136
433
685
166
67
434
245
23
1246
416
75
1
132
42
56
207
59
64
1049
73
1115
32
266
31
537
41
177
11
122
204
30
80
6
154
263
161
61
333
57
1517
1175
7
6
99
529
121
63
520
13
10
210
919
698
96
233
310
94
253
272
916
157
5
164
140
1115
1607
116
4
281
1369
138
381
373
75
993
369
953
9
20
196
29
7433
147
418
43
95
215
144
291
189
58
94
653
365
390
66
493
7
2448
564
1390
110
5333
155
235
845
4632
72
23
102
399
76
70
7
422
62
454
140
36
6
48
103
2357
51
11
64
135
71
170
386
171
21
1
10
14
1202
1329
1
86
9
5
1015
166
57
64
696
155
32
9
9
7
47
33
414
540
544
1171
54
59
1
125
1605
662
94
358
431
79
579
140
1200
424
544
70
25
8
118
86
175
1633
105
2309
1917
2236
196
106
740
4013
5472
7456
108
41
86
392
536
362
148
2684
9
157
145
412
40
3
828
184
63
180
276
21
66
99
95
161
214
201
40
151
367
47
18
2597
26
8
811
533
15
6
102
945
758
44
8
585
293
160
564
5
88
547
73
65
241
295
516
583
156
19
130
546
1891
916
618
206
453
223
171
145
499
485
74
7
16
908
23
357
92
535
13
1162
347
717
2698
218
1537
294
4
20
28
278
53
7
308
51
57
308
1533
1
2775
869
51
864
817
205
118
830
29
304
235
409
36
132
363
1736
117
6
139
26
650
44
80
1
2
47
831
57
47
444
312
79
366
6
537
302
784
194
212
1520
259
28
230
66
29
1611
292
762
27
485
78
125
6
1168
860
1359
279
128
399
582
100
65
8
645
60
306
84
403
17
52
52
221
105
119
305
67
220
146
1702
292
266
130
232
171
366
81
603
82
165
166
705
8
79
29
284
6
96
27
114
389
767
162
74
225
994
160
125
56
309
62
83
334
25350
177
55
167
215
245
238
1891
15
108
17
209
203
387
1688
7
18
485
21
13
1055
71
621
370
36
219
1084
1268
308
125
34
6
478
134
270
41
1
41
111
10
51
3
237
15801
7
129
31
512
3605
967
6
11
163
32
889
2
52
838
27
66
28
229
90
193
73
1019
190
53
61
74
87
25
55
54
148
327
510
206
50
210
50
1783
124
28
38
324
329
48
79
294
755
283
7
333
218
1258
313
230
155
206
384
616
164
324
60
50
1234
452
12
239
153
63
133
1037
386
62
164
474
711
757
15
402
765
2825
1357
20
465
336
1967
108
98
348
736
469
424
1570
121
242
312
194
129
1258
2066
520
906
365
15
126
904
958
441
6
261
29
7
283
13
10
175
813
327
253
61
316
152
117
2063
201
1416
254
6
41
38
5
1833
233
112
89
966
172
174
203
70
96
904
69
769
133
319
1721
55
1
137
17
397
69
911
225
186
221
638
169
124
919
742
958
473
168
302
259
3
13
1189
164
63
346
1057
86
2468
669
113
666
113
437
469
28
52
78
1059
253
1210
32
71
5
15
408
14
1126
957
106
29
286
37
138
91
115
55
67
194
27
60
66
1727
678
1069
65
882
97177
578
363
43
397
136
1481
22
363
260
142
139
584
496
879
80
1134
84
266
53
1037
300
122
207
626
142
1083
44
135
121
163
2474
1
54
386
137
69
129
80
228
101
632
169
4
473
534
4
201
998
1101
210
1099
371
723
866
6
897
315
126
819
42
73
31
103
383
557
1187
1468
1057
780
1153
102
317
64
331
73
69
1967
225
28
391
51
141
647
1588
147
186
13
314
7
176
94
260
149
556
320
938
27
74
180
56
5
6
163
830
21
109
196
1527
442
334
441
200
147
287
206
47
114
148
79
14
143
210
77
93
30
49
539
12
491
52
125
1042
1107
1479
295
1201
67
12
407
224
38
248
45
120
2089
101
168
24
1664
239
767
413
2025
188
91
165
143
977
276
99
2537
173
1069
677
165
268
756
225
190
499
255
68
42
453
40
282
105
59
37
1057
434
64
402
552
1555
9
308
252
132
129
1882
774
349
396
376
149
930
97
40
312
29
359
1262
1104
93
79
166
30
310
34
25
659
266
51
887
420
52
321
344
819
218
2891
551
73
57
78
314
469
73
471
52
224
52
52
282
356
41
67
159
30
818
540
61
55
609
680
80
178
1521
454
123
55
148
33
62
57
917
208
5
2137
10
554
88
50
46
41
568
540
179
38
1
88
6
145
111
120
67
649
533
157
253
191
381
72
344
287
124
1614
2
760
248
3178
335
671
450
213
422
88
1175
708
6940
1944
213
38
899
92
620
161
601
1092
156
96
37
262
424
351
254
5816
190
919
2015
1295
23
702
46
1446
40
247
38
75
160
693
592
1413
205
414
184
23
106
73
252
191
145
7
57
196
85
4804
239
117
219
71
305
89
521
4054
29
269
24
497
5
28
442
238
321
499
80
508
67
1580
178
1660
174
1546
1413
1575
667
499
122
700
208
93
306
38
825
389
457
779
9
480
63
696
1137
67
66
80
17
154
1543
1394
313
82
96
117
1524
287
134
228
120
364
766
37
303
230
350
78
138
441
43
18
908
387
92
167
1030
33
1026
43
261
1408
65
1
9
4011
934
433
474
418
814
1773
145
127
230
93
126
691
1557
45
926
78
76
1536
102
245
1091
343
603
3330
1741
124
223
59
73
38
184
1318
348
776
85
1363
192
776
495
109
66
218
85
423
786
203
1922
932
453
22
1305
489
37
206
348
425
445
748
81
928
137
364
69
113
840
373
436
19
207
1434
89
811
170
3106
24
124
434
79
414
6
929
2513
432
673
1609
279
1446
621
204
56
843
20
369
586
2
24
40
2154
1257
59
358
643
137
85
220
555
2807
286
307
5079
531
309
67
298
141
9
823
11
102
1846
412
173
939
785
1292
15
515
96
645
5
384
83
235
442
302
372
1699
214
226
209
12
43
413
1054
50
165
434
1369
275
280
166
242
1745
76
103
539
739
1596
15
1269
1
429
112
81
69
357
311
33
719
216
480
32
22
928
871
241
1197
7857
620
1076
6
41
51
711
236
265
60
166
579
3122
388
186
257
143
311
298
204
535
1251
218
1134
967
63
381
208
167
65
157
624
426
45
208
13
1076
273
110
2
641
433
245
62
106
763
997
87
294
734
1
1
62
51
1727
69
1630
945
60
50
20
613
204
48
168
210
6
618
93
1116
130
314
71
2745
616
135
649
99
271
2296
37
189
406
74
55
55
1243
36
78
53
363
60
69
89
80
8
2444
1918
88
894
104
5
7
175
394
1078
212
127
632
222
29
189
183
215
203
118
577
674
341
414
199
122
121
394
136
859
395
6
1128
35
37
19
207
232
190
496
85
246
213
143
118
131
11
221
81
3
162
888
134
116
85
611
2709
67
92
59
233
137
431
3161
55
177
113
30
1250
2978
873
163
10
