304
1667
1006
75
45
104
656
19
969
76
193
1671
129
1470
1671
195
568
46
482
187
728
224
5024
200
7
328
71
32
80
66
340
1199
1089
1962
481
609
23
79
186
3556
49
3079
1595
126
865
68
1439
1409
2372
988
174
273
2775
1184
25
12
307
4469
1
42
1548
77
721
243
3485
22
555
144
18
1307
535
75
639
1400
1297
1
670
692
190
510
116
1435
535
23
84
36
482
72
126
22
4298
3328
3
2766
1760
43
19
1
2500
340
565
454
1326
670
323
28
897
262
81
242
71
179
20
11
571
1460
470
56
4
92
717
91
3
602
99
74
1910
110
74
38
99
69
193
1
32
354
90
203
4
109
40
59
211
7
265
1
1522
1634
565
75
153
284
1
1320
270
618
712
38
19
71
45
920
83
48
498
149
995
1
993
929
26
354
672
261
1221
26
1931
371
260
91
89
120
1180
143
74
823
58
1003
360
1
378
259
1
1
92
251
222
911
2733
1000
240
1
902
1582
84
1466
2736
2562
766
842
829
130
1328
281
1115
122
32
1585
1476
606
1134
1374
6753
801
1321
55
315
47
385
46
19
50
1237
632
854
616
667
106
31
150
109
32
390
140
425
385
460
62
50
82
75
1033
1135
163
249
72
319
704
574
239
2035
465
206
1850
944
1047
1006
1
243
2551
2516
256
1158
990
2341
1
336
67
67
9402
72
738
129
201
3
152
79
7628
4406
47
161
2
75
264
12880
926
75
4
80
524
22
173
4061
1144
1722
107
120
6
218
1457
86
3311
981
735
160
5586
220
1175
1129
1462
455
42
134
57
48
641
47
352
238
618
147
1260
17
189
933
4225
1443
982
232
2623
323
1099
895
694
244
37
4116
422
730
169
914
472
29
943
48
200
610
2167
27
242
17
241
5
337
398
15
23
621
433
68
301
36
75
1606
1009
2249
771
337
1386
1195
133
3189
958
457
3
1387
585
256
53
76
945
421
1726
256
247
121
1571
814
254
4754
3512
32
208
135
490
113
9327
111
106
71
2015
792
226
1
1314
51
1293
75
772
91
125
614
105
3106
192
73
5
28
4245
804
2386
1494
571
933
137
1613
274
85
18
9
1631
21
190
949
48
216
1032
69
19
70
101
685
64045
104
69
1782
9327
788
28
472
18
9
2017
1219
60
47
460
981
20
7
62
384
144
797
1143
1515
209
2254
88
78
56
3175
35
311
1195
1
523
1898
195
53
2938
1226
73
142
221
1630
127
194
715
83
1723
132
210
1456
148
85
2033
446
2512
5
1007
944
221
190
221
784
767
734
306
535
1191
422
643
2314
562
840
329
2302
142
135
327
464
568
79
3104
286
3631
1024
522
1628
89
81
46
38
1266
1
433
31
80
2552
958
1179
1302
4
869
269
447
2647
41
536
1101
99
3383
64
17516
1765
1081
433
177
1372
4770
1880
1422
2604
67
957
253
294
34
1320
832
271
550
919
4507
77
516
296
2624
149
1254
30
1388
53
449
686
122
637
875
118
4
72
50
75
232
79
1334
1075
269
295
175
725
753
165
45
8
1279
1244
2753
261
44
963
4647
2291
162
926
25
990
1498
196
3719
161
160
4
869
36
156
89
1295
95
89
219
21
2273
129
45
2042
781
768
2463
1076
800
1181
462
137
122
490
1877
281
2348
2234
308
3687
1394
4186
984
1679
1818
258
318
580
1103
136
2365
1318
66
91
565
498
270
242
241
1490
130
1447
44
1318
4127
396
113
653
108
742
651
43
1036
2442
205
97
7983
1418
797
1123
164
917
177
101
1330
83
1979
174
1633
125
882
4877
114
1973
106
941
1164
1529
907
1015
1250
71
843
78
7266
2312
1732
564
53
47
21
15
276
224
862
1
2555
1427
837
973
1662
151
32
201
255
65
633
62
127
14
441
455
10
1585
847
3
780
834
855
1441
503
2900
1359
940
164
674
913
404
494
262
4
489
1093
132
1399
34
420
273
1983
792
2985
573
9
258
795
830
76
695
53
3116
396
1666
248
52
92
670
761
50
2700
215
71
906
9
2220
201
975
1821
6389
174
906
141
60
2441
3163
2654
128
48
753
56
1285
1514
47
3342
1156
614
6195
1801
1169
365
737
253
384
869
2440
662
2522
1944
268
339
47
1042
555
618
1550
106
75
495
134
27
43
173
82
21
1177
1349
60
1424
1538
815
3017
512
248
229
127
783
85
88
345
80
154
11902
1085
59
17
1302
396
372
1406
114
392
74
1001
292
234
1155
216
990
265
3146
283
111
35
703
451
3265
22
126
224
83
123
141
99
1187
33
181
1121
64
1175
1484
885
859
75
722
550
39
71
2765
140
202
1250
2867
2
964
347
3431
177
435
137
342
1009
84
451
8437
796
1043
233
461
2653
461
415
122
105
12808
2301
231
2338
160
239
83
2978
1138
514
1012
2048
1826
1
96
1903
5950
609
554
1068
1514
174
232
249
198
858
76
1
1424
50
1269
247
1022
1817
172
734
9
2536
1978
36
634
55
442
75
600
131
442
120
125
123
122
248
759
158
526
229
3
80
15453
29
1789
73
70
149
75
187
133
4056
67
153
614
5554
834
539
62
1373
242
498
1666
1510
3281
257
528
52
1278
221
1044
206
2947
184
1314
1203
199
15
1744
937
244
171
1201
147
1304
42
84
474
562
567
842
44
98
109
301
734
945
197
1189
58
1107
953
994
527
83
124
2028
280
2879
448
193
77
857
2543
413
1708
270
304
154
607
561
675
898
1662
697
1
745
99
188
9
624
1038
17
5964
505
2600
7
185
162
2575
3
17
1375
856
1793
1758
1116
1508
390
2002
232
1
116
3344
92
763
182
41
18
654
11
1019
70
2211
193
238
1366
1298
223
146
1904
29
931
1211
48
433
401
669
1837
2814
928
1328
2565
7
71
354
1458
15
130
1
73
128
76
50
1362
143
124
1
2093
3023
46
576
35
485
171
54
452
130
38
866
662
1943
133
81
1348
44
238
369
259
569
245
85
14
66
67
837
5971
1022
302
3
233
2075
2299
23
141
2497
1502
115
2645
48
62
1039
199
2135
71
112
254
176
75
348
266
1441
7860
12
75
64
264
131
226
94
172
365
650
1329
423
5320
53
99
3519
179
1210
1115
30
6
302
1154
1548
140
22
721
70
655
71
257
355
2622
2087
36
2528
248
677
942
55
471
24
2014
989
503
185
750
51
939
387
102
135
159
32
81
53
428
707
458
286
1571
138
29
1945
1277
670
799
738
428
1540
118
256
76
1395
3499
1214
151
642
3825
93
235
100
803
25
246
259
1288
139
53
5052
256
125
1341
2926
234
380
67
207
60
457
1993
75
1548
1018
1056
180
845
1066
251
135
14
326
8113
95
448
3449
1853
1212
1363
2272
57
169
6631
666
2352
1773
29
51
946
9
198
285
306
527
213
233
513
1201
3446
217
9
1348
317
219
390
88
78
1142
1093
12
21
1248
693
1366
73
2037
111
300
50
51
100
1656
7
3329
362
1403
390
64
26
1171
731
76
710
71
80
31
1060
642
684
787
1600
374
58
4196
205
108
404
57
1034
86
475
21
85
581
7
4264
22
160
111
143
1741
87
51
863
983
143
69
125
3
51
1
170
943
3125
1852
1
120
17
151
173
743
342
104
68
1465
321
1359
1388
1066
1
6
266
2728
82
1201
502
480
116
125
47
1646
946
13
50
317
875
272
397
818
485
926
1055
124
1367
1
33
615
94
166
92
2048
603
1523
193
113
956
128
100
46
533
637
1050
575
30
3933
50
51
27
585
398
107
190
1535
151
2267
22
169
4456
3907
153
49
588
247
23
2193
2084
289
411
1073
1479
120
230
2289
569
948
202
280
592
2392
2355
114
603
75
80
1100
88
222
106
223
297
1981
221
27
1
1358
95
757
128
173
67
303
1839
6
126
73
888
1328
956
76
193
1106
1477
86
199
75
201
620
468
105
79
879
89
2085
75
75
359
231
280
1267
140
68
224
86
250
568
1907
441
73
639
2151
329
754
747
1542
1482
250
126
3082
254
75
314
973
92
80
1724
72
203
5418
1851
1110
250
291
3470
2117
132
7639
623
44
129
73
71
1127
933
251
92
2182
303
584
72
85
74
115
1505
279
1894
616
133
589
7855
259
182
95
3817
329
821
1255
51
1972
75
573
123
553
75
465
125
137
543
15
125
205
1230
104
17
20
30
135
338
783
30
1623
9772
548
702
32
35
34
1432
163
247
253
61
1
55
534
1933
38
1
85
39
463
5080
5
161
223
80
128
54
122
1456
125
3638
421
372
136
127
272
76
411
451
882
49
32
65
709
333
88
13
709
376
142
63
1731
352
2
163
1371
3757
279
791
160
437
730
10
327
39
75
223
87
1586
880
996
245
897
2196
1415
263
780
160
2983
2122
155
49
909
68
969
29
31
638
95
281
277
93
2337
664
956
916
20
117
1
504
1612
287
666
79
700
1286
335
290
2
117
347
792
215
505
355
371
573
711
33
288
8
248
191
17
349
415
571
168
150
39
247
73
87
117
1090
65
2604
275
229
2664
272
65
431
97
832
71
52
646
81
1194
257
974
87
522
3282
2110
3101
150
73
306
644
134
5435
121
1334
355
19
748
2500
51
649
333
88
1495
204
430
124
8
6
2870
81
1832
1035
118
82
62
81
700
115
80
28
748
1592
1258
100
52
82
73
2
130
301
206
2086
184
422
239
2022
1209
55
1677
101
878
2073
7086
1324
798
756
656
1
418
2027
116
699
348
401
484
1
1658
367
1217
1664
417
58
818
1256
567
92
46
368
269
3190
514
825
3433
107
921
1403
5289
3070
66
246
6
640
125
403
311
946
794
84
1
3673
1311
194
1784
298
244
2846
310
535
126
38
1
522
3411
82
457
718
311
161
450
178
179
70
1460
105
122
1818
4455
39
149
359
197
404
138
278
2525
182
206
310
18
305
900
77
33
6443
59
87
210
880
2172
229
54
716
179
712
95
1611
1285
432
1900
1172
156
936
3740
259
408
182
102
12374
75
452
120
1001
64
1440
243
91
3079
1267
767
695
1274
30
1934
59
75
282
97
1177
18
1062
68
1200
741
1904
623
42
489
2
676
867
2339
2067
35
1
439
289
358
366
7004
414
45
681
547
71
993
74
1371
44
762
121
952
7
4374
11
76
379
956
276
817
51
115
391
1669
1
196
920
287
144
1453
1406
58
257
94
2104
774
869
159
350
1203
2167
43
17
8176
36
198
1008
61
73
1749
273
88
146
492
12
753
37
4256
92
933
12
1556
2821
1113
99
223
76
194
354
8
201
63
2446
830
911
75
152
1044
261
763
590
2260
412
620
1050
62
2
11
1605
31
95
58
53
72
6
72
908
101
570
425
398
2724
1181
714
4
28
540
1559
52
33
363
76
79
323
76
53
732
130
77
270
1
947
91
71
58
11
2095
75
2619
1593
30
373
75
269
382
1
1
1750
75
1993
76
70
1
146
1272
39
725
171
98
553
1221
568
179
3
83
824
51
263
1111
52
763
186
80
127
1149
170
191
757
179
22
4
349
153
615
1065
60
541
142
29
1145
2288
607
1167
142
761
5521
35
559
73
836
133
1246
871
3638
724
382
1201
131
1066
1494
855
929
51
3236
249
183
18
842
747
31
806
132
83
3552
5
789
1836
23
1
199
73
804
49
2706
1122
67
990
70
821
1046
291
202
31
30
399
31
842
471
336
1056
212
108
82
2473
80
729
377
1987
61
158
3719
80
718
1054
4
130
260
50
1556
223
191
501
47
570
170
1405
131
89
47
1026
52
6637
214
1296
11
118
102
1038
1042
95
641
1
1116
253
1
70
50
216
1017
335
1507
939
779
723
12
56
3
196
98
25
344
2946
775
1149
1052
538
1618
1629
216
2224
76
1040
562
2272
85
5940
719
580
277
2063
1
778
178
34
817
461
4
192
791
2062
203
11
919
158
1095
166
624
86
4233
42
152
55
124
145
110
8886
1650
4
214
40
991
452
205
450
118
717
77
912
327
188
27
340
442
4172
885
851
140
361
80
192
2109
1499
82
505
1
93
312
361
166
332
116
711
697
5
809
787
384
265
13
252
226
1765
916
994
117
2299
338
1588
76
80
905
42
125
125
1
196
14
216
476
2797
1405
90
323
1691
37
2602
175
100
34
1033
64
257
56
1
2548
1016
57
161
1480
439
720
583
117
105
462
933
75
5343
811
1549
2076
831
193
184
2213
18
36
113
173
475
438
622
784
103
518
83
733
1563
103
865
49
188
193
223
183
580
145
1
12
124
130
52
33
303
967
561
88
13
327
64
97
260
300
178
267
93
2
108
113
1968
20
590
145
1510
535
230
199
42
247
7
303
247
1374
80
1111
587
2519
5
5
174
31
277
494
125
104
44
169
34
113
171
115
968
63
464
1
154
985
131
1212
148
123
2183
10
196
1326
121
565
100
1123
68
132
83
3
558
149
200
1411
1281
117
1273
1561
1820
709
203
1973
1
3197
3337
34
1559
933
80
1988
2173
1671
332
1130
641
190
11
28
512
828
851
8
248
1
467
1229
1079
12
628
23
14
23
2136
1853
1150
2244
49
1045
6404
10
78
282
845
806
1619
1933
1
264
215
191
234
1276
2659
477
916
54
119
54
690
202
48
173
23
1040
1048
65
75
993
4389
185
585
149
567
2167
69
235
360
1963
1545
686
6
1328
90
1
5115
846
1275
1727
776
54
76
180
6
49
1826
19
2698
15
3186
59
2688
210
1037
458
535
1044
65
270
1624
145
83
260
124
119
109
894
120
241
550
769
153
158
139
15
1272
832
1098
296
1011
91
3201
116
245
111
250
90
3287
42
118
295
521
963
3003
17
1
98
1296
5542
265
66
841
447
3746
466
730
17
108
770
1189
75
1179
76
172
721
202
74
163
1123
269
32
78
164
686
578
496
1
641
1410
24
2216
1
3268
2639
1696
1215
722
253
1135
2714
5
196
1043
3364
136
770
1120
2119
1107
521
360
121
113
733
67
135
274
696
55
158
2512
3244
2384
1773
51
166
255
65
27
293
72
20
43
291
4
310
44
215
1003
64
977
211
226
770
555
166
731
84
1169
75
111
1731
113
598
51
879
870
72
100
793
1242
3998
33
133
65
42
308
452
6693
1215
121
1087
359
262
760
95
53
71
102
1736
130
135
47
506
37
511
13
2884
606
75
79
781
218
246
3137
53
1485
233
1
727
2360
92
124
49
356
158
845
795
848
17
1573
280
440
117
37
333
11566
596
125
659
46
1069
104
646
4028
826
1668
137
219
1
1587
127
1781
4702
1530
222
303
66
75
248
880
1160
440
60
313
594
147
276
95
1735
1166
84
237
105
2225
97
618
591
1223
2
233
420
1764
1874
4216
2384
154
487
1252
68
739
632
2381
2393
326
669
816
648
26
750
185
1335
1272
120
193
204
428
529
1086
209
28
657
28
33
994
490
46
129
353
1330
2547
120
259
238
3138
164
22
1476
185
47
88
76
2200
1380
1
735
69
95
98
299
539
141
848
2418
285
614
1461
1549
552
1064
457
62
147
2
929
986
75
21
116
1163
2226
87
33
1274
238
1279
1493
6
132
6
2517
12
1
872
461
378
2338
703
1402
167
6268
1712
3
1365
952
197
2988
110
1
247
185
123
601
757
209
2437
121
89
1170
3774
91
168
57
343
390
1
1146
149
75
1405
2687
4
99
1120
3
124
414
220
904
726
188
261
251
5
8
2642
3965
671
1988
67
79
1174
219
719
240
12
901
967
1636
34
1132
1010
3788
702
882
211
4277
397
971
458
66
955
955
687
82
509
727
139
65
212
63
412
1254
84
1166
281
3266
6999
201
552
55
2731
617
14
794
12027
1794
207
1
1480
2245
23
798
239
8
1437
2939
50
264
1670
52
1512
2128
1
1034
134
241
81
20
75
266
1716
865
1
109
76
638
805
597
159
2625
541
535
1443
1936
152
1682
895
373
74
128
200
74
7939
42
432
1935
55
416
2807
29
25
201
19
93
4069
1642
373
252
248
661
134
1
247
2521
1254
7242
580
1694
1341
100
1905
12
588
923
323
61
611
50
1992
103
2588
106
893
162
5
1164
1160
70
1639
93
241
2522
175
319
108
675
228
313
450
46
671
53
3051
249
732
124
916
1634
221
323
709
313
2536
275
1
210
1465
602
7583
564
1343
950
307
458
108
325
105
1908
76
7
314
1292
135
454
9
2836
97
399
894
1024
77
1848
125
367
1
84
196
2958
843
54
78
34
438
96
418
50
65
1257
146
873
358
2259
385
185
420
1
17
85
104
374
574
468
479
1037
75
140
126
80
109
356
69
480
33
156
2313
6
4
75
1
1599
90
676
141
535
174
258
218
645
310
936
1149
1308
1423
191
1114
221
834
477
21
158
75
182
211
107
77
170
2294
135
351
1434
731
5174
401
28
299
72
216
1770
88
744
1011
2
13
116
1065
2696
169
876
649
1394
1130
485
1217
64
286
145
573
64
9493
256
112
5531
140
1110
32
82
1252
132
1890
1137
730
216
835
390
274
33
3939
228
5
2878
3515
390
1526
33
1
90
593
119
1332
34
110
22
610
77
31
4
396
89
330
147
732
217
99
487
2505
1546
213
75
2200
1929
831
1
668
326
247
578
1346
1
125
946
1466
976
149
182
88
1038
1
287
29
6
179
911
7
691
1070
61
163
10
24
1491
236
165
90
3
140
744
76
199
1253
19
136
173
748
130
25
178
376
68
578
84
151
790
417
541
1388
87
3438
933
194
2235
1369
458
96
728
252
224
565
1262
806
124
369
1435
1165
396
722
1325
971
139
18
242
599
408
940
1616
248
221
1
90
113
283
493
1921
3
34
1855
80
157
206
52
258
79
1
605
1085
1389
1130
131
270
3879
45
644
981
477
4699
282
393
175
259
157
1222
46
176
1461
2965
241
61
322
574
264
82
194
595
447
344
65
198
1278
402
201
983
5285
1968
33
1839
548
1261
1444
56
97
27
151
677
232
1149
1396
348
338
1051
214
127
60
175
100
732
120
76
31
57
69
75
102
324
949
1276
282
76
405
90
231
215
1758
925
81
30
26
100
6
335
186
1008
2189
191
441
95
5512
110
81
859
93
4
622
186
147
1064
43
174
44
40
576
1
589
48
969
1
1920
956
75
139
38
704
99
59
133
8
192
249
1
4472
78
547
1798
607
811
141
777
1462
561
882
72
33
71
6
159
174
814
77
493
18
1001
186
42
106
622
64
64
510
1219
564
27
769
871
780
1000
15
1187
142
193
167
197
128
2758
2003
41
1247
746
1039
161
1
1315
1791
142
749
132
1312
829
83
1325
153
1
42
400
475
705
721
481
1167
9
2285
272
82
249
1165
992
144
247
1459
56
240
868
168
1
130
264
9072
115
77
133
243
4598
580
41
178
2759
14
1366
3481
1112
2665
5
397
28
6412
137
15
454
2188
1014
128
41
44
111
38
88
927
1200
1380
242
25
165
757
2191
18
4
290
81
216
496
1
497
76
924
135
968
63
467
15695
2866
359
138
981
897
909
2085
26
26
1551
711
3423
364
65
484
4013
1710
1452
2777
303
2602
136
2343
1147
526
121
98
244
2
4006
72
264
91
468
434
98
3
3151
4861
140
308
282
1347
294
2568
339
867
1005
79
990
74
546
98
124
1502
1
1549
2842
2143
703
387
530
2686
35
42
296
81
1315
337
109
694
117
248
586
178
80
43
1081
403
75
17
20
31
848
49
33
157
1
285
277
120
1307
120
643
933
1
547
2386
6335
255
1
1296
151
34
107
9
175
27
75
433
617
739
153
1239
66
765
1504
184
866
96
160
221
17
918
14623
56
144
720
1145
369
471
276
213
137
478
319
526
19
332
657
65
6
649
943
464
262
535
1205
1523
1598
8
1079
655
189
2292
1541
93
414
911
90
1
923
41
2392
619
142
1040
1094
1210
145
838
520
3
2473
1043
3984
93
984
1279
238
1755
1823
877
73
2281
938
758
2970
744
67
1103
1692
3201
3242
1665
128
2169
584
531
1041
3776
749
2719
118
785
808
1610
1669
346
75
3108
232
278
6826
21
2841
192
2876
34
139
128
78
1608
415
987
17
427
150
74
2167
1013
297
586
1074
134
74
2260
340
2670
389
339
2
921
224
861
982
243
77
346
1927
198
94
40598
1607
145
238
101
140
447
21
18
700
144
1
75
41
289
636
744
31
217
66
970
576
843
231
66
64
713
484
2005
299
75
90
388
1454
99
2557
130
80
68
68
1320
32
5408
527
320
107
92
2731
286
78
129
351
48
235
3
250
59
1002
2357
505
1061
593
76
128
44
302
407
846
1278
467
136
2181
76
379
875
58
1129
972
839
682
3097
53
297
38
4439
1286
176
72
141
108
268
867
572
704
717
322
497
98
114
1637
631
129
641
335
1
13
2498
182
84
98
92
3467
2624
504
1009
55
3175
362
593
366
34
248
75
589
119
78
1673
1057
67
1061
5265
79
2038
76
1207
446
550
725
97
562
967
216
1017
192
362
799
2493
81
1813
1161
1118
2134
194
236
93
316
89
1620
29
1193
179
12
167
680
933
525
1040
657
94
256
1
1650
102
492
237
749
1696
354
286
217
459
645
281
1850
1691
449
587
270
723
4004
2842
1588
469
106
788
80
2600
16
216
162
138
122
78
133
212
37
3741
2565
2093
842
196
159
111
676
687
570
412
819
3165
3
202
1254
188
122
50
75
99
1486
1121
225
4261
520
99
264
2014
76
138
112
3717
9
41
217
317
129
224
3834
94
1620
584
117
9
1
2333
16
73
500
9
1414
1137
184
138
250
728
315
81
1284
74
38
1077
491
8234
25
316
1762
547
3243
958
183
80
1512
545
224
5352
1296
62
1609
1625
96
135
2690
309
761
203
885
709
103
1124
631
311
589
272
130
8413
199
1128
1296
82
78
55
735
8233
680
410
559
1512
72
1083
710
185
907
335
918
2225
163
236
1386
974
1082
1600
1754
219
274
360
204
750
2
31
627
45
2666
1433
658
2544
846
2987
1678
80
162
4
227
1235
418
906
48
75
859
82
269
1399
368
1637
2417
269
1015
515
629
63
199
577
72
284
77
887
73
29
128
189
193
315
686
894
448
270
40
2604
255
75
112
911
58
1245
972
142
1236
81
206
14491
91
108
95
250
415
136
892
853
76
191
94
92
71
1735
189
80
471
742
21
951
203
383
307
29
183
76
72
2434
795
93
479
27
572
1084
710
51
18
3936
5
361
8316
94
1233
101
5587
303
2256
316
2136
182
201
939
775
785
1597
115
75
142
303
123
11
5986
1545
1432
162
1371
1182
172
1986
973
5
494
380
907
4510
6
568
1413
457
929
82
862
488
281
229
507
9043
22
187
1600
71
2026
738
510
165
3844
778
776
512
270
510
86
310
856
772
1333
61
700
612
2
866
3486
468
692
1
946
170
80
1488
218
1944
83
526
10
3
351
438
99
390
20
722
584
7838
101
225
12323
554
135
145
219
1071
238
880
85
281
176
216
492
691
75
45
823
4068
2212
249
1545
271
885
286
1099
3596
338
12
2325
31
5
72
1149
75
2851
163
442
50
888
71
639
1
1097
75
849
2874
60
606
96
3558
1610
1749
72
265
51
2996
116
611
245
31
287
79
1493
94
94
134
620
135
75
1029
1229
1260
73
205
94
146
42
19
5406
816
587
77
567
942
388
1088
152
430
1924
122
406
2405
789
72
669
561
793
772
1123
2457
3465
1384
8
124
71
2639
1364
191
508
623
145
37
818
7215
673
254
207
199
229
15
1074
265
770
237
154
910
323
1006
2029
1685
299
767
478
605
901
964
498
1210
806
7
1076
6
155
252
753
64
494
56
140
75
227
1323
822
28
210
368
1287
1
678
906
521
2
188
113
59
1215
129
164
129
31
110
988
704
595
2484
1593
147
82
703
1693
1034
878
1016
1631
76
1900
991
198
153
331
72
1221
337
10
3908
1451
915
23
161
1027
1274
75
739
559
1525
1640
1188
2381
955
705
687
76
247
54
7
1720
1751
14
1254
72
236
337
187
270
1286
750
326
2779
291
1331
867
1764
917
1
602
126
81
639
119
75
45
424
135
118
1077
2499
257
100
786
1867
602
2251
71
534
122
1404
1009
170
102
1595
394
1844
240
133
175
51
405
350
17
65
34
50
44
120
163
858
4287
88
1946
600
1156
266
71
78
178
97
580
487
444
1413
1
72
43
391
2154
1017
66
251
26
97
2837
244
2373
3315
698
14
82
1092
1202
1876
1385
571
763
137
253
679
228
313
1770
3
520
93
1
308
366
631
1319
8
111
572
71
138
147
667
8
8493
1051
47
5
205
248
80
687
1233
1582
80
25
191
446
339
134
629
94
1374
151
144
114
56
98
1870
323
67
924
239
4
1599
205
28
245
142
64
1234
715
509
91
3012
762
66
849
525
261
42
196
62
130
17
910
183
651
865
1070
153
228
90
27
1049
550
1099
1269
117
370
73
1964
923
378
1094
5
254
918
57
275
764
1199
1668
875
1
1562
47
1402
1322
207
846
159
123
295
310
395
664
18
1665
313
1800
421
1015
804
368
434
97
810
249
1723
470
874
247
842
116
416
73
956
424
1542
3806
859
1548
73
663
82
353
1350
1006
24
224
427
2375
756
77
296
79
3868
213
198
75
104
52
879
1877
1066
385
88
329
1214
181
84
104
79
33
8549
75
1326
118
205
696
1333
161
43
109
101
248
263
1566
725
1492
118
20
38
1307
952
930
261
346
319
298
116
1581
771
219
2103
107
48
20
7
613
1214
3969
1283
35
14
305
75
71
230
384
221
1929
1454
2901
2386
111
846
41
1341
1242
1553
410
1070
1781
357
283
5661
821
1211
337
102
1
48
1182
6248
1011
96
65
81
146
276
1283
1098
659
933
207
1294
1518
177
108
10
347
299
1708
2301
394
52
561
19
2726
937
1532
1341
1
4137
4871
2233
194
1
742
1062
379
508
904
4
1370
257
157
1205
188
80
584
960
1118
1479
234
222
2316
1332
609
532
1008
41
874
75
153
93
133
196
621
3720
191
949
2814
249
519
854
166
2
1627
1999
589
1693
419
767
1471
88
1394
577
142
124
87
1467
577
621
614
401
1737
624
481
2460
1083
1166
2304
808
224
88
244
1347
2446
155
1657
338
797
1763
8
2547
1244
873
235
3714
91
504
312
88
905
526
684
1135
1598
77
172
180
100
326
115
286
140
89
85
3069
640
359
6129
125
170
268
286
329
611
372
475
116
1293
75
67
145
208
289
276
514
2558
1
1633
298
4
64
1264
108
95
593
263
2144
626
241
122
1174
995
1638
110
811
276
415
3007
140
154
368
