8
1463
3722
16
10
37
21
12
19
577
19
82
244
1548
257
1
208
20
562
38
154
1039
2661
473
58
165
322
37
8744
122
1
12
1272
24
2884
24
510
7
90
2
203
244
24
812
376
1005
5173
12
49
93
4
81
1
150
40
19
22
7441
40
221
24
12
61
639
814
205
226
148
698
206
36
24
56
2941
528
235
1698
232
106
9
15
12
415
7310
39
12
115
468
215
72
1535
56
92
335
67
50
17
125
4
43
445
1837
6
180
93
15
16
203
196
90
51
39
360
94
286
56
1137
106
27
2
3272
1108
7
676
5
111
118
5
52
55
5
51
123
3061
961
406
52
84
19
214
14
3
178
1306
1087
14803
386
90
32
1230
726
1101
371
385
33
5457
42
78
2253
6
39
3
185
20
871
185
214
4
80
190
102
2307
5480
147
67
50
154
22
2132
23
375
907
168
36
27
67
393
1957
96
697
6991
177
567
46
25421
895
93
1216
892
1
41
298
480
2203
59
5
30
168
340
138
32
33
225
1509
708
182
973
57
43
2206
7353
103
11
15
40
1070
55
1
124
12
88
53
26
36
39
170
14
93
11
242
1
129
44
13
9216
290
29
24804
395
3
277
154
1044
127
42
1
138
327
68
160
108
2612
4
671
104
909
31537
67
1081
166
1409
76
927
414
5
47
37
17
1198
1204
83
25
87
226
265
24
191
64
83
630
465
334
66
17
3383
1318
2368
458
48
109
8
113
43
26
391
13
6
78
24
112
246
39627
32
290
6945
103
130
116
635
111
1
34
36
14
878
98
51
17
3
8161
26
1
979
894
857
1
553
65
95
200
24
20
663
195
8891
16691
91
631
2611
23
1056
35
1
1317
180
1468
7454
173
925
22
215
199
90
19
209
182
341
1
11
724
27
38
27
1
378
8
74
784
8
35
22
50
8173
874
21
7
2704
18
40
75
47
75
1
4
330
11
156
457
28
7
1089
1
1703
63
129
6
177
426
39
11
6987
55
517
129
2945
701
1127
1932
37
128
18
6052
11
936
542
23
120
284
1
651
2062
1
10568
8711
9442
172
137
26292
17
67
154
314
37
2020
28
2811
21719
961
558
665
74
6
387
353
563
46
1
35
590
48
179
66
28
7
670
25
15
20
30
5501
34
55
5923
7177
6
24
4
58
61
15
365
4314
1
299
25
66
289
7
13
850
8
2
36
14
1
241
20
86
2
986
322
15
48
31
15
50
26
62
9935
691
45
24
138
21
23
354
426
25
1097
260
14
26
275
31
1693
300
72
297
3269
6
90
58
60
90
40
17081
5
27
12
9
115
325
6
685
31
7
3124
251
1428
81
7
88
87
11
221
880
58
1229
18
32663
111
11
4276
581
347
78
22
1
13367
37
2
1027
43
4704
1
444
336
38
3591
2790
835
72
239
138
223
110
6511
7203
2
29101
388
100
18
17
212
77
28
1
153
6
7790
362
2212
178
159
9
203
31
248
302
37
10
44
15
15
1
51
1538
76
61
62
8
58913
4
12
51
75
85
6
63
26
942
261
6
25
620
3
40
34
1
1
62
11
7
32
92
2362
75
12
53
841
49
86
141
90
6455
175
641
342
868
533
9598
128
31
9
459
417
284
19
191
74
125
1051
372
544
1
1
30
391
274
120
35
366
126
327
64
600
122
1078
125
53
360
990
874
93
7
5
13
43
52
2295
1230
21
13
669
299
134
821
63
133
693
47
66
316
14
255
387
19
23294
37
105
51
248
37
161
197
138
159
1947
280
169
269
39
22
175
69
2529
90
5
15
11
217
12
5
30
55
108
988
69
3139
132
3275
2063
15
24862
260
41
198
10
3215
468
66
459
67
6119
116
12330
163
138
87
381
16
1319
50
91
58
27
1902
123
29
1489
5072
38
832
10
8964
11
20
153
77
1024
33
578
109
61
102
1130
498
39
47
285
12
100
23
169
771
564
2443
177
9732
3252
3825
96
1928
45
1902
71
566
149
499
1
89
2809
84
7
1161
1685
35
83
138
184
1488
2478
18
1
115
10893
33
32
46
19
37
266
18
34
1
42
132
836
6
1
1146
382
15792
212
1666
746
172
214
258
528
1
24
135
6
1061
1636
17
587
621
610
162
2231
8
36
43
7314
640
355
19
273
701
334
57
60
20
3295
1
143
8
2028
156
461
449
109
207
66
38
205
482
185
1
45
62
18
28
68
861
378
4
4052
1457
55
51
3402
191
25
267
2767
105
92
713
1594
422
22
36
553
124
252
479
3295
2791
1747
753
328
762
21
1523
349
19
192
3192
1627
826
162
221
155
166
121
3
54
81
148
74
5629
68
240
68
339
86
218
76
322
1
491
644
4919
16
5
10
2377
47
2022
50
2
97
161
9454
100
47
654
5285
749
268
380
206
101
114
805
9
21
23
12
263
4
68
135
42
56
29
851
85
1897
1573
16
14
448
103
2126
193
46
102
85
15734
173
23
187
2397
1203
4527
23
102
4731
311
3661
786
149
302
138
196
48
154
232
7909
1288
56089
864
324
16
287
44
115
26
270
89
1315
73
14699
62
253
35
385
29
109
118
55
317
4
12
28
42
867
403
182
54
109
52
81
1
1
9
162
8023
2650
407
150
1131
206
42
2702
1
270
37
436
111
223
31
105
28
915
119
841
590
2360
27
1083
223
3122
179
16
1046
1622
42
89
57
151
28
1049
93
78
165
6
1495
407
22
235
534
85
64
32
2571
8
60
60
15
2564
3563
7
120
3
166
10051
3117
10
32
534
655
49
1516
122
230
1
19607
226
121
173
1870
4270
3
594
613
3
319
375
1167
110
2824
41386
694
238
1310
43
2514
507
12
281
50
315
12974
12
244
51
1
967
1
1
1
6
10
1
31236
167
1752
5933
153
116
84
2761
415
255
46
62
1375
9
24
78
36
111
688
231
37
98
165
44
78
85
62
830
5
637
4
25
11
765
11
187
68
37
701
648
1466
51
291
205
2927
68
11
192
160
476
2
636
221
646
1
1
1666
1
29
30
3828
212
5625
32
138
420
2881
71
45
695
39
267
21
5974
138
440
924
129
6
13
763
1
532
106
9
1
18
196
424
814
2934
552
272
10
85
103
57
61
146
113
24
79
5928
2700
22383
249
460
679
11
90
961
7
19
9174
480
657
35967
1
16
31
33
11
187
100
167
2704
1495
946
5
176
928
23
2216
492
176
92
773
63
61
582
161
57
1
4
594
797
31
33
147
9
59364
1765
48
1526
131
2
1
33
1893
528
3891
1585
12
6912
1009
27
1354
698
1598
451
1306
61
207
926
55
2
66
9
44
49
13
122
61
762
1189
147
7
33
5801
7
29
130
56
32
379
141
100
375
282
414
29
526
67
329
627
3
6877
770
4506
180
2266
176
214
420
3562
10
118
5
8
11
32
7611
425
165
119
145
91079
1631
39
24
114
415
714
109
8
4
2430
687
43
135
2085
1583
1
28
30
27
14
2973
383
8151
59
559
397
135
218
36
1142
312
83
127
43
65
7
10
2775
833
456
16
1
14
101
39
181
266
199
535
292
15
194
6
265
99
2023
261
6
51
330
593
154
711
9
35
138
19
45
28
298
972
74
1
332
465
155
53
343
8
820
12
32
13
32
24
59
19
31
61
2062
37
30
12
540
93
502
323
29
56
274
119
122
147
5
306
9
34
8473
18
32
1163
22
386
133
4
44
129
591
2101
917
23
6352
222
639
14895
10692
97
59
343
775
88221
20
43
92
24
104
228
2
751
22
135
124
11525
193
16
727
42
70
38
86
13
34
196
3405
1621
54
15
49
64
27
1
731
209
41
70
44
1
50
13
46
597
83
50737
310
1917
2689
51814
13
14
10
25
16
52
109
23096
799
282
601
936
910
766
306
128
2
438
26
4
385
1081
12
61
37
67
210
972
22543
4
14072
29
1
35
343
4
1
9145
870
322
1307
359
167
289
18
4490
455
2
54
728
301
103
340
12
364
47
1029
225
1
25
4
406
31
20
161
98
382
11
13
146
86
27
17
3564
70
5
267
30
4376
101
167
1043
1136
7
31
51
7
115
119
6
227
23
5189
844
2151
33041
40
5
1
32
1
281
40
371
10
351
31
159
81
153
327
68
1919
1
1
176
2
131
49864
140
18189
40
1308
72
150
2357
153
66
897
15
158
23
119
552
49
28
5603
208
36876
24
45
13
4897
19
23
17
46
165
324
1
3
369
796
11
113
254
40
5036
40120
40
4
288
94
33
670
399
336
2150
17
1
1810
206
248
330
101
1107
16
26
420
571
275
4986
118
179
702
79
50
27
22192
52
81
43
93
271
172
1000
316
7
7724
45
3481
55
31
19442
2248
60
55
739
52
59
2972
1666
523
34342
132
284
2224
718
170
160
25
373
63
30
952
39
42
210
462
1362
505
93
17
583
158
17
288
1949
65
114
254
297
1114
9
22
121
19
749
12
6562
1356
1865
610
31
803
4150
905
176
1982
1306
135
35
874
11254
560
691
1
179
77
1434
39
10
69
81
26
14
383
56
74
93
79
4425
827
3
13210
128
5453
739
22
33
48
1469
754
92
10
515
15
339
71
13
25
616
4101
98964
173
38
2171
1986
176
369
42
20054
95
386
427
55
36
112
2964
1531
2981
21
96
680
3381
1025
208
87
83
449
50
171
540
1050
2318
7
119
3
1219
1344
2350
573
21
22
8
755
15466
311
43
259
151
1043
10
46
34
312
544
2947
221
38
51
4583
56
6
286
4
3296
329
20458
255934
99
53
342
51
13855
301
23
29
81
90
346
292
1141
144
8
80
26
109
1
6
43
2944
84
20
52
1748
44
67
182
104
11
4542
26
13
967
141
399
76
20
3
47
1
8073
55
57
136
1140
141
10
925
26456
2617
100
4451
3480
28
19
10230
19
89
364
717
95
108
225
817
599
27
188
754
21
7903
277
235
55
881
347
332
10
10
16
126
25270
7
62
9
68
6
10
384
1
153
5281
657
460
459
46
296
9
482
174
13
393
38
30
99
65
1761
1534
8516
52
7909
1541
30
277
4
34
631
440
41
1
1961
173
297
3339
6750
45
38
41
34
562
17
21355
204
119
2512
526
562
1933
1637
884
14
23
72
216
7832
227
277
21
1553
1
1585
333
589
18
4
420
194
13
2
111
8
101
79
54
92
49
15
39
3
425
125
73
147
1739
18110
257
49
117
152
2845
132
3190
4471
2622
118
669
680
36
228
2
8
28539
995
118
271
708
55
1709
141
1912
569
621
1
196
33
502
380
138
55
43
17
7
615
46
10987
102
29
35
46
2
9
951
143
12
173
268
1018
137
43
10
53
4
712
2239
23944
10
568
7
404
45
14
27
5
266
2130
142
893
49
29
1067
235
286085
662
30
1209
117
323
46
1138
14
3
6229
217
1502
722
370
5
339
157
68
68
6
114
142
10
31
81
1
20
220
16
138
1
63
50
8
371
138
348
44231
84
137
38413
12
4968
53
1
93
57
163
4
43
1013
5113
2734
41
725
146
6054
11337
20
76
3435
591
338
606
1182
7703
244
924
45
13
376
106
65880
18
53
358
237443
632
9
13345
427
9
4480
677
13335
2
25
245
4
3199
1325
339
189
184
519
925
9464
74
121
309
8
306
17
4
1
3012
1286
63
339
13063
2995
637
3088
1
107
1924
29178
652
82
41594
21
436
3889
15738
423
1062
39
2184
1883
6
1314
27
60
419
1519
1386
15
64
42
236
63
215
2713
1
800
332
1345
54
14
727
37
696
1
205
515
4
121
32
859
2606
4783
10
1048
490
11
249
20
7
4981
795
216
147
184
135
698
1
141
70
22
517
25
25
134
18
2054
86
20
21180
4432
5153
313
43
549
82
1129
4581
1
110
4007
61
1412
26
88
1381
18
380
3
61
647
41
1050
362
1582
2315
24810
40
36558
56
39
41
206
65
715
236
9
88
1283
2713
297
5
85
102
276
104
130
156
44
4
9
663
6968
634
1084
6130
952
419
83
297
24
5
36
7
145
45
1339
17
2115
98
14
34
210
105
236
506
47
8
2385
548
532
1401
6
76
6
346
136
3684
62
23
4
113
1912
40
166
248
160
32
2
1554
5506
10
4484
1
2
25
4489
7
131
9
14
8
162
4
80
13
104
74
433
17
452
4
5050
2066
5593
100
7
1086
8
194
83
2767
580
1524
1397
12
2729
40
10251
1
939
590
11620
818
282
1
6
35
1057
5329
406
20
41
78
892
64
5072
1443
146
58
51
24
1440
28
6
891
1
6
2257
21700
444
836
2186
197
2594
52
20
267
13029
109
235
244
115
324
70
270
56
435
6
346
414
22
6
19
42
107
878
216
73
3
335
30
6761
356
360
1507
31
9703
108
198
41
464
3084
265
22
94
12469
165
50
21
145
97
683
864
4578
132
178
11
811
137
125
1985
4
41
976
1
4
154
226
38
105
60
215
1
10
914
39
851
25
9
135
6
10
54
38
571
124178
556
6060
579
227
23
32
866
14
19
1967
1529
27
5
5
1
1
4
9
6
38
22
7
16
9
537
1
27681
1622
82
4745
138
49
1303
141
70
7
11
25651
54
827
2830
18
1231
794
17
168
104
102
28
42
152
51
2412
54
870
5
2927
26
425
16
5910
90
25070
1
22
57
139
108
5
61
131
470
14978
79
59
2
16
22
155
507
67
87
81
98
90
4
1326
723
5
1121
29
2
32
5
631
8
40
410
412
1020
10
13107
85
40
4498
526
3991
27769
81
105
1
830
1024
43
136
47
3
668
2696
22
120
520
70
203
19
39
108
8583
142
48
1016
19
43
8
121
34
41
3791
2125
69
5515
94
103473
30
190
37
955
327
1
9
295
56
659
18
32
28
16
474
2527
188
446
507
168
24
145
4206
1254
38
372
47
26
171
197
347
4171
3163
30
626
2542
2124
62
40
1870
532
1
1126
43137
15
618
189
471
3562
17204
512
16
120
203
10
25
13
727
37
2461
446
130
241
59
126
83
1249
4
230
71
397
691
27
143
689
140
3185
579
104
925
1
34
155
200
44
118
19
12
11
332
71
4
39
2855
291
557
192
32
330
19
62
617
549
1282
771
115
42
515
168
718
65
19
13
1163
825
141
1
2812
4
3
64
19
53
281
250
147
251
701
10
152
1
1514
27
3583
679
138
64
84
1640
1490
1
138
2621
2655
323
159
169
36
41
1
143
2157
13
43
123
8
154
50
20
8188
154
1935
74
33
46
525
15144
1063
61
209
101
1913
24
3
4
201
605
74
201
164
794
18758
127
78
44
1706
60
1196
7
1
64
264
197
47
172
136
133
26
13464
70
32
90
206
83
2923
97
165
6
97
221
4223
160
10397
358
15
257
578
32
7
345
30
2488
316
2298
1648
54
1
5
206
335
123
283
117
11472
90
411
2319
541
838
188
265
286
263
2603
16
1
48
56
50
170
130
41
967
295
20
93
426
2231
8
151
984
43
1070
42
942
606
6
4607
40
200
246
94
76
317
240
57
1213
10
411
6237
4191
945
22
272
17
1668
1670
38
262
52
568
3611
410
24191
117
351
2453
131
74
148
96
438
22
6
117
181
5
9
1671
7
5
151
8
49
466
142
14
5293
11746
84
87
1
73
1
1
7
55
10500
536
1063
5475
422
145
156
1529
20
157
161
221
4055
13
31091
7
24
137
9
103
489
27082
348
117
892
63
2523
28
1378
278
50
3428
29
7093
6381
53
37013
162
21
51
73
910
6
42
33
124
33
44
120
4475
259
9
60
49
23422
38
40
46
335
49
3
1459
739
1539
454
327
39
504
336
554
14
14
424
626
65
1170
8478
1355
273
132
16
511
5
31
6
39
257
30
255
8
5231
338
21157
34
37
1033
114
1360
5
90
1970
707
123
64
203
712
618
202
116
23
123
71
245
65
31
28
13
91
1
195
34
16311
403
128
471
1
214
54
504
13
261
403
65
78
777
7
585
18
37
48
235
1984
151
452
3106
85
327
2913
1138
224
2583
3
16
11
395
14
391
380
145
234
124
1436
338
355
1811
145
95
54
4315
316
426
1990
39
322
32
55
7
129
1
67
424
74
36
51
541
19
516
179
60
497
17036
296
3675
4020
520
6
208
2738
20
1
12
46
19
16
1361
634
178
40
95
128
293
243
1
5
193
42
15658
43
7
88
431
2175
47
61
81
437
231
240
87
335
12
1
39
104
158
151
874
276
831
73
8
66
16
323
10217
2169
82
76
88
371
29
192
527
390
2
141
111
734
275
128
219
74
61
12
7731
3701
38850
555
14
2010
120
109
136
71
11
45
550
9
440
3492
92
24
1040
12
824
731
117
126
599
77
43
373
13855
4
1460
135
337
108
34
19
49
367
1
1
5
668
27
12
953
3665
36284
207
624
1
79
72
17
34
37
3593
204
618
41
8
545
46
232
7
334
178
29
800
8
91
8
3820
5
221
1341
38
236
877
37
280
101
12
593
6173
693
33175
926
335
1071
128
475
72
68
75
25
540
1476
1334
30
37
136
7
15
5187
33
12
25
1
10
124
25157
1667
84
328
154
50
92
365
1136
374
114
89
652
73
5638
40
1359
292
52
33
23
133
648
39
122
3
15034
13261
3
1846
8
2173
546
113
130
932
360
86
82
23
58
628
42
266
1132
1769
128
65
22
21
14
146
71
267
25
233
93
4
10
1
410
31
285
94
63
2786
55
30
815
133
89
1279
758
9
56
817
188
207
123
103
86
32
1894
1
41
21
78
137
254
371
15
368
16
374
1063
43229
45
412
537
291
49
9
388
142
30
1
13
1
72
561
90
73
38
149
80
113
44
823
76
328
6385
209
6
13
367
118
3
7419
20
104
4
625
351
179
9
13152
101
5
1992
22
2984
132
272
1
46
8
6
4
42
118
51
3762
1532
360
567
1
10580
86
12416
74
1
1753
41
1361
56
3
1
77
831
10
1898
14
11
116
244
29
125
67
19
314
141
134
139
9389
935
12
133
9291
640
198
50
124
43
124
643
254
98
137
46
1
47
12
1
223
29
17
11
26
291
32
120
53
570
95
267
73
786
264
497
656
64875
7
425
233
516
3
68
10
1253
35
814
568
2443
1144
46930
3
1282
31
8
32
4476
6
27
1433
2
451
181
2
374
190
16
49
117
92
2
56
1
134
2
20
788
117
5
799
176
699
3
516
188
807
1312
10
105
1629
450
113
25
10
100
1921
11
123
59
2
809
11
31
47
34
28
611
1288
138
192
149
70
88
43
43
7
786
43
35
9
2
33
122
900
42
34
516
792
418
2
59
403
10
304
711
155
267
566
3152
158
29
72
729
43
3424
483
171
415
28
30
24
1
15
64
503
1
14
205
4
1684
14
7
93
605
153
230
12
4
2832
312
115
136
47
19
24
92
624
2187
9
1512
17
239
93
75
43
2535
2946
16
5
36
20
16
112
58
52
2311
2120
210
117
300
15
714
28324
316
93
39
10
880
3
83
602
690
90
87
203
122
309
3190
30
1152
67
38
3205
65
653
3262
128
2092
35
98
2041
28
460
697
5745
769
114
1135
4
104
547
44
3113
191
919
371
446
710
1
19573
588
49
112
449
95
22
123
39
21
5
412
12
134
4215
11
79
24
222
18
154
210
24
12
97
17
9
3330
143
240
21
72
62
3
3042
20
1152
21
16
14
26
4738
78
12
221
2512
579
2076
1282
444
1111
903
115
45
654
46155
116
628
3
552
44
222
4997
3
217
46285
29
70
114
44
9685
63
89
78
7
23
44
23
39
123
6
4456
93
357
131
486
341
407
126
10
1858
119
26
259
5791
1132
57
88
77
39
140
92
29
1
225
444
1429
31
40
266
279
31
330
9
22
3650
192
197
97
102
935
204
200
4942
106
718
251
14
5
3
14
146
507
559
51
240
106
270
1
713
968
289
69
261
1058
4421
35
57
396
39
214
9
16
142
21
11
63
261
323
14
814
2471
5
208
18
3
38
1385
9144
76
182
457
753
25
201
8
2047
10
197
16
265
114
298
100
1147
818
16129
1449
1013
574
453
73
3
195
144
264
1002
94
109
149
162
54
1
94
2245
337
592
32697
895
173
191
400
73
44165
1006
50
1700
744
147
38
195
486
40
46
9
9
60
98
18
97
397
1
6
87
343
13
15
60
8
1
116
1
253
8
63
159
82
6035
240
2054
390
1029
8
347
46
38
276
499
110
1149
141
211
11
45
424
467
40
2395
2692
189
612
4
1
562
242
240
136
155
231
98
20
14
182
86
680
49
128
215
22804
8
186
303
4230
116
51
1
40
1
334
35064
35
316
68
81
17
3
327
2491
48
109
1062
1
18817
803
1426
1536
3152
12
6
1186
1400
1193
15
1801
91
3
64
99
220
107
624
33
21
10
517
25
12
33
44
38
16
157
16
432
53
542
575
861
11
235
1322
48
42546
56
767
7
4
1424
30
33
1325
74
11
54
131
85
346
10
1268
199
472
146
545
641
3
34
156
59
112
331
283
527
1
31
119
1752
251
19
1
45
939
772
865
426
675
513
37
11
1150
182
7
196
32
24
286
2581
353
18
205
26
19
1
17
30
10
65
362
352
40
46
151
103
7102
43
29
37
37
257
6344
51
69
910
653
2772
743
208
43
33018
59
319
683
60
11736
31
466
54
75
438
177
20
27
919
126
263
1287
200
35
447
197
196
34
43
33
2231
1882
256
1
1201
2
607
6
19195
42001
5
10
173
19
2524
9928
36
16
90
4
174
1849
2625
24
17
7672
2739
108
13610
1961
173
98
283
24
792
39
84
490
14
357
92
13
99
2011
117
50
81
1
1185
378
76
271
757
80
3
2337
138
1781
10413
190
159
780
25891
7
204
1264
6
132
1067
117
20
17
9
55
97
298
82
52
2104
41
9021
261
232
1426
1
313
47
50
2
74
33
20
748
103
294
6
42
4438
233
75
223
91
3676
148
129
27
27419
2363
83
279
1329
3615
63
36
50
382
408
276
1019
4
2
12
2916
5727
8
144
5
904
8817
762
56
105
384
744
8
30
28
960
78
12
272
23
784
528
1724
130
4731
1
203
300
796
8
811
66
27970
642
156
184
1386
168
19325
167
110
7416
118
500
19
109
66
8
387
2
1143
233
210
281
364
24
209
1
5
5
1
199
886
59
21484
78
10207
15
211
126
2
47
314
13
713
1189
340
1318
2451
1824
162
932
11
7365
126
153
20008
78
536
67
27991
833
14741
803
307
1
33
149
149
637
834
518
45
9
23
49
2
419
172
1691
7186
331
10686
516
18
1918
465
14
25
31
1
1
3458
48
210
2420
85
40
1461
39
2213
82
104
374
70
91
12
40
3829
11
187
41
888
60
100
3120
17
1367
52
1587
349
3
731
5360
29
469
63
4
25
571
99
149
15
1355
22
286
16
175
31072
34
15
446
282
5
46
115
787
499
146
359
55
968
388
138
41183
15
47
120
2458
305
9
63
99
38
637
55
22
13
63
797
3
67
6347
253
271
2861
396
26
77
5528
8
589
328
1165
5937
1617
15
1
835
52
10980
11
57
283
283
283
17
14
12
20
97
2
10
5990
78
11
70
12
69
46
145
19282
1232
130
26
73
768
19844
3
116
69
37
777
325
215
109
31
174
134
65
126
75
17
123
3983
25
505
1
35
120
926
60
3120
2265
62
8803
19
187
673
300
327
350
237
69
22
79
1214
60
37
259
13
5
61
8378
1321
45
44
14
899
2117
57
3320
12
405
24
20
262
4252
222
14
18
540
75
45
24
30
41
45749
1395
294
614
22
55
91
46
302
156
72
667
8168
1219
4998
1463
820
160
14
503
2188
22
17
521
182
38
179
616
316
55
16
61
317
1288
124
41
6
854
73
11
38
86
36
2413
106
14
310
42
25
128
206
7
1717
1
6
375
1275
28
432
1161
1345
4
4587
32
354
43
123
2354
95
971
344
779
523
23
125
2
31
45
1119
2206
1027
9
15
10
21319
484
911
141
106
58
69
429
125
26
8
1
70
175
8
8
28
66
229
1431
884
554
4288
404
25
4899
2036
156
1694
2126
1
156
82
322
13
3
1683
5290
14
10
206
3
1051
2342
18
1
1337
17
99
56
60
1160
67
59
525
20707
17
57
46
53
104
100
6
22
1363
218
856
9
16
207
82
460
86
98
23
36
57369
938
64
34
447
129
315
274
212
146388
288
59
312
82
1300
30
712
96
40
34
54
15
58
350
247
278
5
620
42
99
59
6
59
129
87
413
153
737
599
86
20051
6
9243
78
4922
132
1
86
836
552
1499
34
14
2507
2085
332
285
292
249
1709
408
328
484
1
752
1
16
2
67
1
34
17
1415
6403
8
17
1
51
160
464
22
126
44
171
2013
20
341
2045
2504
89
7982
1739
199
525
991
2223
4307
136
641
784
3277
133
6
408
3
1090
988
35
2
283
51
6
197
693
15
10
267
78
1188
39
36
17
6
3
211
266
154
123
136
55
2533
2299
245
411
17
13
2
3
940
26
28
17
230
11
5
31043
1386
376
234
12
5459
2
293
65
52
167
406
1529
94
5
70
400
83
42
37
19
46
97
5625
92
9
17862
855
39
81
236
3044
116
911
5
24
14
209
46
15826
1
205
61
9
37
55
51
82
22
2
530
118
462
594
15
41
7
22
416
120
55401
972
380
22680
135
5410
241
152
16
1434
245
32
11
278
45
24178
1381
2895
169
67
284
315
687
59
59
26
56
2124
1581
14949
400
2
14
81
56241
24
129
9153
1064
34
1044
2132
33
26
869
1746
1330
9
926
354
1840
1814
234
203
481
1447
2857
58041
1280
15
52
11
253
90
155
2574
52
23
11059
30
8
38369
38
11
15
84
94
90
177
181
40
232
36
14
10
8
31
125
31
632
1688
68
18
122
40
74
26
49
133
5
746
9
46
107
7
20
239
34
625
302
15
11
421
105
1261
4113
1
32
5
447
68
14
18
264
134
106
13336
8
56
35
109
52
63
41
41
81
533
317
144
34
712
93
125
105
268
187
26
31
2690
52
13
2
10
9
305
18
50
111
28
40
72
13
16
1
2203
20
1393
2
175
868
293
426
151
17
640
5647
31525
386
3851
54
42
11
1603
267
109
50
1
5
150
11
62
1278
358
695
128
174
35
2481
125
109
46223
137
176
46
194
22
1717
35
781
20
69
256
46
91
4416
57
7697
1043
296
20
581
957
63506
1
500
16
149
37
17
63
259
375
1816
213
16
33
5
1161
50
97
29
209
8960
119
1357
529
76
212
1
94
189
18652
54
44
125
7297
65
235
324
63
188
10
24
31
906
113
1
251
1
193
409
161
163
122
416
263
5
57
1
269
3798
293
51
11
321
72
589
176
15
90
3537
1028
2486
104
204
9
2662
3
88
12
27
125
2518
44
48
26
12
250
61
4653
4
153
12
4263
3
16
212
48
3675
1
2281
892
998
835
1430
37
1819
66
15
1023
25
178
201
15
13
33
23
33
548
1
350
8
56
10
693
69
76
184
7336
314
777
82
395
220
548
323
7107
20
157
26
10
7
5
225
453
32
1
16
27
4
2867
36
275
433
11
90
13
27
44
381
68
280
40
54
26
1
35
283
7986
15
1170
1698
57
41
525
40
12
135
6
92
1
1847
22
674
13
709
34
181
96
47
8990
513
2945
4841
83
87
25
52
29
194
3
81
7
51
15
32
116
12
127
13
1056
126
200
12
7
88
12
1077
66
2471
32
147
474
252
9396
28
25
24
1061
9
3136
198
257
185
410
104
344
228
99
5
1533
117
1889
1
336
563
1057
165
9
120
75
57
90
1
66
36
2444
7
145
198
19
104
18
2558
4732
466
11
72
1488
25937
1873
6
1492
87
92
3
18
51
2464
285
1968
2465
945
8
10
15
21
22
1224
26
179
333
41
40
119
1673
8
105
182
182
44
36
896
86
1026
168
476
8
863
3609
3659
10
41
124
4
2
3648
127
243
13
132
502
801
2843
666
158
4
1
682
77
67
994
21
5
4944
13
2
205
291
844
13827
228
193
11
22
184
2046
37
11
534
248
175
7870
55
142
314
733
439
1246
369
48
24
34
7
64
4281
631
53
60
2
7
47
81
225
145
131
11
51
35
5
3121
128
31
11
75
1
17054
107
95
40
29
182
175
605
629
373
4140
216
111
23
23
160
13
31
5
9894
77
330
24
11
1
18
425
6
13
40
50
717
34
24
2
9
74
508
40
1
685
202
82
450
1685
72
1
4
45
5189
111
14
12907
114
26
21
445
111
20
1
20
393
24
45
2
9
325
6
174
25
9
73
649
501
2
166
32
11
56
45
2
126
41
409
1241
75
6
3
215
1418
380
649
24
79
61
160
80
232
124
19
207
13
5
46
288
624
384
204
4
1195
5261
85
153
120
5854
1
32
331
135
11
9
17
17
13
1
198
10
97
11
18
96
191
6
139
2
1
561
296
3883
636
3779
183
110
345
29
384
7
138
8889
3994
4
271
110
97
1237
792
310
140
2118
42
12
55
24
41
606
111
38
31456
3
43
25
53
12
24
13
44
1559
9
425
918
35
717
17
59
50
43
1094
4259
14740
379
1770
35
41
2025
20
47
355
132
4028
16
9072
5829
86
64
62
1586
87
198
236
3726
354
148
656
18
52
40
144
85
40
315
60
11
468
25
6478
60
579
15
361
371
68
467
99
42
43
160
758
204
346
14
90
183
377
1086
1573
145
525
287
248
212
59
9
207
428
361
3622
146
43
272
8816
27
37
32
411
98
57
5
9158
194
4843
539
410
1065
58
63
311
363
1
1
1
113
23
524
42
71
518
57
91
310
191
624
357
2
13
83
1
210
24
1052
862
31
2
235
54
64
533
28
1223
77
16
43
1084
6
9
10
65
14
5
71
22
10
204
1082
1
47
512
4044
2
17
78
45
155
434
6
361
114
993
12
181
20
703
53
884
1097
5383
301
22
650
19
49
76
268
1897
971
9612
58
87
1829
51
861
1
28
19
112
65
10
1
2252
17
1
398
5610
6
159
8
60
76
40
16
5
73
18
1
32
145
86
397
395
113
34
245
93
28
7
262
11
14
20
1580
810
68
576
25
230
4
56
2
8
7
41
42
294
305
185
582
304
280
52
31
7675
162
31
1
29
364
163
79
1
32
57
19
1
