4
8
2
69
3
20
655
11
8744
7
39
15
11
68
40
94
1
327
25
1
572
2
47
32
64
11
49
12
98
7
105
256
14
96
4
36
400
62
30
142
5
2
111
28
299
11
28
17
5
7
2
11
46
8
12
7
2686
9
21
1
13
27
21
9
329
2
26
64
276
13
9
58
13
106
22
9
65
101
5
21
67
170
26
104
6
68
358
9
9
11
3
1
14
22
35
66
602
186
4
71
112
148
41
67
11
5
7
2
1
11
1
55
3
429
52
9
7
31
57
9
19
1
6
9
356
1
23
4
4
16
1
41
1
32
13
1
6
1
2
372
45
9
100
12
554
16
1
1
137
6
4
24
4
47
234
10
30
1
1
1
26
12
185
18
6
5
9
11
39
60
44
9
58
24
84
18
51
10
20
6
113
402
18
37
6
4
2
1
3
2
7
10
41
24
6
9
1
10
6
116
32
3
7
82
2
24
12
34
9
36
8
67
37
17
4
1
8
33
16
128
8
28
5
3
24
37
12
34
275
14
7
10
42
104
60
40
1
7
35
1
50
9
10
366
2
215
20
6
164
46
9
134
548
11
26
1
43
11
1
7
280
1
21
617
59
22
176
271
8
9
14
24
12
13
84
1
18
69
42
4
80
40
31
39
5
237
16
32
2
59
230
79
11
60
5
71
1
149
17
22
6
9
526
37
56
93
14
26
1
21
8
4
4
31
1
10
3
30
17
1
22
1
5
5
9
149
4
2
264
120
170
21
10
527
1
36
5
120
16
30
16
48
38
67
7
114
1262
9
1
44
27
123
39
1
5
1147
11
39
31
1
155
93
10
20
229
44
6
277
3
10
10
172
15
93
8
2
2
51
16
42
11
125
3
1
26
3
17
50
66
4
40
3
3
27
35
3
1
3
10
44
10
10
8
6
21
3
9
280
10
1
24
2
11
2102
19
40
149
30
9
22
18
11
12
11
26
7
227
6
8
21
158
6
91
26
1
38
1
1
1
43
3
56
475
145
6
12
9
65
1
11
11
144
44
6
4
7
28
9
24
92
56
46
59
43
12
226
24
42
3
61
1
11
40
51
87
1
3
9
77
39
43
52
19
21
14
4350
73
93
9
