6
1618
10
1108
482
1772
408
611
998
369
169
182
54
6297
1273
27
682
251
7183
92
1768
17
525
373
29
128
106
570
6516
317
20
93
943
379
500
215
2841
3701
662
1732
456
116
223
229
2232
34
151
1316
1060
1685
118
436
679
252
177
266
270
984
1692
62
735
2320
45
911
524
160
1268
210
2829
47
606
1090
582
401
551
1002
139
334
498
125
59
220
757
96
39
37
109
376
1
17
1778
239
947
331
477
1289
714
258
77
1
2001
3
107
370
563
2562
14
476
31
735
201
327
27
357
93
5033
3270
194
1990
12
106
937
955
2183
114
736
910
427
2332
27
392
353
939
130
282
129
2012
6102
303
1113
484
149
76
481
936
2833
637
734
3608
8800
2788
912
3177
969
282
1965
1820
488
2539
1159
1609
529
362
771
315
3403
52
1507
9
5976
1086
8041
12
12
7620
838
1530
349
1113
1055
925
5575
3014
38
3291
318
382
1137
1428
784
1635
131
147
1987
119
5804
5
122
6167
239
4423
3049
1658
5804
1501
2611
975
1704
1189
1551
1466
545
1866
1970
252
38
80
99
6261
646
673
1638
523
2778
1072
2107
1668
1091
605
1112
631
1787
1162
465
1007
1371
235
464
6234
996
1119
1301
1272
1285
98
1040
2777
2321
82
11
2380
583
1011
163
3493
26
173
229
2317
4339
60
775
1333
1842
50
1308
3213
2557
287
1610
1246
71
310
493
42
129
2479
2
297
2902
1647
170
1075
2389
2402
268
2198
298
13
173
143
31
2953
990
7
1296
874
1323
1351
57
3096
1246
712
614
1055
475
778
75
5
1624
1889
1753
57
1979
3463
472
22
577
179
33
1
374
158
57
193
657
343
2910
84
797
2422
79
14
434
188
46
302
100
87
484
15
1294
2855
686
118
20
196
483
408
14
437
681
872
6
131
141
693
7
193
874
1168
1867
181
180
2445
68
33
363
324
1119
22
1318
1116
2440
36
446
630
2687
209
214
113
2698
947
315
145
215
1089
246
111
932
745
1374
161
4256
4014
75
710
2557
1282
693
451
582
2209
286
6707
294
16
469
1633
116
524
1563
859
233
4237
12
82
127
16560
187
1182
30
765
4336
1876
1633
1009
1392
592
225
1537
670
11
632
2163
1048
144
34
604
238
9916
4166
302
2565
495
473
460
910
434
305
2005
673
342
1013
541
156
415
890
477
560
1243
303
1571
3533
4946
1531
761
319
98
725
455
401
121
236
31
545
29287
96
122
114
113
1103
76
770
5224
2669
260
437
9882
718
1135
8665
926
791
64
3681
1352
565
324
14381
128
1008
16362
1100
3379
1217
573
379
2200
56
2807
174
735
455
1754
2012
328
1461
886
188
174
273
128
414
174
2934
63
680
1760
741
1457
632
4364
112
45
459
323
366
183
390
2613
657
1235
4879
407
135
15
7962
1581
13
1566
20
1707
1514
204
26
68
2186
931
995
3024
102
508
8
1311
379
4540
333
1623
538
499
1470
48
12
593
2273
69
6417
7
2306
152
1886
187
3351
1876
753
945
1130
203
622
183
1133
501
4901
558
103
4431
750
213
112
677
737
118
1264
5223
606
234
1209
4
162
943
708
426
529
1905
1131
3499
173
177
183
89
2093
237
705
283
243
807
175
51
32
109
107
2903
349
870
27
1123
1620
540
3100
3767
6959
2131
1526
79
271
1608
1112
301
363
1217
262
3190
1639
2826
3094
3426
659
1604
1159
7923
2032
2802
1429
2389
4208
1655
476
1308
862
2147
37
2569
104
1676
125
93
1054
853
68
1
288
114
1324
1334
574
1573
2042
611
78
43
70
113
51
124
1340
10
584
1020
171
2764
3142
1506
557
2153
327
241
303
4225
45
1957
11
867
336
90
1275
531
2738
1118
338
882
407
6387
449
4094
1460
45
227
2535
2085
3825
1091
927
2780
830
3346
344
1752
117
300
96
646
7851
739
2921
499
21
1714
11060
5183
1182
6110
700
88
54
3223
112
480
2404
65
232
4144
1343
6
1023
583
214
89
99
415
2663
35
60
347
495
530
177
226
31
308
1831
14745
884
440
882
305
269
4
4109
820
1029
2000
1035
540
2036
2329
622
875
1539
1820
406
564
8697
1198
488
558
813
1263
2360
15
541
85
3
88
285
27
948
4109
561
233
107
63
3
117
206
2513
1324
73
584
698
264
714
290
208
88
3732
1937
425
3748
135
33
388
155
396
2536
1191
5206
642
2977
68
3224
196
347
2176
12989
1529
994
1270
1609
3021
88
68
2182
489
397
2269
315
367
610
91
29
2002
932
2132
2519
1678
2037
110
767
519
518
277
101
2671
440
810
720
326
1016
2011
87
1931
226
1226
632
1026
256
88
99
636
70
52
241
1161
16
109
629
2066
435
1025
1610
1146
1053
2829
304
299
1686
508
455
72
185
1147
294
2365
2194
1170
1157
2735
831
76
1
22
59
270
1740
22677
6829
8621
859
1020
76
613
281
13109
2120
36
2071
1190
263
87
2708
72
73
254
734
1019
474
138
1473
57
180
423
333
407
76
3614
207
273
385
2874
216
23
2307
176
58
265
411
333
493
8262
3345
1248
1616
423
854
397
196
660
32
3428
2273
29
5011
1661
1083
745
669
157
565
94
948
338
138
2554
1977
361
355
3453
1475
85
762
154
232
518
1200
586
378
199
343
1254
97
825
378
834
346
1
32
240
549
14457
1771
422
1760
40
1606
218
134
173
2832
174
128
320
4101
219
4291
2967
933
13803
143
2608
3660
1225
2166
338
26
517
625
87
652
3446
787
377
3212
397
2927
794
42
464
218
2290
17651
445
518
1407
1745
12
2952
23
232
2849
910
1913
13
270
1710
1985
1335
77
412
533
672
96
5125
758
117
1064
192
496
1419
789
2209
275
1728
601
745
62
671
3258
670
2327
1996
170
183
653
905
1607
2890
1455
464
366
480
121
1228
1056
1968
1320
165
2677
163
1561
314
3728
1070
757
295
1585
722
3903
1923
119
1193
3725
1216
163
362
2287
812
65
416
985
1
1156
333
314
5328
24
16
242
349
1584
292
100
55
1582
765
4809
868
706
689
2892
53
1
151
128
421
7
127
257
164
216
1299
42
183
4037
636
85
144
3276
1997
834
792
1799
28
1297
714
461
2804
81
726
319
406
181
422
1789
481
164
763
435
1601
837
140
3499
1091
4530
453
247
271
52
21
337
30
1222
809
67
1106
674
1452
2998
395
1326
3
1084
97
14495
333
2373
526
2160
1124
134
90
304
4923
379
233
1344
443
599
413
147
1305
3331
1174
8
1606
429
2761
372
6725
495
385
1040
2494
198
4764
20
3185
222
54
1800
584
18664
2090
1063
4004
26
201
127
1870
127
123
897
3365
433
19
296
461
850
138
598
33
1690
1776
25
690
446
238
125
576
7321
47424
164
5124
8
854
100
306
1613
5139
1972
74
570
861
157
1698
452
122
3639
497
828
13290
830
1875
562
165
161
603
275
216
1328
183
245
1904
952
277
111
79
151
517
345
424
252
400
25
511
88
401
7
285
2
3506
3400
1015
195
127
44
596
967
40
66
448
1117
904
527
108
3958
536
210
4569
528
3044
393
1401
1867
43
518
218
496
683
109
5890
151
1720
1010
228
412
1517
62
38
325
1444
5
1232
313
6103
3543
817
1280
439
868
330
505
1807
474
1352
1026
596
1299
722
2046
1310
5113
719
3411
581
532
4539
1011
3088
666
453
243
322
1651
439
2249
215
3271
1356
86
3427
1613
636
1390
1373
6830
1620
911
383
536
441
401
287
189
1967
4776
171
6023
1326
345
71
3776
2911
1289
2089
18
512
103
9
2164
95
3651
249
65
117
278
4012
2793
189
661
164
1252
1940
594
1769
2453
639
2651
163
93
5923
27
195
86
30
684
878
136
302
857
15145
152
74
63
1
292
701
2457
4822
34
830
439
225
1164
135
4707
436
9
1140
201
1
4852
2981
6754
1198
1523
1156
493
7163
1197
3597
685
180
80
1173
2507
13763
20427
144
912
80
1254
2861
220
2180
1358
342
647
1
28
5076
616
1745
4374
47
537
3959
523
2119
181
2571
2995
186
3828
77
44
2241
303
453
1307
1725
14
166
1578
590
469
238
8146
85
2799
65
379
1733
374
139
197
1642
479
2684
963
3186
447
1034
659
2932
16615
444
2542
495
29
440
4137
813
588
1458
1829
1743
83
381
121
253
347
8
1751
300
6
1101
1441
42
406
2
1008
1777
3000
854
948
107
104
1534
2645
2797
1687
615
1192
30
16107
465
1068
4966
15
74
1839
185
125
313
211
157
80
206
7
960
241
579
522
78
1623
3053
2539
313
904
616
29
1053
77
299
294
366
452
242
558
979
1577
219
1583
3036
3747
3424
609
521
186
3560
1760
2001
3387
441
471
279
212
1538
1574
151
5893
3028
413
1349
45
1546
6189
774
97
370
180
99
3381
951
623
260
657
44
23
1623
525
229
486
1328
4992
2569
1469
886
664
419
1042
2041
3405
394
395
735
508
6053
3275
277
151
2368
1199
780
249
370
6
1087
715
25169
3163
1314
113
1190
2906
1
1038
2328
846
89
233
215
104
433
102
51
265
131
525
257
8381
2004
6032
1702
1798
1753
451
13
304
1680
2424
1182
1984
75
218
214
213
5822
558
1847
285
2628
283
233
1163
683
5857
3658
230
139
9626
3265
8902
1022
111
212
4369
929
652
441
1768
3873
526
700
788
247
957
1450
911
1738
1895
1860
101
785
106
146
367
3694
3465
719
597
179
4198
1372
14
3946
367
1238
237
1871
3838
3164
1040
1563
7479
2223
1625
1865
12
53
5123
330
4177
34
430
2178
471
1081
268
1562
248
234
1189
1286
231
4
112
263
347
347
847
675
747
24196
717
646
69
376
306
4003
1061
2213
827
1155
2053
40
4229
859
94
135
729
133
286
1625
857
1647
3051
9
170
1840
1244
508
94
944
80
1429
1001
2909
1703
2908
45
419
4510
1808
1320
739
663
178
17
41
389
315
9
2908
989
273
3065
5
138
1639
53
1112
989
2154
20571
184
1221
151
2060
1200
513
322
147
1531
816
78
95
1356
846
565
22
377
142
1107
471
55
11462
2140
2161
689
244
2270
15342
2756
5744
2072
992
272
1110
1220
123
10
3480
76
753
339
2449
1951
870
299
450
539
398
1023
5512
890
994
34
114
1610
464
1658
439
151
30
7179
2427
1626
2764
1710
55
493
425
3139
721
2047
886
4
566
441
422
268
244
1095
145
236
767
718
2399
648
93
1068
291
65
2306
4399
19
853
790
1577
155
190
1265
1676
1529
76
1375
545
548
1404
591
1934
4279
513
302
548
221
1458
1035
13
1681
4485
762
2148
1951
876
322
306
1803
1023
158
8442
69
1238
510
2433
216
1051
8
1505
125
623
377
1208
6656
410
1222
32
570
1585
1990
2357
99
2007
139
4
631
146
2915
838
1138
111
335
108
33
471
824
63
293
1396
46
60
3011
820
22
674
36
862
569
199
63
32
688
464
365
747
372
173
81
815
1077
9984
2219
128
352
1227
743
2314
397
771
3974
5994
2606
2739
1807
1457
111
5913
2281
165
520
4693
123
2072
200
550
2869
3038
277
145
151
100
152
3649
4476
388
319
4931
1
1405
1128
9688
3551
1763
1717
1070
258
1130
3306
1126
107
1751
176
641
105
1187
122
174
339
1443
1507
179
1407
149
2104
111
758
410
2542
1004
663
1291
2582
55
76
265
165
2
589
52
1092
1675
2079
4140
204
461
1700
3948
619
876
473
1976
5053
2513
2000
284
69
262
1574
120
50
223
29
77
294
185
538
2525
146
66
777
133
1037
4410
288
654
891
171
28
502
771
2026
1794
167
87
319
101
124
58
508
115
12
177
1135
249
154
24
132
19479
233
560
280
77
310
94
85
1950
14
2212
3267
1010
260
322
5
614
1180
391
60
28597
844
214
1661
861
565
728
478
464
564
1951
8
1183
595
451
404
128
2228
523
666
967
856
408
15
4203
642
8701
214
4218
1145
716
3412
1868
281
75
825
4482
248
2591
160
87
2420
2452
307
141
1121
39
42
2610
427
3828
1539
2433
1574
582
2697
321
1038
43
4939
79
297
1209
1284
4148
4078
2
1389
591
436
419
325
1937
1684
6117
95
6368
458
1749
1355
636
3967
2735
124
55
3272
1611
204
1115
4650
45
262
389
1092
565
4277
420
168
1107
292
2572
25
818
3416
934
1015
130
28
2325
516
2784
290
256
4077
1555
2176
276
8
240
991
7011
41
652
402
716
309
30
1096
65
73
3998
1065
263
679
2348
227
341
152
5465
5145
389
2080
379
218
1171
2591
415
1424
4070
35
302
2701
445
2823
1086
6
8
7017
3772
2206
1460
38
91
916
1610
187
1731
38
2004
201
574
1055
1539
222
102
1782
223
2474
1313
2121
1051
663
2480
216
1602
218
1209
2162
14579
140
3880
403
1037
1497
7159
158
5348
493
902
14287
131
494
378
1026
425
55
1433
386
809
486
3417
1811
156
2324
1502
870
482
405
2119
33
1584
1316
136
1038
9
1799
55
1627
219
4216
499
486
883
2
89
1764
352
13266
109
21
122
29
73
4345
493
1966
1374
3
138
13820
3017
95
889
1556
1508
62
789
695
2587
483
1072
10294
1089
2106
1381
2761
1574
2014
1106
290
1010
201
130
665
1267
4366
732
78
28
179
558
42
1342
953
57
13633
572
3767
619
363
1618
4123
947
3809
335
1669
405
214
1144
581
449
4952
275
10151
2943
563
2511
4223
1626
312
1847
2119
651
3943
387
436
908
1096
5533
1495
1792
2781
1103
2754
527
1
131
410
1984
3055
1341
2408
537
1575
4258
52
2231
114
1071
247
2767
55
216
5404
671
72
3132
1884
384
1334
454
1
1653
2691
114
635
753
2875
3918
25
1791
1272
669
270
1124
402
415
5403
3368
59
288
491
770
134
5127
466
1495
856
272
54
886
1202
164
96
3226
658
1492
875
36
5513
1753
134
1042
371
534
561
4532
1793
445
45
1984
165
957
1247
2620
238
2484
1223
1826
36
478
1352
119
3939
15535
517
1616
625
317
186
125
1387
2479
2668
558
3884
1062
2567
580
3183
7
923
380
3118
3661
1507
905
32
83
142
2512
584
157
1925
58
147
626
1109
1048
9849
911
2533
55
775
1022
942
563
522
234
463
235
8
1286
3544
91
119
2393
7040
423
1397
328
846
78
464
329
286
55
143
266
1718
743
54
549
5577
1694
3603
838
4345
57
709
1266
934
89
1069
1475
21
198
39
1067
1681
1528
2074
1728
8696
1548
3022
384
855
1184
47
1883
496
4945
6921
62
3513
322
3601
1484
4253
1204
43
274
746
46
32
184
1838
3391
630
239
2662
6687
2346
227
2117
861
622
1625
1393
28
170
14
834
3406
2695
822
202
128
19
1840
2156
1125
487
1554
38
31439
228
347
1094
107
171
1148
1784
1031
3692
1551
1178
768
876
581
2242
407
3089
410
449
381
65
218
1304
48
57
393
2793
36
126
2266
1723
222
2115
727
468
770
2679
550
1325
2550
10138
85
357
2216
524
127
90
2492
838
200
1117
442
41
1823
1757
796
212
91
528
11
56
1762
166
2746
120
329
84
62
3355
20
483
1204
840
116
215
477
140
1698
23
17
432
163
3268
95
1057
314
69
2332
602
795
937
130
1242
282
45
736
353
55
3494
126
291
643
5
780
618
2137
101
5948
6271
563
185
4088
355
3143
2282
6884
2196
2317
154
1278
2582
2535
1713
107
936
3191
5
130
1266
128
13
3263
913
1697
11680
165
2725
2407
69
731
317
517
2582
126
32
69
31
76
338
813
1010
444
804
1801
259
529
1235
605
2005
1210
472
432
96
528
1044
297
7451
9065
733
47
281
34
116
2895
3410
1054
576
3263
505
4123
1651
896
466
260
469
418
1073
1882
3204
3450
320
1665
595
3
2176
5
2889
522
2959
223
406
968
109
2882
440
791
72
1010
2321
819
1469
288
64
486
907
1487
9
298
696
2994
1
860
875
93
1262
8247
129
319
1195
747
645
2319
252
3274
2272
48
577
1075
567
111
34
6
206
3271
1165
775
3055
122
1284
192
77
614
509
216
3154
238
28
1690
256
1666
831
9
515
959
22551
1510
949
68
1063
80
245
1112
242
6544
304
176
205
1069
1956
2991
1219
1423
2219
4533
849
4322
298
1245
1947
173
998
2680
2325
18
82
784
195
7
3050
16
129
1183
168
594
755
1077
302
105
34
806
1204
593
108
2676
24
4621
337
3503
42
12
771
389
8980
1579
2971
1878
68
230
3050
2746
835
4534
222
2498
881
858
4048
304
840
887
332
6635
248
1411
226
581
79
891
735
186
202
22
21
147
1639
561
2500
495
10
43
2667
1330
203
740
222
950
7195
45
194
1764
5223
123
1024
836
1034
293
935
1276
372
2073
411
1543
454
332
258
173
204
4738
255
349
247
112
1122
819
74
149
276
255
110
1531
158
964
168
1598
466
2696
406
140
68
186
2289
258
916
679
55
135
72
55
289
2702
1336
143
689
26
3198
2493
1226
1527
6184
28
2499
207
2539
1556
5242
354
1301
1844
150
352
5589
3999
1409
660
115
283
30
530
1188
115
189
11
596
156
292
457
924
359
4204
234
606
41
142
376
1017
492
1090
267
44
1665
6843
2118
24
399
223
236
688
858
2428
63
5933
1040
16
365
633
831
36
458
508
127
909
47
821
219
43
237
308
113
1095
382
6174
162
2666
22
40
5
1451
1234
1831
784
526
267
116
1486
118
652
4971
1129
1601
4911
127
61
1858
10
55
7219
4202
978
841
1234
262
2008
55
4306
59
2989
625
1405
833
190
55
304
531
11356
725
264
7472
6085
9
37
190
55
529
5524
1302
567
1021
136
1606
1648
123
83
67
21208
206
52
1166
52
6558
700
1685
226
10148
123
24
56
564
605
73
749
15
391
41
697
141
5441
586
1320
121
1043
240
4962
219
1330
3129
2571
44
437
40
91
705
42
99
444
1075
1521
486
119
185
227
1562
25
924
158
7134
1727
28
5916
958
251
163
1464
641
14
32
1055
174
616
2424
1617
625
101
695
725
3814
1040
393
753
282
244
90
1284
1104
990
1704
343
81
2003
315
13
1013
516
3675
498
2062
281
3048
216
305
287
304
138
533
172
925
57
76
175
1488
87
2426
3237
613
3803
2983
2141
127
221
457
310
1531
1876
41
689
771
496
4019
48
61
1594
253
1129
246
368
669
253
660
1186
1581
967
43
157
790
217
2
5228
344
26
153
288
2213
817
31
185
2679
212
1122
1701
237
151
1661
395
1812
186
144
5759
64
1347
1978
91
23
978
1483
1073
990
117
1362
108
328
1589
103
841
1152
850
1245
5063
311
406
253
935
92
547
644
656
662
3907
118
785
373
151
1
3114
991
81
276
321
124
1368
4063
362
155
1816
58
1307
1356
111
206
3823
5
1045
4663
1623
266
7759
409
699
101
13
1249
2893
201
1415
379
208
2802
4947
108
857
949
1236
2326
2631
178
919
80
3092
281
766
662
1296
1674
375
870
1215
105
1182
245
3777
55
400
422
28
2521
9
23
217
3190
88
71
5683
454
563
548
5804
285
4613
120
65
166
631
471
239
10291
2681
3390
407
565
2239
1221
1672
617
633
10580
1022
2885
974
2544
119
419
6807
275
3064
863
1038
897
718
13
35
1109
691
138
180
67
4564
988
1045
1419
541
3995
914
734
202
91
6509
357
8598
5786
622
203
1548
2630
590
1254
13
601
1004
6061
58
715
30
1456
2420
217
471
6256
338
5420
2454
289
75
725
963
428
206
1018
948
1
1766
31
1002
1
1663
5942
5427
528
16
7343
773
10324
131
445
41
24691
2431
527
310
389
333
57
1497
232
4037
179
2237
2967
1717
158
1881
41
479
74
86
1601
526
76
1007
769
292
1488
458
2252
789
547
869
63
109
1030
1365
51
5378
2007
1473
194
3254
1257
588
244
468
598
202
1639
4
607
489
2629
339
1290
98
831
352
1166
235
503
183
2238
4509
163
297
531
198
129
4113
6
104
322
1394
96
75
107
40
319
1086
2354
527
369
4937
109
131
3545
94
248
1751
412
183
13
3012
1058
74
290
248
468
5941
178
4612
9131
571
338
3106
18
145
416
1759
5263
1711
34
823
488
286
2877
1247
34
547
537
234
2345
677
1427
6498
1503
159
714
292
710
308
932
293
6014
779
291
1565
25
1271
11712
2514
95
1267
1375
930
1081
10262
130
1910
325
1306
1010
63
559
151
490
271
2264
2650
426
486
4754
2100
1331
2288
247
16
299
434
1429
2717
1145
3245
102
1175
638
868
176
245
6447
4363
265
11367
1302
117
3928
1723
1373
2405
776
543
533
1
2828
865
2597
1403
1293
507
1363
506
2030
2502
2671
75
406
1910
7224
360
1813
12
2298
2510
423
1832
821
59
1523
1858
79
2594
435
2175
3476
906
3608
1244
777
57
570
922
1498
2194
385
5143
249
373
127
3611
3135
49
755
1286
486
63
1558
566
543
423
2426
436
253
33
34
755
15
1236
3855
955
12315
237
119
783
10667
346
804
349
1821
402
1064
255
706
1253
3018
327
318
8603
3
704
486
249
2054
962
1412
1727
317
1136
181
2503
152
558
112
81
116
820
1256
4273
3015
35
147
2672
283
1849
983
25
1107
23
762
5993
746
1001
448
2045
266
476
2
483
1432
298
172
5308
3919
132
831
1657
2479
1359
695
371
226
1502
562
958
445
59
36
1086
857
1767
3150
34
159
9293
644
197
445
50
756
118
360
51
1146
833
1941
3839
3050
153
1673
3985
11612
1316
410
20
3180
1267
1
410
849
1125
18
126
1620
118
998
595
243
808
841
908
4957
1303
12977
352
341
153
1472
192
251
203
1683
539
214
7576
2116
6006
529
2675
6549
200
458
3153
1542
1824
3050
3666
1927
316
246
96
116
2116
727
149
1288
6
1110
635
226
2845
1430
184
97
281
2184
3267
92
2611
269
2072
3435
4285
86
330
360
2566
20369
432
571
553
3959
529
1086
88
109
2178
122
801
820
475
698
1400
492
1148
119
11616
238
275
586
1292
2406
3603
34
324
161
1763
197
1013
1214
586
888
55
872
466
254
850
365
713
1407
1744
1230
2792
747
465
138
16
21
17
97
1626
3851
142
400
83
1552
1041
630
76
3318
1413
1083
1041
463
1090
884
50
117
407
2669
1296
44
585
1386
1453
89
1060
6302
1840
2847
1092
402
3633
16
185
2058
199
800
5781
1094
2316
808
254
6164
1594
1212
87
1091
263
79
36
674
1330
308
66
177
3087
949
345
320
1929
458
670
171
25
999
55
910
1114
127
1964
118
4416
958
315
153
216
2792
275
3374
155
553
344
317
981
225
1444
1394
3534
854
4423
1251
2932
330
194
1624
1978
6699
36
1390
7788
40
1210
856
383
166
2299
142
423
206
756
2760
55
685
122
3144
1644
4904
70
717
1916
104
134
539
2146
2738
93
1383
16
987
4959
4925
17001
502
3910
469
382
524
95
1477
1625
1829
2168
2548
2995
235
28
271
253
2882
854
814
43
828
1005
465
2975
90
1604
4040
940
891
296
2677
1213
2524
2897
1530
72
1130
2728
1430
1053
544
397
1856
330
1102
515
930
428
2438
1304
759
92
114
3536
4150
4565
432
202
2772
85
497
1276
379
1830
113
271
116
2892
1789
4666
119
2454
2926
172
1030
58
282
2248
3215
60
274
1725
917
1256
1567
2021
3577
197
196
308
1199
5498
1146
2544
356
2981
1229
1577
3012
315
3234
1005
1117
2
315
174
1138
2451
398
447
3846
1964
396
1699
1766
2158
163
381
66
26
1062
2598
481
1595
14
1159
30
1503
2101
1716
93
582
101
2714
174
2197
228
25
46
1319
190
280
4197
108
191
3163
216
870
5874
1726
611
3441
221
232
1730
310
4
873
67
454
334
2069
461
168
22
1804
404
2280
4086
769
745
22
1108
1673
58
282
862
855
2250
3877
1420
1394
1410
259
3799
270
173
1330
1924
1
1567
1793
49
1096
219
441
204
534
89
167
83
8054
3956
338
2493
132
260
2492
740
448
726
2176
1805
162
2737
873
152
169
56
921
305
2395
1963
914
1663
72
3700
5782
2466
92
12655
159
9
143
258
95
2990
281
393
973
124
37
60
3025
2782
2219
238
4035
810
379
1222
15
1243
1679
224
42
4684
7282
2199
417
475
1436
3561
472
2600
3888
157
301
3327
2329
219
698
4870
539
2875
1322
2820
10
29
1113
3241
976
502
271
1199
2871
229
1122
387
864
1898
239
1784
546
1226
1370
473
2025
2077
751
937
3124
76
4582
209
54
810
93
2455
2223
1034
645
833
2869
5725
263
630
5055
1222
5
178
1088
114
213
1202
1078
372
1623
5809
572
26
2341
2544
794
2420
2708
183
4192
245
445
1346
1097
176
94
232
77
632
1926
56
14301
206
217
478
2013
353
31
2525
93
124
363
705
887
9659
47
43
2087
824
251
887
546
203
627
2660
79
448
434
1739
2399
286
1213
634
47
44
1491
875
222
207
1
847
50
780
880
34
327
348
3309
968
518
137
371
2159
262
207
2282
84
492
3872
36
794
79
70
1714
28
154
45
176
182
382
867
1322
1488
1948
1498
1003
466
160
1812
5662
5819
782
414
1161
448
2996
190
115
569
214
17
36
2948
167
1950
122
6477
751
2620
92
2499
138
199
326
52
465
768
488
425
543
368
40
4747
1896
2871
1146
1987
222
6049
364
2730
31
4078
96
73
1341
389
17434
313
624
688
117
110
191
255
3594
2428
919
2568
16269
5388
712
19
133
543
425
973
1366
740
367
298
2281
744
23
656
192
2147
658
86
1521
629
18
4026
71
20
125
940
193
2329
849
4325
1248
2458
334
415
37
826
109
493
935
1168
721
159
1080
495
560
129
611
2189
408
465
627
1
520
228
10029
479
527
94
258
1910
2207
35
570
21
2571
1928
1028
2135
179
461
7023
967
131
511
225
108
60
3299
1123
879
60
1737
76
512
1247
1931
1223
66
64
953
27
86
20
1857
5089
38
241
292
217
152
83
1234
266
240
27
987
73
289
198
376
3035
299
114
363
1047
83
131
6645
4707
3804
201
50
2076
5383
401
180
14
148
815
420
331
4983
1154
3135
813
1593
122
243
1273
3136
433
1385
1097
126
17137
1199
71
520
276
221
278
157
1801
41
470
2343
269
621
1010
509
2272
527
118
5611
627
327
45
8674
1028
2098
133
2811
820
48
727
182
2273
3735
5067
5203
51
144
123
243
2024
172
3644
385
992
1787
182
410
260
969
3329
671
1449
2952
2354
1129
1378
12985
56
277
119
464
887
1064
269
571
2265
4298
249
1316
65
1308
1259
734
1238
2
285
419
929
7148
542
402
904
1186
20
4036
1942
1568
443
174
1918
574
2416
812
8455
1080
276
1
49
114
21
2413
2071
1389
90
596
2156
19
89
845
1760
1752
8
277
387
154
168
1930
488
495
79
1068
1892
183
955
447
226
4336
321
529
475
819
318
418
92
1010
915
1167
414
603
941
31
20
202
695
417
340
892
3163
584
241
1608
216
658
2176
301
126
2065
775
1765
1138
2199
1350
516
179
89
646
891
948
11681
603
281
1847
1402
127
150
9
1301
1242
1767
819
3921
655
1858
1966
102
273
426
497
292
2040
174
2013
8
101
3058
89
4500
580
142
1001
1282
486
431
1544
3547
6248
514
124
2166
727
855
46
1845
185
695
74
506
93
464
212
646
841
670
705
1735
260
960
928
230
2078
1065
1664
414
456
1646
48
22
829
567
187
9
1940
972
181
391
44
587
1625
529
1149
935
945
3639
36
822
2982
2578
75
2003
635
321
1345
2218
730
2768
6488
1
1912
150
1470
110
14803
4618
3351
118
2599
104
3237
50
5
305
592
290
171
946
6339
871
251
725
106
219
911
745
71
65
10158
3915
187
68
2440
58
773
438
157
285
610
6116
688
1474
9157
6672
51
662
543
235
580
4932
1117
53
1022
87
606
155
709
153
725
1098
1202
1758
66
6386
17
160
495
2837
1108
31
2050
100
522
864
1325
796
337
40
1141
173
1005
4157
613
3325
168
92
302
105
200
1605
2692
917
759
664
1475
4098
167
13861
76
169
2674
428
572
416
81
308
1551
3049
445
38
932
912
732
35
38
35
1664
766
5
35
1361
2470
51
167
1079
823
71
91
284
3130
368
329
17
296
145
2364
404
65
844
1403
734
4210
317
447
36
881
35
1
489
1404
1990
198
22
658
2778
230
528
45
735
1768
35
2319
4384
1919
6647
773
1004
387
2873
11
352
1113
584
536
55
951
386
147
616
417
118
551
1104
11
653
405
1031
2126
3623
1071
64
1639
166
380
24
54
197
474
340
1395
361
1024
17
423
2531
9
3301
306
179
108
2172
177
1208
2195
2746
199
204
31
460
761
937
198
50
148
2751
73
1971
427
101
90
337
6603
2685
360
1031
456
602
1279
281
18
583
112
809
1
4213
5180
1183
1294
2007
363
621
825
17
1399
80
138
105
111
897
4950
583
110
1773
1211
235
801
135
5960
4339
128
1382
277
2058
1196
87
1137
341
128
692
53
1807
1709
1539
76
144
57
899
6625
1039
1027
59
39
81
1810
5
1973
3377
1126
1651
536
556
228
2728
1442
74
1025
851
3537
13498
659
625
13
339
2255
1839
351
16
1043
811
9018
3273
3131
575
83
1411
502
3976
3942
28
476
1434
686
2760
264
938
67
225
533
2027
178
494
121
34
44
629
145
73
447
99
541
64
33
152
574
2998
52
725
31
90
109
139
4561
278
3645
135
4
104
2169
103
1272
12
32
123
2636
551
1930
2288
185
1422
12417
16224
2630
1236
11184
288
2734
858
168
202
3887
1821
986
1352
3261
423
1901
133
443
3816
595
1883
945
541
371
47
111
117
397
275
35
5667
187
23
659
5439
15
366
1214
521
6374
835
12303
52
971
406
29115
1531
227
302
650
795
508
71
77
10
94
2259
73
3215
628
4784
3141
274
202
61
1210
13
968
1422
3252
858
5
6
2845
716
125
152
329
2781
720
145
1459
53
654
535
460
3805
4563
2317
3145
21
38
127
1769
147
999
422
571
365
861
5589
374
203
615
699
168
3005
81
2275
804
303
6
1181
2255
496
117
500
1266
21
2769
673
1151
1200
424
979
588
1607
484
261
1191
4383
874
214
2957
283
1364
44
1336
239
298
1042
1110
196
158
1166
782
2367
304
412
519
282
2004
465
160
877
793
4628
312
624
360
131
683
351
882
435
984
114
1226
798
22
499
345
902
3786
100
833
83
14
115
2531
1075
7901
1637
31
3625
1555
421
1741
353
238
36
152
6992
1304
424
1135
2472
14
295
2624
1894
22
230
29
93
609
4050
110
2608
2865
1622
1214
27
352
483
2199
1595
3801
123
25
360
266
209
226
79
2879
92
379
968
225
19
226
6966
242
3422
9284
1803
254
972
3733
2462
2658
785
164
434
2201
49
258
589
212
466
176
3235
532
455
157
92
144
88
2605
398
21
97
4512
2668
269
913
71
11
3704
1065
2470
944
2330
691
1992
2238
4373
1194
40
2282
1524
2173
247
1056
634
5
2394
1310
503
8
2022
32
150
303
1120
63
2583
180
1605
656
1661
440
1428
40
501
1846
174
498
2538
924
1659
3768
282
3661
656
4011
2302
1100
312
882
470
1144
369
583
2154
308
277
454
65
1116
177
2655
604
111
876
102
16402
966
199
80
1515
5306
1466
200
305
697
2663
86
33
3415
3307
800
1972
650
253
417
2222
67
1749
1870
738
72
985
4234
2
26
1930
392
1444
362
3296
1198
2141
1013
5388
10379
319
668
47
451
9975
276
5890
2725
10
84
3056
357
4033
5376
56
1363
411
4
9
1114
152
438
2967
1689
168
895
516
361
1727
74
7857
479
737
551
1539
934
630
1187
98
1630
893
349
769
525
1250
3134
660
151
103
9
1058
2152
176
4362
3636
1
606
199
113
2164
752
251
533
1513
281
645
708
1619
2133
650
757
759
410
286
1412
367
1254
1701
2247
1848
774
1
1680
217
777
209
682
1396
1764
970
23
89
132
61
312
69
1642
3219
1161
3345
15
1257
1507
2452
6111
154
1787
530
3732
1678
327
339
30
57
192
844
787
1529
26
1146
428
821
690
1364
9
11392
148
599
1226
661
14541
567
25691
80
183
72
1457
959
121
777
3770
424
32
62
1029
416
378
297
500
6707
1344
950
12
1697
177
1072
1683
2714
1578
292
1066
102
2662
23
1
310
1505
254
4903
227
2343
3172
1442
26
89
1948
163
964
1120
1164
1441
287
78
3693
60
654
2536
415
500
592
479
439
5776
91
65
37
153
1011
697
4370
1272
77
18
2708
14
907
382
1208
51
217
1333
10207
588
334
2216
247
259
1120
2043
2370
35
487
2
12
1211
538
563
366
270
1543
64
28
100
1948
2000
4050
5982
1667
2184
2153
510
1069
263
589
186
1141
104
156
66
133
67
354
2107
1182
5
344
655
2396
1153
233
7885
2093
1087
349
3158
2347
50
1648
3577
445
12277
851
1150
127
346
1108
353
727
394
3506
656
4322
156
1006
1527
698
186
602
3382
3610
12
1293
277
293
109
4299
1293
407
1885
758
207
2094
76
156
324
2975
4028
1771
649
1444
831
1322
528
148
403
184
3828
13
1432
2314
727
6428
1
22
274
246
134
706
104
86
911
508
1096
153
6
1316
469
1616
4237
734
459
155
4210
1601
497
1727
68
68
806
697
137
805
839
124
430
8421
592
693
3076
796
1079
1842
3616
4
30
963
7620
104
1454
630
58
303
1103
537
1846
898
1178
1182
1165
1505
954
300
1318
1627
1056
3011
1362
692
284
368
777
1703
2009
2003
3018
488
354
36
735
1012
2110
193
3118
6381
572
1468
2906
2354
142
671
4051
1067
143
800
1402
1037
1753
518
206
5747
292
1157
718
516
80
29
787
700
89
2475
31
305
2727
3050
846
2245
222
694
2344
788
1641
1174
661
7666
73
3241
153
1678
539
449
190
2431
1616
565
740
2175
4222
7425
143
1508
434
331
108
14
30
1262
418
348
418
999
2010
1932
409
14
123
55
138
3523
791
916
658
1074
4437
1473
3469
1812
468
1517
701
1668
110
4513
191
125
1467
431
925
1493
3354
121
2903
1624
527
3508
1920
336
1520
1739
1250
2059
1259
2529
1014
976
2587
5171
200
2597
744
658
68
1134
1
225
2363
254
1090
697
1421
1822
14507
1751
2171
204
1560
39
2164
121
319
124
919
55
2196
2261
139
394
66
1361
636
216
14
2311
59
5953
1102
279
593
24003
1355
1482
422
1872
356
688
1030
3820
1223
590
582
525
890
93
3408
267
2061
3167
2
81
262
829
21
277
1210
2534
1688
3051
2238
425
1565
1074
287
766
81
385
53
2245
682
35
5259
1486
2478
2887
1028
1466
635
508
92
82
114
1221
315
523
1870
1364
1661
41
19
437
97
621
113
290
197
449
2176
75
438
1253
3391
2469
409
2314
345
219
1159
1492
4
975
4897
204
1456
1278
3103
145
919
230
324
2043
1237
2798
2822
2521
10
733
696
1000
512
692
1697
3461
493
199
3499
957
292
81
2613
907
239
257
381
886
497
80
366
143
139
7459
1474
2964
801
503
1663
28
2741
1
130
168
3144
985
1971
22
123
144
69
65
496
530
963
632
1044
321
83
5901
749
2456
3970
582
1781
139
1935
1835
315
2091
2133
434
424
1867
1207
1969
178
681
209
356
1984
191
263
6
53
5495
103
154
935
391
7804
3162
18633
1501
1939
2312
568
6495
330
132
778
2558
204
121
366
583
1375
614
3809
556
3136
1785
433
3853
28
204
791
3967
3811
231
507
345
2912
154
601
3362
1431
302
164
509
168
4399
949
1197
18
1101
83
1064
200
9290
1226
495
433
2755
51
1
914
108
259
36
434
74
88
311
428
678
369
3098
35
2897
563
288
469
267
1209
1197
127
385
3
496
1894
17
476
4986
644
256
286
1716
426
308
356
1345
585
2360
45
947
1571
320
373
1053
1036
236
911
2990
4485
96
464
154
276
345
581
374
152
1104
282
18
735
727
342
200
227
1050
781
676
2581
1253
416
20
175
5191
445
304
303
79
6067
2999
1178
712
448
3032
1454
5584
701
1201
571
1045
261
514
503
3304
35
5557
941
19
369
915
7430
50
2741
2350
123
70
760
299
3785
5367
298
317
3294
376
491
696
231
720
89
454
1768
423
1447
1077
2051
110
450
438
450
265
7109
257
296
1885
2775
7811
156
4
755
502
411
1821
1203
616
919
227
1871
477
1867
801
882
242
2183
3331
67
2046
1535
8
1677
117
156
2689
1147
1426
464
485
1458
99
9446
1720
15
3575
1224
545
189
535
1110
936
2739
221
167
1733
1462
1097
835
70
31
1
51
1684
1318
5086
206
1140
65
637
212
795
1060
590
4537
694
119
264
295
471
1453
298
1497
518
1535
1416
314
2038
1820
273
1352
11467
755
794
978
215
103
25
37
2029
152
819
766
2927
2217
134
59
142
1718
24
929
85
1865
122
4242
71
76
642
79
446
413
368
30
1031
2045
4089
446
426
969
340
4401
790
5969
220
77
1198
384
469
167
407
37
551
468
422
1253
4616
834
61
1680
945
1999
910
28
197
72
310
862
73
195
141
267
2089
69
75
15250
45
3082
279
1205
913
107
15
1841
84
698
2
4154
404
183
1269
23
1611
7
6118
226
183
3298
2120
3351
832
653
1124
3260
614
3649
243
1766
40
40
191
1348
952
8236
901
653
570
677
1263
995
355
2598
386
751
2505
161
1405
2196
405
1037
2405
213
157
2157
103
349
289
883
18
825
386
1120
20
106
387
18
3715
307
54
2447
1779
27
17
382
497
345
135
7118
27
3227
49
891
3956
3104
865
59
193
532
5
11
173
19
488
280
42
98
25
608
89
317
784
1646
658
749
45
479
147
250
2175
117
1538
26
122
947
239
1
169
527
2297
826
963
543
9738
109
5631
5146
2333
438
808
1398
58
569
737
1141
18
686
191
1310
106
745
397
1199
1097
257
42
1104
161
190
173
578
3183
4
1152
1191
1718
451
485
577
574
349
61
308
95
488
172
47
1878
840
1275
1056
165
696
62
60
1178
2199
2013
2957
729
49
1160
76
967
177
1299
650
480
419
14
317
223
602
142
239
3688
2447
49
106
1981
849
4030
112
653
735
1082
8356
1153
406
2223
1604
3253
957
4413
2098
295
30
215
878
1722
3216
9200
1386
267
55
56
123
1925
1072
157
1832
1033
128
1528
2869
2360
4785
1308
2961
238
6706
1863
67
1573
2255
4242
31
1805
7347
543
256
1746
13901
3634
68
1183
196
1182
283
266
1492
3094
834
920
894
380
442
934
1567
1154
359
2183
393
1176
6885
621
1146
2364
3878
62
236
4877
2793
69
1648
86
91
1950
27
4265
454
1763
157
1294
742
2551
3577
1253
7
152
370
325
2858
702
906
1298
1587
587
712
784
1791
25
3914
4958
1671
491
3969
199
296
55
1104
123
4845
444
164
867
3058
98
349
492
651
783
95
1023
11
725
3054
294
908
316
11
646
3656
291
218
281
181
297
143
2040
4457
286
155
26
606
1934
1012
1116
39
528
223
2505
578
8
330
741
180
110
695
5419
1004
2481
301
311
16535
160
594
98
3692
853
311
1315
4129
3777
2778
3050
166
188
274
899
1515
241
4063
2820
723
472
2
328
514
816
367
142
1778
32
1314
175
1680
4472
204
19
10230
1163
2210
546
780
485
831
83
790
84
697
563
5225
138
1637
1216
1207
431
963
412
304
78
328
569
832
654
2935
26
1297
1737
144
114
366
925
28
1386
103
427
1547
510
454
1198
324
531
4610
3307
1020
506
2019
6644
3115
610
5218
1438
1819
984
929
2249
2559
1644
262
141
1388
24
1268
3185
1705
81
158
2995
456
65
153
1146
228
2232
690
147
298
239
6543
141
115
1268
3100
1289
410
620
54
7100
2000
98
3542
1411
3247
782
393
334
152
209
1166
340
156
232
649
3119
3143
210
622
1472
369
88
6697
1460
4044
676
15
1071
2003
439
3296
1165
1584
185
1060
4262
1417
532
647
678
475
466
1601
2025
267
995
1800
1755
2556
308
215
42
160
80
264
1293
1451
899
138
1
32
117
787
1231
2717
1372
430
621
537
555
591
733
132
1680
1009
159
1951
3129
171
252
548
448
4257
518
31
2222
193
815
653
2
96
1545
565
2697
2247
2098
75
1831
2683
268
1348
913
1564
3802
455
258
168
850
129
1150
1569
32
223
457
1024
426
3087
1467
1293
415
303
175
402
289
1236
221
1691
77
1405
193
1324
47
531
976
3027
1407
110
534
63
652
1343
3386
1430
2202
65
246
5979
1042
770
717
1367
756
5039
1394
434
508
153
320
194
1174
1748
85
1097
2309
66
325
494
130
495
199
859
1646
235
233
2913
5381
1849
191
564
911
3216
460
61
44
213
463
197
1408
142
43
1767
394
586
502
1680
150
67
1095
416
206
4975
82
389
46
3512
793
17
1732
8
3644
4010
465
2078
3190
82
457
2662
286
3484
1727
507
2695
1026
189
361
237
176
460
1
806
8692
6
126
1242
425
24337
779
1204
1134
1250
1709
61
469
32
227
1653
277
35
1795
851
2034
404
417
245
759
973
168
822
1103
90
4737
1287
583
304
3737
207
374
105
1219
131
1106
21
1066
6345
299
767
213
842
1366
3520
65
240
15
286
9
414
496
2575
475
254
1054
178
960
365
440
660
759
882
833
1883
18
254
901
256
33
652
47
3389
3576
341
414
4
2299
220
39
2580
1276
99
4019
2604
2
1566
8
165
1634
867
80
283
3024
933
767
3191
325
117
3897
3262
384
3251
514
257
1
6
27
2293
1012
170
780
5038
67
26
677
109
654
361
72
148
159
1630
2029
220
1130
52
640
613
47
8
220
1
2328
221
196
1058
264
806
878
77
114
1083
64
325
767
557
66
1619
2
2841
1599
169
604
432
5772
1022
239
297
484
405
117
1059
3681
1901
123
1255
392
2151
430
124
2269
384
358
904
329
326
225
1870
662
34
559
432
47
3935
123
2323
148
278
1305
525
578
160
1483
3472
179
600
127
3052
621
86
1825
1182
5884
1962
254
2571
597
115
180
451
63
1020
104
1275
390
494
2130
77
107
105
332
22
1067
476
304
630
1039
559
295
150
16348
111
1109
465
1088
233
651
136
6924
5
51
1794
899
2416
466
2830
2826
288
3093
1335
168
260
1551
1477
290
13
101
1528
1764
92
32
945
125
89
229
229
2067
64
91
389
3682
513
2018
99
2424
111
1693
297
52
1327
2669
302
1336
1560
414
704
1820
71
43
269
215
56
28
1340
142
273
872
917
2062
2088
500
190
432
112
452
258
925
4240
133
1704
409
55
1132
97
286
530
1795
600
179
1134
36
1585
1603
2736
146
1322
347
986
1308
20
128
1948
835
437
40
731
41
219
99
339
103
346
1434
15
286
9885
1087
1855
8226
120
142
164
2884
5152
4119
96
1
2193
9918
359
1537
152
2020
2595
103
72
3238
1542
78
394
6959
145
1714
353
1246
1408
606
273
2108
3093
1522
1492
985
1942
854
440
1436
195
4655
15
512
624
368
611
5564
15492
2007
1151
648
867
1194
583
2380
128
175
1383
1150
846
659
609
7857
735
78
2990
2396
1201
375
1143
15
206
374
644
2350
3974
275
43
818
602
1399
3770
1599
678
22
244
312
1381
782
1842
385
545
680
13
61
381
2062
177
73
472
172
221
444
548
371
86
1018
3134
177
132
1065
2367
19
277
490
75
249
474
23
1317
441
3445
268
3505
21
1690
663
6327
1480
27
289
1661
145
3042
257
3886
1344
825
14
33
663
806
516
898
1718
278
334
344
244
219
22
3972
694
1174
683
3259
2707
4778
911
3652
1546
1111
8
565
1538
995
124
861
838
1055
5672
26
477
480
3886
3879
2277
1922
611
228
91
4863
1579
132
204
72
485
488
2126
118
1467
8245
827
5
1036
399
7167
13
460
335
881
79
1475
59
824
97
265
119
233
1665
655
550
41
2010
1702
1746
1772
792
154
669
21
3431
616
2428
3146
289
29
1661
1159
40
1395
60
89
596
398
3067
334
1557
395
987
648
569
16
3119
1463
224
103
804
176
25
555
1054
38
2783
1745
633
666
775
871
1824
202
1032
119
606
120
459
6499
821
2442
5981
906
2738
564
504
1878
554
6934
1377
2046
808
1609
157
4768
3229
6104
1248
1166
1006
1521
26569
1399
3281
2271
298
151
536
265
1743
427
438
1938
141
447
1513
6089
158
6365
4959
1570
565
1017
410
217
1155
535
1793
657
215
2772
576
616
1896
770
13
3755
226
6766
1925
1214
535
431
152
1555
19
642
1869
234
5408
80
6
190
83
826
417
620
728
842
1910
512
3606
1766
2378
41
120
364
397
854
16017
851
684
2
1309
340
22
1237
310
2791
559
5923
14143
276
313
2757
9705
369
231
600
1428
575
2002
1462
263
1176
723
1186
1464
7
1526
208
17
140
513
282
2207
151
215
1910
1231
10697
383
287
1857
9
894
49
132
1869
2151
2403
669
39
619
121
388
916
2509
1046
1947
5286
525
330
2078
379
3342
1031
278
104
69
13
1003
118
411
61
499
2449
3071
401
33
76
47
94
65
801
1
588
174
676
1196
143
1282
460
34
1290
126
363
2
221
1189
727
494
222
398
1116
735
222
5706
1496
1382
125
300
165
990
1038
411
91
312
107
84
866
372
140
26906
2107
13
1011
162
2079
4502
563
980
65
3513
3856
270
21
39
1245
676
2504
10
1032
328
5168
1303
984
433
313
45
529
2278
2051
17
170
3000
855
155
2008
198
3674
3801
1088
7476
1176
568
844
736
1718
2581
5
491
167
4621
303
254
2458
727
871
4115
2425
758
133
615
1903
2554
376
1761
914
378
1189
496
1194
233
42
2198
1821
237
3192
2485
4857
675
1653
2092
9
427
416
215
1689
8387
401
48
125
274
89
55
85
90
81
1897
56
84
591
4030
507
3924
246
1356
4362
7338
403
1019
52
282
1
856
15
326
726
371
227
35
97
820
737
3930
58
491
1066
92
147
805
500
598
975
158
142
477
1919
1431
1055
473
179
415
1351
113
169
294
1239
168
21
2374
1900
8
268
196
2992
84
744
782
654
32
591
167
201
1374
4900
263
353
25
32
656
277
1655
1167
646
2689
3174
767
336
1672
4
147
4741
629
138
853
880
19
199
328
299
657
275
486
143
731
472
1052
56
1393
84
760
8653
7615
325
255
187
44
625
2231
1702
3922
191
106
1777
517
7469
67
129
559
37
473
616
43
229
1008
141
130
977
1351
630
1551
283
394
418
2890
2022
173
1354
103
58
185
927
23
35
474
123
206
311
3281
1612
602
1281
76
6217
1262
68
549
1178
500
3414
2376
144
2616
182
1087
200
352
155
4400
1501
85
915
273
309
94
4213
384
588
919
879
379
1218
450
325
903
413
48
70
29
2488
861
1114
99
1580
2198
68
2061
406
1767
731
2328
242
192
890
252
988
180
449
13601
344
1025
314
894
1861
169
1273
94
526
765
991
645
122
1214
352
264
56
51
350
2856
790
7119
312
60
132
720
466
1146
200
406
235
292
63
332
158
138
532
888
118
212
1497
1297
69
419
62
75
2297
836
233
56
382
543
123
1059
1623
213
1186
268
1557
740
1379
178
537
905
58
120
554
54
852
459
141
1384
5494
315
773
119
1204
58
382
1602
1910
17
2131
33
19
1675
804
6425
274
1660
1019
1291
1110
377
4
405
2053
433
299
216
273
1284
602
233
279
429
1286
515
305
4029
6343
503
1938
463
621
1009
46
585
840
324
93
827
39
1066
1421
3509
1303
2150
277
14
1
341
554
3269
16372
4045
350
376
388
3776
1243
1163
1508
2293
4896
263
382
159
3049
695
1281
401
2161
2513
952
4110
224
4533
102
505
125
4582
13
194
1685
127
692
997
2089
1246
90
1432
4388
1326
5380
21
5299
1229
503
511
702
670
1344
202
965
345
70
208
74
2432
1531
62
46
468
626
9
747
848
498
412
205
538
811
1121
433
83
1638
1058
1862
1123
310
7089
4130
1599
15
1307
1266
1700
1198
23
648
695
248
27
8387
3786
2532
1171
142
8
187
5120
599
11
246
391
5695
1
632
611
27
3692
1007
556
1317
1174
255
85
59
182
106
2547
2310
133
52
600
616
68
4711
2606
1849
739
139
1787
2439
188
475
252
130
281
105
47
582
3361
75
131
91
205
54
9666
873
859
189
193
8
5161
64
120
1093
1007
117
61
297
486
7525
2382
1129
37
101
58
89
162
371
200
868
1577
850
614
2075
4141
138
164
2873
987
437
542
2312
11
182
1
241
478
558
1673
2163
627
979
105
133
885
2694
172
1
4744
1864
802
369
4855
71
44
452
101
1942
1178
1171
593
769
796
1193
7627
4091
133
12034
376
191
1701
1782
332
3306
535
3010
273
471
757
1045
1459
18
4017
18
2178
519
2212
362
55
226
603
758
8572
2262
594
1968
1623
195
139
68
53
863
350
562
2871
1727
28663
1165
3364
236
435
678
302
3075
164
826
125
58
56
461
469
507
66
212
724
359
91
26
824
222
224
1302
518
306
992
225
1032
410
183
662
50470
2644
15773
64
182
214
112
244
1763
703
1157
5994
947
84
481
181
243
56
68
964
9392
2015
215
14
348
183
846
1316
198
250
122
1294
156
274
234
5873
747
149
324
373
511
1310
6690
202
269
449
804
2150
373
14
1573
242
2045
66
891
337
817
1047
1600
652
167
1334
35
1045
1305
83
1598
559
1046
319
296
964
1554
428
8976
5079
143
586
11
192
2097
751
2516
508
931
139
13200
594
1296
52
486
1184
416
10
173
703
5483
23
1157
1115
1561
37
405
193
814
16
6050
77
481
1633
356
2171
660
541
150
462
144
420
359
1349
12
6362
799
229
295
135
2268
820
5272
1411
325
1953
616
1471
1298
208
469
176
2401
318
220
554
108
254
184
92
555
124
195
62
129
1525
1567
165
322
25
1609
1929
80
826
234
182
608
3
174
827
2435
16
890
12716
31108
224
159
1014
2099
309
4704
982
116
391
104
90
3119
6908
508
1869
413
757
1063
498
1317
3491
1594
312
43
3869
504
14
550
137
808
27
33
1463
2759
344
728
2591
2903
1192
253
1774
1269
69
976
90
59
1107
273
617
242
239
1087
4100
736
800
1559
869
449
94
265
183
597
120
13
828
472
431
15
4771
27
367
215
212
528
357
441
280
182
164
555
2398
4294
909
2100
878
368
3606
625
11848
66
233
49
1743
875
94367
1052
767
1830
3765
594
1338
1265
753
204
557
147
54
91
1234
401
883
129
39
779
1366
233
37
1724
157
878
1814
826
149
1589
217
383
250
927
150
168
418
893
1091
170
1654
78
19
185
221
2577
1115
425
536
217
1120
111
189
87
765
57
44
538
66
51
1127
9
5156
139
5866
2368
156
93
1393
2061
962
908
1085
212
7117
390
248
1
689
289
107
1661
235
452
5261
162
55
156
94
113
1030
428
1136
365
694
739
209
346
420
590
7009
174
167
10717
496
202
2274
1444
199
149
6663
543
821
410
1013
1405
108
3789
800
322
604
3166
5660
5
64
5742
393
3736
72
4509
650
1585
37
1035
177
2416
727
152
2030
15695
1503
7227
968
540
672
198
1500
216
408
721
1505
224
1362
54
1718
2613
126
85
1643
716
115
1608
35
5034
228
366
652
30
2524
191
644
54
261
53
311
1539
1952
792
86
896
695
1102
608
432
1
1475
4045
2109
558
15
1527
546
4053
1033
9922
1275
454
136
86
104
691
278
2007
492
594
267
33
35
2085
73
346
245
4905
59
201
8475
640
467
711
2116
210
1001
2940
1190
143
995
279
408
756
175
121
212
473
160
461
483
949
5424
19
1390
346
10208
489
404
1937
3074
143
1474
756
974
26
862
197
664
2184
395
111
395
178
168
952
1510
60
360
823
1051
128
40
3757
2
94
759
4749
411
602
1270
223
1601
944
11
47
532
250
429
434
115
3063
509
12
448
93
161
702
313
703
717
80
1494
228
504
159
1080
913
1485
2263
410
3628
124
1813
1110
3436
338
833
529
30
60
1265
309
5034
292
2857
448
972
497
1400
66
190
518
1224
120
497
1846
1160
5681
661
90
38
706
801
232
301
589
1626
497
166
893
1131
207
177
36
233
1174
347
214
662
554
1133
1200
2119
799
973
468
83
397
1049
5
169
420
1136
49
692
374
1261
491
1944
70
132
1679
1401
481
566
1060
153
1165
2905
31
93
80
65
266
2290
147
1065
990
203
105
845
44
2520
162
55
779
122
390
178
78
225
1128
1608
352
1662
28
1119
496
855
399
58
1281
385
1516
1424
147
30
65
51
36
290
991
434
990
259
1908
332
520
3157
70
395
835
343
2017
77
2301
1202
609
668
1565
2914
4399
353
2890
387
3109
2220
392
52
1842
207
1479
1073
649
12
115
1776
12524
571
1753
1293
219
5200
9997
2529
1678
5029
160
480
6438
1153
2442
484
96
1345
173
579
1628
1876
156
219
1607
14
52
1280
1604
372
207
466
478
303
149
201
70
439
575
25
24
206
370
139
770
755
1063
257
1086
228
599
288
107
358
834
566
879
774
125
89
257
452
1024
2919
186
3781
93
112
273
646
75
421
206
3734
429
5391
404
1573
66
811
856
2282
754
1061
1410
827
1687
629
368
245
304
538
2537
674
4553
371
91
301
321
85
559
1903
82
1280
1301
957
449
1650
343
2794
2606
170
1026
212
539
19
332
19
276
57
828
344
1017
28
4151
178
480
494
1970
1217
1326
1357
1166
427
845
73
953
773
6258
1881
2675
126
123
404
182
24
184
1120
3247
136
1978
3468
875
400
136
635
2010
1816
283
9
1127
247
1940
419
3336
380
3524
84
59
2179
3588
1836
94
203
949
3571
9084
936
35
315
166
79
938
1144
2730
843
2872
1315
26
145
2
865
1018
11
755
1046
83
207
855
574
611
1172
460
44
688
1505
921
327
487
372
480
1730
937
646
4754
430
766
40
730
1215
1271
2126
3983
1253
156
224
143
595
1695
1492
1110
99
345
102
395
642
5175
52
1553
7028
355
766
335
224
2050
305
553
1030
176
599
103
1731
1921
538
222
98
209
2477
26
431
286
251
4827
983
422
148
679
2670
60
157
2422
792
1373
744
499
1301
1809
2266
94
1420
1048
653
834
554
992
256
348
302
322
840
316
83
101
505
2312
812
1953
317
306
2700
81
284
52
780
116
6298
413
50
353
242
1585
2238
6837
1681
2591
192
1097
4123
135
3064
1981
2956
372
77
2143
5236
4245
520
1473
607
7815
56
449
66
132
952
108
421
1141
135
224
511
437
568
1474
17133
919
36336
514
1220
1114
456
82
205
261
292
529
1576
1846
2494
366
76
2691
709
106
55
285
1907
924
1435
545
244
541
228
729
1965
5554
735
1920
189
121
1958
95
602
58
5197
290
82
501
487
853
900
17
34
32
254
1146
3592
1771
529
2694
15540
115
1463
747
272
661
104
357
591
278
33
2920
15
1361
104
84
887
72
2095
55
966
342
395
438
3300
472
1186
168
224
378
3195
16
357
2452
217
2290
6091
1543
1961
743
110
471
125
55
114
2185
350
215
260
237
90
29
205
393
1266
323
1164
314
437
3542
1255
1825
2468
204
279
782
64
166
53
770
611
399
55
1044
464
598
267
408
790
261
749
505
4638
251
2477
303
1770
458
502
1306
8
218
9265
51
4219
3936
102
883
299
1057
192
87
333
1170
2589
2119
4789
293
1755
807
766
393
7222
1212
1266
3041
2586
2154
1384
559
1037
770
2141
988
550
507
3445
279
714
2511
168
1314
17
263
555
2808
795
66
155
1949
1297
1904
301
81
4938
99
1128
759
6444
3005
300
417
69
304
1107
951
10044
15609
