11
18
1029
159
2882
45
1039
9
8744
803
1406
870
59
632
33
363
734
32
106
149
115
153
79
20
738
24
1073
108
79
3171
161
218
1461
287
376
1542
9
13
28
93
3594
2338
214
548
2070
1579
5290
59
20540
388
1405
4
803
414
799
4408
1636
453
717
835
79
955
207
852
2903
808
237
346
258
540
358
2847
624
1
75
610
5
467
77
658
166
41
677
160
55
77
21
1935
339
697
550
87
281
10
693
25
2460
892
158
1840
1992
116
2550
725
35
1372
363
63
34
796
117
160
552
32
569
17
4
207
51
328
1512
349
1055
547
12403
13
18
2021
4778
2158
1705
3460
1855
1049
43
52
129
715
473
20
2047
345
231
8
109
85
266
990
1
219
51
5725
90
1137
426
437
148
891
208
137
303
17
979
17
216
3633
2643
589
655
1719
710
1
351
1420
1
11
16
155
1487
1202
2634
735
62
165
2166
1841
131
627
201
387
4025
668
15
1
711
46
355
169
1371
351
153
684
978
319
420
137
534
1
2222
711
423
41
148
15
6071
33619
2527
3676
11
33
567
919
2
649
832
4
1077
6
1116
4504
926
5
555
869
237
2630
1516
1465
64
1235
673
309
1099
33
369
21
81
1
4023
983
492
1
91
47
1336
155
36
1769
1002
1342
13
207
749
923
536
198
2271
133
2013
24
3802
7
8322
261
422
32
1654
1432
4376
20
9
671
6
1106
18
10
1192
79
264
1451
467
793
1879
3250
697
134
729
287
175
11
46
1076
718
1
40
293
9
4342
461
1575
2290
62
19
477
3041
62
39
27
1250
4355
440
381
270
909
13
216
2990
1779
635
962
491
1137
2133
80
147
307
50
558
728
650
818
1328
545
253
16
79
210
1435
358
483
241
5
1546
973
37
14
494
132
2159
1440
1143
482
696
616
1144
215
49
64
138
342
1190
64
1877
735
1323
823
211
1241
8
8
93
329
833
62
2
50
17
822
823
839
3378
1854
226
1792
3165
148
338
129
100
926
139
1351
2472
12
688
3099
1091
877
43
23
96
715
257
76
1515
2826
4660
2695
1818
24
221
8441
3641
34
559
3141
3487
3035
1785
41
58
2475
2
517
194
4
202
312
20
3983
287
6
331
1228
569
212
1688
55
696
9087
1150
76
16
176
1874
109
49
1470
3
586
25
375
826
414
27
1113
1288
668
121
648
873
10
368
1233
729
461
1486
612
829
377
3
353
940
4824
792
553
1007
1272
163
38
132
603
4340
96
146
82
1108
2144
568
161
512
432
528
1161
148
5
970
3
1050
355
94
331
111
2182
7615
12
15
2413
306
1910
553
3189
829
1865
2355
345
616
1106
31
277
352
3
108
37
721
354
844
9
2377
1256
2051
1035
32
298
1599
725
68
1119
1697
476
1640
112
750
604
228
38
957
156
7
1186
40
71
1291
71
179
539
3953
