23
73
43
16
637
2164
931
45
104
72
10
10
7
251
45
40
116
54
84
101
155
306
41
54
91
62
11
298
70
186
116
25
143
412
1
320
264
331
46
40
63
17
248
26
134
33
24
12
157
731
16
5
18
20
167
164
18
3
34
11
5
420
73
245
60
92
23
1
9
62
8
44
440
61
36
206
33
13
1195
1
90
1
442
1465
568
83
574
77
117
1107
62
239
1226
1
22
68
15
1
1061
271
4
38
60
17
91
682
29
1469
430
14
56
24
5
448
148
186
3217
11
1
22
76
8
24
406
74
24
3
204
34
129
77
55
31
4
1
28
190
30
127
69
15
23
55
3
16
35
38
22
32
451
2375
7
18
45
202
25
76
30
18
102
105
34
1
319
3
4167
14
187
82
163
1246
1225
1
38
515
19
1
2
2
3
2
175
758
3
7
4
215
268
313
1
136
381
359
291
170
245
169
45
325
61
111
3
583
289
8
9
47
7
16
291
21
208
307
1411
7
6
56
18
108
16
1528
26
488
316
673
30
85
49
311
365
14
18
168
39
17
59
6
1
325
72
9
13
50
734
203
475
176
18
140
34
3
54
163
36
86
258
114
156
85
67
300
511
10
594
18
32
4
117
18
4
34
17
49
9
6
54
41
132
271
145
156
856
540
2
47
228
239
307
1
150
177
123
3
88
294
4
38
4
20
279
90
5
93
94
266
306
41
4
51
47
47
4
10
1
101
16
98
262
6
78
231
1
11
282
516
45
161
34
2
40
67
25
17
26
8
67
6
671
29
25
30
27
353
95
225
51
1742
21
1
46
71
153
26
3
35
94
1562
254
31
82
62
31
70
187
98
30
5
1
1
86
14
86
356
60
442
23
6
578
104
73
3
65
2
63
132
1
4
79
444
132
102
43
77
1227
99
1
105
88
176
355
22
10
171
11
140
1
186
3
5
176
14
188
24
143
219
6
43
39
243
118
143
32
9
1
4
40
1
1
1
65
141
3008
126
13
80
26
137
1082
31
48
10
8
33
21
3
60
179
415
3
1
50
264
21
83
144
52
3
9
8
2
2
5
99
17
1070
6
119
102
10
126
7
5
2
21
27
71
55
1
