104
30
15
188
2
18
15
101
168
191
20
216
68
74
177
25
8
5
22
15
24
62
40
1
50
175
18
370
16
19
543
18
780
3
1
49
31
11
8
38
10
21
722
285
43
22
12
7
26
13
188
11
137
16
176
1635
8
78
8
18
39
9
39
5
280
41
1
471
306
2
5
57
4
111
68
37
142
160
12
5
34
65
155
284
3
46
35
3
203
4
14
5
1
15
79
2126
51
8
11
109
248
5
48
127
10
60
44
6
2
73
12
124
56
55
11
772
161
1
3
17
9
691
27
11
303
9
14
218
20
15
434
113
20
69
7
10
25
3
22
40
8
17
114
18
7
1
16
455
48
24
16
27
61
265
68
18
61
6
94
4
144
323
195
414
37
31
4
19
81
3
1
13
12
1657
47
103
41
10
10
64
641
55
125
121
4
1335
236
4
33
14
102
1
146
29
95
1
114
2
12
28
1148
76
70
114
40
7
130
206
7
3
71
55
7
87
2
104
21
265
172
59
75
76
1172
103
180
17
1
368
26
180
17
3
1
31
2
13
224
61
13
21
77
723
1
4
8
2
32
120
27
84
670
107
4
11
51
313
31
16
11
74
162
76
62
50
259
178
1
36
542
4
4
36
243
748
47
22
115
16
8
115
654
17
64
1
287
1
94
16
22
40
52
698
3
7
752
27
1
1
75
69
45
38
8
5
41
6
1
29
3
1399
3
8
632
4
11
7
2
190
9
101
286
109
33
421
1273
5
636
442
171
1
35
18
7
104
55
1
8
12
129
9
13
240
158
278
13
39
112
6
6
62
498
40
15
16
15
28
55
14
36
261
275
170
57
23
74
8
197
226
9
426
36
18
