97
114
18
22
211
15
87
201
145
3
10
6
305
48
6
1
42
39
1
508
19
22
69
115
1
32
28
305
7
132
14
32
1246
1
7
7
111
862
1
4
199
6
146
4
840
50
18
202
523
8
66
29
8
31
47
364
61
69
123
1470
50
1
550
126
1287
32
604
57
8
230
90
302
30
6
19
46
402
340
1981
41
7
9
190
771
590
36
19
22
89
136
16
90
750
142
558
47
163
62
7
12
39
248
197
7
11
20
33
144
59
25
1182
84
282
24
2
105
87
191
552
86
208
8
22
2788
21
29
42
28
244
290
9
82
5
12
40
82
220
8
34
7
353
81
42
89
965
726
57
354
14
142
43
328
22
78
1
10
1260
7
232
56
197
45
14
10
397
102
3
184
62
32
6
4
26
44
217
30
265
37
66
2554
163
430
108
299
241
426
7
380
16
389
817
270
10
560
106
168
44
1998
35
3285
1
1
648
86
2
90
36
1366
109
421
1356
16
6
18
197
10
63
13
376
204
705
58
7
4
1
209
8
399
34
6
307
185
175
1
3
78
54
23
96
27
68
1
6
328
278
61
539
693
193
573
343
1347
410
6
124
347
933
79
133
113
87
1576
796
268
17
276
50
46
52
402
292
74
5
52
40
190
322
73
15
408
748
96
8765
151
163
9
193
53
82
12
157
1392
64
148
1
89
87
76
352
23
189
443
163
656
1140
23
25
12
272
139
142
3
17
205
460
96
37
571
292
672
60
10
61
765
51
7
7
4
2
51
7002
4
4
48
15
201
10
38
8
1014
245
6
331
8
1
143
188
194
190
62
96
56
27
484
82
76
71
264
2
5
17
26
474
4
154
691
120
4
174
75
130
36
45
4388
77
500
35
1709
26
508
50
150
78
17
11
15
555
47
957
6774
97
191
2864
87
559
26
1
13
9
3
3
4
132
544
68
147
20
252
335
469
87
1
618
644
492
158
34
345
14
100
7
6
402
19
65
925
69
227
4
333
21
82
236
10
53
3285
3
169
3329
2
38
5
182
67
445
264
85
311
99
301
152
113
243
30
15
15
16
740
204
2
8
50
2
971
250
2298
10893
69
52
33
137
164
35
601
125
61
16
122
237
337
74
89
20
501
87
14
581
71
56
432
249
440
137
662
22
205
31
544
132
1
340
185
