2432
404
509
277
1306
368
29
2
241
2091
14
23
17946
8
5490
1648
4571
769
415
3107
15148
1225
1505
225
212
439
229
407
159
2553
64
9
174
249
422
172
1300
1146
1847
3353
4316
1746
410
5503
15544
241
3711
8766
3390
96
3465
1091
386
4602
904
24
319
800
159
213
1970
315
947
21
203
6365
531
36
238
73
200
1703
21765
467
339
454
49
2
67
1734
1436
2245
530
19358
615
326
494
2028
1197
6531
1
1731
58356
2381
697
485
2552
2333
1494
1656
8660
10
5365
307
34
1
550
3626
705
1349
1266
516
1759
6984
810
4290
2365
2213
91
3314
489
1272
567
10
1926
536
309
692
16
1396
9663
13
12621
7588
1932
199
1308
3770
710
1003
2300
5821
4418
2928
931
26866
2819
2417
537
1837
46625
525
35349
386
11259
23228
917
2611
4756
259
13181
55739
1
1721
1983
15332
1184
1411
2735
4577
1265
580
2403
2730
1
701
307
4218
5880
691
912
3247
49
1696
132
154
648
713
254
271
1574
500
62
14994
3198
843
5688
147
39313
539
6210
1745
1364
360
1375
1582
2135
17045
46
561
545
171
1275
1724
251
12759
3044
19242
57
14529
1259
1151
6438
435
8416
15613
34322
1894
929
20209
10255
476
834
987
1193
18
3051
72
359
389
83
9063
95
4959
1
347
2629
2929
2239
1422
570
151
2668
1008
65
1257
1024
14787
5742
1468
22221
25840
1507
2350
664
1417
6
394
14298
30
8132
633
1352
1237
255
100952
1631
39584
2520
15343
7941
18245
972
1232
1706
2267
13552
546
62
384
2340
2228
1413
12401
1
1801
704
1054
134
674
878
22290
1566
42143
23387
688
19092
4856
244
24014
5493
7401
1970
84
2985
2340
589
21694
3248
384
6061
33310
2231
3322
175
2558
12671
32794
20596
7312
15406
20096
27
8435
769
4468
102
514
385
1274
3155
454
136
3624
8922
419
1399
718
156
307
630
19
446
2511
408
72
1138
717
1332
499
9602
14216
475
1644
539
610
1875
6258
345
3713
6435
52
1567
841
915
2754
269
83
306
16
18593
7369
16854
3739
10537
1607
820
586
709
6130
415
1149
30
349
2741
1348
66
340
292
10
60
5529
2388
43
581
800
17993
736
13196
3137
16
1873
10
565
497
2578
3029
1001
2619
3241
32148
14017
4760
1594
2889
6291
3441
2668
10095
358
42765
4434
348
82
727
969
3695
29250
3310
2015
918
1163
861
12281
4418
6559
2
14428
3186
860
303
245
346
1624
81
1926
3320
17157
524
1704
8642
406
5056
6241
31
365
221
739
1425
5897
18
2718
6824
888
43
9
71
921
1597
1007
710
195
705
18326
3470
261
2942
866
10736
8665
31876
12465
30224
26636
8248
80932
2054
10704
972
265
461
1310
18
564
621
3933
13403
17921
613
1150
8662
11685
109
3656
10413
1521
27004
124
10632
510
156
453
385
7146
2779
2006
34976
10504
1301
1998
4786
8693
285
1085
761
1465
1348
5247
14828
15
352
571
11599
8
554
493
305
1069
15017
37
11644
550
294
303
308
3359
1068
1008
110
3873
3332
1374
6292
938
305
6339
2308
1561
13752
29968
5887
19820
204
4274
26304
244
839
141
818
3471
505
144
13564
774
19481
12771
514
745
6173
11717
660
12
3577
1864
876
94
15563
407
366
22849
1874
59978
2768
82
29
32
1494
3558
6564
1852
861
1013
1454
2722
4678
427
4098
2775
1149
2455
305
777
50
491
6515
56
997
207
36
617
1143
67213
758
317
5157
2692
4251
983
235
61
2107
167
1777
4907
1603
7027
1749
470
246
59
171
21406
45670
782
7175
196
1105
686
9089
5502
1334
63
5881
3479
67
872
15673
3313
1331
4261
5197
10904
2046
1259
527
1020
1349
527
89
3854
1338
94
393
191
10
1016
11833
1022
2183
1557
202
4413
4873
3691
21784
22101
48
253
623
43
288
779
4414
580
1
31099
3547
1850
182
392
371
599
3606
19918
7520
225
255
15
3989
6014
5280
31636
25180
6565
9704
2130
1839
121
3297
28108
6436
11657
1264
2006
1903
27
616
362
16752
175
95
2906
831
396
7229
2721
5229
3012
1
3831
3885
525
2137
9
576
4441
1738
2195
1067
1516
1958
1423
80
134
9142
148
111618
9
1243
16
151
494
602
309
1223
18824
1378
788
19982
1067
152
39126
198
3605
1420
33
2970
1694
3167
388
242
13167
8213
81
6799
189
17013
4745
5936
572
5216
397
1
175
72
5344
398
138
16184
2598
24511
3629
691
89
483
1772
4999
1
59
353
10463
1385
11226
5247
1003
639
1334
3914
5811
15795
31260
1726
2343
974
1973
42272
63214
1
48
17148
1294
19793
5764
9467
2733
49828
20198
310
1
964
3277
15
1335
1786
5
83
9761
846
539
935
908
1509
8806
3291
4042
35859
13457
136
10946
462
2
177
7306
341
1668
152
921
11170
4939
4717
8888
11468
876
9
2060
3885
22107
1089
458
941
252
404
1247
3878
1199
1087
1261
25
226
6215
152
25230
2205
4451
130
829
5575
2658
24
369
1842
834
9445
17631
3373
1690
1967
281
1509
9
1689
7881
2048
8594
2476
2902
3095
3407
776
584
5054
2736
8090
2018
1557
1863
1056
5075
699
2189
5475
1448
207
1248
409
1719
777
27
3169
740
652
568
15217
3309
2648
370
93
1
491
39378
6405
4110
1340
794
713
1996
292
759
19
6128
5132
11543
7853
905
575
1861
1806
416
995
1381
89
27986
32
8
9
1989
3596
665
696
1857
10956
30387
41529
14587
3547
243
12307
1734
1803
3477
5570
1488
87
520
1512
136
90
167
8
613
2057
3678
26
273
2478
82
249
3264
2410
698
14640
287
13243
8
20385
204
2995
6440
5991
66
64
467
1199
13827
3399
5518
661
3476
805
234
221
3213
7434
338
1960
2343
402
3
3113
524
1602
895
1824
2529
3324
32
2049
2098
76
1610
44
174
169
3694
260
703
713
63
1209
3006
259
53
10692
2464
6757
4646
44822
4732
991
6853
10274
9418
163
553
11832
3673
8487
1416
478
10
27391
2395
164
3979
4526
28366
968
634
620
1050
19876
2716
186
6044
6154
2955
292
11010
86
101
246
927
1005
6
1911
516
3252
18174
88
4027
135
495
39
2853
2399
4033
4702
5413
40
358
1001
1498
465
255
3220
283
13547
138
4586
39
11189
441
416
104
14314
821
6861
34
408
5204
479
83
13559
1089
1094
29
391
1
22466
4182
1694
4342
60
1042
7615
219
906
5714
18440
181
23
466
127
9153
4146
4072
435
74
5787
1019
170
86
142
254
61
945
902
174
3705
3051
20509
3535
862
226
2875
7036
7198
1998
3209
26
3462
6975
4878
1252
2290
930
1427
57226
706
1715
1729
25800
68
913
46449
19866
80567
328
5956
11164
28
303
2310
29440
531
532
3161
11
1453
26714
12137
37268
1849
34
190
746
44
24730
557
13405
22534
888
11782
4160
1308
8105
320
1854
2738
9630
11769
4291
43
1226
23313
3925
2110
177
4732
482
482
429
31018
13
300
3284
8749
4
546
738
196
2501
731
39359
23667
25295
815
323
685
208
21175
52658
19049
151158
23
7714
27280
49168
137103
4088
12305
8700
25330
1364
147
196
1537
34
111
143
673
934
268
9
1411
622
83
20
1
2493
4430
1001
336
669
361
347
7945
116
332
69
2606
4826
1037
1294
187
13636
1351
116
186
1043
58
1253
1003
7326
110
28
140
63
465
2109
2624
679
3325
539
13445
2579
2249
160
126
1039
4963
6033
411
1642
1753
2958
1072
13328
688
7770
3267
545
362
29
56
2007
6467
52
984
35
96
47
904
46
628
12283
4995
23
309
2338
394
1200
4156
6833
600
9127
9463
82
515
582
385
2249
175
161
45696
2687
11048
1766
96
80140
1818
22999
27007
23888
71
592
3517
1339
11305
12153
22323
50446
19236
534
2235
823
963
633
2081
26548
5310
4915
370
1543
905
1294
18603
1263
244
58
5844
2168
14908
186
3215
3498
12376
385
2884
7060
2895
825
11425
4986
1054
1263
1611
52
263
2155
246
131
3320
3206
124
320
152
760
3411
2091
4598
238
1225
1145
13
5502
101
14106
190
280
110
868
79
5046
266
143
17
218
8005
842
942
269
433
15917
677
193
456
1946
5328
10137
2959
258
14588
1419
87371
201
832
997
6773
8083
1676
562
4048
279
1419
712
109
1160
9
316
147
1186
26486
1563
129
1117
705
4725
5386
7474
4874
442
2880
908
6322
740
2535
2131
3962
2277
53
639
730
44347
5976
3301
18969
81
4946
1292
4272
5733
65
1434
1685
61
267
182
1572
28909
1
216
188
3344
1162
1506
4172
423
32136
543
986
833
291
7622
1679
4263
4753
325
6923
1456
201
5488
4606
3986
1247
5877
2288
56
205
781
78063
4551
5401
12640
11191
27133
1426
1573
355
15790
52169
595
1890
2042
22
1050
550
110
2206
653
10528
1
146
25
12117
168
590
3171
3846
972
100
3331
1626
4473
100
573
8402
413
364
820
52
6453
943
1921
608
3191
44
27719
1649
156
141212
18102
57855
29450
19383
158
31398
11393
3479
38155
109723
25
35280
17430
2812
15713
34468
167
620
2982
276
79
18626
393
2541
15791
164
2347
3861
6
17
2388
2856
641
4449
381
1100
3871
530
25710
49
55788
386
173
2806
1460
13052
3763
9511
794
530
2
300
198
1040
767
38
1969
224
333
2715
256
2367
1410
2563
301
354
137
4200
776
159
3132
514
180
57284
19319
40
739
2524
4659
16300
16
12543
10701
98
324
14
196
1493
1089
845
381
200
2575
540
1614
2446
3362
55
2
1542
1566
219
10379
992
12286
1
2555
12485
134
17800
25565
192
710
1525
2763
43
406
843
449
4124
3511
194
175
85
3062
132
403
68
62141
1987
126
411
4863
693
704
3029
50417
5676
4570
188
18
9576
505
499
386
5800
3019
153
155
175
356
4364
433
655
396
207
38851
9520
1312
587
1511
35
291
1350
32658
596
4858
302
3108
25
2164
3312
453
424
1311
17601
60
235
54741
24
211
5402
85
144
5130
5827
1742
4868
382
9617
460
644
153
1
57
1191
280
173
123
1144
404
68
1849
160
5024
209
1018
895
1985
628
6756
6951
86
875
234
279
429
657
464
2578
4887
5341
15337
1976
2383
3321
11487
58425
396
1952
360
430
970
44364
350
241
9648
10687
1856
621
2179
2060
13710
7327
2429
530
20092
3873
1736
1043
187
1950
12280
11700
12296
1656
17471
135
3302
219
1787
6518
4454
1
3767
5748
50968
2460
64
522
4053
819
4297
663
778
792
12
7641
60
6065
813
7424
1285
1724
3248
371
1290
23857
376
639
3227
1964
3617
2637
30
34135
1470
3597
2453
6664
3802
1346
1674
50907
3067
567
42
9894
260
15019
2827
904
183
27
855
254
549
288
3835
73
2021
3293
2769
1631
856
230
2365
5555
1
15741
100
311
444
2682
744
311
425
1488
2195
6594
10259
5788
8240
4289
477
1168
990
835
1907
545
2158
5666
609
12
1529
1276
2406
7520
165
978
8155
1
6589
3842
101
94
159
2564
337
8547
425
120
133
47
253
308
13
1567
1520
4415
395
6171
239
501
324
2159
4335
1046
442
944
15023
15124
461
28
55
707
809
3222
97
117
4878
8514
29784
2202
2799
610
307
19562
1090
2105
37361
212
3335
96
1
1429
3892
1957
228
8
484
10112
2181
118
1559
311
11979
99768
2277
25469
8223
7443
2351
1712
1453
44
521
759
621
39192
786
1263
268
391
1534
160
1030
9729
63
676
81
17734
846
402
2876
529
34
417
1579
510
5049
30
22026
277
59
594
104
2873
12205
583
2697
4229
864
446
125
51
1138
41
5810
1190
5313
12701
9479
1204
1581
477
390
3869
1259
2686
193
532
1361
16754
3222
1707
159
8
326
1625
3225
1559
54
50916
152
2463
25010
224
1501
3235
23
7577
6092
10
2476
4401
25022
201
1185
15953
944
5647
635
454
64
902
698
513
2642
7766
497
9
1193
28
597
1880
12163
3143
4101
874
685
831
2573
11445
10800
514
1738
469
168
279
53
1043
7515
14
1345
108
42658
97
5510
54485
161
1454
3242
12740
159
242
10168
1
110
536
12520
62
2378
28944
62
894
1572
18465
107
1
1217
2926
6040
384
187
8898
19846
2985
2151
12733
601
5
1
347
38
1484
1190
190
1282
5909
1190
543
28
2792
528
8841
6126
6440
12
475
2690
2245
2885
73
18
6576
248
77
13972
187
817
183
481
26848
575
79
749
897
1591
5455
5827
330
1527
72
11340
1946
765
33421
1163
791
64850
3642
355
2581
3680
26563
2328
27
67
5180
591
4869
3241
1959
6423
23
97
3840
219
1591
775
1630
488
1179
125
1339
2157
2115
160
756
136
1751
34
396
854
4447
6
1370
76
48
478
8639
252
152
258
2250
21452
140
16855
1479
300
806
1123
152
21
17709
1149
186
2381
937
404
2157
3101
1338
2586
844
220
11127
9328
678
18820
58274
457
3831
2519
716
63
957
73
797
4222
2248
670
6172
277
754
43
9317
501
14133
283
442
1014
260
153
1927
331
5515
1763
1270
3
161
87680
253
211
2713
3256
122
1954
1973
785
7073
7039
2069
6420
21405
18582
735
320
906
490
21212
4385
4532
434
6
262
5854
18991
934
8443
1540
1083
4501
108
8129
13
76
589
43335
20095
389
9444
5493
1356
80109
1597
305
83
612
9
408
1059
85522
2029
6007
318
1
26990
218
274
1022
6655
12763
2499
17202
2798
3864
324
3363
223
58149
2
54358
2484
709
13252
135
8
427
194
24
5016
838
1215
588
175
634
1199
1320
1456
507
876
27307
16027
260
3825
20
1331
41
156
5514
4485
885
2444
538
1143
5885
11512
231
353
903
531
10
450
26
2026
35174
4809
784
607
340
23722
662
2942
12244
48
171
835
14113
4427
7474
842
13648
427
17737
4549
322
2257
191
17
286
710
396
66
10291
1307
440
5001
949
18
43967
13375
482
13087
3184
6518
243
4114
4024
219
338
4881
787
1309
2196
4449
2837
2973
2609
453
365
5518
42830
6553
1034
90873
19
2380
9538
1188
1219
3442
485
927
385
1291
38846
217
11434
13562
6783
231
449
336
27
2867
22
2309
1384
94
1699
142
6178
2267
47562
1794
6276
189
19395
1432
307
2046
153
1368
313
231
24369
358
653
87
870
1569
3540
756
34
908
1409
420
3135
315
922
57
1286
22689
6
17954
1796
108
84869
81
1678
602
64
177
1813
269
1501
2
2174
2748
1579
929
26342
1010
420
7390
907
3667
2426
11687
567
840
1
2690
838
631
3948
8030
5385
424
7984
543
262
10
12418
1858
451
1
1944
11
8
239
10677
5609
7514
999
3954
115
315
368
98
149
363
39635
2182
1043
1086
1586
121
1843
188
5036
16568
2512
6114
469
6728
10288
226
832
893
3357
2266
1549
904
734
1062
3519
72
851
441
1170
86
74
302
8047
353
28490
29944
1
26473
627
67
1121
670
2790
1121
1532
1032
2709
1798
2110
13562
3578
13554
6393
3092
4222
6521
9995
5779
1013
739
318
7493
7887
9174
3285
678
260
290
483
5398
1220
2204
5436
293
801
1752
15356
469
317
2375
2199
367
3448
2686
464
3741
2947
1979
2617
1354
300
342
230
4331
3978
17
209
1427
5289
1068
110
171
4264
35
11393
464
4020
4512
588
626
4333
1185
255
772
707
21386
942
5736
26618
161
4230
2992
1230
3803
129
1
1317
157
3947
74
2014
6470
1203
134
162
1369
8886
2081
218
308
2068
2830
1554
2500
2828
150
371
2012
5
3857
102
2428
2910
2686
4034
338
449
5546
391
48
11678
366
378
1002
111
3949
242
2444
1841
16951
312
1950
15230
2209
774
942
1644
14087
38499
32
580
16892
3161
144756
102
20985
44
27114
204
26505
5776
76298
28292
22
122249
8054
17464
9751
717
5955
983
2163
19650
861
7296
1001
19862
1786
6029
536
19740
2262
412
122032
28683
7617
751
24813
82767
392442
7602
5174
774
21
227
817
7260
2377
942
496
8936
42
8088
5923
47
212
197
4866
367
39
218
417
2898
6924
5610
20139
542
3067
9638
126
1552
155
12759
6759
18069
1552
4064
2038
73
193
134
166
46
6866
6411
64
357
21371
1451
17161
595
1190
316
453
55
8309
431
4615
2604
1394
14919
42
1363
905
4721
394
229
5077
837
453
9281
55
26830
7879
537
2412
85
294
4165
313
105
1369
313
1261
2113
2191
1785
8571
544
49
5794
1568
768
357
7022
3110
2722
3902
8461
3710
2403
1
16613
560
112
17
290
416
6878
10131
154
11204
3276
39255
1361
39909
1548
970
6490
461
710
12185
29
14961
776
674
180
1451
13452
3282
397
4312
2477
797
302
25
1323
153
168
1605
62
517
566
703
181
15
1283
939
15883
3920
44
1166
9745
2491
1173
421
96
10520
1170
2105
1791
7349
426
472
448
813
1509
21623
645
504
1678
19224
891
1391
516
128
5925
42561
207
12987
10747
2368
693
338
2925
2364
2640
9
318
3914
5433
265
345
350
159
68
7060
782
5736
3033
858
145
417
5337
23969
20683
68
9110
2899
1142
6857
158
186
2607
1277
317
9704
285
2606
34
3318
718
1919
725
1372
22300
15479
1261
7428
608
5504
276
616
74
16
7969
107
426
30
54
36
579
1542
985
472
1526
286
434
517
494
1126
5648
15
14447
1764
482
626
202
1183
472
6273
57
121
976
576
759
3280
319
24344
614
7605
1664
439
5202
116
92
1241
2469
201
2951
1761
3259
1
645
473
7654
6214
16214
260
111
4616
247
401
2872
368
364
15
20565
1870
382
535
198
7096
813
2901
4978
2588
498
54
32196
540
35211
33761
11131
1400
3033
42473
9222
25901
4700
9591
21196
71789
3045
6241
9
2387
12329
3813
602
6384
251
14697
396
47
4561
1187
3730
3626
8367
3600
10821
1737
831
306
397
26
120
802
467
328
12755
221
195
12871
3417
6486
238
1872
13161
39
7160
6049
2993
37319
146
36315
4838
2696
1176
4327
102
2252
398
449
480
1107
2353
2293
1645
141
10645
1111
1461
507
52
2422
15924
4988
1194
5887
6858
2871
240
67
180
8410
15971
1
9440
6584
1761
4183
879
310
14439
13895
23
2372
6096
5551
2322
2989
1568
924
15065
270
13854
405
788
1
111
212
1890
205
97
197
3571
31
1802
1326
1863
15462
1132
22
2845
830
130
29188
54551
2318
2503
1226
53
1
678
703
236
3016
1457
1876
623
326
1446
464
40086
3119
16128
3282
533
569
10998
3099
6582
4079
179
118
16819
1669
323
7382
11481
4301
110
706
39367
225
523
992
62
219
5
830
19237
116
220
839
1419
2306
35850
1716
12
580
314
5074
294
5115
1624
356
1013
159
1244
218
154
9448
19945
19
525
1367
2233
9266
7900
9372
2092
44015
3404
3785
22559
3200
3422
9551
9216
440
77
3462
1719
11099
713
36590
2204
5940
800
18907
919
2328
8744
718
8653
132
103
3006
14
24270
8556
2401
1022
892
25515
65931
2641
11703
4367
54122
22388
32360
2200
8687
320
14924
282
7661
661
2
847
32710
322
647
12507
2077
435
2797
1
251
608
2154
1729
4582
1345
275
509
836
671
777
11771
2750
981
6617
353
10600
19
402
117
5950
13
12814
4433
248
546
1927
9235
754
397
20
34615
1293
4891
447
222
7
2050
233
2045
2749
159
401
515
1419
11
12467
7561
3233
5387
30996
8330
50168
662
1726
2402
10686
2824
207
9623
1312
31454
3000
18094
1218
48
4247
6794
13245
508
10686
39440
8375
45
172
3777
2213
13373
5305
17176
504
104
83
3855
3426
449
697
64258
506
1670
47
16632
2811
198
41271
484
460
5743
399
4
14101
1724
218
257
485
67
11544
1
3344
17203
1289
252
3989
13176
1197
244
1731
314
93
20645
16297
2128
236
533
67
1156
274
3134
28
17324
2440
12
10362
11204
561
7292
2166
48351
857
2733
115
50876
879
300
1798
2974
49
1984
1963
432
72
487
4104
6019
9354
5384
1396
12904
22378
937
103
1380
6091
420
84
230
233
415
1910
7940
17071
1181
17779
198
42953
10224
36874
292
81
1098
4230
39
212
1
774
7
2162
1113
261
563
299
1059
813
2352
189
538
9799
4190
311
70
4449
17360
3567
3586
389
43910
1881
17836
9465
402
640
4204
267
49
5233
2082
6666
394
181
3335
3900
59
72
5275
535
1526
50431
717
794
76792
705
1334
195
64
439
1529
18315
301
686
619
2438
1219
55
334
10583
15793
38
8
21658
136
595
912
117
9717
376
4126
783
1029
168
7911
2073
274
2884
4286
12619
31
49
954
377
3338
383
2501
1142
49334
769
1583
8724
43400
350
1840
9658
1190
1069
745
1284
10956
21900
2563
2021
13274
84237
10724
185
193
1869
1068
284
3014
2816
2555
24981
7204
2
492
22
18794
358
2293
7191
1
4462
48
2474
2785
56290
1584
23037
37605
40707
2274
8423
20970
171
9975
5080
791
3529
216
54
731
5113
14467
236
3669
5040
288
497
4657
6146
3707
1355
1749
1649
224
2079
901
3949
79
74
150
64
17711
655
588
45280
252
351
190
6240
7602
13221
734
1321
466
6346
26929
195
323
4551
21817
833
40647
49431
12850
213
3035
622
99
53343
226
294
827
598
10642
21
17
4468
786
198
8
1190
110
2925
1911
168
2532
1199
202
244
1676
357
52
496
6961
8317
442
202
791
45
600
2266
294
1250
175
12950
337
1532
14040
1745
316
647
2766
448
5943
1234
863
1034
371
63
381
5402
3834
1423
3696
126
429
1331
617
13031
330
3580
1475
111
1
188
639
369
659
4420
8596
76
18229
17301
37
464
858
1227
806
1969
4
263
186
657
3158
5
26
1649
1924
327
154
407
321
86
1716
5
18885
608
225
421
1787
7357
181
2146
7538
11
6519
9334
339
537
81022
2307
541
50759
316
29515
7058
178
144
2095
192
439
3599
39
634
1347
528
1310
2748
365
1173
1818
249
2185
5605
1688
14915
19555
8578
1902
8067
483
177
1055
296
4998
128
20101
32
3215
139
1989
4882
4535
329
2258
3225
1886
11244
769
10890
3341
110
4441
12244
1904
7766
13816
2269
3146
431
2062
66
9061
164
2786
565
1531
3225
61079
464
3190
13383
3691
26
4713
56085
3222
586
4891
19449
15296
143
1799
1980
1286
19786
49904
139
5607
2210
476
447
31544
17657
4854
426
47800
49498
3
9164
2009
14571
255
34579
10055
9016
250
743
22299
7479
8876
1608
74
4343
4188
1037
191
387
81
1002
143
1496
208
210
12178
89
26112
715
4975
7149
432
150
298
1015
492
16244
35
1337
5602
1471
286
6841
6029
3067
69
904
2577
2400
174
856
60
49
1730
9072
519
398
3213
82
3129
2532
713
4706
14594
16
1176
772
523
122
547
124
152
2135
5773
1445
172
72
75
12446
29
110
3550
575
5218
1915
14604
18682
11522
807
250
1010
88
426
1341
1767
42
24423
5434
2787
43028
685
1130
323
12132
208
454
2694
51
2530
497
5146
14697
16987
28006
12569
209
23034
268
686
2719
3896
3749
1961
479
81
3435
982
200
367
4715
894
1811
232
2610
583
1334
271
647
1359
4351
5361
96
2679
763
1486
1481
15
15475
25469
2139
4468
547
9556
735
2938
6038
8814
646
222
74
453
533
549
2615
866
1497
7757
511
331
43567
8687
3787
472
939
545
962
1044
7577
2573
94
525
655
71
6521
1316
27567
315
23229
1394
187
7958
900
496
2
5589
2081
12431
1261
14364
3822
4176
2580
8869
639
2873
194
276
2414
2244
511
9926
2791
267
1163
763
1206
4025
1070
176
1855
237
311
87
2200
552
371
1679
11902
14
95
12760
2141
53442
1458
2034
2763
1498
9161
1445
218
14891
2677
2640
186
1763
934
3843
812
2036
327
638
1085
127
540
2138
1201
7347
10950
1391
26365
430
4119
1762
19129
2372
38
49112
7029
10330
215
47
132263
21577
12854
1533
2977
10448
6879
8956
1991
1847
3940
3555
91
286
1113
284
77402
4736
310
1371
8313
25989
18039
15296
1609
9639
11166
8095
693
15672
2776
405
728
417
3956
237
130
229
1414
5183
976
15871
1977
5680
1309
438
1235
103
99506
40
3271
54
275
1879
4208
482
5911
4261
34
702
22
268
636
2736
2303
1334
2500
69079
74
54
2280
1983
818
2856
9966
9104
8343
28
11028
15
714
15418
36442
5776
1165
90
3292
613
307
1537
118
761
1039
6476
3112
20717
43074
3003
10243
4048
2548
4070
7796
14392
419
1337
43049
8035
12287
45522
1798
8679
1403
9737
4388
18248
2253
10641
271
1235
1239
1586
5111
642
1449
83701
12970
708
3216
93
284
12022
24285
1955
2169
713
196
310
28074
148
1402
295
13095
14037
5925
14265
1695
1513
2577
1348
269
1674
169
6084
4032
1727
45911
2551
2216
740
484
7935
3551
2288
19832
7602
447
1274
461
6114
180639
17403
839
6966
31
3277
583
6695
1154
7630
17018
2781
353
3438
2039
40875
217
3832
3250
22987
1144
193
1150
2430
223
6272
3088
2459
939
23511
759
986
7358
160
3657
1181
658
266
205
85
230
172
1016
420
3369
4823
56057
539
688
872
68
8559
2762
26027
1744
1049
7745
3063
11466
2050
66
5719
36875
4339
52
270
20867
67115
23947
207
2670
1749
7456
357
24939
1186
228
26901
227
410
5176
28129
22215
1078
115318
13558
40391
399
3200
254
193
157
4040
1200
963
5223
2813
390
2378
14873
2610
4278
6755
2544
421
539
29
3184
7029
1714
15296
195
3044
16777
96
114
17844
2949
26460
347
27416
493
75
3537
1096
593
582
431
568
399
2143
1494
1484
596
247
1636
1376
3214
346
21657
1422
4210
6973
1213
5325
1510
439
6053
205
5920
676
1661
666
2875
550
1745
179
68
5405
13349
2014
12129
8232
419
328
7499
5878
2234
2798
1221
7418
346
3920
120
13647
753
4107
23914
1072
37550
161
9147
182
55
90
529
617
255
280
411
521
520
174
4063
86
740
36792
12112
817
38567
797
37275
807
714
152
1967
4524
134
356
94
1644
50685
2119
506
17
466
1854
2973
5566
1494
637
3507
9453
1690
6454
4538
5
1209
213
1
16757
5992
7155
115
721
560
1733
618
2613
1577
1244
142
277
1153
9639
7429
1502
388
370
2530
10381
61
2952
2874
49
291
1343
3079
952
111
1120
127
281
821
850
15674
2008
506
2984
211
452
192
8434
1215
84
23
162
10422
215
615
5843
1704
96288
1
181
4744
207
23
206
490
2580
5835
111
211
34
1557
71
7676
13601
53
44
299
8437
19606
1704
462
2
35923
10
115
1
9023
65
1286
3252
532
601
2052
31
186
2098
421
32225
472
83
1076
5601
584
4195
6631
2201
129
2761
1131
21552
971
6808
1668
29509
400
234
379
589
271
58
60
578
190
3161
9635
548
2561
8244
361
496
560
292
584
60
709
71
3177
18524
3945
118
156
3326
489
578
950
294
34
258
472
6933
23
252
474
879
1050
1634
150
4353
6501
113
2476
849
3844
10
1694
689
635
453
1548
1259
1715
80
45
427
10777
2543
906
5990
19601
66845
624
131
283
517
243
545
3986
8
319
48
39454
585
808
795
1188
7453
39544
85
38389
842
213
3038
469
2758
669
2378
6436
54
2779
675
10145
866
11912
165
77
13779
434
88
2278
13
86
8202
5648
827
314
10
2557
576
3170
846
440
1010
5096
288
1777
12353
4727
2497
2198
156
1022
534
18142
3326
6578
185
449
360
343
1917
41908
9243
6458
25525
3703
36
3232
389
425
424
1903
1659
308
180
8102
1950
835
19983
1065
192
16679
121
57546
831
733
675
124
2584
8173
14925
143
2506
189
1216
1005
50
20509
8755
33309
23143
6523
4842
2
6
15339
2565
3233
94691
95879
12435
711
576
5346
1296
1835
59
2375
291
9517
1782
1033
1299
480
129
13084
7343
3270
3405
8407
99
8365
7051
5110
3906
1433
6931
625
818
12225
12
1668
584
1302
7861
4274
2117
44084
4441
685
53631
704
31
413
494
5259
451
1190
543
29
17401
196
1958
1503
1109
1971
1047
581
4293
966
7354
22
767
9223
2648
19883
41051
178
72464
6315
631
14823
7972
1667
4262
180
983
2202
8212
707
19513
2471
22737
77113
23889
14207
6143
50994
22145
13542
4103
44700
1564
1515
797
16163
26754
25496
1646
528
2073
22086
2621
702
1794
8473
1190
4489
934
5905
553
716
2866
2093
8666
1083
561
1664
2637
210
176
285
32708
2580
6035
1979
12999
421
217
21
1340
3658
789
3715
113
35
2158
1303
923
218
4101
29819
19580
2370
577
3398
912
790
568
4382
594
9630
10261
916
374
490
369
10450
231
414
971
2033
2611
28
696
726
531
382
169
192
114
577
225
468
1
25
10920
29
465
821
888
1587
228
175
31255
107
413
402
266
5347
64
402
546
392
82
391
277
1910
12904
1915
1497
16832
842
1168
1320
6341
1392
5410
4254
683
2417
55
1357
2030
606
121
323
1027
3384
1236
575
1848
88
633
7971
130
391
328
2756
551
6291
23855
1628
21520
11435
177
1018
1474
11
212
2416
2618
27
14
14146
3962
2393
1430
710
4230
128
1821
8621
684
351
7420
7014
43886
44263
1609
159
14736
18452
11566
979
814
998
1165
82
188
1010
6136
2516
159
1300
1107
1404
311
736
6147
240
494
229
277
4135
261
6194
89
199
1099
275
12286
5140
1072
885
24132
235
68
4692
607
31
6691
1433
14004
443
193
3027
465
399
596
318
79
308
151
603
193
9841
5462
1081
19608
23340
17106
10210
1471
3260
1064
616
8296
4147
2808
22975
1129
4747
10533
239
11321
2216
7099
63094
705
574
5437
11639
128
1085
767
241
223
938
184
61
4600
226
565
487
251
441
561
643
700
749
2789
352
2214
121
1201
1222
90343
31656
34813
1004
41
1545
1654
2251
20
1927
45
214
189
854
15461
13827
217
1940
793
41
23
1781
1
1664
108
1539
4910
247
1675
1702
46144
1395
2193
2543
963
1785
2791
3542
2667
3025
870
9372
4735
155
463
712
46
252
6349
106
987
7661
1521
616
8221
348
2166
1675
42283
3729
2142
47968
12166
7879
600
9674
33553
4807
474
5991
13391
110
34
1944
20300
14
15798
2623
148
14443
3271
129
1451
2814
443
2225
1139
4152
1894
225
3608
87
254
637
53
2244
6333
3803
6893
9520
10883
1104
10383
25678
29152
3245
38775
2536
4185
13484
11279
1175
5285
442
306
38472
200
3321
3231
363
15
5060
12219
7085
14120
8020
1536
388
73
6770
1
934
16259
13548
1324
10353
12765
12576
7076
4667
4905
1189
6364
1022
5457
39
1875
183
3321
13511
256
11353
11269
6487
3290
3371
4798
3079
59
9208
1181
1318
3935
106
15
330
54
66
1229
8972
1310
2
26
6846
322
2470
8235
824
707
1434
66
1474
168
3099
74
873
755
18931
7986
7
802
4105
438
623
1916
5937
833
4076
380
7374
15601
200
1013
591
4034
2563
1042
251
628
306
327
472
2609
162
7277
239
57
14007
5178
3928
1092
28586
15728
22786
3671
2219
14722
5520
4931
386
15093
449
579
8979
3793
15178
3331
158
2132
27
241
124
15
695
2589
2258
42
10078
855
2189
234
1490
11
1284
1424
1519
558
16280
6723
54
51503
877
3183
16424
30687
6627
3255
1493
1330
178
598
1914
64221
154
48
385
2467
298
446
3465
648
142
57626
5138
12507
2189
20
19439
977
461
1210
2242
136
433
968
400
1699
1
91
1295
2916
611
6
15790
1300
4418
2079
1108
16327
4638
20322
1770
12655
11838
4371
23240
3420
138
14754
11995
22814
1815
1431
1155
1751
6025
12721
148003
106
640
3108
1583
1052
744
2726
4852
230
4017
1826
845
66961
67058
3008
1857
22693
1130
28
98
1918
324
41033
754
597
1261
6959
195
852
551
57
2871
6901
389
93
216
594
21846
92504
1938
6276
556
2960
5006
1611
1544
760
5718
623
475
2373
98
3948
326
3269
164
857
256
36
750
762
5387
5646
3175
6458
1584
594
1449
8066
138
11663
736
876
1883
1547
4618
1275
1838
1751
404
6853
9308
5451
21
13719
462
613
504
613
686
271
18
145
378
274
2349
4377
6056
55
6762
18972
9736
951
1016
407
826
48
54
367
188
6013
1271
4609
3392
6201
3807
1766
1344
407
799
2449
575
4543
75
662
137
8575
2552
4819
154
2928
20796
641
85279
15973
6994
945
350
353
7843
378
2997
1865
1278
6212
403
4730
1256
1933
2735
3868
579
2211
7582
2234
927
6721
7562
3425
7410
7690
4189
1493
2268
2132
1277
1866
1717
1058
2036
330
2692
3007
1701
4150
2433
5087
1969
8248
4972
149
8148
9844
975
533
102
210
226
336
381
53
729
22880
219
6383
12154
512
1635
3549
184
525
16313
729
56164
16698
624
2765
1559
29631
28536
297
7578
218
3249
72
3122
13134
1275
536
560
27384
526
663
1560
8063
159
1309
382
446
758
7375
519
1491
506
4199
846
518
1697
1351
6726
117
9378
10238
1262
10864
152
16533
653
356
15737
493
217
15910
4876
22771
1306
1213
11811
313
1784
60976
1288
1686
2672
6482
6
818
709
757
48
55
3928
8604
1519
7
38
1471
790
2052
1955
362
3031
5238
2267
2359
343
7838
420
349
5051
224
6870
1280
3217
8572
6938
1065
350
72
6056
123
362
6926
14768
592
827
721
3575
153
66
351
129
7383
959
357
101442
366
337
36331
2996
2646
13762
247
811
662
1349
27
531
139
249
121
830
1190
83
684
104
163
2773
122
742
3233
901
6815
188
721
76
11785
1821
116
4681
6356
1846
753
577
903
413
4989
1356
1988
5970
24
61
345
111
15011
2052
272
9041
835
460
4804
469
3556
5496
9896
120
1591
69
450
1465
11723
1816
2504
392
571
802
213
329
13724
5
99
6094
7018
13181
379
3591
17248
11467
5025
1081
17331
1096
14631
3749
562
2341
237
144
10355
244
1629
343
67
2540
434
1379
1667
849
1081
2740
4004
17
390
546
40
28733
2507
436
235
3957
447
19130
14685
70
5682
5269
34
1568
2204
2979
2616
182
296
2106
1700
1553
69
104
1884
2780
984
3069
17127
383
1972
10129
291
300
1333
1133
12705
8116
1175
8430
24381
2146
1159
1206
801
444
2652
1293
2365
3058
2109
10030
1160
645
3083
11
2534
1183
772
236
155
1
90
33
3370
137
1
142
1052
2260
583
230
1461
2678
10650
14731
38349
668
6038
3984
10903
14836
6395
1244
4128
4595
56910
281
1389
51988
23585
452
1702
2684
6725
2304
4251
19865
3740
1734
2969
15633
575
53
4666
636
2807
1676
819
18199
990
24730
3421
2236
10715
202
4629
284
457
12182
4459
658
181
2892
3255
6814
4215
58
1907
75
200
459
1900
431
716
14359
2038
1
276
641
12
498
4848
3729
1619
2114
61
2956
1475
355
392
3559
1896
12
977
25573
3285
3781
562
216
1
3001
1699
1361
13399
7838
1180
2262
124
25
1855
472
16017
250
1081
436
105
346
790
29460
158
2217
587
696
8538
4924
435
968
1484
3221
2374
186
3514
11299
213
55
191
2048
1038
19
492
16
3499
13593
1189
2820
47
543
102
428
203
1069
296
693
9993
199
7657
1855
49
352
781
26052
638
263
1936
314
714
3594
1475
424
146
656
11904
5486
563
4289
374
1759
2213
14522
316
4385
5753
132
383
273
61
2049
3657
20451
844
939
20210
3036
10188
16695
62322
1570
6199
2370
21103
10222
27900
17128
26746
3736
26592
21232
7584
2571
960
535
1537
1922
29248
1531
1300
5399
933
53380
11207
7917
4320
3718
3662
990
3784
23767
18978
690
525
4748
5677
689
27
51
2643
413
1045
2115
722
195
110
1
2696
835
60
2037
507
392
1966
489
17125
1587
984
5618
23830
18879
354
2391
72
2162
8747
6833
10779
1558
27107
576
213
18323
2787
9226
7
30960
10745
335
350
8921
18327
1568
4481
840
869
1475
18492
318
22057
63
5641
561
13647
1989
13064
14690
7895
23276
3557
656
1050
1
1367
171
48
13133
2022
1036
1218
2991
642
835
1543
516
1470
8
2050
3744
2060
2567
2398
1196
1
5664
989
316
9441
497
6018
1702
8080
9508
2237
363
862
1413
292
1359
1218
38261
10
2296
13532
1265
230
874
3335
973
3661
7649
481
17466
125
157
2126
10847
4
1537
833
810
787
3543
32
226
782
146
291
3603
928
157
706
41
90
323
68
3231
15479
1440
15046
1677
571
2638
7
225
9588
3265
30
2866
23266
17779
7589
11134
228
327
84
3249
925
962
666
9961
1477
1154
6077
7474
437
1176
1453
352
323
5041
6945
39506
25766
1405
5161
51498
6807
15058
27851
1905
59334
13051
10024
274
4740
267
8688
21373
1364
6492
51077
27366
11234
4174
829
2283
968
3192
1077
21456
417
12954
1402
5424
4078
165
33
141
4888
7154
20851
558
215
667
283
228
416
84
276
11025
13891
800
1496
8
245
260
375
14
1151
21746
3911
1461
252
359
130
1005
9457
953
17340
543
16955
1076
1925
277
603
246
2060
124
3127
749
292
1097
7770
479
1789
358
364
35
1194
403
1042
2664
3275
228
368
2510
100
1370
1083
2101
1067
1497
833
1335
935
232
4035
16
1980
3657
403
1353
6839
90
3075
3084
298
3803
38
45674
1274
5081
1563
95
2066
444
17
16347
514
136
250
397
6011
3858
9529
497
348
531
2152
5980
83
45
132
395
941
480
395
2034
284
667
7
43
28
3149
332
1
325
385
2095
4634
14988
247
751
2488
9725
691
47549
8963
1205
136
1467
9431
43
2212
1049
794
828
831
355
134
620
53
112
82
1370
3167
18769
13680
11504
232
696
409
403
291
249
11764
2151
4315
3066
226
2607
3165
414
6960
1314
839
443
1435
4491
1575
2647
14254
23629
127
374
98
4036
5458
495
4068
8504
1981
509
4888
8557
6238
603
8268
651
397
70
4146
3114
36
60347
843
981
441
32
434
5084
14956
1780
613
44166
615
3763
2042
667
119
23279
670
1813
169
821
8172
34798
517
949
1990
331
2745
110
10139
1906
278
14
1631
2432
110
222
4212
1537
2553
5109
768
175
279
63762
52807
10791
1010
413
226
433
425
16943
2190
12111
646
6883
1004
155
2180
33
875
7
189
2017
25499
27
106
3023
1396
32
2739
6659
1359
1360
20247
3315
1232
115
6437
37316
435
16
189
308
14547
543
106
2086
8062
4273
2634
145
1308
4
7
188
705
913
386
375
2459
324
93848
2688
12727
2438
825
691
3356
4301
191
554
24983
537
5647
443
382
14
7592
7038
1683
1752
4404
397
4320
1734
149
10002
470
8401
14404
6353
8070
15035
1838
544
144
32420
2486
11251
610
438
23
7581
9217
1970
10165
57778
2783
582
159
918
745
1080
8228
435
19590
1379
9
3719
25195
3550
6641
2878
24356
993
575
5696
6105
16019
1322
4621
399
8391
3041
13820
844
5806
15
25463
116
2544
2687
829
1441
441
966
6212
604
2785
61781
2055
20892
170
548
441
312
5645
1529
1325
1668
629
6148
267
3904
1260
7068
203
859
399
3469
26286
1663
732
58
1662
1
22887
314
180
308
327
146
6500
400
14182
18270
2621
993
22
850
10386
409
1205
34
213
17575
447
26337
6902
7243
3937
40769
5483
86
16
2483
351
1292
9724
877
1619
243
1099
1340
38955
1178
219
543
215
342
1398
3138
1894
3591
3241
249
11856
55
4583
2932
889
10054
9954
9903
2810
376
5249
3160
210
2326
813
2079
263
62
2681
55
9991
1072
158
1
113
490
11329
42
3729
16162
10036
2492
759
534
108
17418
3180
33191
7454
7211
14703
311
3839
5520
24033
22387
3341
13356
14374
15331
7439
17149
28318
451
14962
2969
5662
6619
664
17952
303
26806
10162
67
16952
17376
11687
12831
2377
302
39636
863
5897
888
2917
10409
58
44772
63213
566
22820
7718
446
409
6008
2054
712
12915
7574
11247
42812
371
1639
3217
4217
304
78
151
1708
1931
1761
649
91
267
2927
17514
8342
863
4371
12019
2506
6110
28
1275
272
376
549
19
2628
109
1579
28506
300
2587
100
6197
14
631
14893
2706
207
971
3116
2106
152
1864
395
325
526
469
5570
1
1439
1139
5843
1499
2103
265
1186
10751
298
757
132
4398
233
24
1033
8466
10606
29505
1760
5625
430
2076
954
133
2083
216
4132
764
3572
17658
130
6232
215
2075
15197
17470
777
1684
8584
345
209
2067
4794
575
15044
148
442
8958
96
4313
93
729
5679
500
2848
2146
433
226
215
217
1040
191
1170
13890
736
17807
1586
2435
386
14571
543
20630
1801
227
12536
2081
42354
2503
215
1249
216
35340
1329
129
1910
3184
2899
1131
15482
70
3393
1096
901
704
13
360
116
884
9860
356
9464
861
323
663
475
847
57800
1475
12312
524298
18472
61065
22414
114888
309424
230
65080
16780
80647
849
32061
86868
19845
368
31
53557
4285
11
7533
136522
607
6725
12919
2120
1511
1041
1429
217
6756
916
3878
2845
704
326
406
176
5505
150
32
143
7705
521
1381
4352
21465
96
234
1
4
341
554
1682
4186
167
8279
186
5273
383
333
334
18
108
5044
7605
3517
11559
2197
1432
202
574
831
3821
204
610
1221
108
12062
244
902
1344
3297
5642
226
11802
707
524
111
138
446
526
112
7391
931
88
270
992
107
3247
10541
11405
3109
445
8872
124
5135
674
7931
13698
5464
241
607
330
567
736
1732
1640
279
665
57
27628
10170
723
9623
5265
1411
3339
1232
9506
14200
6351
22757
2255
32306
11009
1497
1194
213
346
252
10
276
1640
3065
5370
205
10018
139
172
3223
331
260
433
559
