8
70
172
189
53
33
75
103
85
31
65
15
79
566
70
91
157
82
33
59
88
45
77
117
265
17
78
26
49
28
5
17
39
170
154
3
138
70
74
127
141
180
630
467
4
108
39
382
161
2401
207
80
764
171
280
74
15
32
142
1100
52
204
633
127
19
17
265
164
21
84
290
747
10
137
645
221
21
104
655
66
115
82
70
9
49
580
528
116
297
40
194
48
9
103
86
75
669
4
259
28
75
93
381
96
74
138
5
220
103
73
342
50
351
190
187
218
24
45
635
84
71
97
155
103
194
15
293
238
156
421
189
221
127
100
72
313
70
432
1064
135
119
788
264
114
21
140
587
223
87
169
200
416
75
247
72
50
72
79
165
184
72
10
124
3
1971
126
3
14
53
203
37
161
614
18
73
123
271
135
13
142
222
208
9
49
46
7
133
128
60
102
82
75
182
16
77
32
197
75
61
74
71
10
292
38
87
75
10
213
311
255
219
77
152
147
59
174
67
293
118
148
188
5
218
266
36
336
98
115
440
23
303
936
10
137
287
125
268
90
42
563
181
82
1
4
24
151
68
198
100
30
26
20
21
71
477
13
335
126
176
84
3
81
110
221
124
45
88
153
126
60
57
7
81
399
101
114
88
75
144
122
232
52
427
41
643
554
4525
23
89
27
3
43
7
1
37
210
243
662
10
151
87
43
215
347
255
124
161
220
248
51
551
17
1076
59
23
345
141
42
231
772
91
586
294
160
703
263
72
193
18
63
29
57
162
441
98
179
57
248
46
121
77
325
72
10
99
64
93
15
261
329
33
229
95
182
116
134
211
2466
38
153
76
1006
82
84
151
72
75
103
221
186
96
490
5
190
703
74
108
94
72
655
103
949
82
142
1
35
151
7
109
69
1566
474
23
297
75
196
117
540
97
28
115
11
198
73
1073
72
142
115
87
73
429
1339
75
517
78
4
84
177
72
77
75
1
133
127
86
95
67
76
21
230
76
211
544
76
74
123
