386
426
393
135
1538
147
268
10278
155
161
4926
1506
133
155
3194
21
4
381
172
17
144
135
427
187
125
189
5694
299
2188
253
86
14641
181
758
135
199
123
4582
667
3162
1525
143
4943
730
135
2003
507
2386
4180
2635
202
128
132
352
135
132
135
232
279
161
6541
514
166
132
103
202
170
85
189
284
10
1145
692
5101
5640
122
3811
742
135
146
137
184
120
1996
165
58
63
137
162
343
726
11190
111
1000
235
135
1098
575
261
133
135
482
3
73
34
3269
340
199
600
135
33
2
13623
1
1571
1383
377
59
141
1
7325
52
1105
140
152
72
65
294
3091
168
4264
137
181
9
138
1043
136
137
202
155
125
252
215
138
276
133
150
1564
305
2245
569
3025
185
157
134
616
343
133
289
48
4368
215
35
255
137
494
162
14
144
176
13780
186
143
49
62
407
91
6390
79
185
313
263
4511
135
1283
392
134
143
171
294
555
192
355
462
282
248
1161
9869
143
132
4884
230
449
147
198
139
4
161
