103
78
40
28
30
12
7
5
36
380
3
5
3
341
344
25
28
327
280
3
5
6
120
86
27
12
3
8744
114
26
152
42
5
498
176
39
38
84
129
52
19
24
15
1
4
16
19
9
29
1
34
21
22
34
74
59
6
2
220
30
327
27
247
32
39
244
22
82
2
68
2
3
26
2
100
25
24
109
10
1
24
274
3
1
8
51
29
480
107
27
82
62
8
375
22
11
25
23
53
5
2
231
14
502
42
33
5
6
8
4
30
21
200
38
3
277
143
38
218
23
1
80
27
166
16
2
6
48
23
28
18
6
356
34
52
9
3
111
4
1
2
25
23
14
34
6
33
32
207
4
345
206
13
10
47
106
3
2
81
382
24
224
21
86
153
24
234
264
79
38
17
51
33
3
242
14
9
4
185
199
181
29
25
29
7
114
50
5
24
15
177
27
29
3
9
71
10
11
351
200
3
64
4
90
197
132
415
33
7
57
23
171
7
8
3
83
3
97
4
5
87
270
30
28
428
1
138
11
24
3
27
86
1
322
86
86
87
256
46
5158
326
19
20
33
4
76
90
97
229
23
10
58
6
403
867
295
350
50
23
12
21
2
11
35
6
28
62
6
8
19
19
7
561
20
27
29
314
4
312
30
52
3
38
149
51
55
288
22
68
11
601
27
6
26
25
5
14
5
72
25
5
52
3
36
14
12
122
24
357
35
6
39
1011
42
4
46
61
54
100
7
1
14
8
20
18
97
158
6
41
318
10
3
248
363
10
23
28
9
8
8
16
29
162
9
3
25
42
4
3
483
7
6
20
287
6
28
29
115
43
2
78
4
367
3
113
48
276
51
30
27
26
63
28
21
8
45
33
114
5
10
152
22
290
24
22
278
59
35
17
30
37
289
5
71
429
72
68
28
1
20
5
233
22
831
3
324
15
4
23
28
25
107
219
26
14
156
107
200
87
13
3
100
2
4
48
6
8
82
31
27
29
161
353
4
342
7
66
81
1
8
511
23
45
118
416
310
307
93
35
31
26
13
79
29
227
1
3
172
47
98
27
20
1406
414
294
37
2
23
69
14
24
2
353
35
199
5
10
48
5
152
29
4
25
11
60
51
32
104
11
817
108
4
24
9
8
27
126
4
5
15
75
27
216
11
41
22
27
4
5
57
5
34
18
21
38
63
16
28
18
8
5
357
1
35
2
403
27
23
1
19
100
245
60
30
3
301
276
2
5
9
21
191
66
3
5
7
242
19
3
310
23
21
8
116
81
7
28
103
31
18
10
28
7
9
10
5
34
8
123
24
9
15
1
154
11
199
433
9
126
291
23
5
3
1
244
2
293
99
460
9
15
17
9
1
1
2
40
17
34
50
26
24
28
313
23
40
21
34
61
15
5
5
1
32
9
23
10
41
19
15
36
158
27
7
2
35
12
25
81
131
90
39
13
28
249
74
78
24
3
7
60
131
15
16
135
13
27
30
236
41
18
7
125
18
11
239
35
26
6
31
39
23
29
18
2
44
6
182
51
15
23
3
23
85
93
89
25
51
259
1
55
137
34
7
13
7
28
24
29
27
41
35
16
37
76
15
26
13
16
13
2
27
137
3
22
53
42
14
43
67
108
64
26
20
1
11
22
294
4
83
20
21
17
37
30
3
16
22
31
11
465
22
7
184
23
28
28
18
94
5
5
109
1
544
244
1
27
72
3
27
3
8
35
39
8
18
14
25
15
30
6
17
1
91
3
32
36
56
34
195
2
3
247
2
216
1
12
13
3
8
12
128
80
68
20
4
7
2
3
34
84
71
4
32
3
37
79
10
159
125
10
10
147
15
3
225
11
4
184
248
14
126
272
93
9
23
4
18
193
11
74
38
25
2
19
6
18
4
25
13
32
62
138
14
24
28
1
102
26
314
11
38
32
177
38
6
6
2
29
99
7
13
8
4
10
107
107
63
1
3
4
23
60
27
4
77
1
58
35
472
6
20
13
52
3
9
9
8
6
7
2
22
36
189
28
11
295
21
55
7
24
12
443
593
157
7
45
3
3
4
24
229
32
59
28
27
11
2
110
9
4
10
11
3
12
29
13
580
36
40
71
24
5
12
6
9
310
487
44
4
23
179
10
118
23
1089
27
77
7
36
73
4
289
50
150
260
3
36
34
1666
2
17
32
11
66
3
22
44
9
9
137
31
16
52
2
192
24
65
59
146
4
22
29
33
3
149
4
203
245
40
120
563
1
66
34
11
308
202
225
232
28
9
219
67
36
55
29
25
10
25
16
230
77
84
15
64
5
31
27
66
3
11
3
21
2
110
32
90
58
2
4
32
625
53
32
20
160
59
308
23
24
9
27
6
1
22
82
113
2
21
240
23
3
26
13
30
2
7
3
19
11
3
18
74
36
29
3
6
27
77
73
1
27
73
251
4
4
5
178
412
203
29
24
11
40
3
18
264
43
314
33
25
70
15
70
93
3
306
6
88
35
4
11
35
109
19
5
49
254
143
5
75
9
4
5
18
11
3
18
193
102
7
125
4
17
191
32
40
214
12
114
481
9
89
53
2
16
4
6
131
2
234
13
8
17
3
23
34
2
36
24
25
6
11
25
52
34
109
98
4
6
107
1
13
4
1126
1
105
6
4
4
59
2
32
29
30
46
37
32
7
71
6
41
41
7
21
2
12
29
47
5
24
33
4
10
12
40
15
10
34
27
25
68
26
1
5
2
27
7
7
262
62
22
241
4
120
2
2
86
28
17
59
23
4
30
72
25
7
9
103
30
17
216
32
4
14
318
29
4
7
62
23
27
362
18
59
14
37
2
63
64
14
3
4
25
46
8
233
39
144
7
3
84
67
17
604
13
13
67
1
195
193
299
8
3
982
22
16
2
109
31
52
161
29
1
59
4
5
23
57
30
20
112
66
27
137
367
354
184
114
32
224
55
9
7
2
138
271
252
24
8
23
35
21
23
92
59
4
34
35
2
153
142
52
22
5
84
344
36
107
25
18
6
27
8
33
29
26
150
22
335
76
20
135
39
23
157
272
24
268
22
2
3
14
5
185
77
22
137
8
31
47
26
8
4
27
22
124
143
68
315
31
291
18
18
10
61
58
10
58
5
11
4
2
32
47
8
323
92
6
200
18
14
256
373
9
9
10
46
67
3
38
65
18
348
31
33
3
7
57
15
3
63
12
3
7
32
13
107
24
26
21
14
9
4
3
2
28
373
28
66
15
56
26
1408
192
20
3
116
199
28
1
19
328
34
1
190
19
118
709
3
7
112
69
6
130
454
3
107
173
126
27
2
15
87
6
11
55
70
9
2
55
4
14
45
15
124
27
8
12
3
3
7
37
46
185
9
1
4
598
271
7
311
27
60
1
35
19
23
53
23
1
6
45
7
883
8
120
18
6
12
96
13
15
32
10
5
20
7
11
24
4
9
12
70
285
10
7
36
282
89
139
13
185
13
15
29
21
5
7
7
24
58
192
5
13
11
15
15
28
2
22
13
22
4
34
17
2
93
13
17
256
111
5
179
27
4
17
2
153
2
22
11
67
45
140
8
54
226
4
16
176
248
24
15
5
27
13
293
114
27
8
22
145
208
71
25
38
177
80
12
26
17
18
9
18
5
11
44
138
3
36
3
481
7
43
7
26
80
12
1
21
4
5
6
14
1
27
18
7
10
6
412
117
111
14
