22
157
30
64
145
168
435
154
7
8779
6
2
3
140
152
3
418
30
22
6
44
31
1
9
93
158
5
2
123
9
129
219
50
23
174
189
708
127
18
45
15
155
126
417
2
186
140
11
35
40
38
90
93
218
3
3
232
69236
760
4
162
172
7
37
44
656
111
1
499
206
8
155
44
489
12
113
103
106
4
1
76
3
1
202
13
54
116
76
8
5
11
3
3
6
38
147
16
4
8
127
4
78
42
309
124
37
20
143
230
93
28
2
123
35
4
32
328
121
215
35
282
7
4
8
3
38
126
100
91
35
224
104
215
148
30
87
423
35
3
195
250
95
3
182
35
45
34
75
222
189
15
3
3
28
212
7
89
5
4
85
241
4
4
1
167
3
103
171
215
53
356
9
5
16
180
103
6
35
30
252
7
71
12
2
466
95
32
30
113
419
226
43
41
35
155
101
35
191
165
264
165
169
240
68
43
461
30
35
91
69
95
979
95
715
175
91
22
30
227
94
35
121
203
85
31
36
85
4
195
31
284
331
35
53
137
1
237
242
31
173
10
129
228
31
230
127
36
124
168
268
149
242
1
1228
57
3
414
295
212
2
2
7
30
1
2
6
2
47
176
13
20
4
16
28
7
216
16
680
90
94
1
20
211
144
3
12
2
139
12
24583
11
125
33
6
193
115
35
7
39
146
4
5
3
35
8
248
754
4
35
211
224
243
90
67
130
145
339
31
247
51
224
173
279
164
159
33
15
204
1
323
155
151
2
7
5
70
18
45
105
26
162
260
76
128
6
747
428
96
242
484
69
224
6
10
31
88
268
18
159
397
75
334
3
85
6
884
73
1
7
291
47
635
10
217
7
35
7
78
35
35
7
35
25
321
13
243
141
237
24
123
298
26
151
36
35
42
187
46
112
7
214
90
506
4
5
35
145
2126
26
4
3
29
165
3
35
7
7
17
15
6
9
18
4
162
60
14
17
161
234
35
178
110
3
29
8
7
13
8
294
25
202
6
92
218
3
148
161
51
1
374
6
2
38
4
2
121
3
3
36
9
41
91
336
219
169
218
264
215
3
249
1
748
6
19
154
21
8
4
126
35
217
234
189
2
8
222
3
32
589
47
21
339
85
4
329
216
3
230
226
46
94
7
2
3
8
424
30
25
11
36
310
1166
193
19
5
16
224
227
35
57
34
35
67
32
62
5
39
129
31
32
92
32
228
19
153
217
186
43
126
54
153
36
162
147
186
6
490
162
189
119
6
173
35
170
162
471
96
201
118
76
230
195
54
70
90
191
156
94
3
3
33
14
238
5
3
103
2
231
16
6
39
122
35
35
271
182
51
4
4
3
5
6
677
150
172
151
22
143
28
101
23
1
3
213
4
150
4
6
109
35
42
6
238
1
129
109
41
307
169
148
157
160
216
4
181
31
242
11
50
4
83
332
31
35
173
35
131
30
122
31
196
35
35
58
233
74
349
145
553
143
7
31
248
4
218
691
17
19
271
119
41
207
161
177
117
121
21
534
206
161
10
6
227
25
217
28
333
1
516
65
43
35
2
243
165
9
44
4
40
125
32
93
144
168
139
105
33
40
575
1
145
121
28
17
1
1
234
39
1
133
92
160
3
4
65
6
25
161
33
200
90
128
35
126
447
45
219
215
1
55
9
6
5
3
118
3
5
2
95
3
172
198
209
328
230
113
71
15
6
11
32
95
28
5737
14
90
130
79
45
150
264
224
31
140
148
236
511
4
165
218
91
402
279
319
53
6
10
125
31
212
1759
9
3
1800
8
209
123
614
19
148
5
41
201
158
7
147
233
191
162
214
46
3
184
213
152
205
69
30
35
145
385
41
480
136
31
173
21
35
153
1
182
232
278
138
140
147
31
2
168
171
143
72
213
219
45
73
90
28
14
212
711
186
3
157
121
156
334
507
9
1
2
22
35
255
3
12
163
171
41
35
528
90
236
25
35
308
36
149
209
229
35
71
196
99
218
35
188
30
24
41
241
298
35
247
122
61
648
4265
253
221
124
35
217
184
126
30
163
38
235
35
213
109
218
