31
204
574
391
238
228
150
2203
78
417
48
1027
158
185
364
108
22
2
179
144
2
261
44
338
370
134
60
766
242
320
1
628
297
224
408
24
65
370
219
616
665
322
386
92
335
39
726
346
468
79
245
357
293
252
562
145
867
258
203
250
321
165
317
508
137
155
278
98
179
113
342
347
4042
458
603
306
794
39
44
19
186
459
5566
1
313
263
170
47
476
229
223
31
136
38
282
40
116
777
352
179
369
241
314
92
7
299
75
3879
242
180
44
2777
48
188
246
209
798
316
837
22
517
79
552
289
454
20
345
426
337
19
2570
79
243
158
738
39
3
253
45
2340
715
260
267
160
369
249
277
1361
397
397
385
732
149
327
85
195
192
6
258
1549
480
430
427
251
2624
74
264
251
203
380
231
131
615
1747
280
2294
1116
73
692
301
252
198
536
1543
276
307
81
91
339
94
105
22
50
627
217
145
1059
420
720
37
703
503
10
546
37
334
331
459
243
277
55
95
224
558
454
177
288
298
79
400
108
314
73
251
41
74
114
93
251
2677
163
600
41
71
831
298
864
73
809
585
2
364
173
688
330
44
47
346
64
392
310
401
152
332
294
444
572
302
1163
942
1461
411
24
848
624
261
366
1859
70
39
161
677
414
485
524
5
329
62
386
105
381
60
42
64
559
131
312
159
296
104
948
90
61
90
75
370
334
72
372
110
28
301
103
357
469
337
83
214
854
74
78
101
2564
402
149
554
61
839
282
703
291
1999
460
397
219
64
24
63
311
81
646
37
274
620
274
42
17
1039
488
773
307
576
320
19
175
289
245
482
534
247
111
192
997
451
440
344
3
560
351
542
422
59
25
277
726
756
57
244
451
260
126
55
408
620
308
194
278
471
420
665
32
178
11
194
72
1050
98
531
344
785
161
374
25
301
637
271
1589
734
59
1650
20
272
672
617
160
340
576
397
29
472
369
463
510
687
437
301
329
155
406
155
120
43
1440
438
93
311
114
67
211
653
138
1350
442
363
114
768
232
330
482
1032
136
81
1049
22
26
338
1305
197
77
353
404
152
27
882
136
258
1012
299
321
228
120
916
1835
220
1430
4
842
175
247
244
65
255
132
130
368
618
752
130
861
322
1150
32
346
269
728
637
373
1579
106
266
21
61
280
655
563
25
285
625
260
402
112
814
256
375
206
128
130
40
377
194
132
223
240
68
47
37
179
299
156
1651
47
289
1993
925
29
326
179
817
434
132
275
152
604
41
88
201
215
436
1613
30
278
106
256
252
489
65
676
330
209
204
439
528
89
606
112
75
128
70
390
81
155
156
332
94
1
135
415
2538
165
250
50
33
512
372
313
42
528
134
163
139
225
47
127
47
152
254
39
1834
69
381
42
250
30
312
622
197
331
1684
449
1767
51
223
806
306
343
483
528
488
135
279
316
278
443
974
137
135
136
144
291
270
151
139
202
151
1463
235
149
276
1135
277
131
616
131
496
223
522
155
825
1012
264
771
170
597
274
634
1423
669
614
334
258
227
765
266
894
685
372
195
243
32
92
796
191
1582
113
157
359
734
404
186
223
291
624
280
156
540
133
1505
539
162
373
1232
728
230
84
1
320
550
116
968
215
259
69
301
101
499
300
255
1489
477
155
229
164
7
89
9
995
92
129
154
430
650
246
202
316
1402
278
114
281
82
175
272
370
280
530
690
38
475
1040
1815
88
175
528
103
69
621
36
234
157
41
295
324
157
224
40
398
59
337
552
367
107
136
364
288
462
239
952
268
303
340
1280
89
219
389
159
198
246
277
675
202
335
206
309
280
1
199
127
290
194
29
138
39
365
133
42
379
147
343
778
1
476
41
27
433
638
180
247
566
78
24
610
96
111
90
389
608
84
422
251
114
30
266
61
773
296
169
383
207
274
339
154
64
103
20
23
169
140
125
27
29
298
258
57
165
16
411
34
269
422
59
127
95
64
774
142
166
200
651
246
470
93
532
251
157
280
13
131
201
62
138
151
91
772
317
19
306
80
133
246
355
412
1580
338
54
405
142
35
260
81
168
1
24
356
2914
186
289
312
288
316
41
154
247
24
138
13
288
528
25
49
383
229
48
135
214
522
745
47
413
1
819
242
241
25
14
298
261
545
254
364
167
56
5
226
141
185
304
91
71
297
345
36
326
286
94
3
307
186
254
88
80
593
272
123
64
68
125
14
284
142
306
263
116
916
109
362
152
1669
45
305
265
389
172
90
28
74
25
269
16
364
378
531
181
223
131
430
239
404
198
84
459
41
261
97
125
72
705
20
436
48
21
547
141
331
475
136
97
48
57
279
114
73
27
61
49
331
319
1
19
26
46
14
208
360
256
285
165
257
13
272
111
34
144
355
474
1163
1
755
189
169
28
2023
310
146
293
375
23
344
48
396
329
1729
134
392
341
43
846
352
388
666
620
59
34
37
39
183
32
914
208
81
214
257
289
20
338
312
81
29
229
370
881
190
188
784
361
411
30
448
170
30
348
333
35
284
240
562
1696
594
61
2866
221
242
127
135
90
380
583
251
54
169
544
287
449
68
151
215
590
206
150
85
522
75
20
142
176
213
78
579
964
54
762
760
484
538
75
132
228
180
832
296
615
155
47
42
203
64
294
598
371
312
123
827
111
313
1133
462
222
277
882
483
1056
2
128
259
46
351
243
687
249
655
206
450
26
289
331
118
256
23
54
2307
55
43
34
63
35
33
39
73
177
496
357
291
30
695
25
239
230
10
79
663
1080
343
265
441
67
61
425
75
134
445
65
234
361
231
235
5
556
79
366
64
118
23
498
1685
289
391
346
470
333
46
142
574
768
110
330
1839
64
249
53
219
278
738
483
183
577
250
282
28
384
849
677
40
138
652
20
348
361
120
23
108
130
442
26
288
255
307
332
166
4407
257
328
110
34
72
370
459
1317
431
92
66
315
733
75
391
376
1218
855
27
156
623
155
68
41
738
657
235
1172
1530
284
606
42
10
435
106
67
66
817
260
21
64
95
276
369
4
402
1830
298
234
359
892
175
2006
1526
21
103
375
807
402
99
361
8
32
3752
153
98
1888
386
90
950
333
454
297
248
67
136
369
20
126
81
15
121
375
67
295
224
318
10
96
258
50
19
281
353
1553
113
273
880
70
306
336
310
161
214
179
78
536
448
1
358
238
337
38
275
369
317
144
205
250
7
53
280
359
7
108
230
93
266
273
409
92
186
1
276
212
691
41
174
488
59
166
54
392
694
119
213
1229
149
205
126
262
97
715
129
283
238
34
1004
1
242
469
604
17
175
573
470
1508
61
212
223
246
148
324
639
317
337
62
1191
397
1270
350
611
341
311
200
250
5484
186
67
88
34
124
566
431
306
999
24
437
160
137
34
64
1696
783
519
311
726
332
253
779
130
140
354
396
1339
127
506
17
432
58
397
415
316
228
135
297
312
475
119
421
236
216
57
562
469
4801
345
160
77
1213
450
82
118
1515
103
544
43
293
85
281
1255
294
198
176
577
76
57
143
164
153
135
227
272
39
199
345
186
9
351
88
380
119
278
586
976
255
1104
258
147
218
2405
427
518
337
460
272
65
328
299
155
295
1000
179
391
125
326
110
154
141
498
244
22
272
91
171
273
265
163
260
79
207
2137
275
331
307
276
1993
171
55
59
37
403
133
41
334
25
326
98
246
36
50
342
1100
137
55
234
337
306
169
275
474
277
1158
181
268
120
1463
312
319
855
176
1155
807
360
391
293
291
260
256
24
393
1918
4
85
367
236
225
23
325
248
78
109
86
401
301
990
66
285
299
350
137
638
158
349
750
716
85
199
108
7
538
617
229
217
939
50
292
284
555
13
93
78
199
1377
60
20
473
105
284
297
904
518
629
387
4
721
556
1370
40
900
24
530
931
298
34
621
489
317
7
64
476
130
77
438
300
81
142
304
575
528
1165
528
4982
421
1916
284
214
153
1022
28
285
199
547
427
304
277
167
135
1583
723
241
23
207
484
853
526
374
438
402
789
596
242
1111
179
315
88
11
434
669
361
15
134
433
12
125
448
112
80
796
278
72
1120
362
232
183
3298
298
383
1214
325
1194
26
52
302
995
106
1337
152
346
27
301
284
245
614
474
46
218
172
664
317
368
612
514
1404
604
106
111
304
892
292
194
196
28
549
1379
513
420
159
1
330
1101
275
328
559
16
501
731
299
316
15
181
297
1980
295
640
339
229
17
122
612
296
355
483
55
296
406
186
1074
399
245
400
58
184
125
1127
988
280
131
669
242
94
383
302
566
24
567
180
166
294
132
154
225
775
627
117
47
396
659
3424
331
543
40
482
623
483
284
389
248
1238
48
415
407
144
513
3
81
399
96
301
220
951
609
449
163
390
244
459
36
581
255
486
436
62
94
20
167
216
108
577
315
823
1017
166
254
57
903
269
383
456
566
6
164
73
146
317
246
865
451
327
275
9
463
109
248
58
448
262
48
106
262
291
147
88
276
117
935
579
355
324
153
259
541
1166
388
402
307
128
1005
662
564
429
383
271
96
401
253
45
699
550
630
170
1
274
63
403
68
359
557
180
264
545
165
426
332
139
182
135
793
48
266
512
230
440
137
433
33
670
1138
135
311
1995
250
401
388
408
152
1
135
1139
40
719
585
417
77
406
86
133
502
247
190
108
279
333
335
203
5
91
155
370
1597
342
156
244
1055
159
397
162
250
266
338
294
244
379
641
1518
334
150
257
323
276
189
61
407
541
49
2549
284
10
92
92
253
344
118
124
344
339
187
1
