1224
1074
14
6436
32
550
135
1901
36
86
45
53
4936
1859
2634
451
184
466
5714
2939
22
1163
35
1
118
8938
999
2711
122
6252
203
119
34
23
2128
13
105
1416
5693
416
13
2036
464
189
22
96
13
645
35
21
97
500
69
323
123
27
5977
341
19
465
9426
6179
24
79
2
172
1298
47
18
3
436
18
1966
499
1588
83
11
113
2268
1489
1815
266
65
2346
22
9
6350
1195
271
57
39
140
20
35
458
524
5
66
478
222
630
404
7080
280
53
991
160
80
697
2685
35
168
636
3085
1890
127
881
10959
1469
4572
468
973
1013
169
76
2228
1023
608
444
6634
4022
163
430
274
349
8055
4337
5191
737
388
2139
3803
15760
1004
185
373
694
37
1943
1047
38
21
405
288
8
2040
648
486
251
100
6931
4
305
43
3387
782
8325
689
535
309
111
82
986
615
2166
121
56
379
133
827
296
4764
12388
15531
111
3250
728
1064
370
790
2346
145
188
174
1681
2182
1546
37
1071
4288
2867
2485
645
1813
22
18
1541
626
3970
1753
46
120
507
17
87
20
40
767
312
316
125
2
84
1109
4676
761
479
4781
444
1697
149
699
8367
170
6
144
787
5026
472
66
7423
25
29
29
1510
1164
7158
417
816
602
221
54
451
3311
211204
6312
979
650
1035
63
6186
6813
1664
933
197
2185
3477
511
1271
34
54
272
1049
1048
268
85
317
28
405
47
1621
463
1355
1084
2691
558
1505
249
197
19
1844
30
6
130
233
829
725
3657
12488
421
847
105
3384
1765
2702
874
797
3654
33
2172
62
322
37
407
27
7002
298
2
22
5365
4658
3018
42314
47
36
282
2725
174
91
7249
14420
360
505
3190
275
1439
1119
302
142
3343
1283
74
11058
20
4224
698
552
1469
499
455
79
68066
1675
1863
1348
2065
1699
31
7866
1372
416
1048
387
145
19
7
580
18
979
2355
3513
21069
1885
2158
17
22
256
116
13
453
28
1037
1066
420
463
23
3952
554
43
562
1399
548
19
3170
1638
15154
8492
1013
16
4088
4271
1667
915
1481
266
770
64
5060
3534
344
15
1963
170
43
426
900
10
289
3430
20
168
1960
1097
470
220
1495
4303
224
61
2428
254
25
2352
161
15738
2815
6688
570
29
584
722
405
118
4307
130
4957
2540
9366
2773
2815
406
1008
66
88
2116
641
269
167
1992
50
797
444
143
1
32
3751
2638
244
1085
325
34892
29
6055
31
227
86
3638
95
1135
4713
886
395
227
149
946
653
803
250
219
1036
5200
201
1676
6
320
553
590
2613
7964
57
444
291
170
501
36
3102
3136
2405
502
698
57
1677
169
422
418
200
892
12224
4524
18487
578
79
3268
182
45
562
273
9
145
8
545
6
389
963
126
3761
103
875
4883
24
448
7117
3678
1979
763
444
8667
974
326
194
10419
38
1086
103
691
38
123
357
1160
215
96
931
1723
1908
126
8
3131
619
715
9026
160
6
687
37
14
50
2
83
5967
135
295
5
2214
308
274
550
3524
2194
855
3565
933
4730
1124
13687
1282
189
77
30
1155
9
127
2590
1445
4
2718
1103
2036
20
119
249
11
1683
25
2337
8
43714
103
546
1629
496
365
389
3510
18
228
475
2242
3
89
1298
24
27
3863
60
112
213
664
304
115
835
1223
856
39
241
149
34
34
1680
22094
141
4167
653
47
2198
109
21
52
461
1251
35
2357
2227
3816
289
35
260
4231
732
202
472
3261
40
810
2878
2842
566
271
1609
770
843
559
10734
11257
494
3077
1537
32242
5393
1056
356
23
160
2642
15
711
81
101
1743
3
116
3489
27
2564
174
682
295
130
23
370
2545
39
4723
2943
875
215
7020
276
6982
1245
582
7283
2
73
834
32
433
3459
1286
363
3020
1892
400
3608
87
179
3592
235
1181
35
2962
10
959
3436
219
11578
10695
38
22
534
597
802
10577
12137
4116
4697
586
1220
1783
471
800
4455
675
2132
4198
967
4490
781
29
27
2605
11
2467
515
205
319
798
164
52
14
559
69
15472
749
730
970
458
10
323
284
778
550
40
15
1957
281
23104
572
223
76
858
10179
909
4409
208
5031
1955
5
244
4
9617
797
1640
3
1157
1303
199
48348
113
210
34
4336
429
654
5
1405
51
4
97
966
213
42
222
1472
334
2599
1
157
326
2207
1705
164
208
864
154
288
2095
545
2292
169
7018
354
290
15854
4667
1835
871
4541
478
813
1724
430
977
1381
260
6128
1020
2223
2546
21
656
644
7690
8
5405
74
3656
47
16
2264
306
948
3596
1230
1151
31
264
320
1658
109
205
9242
158
1340
1555
117
85
2814
72
2310
365
11952
3406
223
486
2176
1363
1273
7
3699
2271
7115
4
3256
7918
4
638
1860
30
180
2486
3086
468
2022
175
11043
1388
248
7651
1104
20
646
1141
661
13186
1815
2703
855
674
22
112
798
8
363
1425
37
11667
103
31
545
167
82
703
153
3697
605
5
639
6173
3324
281
759
690
1050
1552
6
172
27
257
23295
6572
585
2106
185
41
2471
16
4481
56
412
1119
663
1403
542
12988
16028
1324
11799
447
799
2890
11
3412
5050
203
25
531
2329
21
4675
589
199
88
3945
6987
85
10
4380
358
462
7812
5680
140
268
848
7631
204
2
158
4313
514
586
2480
40
152
392
158
71
296
1734
301
64
59
14
1634
102
2078
35
791
2014
334
386
1684
1656
6057
34
1092
53
3195
24
10
331
254
56
102
3112
622
2
1003
23385
31013
13
554
21
1626
528
32
461
15603
535
25
339
788
68632
694
809
792
953
62
2868
4931
299
1394
1540
73
5677
1002
127
1212
29
180
1303
276
3125
62
1259
373
6459
124
1099
1330
201
350
7501
435
4008
294
2437
55
81
18
85
3226
165
3348
698
1725
7
3098
11
541
103
605
35
1034
3019
192
2509
6592
11
259
1160
351
2735
496
4740
1217
187
3
15
237
1495
2441
8440
23
147
1228
707
150
1522
111
77
639
24
1373
129
506
28
90
584
3
759
67
212
157
4654
961
455
4328
3004
8314
2475
1083
672
333
381
369
2332
88
218
3862
1233
3678
1244
1123
339
393
25
2373
34
566
529
78
161
4520
120
1657
184
491
750
26
1414
1518
35
388
33
166
16
384
9647
48
2704
2189
137
255
1442
6528
954
499
1921
2702
356
108
2093
3848
146
14
6186
35
482
730
1161
68
2617
1036
24
172
1895
564
34
1085
5
1
1207
22
1512
90
52
521
4606
40
214
1015
446
3381
983
650
278
7071
2484
758
1379
37
3631
7906
1706
706
24
681
35
4
206
1323
3380
33
77
27
4729
54
420
207
22
324
19
29
530
37
1299
6
614
90
5109
287
215
328
340
64
925
54
16
20
186
2831
545
84
48
353
1450
298
1689
2183
388
1637
7
878
69
134
174
1093
332
79
1537
169
1597
117
3057
56
63
5482
497
344
478
6617
6089
61
297
979
151
395
45
461
594
200
711
1287
552
225
160
162
14160
7
41
1926
45
20
6943
2292
11
3573
522
70
184
26
2215
527
16
131
91
1023
12
23
722
307
188
2967
35
173
25
38
297
2270
920
623
32
40
41
1432
781
19796
1901
185
484
197
25
26
3388
1192
986
2648
877
355
9102
148
11
1379
485
6
131
6428
307
2339
8115
3092
2572
3898
339
28
23
1098
4388
208
215
1712
1409
82
111
97
241
1310
169
14
788
4490
3753
262
317
4391
834
863
1547
38106
7
530
622
6645
2846
8904
1108
20
1692
485
1030
358
176
557
483
3796
29
1022
2263
155
1100
2558
1601
3416
46
28
41
1251
740
561
1524
27
1313
1752
3065
336
193
56
304
77
9264
8784
3913
3090
1376
1684
70
172
64
227
1555
14
1038
1048
1140
1248
514
334
2986
21
413
1285
399
68
726
910
1996
6392
372
1814
6630
130
89
50
3586
32
925
158
1950
2102
918
256
3734
37
3912
29
117
7
2630
213
1032
6721
1479
1328
200
1290
1170
6
62
9
1233
842
2418
878
5237
391
540
672
9
108
1474
1059
17
102
3687
287
1235
144
494
3655
1934
1734
23
4568
2924
3400
627
29
654
15
1163
1270
48
844
35
230
477
452
1698
652
6579
898
1596
543
721
1153
17
158
684
2645
227
1295
10040
8
39
396
2442
258
240
5954
439
283
3635
153
2270
151
2564
2894
722
1733
2707
24804
5386
949
211
1210
723
700
349
287
5995
3600
244
1731
15
540
741
647
3009
3345
55
788
267
2620
551
1717
1255
7
136
957
2276
58
2244
2046
1742
5701
225
752
553
11
21
662
119
1805
20
2239
182
1380
71
27328
3100
771
2641
4833
29
43
4413
8
1322
1128
377
669
133
1193
1410
1358
457
11704
27
717
96
1053
7067
24
691
6078
19
573
175
207
355
102
163
221
1721
10413
51
5231
85
526
5250
51
44
788
3849
49
3989
20
1486
227
1968
1491
530
386
1231
3201
4
5431
99
646
581
533
226
689
546
4098
454
3243
615
34
3
45
1981
1687
291
2333
1
1016
896
1
1991
21409
22
70
950
4
1
352
5
18
13253
1610
2
229
468
895
709
14
735
581
402
619
795
67
1330
158
2304
83
569
7212
46
5813
729
517
20
1943
435
820
29
1037
135
81
4268
2695
86
826
721
841
1853
10554
8912
4258
1352
1726
23
152
219
191
511
7
1794
7867
1
22265
386
32
96
202
11617
1003
3599
4206
1081
172
669
176
653
20
289
2481
110
649
43
244
25
1981
3923
133
15705
47
12
2266
148
4
65
6
44
7231
208
2
179
241
1274
83
21
637
800
174
414
191
416
2339
501
478
9416
81
278
670
346
2366
11383
5
1150
1576
24
57
10
571
24
24
32
121
4618
471
27
4626
159
2135
209
1350
1052
376
133
883
575
876
206
97
63
569
4558
4
6228
2388
1741
3594
1803
678
82
1393
2989
8
64
4557
480
52
376
1373
4431
38
14
707
262
727
69
1251
37
776
1374
662
103
8831
1424
215
7
157
436
43
1134
20
8070
807
190
242
22
237
520
2225
1148
73
2674
4321
366
390
121
290
167
194
5329
1086
57
414
589
254
10
400
509
6
250
27
2445
9145
96
479
5451
10088
3223
17875
502
27
426
93
976
1397
210
17
633
1429
3
50
768
39
1903
2345
69
41066
836
1591
2837
13
6573
3227
3837
81
94
214
285
98
1
29
886
104
30
2169
1012
540
39
370
274
259
27
9
5698
154
28
405
24486
992
177
34
857
125
462
179
213
38
1688
509
51
224
479
6122
50
6
561
1824
1066
5
13
1504
623
487
20
833
94
105
2634
3379
896
5696
1826
12765
251
461
42
896
264
6
2120
4123
2159
818
214
2039
580
3858
980
361
2052
1297
166
4219
51
9759
20
335
455
114
1215
57
8818
3739
2715
19454
1446
720
44
94
28515
138
1787
1540
908
116
320
14649
204
157
2173
135
5
1191
82
253
81
12
29
195
1
7862
4202
14
162
635
239
56
35
156
2071
5
9
4115
1165
185
16
7
86
37
107
974
697
109
2012
55
524
25
1088
882
3
456
671
25
1149
2050
14
44
1777
1650
254
331
482
4
478
559
1
284
171
74
2799
329
91
4545
19
228
1817
674
4847
487
1147
4073
1140
953
21
1005
5107
121
5197
57
208
5454
401
1791
13169
62
19414
16
1885
41
3555
648
655
6705
74
593
987
1138
40
2575
675
2025
42
1672
766
1495
3249
8
454
155
544
579
1134
273
850
5442
49
1629
198
6811
3033
6840
507
1018
699
244
286
1849
355
614
1549
104
350
643
6484
480
568
164
156
687
186
11
305
31
3
69
271
19
5533
1517
62
3668
40
12
93
520
11893
127
2525
1013
4719
71
351
277
6614
1963
4118
1282
1595
77
15
11
667
289
800
34
2
321
81
52
389
417
309
1394
116
5382
3581
1268
2790
57
634
377
5645
260
712
2423
1466
18
23
278
6974
1048
39
963
2615
874
1057
66
3465
7888
79
275
164
647
15523
412
5827
12841
25
2296
3114
5990
4033
1251
37
14
560
2147
970
121
469
361
1704
87
415
8606
5454
106
694
36
161
488
76
490
72
2555
30
5
1724
370
205
1213
32
104
1547
5595
31122
1256
3074
796
227
22
500
726
159
3056
290
897
979
40
1546
8762
29
593
212
565
1963
151
794
257
3628
4413
12
451
2895
584
54
12907
59
291
3364
1320
2275
11707
2402
18485
5009
659
436
655
649
1558
3549
1293
433
1048
71
4556
6819
1707
514
1142
3387
386
4047
76
3
776
1172
237
75
105
102
239
8307
1798
12568
265
2411
2110
272
2011
16
490
418
78
579
508
165
1526
1496
161
223
4
928
46
5158
18
4196
4405
64
29
84
279
570
42
53
3787
377
2070
322
1985
11
1173
1036
675
2145
2461
58
306
4091
935
1903
766
135
402
396
727
23387
7148
3539
6839
380
170
9016
35
418
14
49
31
863
44
2909
354
37
27
568
50
9714
1022
96
461
2090
350
80
2433
1435
768
28
122
2
614
770
155
4274
1111
8345
602
863
50
1277
68
1230
184
6433
3457
395
73
775
34
790
197
29
4
3370
1862
368
3717
459
1782
987
1182
714
1310
18422
2825
211
12490
3445
111
239
5484
3726
1553
1030
316
5
2835
834
611
568
243
1476
132
201
284
1489
1264
2263
693
57
111
182
16454
124
2057
101
208
964
65
1718
1378
809
183
119
10
39
1057
5080
32
3386
1493
73
105
464
4395
443
681
231
286
25
64
3003
856
1175
880
188
201
1
97
739
497
290
2018
2265
741
4496
3149
2093
612
32
1615
205
1157
3311
184
155
358
428
412
11
157
155
636
393
18676
1394
1132
6735
1727
8919
1
9
175
2376
179
69
668
985
303
69
397
245
7300
109
80
778
589
308
455
9986
367
131
554
52
18065
1341
33
1571
5114
365
39
231
161
318
195
12243
690
1140
565
