9
4
150
84
35
41
8
37
155
491
380
8
3
156
23
44
140
96
238
2
17
484
27
21
7
7
3
1
14
51
1
120
9
106
111
27
24
11
1
1
23
50
21
33
272
45
271
70
22
16
27
97
21
64
230
15
20
70
119
27
19
12
1
213
8
4
10
34
347
8
14
226
100
15
159
15
1
323
6
22
23
109
1
57
3
1
100
11
2
244
7
1
10
389
21
13
61
13
50
1
83
16
19
469
103
604
9
592
31
426
236
91
820
6
20
207
95
149
53
24
7
25
120
31
26
197
26
366
20
113
9
5
17
13
70
4
187
19
9
8
42
64
128
6
17
148
81
17
21
1
507
33
19
96
22
9
34
45
19
17
26
31
107
66
11
1
12
3
7
15
7
18
1
565
15
309
329
34
249
59
12
10
19
1
20
18
27
236
11
10
28
541
35
47
11
235
34
24
4
389
18
468
408
47
72
161
5
7
109
30
18
322
11
22
4
6
159
1
123
29
10
362
52
212
12
12
8
321
92
17
7
11
26
8
60
84
46
111
486
95
58
1
6
349
148
13
6
47
6
1
1
51
1590
378
136
57
16
506
701
22
575
394
88
29
486
12
551
41
183
10
12
285
503
617
22
85
1
121
12
23
1
2
159
6
5
1
28
1
320
17
38
103
26
14
1
15
44
45
259
70
73
10
17
169
16
322
16
23
44
99
22
17
1
97
1
436
2
32
26
12
10
34
19
9
70
1
77
27
21
4
1
25
68
23
36
609
1
1
72
25
51
18
7
2
3
40
23
532
113
7
69
20
452
18
1216
121
197
13
30
17
14
77
55
3
8
240
9
2
8
110
35
6
1
266
282
270
658
502
45
6
55
193
353
7
52
110
35
64
41
36
47
69
392
13
4
143
19
2
25
502
8
515
63
17
41
398
142
46
38
24
14
11
62
20
6
2
28
43
13
119
332
3
20
266
3
1
247
13
11
14
3
7
11
120
20
273
86
389
389
41
36
10
30
61
95
57
119
24
71
78
30
91
41
145
9
12
3
391
1
19
522
2
26
27
6
16
44
49
3
35
29
109
7
34
32
32
8
24
126
417
535
37
41
301
25
39
463
38
233
2
67
21
21
108
67
422
89
12
35
17
7
169
16
45
22
99
575
23
173
118
5
31
15
16
60
22
8
5
24
214
18
1267
67
5
2
11
20
140
38
7
21
11
19
24
47
18
2
9
14
23
27
30
409
27
53
18
1
6
38
124
1
24
4
120
28
27
1
21
379
22
12
5
324
13
361
1
20
8
168
64
5
27
1
8
45
94
37
23
1
35
15
1
16
127
6
1
4
48
267
37
47
32
5
211
580
35
37
17
4
42
37
42
287
292
37
70
287
32
16
8
111
11
22
16
176
151
6
9
30
268
9
30
44
7
68
538
6
2
7
9
67
957
1100
1
14
10
12
94
1
1
564
200
36
47
173
277
137
11
20
10
426
7
80
19
2
62
26
89
1
22
5
32
8
59
69
277
37
6
65
578
42
350
9
90
245
186
41
825
140
82
120
1
47
1551
24
5
35
104
27
102
24
25
36
610
16
9
11
603
97
1
33
87
39
5
18
295
18
118
207
221
6
26
1
286
6
465
10
1
127
86
22
43
22
31
40
706
5
146
121
16
33
14
5
17
83
760
19
91
1
22
113
8
17
667
18
52
105
23
11
7
11
85
3
18
98
133
108
413
2
48
55
39
25
89
14
165
57
26
19
36
211
122
55
2
9
8
1
70
23
163
35
11
12
1
348
357
31
4
110
10
16
15
3
29
2
30
19
153
15
615
9
20
25
82
1
1
1
62
11
163
2
24
1
154
7
186
1
10
26
245
1
55
170
4
10
12
19
73
22
78
71
203
238
3
36
20
124
40
182
74
1
465
16
134
7
16
7
176
746
58
44
58
41
1
250
48
22
21
11
32
121
7
208
612
92
143
4
18
6
543
62
340
14
33
12
36
37
7
24
32
211
18
1
7
20
630
23
53
58
1334
1234
53
3811
551
10
497
909
6
115
1897
148
28
133
206
94
18
16
18
23
1
536
57
40
86
27
24
377
31
3
994
2
19
156
31
34
558
1
19
10
21
111
31
22
1
15
15
