73
42
627
1
324
33
17
13
259
78
412
63
29
8
1
122
472
20
100
12
517
27
3
547
276
10
266
47
66
3
491
73
23
23
1
49
1
26
23
375
191
88
472
38
338
905
429
45
294
260
35
1
18
8
37
63
405
253
39
46
525
1
15
57
186
25
19
1
19
54
1
17
191
5
1
322
193
182
141
369
51
602
1
142
33
2
34
15
21
12
28
9
493
1094
134
107
469
522
26
2
359
677
518
9
22
83
57
28
2
712
707
1
408
17
344
65
21
149
565
145
474
37
8
45
14
126
14
455
18
73
45
170
84
10
154
97
26
360
109
10
124
17
44
61
30
51
24
211
147
253
6
905
4
91
330
13
537
295
436
60
392
415
496
507
9
392
234
4
128
134
31
340
100
12
5
8007
283
229
137
30
339
64
46
296
376
31
102
94
172
247
2
2
597
6
1
245
43
91
164
273
23
27
7
311
29
89
507
307
37
5
328
15
16
269
150
96
39
54
55
1
253
43
680
284
407
327
68
1927
37
11
401
157
29
298
671
182
78
237
337
14
71
291
582
47
1921
15
103
376
704
27
77
53
5
15
36
7
302
55
75
134
70
8
338
7
87
260
405
641
219
30
126
337
153
657
235
45
9
410
39
13
37
330
296
39
3480
278
278
29
87
895
1
646
331
140
289
15
53
44
88
84
1
456
261
405
5
65
12
674
309
17
13
130
89
10
198
624
4
278
230
11
434
32
35
8
236
1
494
57
194
14
3
122
39
92
10
176
46
22
133
26
444
165
36
377
15
7
32
97
2
8
11
216
25
20
69
6454
62
38
245
21
103
279
56
1
98
94
19
45
863
46
6
2
277
222
286
79
13
637
3
146
44
389
121
29
530
25
124
173
1730
356
17
220
2
142
183
24
12
60
92
405
92
359
361
108
152
32
8
7
159
6
598
348
118
43
165
15
6
405
8
92
31
20
7
26
18
175
6
40
30
79
244
118
131
763
257
27
454
158
364
4
2
101
7
6
129
93
26
151
352
121
2
8
59
688
22
28
23
374
22
315
9
132
14
81
22
21
1
276
45
178
142
14
26
291
33
234
46
360
191
331
17
36
94
377
334
20
228
29
176
1
115
56
500
739
250
4
16
144
313
2081
1
323
714
59
194
301
559
285
220
42
77
150
31
37
38
26
88
408
206
32
86
121
64
60
99
118
560
25
392
65
934
28
22
4
253
22
8
4
23
11
85
8
20
119
138
334
13
40
36
85
104
2
107
453
31
3
13
162
431
279
135
258
18
240
59
69
131
4
307
277
428
1
188
4
40
43
45
1
5
34
209
574
352
433
608
150
56
30
21
1
7
92
360
65
48
5
687
20
13
54
291
80
175
925
854
180
44
74
11
121
23
89
11
50
34
309
60
193
327
69
94
50
18
411
2776
216
8
27
4
8
4
99
42
6
58
237
83
86
64
23
4
3
96
30
736
569
238
352
25
90
221
17
11
30
1
122
31
88
26
15
35
26
1060
25
332
82
2
413
1
19
366
521
1
1
44
2
270
180
7
142
16
97
131
188
160
195
300
471
48
47
14
45
2
399
7
96
7
203
741
10
2
31
1
188
8
150
1
49
47
20
60
23
68
94
3
38
1041
253
6
148
753
7
1
2
274
443
393
18
49
793
44
511
105
1
47
13
58
15
419
120
133
12
18
110
63
58
21
7
1
78
69
510
486
38
38
157
34
72
9
25
282
361
304
41
18
412
56
206
1
279
1
2
1
218
29
24
221
32
3
634
33
313
138
42
15
2
1
33
477
3
578
6
470
127
310
3
334
10
411
22
227
16
374
38
52
58
14
77
1040
23
569
85
31
12
311
230
244
1
292
8
225
19
27
42
142
291
16
4
213
155
83
44
24
379
27
37
68
17
353
670
8
743
99
147
181
19
542
437
384
14
7
293
56
44
3
23
621
283
207
306
67
24
26
519
200
156
2
44
9
281
74
294
3
134
20
120
262
297
71
118
96
497
18
364
95
36
127
214
80
40
1
230
303
75
170
12
288
263
89
198
13
438
16
22
64
85
22
3
5
4
1
84
16
3
723
4
23
19
58
413
48
21
7
1
415
185
36
490
4
275
403
100
7
1
113
11
127
101
335
623
44
16
235
29
75
389
224
122
51
430
221
342
53
148
84
215
171
306
84
73
117
81
16
52
4
291
119
50
58
219
1
11
505
64
343
35
2
43
104
88
20
289
23
252
314
1
42
172
21
46
455
395
400
4
80
122
186
35
459
62
44
15
247
13
256
286
19
319
394
1
368
507
112
206
276
190
53
1
316
266
256
163
122
