59
29
37
18
1
20
162
29
131
8
8
125
15
19
400
3
50
49
137
62
36
21
5
43
131
7
1
117
5
133
25
111
514
81
64
1
9
87
25
75
1
10
10
37
29
13
9
18
12
431
2
39
86
17
151
94
58
14
37
1
1
31
34
5
62
51
9
33
485
1
33
10
14
12
1121
6
5
8
413
51
118
30
364
234
33
68
2
27
7
88
11
160
11
63
7
306
36
44
9
109
17
12
9
45
28
114
28
2
25
19
49
471
2
1152
3
45
4
17
148
23
268
153
23
21
188
31
19
2
15
12
1467
4
144
5
17
5
158
1546
711
155
26
20
27
41
148
56
112
26
7
1
35
19
83
77
24
33
13
35
40
24
33
46
40
77
9
11
10
