71
115
834
1164
450
199
127
74
5
1613
1
623
1114
163
4849
1176
2480
639
99
486
336
3970
623
564
1363
5251
60
1762
1849
491
171
106
1286
30
474
129
2276
811
232
2260
23315
1176
1298
313
943
2103
1
427
550
161
2033
388
4012
839
1037
5
633
985
574
1146
459
1899
4
132
1758
581
129
986
4395
8
2127
178
846
34
83
12
42
2346
61
2976
3853
409
526
242
162
672
414
68
11800
40
66
1
35
539
56
4
85
812
433
3512
12
35
588
582
1198
416
83
3683
373
1043
6074
495
4449
25
42
85
1825
1135
855
1144
1145
855
2532
72
4482
640
695
1714
36
2674
223
125
194
1229
828
760
2305
3203
2974
449
615
461
634
8
640
1133
5
9
7521
340
3360
1804
927
3
61
303
3541
688
651
5826
838
157
800
943
32
4232
5410
224
797
1311
1354
613
792
53
941
5271
477
1882
1556
427
2289
2266
803
598
709
2915
1943
978
1097
1
215
118
469
43
85
321
142
4
172
1784
105
299
3327
230
408
1072
213
2665
1131
210
4871
618
1
4017
723
623
100
456
1420
499
8
1028
2176
53
220
103
2314
59
342
767
3613
1643
1007
4874
2
177
86
2
41
1112
683
422
2534
4688
4195
52
15
241
450
16
449
26
3
1375
52
5
25
275
34
593
578
8
1627
4322
2556
303
1224
478
68
364
1710
47
1472
131
37
75
1125
908
1873
257
72
3
89
1192
1902
5
935
97
13
95
14
50
14
329
1
4041
50
1640
224
787
3688
177
3749
23
9323
659
4
2214
67
756
985
5135
505
1347
1996
209
519
429
77
12
2987
73
491
161
107
244
159
47
12
246
180
1009
1
951
360
2037
14231
407
1
1527
76
1
209
579
237
261
1
453
12324
7
357
249
1692
45
952
3396
2801
1458
1
45
2021
52
761
1385
4
45
816
58
3456
116
261
2026
22
223
135
7655
1122
1629
41
1304
1
1
509
148
49
1466
9
53
6752
18
51
3502
278
1760
336
759
1167
18
2292
1388
2136
53
70
2525
800
3299
3136
22
39
3112
1726
396
1029
9
20
2
1203
327
169
1472
7
2235
1639
71
4
13
648
66
378
101
5
175
6
529
1766
75
1236
50
283
1239
1406
136
830
60
425
107
119
258
22
894
9846
365
1117
535
1975
3347
1887
733
2348
1638
308
3631
85
443
132
1381
1829
2903
1279
360
2246
54
1668
151
892
5379
10238
1456
4817
2147
798
450
507
3465
787
310
1474
160
2105
189
193
268
73
814
33
1687
1263
8017
31
330
1313
2401
1089
4404
846
1203
888
193
471
214
1090
1
400
825
590
370
21
1908
7802
261
887
379
1123
569
548
1084
286
2057
1060
6968
2241
1
1116
18475
7
4310
59
4549
1486
446
2211
1024
336
13
5481
667
1312
24
62
31
197
5231
18
610
382
3992
336
63
179
2934
6
5489
1081
289
228
751
850
1
659
281
10
622
2937
2493
1876
619
54
160
89
473
109
761
1
656
28718
472
90
838
675
1698
1071
12
3
1
290
347
41
1
31
1
430
150
42
591
2315
1591
1567
4563
11264
176
1779
1995
123
448
732
141
1941
31
299
8559
1023
405
63
5
840
6
1341
1295
1926
932
65
1
91
636
1
2063
4
54
7458
287
5729
336
3847
774
4
628
4936
126
317
46
921
4165
42
453
607
503
106
273
6
8933
653
12
1284
457
9
51
803
1
1570
897
146
107
137
672
2
833
274
364
761
246
1347
225
5949
1140
30
3
1077
349
490
1018
1
473
980
276
141
657
112
410
2357
1394
2059
8
1657
23
13
823
873
107
29
912
1622
49
217
614
150
1397
102
119
1824
24
336
1082
83
1907
11
43
366
13469
1
2191
487
3397
39
3
9051
553
47
1816
267
5919
181
35
810
63
586
11394
180
1387
20
32
7128
269
31
646
1
5704
8
725
818
9
42
789
30
55
746
9
191
556
104
573
39
4758
296
3
131
4
806
48
7094
3946
6015
773
119
135
115
121
72
1
1646
6044
1
4875
1
558
18
5
1
3
95
1556
240
243
772
1400
115
1896
204
852
143
869
1
3403
1
1
400
1477
3
45
372
49
39
5161
1519
5
2
18
7605
1072
412
429
4786
1
236
15
302
1
428
1
87
11050
3836
8351
1217
1344
9415
330
26
603
2
1
220
105
203
101
350
796
490
163
469
29
693
1076
361
6590
2658
3369
5064
70
448
4231
9077
76
26
448
403
407
17
178
110
522
2540
564
1
1
2
2583
510
101
128
5439
398
230
1200
440
159
59
1371
281
227
606
942
75
4198
13893
2088
13
1291
75
2
36563
114
80
539
8
65
43
1
7
1111
267
918
39
1779
55
1404
1793
51
1329
1089
695
749
1100
2120
3701
1008
1009
412
473
117
1261
140
211
409
1279
1465
9
206
1201
4457
181
960
5187
10111
3722
38
1
48
2017
150
848
271
283
17
122
3002
1329
1782
486
1230
466
632
593
5605
246
499
173
295
1859
651
16
167
5173
1263
5
2026
1497
385
2577
3803
438
56
3231
909
497
1052
31
108
8524
205
1959
349
610
2533
2623
3230
1
31
620
308
1137
1255
2251
748
70
2
8344
51
26
1230
2034
13
10298
558
1264
1107
2493
4
784
1872
20
1893
61
17
1827
159
5468
10
708
5
7
159
4973
3804
4109
58
1856
1782
216
300
1
1216
3698
59
1002
3827
153
2338
402
2260
1528
827
360
153
905
375
6
2342
1064
7
115
644
69
493
38
131
44
1387
66
2629
1
644
47
44654
174
755
163
7620
210
10
1485
965
14
1
1152
2
484
3856
111
136
8
145
8135
77
63
74
376
21
128
1
493
136
770
15
540
1579
1251
7
74
1282
750
549
25
60
1
474
4742
1746
184
1695
185
889
94
9
2526
244
23
369
1062
346
235
1068
3314
24
927
237
55
2
220
1
421
269
1365
1500
5713
1005
14
5
145
171
15
4607
182
736
19
546
881
3833
1933
1823
63
376
663
4706
65
37
250
1483
368
32
1406
1352
1096
580
6880
504
1433
607
20
5441
585
78
1376
67
3399
3532
2211
1212
122
2666
623
92
181
93
3629
670
861
606
179
9223
4009
21338
6795
533
5800
226
75
1836
88
1361
3314
38
844
704
1433
126
188
1973
1
153
145
53
2456
3991
2
404
2356
5014
2249
277
128
181
1
1192
39
1
7
1082
390
1339
39
146
37
2173
763
3770
229
1057
209
1368
8
131
351
468
2124
9
222
192
975
6
3834
1105
1110
1849
177
344
34
1
2991
2016
393
67
319
2542
8288
42
3903
18
381
1872
812
1265
654
795
8056
47
2904
55
1133
21
113
1327
1
26
451
4995
496
3718
2780
1648
9
3988
791
1721
634
64
8241
457
263
1
857
70
421
897
282
7
4361
41
891
11636
39
9
3589
1292
115
9561
67
1816
102
1272
451
839
1
305
1793
221
1398
92
1513
1998
6
3497
770
82
213
1
13
95
612
5960
437
1015
139
3379
910
603
1212
565
176
873
198
7
1131
1033
2411
2625
866
641
1494
3050
1016
1141
8
319
1211
16
673
291
5241
3980
3203
468
4117
1089
58
14
1389
428
480
22
1485
60
45
1653
8027
1
600
527
6482
4331
121
74
204
3798
1069
1057
2874
336
1398
7370
228
562
707
2053
123
176
572
30
2809
1078
353
987
628
8
159
166
45
1275
19179
720
17
2177
3140
1529
1379
471
824
590
1981
26
258
202
28
629
34
1744
501
46
5118
249
1279
1679
83
487
1287
114
28
41
163
3210
294
141
1368
3404
160
4039
670
1159
2116
385
123
230
549
613
1564
23
318
4694
3
387
69
282
2562
2665
326
695
1069
11
715
1642
1063
202
17
429
8823
46
236
390
2269
65
47
145
1
5334
1371
798
2630
400
29
671
3815
81
3
174
382
66
183
28
4
722
944
1523
1792
454
61
3
11
719
16
814
2579
1
915
6
198
626
377
51
1628
15
655
1127
864
44
438
713
42
74
21
303
241
565
1860
6
2980
1458
1648
442
464
20
5770
363
11916
11
91
65
1419
2585
108
223
164
48
143
40
55
171
4
67
5264
1063
1397
3708
84
4218
209
13
1402
1103
23
6568
951
27
1084
10
844
1
154
344
707
55
20386
1440
1192
269
224
823
22
963
541
1774
38
126
496
124
1
56
959
2080
231
510
24
1657
970
667
5
93
84
3
106
78
16
94
1361
190
92
466
2144
278
6857
27
28
1298
1388
123
151
220
406
228
238
933
2686
544
14
1219
31
104
28
282
394
5
3
4258
8
3
7
906
1263
90
641
762
6
212
83
37
62
474
620
865
308
1987
2327
76
118
1529
2
17
3156
58
58
1293
27
14
1239
1495
1547
279
405
9
395
146
1285
24
1780
63
137
52
257
187
71
322
18
3
836
4327
92
759
169
12638
2
247
637
879
4695
84
168
764
1211
341
1
42
1
16
2
2756
30
49
82
127
59
2104
474
44
32
432
292
175
964
5
57
342
248
4
7
36
150
45
13
917
836
3381
664
1933
2995
12
165
2234
2093
3898
1541
437
4498
487
924
4
6641
271
247
58
41
2753
528
240
21
8427
160
344
1048
563
3
121
198
100
591
519
1020
66
126
451
91
2585
74
717
711
1517
1096
11
6
1438
65
25
83
1
255
160
792
121
2
83
448
236
4
487
680
833
27
3
2650
182
1437
12
71
2600
22
2251
104
1065
991
887
3325
65
64
15
50
359
1110
301
6352
162
195
32
642
9846
1042
1396
3483
2403
1
1533
1
4774
233
4286
37
20736
3706
6
4
31372
7
5394
31
2339
1206
2674
4
8977
300
324
1
982
986
6057
1169
72
88
5341
275
1
5712
2
198
441
95
1
727
933
1074
8
1351
1680
74
492
1
2
415
127
798
1
2780
2309
372
785
536
8872
201
5
1
575
1
9
11
731
3
664
1891
1
105
5
6627
48501
4
2992
17003
98
16
17
273
994
21
19
932
1902
893
147
179
2
258
6
46
845
22
21
61
1958
101
816
653
1650
54
1204
765
55
186
1
248
3995
2394
4
5457
2180
95
76
810
20365
66
803
397
50
1740
694
2695
1015
132
23
25
1
6421
1856
74
2
162
169
708
22
7
36
239
238
1308
27
1
3531
11
1196
2984
389
3004
1
1376
1194
58
26
85
2162
815
1847
1207
21
1175
1758
65
1556
8693
59
933
260
1
5215
2116
443
1
8
104
740
18
10
151
408
437
46
697
191
194
1073
1934
2313
1597
19
1396
240
7009
177
1
66
1810
774
3976
13
2223
99
405
16
48
54
2469
1
11865
3764
74
9661
96
2293
134
32
3
7420
768
1
335
30
514
144
35
2215
371
257
35
860
280
180
485
444
68
423
218
21
48
2790
3
455
124
5
1759
86
142
321
1803
303
356
636
2964
926
58
2219
624
47
210
103
485
66
789
780
2488
153
105
264
692
1198
7071
17
80
634
1089
1
2749
479
16
1
84
44922
578
3204
1152
1965
1140
119
944
1789
2441
1
27
539
28
5148
1174
2540
233
381
1
395
443
17
866
171
89
5940
593
3
230
8
100
65
283
82
1211
633
1831
4873
117
9
8
4
1
537
77
4047
713
4
166
3162
1087
2
660
3
48
14
78
218
22
3918
58
473
1
4
85
5468
1909
300
1997
1
1
3876
108
370
363
173
997
1
5405
33
13
5
775
