16
21
1688
22
19
1
2462
8744
173
36
19
2281
2709
324
15
259
161
40
1
24
116
414
261
642
48
1
73
47
18
255
123
34
23
14
236
203
36
30
606
451
38
21
200
1
67
10
7
288
86
13
123
98
473
279
12
13
372
592
107
31
268
22
103
303
23
255
40
83
2
171
25
127
737
2122
366
371
21
3
854
118
7
1436
361
84
122
1665
196
90
7
21
22
25
27
907
57
182
125
179
27
4378
54
16
33
18
229
358
138
12
915
43
15
61
44
10
64
86
16
59
18
858
44
1875
1022
353
227
47
97
401
1951
19
55
179
142
360
9
301
11
82
15
42
12
12
68
174
71
392
176
8
15
84
69
26
29
28
585
38
18
27
7
80
8
288
131
9
1482
390
7
36
242
224
754
22
90
275
235
25
14
1
12
458
31
1434
158
1720
53
117
862
491
9
317
3242
103
97
14
449
111
27
41
479
10
320
4
621
506
11
54
42
69
281
19
12
101
3592
1
8
49
957
13
13
168
6
50
7
98
1815
44
51
23
8
9
123
16
1
46
29
262
135
8
180
610
45
10
51
66
79
140
40
7
20
202
61
27
77
51
403
32
539
171
120
359
255
308
34
236
74
31
28
1871
112
668
24
14
29
139
93
434
259
26
24
173
791
236
286
1036
31
82
246
6183
185
1139
506
381
178
292
649
1
45
6
6
16
49
33
3
22
939
2290
31
45
10
137
168
107
411
8
219
75
553
92
22
52
103
30
145
1090
691
1
36
182
75
92
52
2799
12
52
18
128
61
273
311
55
15
70
234
2
7
25
333
103
213
521
126
2156
53
13
203
279
100
486
123
184
890
762
178
28
35
15
873
44
51
77
8
310
1959
58
159
79
389
2170
711
76
77
378
657
57
47
2
390
304
83
1
131
106
1350
1006
1079
69
33
28
8625
23
126
31
231
89
222
573
603
229
18
15
13
421
18
14
28
4095
1265
56
45
77
87
3
20
557
23
796
155
102
31
178
47
857
96
79
195
255
10
242
48
86
321
240
1576
36
37
58
2208
39
580
1547
225
128
15
131
74
189
1216
671
68
36
1271
69
43
741
661
224
510
400
8
34
59
249
573
20
96
32
277
33
1991
39
22
27
35
29
11
134
35
218
28
369
66
76
785
12
595
634
2714
290
50
34
187
200
403
222
42
125
105
571
1435
21
164
657
102
2
482
528
28
443
1136
5
131
814
7
28
293
1323
740
448
5
171
16
35
144
18
73
45
11
2
237
51
66
5
33
178
9
24
19
557
231
54
1491
594
9
272
217
226
154
108
30
33
35
158
644
62
13
96
508
208
28
220
5
69
11
2
28
1292
20
31
153
36
264
83
286
72
176
147
17
9
7735
73
42
122
30
23
159
2
30
39
247
1
20
17
512
43
277
179
33
468
49
58
22
1164
172
85
17
621
164
18
4
50
93
83
143
216
1108
452
1
544
165
35
526
432
89
1055
17
3
88
74
500
2
36
999
85
8
93
21
69
27
3
56
183
21
11
74
2372
68
525
455
67
40
83
20
99
152
1
381
1
15
38
13
1
4
42
70
1062
283
37
535
1
764
137
170
2477
326
87
418
25
318
25
83
1112
421
74
187
486
127
17823
56
550
20
132
761
20
24
13
560
177
25
42
3
37
14
26
153
1010
80
18
13
55
79
53
1766
87
67
22
383
4
52
40
692
2
27
71
61
133
13
59
62
117
713
413
20
354
152
21
1306
331
1782
9
23
149
20
14
871
249
158
9
9
36
1
15
469
28
415
44
104
22
91
20
176
421
399
7
2
41
56
1706
10
274
297
13
94
327
24
40
379
128
286
80
168
2
145
221
565
80
41
1955
74
90
81
55
9
637
411
59
5
18
32
312
139
323
66
1
138
78
6
5
7
115
4284
28
40
6
818
1
20
14
1276
122
507
1621
1130
1272
13
19
11
316
572
94
43
74
95
48
39
73
14
550
494
1228
2083
1386
33
57
7
1
114
34
61
62
4
749
963
126
153
1
207
444
33
995
23
309
36
1
140
2058
3954
9
359
152
276
86
9
20
171
16
69
33
45
394
11
11
33
140
48
97
744
112
470
6
17
735
35
1000
224
123
45
44
86
48
542
41
147
665
1382
17
14
5
12
213
42
89
68
309
71
165
23
77
64
482
44
56
524
82
19
70
2871
1
742
20
23
841
25
15
1779
23
37
109
266
80
23
6
295
366
161
5
16
60
240
54
111
31
4834
12
11
537
56
656
89
3053
487
44
115
598
2113
369
71
231
47
36
253
421
858
768
1144
65
5
65
45
219
51
23
17
792
289
324
119
817
41
13
1312
301
737
41
200
2779
219
163
1171
87
343
21
113
1
1238
260
28
456
22
65
8
197
6
10
19
854
57
1139
950
29
152
1
63
58
101
3096
182
99
101
47
1
21
386
49
15
740
225
89
35
59
22
16
176
56
132
283
30
53
1
952
30
325
230
3241
501
102
113
4
15
219
7
113
11
9
861
104
854
666
67
1
3
242
113
1816
167
21
66
10
159
9
171
14
18
781
75
579
28
183
19
1828
4
116
1487
39
9
1
62
35
505
2
176
748
45
98
6111
15
80
20
16
2652
214
34
40
802
124
115
123
214
35
216
598
10
385
638
473
1
370
21
45
14
377
106
100
16
28
910
510
14
152
168
24
55
63
577
32
220
26
466
727
34
131
60
55
9
3
205
24
40
2479
357
1
18
323
1
166
267
19
8
214
2955
152
17
23
215
34
106
18
194
51
56
16
2230
53
2150
14
10
857
418
108
79
1319
16
542
1576
6
79
50
64
455
51
104
114
128
134
99
10
64
37
168
17
158
701
55
30
24
63
523
496
352
1435
240
45
125
167
14
13
418
735
115
140
409
75
9
62
2
1
14
103
48
79
328
42
140
140
17
787
1514
127
1353
1
1974
70
600
45
1
38
425
1935
13
10
22
10207
20525
34
110
3
50
1755
37
334
70
341
93
36
22747
7
80
115
640
40
26
21
77
10
18
60
34
25
27
78
48
217
47
1700
377
132
36
15
278
28
195
1801
24
117
36
649
146
44
360
166
182
1159
23
84
63
24
814
80
1094
78
2457
31
1338
1573
128
7
55
49
35
448
418
122
237
117
1951
900
1126
34
226
94
31
16
257
20
230
26
113
113
10
31
200
306
81
47
1
11
51
18
45
1011
12
1441
100
20
13
119
227
159
28
216
21
6
9
6
21
25
892
432
118
1201
268
584
10
268
25
286
77
22
75
133
119
2170
31
38
36
158
172
551
18
115
5
1
65
6
65
35
218
439
39
9
54
1042
38
24
154
150
1
136
4016
622
19
63
44
20
27
490
1784
20
265
49
143
42
165
11
38
1
75
18
82
22
136
138
18
92
30
39
372
75
345
68
346
2240
40
2285
250
568
32
69
244
536
59
12
215
38
84
308
61
344
173
256
197
45
442
423
277
28
1102
132
25
87
43
345
315
285
1795
34
459
56
101
98
40
1
34
36
33
64
87
226
274
121
4
228
1914
2261
221
113
18
25
14
14
418
39
10429
38
104
403
14
8
16
15
21
178
305
39
51
79
179
4
28
5
175
248
8
199
73
808
198
48
136
80
4
93
14
159
199
782
72
221
29
1351
9
12
53
76
17
97
264
554
640
80
11
3184
5
40
56
17
241
41
52
62
1
30
65
51
1252
1
35
90
700
385
21
59
55
1045
260
23
75
202
331
2
4570
57
490
292
17
18
18
790
569
61
995
280
359
154
11
1
327
403
19
38
78
137
723
4
127
7059
105
639
12
17
102
41
87
5
1078
88
130
43
304
37
17
186
144
25
14
160
233
192
55
354
22
260
66
11
443
60
75
14
223
71
391
301
94
112
749
463
120
115
10
1
17
61
63
18
53
510
35
143
74
238
122
1261
115
29
797
24
689
237
204
124
14
1306
1956
99
118
314
514
163
46
47
48
1
194
71
33
118
250
17
555
61
233
5
30
219
692
70
137
420
20
449
69
153
23
149
56
74
103
23
35
193
12
16
21
27
54
1229
6
181
17
895
51
256
26
27
132
4
448
14
402
55
23
101
6498
69
115
22
49
9
27
128
6358
45
18
27
1059
1465
396
836
32
24
16
54
25
205
90
727
790
91
445
3
1138
32
98
24
22
103
864
790
641
275
271
266
24
304
124
18
22
229
10
15
168
56
213
67
118
135
23
13
98
288
149
834
491
234
1019
193
249
21
503
5
1
4
5
113
11
420
162
160
397
284
41
14
16
1181
57
99
93
408
39
62
656
11
112
263
246
10
16
93
137
197
10
783
85
99
85
1181
12
509
66
255
23
186
3055
1143
42
236
2
164
39
17
68
105
26
128
153
206
193
524
20
63
99
1213
334
187
401
65
264
1629
136
44
118
15
58
51
83
1
16
76
12
313
1041
42
572
57
246
64
259
2591
56
496
36
677
1
3
1744
51
3
1528
125
18
215
16
4
42
19
225
103
1
18
120
530
21
14
1375
1
1669
18
3
894
16
20
662
3093
2258
223
441
399
9
687
233
58
808
270
397
43
51
19
96
81
197
5
62
238
1338
25
3135
197
149
36
43
810
178
155
145
38
31
129
130
318
922
410
31
247
3
13
920
146
101
84
32
9
60
3
1235
1894
311
11
5287
150
474
115
31
286
10
24
43
23
283
129
66
4
25
26
377
23
123
8
2627
260
22
2
1
1733
70
46
597
1627
18
933
1676
131
449
3409
148
156
43
77
4
335
204
51
75
19
17
12
300
267
37
82
45
97
207
668
161
109
256
29
88
53
20
96
23
153
396
200
17
109
19
21
9
29
21
116
21
32
28
19
392
340
88
894
807
6
84
4
885
76
281
233
434
48
43
38
39
51
43
55
131
4
57
47
112
17
1213
2
83
362
3
336
1754
53
20
368
115
6
535
30
145
577
377
265
94
532
741
20
71
730
13
199
22
3218
411
375
37
825
2122
13
910
62
11
142
276
52
4990
487
337
701
104
429
13
61
851
493
62
59
523
245
33
35
45
229
6
41
19
6
5
106
287
352
22
58
53
1373
49
354
136
18
1014
438
31
54
39
42
125
1179
40
1
60
3
54
85
118
165
293
40
138
193
1641
30
1335
1090
94
52
62
936
337
551
36
37
14
103
665
296
129
35
29
9
3
89
294
514
2579
132
19
11
543
536
43
1768
13
33
5
50
211
40
484
14
172
368
237
865
1221
1
1411
72
77
470
591
1265
38
15
16
23
10
14
16
89
475
346
104
175
57
16
63
9
262
28
314
77
1883
1420
13
1278
1044
2610
60
20
43
538
3
163
9028
109
17
34
39
198
1056
105
350
669
91
1134
298
450
792
62
30
36
102
43
18
18
18
140
152
802
5
544
99
288
53
117
56
2
24
56
1
674
6
393
108
65
366
43
34
452
33
27
24
14
37
4
47
318
11
11
23
33
15
890
435
238
71
108
418
112
103
24
250
1009
144
6
36
101
200
115
12
356
79
26
3708
208
901
967
1472
446
139
40
92
60
827
32
67
26
888
39
56
312
55
6
11
45
41
34
51
101
226
1499
34
256
45
110
21
436
28
51
20
20
1355
7
252
283
51
8
686
4
42
11
1155
1032
78
77
23
17
17
208
226
65
12
6
37
267
30
179
10
59
10
1
2067
20
112
7
316
639
34
1741
299
1766
19
52
215
10
130
300
16
124
74
243
630
24
24
60
133
14
7
337
123
734
84
237
25
215
20
913
54
278
31
186
137
374
24
5
13
13
8
447
47
50
1
508
59
14
244
2066
592
50
22
636
344
1
38
158
133
42
1
2596
39
16
229
92
376
1643
108
41
1121
25
898
1
46
583
75
17
1177
237
100
85
252
621
1
210
333
357
53
34
19
24
230
995
98
1399
548
87
107
288
96
160
315
12
5
782
23
92
33
33
182
93
286
12
120
4
193
564
50
210
223
36
89
12
1
260
1
184
25
1352
71
441
1316
665
7
816
178
852
59
27
351
21
1
43
47
33
923
1627
20
1
19
42
38
11
949
278
548
187
2712
856
323
29
4
39
30
1206
266
39
104
140
19
383
79
32
19
82
38
13
21
23
141
4
163
992
12
73
69
14
272
2043
20
182
83
18
23
139
461
69
316
268
800
11
23
25
230
163
99
107
261
74
97
324
24
300
12
16
8
369
84
441
906
38
15
11
34
5
75
46
19
74
41
25
844
218
28
20
67
967
36
1387
12
366
715
39
101
1
64
1316
333
58
1
1
64
102
55
35
151
2680
532
421
74
35
19
26
185
116
316
6
392
124
29
63
971
123
154
13
139
36
446
70
204
899
489
429
68
302
80
2379
121
272
14
29
671
198
88
61
39
7
64
10
938
12
10
109
16
1
218
117
41
123
1014
1694
539
73
466
183
58
99
38
435
118
33
21
14
91
1263
249
25
11
16
1
79
690
1097
57
999
1
14
8
176
7
23
57
22
4
31
16
87
12
158
32
237
115
136
85
2
17
381
23
130
57
138
73
4
880
32
36
119
192
365
443
91
316
146
861
446
227
18
910
47
16
146
23
74
8
52
75
1777
230
50
695
120
96
178
71
30
705
248
2
3
1376
141
17
381
276
43
49
451
214
35
93
39
54
25
248
413
18
14
139
861
97
61
34
26
9
65
27
157
157
43
56
18
483
165
115
158
93
8
8
35
317
192
115
215
1254
649
14
7
661
312
195
742
78
3436
28
303
146
20
63
1196
22
630
33
49
169
36
78
4
10
205
2362
454
168
4
15
1409
26
48
423
1
19
1003
1611
2763
37
300
23
8
326
40
297
353
23
19
30
16
50
158
85
273
25
21
12
76
1252
211
822
6
3363
1298
48
22
47
1
25
29
57
1048
19
127
846
1122
122
4
242
26
1379
37
8
1080
310
45
32
145
12
64
538
799
48
93
665
142
16
89
50
85
24
655
1
19
1
