1807
25
93
3356
43
4288
61
8744
166
3559
214
2904
24652
1728
240
39
21
2287
3
1464
1
49
4
2
10
77
1
68
20
29
68
120
277
252
1454
1598
640
1
62
24
191
1
24
1
511
140
2025
6694
192
2
148
1021
148
89
255
1
7812
884
1
4
2
1
1
11
150
23
89
403
102
23
3
20
250
54
3530
29
2
1
83
1
1
238
607
743
213
46
5
6845
77
14
2
49
292
5
2
661
154
226
4
26
57
1
1
1
3
9
836
9
4
47
9850
1
657
67
1682
2714
1
156
430
1305
16
87
1170
67
1257
143
141
1
10404
57
3310
248
920
93
22
29
208
4294
5021
113
1830
156
16416
14
377
4
4
938
5
241
100
14233
6
1
1
5889
17
341
1571
67
691
13054
311
26621
37
313
1
38
75
525
147
89
76
140
237
178
2
29
559
131
892
5
87
1
46
50
37
3
19
459
264
35
2261
2
185
14
1
46
7875
3
54
18
75
1
1
1
1
40817
1
283
4568
3
38
1289
81
3
271
106
475
146
16
1
41
134
31
191
1
38865
16
1
94
5048
12
3566
112
77
1
3
1
241
2
6
82
26465
425
1
1
115
3
150
104
127
154
87
22
1
674
146
1
20
423
174
1
17
1
1101
10933
45
86
3
2
326
1241
176
1
1
13
1
223
84
58
115
38
1
5510
456
30
1
1354
170
356
71
404
5300
199
34
621
1
3
1672
1015
128
201
47
17107
828
1
67
364
1
25
1321
10
1
110
297
62
361
29
2623
2
480
1
48
78
42
81
5
1
97
108
1
2
3
101
173
20349
57
1
92
1
58
166
218
1
73
431
6
30
88
15
23
2
57
9
18
129
4354
1
423
82
2
715
63
333
715
56
354
920
50
15
211
2
856
166
1
37
29
10967
302
270
149
74
369
841
48
2048
14
2
192
1
109
21
4115
10462
237
2542
20
111
180
1
7
3749
68
825
1
32
4
1
26
21
1
60
44
1
13
5
78
128
223
49
2167
1346
345
6
1
452
923
484
49
725
1286
146
45
5
51
87
5964
83
16
1
94
3
5
1
1274
947
19
81
168
1
1
54
3406
127
35
1
3
26
365
311
955
2
22
1
3
48
296
856
578
45
18427
378
72
5518
2288
53
367
529
276
300
637
55
1
1
428
69
1
1
4
1
234
17
81
32
20
64
3
438
601
22
33
334
74
6
455
23
375
3211
1
51
568
1
2
364
29
426
1
6
50
1240
526
44978
218
59
41
1
71
949
1439
107
437
197
977
13
3
20
62
670
2
11
235
2
58
1
1
1
30510
1299
78
297
83
14
231
35
1
1
6
214
1149
140
1
119
931
7352
96
1189
1
198
53
225
2
103
93
589
52
3
110
1
3
24
560
57
60
10626
664
119
63
1
2
304
431
22
407
2
3
136
6141
152
564
2
88
123
9
68
443
602
297
2
128
225
39
24
17
1
1
179
149
223
96
168
22
1
1616
704
54
1
2
3936
1930
1
2
149
2
2
399
9
6
1788
104
418
11
117
1
373
90
391
2150
143
64
2
19
22
6
12
1
211
1
325
119
13
390
92
28
3
8
1
510
9
172
17
375
43
33
1
526
39218
76
4
6
913
1
1
1861
165
275
331
237
1
58
1
796
2356
5
29
7
36
4
4
1
71
1032
3203
1
55
173
60
399
50
346
1
26
273
9
532
672
67
312
654
2
1
1
138
167
22
1
34
9
3
45
51
2
13
7
1
3
1357
20
1
318
1
1
92
1565
450
4
53
114
221
72
123
21
3
5
2
427
114
1956
2
27
40
1421
1
1167
1
4
295
5530
79
230
1712
282
128
248
1
5213
2
2
46
49
4293
2290
1
6
1930
6
193
8
1
66
1
41
1
10
2389
363
847
15324
20
85
263
731
886
1
51
283
217
240
512
187
28
1
2
44
7791
79
218
125
84
5
2
6
9
1
184
117
53
343
27
1534
3
29868
61
144
2186
1
1
7
8
85
682
69
400
285
13
2
261
7
49
75
1
439
1
1
12
101
539
597
12
5594
36
50
227
60
