41
32
20
28
172
8776
17
70
11
79
8
109
36
11
151
4
54
62
87
157
41
19
31
54
204
175
297
37
13
124
98
116
36
8
11
56
68
65
130
15
45
34
7
204
15
30
8
12
23
24
85
580
45
18
47
35
29
258
1
198
10
76
488
89
207
30
35
53
54
20
182
15
5
137
28
47
89
52
12
8
189
257
16
101
23
834
26
22
100
221
37
24
57
4
99
56
70
145
183
6
64
38
206
8
9
34
17
76
47
69
55
31
1
9
191
41
99
143
202
48
68
47
33
28
71
134
17
22
9
83
40
197
20
44
4
41
139
165
52
18
1
226
82
2
8
170
141
43
29
157
482
37
3
15
263
68
28
11
28
22
82
13
11
21
30
28
29
25
162
235
697
309
52
236
19
151
95
69
20
21
44
60
63
137
25
113
450
78
47
26
36
68
7
297
66
299
26
465
103
37
6
1
132
10
33
6
64
31
150
41
106
23
53
1
40
76
304
39
181
9
146
86
181
31
75
1
32
288
17
64
18
47
171
59
26
17
67
39
11
229
20
72
11
116
543
31
27
42
13
68
22
25
272
199
1
17
75
4
73
35
14
44
109
20
48
57
42
6
1
17
33
29
499
12
130
4
17
65
92
1
131
47
8
150
21
11
178
25
2
184
44
15
31
40
18
141
38
125
19
12
64
43
12
20
17
391
2
12
27
26
47
39
9
63
101
77
58
333
192
41
32
141
50
113
29
46
122
9
24
31
6
15
9
84
148
121
41
5
52
28
31
6
42
6
15
46
12
54
94
108
15
6
87
88
284
50
1
25
30
14
50
103
76
4
55
1
5
11
2
2
45
367
144
1
1
50
17
75
24
15
12
5
82
19
25
9
3
33
7
17
37
13
178
113
10
1
45
1563
10
1
114
6
1
91
278
157
18
17
7
44
487
67
2
151
148
78
16
146
