84
342
4
12
72
71
30
225
124
95
3
1089
83
114
135
128
756
102
68
35
136
343
17
1
104
22
84
115
83
2
247
268
355
37
388
114
75
75
13
71
88
121
64
2
85
156
120
92
1
115
250
173
93
496
565
86
87
83
81
75
80
101
183
104
82
88
232
81
75
75
173
298
9
113
2
72
90
94
21
104
72
69
64
354
85
715
75
14062
948
57
93
97
405
110
95
134
72
271
158
98
1
2
388
8
871
855
87
22
166
271
58
225
100
88
80
7
74
116
378
904
9
81
73
271
300
77
991
79
178
5
251
381
217
1
33
277
1
2
889
908
113
75
333
139
76
184
126
175
1182
101
72
85
464
77
78
351
82
128
4
93
247
83
119
133
155
630
240
81
140
105
90
147
83
71
105
97
127
245
89
83
80
505
164
97
129
74
71
94
171
302
198
130
75
74
241
231
73
40
305
662
117
113
75
748
103
819
129
309
124
3863
49
99
75
6
121
233
75
152
318
774
915
65
126
308
534
