3772
480
101
3
323
233
364
318
35
118
261
2
8
253
200
192
18
100
7
433
66
3
279
1
68
16
716
233
14
1
147
102
22
50
7
3
123
5
110
9
163
153
233
7
9
129
12
32
467
42
332
53
625
175
551
243
4
602
924
88
3
457
1
1007
27
526
11
107
125
246
21
120
358
162
236
300
449
139
1297
11
3
153
134
18
162
16
125
43
43
5
770
11
194
4
1
109
1
3
1121
6
163
128
51
530
555
5
4
6
4
146
237
637
44
1586
12
14
48
607
3
166
112
495
110
210
56
108
28
127
144
13
6
27
219
639
21
547
6
23
447
81
49
25
225
60
26
11
48
7
3
10
122
473
113
20
355
105
93
1158
456
6
20
12
78
10
799
16
303
102
2081
122
19
12
15
38
23
122
12
169
80
38
1404
115
403
140
27
10
892
73
92
8473
499
851
2
4
89
130
5
10
282
95
20
27
50
470
113
110
470
654
105
105
102
113
240
107
106
1203
250
112
105
86
196
688
276
92
109
173
17
14
354
31
113
385
267
105
137
506
413
611
15
4
183
126
74
2683
121
26
61
9
8
677
1
77
1
172
14
568
20
1419
12
581
346
91
5
269
148
358
165
116
145
218
6
109
105
20
114
123
1
3
2
26
26
118
232
2
189
105
128
129
377
21
3
112
119
387
149
92
149
247
223
309
271
62
232
30
317
21
6
247
17
106
465
180
45
165
45
9
455
1169
16
87
30
3
88
472
176
14
145
6
28
36
46
17
33
126
390
47
23
133
294
3
142
788
30
8
135
4
295
227
34
18
145
15
170
874
149
6
798
1
292
469
11
194
103
5924
1
6
250
490
116
480
69
121
2
3
288
140
243
191
642
4
3
37
471
5
2
3
25
1395
595
378
9
27
128
46
109
307
755
10
523
527
7
6
156
4
33
54
591
5
60
276
101
481
80
1
643
1
139
26
1
102
4
2532
80
92
166
494
49
194
103
41
91
218
3
11
2
43
3
17
576
31
107
1053
4
17
13
9
69
1
248
78
111
224
6
1013
1
44
59
433
397
238
1
111
9
6
14
6
82
19
588
7
575
157
122
936
423
5
55
146
474
43
153
6
27
4
61
13
576
2038
1
140
11
121
216
136
817
58
47
161
164
323
17
40
104
33
1
14
10
78
299
219
1
256
597
213
106
106
30
212
162
125
68
22
117
110
726
72
386
7
471
243
4
36
179
125
28
6
21
3
11
141
657
105
234
312
103
2
1
687
8
247
28
30
3
27
698
295
765
130
3
119
220
115
511
117
303
112
103
334
155
2
169
126
18
19
714
338
129
6
12
122
109
111
109
145
489
36
6
29
111
101
2
254
253
17
235
1
90
137
589
4
392
2
299
217
4
59
93
9
5
35
105
1
70
42
338
1880
630
295
17
167
162
103
114
108
162
151
104
106
148
11
12
103
322
119
25
233
105
3
119
533
11
20
322
105
294
142
