114
7
4
7
253
294
197
2
72
58
1667
1
27
1627
180
340
1
17
978
100
8
64
90
98
37
20
14
479
340
820
107
17
6
397
27
419
219
2
77
24
72
34
82
2
98
220
40
14
164
196
19
50
8
109
9
16
256
26
12
40
169
2
18
1
8
126
15
9
49
14
324
29
17
200
33
4
333
32
238
57
63
48
4
110
927
60
2
243
239
162
114
584
125
95
171
127
123
39
6
51
168
63
143
435
70
60
31
120
8
189
604
31
89
103
42
76
76
14
8
25
173
61
10
22
68
175
40
20
24
42
240
42
27
17
34
19
161
18
10
721
28
59
109
249
1
135
113
2
95
13
43
12
140
9
1189
109
753
388
78
194
35
454
47
335
84
67
45
345
2
155
1388
368
13
76
67
21
218
17
15
189
50
2
1517
8
91
188
195
5
13
14
310
150
128
33
13
2
75
82
46
12
23
1056
7
137
682
874
3
218
225
11
24
258
657
238
20
116
290
4
38
20
16
61
166
152
3
4
494
230
187
45
119
329
42
834
207
2
325
13
2706
967
47
10
26
19
23
50
8
248
74
878
115
73
456
75
104
882
220
75
124
845
187
72
213
1
10
699
189
9
22
94
624
95
35
32
71
217
635
5
28
69
37
65
188
3
129
234
1
29
3
97
647
98
231
53
83
22
20
41
38
142
80
154
242
301
658
164
490
138
248
214
40
10
185
516
341
120
258
379
213
82
83
76
71
5
121
222
7
179
2
71
173
1
28
23
241
1072
97
2348
28
2
73
24
317
158
992
10
87
50
311
118
6
12
18
223
67
1
145
96
188
2
126
21
238
307
77
318
12
113
415
22
8
102
139
47
74
8
351
75
139
3
213
170
196
82
71
28
266
24
38
107
147
127
29
53
187
10
1059
12
215
71
32
233
8
30
4
132
2
5
66
37
34
75
18
786
94
4
75
313
279
125
148
343
52
71
33
2
16
52
45
79
82
190
4
8
20
184
8
130
64
50
800
145
3
126
425
10
1
326
42
104
201
14
83
5
110
53
298
29
75
11
60
186
187
7
47
11
35
76
121
227
198
172
49
26
161
14
313
73
5
218
33
308
1
140
10
229
18
28
18
6
14
40
38
22
832
8
19
1
6
181
14
7
10
31
3
14
155
41
75
83
54
54
4
18
25
95
351
911
617
6
100
15
89
244
141
80
40
170
615
404
75
17
850
17
23
75
12
59
101
109
67
150
13
201
173
5
224
1
886
20
8
55
83
76
588
367
192
328
622
141
88
86
111
212
32
109
4
97
74
8
565
144
348
17
100
58
5
183
54
150
97
178
134
81
92
76
355
72
10
249
950
182
1016
245
75
8
7
502
36
140
144
577
10
21
19
2
90
21
26
75
114
869
2
1
11
26
16
9
21
19
26
86
206
96
194
92
100
1
17
282
211
232
40
306
106
127
71
163
210
45
147
48
63
9
373
13
22
97
185
131
483
2819
297
100
76
76
