14
1703
900
120
480
175
19
860
137
70
240
16
34
268
189
876
1103
87
267
37519
1667
1185
410
17
868
1085
143
85
78
3829
145
21
4650
162
33
381
748
677
654
301
2174
334
840
2539
307
231
20
785
1049
817
81
268
815
812
117
54
1081
265
329
114
55
739
822
845
965
753
1195
1634
960
273
1814
906
1237
177
932
1003
3365
716
4
4920
261
689
678
60
389
90
100
1072
785
700
825
114
1
888
76
33
1816
654
195
2381
392
95
625
17
694
689
4375
246
243
2151
785
930
1566
689
12
148
25
979
329
1284
208
997
65
9722
971
718
34
88
3
106
751
43
149
603
696
500
758
468
1382
214
1015
947
753
960
5
213
64
1894
1702
127
1808
766
269
880
4806
925
12
78
723
266
1577
922
840
1240
543
1411
759
142
1614
44
2217
774
2191
640
941
65
654
1363
761
127
930
25
549
107
434
691
820
1833
1285
1509
1181
496
375
799
13
129
144
748
32
1248
119
260
613
3
20
780
206
916
617
1141
1268
701
742
324
95
1448
240
749
608
989
692
46
807
1326
937
890
250
274
42
31
279
1036
929
155
229
406
90
161
45
817
34
2614
749
79
336
1086
944
1166
378
868
99
290
2901
817
28
14
1698
2136
744
226
1
546
838
1173
938
6556
487
1115
72
520
5
1096
647
1114
6932
34
1
781
2949
788
725
158
1304
51
271
502
335
1201
341
1079
894
176
357
999
1149
2011
909
1538
220
361
177
902
667
175
1037
424
917
946
1044
1423
2064
99
1906
311
846
487
280
704
788
724
1001
382
762
904
385
2514
536
2010
170
334
88
120
21
244
962
1631
868
1438
1324
115
34
173
238
3
686
121
279
860
215
780
831
106
1189
979
738
257
988
1594
319
965
738
688
13704
370
972
4013
164
494
891
1005
812
1759
1433
983
293
1
265
911
10101
783
464
456
4
320
73
850
153
6
33
98
181
1174
406
315
1248
1562
1375
157
135
484
628
157
51
713
639
189
827
341
541
690
198
1
52
2713
65
181
119
136
957
862
1112
865
506
180
2
1071
787
109
861
1075
819
2494
1169
864
139
335
877
689
705
1093
1295
1080
417
1
150
2
824
434
1321
1397
12
56
748
234
801
1054
121
1026
165
180
2056
79
920
606
706
93
1522
605
755
967
686
297
351
1537
31
349
196
784
2770
825
1617
192
171
958
671
790
1270
183
114
1565
217
951
916
872
978
1009
137
131
25
853
1233
722
843
1535
359
895
175
884
962
5631
716
668
774
725
235
563
689
696
744
193
82
2429
525
1740
663
345
982
61
764
501
210
1471
19
998
975
451
16
1451
667
575
269
735
476
116
81
975
867
733
1108
202
57
169
283
29
815
1799
154
2108
53
450
808
3555
199
75
1194
4432
961
741
1383
2226
550
675
818
97
857
105
735
715
810
432
2755
1132
776
697
863
861
1163
711
1342
672
1181
332
1683
755
837
2341
221
2515
1165
859
1443
940
2178
1243
105
818
742
926
840
1256
1143
2072
442
1516
770
52
906
393
113
721
885
177
139
99
1
15
32
67
63
1000
925
104
2163
1432
121
1
3238
1831
15
687
2228
1414
143
240
765
4478
945
823
201
15
39427
1058
1089
110
588
799
249
349
1173
320
378
1131
857
243
5232
794
1304
139
1259
142
414
10
709
571
1159
207
132
722
659
406
1068
3237
352
2247
8
97
136
1220
1150
21
5458
1536
3529
105
4903
733
465
804
2296
1008
929
929
811
733
479
1121
857
149
874
106
901
678
817
894
76
809
765
446
1204
176
1150
657
92
2
1389
705
418
614
886
1483
11226
101
756
99
1073
800
1028
1197
145
877
471
4595
65
3297
1210
202
151
790
842
1042
932
965
777
441
964
849
1074
2334
125
792
985
14
1035
1205
292
883
110
1
755
1079
848
1078
735
250
763
881
444
279
2138
773
602
473
82
252
2748
294
704
923
2997
11
514
436
156
74
559
830
374
171
910
7
919
23
1
410
105
88
1330
2558
22
273
734
1157
503
2040
909
840
670
1350
1095
913
6
792
887
1156
676
543
994
664
1788
469
856
725
963
205
1153
753
607
217
1582
180
1438
1797
224
17
126
1231
107
734
548
548
972
1293
48
345
840
836
927
14
1
3265
391
115
498
739
901
1420
1785
766
634
401
4762
88
895
2128
340
663
1046
966
133
657
2056
872
552
337
3720
1626
149
634
384
855
304
313
36
660
35
942
979
400
2401
1694
166
817
350
118
865
143
1
15
1408
411
881
320
1060
438
1
114
2200
1170
748
590
44
57
802
1146
143
843
1330
237
2203
731
585
101
732
764
2182
306
757
384
1491
443
29
1572
1199
40
5250
28
83
1208
554
892
12
4669
131
1135
500
886
977
1519
256
771
3941
162
1244
862
685
848
21
241
356
162
1562
1
57
143
25
1069
903
236
119
739
261
1038
943
469
85
244
2445
887
863
923
1854
1754
698
814
169
4000
482
804
492
1309
761
170
934
208
2393
14
335
3007
4148
310
63
938
42
71
394
3974
402
101
776
2959
268
839
962
719
123
898
1836
1010
1124
879
273
230
93
584
227
633
821
333
174
869
3253
164
1687
75
585
2117
965
1002
138
522
149
1643
1357
1054
3497
3
1032
508
711
881
491
878
836
111
225
868
730
101
2040
189
921
1541
1491
631
463
733
842
1
1057
925
6392
526
187
907
1808
665
1274
3821
1158
674
209
901
115
927
558
287
514
1083
675
1807
1878
976
641
415
820
30
1
419
300
280
1346
2548
981
23
605
26
380
30
179
80
74
286
132
355
999
381
865
144
9743
114
80
192
630
102
1345
170
6411
559
149
7800
232
143
156
1996
170
899
77
844
563
67
1047
577
1323
1041
33
1177
103
385
578
1
245
148
1095
272
26
1627
302
621
4413
184
1170
14
129
96
150
764
904
699
1176
217
72
5228
706
414
257
487
646
1079
8867
52
1
519
500
1020
3468
1069
95
165
822
920
88
1178
694
811
1129
466
227
308
842
1395
818
169
125
146
206
1191
4327
1227
917
7
390
4258
1502
1135
141
747
832
687
730
163
832
399
32
1413
275
31
706
736
754
869
713
1127
1974
2191
803
524
1073
2017
818
918
1449
1202
196
999
1052
359
699
450
1036
1
376
1026
769
173
1303
39
85
29
52
135
195
975
3180
1718
132
34
1077
962
306
356
1353
169
310
1316
1174
114
450
152
2889
1292
64
998
42
1001
1734
476
4447
90
570
685
981
565
834
29
145
1242
865
126
1235
477
1670
23
1
756
712
1030
282
119
552
625
660
388
429
592
374
159
225
298
2800
16
2310
1119
1218
2205
1257
1787
839
532
942
836
134
1364
1311
106
3622
849
190
1394
241
1537
1294
718
698
69
115
1003
724
827
149
260
2096
140
52
623
89
382
2886
750
333
1290
533
702
76
901
2062
59
66
3538
738
1154
143
356
71
154
290
618
82
144
1721
802
40
196
1028
263
3801
667
170
1118
895
222
1158
930
3451
891
522
522
85
775
161
606
2646
1137
306
42
782
166
1827
71
1070
1330
937
388
1223
194
55
136
443
742
535
899
1
774
115
658
1406
94
35
1768
5184
747
1486
947
105
1135
457
668
278
194
153
871
2804
279
13
1422
91
215
1860
763
1787
835
714
1326
430
914
847
997
7968
975
1492
1545
785
854
21
1140
1
150
6
60
1178
773
652
5323
328
6110
538
2250
2592
392
782
388
7745
957
1
429
618
198
431
2921
977
906
916
1832
655
1549
841
828
1658
2836
574
77
1222
1202
887
296
45
169
12
920
217
1
93
1291
978
653
394
226
860
1011
830
19
1857
622
1208
1485
646
247
141
126
75
602
389
355
913
886
130
53
1552
765
776
706
737
584
19
796
674
808
922
900
1532
1638
281
258
1046
187
923
2015
818
225
818
1
330
588
1298
2685
187
351
24
1865
255
545
1337
279
122
103
195
117
1093
321
212
2930
1424
119
57
596
1267
1058
73
1025
450
36
430
279
168
1473
20
1153
617
808
1124
668
1250
1821
987
1372
1418
445
1110
313
929
290
666
813
954
1004
670
759
204
168
682
112
767
1853
87
61
2111
981
836
922
844
667
4770
802
1161
878
1554
1312
43
523
766
246
807
126
107
705
712
1642
802
440
223
373
650
850
26
980
778
299
115
1300
352
755
182
939
151
804
1225
163
720
1555
373
89
70
78
176
47
28
323
348
192
1324
27
136
298
10
214
299
2
425
67
817
91
1857
2060
876
1234
323
387
794
3703
684
522
191
2
595
27
1729
3068
2447
809
1
915
550
1241
73
1335
1
301
240
891
1032
790
81
1001
161
930
335
980
44
938
799
101
723
786
729
1152
742
858
506
85
1041
873
111
733
1509
1838
696
418
127
2
573
126
1842
144
622
1155
5073
76
1093
138
98
879
1491
913
2892
76
145
878
42
2
278
824
807
1454
1249
36
288
1145
6
1705
71
782
843
1237
146
269
1043
1706
96
188
149
114
1871
57
601
2165
818
923
11
787
286
138
3049
783
112
9
141
207
191
36
1562
797
1
411
733
1060
45
1
217
1121
786
171
281
21
979
570
1481
794
942
1267
1019
978
520
95
216
139
149
478
488
822
464
682
1290
1010
1022
453
58
2389
129
235
541
441
4683
1736
1332
1157
715
755
930
266
1019
115
38
116
36
997
285
139
320
1
696
1243
972
77
693
140
668
1
815
1
1744
1051
1
1934
409
153
1025
681
57
138
149
5135
878
111
188
957
873
65
1843
88
1163
812
1161
230
259
1084
2632
82
1265
674
601
9
17
110
294
449
2146
2255
312
2
741
739
828
402
618
772
1089
146
1009
627
1252
971
151
5039
2221
824
858
2692
1384
176
977
507
787
414
568
803
662
162
536
411
235
384
195
1001
532
716
772
1224
370
1089
201
1288
907
683
886
720
119
951
1
711
1864
957
40
1709
109
125
2030
1124
709
84
150
1
703
393
871
309
83
980
818
682
1013
486
2115
345
162
173
7
120
846
439
888
129
521
985
675
298
405
817
51
2879
1000
798
881
1001
215
328
195
1138
411
13
293
854
363
827
95
438
1
779
793
810
933
1097
79
67
73
770
2045
24
519
2561
918
767
408
417
213
38
7
3115
137
303
1539
1827
719
43
1359
1164
620
44
462
115
1049
1197
3293
3835
11
1461
1282
1023
208
1164
411
700
796
601
1678
783
907
791
615
189
210
227
1075
845
1255
2994
2627
873
870
781
801
2131
80
322
264
1543
1406
806
748
110
116
654
869
23
870
307
2090
790
72
1185
1154
199
396
1418
1811
780
997
891
95
2246
669
1553
154
959
1523
736
908
222
1130
770
209
700
1225
190
945
2471
874
278
943
212
999
1047
791
786
1644
1125
1320
220
831
161
1830
911
1104
234
688
994
1092
275
860
765
146
1447
1362
12854
733
916
962
547
237
695
531
778
945
803
190
1543
900
578
1238
1021
1763
109
963
966
1100
2850
760
702
2266
1103
187
1078
1683
191
1273
3908
2469
1359
902
58
398
76
350
871
891
930
940
2054
507
844
512
243
1021
27
2
123
690
886
1814
62
860
95
683
264
862
862
1107
33
36
844
133
123
113
512
254
82
106
779
1680
15
774
4
1462
734
11
910
614
919
103
1140
1413
1556
705
1
129
293
91
1
2102
1036
173
569
110
115
235
185
113
838
1035
1361
666
111
135
1055
139
464
1238
1106
47
405
798
906
1683
646
48
195
93
196
262
408
685
1640
1262
467
413
72
1958
1288
127
199
831
1464
890
823
70
57
767
138
1162
328
87
1275
33
753
95
251
1266
386
114
56
678
637
707
1272
546
286
897
810
2382
1176
1528
131
6
267
42
1055
149
131
26
85
1289
37
1244
522
1288
427
226
1154
125
1125
69
1671
399
75
960
262
1621
349
779
952
59
2057
736
943
311
1841
152
734
77
204
847
863
2480
1904
1198
134
1380
92
1502
1000
1
1327
1097
880
666
29
35
47
1085
113
832
783
566
735
400
1580
1495
2896
19
742
179
44
23
213
232
1217
257
390
19
35
83
4870
715
1241
828
852
304
3137
1031
513
763
369
9
277
262
467
936
146
1046
670
1407
45
2188
167
984
6548
38
223
583
999
10
2037
67
671
78
812
820
177
132
939
21
3916
143
949
100
764
686
2
1950
1288
2775
2492
954
209
127
129
1179
1935
55
1164
31
42
1248
951
12
114
106
589
322
804
590
835
58
55
214
669
132
51
1280
124
1620
362
63
721
180
552
119
745
152
2
314
223
3602
102
192
792
1177
836
109
967
138
100
624
1061
469
304
1077
754
751
855
43
204
717
202
10
1959
330
786
343
960
927
776
234
893
1130
1030
2561
331
73
1569
209
17365
806
895
7
1021
185
735
787
803
5712
61
995
119
14
283
816
189
1249
84
904
2303
2556
137
1644
1105
89
1438
359
1203
772
182
957
40
190
1036
442
265
1130
137
2998
667
1995
309
266
1029
846
146
13
756
422
635
1018
1649
4
46
25
1542
793
102
134
707
916
1765
22
174
759
2024
133
191
395
101
936
891
1877
944
669
50
15
2108
1669
724
21
3469
175
4
280
194
82
201
35
74
1209
768
723
822
1277
85
772
729
987
15
1039
130
896
1530
638
1052
908
421
752
2319
765
26
841
84
1122
2197
451
101
21
1180
888
1059
5398
756
393
995
2011
1612
1260
676
664
179
749
764
708
209
210
703
978
2363
11
251
935
987
2120
802
136
2543
1237
1159
28067
93
869
49
117
139
1000
210
1448
165
33
133
615
890
759
276
47
104
575
781
203
728
17
1206
860
410
866
784
674
1407
32
236
763
192
133
138
1098
274
1018
838
1012
14
1188
2442
272
798
155
556
1977
85
128
231
824
46
169
101
806
976
1484
2797
53
728
110
170
1959
1733
91
14
769
1888
132
199
1052
589
592
679
356
812
881
889
2
108
1054
6
192
477
357
108
132
742
83
110
1
1
76
1
2011
732
4498
1035
337
780
851
125
669
649
430
1394
134
1112
97
104
2813
146
191
924
571
279
1317
476
49
155
2456
1086
287
845
800
65
1215
267
1254
928
1764
2059
827
406
62
20
862
1087
742
679
354
252
235
687
849
827
124
32
678
14
839
1013
55
612
204
757
127
74
5658
1197
6
2089
8
356
2551
1778
1351
412
5123
620
800
1862
810
101
1501
897
127
988
3092
103
830
1009
697
11
1454
35
277
368
143
505
971
119
747
125
56
84
32
5
1
346
56
316
30
184
803
41
799
2508
252
641
4
1784
727
423
281
770
957
511
662
871
236
83
97
489
1655
810
142
2098
902
1626
384
731
582
71
842
1279
1024
135
470
1551
318
91
712
1259
561
474
50
271
497
467
923
601
149
50
463
84
2
9897
941
1551
1
1078
729
621
199
342
726
53
359
283
1194
2010
223
123
1098
913
493
957
2408
2759
936
386
1212
343
929
648
1270
775
754
134
751
765
875
334
1042
326
370
697
1849
1063
2
51
204
713
703
1567
1164
183
888
734
744
76
853
1557
377
621
41
832
37
1260
955
424
106
2262
877
1112
602
562
679
882
1139
1008
186
811
1170
101
45
760
1576
777
33
1634
444
17
118
1346
1059
117
60
388
847
751
835
3
1174
959
274
1
1726
526
149
1217
1414
190
243
1786
1831
136
1144
618
366
690
29
768
28
248
144
639
737
988
452
697
197
430
810
848
188
330
896
1013
1069
715
33
922
693
109
17
1069
61
557
1107
672
406
54
820
1929
912
837
233
112
831
749
937
141
894
795
833
8392
33
55
880
767
22
457
1527
928
213
732
1059
697
610
212
443
219
50
1405
82
665
720
777
92
117
991
566
360
677
182
167
1426
1892
143
663
1099
768
307
149
189
1209
833
1141
255
160
656
924
1378
429
638
678
493
688
488
13
198
68
1789
869
2337
433
92
150
1112
99
787
1384
13
491
748
63
136
485
389
277
136
23
821
971
1
51
56
89
629
958
711
790
244
1148
2752
77
681
751
20
116
1508
1681
2622
733
72
184
677
902
60
3092
1208
190
1212
8290
97
292
69
470
1232
1414
146
778
818
1184
210
362
276
893
2460
921
1029
129
1
50
1663
778
779
823
794
478
7
198
615
5
861
26
873
683
320
217
595
1784
98
77
915
645
17
323
68
131
1265
1128
76
185
94
286
584
786
132
787
1020
903
1247
273
749
1
40
502
4979
494
75
4956
1716
310
778
148
1397
382
979
775
722
41
387
950
785
1088
908
1236
310
1146
565
1040
678
801
461
906
458
1441
825
78
655
1240
559
1193
28
780
709
415
1
691
76
959
1083
700
942
224
1227
881
421
59
204
1482
396
113
76
1178
833
1
1179
954
896
98
1063
1058
700
479
655
876
18
7088
68
1013
499
135
1118
91
136
417
353
14
1196
1027
760
1058
165
528
1151
1232
1108
1178
1657
399
850
1263
2128
1228
738
598
672
681
38
47
498
52
757
2
1678
819
2975
19
1
267
269
16
460
600
1089
396
123
242
17
103
1012
91
600
1122
393
1303
346
445
1541
764
1111
968
264
78
916
11348
120
1075
1264
9
1550
671
1762
1354
1673
86
638
217
920
1111
137
1
13
547
565
11
170
720
1332
632
254
165
322
1063
189
1083
729
76
414
499
1
9
471
272
639
920
900
87
135
977
526
77
1762
94
1069
683
1386
722
762
790
1100
1
126
51
356
452
4648
239
79
975
74
1479
1500
2138
1152
6
76
126
153
100
89
842
1192
296
1520
891
271
1004
80
874
2993
133
1591
859
34
362
140
680
15
476
355
1413
773
738
82
199
14
4406
18
579
1053
931
1022
1343
2884
147
858
20
786
1091
71
1062
151
644
1164
1135
879
359
9
506
60
305
124
41
244
1638
211
196
688
433
236
80
838
983
783
961
141
1485
888
800
542
675
32
143
61
758
689
232
766
722
89
684
167
58
790
463
789
198
121
1232
401
1177
803
3878
87
113
350
879
771
457
490
859
107
2
732
294
81
14
337
796
592
834
841
3336
137
60
943
155
665
2646
120
84
1029
755
887
992
468
818
1113
239
112
1572
80
45
1630
7055
98
66
108
15
261
1337
1623
1118
140
3291
1
206
160
622
1475
1134
1245
351
928
87
1801
1267
544
347
1
164
250
438
306
177
940
1015
758
75
966
1445
167
773
800
355
381
688
1099
2215
228
177
1054
1494
300
315
776
5261
390
813
191
1573
205
3897
465
1115
148
1128
833
711
771
440
52
77
498
2643
870
436
1
298
971
1454
442
2194
646
731
1238
1103
680
154
3612
1161
1555
405
132
902
1687
726
11
890
665
1433
862
990
198
124
122
646
118
289
1306
194
310
574
958
568
752
912
1
710
14
707
116
660
114
1185
268
1408
703
101
44
80
650
391
1563
1380
93
862
578
1025
873
151
51
1031
61
146
931
115
175
1206
84
376
135
616
993
741
172
9
890
96
644
112
809
1084
294
8189
237
95
895
2800
1065
92
54
109
848
102
100
1483
235
857
169
506
59
86
1832
287
302
684
407
112
1094
524
290
910
41
5071
142
310
1042
619
242
970
7
963
1127
523
147
16
956
223
212
33
160
857
1659
749
974
492
806
797
407
76
48
214
1553
1315
1234
733
21
6
1266
418
865
696
983
91
46
328
634
542
28
124
222
408
393
388
1658
1082
870
114
836
1801
986
875
190
106
237
887
698
14
151
386
17
7318
99
690
702
557
83
14
597
1016
861
197
122
170
60
738
49
356
509
1575
31
720
80
6
600
694
782
1
2
3130
206
2018
134
622
581
811
702
163
389
2219
172
1229
1989
648
19
16
614
1551
877
154
916
854
75
977
1048
447
1978
552
981
221
188
460
1699
354
113
287
134
1007
329
199
879
4438
998
85
881
2697
1289
38
133
958
1258
3899
1065
3
227
299
302
118
2158
1328
208
620
1217
1234
170
669
762
807
786
33
288
731
1297
452
881
520
757
772
821
22
736
135
4
1090
737
1626
723
496
1691
647
868
868
326
180
9
1435
1129
771
744
4237
825
2843
717
611
16
603
713
186
184
846
1160
1149
1
156
574
155
840
177
1932
900
79
1397
35
1002
717
800
149
902
944
977
594
301
248
59
380
42
146
2245
845
858
2627
713
1923
669
624
829
772
7849
97
712
408
68
1040
856
809
2840
647
42
1936
895
98
756
3
102
302
1110
622
1133
689
23
736
4
245
1
738
906
152
255
69
256
310
689
769
1273
658
13
1780
836
234
140
95
1214
530
58
402
1067
716
339
1249
19
397
635
891
947
686
825
765
196
6
280
833
1064
901
827
545
1067
1138
2054
247
732
1237
35
585
1650
741
529
398
752
48
154
89
166
154
533
738
1049
260
39
89
2030
16
448
340
872
419
196
1349
228
990
1737
482
809
970
709
772
971
726
1151
94
1104
244
1124
59
6
958
133
1813
833
1963
131
1563
846
703
316
483
141
56
16
253
1361
6026
690
1805
2081
1231
795
1468
13
669
655
14
1128
874
963
1294
681
2
2524
127
690
134
597
523
404
4062
883
56
782
139
1080
1625
1858
58
52
148
695
814
1660
576
1429
1109
40
1070
56
735
730
140
2041
1255
42
1769
167
871
350
613
824
1591
121
15
2361
876
642
3652
678
834
83
1408
4392
1202
655
5
128
804
897
1702
1195
1797
1203
358
285
1102
1525
480
3
257
81
694
133
972
827
764
858
784
775
1300
2670
397
141
872
204
959
538
1277
966
1148
189
177
351
141
37
172
24
79
13
289
1
116
1327
804
109
207
71
613
120
1421
979
38
351
141
724
97
145
944
1614
217
552
35
5202
23
20
1108
827
572
93
931
1935
763
2962
726
427
24
10
640
438
382
870
1262
126
142
161
2144
3174
9
1360
38
132
522
1534
576
28
599
1
597
40
95
716
141
269
79
780
234
3
22
1314
1150
582
24
52
359
89
897
334
1018
1430
26
334
144
1099
2904
960
191
205
1014
942
266
25
41
43
777
84
440
159
951
366
600
2123
5
76
895
1
177
46
108
163
384
43
990
23
2854
122
1439
952
149
75
814
29
621
2056
976
777
155
201
11
81
581
138
3521
660
1394
81
366
1356
35
197
517
1471
1183
61
1142
622
929
137
848
1506
2890
409
856
968
422
1621
715
778
257
1086
43
1252
10
1
1794
118
68
107
935
352
511
161
1202
975
315
430
861
188
2121
1530
1612
2507
2279
30
234
1122
992
212
337
990
926
662
87
1325
1027
1252
3415
138
1095
540
632
72
99
173
165
1075
839
103
92
597
886
609
603
1786
244
99
2574
113
769
133
28
1394
934
129
209
293
207
178
694
403
4192
1015
158
60
134
878
548
1353
942
41
648
806
604
1166
209
132
132
1724
574
142
1152
160
802
2684
163
707
95
263
2498
1558
1603
822
575
1263
1572
661
849
95
103
1
864
502
813
1069
162
1497
1041
130
1580
237
1188
76
933
951
34
1048
86
827
774
4114
2454
94
413
18
816
37
1052
185
2497
1470
257
2189
341
796
454
643
781
106
1216
980
109
40
46
93
235
1783
808
689
92
2
113
88
1174
836
126
224
466
945
838
873
777
990
674
80
13
257
451
2140
1064
141
562
174
1236
623
764
1
1745
240
7552
293
521
2918
1318
1134
862
1312
1457
135
893
179
1974
358
123
465
393
829
14
49
4
1112
867
164
234
12250
946
628
997
203
422
44
75
946
3153
204
35
3559
236
129
64
804
96
2561
658
1040
584
151
1997
544
254
1928
897
887
71
680
108
757
813
979
984
101
82
1033
500
1292
940
774
1221
618
3220
31
2316
4
404
130
29
695
822
1771
356
704
413
92
522
44
953
5549
1481
1158
1230
933
216
1111
500
40
843
795
178
151
12
775
186
65
322
1075
1
290
51
636
837
948
903
1965
234
763
399
1202
575
622
484
615
716
974
200
780
60
831
15
956
1186
721
15
1554
462
943
115
200
1019
1163
318
2087
29
882
356
79
685
1016
1158
290
1096
2459
190
115
2222
899
61
1290
586
21
644
14
825
10
801
1091
424
88
112
841
69
95
1118
1263
860
1177
50
711
104
428
182
348
67
754
771
802
128
751
1524
1162
45
644
129
26
39
658
280
49
534
520
640
955
723
2447
856
1156
544
865
894
149
808
162
196
1530
171
1290
7455
798
768
1016
406
606
776
1065
121
754
521
1032
759
345
228
109
76
596
198
64
75
1142
1
628
114
152
823
940
132
346
803
1425
11
808
848
1126
880
494
99
1291
37
261
237
390
765
962
1107
452
148
957
85
46
163
319
716
856
1340
634
592
5
214
119
350
204
655
1861
36
887
204
4330
886
88
109
282
1692
136
34
86
838
310
1819
1431
854
1186
1734
146
1210
187
751
122
3
5489
1512
712
479
801
701
449
1279
767
730
1
133
1365
13
28
799
1077
877
552
940
69
851
733
1146
3793
22
298
222
182
232
65
616
12
14
155
1051
18
162
13
164
605
55
452
158
648
1479
35
1665
703
670
64
18
2813
109
34
347
772
91
1121
42
3388
1971
861
715
960
691
2490
178
833
468
795
1071
1451
1190
309
293
862
27
950
484
397
679
898
151
915
1029
16
25
988
924
905
1207
350
116
1717
1088
315
324
149
101
1047
1045
447
1209
904
1043
942
566
780
183
3769
869
1653
828
122
1479
437
632
803
456
1011
874
54
346
363
84
6
1127
1080
1113
1282
726
1748
90
692
497
1224
389
27
937
67
153
1064
1662
90
65
1259
844
49
853
42
260
27
1322
703
450
23
743
830
453
879
119
409
815
693
719
483
61
912
404
1273
833
1052
96
479
18
328
448
387
9
138
75
870
873
936
987
865
261
1968
156
1358
1084
978
767
1241
825
879
801
57
133
828
166
113
76
1436
790
470
741
224
224
1448
1350
511
322
274
1101
611
980
563
177
1704
655
777
661
680
198
1918
910
14
937
1011
184
708
24
467
853
1089
258
839
771
250
1455
461
165
739
102
1152
991
755
70
973
761
72
1106
1419
235
375
2312
90
1097
2747
44
471
697
57
1371
1022
739
555
819
1340
1001
868
995
658
943
524
884
260
75
755
779
964
42
892
688
880
85
1323
741
984
1389
232
872
885
978
1168
2278
90
989
1389
860
124
81
43
226
62
1476
21
2185
6928
834
1101
670
983
4271
5523
1201
228
1068
1159
911
148
1876
441
12
43
2143
1822
938
2217
1508
97
268
985
1663
77
357
876
69
958
252
771
203
46
164
136
1179
1852
1339
157
880
281
1189
36
128
1107
270
1509
803
1015
73
793
284
908
2487
1116
64
876
59
1972
62
232
171
130
18465
985
888
192
112
225
83
1475
155
1672
1259
410
817
148
216
1236
15
1243
130
76
1042
13
814
136
1027
312
1545
698
939
137
75
870
52
770
926
1
183
755
173
750
813
49
553
129
661
2
387
847
44
1399
1525
30
32
777
1640
286
954
1142
1007
1008
1388
2790
144
602
1799
316
539
728
1213
253
1411
1411
301
544
3407
788
30
925
764
74
1255
386
55
474
227
962
174
756
1295
58
1318
753
2508
1744
417
1373
103
802
222
835
1554
1566
469
1021
16
89
63
243
1821
209
618
893
3543
16
129
168
222
390
109
721
744
85
568
1588
618
76
759
739
1034
1905
285
191
1765
906
83
260
1051
143
173
3354
1445
211
810
1166
158
598
458
5093
67
44
21
789
903
646
104
731
972
1499
212
373
49
202
1179
1184
97
506
471
761
466
889
1442
895
429
605
773
1583
108
732
726
4770
700
771
829
167
764
957
493
1492
556
791
922
226
736
714
630
96
1132
586
88
305
38
1053
117
1450
312
1020
1197
3355
148
93
179
1044
1304
831
443
168
272
694
2125
590
87
23
976
87
2215
265
274
809
1545
831
101
797
807
1029
1900
85
118
1235
1629
211
249
1261
118
686
4776
1788
148
2208
437
1130
593
803
857
892
895
986
1363
402
2188
1202
1064
331
290
244
659
308
380
1329
10
788
1230
519
2158
408
1727
597
18
911
691
25
131
720
141
1076
9
1030
767
866
1065
196
758
1234
219
34
633
981
418
423
479
829
206
4315
121
825
86
2655
11238
451
104
163
180
176
836
521
148
841
449
1297
926
822
1165
1000
301
2805
2402
248
462
1552
339
668
753
386
839
2177
1355
2640
1175
1185
95
759
987
1026
871
1306
1313
1071
1485
679
743
246
198
798
42
784
1
832
259
2031
240
1113
795
978
106
1401
866
362
65
732
1010
3266
217
72
2064
922
1030
977
954
1777
140
279
160
570
610
677
1132
1157
215
431
1379
82
1113
797
1093
1080
1961
133
678
232
1331
887
257
68
792
1413
995
1091
1038
90
22
964
550
130
30
785
719
90
99
858
866
19
1021
788
1218
760
1353
735
1088
974
407
998
1374
109
1101
550
67
692
1525
772
49
103
1165
733
831
424
97
1303
861
3261
1769
931
284
100
854
635
807
1037
1164
82
377
260
5834
196
70
907
56
857
813
8
230
1711
1
1296
69
932
284
1434
1156
348
471
228
67
1005
999
1101
698
1213
800
2010
554
148
90
906
594
643
863
967
714
374
553
873
1055
945
747
196
166
280
901
380
227
15
742
881
1791
120
263
459
33
171
733
641
291
753
1249
784
808
210
33
1078
218
271
748
34
1019
771
1336
156
1331
1391
581
838
781
1313
1072
1139
889
282
1697
681
873
34
922
235
60
9
461
199
1806
4
1983
2
218
685
787
156
643
819
155
512
1805
805
2907
1280
300
2544
250
447
586
847
820
448
922
2544
843
1341
855
787
2713
129
489
983
70
614
1418
1293
325
3625
689
1230
128
355
1340
1044
1007
626
866
150
310
35
838
1173
105
847
108
1085
842
960
1043
894
3640
2433
702
910
1084
339
757
912
510
3446
856
760
280
1946
870
70
1280
259
45
832
164
37291
2586
247
1034
441
560
324
1497
792
269
856
1213
650
956
833
253
550
736
1793
2063
2246
773
2
147
16
955
79
985
226
396
1000
782
146
169
5
762
345
78
66
1219
307
103
104
947
765
620
833
891
908
1207
3925
1024
34
1562
917
1
685
227
594
830
713
1014
943
1104
1095
106
781
174
1626
1033
178
1516
1532
87
310
861
52
2975
1352
115
1647
761
849
1986
945
69
174
1922
792
18
136
764
224
88
700
875
773
315
464
501
76
2179
357
661
289
137
1937
199
1007
1427
1835
1414
886
819
912
592
1420
629
79
216
222
873
366
1805
155
787
703
15
146
307
6511
2977
533
687
664
814
297
162
472
979
73
434
2712
200
219
2004
1107
719
2921
2271
1250
831
1378
1308
761
1027
917
619
840
2353
241
682
379
852
985
1473
1213
1769
95
809
867
181
2042
1139
159
726
1280
2630
123
338
52
267
1403
112
660
553
129
607
116
128
952
1996
888
332
759
72
127
174
400
561
772
1055
182
1240
63
130
897
584
1526
1915
766
843
1158
266
27
921
1084
81
82
1112
435
297
892
1020
1277
827
287
222
811
206
5
747
567
193
696
263
15
38
16
980
12
725
1562
770
226
54
762
1015
822
909
798
128
215
100
1173
834
389
1591
138
97
180
181
87
880
777
1000
844
174
263
825
912
785
406
312
561
820
382
840
780
38
1426
122
1108
1136
1142
192
531
836
305
347
1025
98
1021
771
526
877
366
826
260
353
2136
1009
831
5
1141
1056
811
2524
723
48
875
1831
14
810
28
381
730
36
131
703
94
1281
176
725
765
1298
966
959
4
921
199
731
1183
727
754
185
358
190
983
1046
983
1956
1069
740
403
3315
34
45
390
777
79
851
215
82
84
6115
92
1173
860
131
802
433
69
683
193
1145
1039
698
1202
2
834
676
719
14
5136
240
547
876
300
636
788
36
8836
1825
546
758
236
121
162
762
948
276
1923
191
883
159
673
575
88
556
1317
817
657
723
862
133
1187
789
365
481
304
618
691
197
775
874
315
264
1205
720
1188
1969
70
1008
11
3104
223
470
6
289
1384
602
3236
1696
47
789
10
1616
1086
937
713
61
301
691
1151
810
3
91
457
662
186
919
27
1681
832
849
310
767
122
1322
474
1501
713
146
148
1872
1281
212
100
17
503
4
3
110
2095
2261
1472
1459
78
115
473
189
1141
1827
128
581
1386
699
747
581
990
1585
746
1003
748
29
1087
473
341
684
937
675
197
1813
14
665
544
733
76
9
1264
72
79
321
1179
75
190
316
173
852
871
717
1297
648
843
167
188
76
230
1569
1028
744
319
1117
554
954
249
2236
229
697
76
891
33
292
719
387
927
1088
55
357
710
462
83
875
267
493
693
2550
1532
2646
57
405
344
291
33
884
1684
220
78
202
1453
1597
1011
1342
800
819
125
1771
1180
6140
47
59
1131
506
1305
114
979
1282
779
343
112
262
2773
1209
125
756
123
915
233
13
1086
976
215
870
839
992
621
850
98
1814
974
1811
814
1776
1406
95
674
90
122
1340
605
698
1039
31
756
1220
858
43
739
1175
196
822
1058
1321
471
1025
434
1732
1735
1398
134
622
1139
1083
2778
171
1492
76
16
201
931
634
84
316
586
1304
2746
2874
1106
13
776
351
523
385
766
1000
448
1807
2004
915
828
328
1191
1147
1635
914
1620
493
717
1512
505
4
56
81
750
712
68
1304
