1
19
362
772
486
150
2760
29
475
412
86
319
323
562
977
381
10
4788
390
140
219
144
3102
63
477
1090
26
200
8
114
42
182
323
305
147
6
54
286
20
197
870
139
13
4200
346
1341
262
61
18
151
54
105
11240
469
12
49
6
94
75
376
15
96
33
1623
317
154
183
4745
30
2010
944
225
2363
97
13
1
57
3729
141
54
665
19
482
214
539
11105
122
408
38
4370
61
197
159
42
226
1200
2218
242
75
161
132
14
32
9
238
894
94
1560
26
10
1
169
313
150
1267
182
516
337
421
270
86
217
77
236
132
60
770
233
27
3417
374
229
1
178
106
165
75
85
194
42
443
19
122
65
1
1
49
289
99
25
283
115
285
430
618
30
894
465
101
1107
545
303
1
260
158
65
862
427
1
1117
1
147
243
17
93
799
6
5
23
1
77
18
75
150
1776
27
196
118
17579
846
359
647
157
116
174
41
266
526
238
325
172
113
23
1
234
20
57
27
22
298
95
47
247
155
18
218
879
25
187
22
269
14
91
495
150
429
47
918
53
136
1191
13
211
164
23
1111
63
657
74
16
640
194
77
98
246
149
71
190
217
2237
393
447
485
73
87
54
229
21
69
18
1333
36
6
1455
167
3
2923
102
93
1
132
50
295
486
4
24
63
88
103
75
244
864
124
358
380
255
66
71
1019
19954
771
32
695
457
164
905
469
10
116
181
2
1
263
31
584
40
838
1197
294
1283
504
35
437
774
18
51
205
375
4
271
104
75
19
2946
90
26
2
176
775
18
780
48
574
258
524
193
996
25
314
428
332
208
247
1687
615
242
86
65
129
59
253
45
1884
409
108
90
29
425
122
1
22
966
28
1299
423
125
1599
327
47
635
89
354
2
1
256
264
261
199
720
162
116
576
107
28
404
165
33
616
14
57
202
135
748
209
87
498
1
785
288
2629
7
39
10
48
1
379
13
149
17
345
17
66
207
286
683
168
49
98
805
600
226
605
1
929
79
278
90
2
347
1160
537
347
42
22
231
478
387
321
1445
125
103
98
48
7
624
479
23
136
122
19
105
3
827
194
381
278
17
136
252
38
203
69397
21
357
178
673
32
213
2831
23
1557
48
300
362
158
196
44
7
24
5964
238
301
22
383
127
599
1
551
272
581
920
1
10
26
116
45
1826
124
1786
1259
69
9
1
161
277
281
979
30
1234
892
403
6
220
499
63
274
123
242
19
59
87
82
890
98
1221
2462
227
203
62
115
25
35
146
2
100
287
338
295
61
87
421
11361
114
141
172
11
15
1
1023
889
95
542
20
1
5
1647
907
115
145
755
296
417
15
3245
99
44
479
912
3
152
2341
442
138
85
65
34
54
64
228
1101
44
274
595
5
1138
143
319
51
1
24
1647
343
1
30
62
464
20
1165
574
2785
54
30
3
150
582
123
1741
27
2556
15
138
1
926
529
28
2407
53
37
29
44
129
140
106
9
654
122
2116
239
315
323
311
503
163
596
744
138
333
372
87
88
127
581
106
717
1683
635
170
190
53
172
34
788
696
36
211
1390
16
95
114
422
6
144
87
102
142
50
5
1
1
371
1035
25
51
123
627
2687
30
651
704
1
232
2
297
1086
212
37
490
1328
786
858
3474
16
70
319
317
163
34
121
606
372
271
437
2
92
203
297
384
316
52
211
339
350
328
93
661
43
109
118
19
1
185
237
157
9
29
228
127
83
11
393
440
676
68
284
282
23
782
48
142
25
32
259
988
815
303
20
737
194
168
394
94
35
51
529
56
12
49
488
137
23
773
593
1
18
300
38
1020
23
319
101
79
97
299
1147
199
1063
9
810
1309
189
174
9
28
323
578
726
2622
281
167
167
104
26
121
102
114
245
322
43
42
2
780
62
531
425
623
306
46
66
278
583
990
249
28
719
1
149
120
615
437
142
48
122
42
1327
125
770
812
40
76
471
916
408
6
469
46
767
893
92
245
365
25
123
11
3
4570
214
187
21
79
962
37
43
376
790
328
435
78
129
182
122
497
230
70
42
991
263
11
1
22
388
760
292
1385
298
61
87
679
44
5226
47
355
13
67
66
244
592
359
1945
291
501
365
11
444
95
792
849
16
299
867
304
572
98
143
676
7
156
1456
1
172
1432
91
25
1
290
110
279
330
146
76
358
21
315
228
357
194
299
517
331
128
427
2
149
268
17
419
111
149
228
42
244
105
30
326
108
3763
77
51
357
5221
8
1492
20
2377
866
1767
24
121
237
66
11347
37
1
1638
493
156
306
439
117
408
128
17
28
97
18
9
2456
2384
108
59
21
1073
84
382
113
826
1
12
141
265
135
295
801
195
2292
203
19
50
99
484
78
96
148
686
415
22
25
248
1121
71
108
14976
72
622
2937
259
509
22
4
12
117
545
415
150
1134
167
56
45
1018
28
2126
4
1793
5514
223
200
1337
83
512
88
109
1736
509
34
16
616
580
29
168
435
8
111
83
24
102
107
14372
920
57
77
41
731
228
5316
1738
259
4
5
22
122
5
477
385
1870
2650
122
64
223
89
236
400
811
491
84
30
446
1386
54
1482
459
334
16
76
251
80
26
89
588
558
128
35
201
1102
123
130
2352
18
642
17
1450
306
6837
308
1
214
767
761
82
945
462
26
510
13
36
90
24
57
16
1053
650
678
1457
192
58
22
412
84
1112
373
194
1795
461
86
536
748
2563
948
377
1132
228
146
280
276
869
20
37
741
621
92
113
2107
596
10
158
150
27
27
68
409
96
21
522
60
967
50
74
109
401
238
433
1511
1984
94
5
124
284
694
1756
22
179
453
783
181
979
908
1387
178
152
917
391
2801
124
1084
78
153
77
14
1076
1717
26
215
221
1282
295
52
12
230
317
294
390
549
300
9616
7771
123
80
206
134
1997
37
313
543
82
15
266
547
3543
40
2438
1036
869
84
134
74
125
116
135
253
313
152
120
12
4523
91
27
248
103
104
899
28
12
198
1022
191
998
144
47
1623
794
10
646
48
12
29
80
387
3
9
19
160
74
34
448
23
915
301
3224
138
520
119
24
355
34
1178
347
259
23
63
245
196
1672
67
5
167
55
241
463
526
479
478
41
675
804
462
463
130
981
1158
70
194
783
724
163
159
93
219
32
1
2196
473
1532
30
373
1254
881
4394
90
133
287
2948
32
1950
577
774
22
103
19
596
169
39
3
31
48
365
12
446
51
23
2571
223
298
636
520
2272
312
2904
110
37
145
49
1
201
56
228
86
380
44
84
873
307
10
872
735
38
111
82
7
78
7069
300
510
236
1
854
1
1
92
123
22
78
262
138
121
11
15
134
72
29
65
17
720
2
30
35
3106
16
734
74
590
10
1298
3155
95
456
305
96
14
20
403
585
293
1
235
201
153
67
145
1
239
60
32
1
948
74
32
6
63
9
24
5
43
234
13
1543
518
39
143
10
45
68
399
90
30
41
94
26
1850
13
199
14246
215
144
1401
90
23
779
102
39
3894
1174
2331
460
197
231
110
82
23
182
56
332
12470
84
1166
187
343
239
64
10588
103
63
1379
674
98
13
63
9
128
471
5
1209
271
593
10
2
145
35
139
55
160
7
60
416
50
194
970
57
1
32
55
18
37
524
138
47
213
373
1279
837
1331
62
55
118
313
1893
616
65
678
64
26
58
261
4034
1227
592
1181
102
160
406
336
185
189
1876
198
298
446
12
40
3130
115
668
410
188
23
384
55
114
2430
4287
338
106
11
525
140
934
239
131
305
23
667
40
913
1
159
47
231
53
1496
58
16
22
229
1
1361
115
82
201
39
66
34
84
1262
154
177
636
1
67
250
35
14
46
1
168
538
482
122
400
2697
560
88
3
106
160
236
103
46
565
24
52
6
146
1129
5409
177
489
15
97
12
26
65
296
34
76
79
31
69
1083
99
533
40
1771
2434
12
26
749
326
838
17
135
195
37
337
17
790
5121
212
8
11
1186
387
306
3910
698
13
152
23
873
118
694
617
687
337
100
61
80
995
380
426
42
190
101
486
3
36
1441
903
223
1
37
568
48
93
285
1
54
133
15
14
1278
1060
592
698
493
259
221
37
635
276
220
162
936
277
522
410
441
46
1
7
1354
25
107
52
580
1095
28
407
199
882
6
131
130
511
283
1619
59
18
132
1
10074
91
128
1185
849
11
234
608
674
174
121
775
1232
604
821
1720
829
16
104
243
35
106
615
353
119
507
97
717
109
644
741
11
893
5035
204
497
287
64
13
182
1075
24
117
108
678
51
284
599
620
28
199
22
358
1862
45
104
29
5577
198
97
189
87
767
25
66
126
320
22
885
734
68
2
87
207
16
275
52
793
1088
3
1291
619
76
2
43
39
1032
1
48
330
1177
375
30
61
1
259
430
119
341
12
162
677
19
227
354
430
549
519
75
14
27
259
63
703
34
22
50
41
59
36
527
86
763
734
39
239
202
10
602
4585
451
11
25
8
1
28
60
177
737
34
469
259
104
87
41
476
37
248
1936
64
305
86
339
128
396
95
87
2483
2059
1960
2353
47
23
18
33
614
188
552
3
84
45
80
589
371
1594
56
282
126
205
13
827
28
312
143
23
847
91
742
297
9
10
315
420
27
172
33
550
155
19
11
708
42
1046
27
31
94
304
942
33
258
289
75
69
650
1478
112
19
185
24
117
86
122
5
138
81
2
57
27
50
116
1213
1866
121
7
237
196
77
705
1272
97
74
19
545
30
664
116
1599
113
1
336
39
81
301
284
1553
1
95
1375
210
2049
419
328
270
31
380
317
227
90
345
582
84
320
11
23
2355
138
42
22
18
1
189
1099
174
200
265
97
24
97
108
205
159
529
90
202
1
205
13
102
61
163
46
1245
137
250
763
175
133
128
4285
84
91
219
8
538
132
22
29
325
414
254
90
15
29
46
123
60
366
290
371
5037
76
999
8
172
475
35
1
2
164
4
753
138
1
295
1
77
316
271
1
31
131
71
176
308
82
1564
60
114
768
169
200
76
19
10
23
1650
252
776
999
158
1120
1272
7950
1682
1
26
321
55
276
2044
816
109
1264
644
837
156
718
66
47
175
36
23
27
1
45
13
1787
265
219
9
28
353
190
83
257
83
246
113
297
960
533
245
6
1
1558
477
7
223
427
253
453
143
369
202
90
73
1493
658
278
36
775
237
156
7320
582
294
316
103
16
277
448
20
765
78
272
283
6660
15
36
20
61
99
62
4
1
204
19
39
316
61
279
124
1120
151
149
444
462
375
112
398
79
1
345
668
42
977
3318
18
103
379
73
327
93
108
8
1455
15
38
286
266
393
363
104
8
1503
328
36
200
73
448
235
1618
174
825
948
56
9
1
123
8
82
22
18
118
182
228
62
1062
395
2395
105
79
1547
308
184
84
19
209
831
70
79
136
209
187
4
340
29
87
15
135
159
39
268
621
8317
643
87
145
147
184
241
130
332
5
652
67
310
12
41
160
11
589
102
1620
106
88
537
13
393
75
173
126
13
130
88
29
157
323
32
14
67
66
77
84
14
90
1
1
92
155
112
791
66
2796
82
26
2816
532
137
204
558
280
178
131
391
970
191
30
81
86
134
124
61
807
100
42
2066
84
162
258
602
309
583
432
39
46
59
136
753
268
182
449
72
13
231
175
658
36
5
100
395
179
202
124
47
31
795
24
571
79
65
138
132
1394
111
166
1346
1748
696
112
78
466
41
1
1432
118
12
119
58
115
66
23
317
22
69
25
187
343
258
268
94
530
1166
12
47
53
14
611
480
14
180
8
230
1530
363
290
291
152
337
52
645
153
3902
318
116
254
934
115
153
442
186
681
201
65
125
17
293
57
277
52
2631
10
376
360
772
117
273
488
131
127
603
269
126
20
47
197
4
2038
222
315
43
46
98
133
189
43
970
17
716
54
19
98
38
147
175
1606
56
14
306
26
3697
477
22
1604
198
221
79
2152
46
325
69
35
29
592
480
73
550
175
93
1096
336
245
223
489
14
314
349
181
11
79
186
324
584
48
91
127
1
858
1965
593
244
217
343
301
71
56
185
319
132
53
846
25
826
94
192
1149
288
312
350
106
265
285
154
257
201
50
6
3659
778
71
20
301
661
188
73
32
354
56
8
1250
87
386
69
38
276
329
179
59
350
377
422
1299
661
602
521
307
25
43
1
177
10
429
58
78
6
17
122
130
511
134
84
163
14
32
8
1
477
32
77
248
929
11
294
287
311
35
1
375
49
114
31
121
162
1193
10331
509
1183
154
6229
106
484
557
275
33
309
40
98
1407
62
261
548
8
66
35
24
1177
454
124
312
44
320
104
19
136
54
200
234
818
410
1536
389
63
13
582
2024
187
1036
58
376
1
237
192
260
33
16
329
1099
185
666
1
453
300
525
355
10
963
1350
14
6
2310
86
33
1994
482
29
280
238
277
1184
3443
113
660
166
119
38
40
39
44
170
16
562
470
1922
1308
22
327
353
302
640
428
375
27
64
417
257
484
523
6
120
55
180
1378
533
489
280
90
156
138
786
765
442
6
175
15
49
4328
44
75
817
107
709
992
197
3478
66
533
325
345
220
421
914
148
4019
38
37
508
682
181
579
380
76
2495
3
19
2
105
385
23
21
33
42
41
3
32
13
238
100
479
283
196
1025
2433
21
160
69
23
132
149
1
162
1815
1168
5
978
126
236
2527
695
138
132
386
124
28
146
56
76
119
656
1262
423
33
302
209
144
526
2147
302
172
216
2431
207
90
144
146
315
201
386
1001
120
137
65
435
333
23
128
138
22
22
22
326
166
164
15
255
312
47
90
72
1197
1890
262
786
658
2203
344
327
74
106
103
50
1245
23
7
102
565
150
698
40
11
26
20
117
12
3
73
154
60
154
101
83
275
498
16
41
145
39
548
169
267
134
1
1045
1106
55
409
417
206
310
80
1
2164
78
1
259
37
1146
196
79
10
57
714
453
847
297
83
55
89
99
275
194
39
155
101
123
326
483
246
273
203
46
2749
1
325
196
108
607
351
134
37
59
698
2885
13
266
363
8
615
1418
47
160
66
463
6
111
26
1444
272
36
338
1205
51
555
202
17
353
622
2103
202
288
154
27
48
6
2
560
2289
623
577
268
747
5
112
4
203
36
2190
26
200
551
36
236
132
398
58
88
179
247
144
248
607
35
126
195
872
51
219
1016
1941
96
1
914
1
41
16
5
486
166
1062
113
749
103
128
671
966
168
301
568
1
574
7
5
2883
44
31
246
536
223
768
74
56
12
364
1
40
253
2549
81
534
1743
2
184
230
1
591
195
47
2689
224
204
401
3
239
55
124
390
1
431
154
96
83
721
214
3
472
435
317
13
126
178
192
2761
41
42
1553
4
47
23
1418
723
29
59
137
22
1
173
26
566
202
1191
2206
57
3
15
33
42
60
462
51
176
249
224
142
484
698
164
30
18
514
181
73
60
49
72
347
122
6
154
48
86
1523
128
58
406
33
134
949
500
210
204
104
179
1045
11
155
19
527
307
393
6
20
3
504
1586
670
368
20
73
232
262
9
120
226
21
876
1141
8
190
557
464
265
1
15
806
335
126
1720
371
324
260
94
307
653
3018
135
229
188
74
494
12530
61
503
628
874
919
12
13
141
175
2704
245
5998
308
81
75
38
26
106
144
129
92
481
275
83
191
140
135
54
30
457
82
441
181
314
99
584
1040
576
129
452
1117
1855
65
14
593
60
738
720
3024
395
87
38
52
6
125
757
373
5
5246
71
88
134
256
400
792
86
3591
848
239
1068
521
36
210
264
650
63
44
927
46
673
1
54
184
205
2092
618
177
110
282
1282
370
102
144
1016
4
515
213
443
1546
1780
117
1417
18
65
901
212
41
76
16
1855
7351
95
340
257
303
50
931
99
28
592
14
145
3948
301
1526
93
1151
69
1
49
185
398
168
45
420
343
86
402
575
805
327
2007
24
6
4
26
436
218
27
83
10
515
22869
347
597
211
219
1
17
86
2106
11
213
139
3
113
280
9
251
2510
851
12
2887
195
151
1013
671
1182
175
153
10
31
1417
121
11
408
94
9
154
386
332
70
64
31
54
61
93
85
4077
1695
11
62
25
358
391
133
4253
176
108
5
624
496
1995
374
317
84
230
616
1510
201
117
3
133
19
567
120
216
168
95
111
1006
1579
106
85
1326
357
1069
7
56
287
331
331
261
247
250
177
24
259
154
384
308
31
49
172
485
80
31
30
812
424
246
529
362
925
158
94
12
1681
70
5528
187
50
59
77
2228
182
7
1806
281
746
54
1
1354
80
13
462
166
81
81
5
1479
618
125
2
59
1
75
31
403
236
1
99
2
1408
22
246
55
151
15
10
134
179
863
135
401
85
13
1
1968
41
206
273
732
661
58
57
13
328
236
16
102
47
40
543
30
403
66
294
555
59
39
222
91
800
41
21
802
301
25
299
347
85
3436
1820
1
16
1072
54
38
1655
88
29
132
1
39
136
1
3
484
12
10
48
13
257
274
31
31
49
301
202
348
277
106
176
166
346
440
51
349
244
537
272
74
2
187
1573
216
196
1
552
235
516
1
151
188
79
303
75
200
183
601
2577
520
636
117
86
141
23
63
96
140
257
20
245
8
150
82
23
140
33
370
146
454
4
200
63
64
36
13
87
4
856
409
4
159
554
389
1
8
441
57
1563
58
1011
627
234
1099
35
1009
162
35
175
272
178
74
57
128
17
1074
2189
833
20
314
1
396
487
678
241
180
17
29
114
554
12
42
1
386
805
287
905
141
304
342
514
241
17
53
266
32
27
43
276
42
789
30
20
20
58
97
46
881
226
73
409
596
285
38
137
205
236
31
61
231
2035
82
11
88
57
610
287
815
3
304
610
239
6
224
40
861
459
233
8
67
510
46
14
125
685
224
194
146
1015
1460
6808
1052
698
1570
20
87
1
50
517
353
90
698
13
38
188
1
11
81
73
111
73
72
87
28
20
1404
167
114
402
75
245
48
182
672
502
270
682
31
568
587
2
58
1
445
201
33
209
757
3634
410
201
611
828
567
10
471
49
460
86
19
146
1958
389
21
22
1299
63
185
166
56
50
192
89
380
38
2923
410
56
40
612
98
183
168
32
333
2837
285
9
204
114
1419
12
44
231
71
210
85
178
888
89
123
1049
2065
194
29
248
1300
50
31
645
562
193
730
99
228
163
169
947
549
233
23
7
403
1566
332
196
582
2982
111
1010
138
127
510
46
286
225
689
264
9
786
108
159
117
370
2489
929
386
844
636
490
706
109
20
505
15
2
1
239
478
109
743
256
198
77
4
132
26
391
541
15
1376
7
51
325
33
2
1609
592
119
4
372
114
188
1
43
178
306
146
7
763
2084
9
216
165
249
172
646
36
1428
124
65
332
110
58
651
155
592
50
39
114
281
732
171
10
507
828
273
222
23
1000
171
161
74
190
25
791
313
26
3731
85
106
66
34
407
66
210
957
249
64
228
52
267
360
640
714
155
152
135
25
92
1
35517
563
4099
601
1469
1863
1618
60
328
559
1
7
152
150
38
114
149
4
749
404
58
380
209
2812
671
240
3400
28
142
16
56
41
198
63
402
939
727
1053
49
121
127
1643
1654
29
127
683
48
244
527
254
221
390
153
120
34
1811
18
96
2613
294
6
1243
94
786
9
121
3573
93
198
675
178
168
349
19
49
38
59
58
281
1097
3266
1707
2
114
1038
306
345
44
244
1077
1208
31
728
91
48
297
151
16
464
1685
4
285
28
241
22
72
6
5782
78
395
2172
4150
450
833
1
87
924
1404
119
19
105
106
265
29
19
11
2
1077
628
711
24
432
1658
163
65
6365
15
155
2854
99
175
1410
383
37
12357
391
32
677
99
1723
4368
300
375
204
9551
44
114
762
1
1205
998
3953
105
29
127
1
57
25
62
5230
4220
720
129
12
489
474
344
160
2506
393
46
79
86
480
2344
78
143
1134
383
25
463
1441
437
1723
456
46
27
1719
10
78
727
45
214
56
227
1957
295
580
54
46
83
16
1021
165
40
166
1
794
630
199
66
5
257
189
540
296
1060
1290
81
294
257
358
543
2744
7
716
520
5
124
25
163
105
90
57
55
698
52
1740
504
68
65
208
81
243
140
2
132
69
1683
1091
749
120
149
105
7308
54
4
71
1131
324
1606
52
8
275
23
478
227
601
76
469
262
51
62
43
61
84
249
180
493
1484
1794
78
367
484
94
25
48
2721
768
1050
1068
23
1973
323
287
369
530
79
58
65
452
72
475
31
930
78
292
107
78
167
949
221
80
1015
907
805
860
472
7
483
212
143
4
430
1
627
28
274
243
103
88
464
285
250
245
139
218
320
551
404
1055
619
506
217
63
1
80
227
22
423
13
136
748
80
151
304
445
1610
123
1000
92
237
877
258
36
19
301
72
61
206
628
926
310
7263
82
686
368
425
471
81
45
168
4
131
56
76
168
179
4773
4
20
2210
6
82
64
12
28
114
12
1688
157
3
124
995
185
82
70
69
71
2231
45
13
317
51
44
1204
14
117
73
35
330
785
79
960
398
146
157
157
330
222
174
273
641
11
43
351
42
472
81
439
29
1
1
42
258
59
178
116
278
22
181
268
55
3
420
2
1
223
1742
71
20
131
237
19
168
492
221
552
8219
406
428
654
76
271
334
12
427
1753
86
93
3
1120
58
255
181
16
430
209
73
172
28
14
110
67
23
86
76
204
1
569
25
1284
90
20
299
108
22
19
706
63
1
307
25
253
13
49
131
1120
113
14
118
721
16
148
578
1
40
379
2989
11
3
15
109
137
52
100
22
113
170
2964
224
90
5
3422
77
29
402
113
352
28
133
30
1
965
1
1
2492
175
326
629
69
73
185
138
1470
156
338
29
45
74
39
5
359
181
136
40
208
479
993
234
42
14
192
17
63
261
292
21
1309
3491
449
42
7
11
170
1
71
64
1834
1144
299
92
123
874
247
1642
225
40
292
43
50
1457
163
11
124
482
246
349
304
477
2030
66
28
362
8
833
793
90
135
638
380
83
16
787
1522
20
96
3091
1093
80
101
2336
93
1372
58
790
489
71
2521
54
191
3873
334
2010
501
685
263
387
43
149
906
3
79
13
192
84
514
2
308
264
785
234
131
133
3
96
83
273
4804
449
127
31
7
46
433
26
23
314
411
30
86
320
838
15
2702
138
469
6371
424
39
87
4031
3
282
115
117
81
216
81
89
422
103
120
427
106
165
129
201
1
152
599
23
1045
1476
25
546
263
294
76
867
1831
1
135
73
85
185
7295
10
10
1108
13
574
28
543
49
32
1
26
308
78
101
53
34
1364
37
62
148
317
61
121
33
159
313
15
2887
1320
11256
84
798
8
156
45
291
309
17
134
533
2908
88
237
284
1963
293
7
287
211
563
136
10
36
73
1752
130
150
33
38
10
226
1046
430
73
837
665
716
30
571
297
442
605
280
36
7
1480
170
167
227
393
636
119
142
45
9
230
99
2
648
362
66
69
13
566
718
574
2935
1829
2569
745
33532
1541
73
13733
6243
247
166
477
187
54
237
210
622
80243
103
29
44
270
2002
533
802
12
24
1190
68
27
461
286
57
46
516
1
169
879
69
158
62
405
38
16
1812
265
30
1503
318
346
223
345
234
10074
5
852
1
577
23
667
43
22
359
1608
69
1326
751
94
99
3204
269
1350
210
421
31
301
253
333
113
454
391
9
62
32
106
604
207
173
283
1
1
71
452
269
1
599
22
5463
107
11
61
409
320
18
79
1
69
8198
118
81
30
78
20
233
2935
74
667
360
18
168
857
325
63
313
28
429
4011
451
323
17
14
256
207
346
432
1
3176
27
346
158
2
211
19
486
219
42
341
42
173
552
660
41
1
300
410
371
280
38
193
46
1519
169
6
712
433
387
114
25
154
33
202
375
7
1591
1296
27
7
206
17
4
225
183
1199
926
37
1172
152
27
99
11
104
1857
586
374
16
104
229
3273
62
351
571
15
337
65
1
376
94
200
210
99
25
1
1
68
293
178
250
828
939
89
117
465
141
190
38
629
158
287
100
1962
77
251
480
105
5386
46
655
191
36
1037
1158
190
17
38
51
17
1
199
1374
144
105
57
473
121
73
277
716
28
351
131
130
512
1
41
319
262
1587
3752
179
9
9
19
205
93
2
164
205
1438
365
578
152
185
341
59
1542
46
423
2727
65
1112
29
4
523
3
713
24
16
655
276
237
19
627
17
1953
1114
213
769
941
60
263
911
2380
205
391
65
191
114
145
1673
18
54
281
1448
621
4
354
39
524
69
763
211
527
79
55
113
11
54
33
271
235
183
151
37
2659
619
732
155
56
468
1251
43
1
139
23
72
177
80
277
49
462
965
1142
13
305
318
39
12
54
119
604
457
57
6
167
21
127
12
1329
504
24
56
48
10
24
25
93
2
239
43
1
16
92
2013
165
9
1168
18
299
377
7
9
2460
147
136
102
171
1437
213
199
178
696
285
44
8
35
240
189
1
1018
436
190
354
382
193
1092
3
364
2245
55
183
127
64
14
6
44
1643
1294
166
60
66
81
23
1
20
2471
180
398
779
2717
880
420
109
172
102
6
436
3052
12147
211
52
400
107
29
52
153
1936
62
1250
28
238
1261
23
943
289
779
302
126
13
2437
8
1406
137
1271
606
75
693
366
177
105
79
1237
10664
79
472
1383
7715
1153
82
54
398
770
164
100
386
332
80
34
19
446
28
212
510
90
58
65
1
805
76
183
84
1
270
53
1110
13
1135
511
132
97
33
68
164
405
265
1716
686
2148
78
44
183
68
362
1155
9868
67
281
20
109
1
81
553
1480
1193
75
1681
140
93
89
116
42
119
277
90
482
429
276
226
13
451
59
1775
13
10
785
90
34
1215
280
645
1159
14
106
410
209
83
19
60
541
119
1361
298
227
120
928
365
125
77
2
170
121
23
23
33
2
38
356
48
1
131
1222
50
9674
20210
66
118
400
1534
22
289
841
230
486
474
145
266
934
3894
117
3
1783
563
152
137
255
99
90
32
1616
41
180
86
89
80
1338
18
122
343
643
86
119
10
41
14
249
625
685
728
459
138
305
256
95
73
26
75
518
160
9
75
97
198
1736
54
181
116
208
263
155
1
207
1
38
124
919
45
942
485
781
348
39
150
825
170
75
3
11
2
25
351
9
143
58
42
900
294
4640
62
142
610
157
134
56
358
931
2093
80
175
871
173
216
8
136
35
72
27
447
68
141
193
225
10
122
19
28
5
113
251
985
166
460
62
504
1313
259
255
26
1500
68
1476
403
33
183
2828
804
166
299
636
32
480
67
202
1061
21
191
53
55
169
137
99
499
2141
162
3
475
222
31
100
50
119
1
17
562
988
562
273
373
881
272
253
190
320
1461
448
1263
136
1379
80
324
8687
643
191
540
845
517
564
1468
80
39
125
107
234
1
148
715
534
57
29
972
874
1
447
2804
132
66
99
617
75
281
116
149
53
711
48
186
46
150
840
111
56
79
245
43
45
455
73
4972
1112
17
111
6465
126
452
75
84
125
143
208
4142
274
700
148
36
1923
169
278
224
348
11
36
20
16
9
1
165
40
1
1
52
1448
12
24
188
54
113
205
199
512
377
28
366
466
94
380
164
10
88
68
26
141
30
296
1371
188
9
197
76
531
462
1448
1
1105
1
323
306
73
99
72
898
326
5
148
1036
4
55
194
25
374
23
5
639
703
1144
795
1449
453
247
709
45
71
582
308
377
53
25
325
53
293
505
36
111
90
127
36
3254
803
35
702
191
7524
129
175
1
115
1564
661
31
90
3151
125
248
492
6
2588
112
149
287
567
1309
753
59
1315
27489
51
5685
408
1127
174
864
321
21
270
88
928
447
12343
705
670
593
106
1493
731
305
320
1166
148
820
307
1
654
277
189
292
419
2
200
85
577
11
486
408
425
114
191
363
533
34
1150
190
170
146
1098
228
49
90
120
117
1319
1
9
320
230
48
53
175
252
349
803
602
839
1084
235
10
221
42
780
341
4551
662
786
11
778
30
601
172
185
407
7858
1913
38
352
183
3296
654
9
1
113
1478
191
1811
25
386
1
112
15
252
68
10
266
1132
544
83
183
61
82
165
390
1127
867
95
11
103
36
877
36
131
9
76
413
132
441
1418
1
761
61730
151
196
675
1
195
112
505
228
652
462
1131
96
90
49
112
143
51
6
403
459
73
208
1532
8
50
842
1909
194
2400
12
72
766
9
3642
5
99
43
260
2036
1199
157
1555
71
816
134
103
1326
246
196
238
374
56
309
1
2195
68
535
1
57
3
67
37
37
345
1203
368
898
492
273
174
177
68
211
408
78
46
509
1036
104
819
60
167
74
43
85
55
4
104
318
1
53
31
377
81
31
109
19
11
239
17
787
244
805
97
155
2056
1145
21
33
160
3
220
107
2539
1210
163
92
3
218
169
30
32
46
138
854
561
395
13
87
965
469
57
475
421
453
534
74
226
1
22
238
61
874
854
158
494
408
89
1095
1687
87
2
5
3478
331
245
73
273
188
109
727
3
258
116
9
261
1
150
753
27
59
323
128
1206
5412
805
31
63
1
372
153
20
756
2356
149
804
426
44
761
46
653
132
152
769
1327
131
40
94
980
412
294
194
413
574
1434
497
358
145
1325
110457
986
1150
48
1178
1799
22
417
396
346
246
1
444
524
249
546
4
277
1067
32
211
24
3
476
3
424
315
602
156
8
474
39
75
678
160
196
271
885
75
1193
2351
156
7983
12
155
642
52202
1891
117
219
80
897
56
9
90
428
141
404
332
285
1039
156
46
120
246
839
1248
60
328
283
11
31
56
16
1
35
140
408
656
40
216
1491
411
214
903
960
78
1008
9676
543
922
1690
1694
763
138
1053
570
179
696
397
2175
15
5
129
384
13
615
51
15
408
181
159
1644
237
541
1658
35
944
750
600
269
42
248
51
246
59
41
589
9
92
1
118
297
182
312
34
14
1119
1550
467
439
429
22
100
2777
215
96
11
52
119
59
441
34
231
675
2432
463
285
103
585
15
316
133
995
137
156
34
51
51
8
623
2
127
288
41
433
925
137
279
984
835
641
3990
5469
348
102
83
215
1799
332
700
214
28
39
1255
4629
205
44
540
373
318
522
8
131
1676
260
429
198
141
30
35
910
283
56
99
475
92
1638
70
160
2893
903
2
553
1132
92
6
430
25
48
982
123
253
214
171
167
72
151
368
1
801
451
812
368
226
109
473
343
1206
720
92
14
371
305
184
781
1186
2983
149
161
221
210
567
155
926
356
132
152
39
483
7
472
1
1007
658
130
453
91
54
137
11121
22
12
137
109
36
669
1322
248
89
732
181
66
552
1487
2237
200
321
4
814
39
2146
1026
879
46
581
1239
514
59
395
431
134
1858
31
675
436
168
160
211
157
306
132
1
3083
652
383
510
209
81
912
2072
100
1471
2684
175
33
365
610
115
175
1989
1911
72
161
1639
101
265
48
6776
1161
25
220
80
1
41
347
125
494
1719
44
117
89
184
920
1812
79
482
381
358
3454
5
85
442
539
370
610
530
92
190
589
150
160
960
25
612
27
650
706
516
178
75
246
862
42
862
124
83
599
73
285
36
615
31
2865
121
4748
184
40
1105
300
269
10
416
201
4
43
78
61
558
74
49
181
179
207
464
624
930
1007
25
433
552
784
402
2871
236
724
561
591
10
259
156
423
1309
59
460
412
173
814
146
12
307
87
335
48
24
27
771
130
251
712
31
29
772
1038
682
1
5
3440
221
186
572
564
114
17
107
376
73
144
220
124
99
2
143
311
708
486
76
40
699
3574
691
658
1389
717
201
402
195
352
790
4
89
7
29
799
69
13925
510
13
153
70
36
3349
1
52
310
126
426
74
1148
98
1075
144
901
599
141
19
1802
5167
263
297
456
45
118
364
29
532
615
885
79
3319
228
391
343
854
540
90
1062
584
372
248
41
3
90
202
45
75
122
907
53
13
53
651
5
135
114
120
138
109
61
694
378
6
333
882
873
26
638
65
160
57
447
23
246
199
255
80
200
670
141
606
14
209
117
47
86
1138
757
349
118
93
1321
141
272
709
269
20
314
103
1
210
81
266
116
711
137
3383
75
51
86
55
541
1040
865
192
602
213
2598
423
682
450
304
246
2648
165
183
141
464
175
41
499
225
141
503
686
10
781
249
2358
1883
213
152
861
1
408
418
1
239
75
391
79
59
184
13
98
15
948
130
27
310
125
54
1
361
264
46
129
1462
106
174
29
1067
299
32
46
423
4
193
20
6226
1884
49
290
44
1242
110
158
1042
1518
20
4
252
605
917
85
695
70
35
44
321
841
198
62
224
1204
75
200
79
376
76
150
336
122
139
975
202
1122
441
136
422
1
19
116
3332
315
146
794
20
10
1069
216
49
237
233
197
209
232
553
918
297
353
205
24
99
37
191
494
481
1375
1969
32
971
149
88
68
141
439
2017
839
1166
213
262
191
308
1579
4481
170
2
1648
425
171
19
28
44
915
9
22
1210
480
1
586
75
54
36
6
197
22
590
58
471
11
306
730
97
67
67
87
1157
6359
206
392
489
1466
561
149
855
70
347
176
617
213
1027
225
1586
98
3
349
306
740
1623
26
24
167
2057
1
23672
104
2070
592
726
26
76
1597
94
432
891
381
151
5866
55
1785
173
349
33
782
9
12
472
1135
414
201
511
260
508
44
333
406
461
109
747
15
814
58
741
1
283
21
866
165
7
238
72
59
1
23
348
1468
298
26
97
256
5
84
1043
583
16
49
1
41
70
69
29
148
2531
16
334
604
398
499
1109
199
362
1
160
100
1
64
52
702
1739
130
306
127
4379
1
13
20
64
428
13
1
709
712
7625
36
17
64
55
145
142
939
1016
359
177
153
285
29
767
50
1
182
56
12
130
14
1112
246
222
35
333
579
312
289
22
11
20
360
343
758
538
24809
1970
293
415
218
806
82
244
129
7
127
452
61
259
1656
1082
459
2381
12
373
35
1292
3
1
493
150
56
7
108
2
141
367
564
679
679
1
75
21
105
2
3
2
17
79
36
131
65
55
301
796
729
19
121
68
336
552
1956
327
115
169
199
3847
96
175
175
71
29830
454
177
61
742
183
234
46
54
432
1374
507
342
394
293
38
333
1651
395
25
934
821
549
52
1579
2133
694
23
2
315
1370
27
184
693
1809
1595
10
72
959
27
14
351
201
897
206
57
785
953
24
2
35
143
742
490
781
6
431
119
1139
95
314
3
236
3993
784
299
128
163
324
223
60
490
340
306
99
416
23
369
323
1
642
188
1863
4194
43
102
135
1
323
23
72
329
1
251
22
74
96
11
308
201
225
730
354
570
728
141
45
70
1806
122
1
603
116
1195
7
52
399
144
495
610
207
1
141
49
405
3
275
132
85
717
520
16
6
167
295
411
395
404
235
128
43
35
548
75
75
86
223
141
79
68
45
55
83
1046
9
168
67
106
646
1100
267
7
371
624
184
173
3893
64
9
81
934
309
241
68
8538
1950
899
35
800
4
36
167
140
2645
138
513
413
234
731
102
10
56
16
70
443
117
195
139
25
1
605
2814
697
911
150
1395
115
230
13
493
121
225
146
64
23
249
36
82
101
47
132
76
1
760
47
150
1
25
296
65
328
2246
1
458
1350
27
7
701
1339
70
1894
11
834
72
527
228
44
1623
85
74
487
781
653
498
205
272
1001
381
28
194
145
104
468
22
277
7
1
1053
320
370
14
32
241
1162
673
91
17
30
323
215
56
471
66
1119
425
520
156
305
637
93
580
33
483
514
189
21
153
42
66
46
40
117
2135
2434
358
886
97
116
1181
61
228
52
271
1146
134
285
23
815
156
190
242
410
128
15
88
17
773
42
124
376
215
957
747
40
98
538
499
371
231
37
1
456
102
61
507
773
383
142
111
1360
217
394
107
196
78
290
333
26
1509
30
69
84
19
360
252
297
695
131
192
55
312
5
42
5190
137
8
1
5449
1113
90
306
27
274
2490
497
21
132
363
512
83
3
92
449
10
946
222
3023
45
1223
1606
197
816
247
136
523
6
113
343
118
175
140
1343
12
583
702
128
378
203
7
77
457
247
20
309
125
147
43
55
1224
35
185
1
19
771
540
6
404
204
31
51
300
85
79
104
88
158
966
593
231
822
988
19
298
260
1
17
161
18
19
3
95
2
22
508
34
1489
524
417
1354
1130
158
43
1852
439
37
165
406
135
1
81
34
908
768
64
342
46
142
329
234
90
193
763
893
2439
277
702
356
686
159
139
1166
680
1654
793
257
95
40
341
237
1437
134
102970
243
27
222
919
18
19
1197
5
799
153
4
126
45
981
20
86
8371
1
2524
55
55
89
45
241
20
1
340
194
116
35
694
447
639
522
55
2322
258
146
2189
88
65
289
568
267
18
845
19
1001
171
185
38
255
99
143
1
88
98
442
60
10
35
185
164
440
1029
64
27
163
478
27
782
92
1642
1
45
2676
1501
333
429
4111
56
1152
358
494
127
35
25
821
936
1760
562
869
1
378
94
100
99
267
55
418
8
37
524
90
92
224
201
277
89
12
1814
198
18
29
21
86
1
151
83
265
522
1089
136
20
368
1251
2630
89
7738
618
262
101
2246
440
54
138
1301
396
253
1
259
17
665
572
539
421
45
430
612
3
86
17
2795
30
68
133
51
95
7
1
105
886
40
605
746
1435
6162
305
945
166
70
13
413
10
105
320
36
167
795
575
1
51
184
1092
327
256
66
542
1291
25
212
30
381
62
46
465
1
6
108
243
240
80
1247
369
3521
292
88
1128
400
24
27
101
10270
490
23
42
363
91
287
58
449
20
95
94
62
90
69
1038
1
243
41
1221
74
1
31
36
951
1
523
422
5
12
208
58
250
20
259
737
105
426
109
125
27
3511
9
80
501
1
380
192
305
69
379
327
45
1
324
202
2280
454
46
1996
557
1
40
96
536
50
39
60
544
50
2359
3788
27
587
472
795
15825
385
197
1386
118
233
1354
3
15
1
309
293
142
247
1
127
37
40
6
240
1
89
161
293
646
641
234
585
62
193
287
826
222
200
167
314
88
306
1
708
384
417
184
3
37
96
148
53
9
196
452
480
72
410
441
85
331
84
161
8135
1
42
23
1509
1
248
49
7
1245
97
566
956
240
25
51
76
9
643
364
44
20
235
1751
169
833
143
148
457
323
43
49
94
91
36
25
265
760
123
72
12
111
1
30
602
289
150
15
88
4
379
1
66
1363
619
425
232
605
42
1993
129
85
86
46
33
91
817
135
38
667
366
418
797
1213
11
100
12
1
5
78
32
494
36
115
165
76
114
301
289
139
2
122
417
1104
296
118
29
475
10
326
107
3864
65
19
16
187
1661
398
75
411
3046
408
178
2143
221
728
19
594
429
1042
244
241
1
33
71
72
358
101
166
3
98
29
638
14
135
17
106
125
83
646
55
84
65
563
20
97
35
170
320
267
197
196
17
940
1135
25
45
1
256
321
140
1821
177
99
44
49
25
1184
70
99
303
66
175
1
454
420
1147
39
368
325
37
56
45
94
135
315
23
91
68
261
36
294
185
88
481
188
58
113
742
76
306
78
279
924
28
950
81
185
799
214
1412
102
32
9
231
241
50
1266
19
220
35
341
44
61
30
623
367
27
4519
330
38
638
5
498
6
363
41
67
17
25
60
1136
45
744
219
146
259
757
494
314
519
319
134
4
360
375
605
17
435
351
564
143
394
536
337
198
182
759
1077
173
1
80
630
243
714
132
1557
425
152
280
198
140
222
42
97
19
525
1831
314
213
71
786
798
9
74
614
50
64
1271
18
417
810
106
473
135
495
77
1310
2127
1068
4985
2130
12
148
41
31
131
263
6
196
410
48
538
54
390
1407
21
15
74
151
22
3262
28
299
256
179
707
224
1529
1
66
447
463
2
390
218
34
26
74
74
384
150
19
90
144
13
27
576
254
516
77
18
871
77
94
18
707
64
487
1
421
60
1
638
6
77
73
7
5024
33
141
136
44
160
695
462
56
592
406
82
77
50
77
197
218
2053
30
1901
253
95
149
173
1470
601
149
22
270
11
416
246
2867
117
169
1
722
62
496
239
185
511
71
210
139
201
450
99
205
337
321
92
3214
412
37
511
424
157
359
51
1
2483
101
6182
785
378
19
416
475
644
11980
46
131
1127
333
94
12
104
330
74
767
234
39
1
48
37
525
12
13
44
580
135
200
91
1067
169
45
35
59
145
125
103
165
167
98
1215
636
72
559
48
589
113
337
434
79
32
300
68
43
270
45
113
224
411
77
184
1
80
1458
41
106
7685
228
387
1
12
1589
12
65
73
70
647
39
5
82
716
1659
1
746
64
825
38
38
73
376
104
201
298
600
15
558
382
1204
464
14
341
34
248
353
330
201
3763
555
4958
34
25
269
17738
841
468
307
1
18
537
87
15
52
1362
157
1
49
103
37
14
48
360
127
50
549
23
746
93
4
92
53
109
167
1
337
432
1
1302
100
191
4
154
102
963
167
559
4
65
161
4617
331
9
542
25
525
244
7
1
1
218
346
471
3647
203
234
208
119
48
91
93
162
1285
2104
311
1
344
4
421
34
2067
3
20
405
59
35
49
621
196
3491
15
158
27
1
265
395
10
807
634
13395
1027
794
2403
24
570
309
1355
217
10
737
1864
87
103
57
81
8
262
95
380
855
628
48
97
145
1473
168
82
1429
141
250
1372
155
599
1
230
2117
32
116
154
661
135
8
3
1345
707
1
4
8
351
528
269
606
171
829
930
449
667
277
980
157
175
178
459
108
7
46
286
493
21
369
1796
4
171
534
48
14
248
551
5
40
124
356
47
176
3280
