9
2814
565
2025
1017
4020
3511
5337
877
2405
5118
5037
109
242
3780
4554
415
1271
2437
647
91
366
108
915
5
555
871
656
197
187
3851
2406
4093
2521
1897
2060
13889
1011
1207
98
11373
759
203
1583
287
4548
2623
1138
4800
97
5523
3825
10745
956
2949
304
18
919
3141
2283
13891
1263
2294
811
363
4964
2548
137
820
5084
6486
1997
2111
750
1223
5557
741
2867
673
1835
1137
1954
2195
1457
1306
6
9687
2166
1683
1750
1800
2627
4523
1032
602
1245
1293
746
3262
1351
6412
5
754
702
1367
1674
8678
440
650
38
6606
1950
15
225
7363
3721
80
1622
724
359
228
1230
1809
248
402
898
668
9103
11512
563
2550
990
944
505
1567
804
4171
65
2503
54
2809
50942
2841
2243
2003
3363
880
13781
1357
29
394
1922
56
410
7365
47
110
77
52
778
154
55
1498
4225
3492
954
428
38
1435
211
422
2783
183
3165
1106
1805
1132
3184
129
35
1592
659
49
111
6621
83
336
1336
923
247
1070
1216
96
997
1726
167
692
183
5345
92
3935
14613
4205
807
113
5930
573
1602
466
1766
2175
3256
582
358
530
591
2499
903
3238
1572
777
2938
1941
585
315
326
79
924
576
977
1696
3717
1864
1370
63
796
179
58
801
123
2081
653
179
47
1269
1688
10264
1409
5119
3035
909
4403
3633
1086
129
6230
5076
3333
219
5207
1029
1454
1249
2439
314
618
4376
1679
992
7830
1
913
1
525
5662
1637
3363
10951
18043
578
11432
272
2801
103
640
3277
558
2034
269
1613
7718
529
1592
273
1496
1912
1730
164
1422
3264
5
118
1787
152
48817
7828
1662
2294
1255
4
2629
3668
3270
1461
245
4615
542
2335
1997
929
5186
2284
9646
2605
925
6747
913
3389
90
2146
719
5695
4127
2
1282
1198
1
703
215
1728
279
932
1043
1618
758
1152
743
3180
136
7712
3190
395
2
226
7819
14
892
2504
208
3826
3248
5434
655
26
153
373
196
767
571
2699
2810
81
1341
182
2732
1542
1160
21
3802
756
8053
3328
22978
2749
942
1333
1549
4941
676
1709
589
1643
2748
259
939
1
342
702
398
1653
2186
410
114
170
2348
129
716
4081
949
984
2720
775
2228
5971
10284
666
1191
112
3285
53
16623
1085
103
2583
6309
1702
1215
1268
727
2818
2763
3656
1315
4761
699
2528
1422
4045
351
179
4506
285
6419
6050
828
1181
4881
4720
187
2
10079
269
1072
111
1058
2572
1663
139
245
2242
781
67
27
986
6716
659
3537
1399
203
60
336
292
98
5
752
5407
286
758
403
234
512
5380
3759
488
3238
2383
1246
573
3404
567
2859
4936
99
375
166
2352
839
744
33
1726
702
869
129
932
2033
73
2588
2761
2668
1755
4300
8393
3335
15
11217
1494
1640
1594
3970
1431
778
536
50
647
57
2105
1146
1853
2831
1
900
50
579
157
523
32
3480
5630
963
5181
1773
3153
88
315
1215
5272
166
1414
2656
49
1997
482
121
240
221
291
37
4471
172
950
4201
2158
241
14
1197
4766
1
3728
60
1561
115
89
2445
1380
264
732
2449
154
5779
2038
2717
565
2739
1396
317
129
3139
1305
1236
1043
48
102
2255
94
1661
1406
429
321
3371
308
64
953
14338
1336
9776
1744
1237
4013
443
19
996
3485
290
287
13475
797
2734
1902
672
186
252
702
1
2764
251
117
4360
4117
3379
550
12800
2742
3429
181
97
305
298
654
153
3139
208
944
548
7885
1602
3884
7049
2032
3016
1762
590
2883
192
2267
1511
1359
3850
3877
4155
1498
4014
20447
282
4323
1433
245
140
2800
2250
29
76
7582
2237
293
126
1590
2977
102
10850
5
1685
1887
107
3130
1140
355
81
3
11
7121
1327
107
18
915
918
228
3230
57
1269
5642
1790
1771
236
159
563
1973
674
690
1730
194
1010
4
591
231
4290
6
184
100
1164
475
310
619
107
37
1928
1728
817
273
166
136
507
3882
895
12600
211
2169
89
949
2344
141
2218
9750
1
1781
1817
2569
275
233
1112
4082
1565
105
216
320
1966
184
4294
944
4666
224
1014
4441
1
106
1820
62
832
61
3678
875
216
128
1371
203
2981
1674
80
19
3832
9753
32
1128
1516
377
10
42
6744
1150
1384
684
138
40
400
4417
207
145
1765
2449
1516
1608
95
376
1770
886
217
81
324
2760
1348
266
3246
4157
98
2047
2554
1299
2741
85
5427
97
592
307
37
1323
62
361
863
88
2035
1738
4049
1938
201
7282
428
2940
1704
107
286
5995
63
1119
97
2235
126
534
9018
5776
521
1046
15
744
2703
47
225
1195
1166
7842
3820
1283
54
179
2
4541
1400
1
19
26
69
118
3275
161
3137
1643
8132
5
1252
415
549
1608
1405
562
52
3998
1080
277
5829
1367
3258
1490
377
8
32
4577
2200
755
1256
6919
472
278
1207
708
1664
911
1323
1453
3195
466
248
2017
4261
107
1653
2727
7227
703
3168
2250
140
54
549
237
5668
2685
863
4
3321
1211
399
3113
234
2334
3904
1938
3095
245
116
1129
3146
312
18
196
1197
980
177
4607
1421
533
2916
111
2642
408
1743
51
910
243
54
676
2924
3443
317
2945
482
255
3955
1714
2281
1872
2061
560
1341
186
499
1915
712
1789
7424
2125
761
418
4844
152
1684
2739
2486
1755
58
597
1215
745
889
983
1446
136
1207
236
2276
202
1016
2101
114
85
4918
4153
837
309
137
267
1367
4152
10573
760
491
2576
994
928
26
1841
171
2088
2691
2606
451
1
103
3937
87
7608
2146
3227
1511
1243
208
255
732
12730
156
3415
42
2683
578
284
222
4540
1422
773
4807
7048
2449
1911
4026
3395
1304
8231
2566
286
18
2147
1347
7
1364
4510
306
1791
2284
1837
2656
2600
3527
3333
5952
3680
113
3831
7943
408
840
8141
306
2534
3363
24
63
769
815
627
1799
1883
4106
1819
52
698
1756
1868
4735
1295
28
368
2
1227
637
15
863
1204
2053
6719
10
1710
371
4390
3
202
1151
1413
733
2706
167
2336
876
165
3475
1286
810
1
1153
1792
84
3012
120
105
1589
3022
2222
134
471
1577
167
1891
3939
649
22
1353
977
7367
362
163
95
2283
2578
5
3474
158
420
1630
749
295
3812
2772
1177
13
792
1560
1288
1196
164
1323
2569
4616
2819
605
765
714
425
946
319
917
291
486
339
795
485
4
2826
1146
402
1514
2438
840
86
5707
259
1331
3248
17
1626
712
264
2419
805
525
223
1237
3735
4677
6111
2067
3238
2097
2744
3600
96
673
1748
27
516
150
1447
1110
102
2196
517
2402
535
1564
262
989
412
850
3100
1277
374
3645
1369
154
1754
205
2247
5256
642
14811
23
1675
1566
856
353
690
3611
9769
1413
79
1353
1203
1050
1871
3361
1341
736
106
1324
926
7235
1836
382
2387
1023
2
12662
4540
34
47568
2406
1061
1114
3434
336
1
3329
989
1365
7413
260
2187
1613
6909
1330
527
242
2546
2280
201
248
1068
502
1131
1347
935
4326
146
3302
1089
6252
334
2630
1839
115
661
1191
3710
1807
1823
89
1302
2339
1037
1021
1237
1349
222
2269
297
941
643
158
1415
22340
336
1960
1197
1598
994
172
979
2325
867
3427
1374
1418
2725
894
3607
4511
2263
1728
6112
2195
145
1202
2741
2722
1941
2415
12090
512
1815
424
13042
2128
1958
461
4088
520
317
8688
1962
31
804
9772
5676
1190
2333
1299
3858
802
1
1669
2249
27
4175
1743
6
5675
327
8443
192
2920
2120
1403
1191
258
2120
2
124
194
2237
1106
32
1615
7904
2538
1
5655
2656
4028
4374
3697
2901
554
499
1455
3109
2
2669
2477
2852
2838
4109
5942
1643
425
77
2468
188
4942
966
528
1112
1465
1232
1866
278
8833
1306
223
70
5321
54
196
682
1054
2345
649
919
122
2889
4
220
2445
230
535
1118
460
349
466
2944
5653
2153
966
4687
2023
159
7466
835
181
472
486
3276
244
1170
4141
93
1163
501
3891
5629
1354
240
3069
3069
3894
6145
928
194
134
3849
235
1756
1991
392
3668
4620
1956
871
1840
618
212
2143
2088
905
87
2701
3454
1108
940
1
8463
6815
888
1372
12464
338
4976
192
1749
527
41
1091
7592
940
558
291
3264
1868
2078
4076
909
8
1137
580
535
1
58
1445
212
1028
28459
1354
491
1
3031
3834
11363
217
2564
998
443
1944
409
550
327
1079
1834
1455
2069
28
7016
1009
946
3
1235
304
2292
8416
2760
146
413
885
41
1856
660
87
1591
3189
3750
124
1416
1205
1055
2162
686
995
7277
2110
424
1656
744
166
3815
587
1005
1132
669
2779
2324
1467
3504
240
2212
60
1378
3893
2250
2641
3352
917
2131
1219
1910
3103
223
2799
1260
820
5946
539
351
1441
452
108
608
1108
1430
672
114
1214
30
116
7665
111
405
95
326
3438
1566
1067
1609
254
2100
2770
765
117
4553
1017
1210
140
1803
58
212
4539
705
5171
138
1
1510
667
1708
2730
2025
345
1404
9297
1273
638
3376
5879
20
148
1210
66
439
158
129
310
547
479
1200
155
1195
120
2090
2174
1436
1807
108
134
102
96
943
1404
4085
1988
1255
4656
3630
108
496
22758
62
2472
3410
71
4
721
5298
480
3484
473
25
1889
2118
3112
3853
1788
86
398
310
755
124
264
3450
225
1245
7840
125
67
2634
5601
30
169
2144
119
3144
262
612
870
256
2278
69
1154
89
379
596
2455
1080
1704
2408
111
867
269
3
3833
2964
2390
336
699
5541
1760
1
77
540
838
2696
197
1566
2249
28
1690
2713
89
948
4354
70
115
238
2291
71
340
132
121
219
1774
780
368
317
97
2525
2037
1178
432
1486
708
1595
2137
900
1
322
4018
691
2212
4093
6434
1052
3270
1608
8274
198
1078
2647
2009
1815
261
1933
2653
3374
4446
12809
5
3371
540
60
273
538
2053
2485
2207
1053
4851
654
1797
1470
2850
4102
4617
12413
2435
3300
1265
80
2578
1888
1595
5046
3737
835
216
6851
157
20
2953
145
652
1218
3390
269
1184
266
215
2013
3764
313
2540
123
3278
5239
488
1340
1016
611
91
1417
1273
2001
206
533
891
280
1097
2972
2627
284
78
624
645
2868
588
2187
129
7139
3367
2591
1090
461
707
597
202
68
803
14686
1908
3246
103
756
5995
268
350
49
744
214
293
1744
27
4193
677
3861
263
1124
1446
448
1018
3427
6623
2502
7373
1298
379
6152
1644
2730
143
2700
1070
623
784
1200
3369
861
883
5479
1308
14347
1675
1310
920
10078
1359
268
344
3062
171
1743
40
270
558
558
2382
1698
1525
145
14
671
94
263
975
12
1009
598
901
183
968
2930
108
2616
1517
7339
1263
123
240
13302
1380
8496
995
329
270
4228
406
4539
1715
369
1300
75
816
2955
880
2364
7590
2500
169
2893
619
1531
1402
2981
3116
659
407
827
1180
47
5918
56
1560
11132
3078
2399
1371
326
1316
348
1302
2280
81
1233
12
151
2423
557
1547
149
3060
79
787
1
104
29
3314
824
65
34
300
143
1
250
11
1789
458
436
848
154
9436
2538
1787
3098
51
1720
1606
3832
334
1073
2170
2052
1385
914
1392
1167
2670
1529
2387
1995
7893
105
2409
551
2862
83
5007
426
1030
942
28
1644
6248
594
1576
125
5808
3033
1612
1271
2779
188
2088
4411
2154
835
81
1439
1497
2884
9108
110
318
1188
14583
737
51
1238
374
796
8330
6364
166
4
716
1955
187
667
100
1164
877
550
9984
759
22
1201
526
122
2577
1168
4502
569
442
1729
3394
48476
1351
146
1709
3926
2270
1947
2340
12
1260
1658
3016
885
823
1184
88
298
27
115
781
1782
1461
1561
1210
5107
198
1208
163
157
6767
17
2818
1704
1826
6994
780
76
774
1648
2135
2147
518
39
4164
303
489
6079
410
640
1294
11112
222
315
130
35
262
1101
139
1061
1179
91
2990
965
197
2350
121
689
1
3491
10288
289
169
8680
103
966
91
234
249
12721
1619
5628
104
538
301
597
2265
10
7406
87
42
4471
3785
482
5085
180
1455
2833
132
1150
235
5640
1127
5970
982
14
2551
6435
2213
222
827
372
902
1236
2626
58
6333
1995
167
1770
1576
188
354
231
945
378
327
1408
102
3197
4163
882
2494
1086
2080
1385
4205
1278
78
1550
165
1219
221
792
1906
1365
346
120
3183
1639
1830
483
2149
1853
4344
235
119
8399
42
220
1461
1529
2799
88
214
5626
147
1987
30
611
60
690
1463
2870
688
2872
587
2150
756
61
1723
2711
986
403
2024
54
317
5085
48
4
558
332
1215
3526
1473
418
1161
705
190
30
1052
229
1427
188
256
1892
140
426
1453
2715
67
9009
186
983
1221
188
656
331
433
1493
1090
2840
208
95
1201
1594
803
3699
14324
35
8674
681
1552
9
1232
109
690
653
447
135
624
2547
2184
1053
1140
201
129
139
508
164
1739
242
540
1661
2344
1156
295
2669
1113
2120
569
220
490
15818
2543
487
2613
3707
2429
922
1251
162
2588
2765
1355
4677
2275
1521
288
1238
944
1732
514
1755
9179
2079
2297
1796
2907
5939
48
1709
607
1043
2596
8485
552
106
1706
2086
1542
154
42
6889
2435
1886
2827
5237
866
727
242
349
122
3113
3
3383
1153
1795
590
2987
1143
1525
211
1772
2565
2539
1432
6121
527
2889
857
605
75
87
1676
1164
788
129
2694
1683
3007
4757
2763
1090
108
1
1656
6015
59
265
104
2524
195
1586
1218
648
2042
636
1068
77
3861
2231
314
391
619
546
312
464
696
65
5638
1393
1
553
10
1150
103
1660
263
885
110
786
2128
1249
563
2070
61
3893
11315
3205
2136
203
1835
319
1380
4333
6148
2870
1040
191
1320
1
1186
1189
330
2523
2050
1530
281
9744
1738
3890
8
3778
20
936
2718
733
286
2014
13824
2300
2663
1532
77
992
22
130
98
2618
1443
663
1372
15442
4600
1104
47
2468
2123
329
552
1303
76
1280
446
3346
959
814
2590
604
1404
60
413
708
5199
848
2817
6206
1
3027
788
756
2307
2186
2119
3279
3701
10
326
951
2104
1011
1180
842
1673
2906
261
1387
235
1106
2424
986
2135
2426
1299
15
18
853
417
905
188
7
