64
11
3
20
21
59
20
565
22
14
10
68
254
105
224
126
55
126
141
86
81
16
98
44
1242
10
34
214
153
19
68
1
84
15
194
4
1071
399
36
1008
40
184
13
1
181
80
73
15
1
126
12
236
8
86
11
56
639
148
11
54
11
8
7
101
13
18
15
358
56
33
20
410
575
29
43
3
41
36
23
152
136
53
123
82
10
564
7
56
228
59
4
55
10
11
95
19
202
9
17
91
1040
126
11
55
58
7
423
327
13
9
52
39
29
27
129
10
80
460
1
160
7
3
196
129
95
680
60
14
624
61
58
711
74
182
723
210
62
233
64
220
625
58
1408
73
55
213
179
55
61
6
55
153
27
24
17
24
96
65
354
1
5
74
22
48
29
70
18
670
120
30
53
80
411
68
225
55
375
65
3
120
379
11
76
68
11
60
66
187
659
71
66
64
7
4
85
20
1164
13
23
191
64
491
98
247
2
337
55
24
16
227
48
3
19
123
219
14
66
35
105
27
402
33
39
55
9
55
14
14
59
10
83
65
28
66
54
397
1
372
44
12
1
3
9
68
12
643
7
25
56
105
31
270
216
23
9
535
58
13
178
48
19
4
81
3
62
4
13
187
69
78
2
112
2707
9
51
56
58
61
270
222
579
69
72
62
51
16
21
610
999
87
167
25
56
32
92
56
15
287
710
220
547
323
77
51
51
89
50
87
210
55
63
61
261
157
15
28
6
149
61
52
7
52
54
66
58
75
125
47
259
31
57
33
13
2475
92
69
159
41
37
6
6
14
123
56
57
4
559
55
104
182
86
200
52
691
172
56
125
407
56
53
54
1836
59
164
84
61
123
133
54
65
93
56
452
52
316
91
123
55
76
51
519
55
1
64
43
