193
255
120
1
46
1
15473
20
144
186
902
763
7
4
150
157
1009
19
27
1
17
2
9
282
22
19
64
459
123
1508
117
109
16
2908
3
30
8
57
3
116
1053
34
164
34
62
83
58
146
54
22
136
494
20
1
108
19
123
497
12
286
42
487
74
137
22
354
1
622
23
45
43
17
114
112
43
99
50
188
1
84
947
151
32
88
626
155
33
39
35
24
72
257
250
110
101
10
199
91
2034
1
48
4411
101
1
3
46
151
246
18
433
158
184
216
38
285
338
5945
423
331
190
2
92
1727
104
62
881
19
95
702
98
138
814
1016
463
105
27
21
278
1308
1776
569
294
23
223
72
36
576
244
350
1
566
240
371
25
309
2
270
76
351
1
1110
3461
2
1
120
78
104
38
18
306
218
68
519
35
17
1
144
130
604
652
47
19
247
1170
141
169
199
15
218
289
89
117
43
377
4
134
38
1
751
10
13
8
85
1
253
3068
35
18
26
1278
14
601
10
140
187
8956
179
169
6
22
5
60
2
8
1074
421
17873
221
275
505
230
63
289
404
5
20
49
866
320
147
23
2110
4
248
5
206
211
889
296
53
78
29
2
88
593
2
4
47
14
42
26
4
1485
1
375
1
8
853
5218
2
124
691
120
81
15
166
2
58
293
36
530
56
43
12
57
1
1
261
1
12
25
729
3908
118
10
134
170
2
26
1
62
181
78
4
43
383
15
801
63
61
311
23
599
184
93
3
35
175
33
58
33
343
310
154
1
68
152
1481
108
271
39
5
157
889
12
1688
2270
79
43
56
31
18
1
99
15
81
197
1
6
6
2998
1
265
276
513
4120
146
2750
113
190
12
21
435
39
11
3
60
1197
59
150
70
42
68
78
19
28
358
248
33
244
4383
27
174
2
547
6
176
20
1099
242
240
46
24
4
1495
6
6
232
1
265
162
1
7
40
26
2737
3
25
205
61
30
24
239
56
443
4171
25
250
1940
139
140
1
1808
360
1
10
38
26
27
22
71
851
419
346
564
3
90
1
164
165
4
38
22
56
1
29
583
42
17
649
23
173
28
1609
32
1
326
15
207
148
398
207
105
1729
10
163
8
35
148
99
418
99
2554
197
6
20
65
23
55
27
92
120
295
71
26
5
441
98
164
531
77
31
1
31
29
74
3
45
123
43
327
176
205
596
43
289
4
154
4791
11
576
1999
5463
137
601
205
1
131
54
140
411
504
1
100
110
22
160
488
996
376
386
1675
33
59
84
2495
2
115
1064
118
40
197
441
3
190
1388
47
177
28
16
55
6
19
302
3017
37
493
25
504
56
102
56
385
447
1426
3
500
376
9
20
4
2
221
76
1
21
93
1
679
18
63
22
267
1612
204
43
259
52
82
63
164
15
469
5
403
366
123
67
18
44
46
55
488
870
6
138
87
3
505
13
6
148
4909
24
600
2
99
937
35
1
2026
546
409
434
1
85
814
1511
20
155
4
12
4849
2262
1
45
276
41
97
24
2
81
1
289
213
49
1
514
437
50
165
84
1
38
5
127
82
2538
743
4
21
140
799
531
1
424
2
704
1
536
1
3
375
83
21
923
1
230
10
1
201
6
5
3
286
84
1
1
1007
1
2161
146
108
2
38
1
1
1
1046
871
309
17
350
1
2
204
11
298
181
29
79
5
33
71
7
14
87
68
24
9
10
19
48
348
242
1
63
45
2
6
27
2538
71
387
7
887
157
1
9
9
133
166
11
16
354
344
15
1
91
1260
8
17
540
297
9
389
126
37
42
3314
285
5
267
3
16
7
1
119
56
70
68
104
52
5
229
288
64
4932
29
65
625
5
12
57
18
