117
2022
108
2527
1783
3851
78
105
1615
98
77
150
922
1316
79
110
4564
52
188
4613
328
19
20
15
2037
268
486
302
1049
787
1248
13
2134
1466
135
200
547
46
236
64
1682
59
202
242
1889
3132
59
152
1001
1290
477
134
3177
207
6
78
1396
48
135
1074
78
6
21
4
148
118
146
448
101
92
14
51
29
574
228
4378
525
657
670
327
11855
4067
13
2375
1622
502
9260
1326
2631
2025
487
15610
154
737
25
465
437
104
3237
100
61
5577
5
2
1762
9
1937
4023
1854
52
2679
1698
2324
119
50
656
229
788
151
13
296
1276
1306
330
3181
4193
415
1076
4348
15
815
108
375
1928
3803
49
626
141
91
3901
116
86
298
4180
52
2818
168
44
3172
128
2223
82
6921
831
44
46
1634
297
245
6
127
3594
2055
1415
90
4467
2206
142
315
602
244
520
1120
179
403
1097
78
68
5
591
71
3907
2235
1957
44
237
220
426
174
528
1720
664
2050
366
2239
107
328
1602
29
2393
2497
1923
1663
156
48
14
1860
177
1955
44
226
1542
468
488
2078
878
441
5
569
508
23
1892
817
128
2194
4892
2364
3872
215
1271
28
1827
88
281
3140
624
2108
2
1281
1699
1801
113
35
2297
2204
1546
1969
3074
1992
1518
3030
1025
262
111
533
747
365
2926
2090
2156
33
60
520
8
57
56
4
1596
9
109
1448
1258
273
1189
27
68
78
1225
716
2407
360
482
308
663
18
200
2124
16
2770
51
32
485
196
43
1635
531
254
290
54
33
1195
203
46
256
52
1088
1546
764
28
684
55
4
206
874
309
90
110
1431
250
46
1690
3627
1766
849
467
1813
2257
1845
2140
155
204
220
1926
319
242
20
271
596
28
9
464
2742
2817
1543
766
259
165
1627
376
955
1
145
391
1420
938
4600
4
1952
1515
18
2669
1827
1727
30
1139
6569
45
285
50
1794
7397
284
297
154
303
76
1981
171
309
45
4884
6222
40
470
148
284
286
273
87
1316
247
1940
105
1984
2
143
143
47
214
222
137
54
25
1
2024
1004
165
1814
114
6
39
245
441
29
101
573
594
54
8
123
860
32
1939
621
3937
2140
70
836
894
1812
148
391
582
421
244
3652
58
1260
212
111
3239
4152
486
1421
12
828
3895
36
104
1389
173
1026
240
243
169
85
289
21
59
73
58
15
4023
507
777
3451
1657
1594
67
829
3758
715
301
1
3099
156
41
5
230
5
781
2105
947
84
136
423
187
21
29
2398
1433
84
8212
223
2228
102
1832
182
3512
524
783
107
926
17
4430
2609
4181
366
438
108
1553
27
2439
4114
8021
1887
2036
186
1705
564
10
890
187
2967
29
29
3
72
372
356
60
5443
756
2924
188
65
383
2428
5912
7
253
160
356
1895
5
353
55
291
259
370
409
1025
1430
1
522
2236
18
4799
43
1189
618
134
705
215
18
7
1664
1164
1
519
2012
355
1315
3152
28
156
102
129
32
84
1424
4986
370
3580
36
3657
1
272
10871
38
1701
125
1855
2875
1025
1326
24
312
1207
507
1430
59
168
1308
2544
2028
3466
12
5647
463
196
158
303
1383
277
46
385
2382
148
14
236
67
481
570
45
273
159
138
1444
60
1
47
1297
2799
1963
225
3300
247
85
1387
811
198
145
21
212
7
330
26
1742
1182
90
36
320
105
6233
1895
3496
64
37
10179
1765
102
211
1118
215
252
63
31
376
233
10
248
216
27
31
2740
90
397
35
22
40
108
343
88
1051
1015
11
1915
232
1426
179
767
209
680
779
24
50
307
636
114
421
299
4108
337
516
300
1833
37
396
694
307
421
1043
511
298
1165
1526
56
71
688
165
1
82
11
19
114
15
796
2
5627
8
1089
2125
1871
52
226
48
171
103
2328
149
3118
104
45
80
605
125
155
156
2477
2172
1495
18
155
166
1178
12
414
2116
64272
7
3310
275
1340
3209
2721
940
2128
356
1440
2818
674
84
28
2015
8
290
243
1569
135
177
3450
939
203
303
35
3600
581
289
281
657
5
172
787
2
1048
230
707
21
125
2190
1991
1062
133
7933
883
104
224
2053
168
160
17
215
102
60
1548
2688
1520
50
350
764
2039
230
455
1007
172
4
835
176
64
220
78
88
293
109
477
187
64
83
485
286
202
452
403
203
46
276
380
434
31
1429
310
62
112
651
49
4
134
250
353
96
242
2635
30
40
88
67
50
9
297
117
279
62
1
399
23
102
444
589
103
480
1091
131
980
44
408
163
2
279
69
78
372
136
1207
227
560
200
367
14
71
36
664
38
242
770
748
279
8
128
456
36
538
322
288
2083
166
13
61
29
194
340
3727
406
1016
2922
19
1078
30
1901
8
183
702
141
6
50
115
1952
117
2086
703
2027
249
1875
295
7738
6039
2968
379
3122
719
298
3647
2318
512
13
1387
277
3973
662
53
30
23
377
245
141
41
809
1860
13
43
683
94
231
17
191
34
2543
1488
988
1497
22
60
68
2048
79
2710
2855
73
23
333
202
714
314
47
1872
2915
646
1973
106
1736
1359
376
213
976
6526
42
1075
5299
192
1087
10
76
26
70
4500
3002
91
329
5
3313
41
37
3455
42
1845
1331
88
747
685
533
149
1646
1041
204
69
97
3433
83
2630
304
127
268
514
863
42
191
299
233
6591
170
65
806
399
29
51
2910
1027
409
3879
260
1422
19
328
405
1169
190
474
188
158
44
165
269
146
444
1207
665
245
2110
64
32
107
41
1771
2311
48
43
453
3133
28
45
34
2394
1392
47
132
2208
484
364
95
66
204
241
9
67
338
2102
84
20
68
54
154
1063
2566
2313
2814
2
22
54
484
1104
927
3
31
57
2067
74
116
649
12
39
2532
27
509
101
2498
106
94
299
188
371
4629
1538
2491
177
370
830
78
235
61
5
75
20
4011
44
119
225
486
48
32
261
54
276
3710
735
105
13
13
398
899
128
14
11
77
29
77
329
2139
786
11
1451
60
2695
2525
78
162
226
433
1241
1502
1098
107
795
1675
579
2476
4163
103
169
119
40
20
404
3230
691
50
930
2759
248
260
71
709
37
442
1383
2
35
203
3530
831
628
9
255
984
1299
392
11
450
1417
1984
1798
14
66
484
84
87
210
9573
27
787
37
2291
1588
7757
3372
1949
775
10
92
2519
3194
823
7085
789
1850
42
9
426
962
17
379
127
257
1921
398
1406
920
3304
2940
86
143
498
22
3
558
2147
74
237
167
3304
707
2111
384
435
38
1272
69
35
24
263
2102
715
163
4085
165
3003
3109
2906
2731
272
1598
328
52
1
1038
6
4
12
1635
197
180
2106
415
36
67
43
281
103
50
305
36
851
337
1740
20
168
1585
783
5046
2088
2643
46
12
476
1136
6882
746
34
1229
681
11
46
234
2387
106
250
47
206
477
252
2433
23
211
2448
20
1648
2109
2012
90
127
1867
788
1155
37
1467
89
392
375
1243
59
1968
551
283
465
13
542
142
817
1866
925
214
3118
3829
394
82
194
210
51
196
179
271
3082
472
307
219
3128
135
2370
263
621
63
148
2049
270
2747
381
1788
258
130
1821
1776
2052
197
680
4781
129
136
134
1248
149
368
13
362
581
742
1650
18
2001
37
2443
33
15
44
50
1669
83
3171
488
301
223
5
1955
1886
86
18
224
40
76
123
85
38
2665
1818
708
1937
150
9
128
1243
712
7
346
4207
1378
88
32
378
133
147
559
230
10140
9
2195
50
910
1090
77
161
1667
82
199
43
110
393
67
58
136
15
856
2
2360
32
96
540
63
3505
275
1038
192
163
7692
3791
31
89
96
701
182
22
2678
53
342
708
121
1
120
1552
20
752
1639
31
1673
30
249
320
198
775
571
478
827
39
2743
1787
1177
4465
1762
2253
580
265
2421
5727
684
546
3503
2264
131
45
1513
977
52
1361
277
3151
2170
2525
89
1920
553
43
36
105
278
577
5
116
33
365
642
23
117
175
64
146
5753
79
1744
132
10
386
17
3
2320
33
695
841
384
1636
25
247
3059
55
455
2007
30
57
89
485
393
1420
366
70
33
589
22
392
6889
9
540
224
47
174
190
280
65
1247
40
108
46
101
139
646
1825
182
76
1399
830
1214
936
59
1363
431
234
183
18
37
483
1667
1988
166
1936
38
233
66
4079
35
1460
71
70
95
221
4724
127
63
170
657
946
38
33
1278
9
221
2213
2113
80
62
44
34
33
133
3727
19
50
272
2
48
1
228
1401
522
3010
1697
40
242
1762
1084
58
215
622
5395
513
1101
35
7747
1881
150
55
46
1894
396
482
167
328
1148
162
24
3273
1174
66
314
4554
1639
2722
335
1962
5
125
288
84
250
42
12
512
5334
405
4124
251
47
1777
1982
3225
74
33
138
13
2889
27
1632
3
54
207
194
74
691
41
305
433
492
86
1647
377
2259
1785
1070
93
2062
91
1161
329
1939
1435
795
281
448
37
972
211
141
13
1957
9065
65
1246
156
1649
399
73
290
35
26
785
767
53
3132
529
339
1195
40
881
250
216
161
1020
4293
4148
33
19
288
572
602
6
555
1268
37
484
2603
98
35
1765
5657
373
1260
334
364
184
2148
45
1609
315
1679
250
19
122
32
1193
1552
114
33
110
80
1404
1665
44
57
158
231
114
17
14
7499
1326
1418
53
1652
2171
258
4532
269
1081
507
12
284
1609
545
90
249
300
4
330
1
327
13
446
754
1755
6
279
611
105
94
2247
176
2141
3437
1821
1150
6221
123
1973
118
1390
244
1835
514
451
1375
3939
108
439
1325
1446
964
1387
189
8392
2070
139
1013
2913
121
227
510
52
113
1
2830
40
2016
194
2078
1415
1341
437
1254
371
2076
1958
155
2173
1348
1
370
18
1853
204
106
349
291
18
409
225
349
34
24
275
1884
445
411
195
186
246
79
216
70
7654
2651
1222
76
23
2429
30
23
391
3901
213
1805
119
209
319
45
97
6
162
340
148
443
1462
2
515
44
16
152
8
2279
1123
10
1992
665
16
68
857
7354
1455
78
8
32
1042
105
157
764
66
1182
49
122
242
1530
42
135
1133
376
817
154
227
446
171
116
97
3
1364
114
102
182
208
4
170
14
70
2013
766
4350
63
231
4551
228
720
188
58
24
56
968
1264
116
220
644
297
171
250
34
128
112
50
81
195
596
159
3959
105
309
193
870
2756
6216
218
423
423
30
2506
660
44
6884
249
51
93
51
60
34
1495
178
5303
46
1516
222
1222
87
730
709
20
1712
70
191
1319
5
501
456
392
572
68
2311
471
216
107
27
343
12
7
1871
1531
116
666
1438
84
2147
22
359
1367
130
36
714
375
70
58
94
73
763
3
140
816
315
608
677
64
32
2514
64
30
438
908
848
954
936
168
75
347
195
16
7690
14
1730
2741
3473
157
1164
237
491
8
415
99
1950
102
43
128
43
4059
7
313
71
17
125
507
2280
381
527
2394
2506
553
14
414
874
288
2540
54
1644
559
1669
2145
2697
2339
1225
36
2403
45
1147
1904
128
283
83
6
1670
196
302
170
5191
24
21
367
135
1223
1243
233
59
164
965
25
532
114
2852
1840
1379
3911
1793
221
172
104
412
168
79
90
28
331
1354
244
355
12
170
33
99
295
57
1651
440
64
22
199
108
1636
105
407
99
521
18
53
98
21
95
114
358
268
28
11
1905
49
22
28
88
516
1337
40
3144
385
2396
268
209
223
646
1769
1985
341
1799
1096
1231
3277
374
593
6
1995
48
1774
125
80
230
1511
135
977
117
1621
68
143
48
350
440
2901
1501
6
92
2320
2696
423
463
54
103
293
1332
1588
1439
1563
38
1867
25
54
530
222
2114
4505
583
2447
711
47
879
97
1310
1306
1169
115
12
1425
736
2778
46
1
930
869
604
2474
70
1557
2
578
175
252
496
119
9
863
131
69
336
65
45
126
31
8
136
16
139
452
2744
31
139
398
220
18
5
1628
15
1773
46
58
220
73
465
89
210
1707
37
117
109
264
368
2023
3709
137
870
111
1384
469
255
1708
1791
818
217
114
144
1364
1398
301
51
87
264
710
93
254
77
372
105
465
654
385
101
198
242
2048
237
43
175
589
3307
4275
3483
3873
2666
5760
123
2451
2083
165
213
156
233
1153
2239
25
917
4604
462
902
140
107
231
1440
116
85
98
369
110
906
1517
414
116
163
281
1629
134
1844
1801
278
114
4353
4490
126
2877
464
2426
913
29
1215
113
1820
212
125
62
1566
157
3360
3999
40
3612
246
240
462
1221
1493
86
887
687
2266
158
332
105
1
105
871
154
2275
2932
2617
19609
1344
669
4543
256
341
126
13
3067
1874
56
1289
4260
1507
311
552
285
1047
143
4466
199
520
174
199
739
226
581
1215
180
244
635
134
1419
7153
124
54
216
7
268
248
278
1812
2026
17
1900
3056
1412
1892
194
301
54
432
253
6
3
1271
396
51
953
20
114
331
185
4552
1495
600
2658
90
161
102
812
52
1663
1823
145
2076
1186
15
75
44
3682
769
56
661
115
6
118
117
1
15
57
180
545
247
2855
16
543
88
150
165
26
1133
343
11
406
65
496
90
32
219
215
1707
1861
1711
306
70
1527
289
127
260
696
212
208
21
9
27
215
87
3263
95
297
130
1098
314
477
1
399
498
14
24
186
29
91
61
26
37
4
1
75
1309
1299
285
877
1201
236
67
53
27
57
97
669
204
1321
165
67
125
4
409
1960
208
1935
66
1105
114
23
31
585
1993
1178
335
225
200
101
268
469
475
23
22
1685
1596
500
745
130
515
603
161
70
9
1337
4035
24
4120
396
1694
105
271
317
203
87
34
13
1126
1656
2016
148
1
727
113
1315
48
642
467
3261
1028
2445
282
170
1566
16
3727
1896
119
237
157
158
17
182
5248
102
261
1398
1903
5024
1000
64
779
1434
363
1597
26
271
124
2916
160
143
210
526
55
4
1297
1865
105
52
302
1769
27
5
7
18
215
503
1602
50
1480
409
613
282
64
672
41
1
186
128
2103
291
200
161
285
46
112
6
2433
798
67
52
67
81
216
2322
1208
12137
162
107
318
78
675
2098
2328
28
171
1376
289
19
127
299
1359
1277
50
17
108
2238
9
561
81
88
1884
104
1381
902
36
3216
82
45
68
1651
793
662
2753
2167
225
34
589
91
12564
2065
70
8
1124
985
608
116
8
1979
11
961
2636
2192
1352
527
70
969
189
848
4700
673
13
1789
28
1487
13
3765
15
15
2080
1995
2365
901
1807
325
110
84
244
663
2842
657
1303
19
1723
1879
119
5044
228
46
1297
702
122
85
2473
60
150
462
116
6999
7
117
1416
26
38
15
33
43
10686
2874
1579
951
16
293
10
125
2112
195
2588
2975
2797
232
3166
2293
2703
51
4453
72
189
53
2368
1387
3109
632
1030
544
467
367
4192
578
742
2155
1210
1256
1081
89
286
1377
162
982
148
175
425
1998
386
27
1415
2857
1784
234
160
23
48
6550
8
370
114
1042
1721
101
2746
3
931
40
136
274
1991
272
309
167
42
319
66
44
37
343
43
405
4728
2407
1780
944
2165
5
20
498
4577
190
841
278
619
1711
186
358
55
1091
29
87
932
46
487
2710
67
1482
44
165
713
3047
54
2041
4601
3464
701
254
54
351
9
296
171
23
3164
299
1603
326
1086
132
8
205
420
15
38
34
574
445
420
9468
11203
362
74
876
1543
467
312
155
453
81
537
1883
8
4
1728
81
693
268
612
12
135
25
2228
67
1576
1610
28
1
112
723
64
363
133
4208
333
220
2266
838
58
1990
2366
182
1734
2591
270
114
39
27
2134
38
26
24
2526
321
42
248
372
4529
172
233
327
55
1040
94
10058
227
45
75
2519
2564
13
484
4372
1095
30
158
159
21858
131
1017
2557
572
1204
883
1941
1138
369
5
132
118
24
62
92
80
2952
733
2097
199
182
244
1235
2848
746
1809
38
84
1409
239
70
462
588
702
1026
72
363
535
135
58
930
158
73
34
373
30
266
2216
433
392
46
317
430
25
512
61
588
44
1198
2908
73
50
298
70
658
4675
2205
131
16
1015
2714
49
101
2368
1453
381
999
327
26
66
220
17
1004
248
1668
224
292
263
1
259
2537
719
93
5493
1904
20
256
960
722
1768
47
40
40
1675
24
139
454
1155
422
380
81
12
2839
945
269
196
144
33
15
1809
116
195
1922
4382
184
40
80
101
723
6955
426
108
413
94
3098
2009
1781
40
873
127
263
488
9
271
80
364
193
463
2
173
56
1213
48
44
3033
100
6
1951
251
13
3693
28
2303
1124
1630
237
3507
2792
981
34
177
111
11
237
27
94
2763
33
106
1720
32
109
1488
42
2595
616
335
2120
1690
52
693
12
211
215
271
41
633
165
9
228
61
54
362
172
234
1347
102
894
223
709
9543
2274
298
457
5088
13
289
130
54
47
7
1507
468
65
1187
34
3539
2370
71
2344
2212
38
1
2
15
145
1239
92
1339
887
43
70
41
2305
106
176
2203
44
431
1779
507
115
1531
418
69
3527
730
2498
165
329
437
242
314
630
131
13
2684
69
1630
333
35
148
22
52
148
1377
539
2082
3347
108
123
225
1096
968
853
765
458
122
20
12
26
83
16
7029
46
3173
735
4239
20
222
2458
114
994
155
173
30
1891
141
2530
442
1430
1742
5716
3825
208
2392
612
429
866
500
117
1399
172
4114
299
441
3248
176
823
250
338
45
74
71
4631
18
612
31
235
354
503
80
63
13
2752
33
19
455
4746
88
51
185
713
260
1
221
108
175
68
2404
178
625
270
942
1294
1250
1606
1535
439
6
45
538
6491
42
233
55
1021
70
61
1873
24
2
3506
97
1789
755
10
124
30
2745
92
430
46
2091
1901
99
43
462
48
597
1314
905
850
860
510
20
3626
344
90
1828
85
45
40
148
49
5
126
269
44
2858
804
23
244
164
1619
1935
158
3068
173
35
1333
100
2349
32
148
53
12
3095
51
175
230
1841
2123
1995
205
230
723
1278
189
130
6
3335
633
83
2426
278
49
800
104
910
763
262
243
128
113
267
121
234
196
419
2184
1332
24
124
439
35
1498
93
1427
251
912
2006
164
951
101
130
231
390
41
127
114
2000
2003
1687
2169
329
155
2042
47
1185
1517
61
274
265
224
90
241
410
53
4
131
1247
1183
10
283
1009
793
1
758
1
60
135
283
26
103
291
1251
7
343
1607
232
49
3514
101
1505
24
68
1347
145
3473
1534
12
102
9
3362
78
2573
3634
516
65
7586
192
270
28
91
106
14
1144
26
568
741
815
40
2237
3420
84
90
890
294
331
2662
183
255
39
143
224
3
695
490
44
78
1014
1757
352
84
199
764
324
291
321
1467
1567
84
161
400
1138
781
340
128
910
1049
351
3094
105
527
2
187
1
299
143
655
25
380
96
271
250
3051
10
437
10
23
73
483
7
455
1745
165
64
316
1048
229
86
10
2
37
424
64
928
276
5607
60
3046
103
648
59
20
1046
769
1262
72
88
188
7
1914
576
1584
72
88
71
33
2848
668
127
105
1623
1579
210
279
132
2223
175
698
43
381
20
45
30
1195
143
6903
896
178
193
231
2216
58
63
551
214
705
542
1878
83
4
136
151
166
258
188
20
22
508
66
159
15
879
68
3187
82
869
234
117
191
1406
1
558
302
568
163
60
437
146
230
287
535
7
6
625
73
49
75
46
2947
135
2753
20
182
1
3411
103
520
7
1269
51
105
593
91
549
12597
1154
1295
3571
909
154
20
351
110
210
367
225
1511
91
130
47
296
110
3
147
1414
157
173
443
1984
167
2619
933
197
69
254
739
372
586
250
910
97
118
65
369
211
52
800
77
1623
46
289
2
250
3340
55
389
140
10
2476
2126
81
1175
125
2934
110
139
101
236
115
26
243
415
2778
227
29
381
472
56
160
195
10978
712
1176
1
80
30
39
92
304
90
272
5
1050
3031
170
204
1024
1404
9
74
974
10
19
10
15
1
2
1708
56
1156
185
66
41
154
161
6
137
204
250
480
324
88
152
115
149
57
202
47
191
259
30
39
1989
3932
1564
422
306
34
232
320
212
306
2221
82
3241
238
1226
126
49
68
72
262
872
333
680
52
119
3156
19
401
8151
174
83
43
3014
29
271
450
96
70
676
200
1517
70
2392
64
220
99
43
104
1995
378
988
588
125
4
81
1140
69
200
939
511
361
218
18
68
65
59
942
2104
6
255
212
20
265
1449
1259
126
20
21
402
198
339
536
99
188
3742
6
22
555
1991
540
1853
467
1725
15
441
19
677
250
789
46
45
280
825
3740
17
1611
3
1964
53
1413
123
19
46
1024
64
43
36
6041
2510
385
118
6
1364
279
2034
424
1272
51
677
17
1515
377
91
292
26
81
15
76
5
66
2087
170
2110
683
261
99
18
2314
80
233
1452
4883
1967
381
1586
140
1537
241
390
3536
909
215
11
1089
117
30
1668
1168
9
1325
9472
29
7493
44
35
1512
2827
119
6
67
364
170
2723
47
292
4
3125
2788
2
189
34
778
183
3095
125
15
1746
1869
667
689
2312
243
534
2299
11
122
3
1219
1369
250
597
40
443
344
5478
30
94
14
2239
482
35
2667
2548
3918
434
912
345
2846
1756
2565
82
231
365
15
134
609
3943
5
115
183
22
3227
2981
17
57
2032
8
1
56
115
1002
53
1238
2656
344
222
1627
47
256
1468
1008
2668
173
85
661
3034
444
791
327
74
3496
50
23
4092
468
118
34
106
7017
770
1884
1006
1346
261
482
197
74
148
4
585
1175
100
38
208
279
365
335
1
264
1513
1220
25
610
29
63
6
346
1898
106
3078
207
390
127
696
184
240
116
667
1597
346
112
97
471
88
210
719
7
49
365
237
1917
1
126
1386
168
232
488
182
5558
126
228
676
255
143
4125
184
555
1679
29
124
2609
315
44
769
2449
33
661
2518
2062
105
1362
102
331
646
20
885
2895
252
41
339
885
1988
910
587
254
118
1062
2152
1565
1887
214
67
152
524
2923
2356
49
5737
1060
543
2510
374
125
2917
104
664
569
90
247
26
8
1248
1344
119
882
2068
2482
2068
303
1099
2181
25
484
5666
461
1421
520
17
1189
465
1835
65
556
16
46
410
2367
32
18
2778
445
598
33
1166
64
287
2959
198
84
2
1982
3446
18
78
121
304
2741
20
119
25
34
167
20
4846
342
359
1124
1686
5464
8
42
1059
295
2081
3077
590
105
44
122
38
4685
1076
380
99
370
1774
961
639
47
350
275
5142
371
126
2964
73
87
1661
40
192
26
597
2792
3240
105
3927
593
274
304
115
888
122
286
743
1674
272
62
8
1145
2140
232
1905
2092
289
693
7021
805
29
167
721
72
1
8590
13
1600
170
217
238
3112
64
138
2525
2647
518
618
69
694
131
272
517
132
169
22
243
3344
107
200
774
2962
31
308
343
4201
347
143
145
1572
23
15
1220
124
203
560
129
100
110
29
1945
443
25
63
343
1117
61
1905
254
2583
255
104
116
775
303
260
215
1860
368
2186
50
1057
149
864
38
390
298
85
18
2432
16
2768
442
3511
198
240
86
1703
2331
5
1398
1404
2865
3211
540
10384
2555
1168
47
2033
896
82
28
1014
218
1
85
261
2000
4028
116
309
1893
5
83
503
126
222
3211
271
616
1551
108
34
24
7
1530
3428
238
19
2011
152
14
160
1719
476
1703
445
1786
95
37
49
1397
622
15792
25
1656
725
138
166
75
359
20
142
116
12
1962
673
193
78
3054
5
7
77
10
75
4386
2155
2202
14
41
2510
32
46
723
69
2741
117
325
23
105
2330
119
582
469
420
590
287
2907
1572
194
2014
166
289
101
5
1255
164
124
3
436
60
50
5249
1561
958
11
157
41
120
321
3206
13
2839
981
449
3737
95
3267
451
253
605
1267
480
383
282
47
3290
55
215
330
2304
82
105
387
304
2
254
35
554
1292
612
34
1554
4023
193
705
4125
48
87
101
125
2203
1387
2242
60
49
851
3557
8
29
195
133
970
70
1356
878
899
613
499
3083
237
1758
1081
1678
1104
1337
37
173
2023
499
1304
241
189
1424
610
2213
1800
126
263
289
907
1590
121
162
157
131
47
57
48
1612
1330
6
1936
4441
7
958
231
14
725
1574
223
2289
59
92
644
2265
94
1257
1826
51
34
4124
1271
14
716
12
712
22
755
1721
1371
24
1308
239
410
68
411
155
401
294
42
57
321
376
1099
200
11
904
185
1230
522
81
11
589
24
13
1693
283
189
3198
102
5
1487
21
4644
137
5
67
83
784
1314
446
26
41
1500
3
359
2013
80
521
118
130
526
2545
370
213
190
119
1747
26
196
174
3690
166
29
4
648
448
21
27
2377
48
1653
218
2017
1156
279
182
14
41
1373
1875
67
244
3819
52
45
2375
633
49
1373
687
57
2
132
63
6923
23
122
355
85
4232
2009
705
407
164
60
3160
134
118
194
33
1420
20
64
13
290
67
3123
300
178
896
1065
69
633
17
856
38
314
578
118
19
314
275
751
229
242
29
222
1522
18
803
11085
475
680
1793
742
301
5483
107
2181
122
70
205
905
138
85
1195
299
95
2131
101
1193
4932
1624
389
157
140
475
1653
149
3038
61
193
1246
1988
331
951
9
4639
3200
501
974
376
136
49
450
3050
2616
751
56
93
112
5117
360
112
625
722
53
445
104
4050
361
54
449
159
1038
18255
55
4970
1272
3211
289
51
27
55
5410
93
66
54
118
2914
1701
1112
3102
85
1802
422
7867
344
1446
610
28
4
1206
1307
502
2958
42
120
337
414
13
100
2526
15
1051
1856
2011
271
12
120
14
163
338
176
76
337
4853
85
21
63
143
69
833
5
2252
507
780
15
1529
503
656
966
1766
862
1420
23
6
1228
6179
36
121
225
235
1748
238
28
1192
40
646
1098
2948
115
90
1325
1383
672
85
288
1101
63
344
147
805
4634
83
1413
4023
730
476
153
163
510
943
1698
84
128
14
174
194
111
2338
201
40
422
165
1125
134
192
968
50
612
1219
174
122
54
25
3
1385
50
219
35
12
288
93
2330
138
102
2324
102
50
194
2818
128
61
22
2049
339
2867
11
755
157
30
265
70
4959
2372
1
13
935
355
1795
188
724
1578
315
6
48
148
580
686
128
3916
416
40
223
32
124
52
73
21
105
1
7
1886
96
1550
1081
36
99
175
398
268
3043
47
2
323
141
27
50
265
1375
73
439
328
433
33
2568
101
6
437
1195
156
174
70
186
1171
412
1357
4337
390
156
707
630
1578
178
1939
191
41
283
474
137
132
1582
283
178
69
57
116
1111
2495
105
2109
453
167
1223
241
2
44
14
243
1787
20
15
1311
338
127
8
54
248
39
670
109
33
24
9
479
205
2078
226
2296
25
2064
1564
1164
475
35
1675
96
1127
108
6
107
5528
1016
570
208
2577
1018
120
94
4003
13
493
345
31
36
46
1066
1862
19
208
8663
2
1764
792
349
17
50
220
1300
970
24
306
665
216
99
2033
946
413
19
223
11
72
217
4077
461
1776
1031
1118
189
119
2740
255
485
8
448
8
16
2264
305
529
130
292
25
57
68
1504
77
2193
1201
189
40
126
199
120
333
1
253
1490
849
116
264
3424
2619
199
452
960
155
152
233
13
82
640
83
68
6822
87
20
1592
25
14
2240
59
9
24
38
1769
166
724
36
6670
674
7384
4768
193
1343
1473
90
2333
510
109
6311
5173
5
8
1845
44
2099
1160
190
442
481
42
140
168
1683
32
5658
1403
2
2092
3704
472
611
24654
25
23
1342
139
81
2496
590
253
33
160
2422
912
1013
564
1
631
169
81
147
24
319
96
420
338
56
158
104
284
2444
4307
1131
2093
280
8362
1345
2186
790
63
28
1
1424
7
156
1711
5
43
183
143
66
47
2942
560
1805
1912
990
138
1912
191
485
127
2
566
100
438
173
1905
479
405
2935
332
760
1187
282
93
29
3
22
29
35
2655
17
216
68
121
1283
164
3297
17
1454
33
432
219
36
236
1451
1026
1164
5
602
2615
524
312
179
290
868
597
811
9
390
375
312
401
804
242
452
241
4091
2743
321
369
456
4590
371
2084
146
2197
147
163
13
321
670
133
1024
1208
207
135
2166
905
29
2272
317
38
34
155
1958
29
221
2180
2875
898
49
2043
170
919
16
139
1878
113
33
739
507
151
7
246
404
526
959
1174
299
1800
64
47
143
14
472
1053
75
36
938
638
439
249
1122
17
1161
125
77
1183
2066
676
43
256
23
289
178
126
2639
271
278
304
1632
2760
1263
789
2852
24
115
102
319
17
43
31
56
35
2344
816
5626
659
268
141
1292
1821
134
419
231
458
846
23
3276
102
343
283
852
563
709
32
51
147
29
1970
12
22
203
206
234
302
73
1912
33
312
149
42
1194
71
4
20
2360
336
122
2198
3282
1344
1348
365
217
892
475
39
2773
2421
551
628
98
260
61
1512
96
50
39
262
2047
585
327
29
32
533
68
1844
29
34
266
19
276
19
172
68
107
43
492
1889
10
30
29
1776
796
1651
324
432
117
97
57
130
299
1476
526
38
698
104
64
41
570
60
41
1344
30
491
1337
2498
304
77
478
86
116
1
466
861
498
50
41
126
338
170
192
29
52
314
5
1
5
1287
723
2085
3986
54
11
4785
269
99
4
95
293
2113
339
244
2677
183
1061
52
2907
126
110
485
571
4135
36
1280
25
21
18
17
47
555
330
591
2172
1852
125
1034
301
128
1183
395
69
118
52
398
242
570
1449
122
403
127
53
147
118
2257
572
93
45
25
127
1513
6
112
1524
218
319
94
1075
2567
24
37
6590
516
263
288
204
20
30
88
742
470
296
23
51
157
969
1193
73
2912
164
1970
44
352
1076
348
74
127
1471
1249
254
961
48
247
40
21
548
54
987
42
1501
90
593
1804
9
48
75
3565
60
302
43
1628
115
4149
4
39
310
373
92
757
105
400
537
9
1843
2414
492
1
14
11
391
897
3
139
86
634
326
132
2448
572
32
595
192
655
1
200
385
2599
36
107
49
36
1769
1972
18
112
163
3005
263
215
197
2026
103
360
25
785
3248
812
107
52
255
3088
1306
14
1162
197
1621
3
63
1579
1723
79
95
1248
2044
35
3491
2289
965
2246
1714
372
37
2175
555
58
2550
476
1055
894
13
67
1366
380
1217
242
2428
293
244
2189
272
3344
1172
433
316
733
5716
69
74
1416
245
993
1762
2909
647
2460
1
160
31
311
45
106
75
540
1
1364
440
1500
4175
149
10
65
2816
552
897
3820
76
57
46
62
2848
239
58
1705
29
79
1436
18
2299
1413
14
3190
130
445
2878
329
6687
5616
1200
4516
6
126
15
2158
380
289
60
1676
727
448
18
844
190
128
383
392
2246
364
2474
598
1856
22945
20
25
208
144
1813
294
2478
267
10
143
48
1363
242
120
289
2831
539
66
1
5151
441
383
129
192
45
2777
1397
1500
177
1777
223
1873
190
196
1631
1
3073
365
1818
47
2
543
8
561
35
117
2421
46
779
1287
52
299
1090
36
12
40
65
121
1088
256
1241
1107
125
18
1993
68
2408
91
213
62
4259
1806
446
257
96
23
934
23
329
140
444
50
9
70
41
325
1147
497
738
1331
1246
248
217
33
3849
27
373
67
212
1441
14
1
226
1291
100
324
1876
54
4
56
97
152
10
385
260
76
44
47
53
63
1749
144
104
685
29
333
1930
247
611
2849
6714
70
2636
1652
7
292
1678
231
139
140
134
952
169
227
110
45
22
45
633
99
291
48
929
1277
325
4297
2204
10
2124
27
381
285
2070
322
436
210
341
1929
239
201
1380
120
221
20
2197
763
1444
31
186
227
2450
3761
815
2265
1319
2891
30
2255
1000
12
565
16
193
372
3878
9
599
446
1690
227
779
176
2601
3525
12
206
209
248
170
50
2
22
358
31
775
887
108
457
28
720
105
340
1478
2734
2218
26
1
30
6
36
2033
962
110
1
30
31
22
1626
791
136
61
2566
123
3045
391
832
1972
171
425
1008
218
106
124
2230
1785
135
1365
726
77
368
129
197
665
54
3193
114
123
968
125
1851
78
69
76
292
354
40698
191
353
195
286
16
180
55
2549
2
21
85
1497
1861
122
25
1793
19
490
225
66
53
25
91
321
1017
4332
3344
3
150
728
856
3342
3
286
63
3690
127
1390
95
108
23
1509
251
277
39
1177
157
1414
643
1867
13
105
961
288
1226
990
1461
18
1
51
264
1085
147
13
123
30
1
317
4131
265
709
1968
2081
130
29
354
633
14
1138
2896
8
3107
308
206
235
119
7708
218
2581
456
273
116
16
682
24
345
400
821
496
38
228
1927
15
263
1153
500
1819
1410
2718
120
117
223
137
526
441
308
179
328
1774
3414
98
70
2145
2217
604
505
172
154
442
874
262
61
672
111
2
3876
991
389
799
247
455
31
210
1879
136
1115
4
620
3127
253
420
29
61
131
221
75
138
614
38
36
1341
16
1454
111
199
2359
879
712
815
449
1641
108
37
6
751
170
201
69
102
211
777
68
208
422
121
142
182
41
917
90
416
132
78
997
860
25
100
1338
36
106
163
48
24
7
91
129
1325
53
4440
265
2723
265
2050
208
147
546
61
11
786
159
30
8
20
17
1216
252
126
262
714
900
24
1233
3
3
22
266
403
282
147
478
48
174
88
1
7
44
160
56
47
714
3560
1695
53
1163
215
502
16
300
351
8
23
230
195
275
124
158
1307
235
144
228
330
436
51
9498
402
220
747
270
25
250
369
1056
276
338
1820
87
63
47
59
6
1887
456
265
86
134
226
2002
248
70
56
35
14
139
245
506
214
6
656
106
602
567
32
41
2
36
936
1328
104
1259
1707
37
954
23
1340
51
119
1
554
602
150
123
71
262
8
192
617
1989
10
2387
37
355
11
343
6
949
1084
365
79
350
216
105
98
27
23
1
1162
1180
244
17
945
1241
11
118
547
780
201
3
32
23
494
111
168
65
250
208
2
622
480
27
190
688
234
843
1722
29
23
410
26
7343
11
64
67
17
135
28
281
45
22
188
128
134
484
23
799
260
1674
314
113
336
350
189
2197
322
10989
879
74
274
1332
200
482
203
45
486
564
157
304
1629
213
29
386
863
329
9
82
124
72
277
114
28
2737
35
134
221
25
39
659
23
1090
357
2686
54
666
413
306
78
5
28
18
6
149
56
9
203
443
10
294
355
118
316
1
227
19
476
347
2013
188
2305
316
1613
2053
3145
422
1558
270
133
1229
115
3603
1079
42
5076
240
177
514
1195
36
2958
114
1397
203
659
127
165
399
574
106
11
166
12
342
189
342
196
27
32
273
52
193
34
162
83
59
430
8
212
247
1171
50
1
1043
732
187
2812
1072
163
670
299
1329
684
988
3
1
216
137
117
16
24
44
186
53
31
259
133
86
33
66
92
89
114
69
1657
11
186
32
1553
186
8
35
1
148
574
416
2741
130
250
3138
243
2701
280
25
114
278
1734
103
36
283
51
42
249
263
39
1911
177
1002
66
2579
255
366
332
79
1656
769
611
1157
7
153
2807
1254
28
179
1213
159
28
924
62
91
404
421
2011
1562
47
69
19
220
1335
1058
29
251
520
139
35
33
486
101
2113
1472
11
170
270
9
296
18
133
35
1085
60
42
37
108
116
46
216
113
628
89
123
51
7
136
1441
969
19
1289
6
219
891
632
381
47
104
46
2555
1451
1674
221
128
128
285
12
2467
64
87
8387
59
421
386
104
50
34
201
1243
2179
194
473
14
40
239
39
638
38
318
236
32
71
128
54
105
33
4876
1583
1598
1879
127
3655
164
27
273
1846
84
129
2154
247
5
34
90
401
105
142
89
1409
1200
729
193
148
608
2256
702
2417
206
43
152
208
162
231
1309
226
210
453
152
366
270
110
287
126
16
361
175
17
157
2
81
1663
38
256
6692
11
1857
27
25
18
1743
117
843
1
58
2336
106
230
1507
1
617
78
215
344
17
1831
3666
1824
1103
387
34
1549
43
431
2728
428
475
107
644
1212
31
452
4
80
10
790
2187
65
119
102
1253
218
379
279
367
178
49
1131
162
41
64
2002
24
491
659
246
85
382
1903
1770
106
11
101
185
555
2570
8
31
705
2954
483
375
1837
906
1661
278
28
1029
64
1853
387
31
113
2637
39
1614
102
427
36
195
1857
1559
1985
1066
150
120
28
244
1342
51
4
39
298
199
207
594
6
22
289
3721
3401
109
56
934
273
2256
70
20
157
881
287
104
68
404
1222
1017
6
630
830
2697
996
64
455
54
322
256
136
2326
300
1955
28
2073
1071
109
13
5053
1896
783
65
238
2735
108
45
24
396
391
417
41
30
303
176
181
30
44
133
89
232
192
127
1659
1426
94
2422
45
18
30
306
2030
92
172
3342
1727
3005
190
338
118
270
741
93
1547
321
632
2049
94
203
24
21
5593
916
52
1056
62
882
192
1697
135
19
145
383
168
10
2424
514
2379
131
490
34
56
255
170
24
227
259
2340
616
4519
93
120
2047
222
1005
18
5
12
685
1579
2206
624
201
241
77
95
503
607
133
122
2112
308
270
27
1841
627
457
614
479
100
995
1511
298
262
68
838
1862
1722
529
5
2130
318
1091
22
282
844
639
2458
1619
2923
92
591
219
479
2522
225
243
3139
1222
72
11
61
21
95
278
154
842
19
42
49
29
2111
28
333
1660
1953
1160
32
201
960
269
174
1844
15
7
1878
189
805
693
506
1740
90
941
9
87
40
476
78
241
1033
366
19
867
201
148
337
2292
118
361
666
64
233
2574
137
42
32
1416
945
29
360
5
298
9
247
137
160
400
1444
284
445
60
8
1976
986
34
360
92
343
99
199
14
1
29
274
3252
928
111
1288
1212
35
1397
2479
138
276
17
295
632
141
37
1743
117
254
2986
204
1885
58
120
246
655
1423
3572
1982
6
3339
5040
20
573
540
234
588
308
1317
92
216
111
1918
1225
2472
7
515
43
234
1536
3989
47
31
989
613
83
3032
1201
4
204
1005
243
1122
1481
213
61
24
2010
18
38
101
67
325
1154
1038
2405
108
18
531
2091
106
1685
38
1761
3697
30
2235
131
28
613
999
88
1333
343
1406
10
3842
397
21
59
1422
61
2426
22
63
29
400
24
11
445
115
218
4252
108
157
29
144
1915
2192
271
1009
462
1018
113
311
1624
205
2231
746
520
387
6528
60
575
491
406
303
18
7
641
232
135
30
1
35
744
704
69
70
274
2855
925
868
910
241
114
3
761
297
343
2545
97
146
317
228
31
1019
2073
1941
1837
9
164
103
255
50
319
3011
328
439
415
1800
37
1133
459
1522
671
2388
1611
88
3
927
1683
1819
1314
1307
9
1925
916
1997
2509
1424
5
2616
2051
659
919
155
117
1555
941
40
44
1920
325
3611
2271
39
1368
438
3
1033
1406
20
194
359
1009
386
269
4121
217
80
30
25
1023
209
2367
35
347
222
3962
3455
7
502
1956
208
1879
104
345
77
6
2134
125
1222
835
51
637
350
1494
90
6683
372
1593
33
1575
203
165
183
215
2129
71
591
80
123
2373
533
2280
79
7
2622
181
269
913
9
1
2
37
30
239
1055
620
35
131
904
3869
2214
334
336
221
187
8
1717
9
381
327
1245
51
34
64
225
1693
171
680
2198
43
35
426
1739
2205
85
21
108
1501
550
3
1306
344
350
567
416
1609
120
1560
1086
105
286
24
112
207
155
445
1150
283
10864
157
13
86
1452
42
104
19
3121
70
161
227
630
1177
2884
543
4561
2109
26
25
714
9
1581
143
428
20
2102
2062
108
1926
87
46
165
1212
41
182
1744
712
134
371
253
790
6
610
225
157
291
112
183
204
338
69
726
574
60
6
195
130
369
456
202
379
205
5
105
280
986
344
654
1304
1987
253
235
3132
186
239
1041
170
8
22
208
30
241
105
177
142
2118
139
523
2402
5563
1
343
396
457
349
91
20
47
611
892
291
97
186
606
268
1
380
562
29
150
130
45
271
13
902
375
57
17
366
124
336
152
169
58
293
249
1289
152
2
332
246
570
4343
50
1572
20
681
1322
167
518
53
113
304
229
302
168
190
297
316
40
270
1726
688
19
187
48
51
268
802
148
1065
122
158
51
149
1256
130
5
60
137
29
860
1118
247
262
23
210
101
67
432
40
402
23
310
119
272
222
598
2
116
15
168
391
545
1454
45
673
288
101
121
298
2334
10
45
125
416
668
107
295
4077
132
93
106
1251
116
24
141
104
414
2224
1190
9
7644
1594
176
451
205
525
607
318
5556
2064
400
301
251
102
1214
208
105
1749
1692
2238
393
130
6
313
273
295
107
377
171
191
702
113
350
109
139
455
134
102
558
224
111
221
105
1161
1186
37
288
16
2079
418
126
276
192
214
70
419
226
116
6
1703
671
816
92
127
8
1065
85
229
308
419
36
292
129
13
121
269
38
36
201
58
7
1
57
324
78
16
204
966
327
86
125
138
15637
