150
1041
1691
6
1
20
45
1
1
6
6
529
2767
1893
1193
3
44
9252
16
197
17
6736
90
5143
2983
164
119
689
455
2
901
109
485
30
76
642
2
43
1755
9020
3321
716
176
39
115
813
403
2318
146
327
25
2132
5944
585
2147
14
2545
88
3
5303
4175
474
99
536
1
222
16
416
929
57
406
538
2560
513
1968
1714
2193
2185
559
1401
14
3675
1120
548
98
793
27
4596
2
2
6734
233
387
90
22
226
146
401
108
2371
8
2392
447
337
606
5827
552
1957
184
3825
489
23215
1183
156
212
13525
2622
251
5
268
4437
610
405
2061
3990
1308
859
740
4194
766
643
8
352
149
168
119
393
1081
98
3482
123
5079
1613
8188
679
11351
36
109
740
77
1911
257
3349
73
1032
1338
509
1710
264
1285
386
6
2061
60692
567
64265
3298
859
1143
1130
255
199
675
2724
1880
319
662
91
81
6
3311
112
92
1740
1171
978
29
2129
56
2
969
232
464
4715
1359
352
4268
466
1317
458
117
140
134
7
5
54
668
303
406
7
163
1047
1641
1652
426
5606
1713
662
512
98
606
537
661
1109
4
733
1062
321
1518
706
181
219
192
1108
133
633
427
45
422
162
151
1460
199
1961
717
170
100
2941
5633
2669
2141
380
252
80
829
8
4477
42
3234
724
1387
793
1830
3415
45
11255
15554
884
77
187
90
347
79
548
32
1855
3
318
349
471
181
7
1375
1576
802
246
243
101
315
1488
359
17091
242
1052
2050
126
63
12743
129
1777
166
1591
1533
562
4672
50
46
1798
1421
1126
1493
1728
38
10
2390
168
77
23
2139
4662
804
116
74
596
3483
1340
255
1970
1092
504
3656
926
90
5078
2
590
3803
536
160
22
1216
2924
547
117
1
54598
187
215
96
268
1015
45
2591
2970
2161
1
94
1
952
78
699
6395
9220
944
599
1061
1681
3298
3684
3713
502
228
831
2540
955
1645
24551
679
292
435
228
33
1464
4
189
441
402
447
2
316
1235
449
533
5467
272
1227
131
11668
293
4681
11539
6351
665
38
174
907
1293
259
10871
1007
400
3137
1520
602
60
3384
1720
1
921
3206
1621
1740
925
2661
23105
24
4113
167
1874
357
306
10646
7332
705
274
336
239
1195
2482
2075
506
834
299
1867
539
815
699
333
184
364
391
42
923
673
31
203
103
1244
847
649
957
3277
6584
106
2019
696
14020
778
260
85
5045
222
3
14
2828
836
406
129
225
1383
8
1828
852
79
947
200
14
49
9
40
1437
289
363
2132
348
190
1432
1686
4793
96
1128
1194
2848
2785
3816
33
38
737
3892
151
2579
9
1826
253
717
6311
2530
112
54
113
399
1327
16168
1365
891
5907
28
1211
881
299
2786
20976
958
166
6562
676
416
2571
218
20
415
1731
4487
229
1096
1
468
265
244
3174
825
1060
2690
1013
554
20
91
654
10634
4597
756
31
110
161
394
906
1107
569
388
936
7641
10617
8522
1101
123
1813
87
32
44
173
2
1011
2982
2385
153
4637
3
3140
8583
5153
190
239
22445
582
2754
4671
1541
102
52
632
583
363
108
973
1330
1146
26
7
1348
57
936
185
2236
857
188
811
230
1180
666
10387
4738
95
158
46
896
192
170
520
875
4038
194
1027
53
4095
485
1717
192
227
739
436
111
3746
6184
3466
1632
4201
6181
4415
2572
95
47
4899
835
442
6231
195
3003
2694
380
939
217
432
1236
412
992
64
120
1810
1054
916
84
333
1378
13
10226
127
920
269
4550
182
508
1048
1211
236
5845
13678
1079
932
329
634
993
253
2634
10819
81
1395
3146
709
84
318
436
1241
770
166
1040
467
422
30
318
84
170
30506
309
324
1764
4183
507
8
2788
1228
1427
13061
4038
3855
2646
32
318
851
1655
90
2025
156
498
9910
1633
104
123
2169
4177
1467
1997
1400
1330
1950
560
340
7769
6929
969
685
1095
1519
64107
49
1420
87
268
61
154
1011
292
322
18639
459
1877
293
278
34
1
477
68
1243
246
1751
405
3930
2337
3986
1060
18
2112
2545
145
1997
1024
464
31
60
7295
252
2756
750
37
503
445
642
381
1608
1951
4703
3491
59
6032
5452
437
1572
15131
1849
4862
2807
1773
11
798
537
3196
17
1740
419
422
770
417
8871
1976
49
2183
699
2897
26
6104
41
7021
1056
668
245
274
1077
653
354
3690
12
494
11037
534
510
1583
1831
817
1121
3112
2608
1170
4224
602
4269
1403
877
45
54
945
1550
307
811
132
466
2173
349
537
132
6556
2033
4639
3814
954
294
3808
165
4243
2149
3050
107
1839
347
512
5391
180
601
4431
1081
1585
3526
715
850
1133
1590
9215
107
1821
5945
1912
454
3738
1950
32
2926
992
1168
548
1689
3034
281
70
29815
8
499
83
1
425
104
38
193
300
2388
259
3686
2
34
14692
475
1562
564
101
712
1319
999
165
661
230
63
124
2115
1219
398
628
303
275
2455
701
1488
207
827
34
766
178
104
2
656
667
830
551
1491
157
364
5549
116
243
2392
2927
365
1080
648
887
664
1381
108
87
408
500
264
433
6220
566
1556
231
582
1532
157
6
2462
44
716
1125
39177
64
190
868
65
5204
4667
252
392
128
53
328
1422
1086
7
1875
136
1047
476
2018
493
282
176
365
812
1122
2353
438
16
7903
21
1050
534
1659
1050
42
331
399
479
679
432
1054
36
966
592
61
1457
12274
138
1402
909
2067
425
1660
129
463
3
5192
109
4117
21024
63
1889
6275
668
590
344
1007
12
3299
563
429
453
1606
617
776
3160
32
1049
40
22
9666
1672
3730
1292
101
515
577
1462
1887
2866
352
371
724
272
514
722
48
149
254
1066
1842
1047
1102
125
34456
275
3571
160
851
1323
9839
111
4
25
28233
506
70
200
213
40
972
1291
1
3
1
441
2091
2349
225
360
1369
4794
400
54
162
320
7566
218
466
992
4774
29
2
3845
2660
189
1880
256
234
164
115
551
3590
998
1064
85
37
18041
20
21848
2090
80
194
243
481
44
274
3631
224
811
1024
4430
1096
15959
162
102
1480
620
383
45
59
5085
431
58
1990
15
2410
524
4033
502
1325
352
469
1533
560
1474
3260
1765
275
824
236
4
8
938
178
46
1305
1856
477
608
1073
767
826
874
276
421
479
870
2368
733
1595
1898
641
802
53
1596
5605
3018
2432
899
850
3187
554
1813
739
416
127
3592
159
703
108
180
881
29
2208
459
7301
1118
163
2101
308
40
2687
167
1503
12020
712
86
35
179
323
14670
163
1150
1119
124
240
1576
2236
203
5123
6829
1494
2250
3155
3518
5331
564
271
388
115
2046
132
73
347
9422
4787
2726
34
8368
1131
10478
77816
1154
5854
3549
229
1470
209
683
116
5023
3896
841
138
75
679
336
13299
325
1175
903
669
869
357
1055
996
911
508
1589
1966
622
551
1829
22
1554
946
3
4353
393
3866
842
525
314
1168
1832
2104
1495
178
772
81
296
260
1808
6166
1744
15874
4954
1654
8235
9718
574
189
2080
628
2799
2367
86
539
4402
480
44
887
186
813
268
402
468
200
1257
64
119
520
679
914
10192
143
467
969
1071
1063
5933
22
9539
831
44
2256
94
4026
306
642
6477
685
49
2044
1138
1925
8535
2250
1054
572
55
3174
1024
9723
260
97
107
511
657
1244
301
8
3764
230
60
681
11402
377
1185
10
35
3746
200
1483
250
1303
35
952
2274
2085
14063
1382
1447
83
9923
8062
3046
7899
6753
389
2248
1102
7232
6202
2419
65
37121
4418
1770
402
1108
4472
76
3111
951
247
3076
3826
264
377
696
1057
297
133
21
216
439
391
587
68
8241
2036
177
275
496
7323
16882
7199
1446
943
734
1487
1508
267
455
1139
200
1313
4695
4441
1391
480
26
1018
447
1
1592
537
246
991
1543
1792
31355
38
3599
552
2606
2818
1033
1215
608
306
1117
239
775
433
2155
466
774
9
16
3450
680
154
408
127
779
90
1119
935
836
42858
1257
2340
8029
3918
112
181
29
2249
295
1010
1102
453
2094
170
28
469
1257
71
418
985
28228
342
1
19
963
131
404
4150
828
711
13006
248
1837
1572
5099
38
5195
16813
1367
9261
199
602
424
1
1919
312
316
2683
416
120
2090
194
3709
953
570
5337
2512
253
151
1782
728
2485
1571
2055
855
8729
8975
843
15237
10726
1889
538
46054
64135
48177
361
1911
1021
3003
20
701
5408
434
1756
231
281
1853
586
1001
856
523
591
2706
1084
700
104
17719
403
828
5780
331
210
1026
152
635
23
121
1512
100
899
95
3411
194
1433
1287
272
202
1303
302
89
1049
1719
1141
239
67
6
706
183
32
2168
1218
1113
495
31152
835
545
757
13
381
131
1697
3791
1255
1989
568
509
428
1932
34
1640
3324
634
343
727
24758
13289
778
2191
1023
136
1216
608
3876
3131
1063
17
3193
2298
539
535
267
1587
1041
572
276
1994
2524
583
60128
2908
11151
2627
36376
2616
5481
370
7668
27
12841
72
3
128
2620
664
832
27922
454
10743
1210
229
532
12
2
811
3278
2261
311
298
653
383
13
370
428
33
872
5518
2449
165
371
617
81
4467
29179
16142
61907
6869
474
28490
5
501
49
65510
2392
70532
159
4256
21312
1113
358
539
3364
1029
44649
810
573
2059
435
2519
524
278
43
489
348
589
983
2603
189
97
1126
1169
31
173
880
393
2764
3643
359
2
854
201
3024
3134
39
1
1423
2878
1903
1312
680
535
2097
613
31295
94
1306
7025
1969
4452
17
3600
461
359
1959
267
24078
694
19982
25577
11322
4918
678
576
1936
2306
9549
1472
84
319
735
616
322
1616
542
1679
791
16014
136
94
266
642
496
2266
23824
147
1158
419
1493
7277
902
453
40
12864
115
6843
871
1196
399
1237
161
574
3202
988
675
1346
74
949
73
633
52
800
808
1470
359
86
532
208
345
438
19061
299
218
317
1166
258
907
12529
882
2782
3847
162
3672
666
1710
1426
75
2364
2414
2195
257
214
648
2443
1986
481
129
333
293
1758
3687
45
310
463
2304
1501
5
443
1144
2523
1767
1200
672
1699
7263
359
865
1248
1387
1057
35
1387
873
5542
916
688
214
704
296
434
1264
3863
92
1403
120
1786
342
1758
460
2051
511
872
3178
543
153
93
1
410
2431
183
367
78
402
87
222
5149
409
79
652
555
588
62
78
1291
92
2572
1231
198
480
98
1546
1138
700
539
399
836
699
7037
1094
777
2084
5325
897
10719
499
144
454
2211
49
1911
6462
1122
1212
1736
48
2126
416
265
24
366
22
186
35
2329
590
5324
555
199
145
50
25
298
2029
150
5762
6863
111
130
3099
1021
779
408
85
536
160
774
1434
2697
1288
1343
1970
1530
1976
195
815
4456
3014
2
1400
2032
6
4562
2018
1220
7593
15031
3180
1252
193
1288
6352
9694
517
3567
1723
119212
20545
561
1650
1813
39
121
859
1178
1353
467
1086
267
1287
91
153
794
652
305
952
13141
716
18804
631
1438
111
164
1987
614
2
1196
47
3109
304
2672
2205
756
10788
637
397
341
346
2482
2286
13942
646
42
69
1651
2287
516
27592
5403
2995
4081
792
539
2201
73
3708
1017
2379
2697
3330
1845
432
1087
1565
745
57
439
1382
1733
26384
1084
1495
76
282
427
2855
1544
3240
1042
563
472
3235
300
6034
2943
810
246
2048
4646
1609
25
338
22171
1219
119
2927
808
1220
2644
147
80
230
525
1461
124
4217
4703
3047
458
4012
366
229
223
41
86
448
310
197
936
285
2161
342
81
5854
135
1783
886
235
570
973
999
10
206
1307
25
296
316
112
4794
3365
4960
4128
5351
41
1252
1779
1316
2308
440
764
243
1306
513
527
1245
188
1679
20
720
199
1728
6
405
541
350
3260
1140
284
44
2153
478
508
1169
14
524
468
908
406
1252
2544
212
521
1701
2494
2126
832
41
145
3705
314
423
552
424
3210
1889
6082
1362
1781
1540
323
2817
1194
147
150
5
342
667
726
831
361
2923
221
114
189
5702
500
6069
212
826
1123
1937
1951
132
4791
436
315
296
248
6801
637
3821
1403
84
9765
4519
468
444
332
1
114
404
1935
85
99
537
4
345
62
975
1297
4138
3
940
30271
57
113
629
362
4495
443
331
767
1187
1145
2284
28696
2267
27
1960
5
3452
735
16102
28310
1209
580
8217
4
2049
893
100
1
12759
3603
49
671
2127
983
1273
1346
2429
3284
11568
574
20
472
928
249
108
305
2993
453
1401
964
1
1011
1670
14729
41
386
4980
45
944
2976
816
1040
4120
7164
2193
2162
1589
233
1061
293
23
412
2334
1194
1597
259
1010
2397
37931
684
7825
6903
10983
2490
187
12229
182
424
4084
3010
1
3551
1066
32
2077
1560
3422
1945
8798
83
1804
458
743
359
864
5006
2155
3591
5609
421
68
608
422
4796
373
1651
1071
698
875
1327
221
953
9478
21
4279
300
97
976
134
1
845
204
479
561
157
3209
797
1202
89471
2223
51
2419
879
588
915
1144
1618
3123
42
4922
1230
907
12235
571
16365
33
4502
536
1963
13
508
456
21
11675
1357
2870
1632
1480
1076
441
1008
1506
431
3141
1030
1056
115
3729
3203
1921
1942
35
1753
1367
933
1703
921
1795
1941
5274
11
773
290
1435
29
627
2328
1284
1727
2267
4580
2081
6
3523
6345
2486
1050
463
1369
494
66
1
256
31
1069
5
5132
319
18
499
6144
4272
995
1491
279
664
865
2210
747
1118
284
453
26
659
6792
432
11
6861
159
9056
58
3700
2198
66
3406
449
1308
145
299
85
5505
489
11035
203
6967
46
313
1358
287
1586
543
423
6
19596
1174
2755
777
6190
116
559
1375
1061
184
130
1253
204
5629
221
101
1003
3692
278
1762
11775
118
2998
151
1132
653
4964
1220
4
94
538
37
1496
3423
19433
205
7386
1
4716
824
939
192
3348
208
303
774
3404
2
588
1343
1486
1279
133
506
1010
2643
2973
17619
4595
429
4571
143
9543
770
11666
38
127
265
43
640
498
516
75
68
5679
407
309
5377
172
2502
133
2016
1791
10421
1
141
492
2639
6272
37
824
48
1061
297
1470
3298
5255
70
1101
1047
9038
31
620
2065
620
1
7973
2250
7911
190
1048
4669
678
1568
100
2215
731
1248
35
419
1893
2387
88
1422
1754
1639
14
517
487
665
6123
73
407
1693
1221
756
6540
546
875
588
219
2513
155
684
28
425
1089
2257
2943
629
258
283
4
402
543
2384
106
3322
775
484
850
1399
517
321
11273
2789
33971
326
78
1932
228
5647
3347
207
528
56
642
1157
848
5
508
4287
2971
82
594
755
1267
1556
42
210
62
266
2119
95
170
19
618
155
3281
57
1448
1278
972
2827
773
8992
2298
28
1352
2118
2358
1337
599
2221
46
3337
1667
304
809
1096
44
430
798
2977
1374
630
1008
2395
1124
47
2730
465
575
318
3044
2718
3990
11383
3544
7105
421
508
1620
3587
484
4320
4491
519
363
21
417
212
2189
352
10
86
3284
193
1558
4345
1046
3758
495
522
623
1841
510
2607
74340
3224
58
4980
2423
1066
33
4471
585
15
1196
391
17757
11922
885
113225
1383
2493
15343
583
1830
167
1496
16026
1367
1069
7266
2075
26335
4351
624
23
123
1402
2461
1123
1415
849
3442
2831
660
491
42
35
643
23
1003
2459
2808
71
827
542
66
60
185
423
921
647
1603
3127
27
794
178
212
230
1548
979
270
1224
340
527
1105
2134
15
5761
193
53
2208
244
338
62
3480
61
745
1486
2962
1645
3595
202
283
2482
865
38
864
78
1361
1207
345
387
2642
9
290
3303
1205
955
114
1658
14
2409
2100
1929
1200
429
2677
92
359
2402
2570
7211
73
734
242
36
278
42
9433
987
114
108
1918
38
37
4303
4
399
90
229
341
971
227
178
913
269
822
1049
126
703
10407
2314
1332
2808
1714
2372
4814
723
625
6242
491
1106
1111
20
988
1519
446
263
1780
1405
512
2787
1205
1002
275
713
477
1443
487
341
6416
230
2188
176
200
100
3265
636
1895
1190
131
149
589
787
2101
387
9141
1218
2323
218
129
217
428
812
1307
874
3049
1444
4534
630
16
665
7021
186
1624
1153
2168
50
2810
869
668
1371
995
3569
2524
1021
18735
1803
406
535
3591
769
1464
4873
1897
1222
616
165
108
85
2045
375
5683
1660
41963
3862
5213
128
8515
1803
403
281
2575
660
660
321
42
1925
275
11
238
3591
586
244
1623
938
3706
862
454
556
76
936
1597
970
1030
139
3562
159
357
184
23
916
30
58
30
252
1635
856
18777
20
86
2824
25
555
331
977
29
1669
137
73
162
948
11360
468
600
1974
255
21422
618
2222
2109
13844
2046
46
12051
5373
1402
2323
6012
24
2973
537
4274
399
750
8368
1564
1261
8202
3
589
644
1153
1682
1149
21
1882
1699
125
30
878
8
748
8975
344
38
1630
327
830
622
2609
243
16
2427
3873
229
5322
301
6564
509
6
1149
727
54
68
249
44
1501
1344
315
691
21
264
155
1496
746
137
4183
415
12
7110
273
3
1016
89
453
640
1644
215
3528
71
1451
95
2034
26
128
