21
11
21
108
13
8
2
100
8744
9
87
1
62
24
294
65
87
136
573
30
2
50
5
6
6
3
40
9
60
1
4
221
10
199
102
19
3
4
7
186
70
5
7
12
11
63
3
18
39
60
150
226
2
6
590
2890
7
11
19
37
3
8
60
2
91
4
35
79
29
307
2
3
78
4
17
23
9
29
3
203
9
56
1
204
1
40
4
250
6
2
4
4
7
3
16
1
94
4
3
48
175
7
42
4
4
168
227
39
19
339
5
206
20
27
281
52
16
18
6
16
7
129
1
26
20
5
23
92
135
4
74
16
55
83
25
48
50
40
3
46
1
13
25
4
5
1
49
8
15
5
9
136
14
366
7
7
15
12
157
152
90
6
151
47
232
70
10
6
24
3
18
55
144
162
6
156
38
744
1
128
1
302
836
16
12
32
7
25
3
58
492
24
10
205
10
3
44
7
10
19
86
82
15
66
3
18
42
27
16
1
10
6
134
2
20
166
14
69
9
22
44
2
181
10
17
3
32
19
111
1
5
59
9
100
4
126
59
218
16
5
148
15
9
13
8
115
218
6
21
48
28
131
102
16
19
12
65
81
19
37
85
3
9
6
26
23
222
62
143
1052
169
5
13
452
106
37
144
6
8
44
2
24
54
27
281
2
3
17
11
28
42
180
17
17
24
6
64
5
28
154
305
191
17
260
42
148
3
26
4
152
10
28
544
14
11
160
205
52
20
11
10
2
241
47
3
76
120
9
3
124
244
1
10
657
50
6
6
24
6
10
6
12
109
22
4
120
27
11
22
14
24
1
11
15
24
30
140
31
49
3
177
723
5
36
8
41
18
47
43
21
145
124
18
9
36
2
11
11
112
86
13
175
22
5
12
18
498
8
96
33
65
3
39
17
39
44
217
11
33
4
13
255
18
72
8
1
52
1
86
12
4
87
39
72
11
3
14
47
10
10
9
35
15
1
585
3
3
9
143
34
11
22
11
26
12
1
73
69
21
132
69
11
70
14
24
119
28
11
240
315
5
6
45
102
15
19
36
1
5
172
279
5
51
