130
310
172
916
1144
155
159
175
31
313
140
3
20
240
14
157
466
1420
928
190
270
259
125
325
823
970
807
582
570
121
642
532
286
1750
166
1441
190
3249
27
124
889
949
393
3
746
137
117
48
179
80
82
672
211
109
344
418
45
9748
6707
168
2229
1013
128
3073
236
151
287
137
1759
2690
543
798
164
337
642
1795
301
251
2404
1154
234
986
123
113
68
5276
231
196
59
117
308
996
115
1392
582
126
188
323
162
115
119
115
828
116
126
411
356
49
3958
379
191
3
6132
215
404
264
126
8
1109
118
197
20
160
115
340
3
53
272
148
140
13
870
186
1
1027
63
113
48
115
269
263
914
302
136
126
115
478
635
1832
3572
129
312
122
131
136
141
466
736
234
449
150
125
460
620
123
408
1782
13
1050
106
166
373
1074
255
257
2087
75
199
1915
389
115
311
793
321
112
209
352
235
12
107
323
302
618
119
2233
122
1238
5555
690
482
199
122
117
399
566
130
749
1310
475
311
87
3565
473
115
116
115
161
71
135
133
1037
103
112
148
