986
426
33
16
352
187
344
1617
723
3
9
640
510
12
60
81
1
32
838
1076
18
37
1146
572
388
210
200
967
98
192
61
56
183
1054
485
37
526
54
1
371
3
402
109
104
481
968
108
13
43
140
175
313
19
23
25
33
53
25
208
260
17
24
569
645
163
606
145
3071
164
284
32
143
31
544
26
384
15
409
811
32
188
163
447
397
85
699
27
512
17
649
258
46
3
289
148
616
218
46
257
1127
643
110
35
90
273
118
39
8
37
68
288
459
2
548
525
946
52
56
724
4
51
754
46
91
993
653
215
81
1147
473
121
784
29
495
783
1254
317
556
34
14
406
30
1
244
170
497
53
280
638
156
32
611
2383
548
633
22
88
238
102
736
704
713
48
254
516
22
39
2305
39
60
212
582
162
524
24
710
44
26
151
51
131
662
86
170
203
361
210
49
82
32
42
692
748
1064
26
324
3
671
650
307
342
33
598
18
1035
537
431
402
43
628
59
32
623
43
43
545
18
458
123
1017
238
96
47
29
53
231
89
53
1266
18
106
179
6
41
138
534
1
50109
76
760
49
1278
107
1
682
21
11
272
167
487
443
192
324
388
78
35
45
37
556
58
1588
84
299
1110
193
375
93
26
321
849
582
1
61
1118
8
3
176
243
209
20
371
513
60
129
474
2
625
34
620
634
128
713
10
160
550
1246
228
487
755
45
236
354
989
33
813
1276
33
34
776
32
768
1
98
245
2
40
76
671
35
1
20
79
59
459
478
61
371
829
252
48
960
47
223
68
82
415
236
657
1804
34
130
491
33
540
541
2012
60
396
383
221
40
348
539
28
394
856
3
66
16
848
26
156
151
430
316
38
8
28
6
155
224
120
634
1344
340
48
68
624
475
143
34
27
378
101
629
155
11
9
28
1
392
216
119
429
731
141
20
141
164
19
25
39
741
595
527
148
79
739
275
68
36
21
848
139
1352
266
3681
32
2177
218
425
631
441
33
2003
36
71
199
574
6
199
32
94
589
562
573
263
636
1040
11
223
109
322
918
639
1
668
498
311
746
136
73
404
3
46
36
822
24
278
33
10
329
66
2
176
437
61
11
629
933
590
1202
686
18
1
46
14
123
111
451
162
546
496
280
2
20
1
110
1
40
22
427
26
27
914
407
491
408
621
907
83
485
373
83
102
114
45
1000
17
1009
124
197
29
731
304
137
93
6
1283
699
201
260
113
102
178
22
184
79
43
31
968
1477
438
180
154
99
1
28
551
25
952
535
151
519
35
995
141
98
6
642
1303
168
120
181
1
476
161
73
128
565
81
3
755
512
10
818
5
31
39
47
128
43
72
334
3
4
41
114
33
488
264
290
973
793
403
265
171
626
41
579
186
1770
214
61
151
162
122
427
248
81
12
40
36
740
40
46
208
346
231
113
194
1007
147
14
99
1
24
424
58
25
91
73
35
468
614
9
38
3
535
1707
677
13
11
550
12
636
46
129
3
96
310
5
21
134
82
1250
637
203
114
485
798
165
53
111
92
151
22
117
613
66
118
71
70
3
669
16
461
1
53
17
4
851
1
274
265
84
173
38
41
10
387
58
215
320
361
75
3436
15
80
78
58
218
750
695
46
1590
747
809
11
33
68
100
501
33
366
138
35
162
1329
98
114
133
85
824
30
898
330
147
361
150
137
55
33
9
21
82
393
24
349
26
329
28
27
78
37
36
334
500
213
297
1196
30
701
318
1
6
68
123
30
951
558
224
1
243
101
88
677
261
389
56
5
668
124
35
432
859
2
36
97
168
45
25
94
316
4
9
7
712
183
18
98
251
186
705
141
447
40
22
91
153
74
708
10
235
186
126
1
88
46
54
1144
540
247
114
49
31
163
32
120
62
40
76
353
279
67
206
236
71
125
354
551
207
46
250
14
7
15
401
12
12
95
6
283
57
452
310
1648
37
741
663
319
209
36
149
24
178
35
29
134
107
42
174
20
503
389
47
43
301
40
68
62
1
143
130
35
10
376
55
56
5
9
234
19
1037
156
106
18
921
681
46
1
55
133
27
109
15
46
523
493
50
524
98
21
524
135
58
21
145
27
28
81
571
1344
14
4
31
345
20
29
37
105
24
370
1
606
12
12
20
287
522
1
64
1385
1000
103
51
27
889
365
96
107
266
4
1157
86
338
216
130
235
253
60
9
645
60
316
6
1543
392
47
109
762
69
28
770
31
19
5
654
31
1260
33
277
475
351
32
17
790
117
123
27
742
286
114
252
456
212
448
992
414
3
516
349
14
483
35
86
175
8
801
34
295
692
63
44
155
72
457
65
169
99
57
545
470
76
68
49
27
58
581
400
112
18
31
38
93
125
1059
801
13
33
21
38
81
240
259
42
17
115
620
251
2
146
298
192
91
21
714
300
3
38
99
493
342
441
15
4101
48
177
436
266
47
1487
13
500
291
31
280
5
157
161
119
1337
370
1440
17
755
521
55
47
331
1307
681
456
444
115
363
24
47
32
220
118
591
31
79
27
40
54
14
68
551
2
14
59
147
762
26
244
31
518
3092
44
32
91
512
49
27
266
317
7
28
89
442
5
331
64
870
42
572
185
73
163
204
188
14
27
27
408
142
481
53
35
100
21
50
39
1
448
346
43
8
1325
446
60
549
70
265
306
24
4
20
96
325
27
1611
268
20
138
19
408
435
255
123
507
82
64
34
450
21
511
34
383
527
98
13
422
379
118
28
93
376
165
488
67
334
58
123
13
65
81
28
126
30
44
37
52
352
15
341
62
95
43
11
120
1
459
392
207
710
260
72
129
53
192
13
760
14
107
28
14
17
645
37
755
222
5
608
184
33
13
73
394
10
65
318
9
5
667
276
285
596
664
6
1077
413
18
36
63
35
40
49
127
152
771
83
28
30
824
34
32
114
11
1
537
26
38
34
124
355
416
27
98
211
62
19
562
141
6
19
81
647
29
44
1154
515
2
99
899
700
30
655
19
15
686
13
90
112
636
17
555
28
707
70
25
399
68
35
202
53
525
353
70
2
96
1
550
438
24
210
10
70
447
1
44
610
9
369
84
15
644
545
562
389
284
114
448
37
250
746
11
89
151
9
115
111
1044
90
288
221
486
333
2323
82
70
409
570
455
94
79
256
92
14
590
10
324
800
676
28
106
190
9
2378
85
47
888
577
2830
30
72
24
20
645
32
13
31
90
55
222
385
305
31
191
62
7
34
139
1878
515
23
260
436
45
47
595
203
214
657
214
21
8
39
67
654
381
11
1591
182
52
455
27
123
2388
1072
993
51
682
753
375
361
46
217
47
498
65
1546
880
336
50
122
185
23
397
541
13
520
606
2
27
93
554
1720
65
1076
2
18
73
4
497
169
78
492
4
138
44
425
1718
429
90
366
280
5
233
32
57
2
815
347
51
1
568
210
1231
422
15
124
75
1
101
356
24
367
140
24
398
155
79
54
399
67
19
243
55
93
32
19
88
129
264
31
34
369
191
485
261
445
110
32
23
39
75
542
12
16
53
710
7139
32
656
31
392
206
149
137
16
44
673
21
332
19
94
58
231
940
31
93
442
837
77
264
145
278
3
200
840
961
561
972
7
820
515
227
550
233
55
154
756
512
7
40
521
170
85
795
470
41
4
834
76
230
36
7
83
660
169
507
419
664
187
135
1
184
290
482
75
130
369
19
462
830
188
2865
560
86
256
29
1019
729
320
3
37
65
11
1
433
15
1995
152
469
580
9
77
49
522
186
483
30
667
111
54
599
299
683
1129
105
714
8
33
201
363
148
1359
442
12
79
671
1107
64
392
710
473
104
42
81
119
135
3
6
352
428
26
16
398
988
428
117
699
463
20
74
36
138
219
688
448
212
50
1446
437
15
67
175
1
100
60
4
115
461
723
499
127
831
325
9
40
198
3932
868
92
444
358
237
30
44
15
456
339
51
31
20
512
2670
92
2
7
159
60
29
36
2
270
66
525
963
595
112
88
446
524
18
65
111
98
44
98
34
96
41
379
487
47
82
81
152
1299
233
404
128
48
289
174
92
116
108
20
42
941
120
129
618
351
735
43
32
10
917
32
26
189
13
352
870
239
39
148
29
103
411
381
36
57
23
55
607
45
538
49
464
72
31
369
654
35
99
4
17
41
170
40
152
72
18
26
128
55
74
329
439
38
89
13
293
42
28
128
350
450
128
265
65
711
101
286
27
112
562
81
37
39
637
94
549
241
7
169
189
114
500
33
67
16
1415
486
210
812
9
43
54
3592
675
137
541
487
24
36
292
65
850
63
38
2966
24
288
30
49
7
152
821
9
448
319
334
472
706
43
619
626
655
11
20
714
122
33
88
526
441
109
726
446
584
107
627
41
41
66
6
237
308
23
103
1087
132
579
661
9
1432
130
54
491
28
44
14
42
406
30
50
1217
1
920
708
40
665
21
20
219
723
36
132
1
25
22
144
32
8
1129
340
63
58
8
79
102
165
9
24
145
345
280
82
17
36
204
226
420
330
450
209
60
362
43
33
38
107
588
442
49
33
66
12
430
63
134
607
37
19
74
166
70
221
1
15
44
145
367
1930
647
424
619
55
1793
75
274
3367
24
23
207
531
25
48
40
41
57
30
793
40
380
128
10
73
583
38
136
532
13
63
338
843
2619
709
25
134
104
50
2280
12
24
23
26
1579
799
57
425
329
137
28
51
21
364
485
26
44
54
739
112
999
32
67
10
55
15
123
545
540
27
49
31
919
3
508
1138
157
156
89
21
639
97
145
32
570
367
333
27
67
290
488
31
104
1029
618
129
1125
1172
524
67
72
503
3
945
349
332
1019
26
875
14
220
517
64
1252
86
2520
112
233
40
658
277
388
9
42
87
239
195
209
87
23
709
282
239
21
8
317
9
139
769
50
51
339
745
65
53
291
105
124
1
336
44
431
1178
58
48
40
12
6
576
454
752
181
121
42
53
150
531
267
21
340
34
57
68
325
106
1174
93
534
366
218
348
932
505
468
147
149
49
242
34
44
854
25
880
122
467
52
21
476
103
1
64
78
357
37
7
7
933
366
12
7
338
70
1884
410
90
447
96
68
24
151
552
13
427
410
208
542
10
700
430
248
1258
1
678
1
122
29
50
113
445
48
654
111
208
105
294
10
1
53
76
429
361
123
5
776
277
689
813
334
116
8
19
24
1625
30
82
884
13
18
1487
205
41
32
347
102
191
159
43
62
37
26
207
68
152
197
17
73
88
8
106
53
131
87
325
85
96
69
254
56
21
107
29
451
171
58
32
275
540
31
609
772
163
1015
9
324
610
99
317
60
94
1
50
440
9
81
18
71
181
26
783
11
563
436
471
15
20
22
1087
12
18
62
36
138
768
71
420
682
242
193
66
1
96
1262
169
32
7
88
272
6
244
36
534
130
616
173
389
658
396
1232
445
29
22
419
71
1680
586
44
2
36
286
922
807
852
1338
2806
658
1
206
1
415
28
3
49
26
425
121
1
534
215
16
9
33
3
146
510
21
99
644
21
307
41
2
134
48
