67
45
91
131
104
61
104
27
351
539
90
15
44
183
354
422
6
101
75
276
424
164
189
33
223
676
16
9
48
112
13
757
9
17
438
1
56
44
24
48
48
33
146
142
564
69
52
17
11
24
547
101
537
386
41
1
198
250
148
490
6
118
16
104
108
61
244
806
151
97
60
384
336
9
65
206
18
785
28
236
81
271
18
311
15
35
139
226
6
219
34
129
43
559
158
180
170
35
9
28
1
113
210
11
6
49
28
268
767
553
45
226
43
82
31
18
310
77
692
21
444
208
55
12
215
46
8
257
17
391
395
81
83
213
19
74
34
81
66
35
94
295
53
54
78
135
515
49
59
11
97
24
315
91
56
179
939
44
2828
1
19
53
182
109
20
203
138
114
90
336
245
48
218
163
112
56
302
473
31
339
202
57
628
194
181
277
869
152
51
223
208
423
130
133
87
128
21
263
74
42
49
93
83
50
153
20
4
88
277
1566
122
357
112
38
64
60
12
1452
59
250
75
76
325
277
1
1049
458
755
45
32
138
176
8
82
381
165
23
46
1207
236
76
672
3878
756
211
82
53
92
1
56
169
341
159
255
1
88
255
60
18
222
16
405
15
215
681
108
663
111
232
24
36
80
52
59
59
43
149
23
51
143
39
13
