14
6
15
21
7
6
9
1
15
49
97
32
17
1250
256
215
1
5
19
1
115
7
103
8
99
196
72
7
18
30
20
48
113
1
1
125
65
821
55
10
113
18
56
7
3
3
1
218
6
19
198
3
5
18
32
18
3
16
378
11
872
5
154
72
7
17
31
27
55
23
156
38
5
1
8
139
7
19
20
16
599
46
8
2953
159
169
10
964
6
562
1135
10
236
3
11
4
34
240
83
2
157
9
600
26
253
27
377
39
25
49
295
112
190
18
32
2
38
20
3
956
1
921
96
216
284
4
49
2
953
383
234
5
11
23
77
89
19
19
759
3
45
9
1
1
6
1
62
5
17
1550
861
48
1169
2
13
14
14
11
3
17
13
321
42
10
299
12
14
61
15
29
1
26
840
67
1
8
734
43
16
328
42
236
19
16
56
690
170
75
1
8
13
21
13
141
527
1
54
49
550
1
68
2
19
1
2
1
24
102
4
15
16
80
34
8
26
30
14
28
84
24
324
6
23
5
9
326
9
14
271
4
2
222
37
84
19
6
7
298
1
66
5
61
75
309
1
1
3
1
1
15
44
43
10
2
1
230
6
5
8
631
168
5
27
389
6
16
888
14
13
101
250
77
2548
13
69
45
67
67
9
11
83
41
12
80
2
1
383
370
46
275
125
151
8
28
382
175
70
114
186
104
25
262
5
8
66
1
243
7
17
1
1
3
216
25
1114
16
1
1
15
2
1
101
30
10
25
119
3
4
138
9
41
6
1
48
2
125
141
12
7
162
478
3
49
43
104
273
83
40
124
262
5
1
4
585
23
13
4
16
9
144
64
1
98
154
13
23
9
39
171
4
1313
258
118
75
37
7
11
26
70
151
46
2
144
89
1
178
98
1
33
31
12
1
39
6
247
1
103
20
42
287
7
192
15
185
53
39
46
2
93
36
9
98
1
118
2
34
158
3
246
14
323
51
41
34
92
1
3
76
81
17
14
1
7
5
243
1
543
133
151
155
2
284
223
1
4
78
537
102
123
65
1349
190
19
174
1
17
14
21
631
108
669
37
61
17
21
7
6
307
12
1098
161
27
33
29
9
33
9
23
11
12
1
30
11
25
21
887
399
32
2
60
832
23
23
19
25
11
80
183
44
1
46
8
1
3
61
158
10
1908
7
19
1034
12
48
36
3
21
