811
10
254
304
281
2
125
797
704
11
11
8
495
16
361
280
278
97
305
8
51
33
377
18
294
1498
17
325
84
58
2
342
132
10
16
407
1
343
28
286
95
242
421
852
1
264
29
1173
483
1
4
239
387
275
254
431
402
738
343
1
86
1682
827
4
14
1
235
188
351
541
258
846
90
4
409
150
297
6
3
139
30
294
110
34
1
12
832
163
7
317
32
1
134
195
257
14
285
1
1
450
68
1126
3
400
251
289
11
197
214
30
420
779
1
483
423
322
62
208
1
307
290
5
1
36
288
172
42
358
2
149
1
1
1
552
95
1
11
3
137
570
507
1829
434
24
1
727
379
31
77
264
2
1
17
23
34
418
366
434
75
1
474
831
1
387
97
1
4
38
1
14
262
338
349
272
4
295
541
56
453
254
5
356
739
356
1
59
16
91
1
93
173
4
217
3
1
340
1
193
183
1
6
5
5
246
34
1
23
93
75
1384
289
135
1
393
1
4
544
2
5
271
13
400
497
53
54
215
5
138
316
16
23
6
389
204
5
311
298
147
196
618
676
102
537
1
4
131
18
296
249
329
5
21
41
149
30
81
173
11
2
15
14
24
25
4
1
23
279
3
27
1
60
67
66
13
34
263
319
35
320
28
4
292
74
590
237
291
1
1
1
457
71
683
34
465
8
1
23
505
1
3
3
5
1223
360
480
31
467
449
346
309
12
834
216
395
1
323
436
360
3
1
290
314
153
261
15
1
427
40
777
654
1
225
1
34
9
265
46
305
164
74
1
2
221
2
1
1050
3
1
440
1
396
118
265
36
415
1
33
165
337
176
279
174
250
263
330
10
2
27
1
272
1
321
384
263
383
1
74
6
30
242
352
418
15
214
854
28
555
1
1
372
18
5
65
1357
353
354
1
219
5
12
3
625
437
1
69
1
2
15
416
8
353
574
568
293
483
54
135
21
248
14
48
120
286
276
347
381
1
292
333
2
166
243
1
188
387
2
457
189
186
2
450
150
181
133
13
504
289
334
416
4
73
475
757
2
426
382
909
66
1
1
1
31
449
31
9
279
49
13
381
224
296
561
1
393
1
182
604
4
114
536
44
114
5
2062
377
31
35
294
104
3
6
363
726
2
4
7
369
47
35
313
242
1
83
99
153
349
1
373
468
284
85
127
472
30
336
377
443
378
235
571
277
249
722
51
736
13
1
1
10
1
63
1
194
1
1
11
251
262
60
419
1
499
512
490
469
355
186
15
2
291
1
37
266
319
279
5
12
167
7
1
74
1
41
903
67
118
32
268
316
3
565
36
3
1
1
279
211
252
343
161
1409
1
304
561
1
236
1
463
396
