2390
284
309
103
146
114
21
95
99
460
211
251
8872
13
353
292
7
192
273
34
126
203
123
809
10
82
21
97
124
94
444
955
196
105
117
187
121
517
110
3
7
256
102
7
24
44
332
7
8
115
444
301
3
363
6
40
116
654
75
21
121
16
44
2
713
98
28
74
108
132
120
751
178
105
5
96
96
8
9
18
255
7
157
17
272
71
2
20
37
53
43
353
502
9
145
154
103
96
2
1
20
23
116
179
98
160
42
1
125
162
26
93
21
96
3
547
175
94
96
100
4
181
183
21
297
1197
508
4
8
624
118
4
67
71
195
95
123
141
565
103
48
6
163
15
7
96
238
7
44
280
930
35
32
1
91
437
407
166
78
94
95
280
116
263
1
5
100
286
113
34
236
185
7
278
274
95
2
312
89
2
290
4
276
100
6
143
780
105
6
52
634
120
128
1
3
236
5
100
95
986
43
5
2
7
910
5
115
11
535
155
265
157
134
222
424
564
101
103
154
275
264
279
121
97
512
196
155
187
370
471
112
138
155
2
128
557
228
116
193
41
188
166
288
18
104
4
23
22
23
4
93
43
12
190
6
102
5
128
103
172
7
173
44
5
75
35
8
4
11
93
126
97
1
132
136
74
113
318
111
6
222
208
110
173
152
102
217
101
115
9
3
777
3
5
439
155
110
104
4
6
172
220
205
107
112
102
564
101
103
195
107
74
138
131
3
373
243
42
3
35
10
2
93
60
148
104
100
153
19
6
169
10
178
1
111
5
107
66
219
1
51
240
22
10
4
13
97
109
7
11
102
5
44
119
212
167
126
194
845
129
29
123
101
100
416
94
135
1
458
72
4
1779
154
237
1142
245
2
103
124
129
105
57
583
6
5
119
2
297
27
54
95
9
239
154
250
1
8
127
11
5
275
388
31
12
4
219
55
9
116
155
2
5
175
95
210
2041
119
29
136
2102
95
1574
127
1215
279
27
384
107
290
201
12
95
9
941
15
11
97
250
484
279
148
223
10
60
156
106
112
344
24
120
100
2
5
1
34
776
100
279
13
13
20
14
546
115
140
1
40
688
56
193
212
87
105
635
282
405
222
7
104
95
312
8
457
57
95
111
263
9
324
490
415
12
46
188
2
6
122
106
135
97
167
96
95
102
536
114
276
140
155
4
120
8
25
18
7
8
124
4
125
108
96
433
196
521
5
41
104
94
8
18
206
4
125
468
917
106
309
96
97
5
30
291
130
176
153
636
610
306
213
430
119
678
126
95
92
103
125
125
466
94
191
136
132
468
173
143
151
67
20
95
154
96
962
36
5
173
130
6
89
7
14
26
96
5
106
365
138
114
98
367
99
293
97
70
143
105
258
106
112
101
2
48
7
109
212
836
2
79
618
1570
3
241
513
154
6
357
584
199
192
2
5
29
2
100
93
111
92
142
113
138
106
100
107
199
62
164
104
3
110
57
241
288
199
102
95
245
4
95
96
131
18
6
171
316
122
110
112
91
396
273
106
499
