258
612
82
338
48
741
69
143
22
2185
1211
213
1187
1356
927
693
1565
180
120
95
1342
73
52
536
9
116
784
37
120
668
89
20
5445
1321
628
102
119
84
67
569
208
828
89
15
6
307
122
312
658
171
27
112
152
188
18
1642
76
729
595
48
1109
10
989
47
3331
7487
77
1649
15
15
376
2761
34
44
1171
127
166
1212
200
66
331
166
56
3139
87
56
169
1287
5
1410
920
1400
13
353
12
34
287
687
82
106
290
245
2226
156
12
81
37
10
145
9
307
54
264
53
22
92
1615
30
1626
178
931
2224
89
60
1615
250
288
53
163
20
37
116
35
28
71
66
54
897
471
397
133
88
1189
586
266
70
331
66
126
14
1
188
261
153
265
41
30
422
40
54
54
2222
12
202
195
87
113
7
720
94
643
89
493
14
46
54
10531
311
381
906
13
8
232
395
171
48
58
449
537
78
355
482
136
198
24
1907
696
8
166
177
334
160
297
110
40
250
3038
380
70
792
65
68
1296
110
264
391
32
33
91
74
121
170
194
115
3421
113
165
1835
1245
36
27
411
82
70
67
55
219
515
6
45
794
23
84
263
185
22
514
471
589
50
87
321
4168
286
43
128
1232
195
2889
118
84
38
5
830
28
233
820
67
30
1779
28806
1257
139
207
599
42
73
10
1217
30
8541
162
39
53
774
18
3
656
2247
5329
116
1192
1289
400
19
261
72
13
1187
1190
85
392
73
7
1352
21
1048
562
310
600
18
755
123
1925
2
83
146
225
1302
47
122
733
21
2136
109
53
81
365
748
373
30
8
107
1081
837
518
51
18
34
5
1241
19
350
23
163
58
29
380
191
889
271
318
1566
64
402
129
108
31
268
13
268
436
1913
19
84
68
3
71
29
825
3
24
228
53
1156
71
75
1110
2635
101
92
1530
1389
75
57
241
96
151
2081
31
1064
112
120
2544
513
463
2002
71
5
9
1
77
597
269
377
35
836
94
2025
183
517
240
121
486
22
34
406
125
41
263
1
50
204
321
103
63
134
119
85
200
2191
95
108
336
820
27
147
162
297
64
41
93
139
847
35
50
833
554
611
217
421
321
136
1114
851
822
395
120
31
582
355
801
431
8
238
178
8
50
125
91
1756
119
57
20
254
2029
166
175
69
530
562
192
20
19
362
90
13
262
146
1135
719
1061
4
63
301
2096
20
110
7197
238
667
403
209
7
