5
16
2
11
18
40
136
9
5
4
3
7
130
1
5
5
10
7
21
25
8
36
30
7
212
9
1
30
70
7
1
225
73
11
51
3
1
4
6
416
141
62
5
33
14
12
13
1
2
3
41
7
183
16
1
10
1
1
1
102
26
6
49
21
6
2
3
18
12
109
69
41
9
111
1
278
63
37
6
13
4
139
96
18
1
129
1
11
44
337
148
198
4
1
4
99
122
234
13
567
660
3
7
11
197
17
159
353
9
4
501
346
1
3
12
10
3159
40
505
30
9
1
13
5
224
44
26
1
14
137
14
14
14
2
7
723
57
7
3
11
75
3
283
1
6
3
1
8
9
25
2
3
29
896
3
8
90
7
1
53
63
92
27
1
14
7
15
22
88
94
7
2
17
204
9
531
137
3
22
226
1
101
2
1
454
2
310
223
17
120
8
4
15
1
8
24
343
217
384
10
10
40
7
4
287
22
36
15
22
92
48
1
10
735
3
253
569
168
704
2
5
3
104
12
24
72
2
10
31
1
157
89
44
10
196
41
92
1
1
29
23
1
35
7
19
44
748
6
9
4
43
8
61
45
2
5
3
4
1
7
1
2
19
1
15
16
1
246
5
18
3
45
61
4
9
6
755
6
24
3
25
7
14
36
4
27
2
12
64
35
8
133
3
4
160
13
15
807
1706
7
1
4
70
5
9
4
10
1
7
6
1
80
106
14
1
1
35
1
45
101
23
1
25
283
30
40
1
105
1
1
4
4
13
2
72
5
