41
99
48
91
32
107
21
86
89
154
235
30
53
30
251
184
10
46
30
94
69
175
56
173
6
715
81
670
73
204
323
66
3
20
241
1
15
100
16
6
24
38
87
164
10
29
3
9
79
10
87
104
18
23
237
989
24
24
52
20
26
304
111
291
214
55
24
182
36
1712
25
21
45
13
2356
56
32
154
13
10
20
70
89
427
58
134
1006
64
490
1657
88
550
38
144
150
1760
42
106
250
92
67
34
70
699
123
93
28
100
342
16
218
5
1489
712
147
201
130
249
21
69
15
54
174
14
99
36
74
2681
8
27
156
16
155
27
325
208
1310
80
312
299
328
82
512
17
34
146
344
20
344
1192
37
23
230
18
306
745
292
37
4
37
54
286
118
277
82
125
71
754
216
316
125
162
18
349
155
21
28
167
20
519
368
91
11
85
562
68
123
1063
327
397
136
306
382
250
6
246
15
164
14
556
108
74
56
561
36
47
190
167
13
62
53
4
102
122
76
283
21
26
243
79
405
50
67
25
471
136
300
203
250
595
12
249
25
408
71
15
174
27
152
10
231
544
60
9
200
19
125
4
81
153
141
162
2
133
48
418
174
1
234
8
10
20
104
225
342
292
114
72
160
21
39
120
254
96
219
1278
19
82
199
219
83
128
75
77
216
179
268
93
215
85
375
122
140
305
139
97
70
31
45
119
82
4
1964
98
74
711
45
306
14
6
70
7
25
28
7
86
50
2
6
6
616
423
170
28
681
190
114
87
822
86
419
6
272
50
256
41
611
28
200
155
493
42
136
873
121
12
230
74
41
240
245
51
1023
497
18
46
241
3
54
1358
79
64
60
128
1
104
522
26
605
102
1
539
43
93
357
635
219
117
200
1362
6
71
122
38
116
166
240
120
262
16
208
338
366
39
239
300
237
258
72
200
110
96
4
173
323
67
386
136
119
24
5
94
156
324
326
481
2701
63
22
475
10
34
76
31
1946
696
34
186
743
225
20
14
13
608
10
38
14
84
864
8
28
450
39
391
189
20
313
293
15
91
10
11
14
16
10
22
38
719
75
227
52
13
40
196
92
465
67
113
570
55
4024
47
496
151
71
130
13
379
105
173
100
92
216
305
1339
1020
711
4
183
75
68
17
316
102
18
20
72
265
46
201
82
618
7
843
1727
125
304
633
319
377
117
57
89
1201
25
217
137
87
26
31
90
188
47
49
105
25
166
28
205
85
42
93
18
110
250
328
185
44
493
620
10
292
65
39
124
103
16
451
33
11
34
10
84
10
970
18
6
755
9
90
11
38
75
78
128
46
150
1452
2540
6
203
69
220
336
3823
1168
26
31
14
29
56
8
139
9
30
38
29
76
52
702
108
18
27
4
31
10
117
11
26
286
65
39
16
38
167
194
2
205
185
52
305
51
18
6
25
80
80
239
701
81
12
15
14
21
213
234
6
6
49
115
123
34
22
1173
1816
117
252
70
8
61
18
63
20
23
77
38
693
108
198
47
86
72
20
57
1335
557
195
16
1780
731
91
168
151
86
165
78
75
78
854
392
73
164
816
103
99
14
127
3
794
188
32
46
192
83
18
98
122
61
23
32
146
27
3511
43
99
134
419
50
833
131
86
24
21
96
123
7
70
254
116
105
199
134
48
29
309
4
173
282
384
362
119
84
91
91
74
220
455
6
86
43
41
17
44
59
71
130
76
137
239
81
55
205
356
172
19
47
60
1305
22
320
16
310
18
210
3804
228
15
14
12
363
114
131
197
288
8
192
103
29
78
43
94
78
74
68
184
240
72
332
16
128
79
44
7
257
12
14
83
75
242
252
95
71
84
14
731
161
195
74
190
12
164
97
210
531
366
79
165
223
404
313
97
291
22
77
75
97
