548
76
4
327
53
3235
3
13
106
15
356
16
522
11
25
162
51
209
217
4
8
275
26
569
32
1
119
329
32
1
5
188
6
46
491
81
301
40
2
200
148
7
168
174
540
885
217
3
130
153
50
295
237
2
1025
27
43
840
1057
1
159
175
79
97
388
2307
189
68
365
8
10
199
2
95
8
522
167
1154
44
13
164
2
153
286
2
70
498
19
103
473
166
19
3
7
61
5
289
78
365
379
79
99
50
1002
213
50
45
806
360
3
200
1370
1
55
1
18
1
283
278
20
10
14
6
90
14
217
390
774
359
120
20
50
79
52
36
139
192
65
362
1
13
291
766
211
82
66
30
41
1
213
3
236
321
100
34
116
1867
19
397
217
199
131
10
7
5
11
87
49
24
34
25
739
820
40
718
4
34
34
2
254
1
