118
1
4
49
4
8744
7
2005
18
54
201
956
175
8
6
12
77
38
160
9
63
3
22
7
17
1012
183
43
880
65
1575
186
124
55
35
6
433
6
4
202
21
17
125
295
10
2538
5
1138
50
12
79
205
85
7
693
1
5
37
44
117
3
56
21
54
80
24
17
31
27
575
57
1458
5
76
38
97
539
944
2
2394
32
334
42
554
157
1
2
6
4
26
53
9
51
36988
1491
547
2700
1662
12
1639
100
49
17
11
26
84
135
20
1431
12635
63
38
7
38
270
95
1471
186
798
30
7
3
40
4
128
834
145
116
10
50
481
723
8
49
239
693
9
691
41
61
27
16
43
17
89
5
24
233
3
88
394
3
260
8
35
34
8
101
92
951
26
1679
14
1
47
7
7
33
4
28
35
936
425
9
11
61
2
116
8
853
25
290
13
3
11
3
3
23
517
32
2723
19
40
1
63
19
662
100
54
7
30
124
120
3
18
47
8
158
116
13
4
12
16
20
5
22
117
78
26
95
2004
492
45
30
8
6
11
160
53
521
27
7
34
618
6
18
45
8
19
13
216
406
64
2182
1616
2
30
69
12
852
1
1339
1581
1
2838
5
3236
14
14
26
207
15
42
6
7
107
538
33
10
3
1
11
2
28
44
580
90
99
18
9
39
146
11
309
1
102
725
1
1
4
470
4
19
22
476
23
8
513
78
27
60
