1
1
12
52
196
30
21
37
124
31
22
547
253
87
42
81
67
203
901
28
17
18
13
41
13
1852
5
362
14
472
132
1442
67
36
5
127
65
48
87
55
52
95
847
3
182
10
6
68
5
30
1
1
99
12
51
228
18
23
2
4
309
60
4
669
70
76
17
14
13
20
101
43
104
23
1
144
290
35
413
229
7
1367
6
355
60
92
39
107
28
626
23
9
104
166
6
20
11
1
21
554
4
68
16
55
485
28
344
24
7
89
1
194
11
46
3
53
14
17
19
4
200
47
50
15
185
16
451
50
75
19
9
177
18
186
60
2
20
27
61
27
25
110
70
36
192
4
42
216
26
552
175
4
31
3008
1
232
14
109
39
429
26
122
43
71
47
19
150
11
469
3
81
439
25
67
25
9
149
38
18
20
2
9
1
7
356
52
7
83
59
133
7
409
1
25
1
111
77
16
41
131
77
7
1
52
8
31
56
4
115
124
43
154
41
623
116
159
219
86
205
258
23
163
18
35
831
65
216
59
77
71
7
29
52
59
29
1
146
27
517
57
57
241
1803
60
1
34
1
1
