633
564
47
4190
210
95
250
1264
14
72
386
2200
214
1
157
979
19
49
340
5
74
275
312
2
3615
146
29
338
246
64
1
505
160
18
729
365
19
162
5
848
775
295
1809
2269
307
9075
43
388
190
1708
215
414
425
1984
92
753
731
1117
38
625
530
12
120
338
1456
187
212
88
687
39
77
151
105
546
236
193
159
285
220
597
80
1096
483
1245
592
106
114
161
1481
50
348
2008
451
1183
1290
13
1901
376
3477
50
346
1337
385
555
744
15
69
457
77
58
8
41
841
109
10
673
1042
276
2804
1355
26
45
184
76
50
70
6
544
692
217
142
18
239
117
198
22
279
239
95
51
6
157
10
355
340
12
7
256
1042
2501
145
183
42
52
243
65
92
302
32
265
29
369
410
28
95
25
15
669
1
277
1082
62
49
232
158
119
76
404
173
118
581
667
5
485
1029
79
2577
216
4
237
235
106
102
225
280
267
4111
218
760
38
17
944
75
9
97
66
551
312
172
9
337
116
488
55
22
42
547
415
14
487
340
143
1619
655
157
4584
117
106
24
521
98
1802
668
445
342
215
1
97
1176
204
66
125
521
2286
1115
1282
86
997
46
77
105
313
81
231
518
23
248
847
119
86
20
72
365
253
4420
3142
328
1458
1
67
104
235
14
608
68
720
158
775
140
354
12
342
119
96
804
210
41
157
7
936
313
202
138
440
2077
32
1039
592
582
774
921
1473
117
270
155
15
2804
1037
425
1353
38
128
286
766
21
265
101
396
843
140
510
632
460
116
205
1599
64
151
19
42
600
17
2700
1076
175
2225
23896
1091
475
829
262
155
23
758
2891
254
1288
749
456
4215
79
2385
288
30
34
76
115
568
42
316
47
1180
113
107
69
177
74
9
951
145
23
215
1
579
825
23
384
244
2666
907
590
140
895
44
4
136
75
6
20
46
120
242
278
1370
38
175
953
784
1427
332
413
35
24
879
6
486
354
334
7
1323
470
206
775
331
123
370
77
244
2205
1737
7
400
468
15
1393
28
42
567
1075
455
234
549
332
32
6
1133
364
1073
1185
3036
110
43
1611
127
383
903
1220
37
510
995
3113
11
1808
1380
2492
111
528
210
171
722
1255
109
38
373
75
1235
79
673
1828
1339
691
103
1052
62
539
188
2746
59
605
795
2640
865
155
24
149
359
135
605
120
71
38
31
1716
4728
203
254
4343
323
1751
40
102
408
124
199
85
137
198
61
58
67
978
412
1280
268
213
917
96
57
198
24
279
454
340
73
74
206
1634
940
414
33
125
401
121
235
112
1406
204
16
292
509
378
342
749
4904
329
985
597
1347
39
877
86
283
81
773
123
150
88
115
272
256
116
425
282
111
749
1
15
116
17
173
16
17
206
26
505
910
463
584
171
152
1
618
159
880
363
37
648
370
284
22
57
95
12
110
48
49
432
1411
3671
18
1926
70
100
50
904
217
1
7
75
53
9
498
699
389
20
1849
37
444
66
126
544
194
69
283
371
166
580
80
236
25
1
662
28
68
653
272
139
320
105
474
362
1129
316
104
96
807
739
886
85
1724
39
1160
679
583
36
1731
231
339
243
129
310
95
81
96
223
718
1087
732
276
142
179
458
141
231
168
107
39
372
253
96
328
63
9
12
3290
1337
302
996
102
610
101
57
945
120
41
2314
13252
53
509
668
184
544
327
95
333
871
301
2435
1
89
2
12
272
196
269
79
919
285
94
269
119
91
539
343
292
46
76
513
48
42
762
615
93
299
31
6
53
474
47
91
1223
401
313
537
556
363
95
1
209
368
4946
132
98
148
88
288
1134
380
122
2408
67
28
442
52
27
1072
459
1088
147
1776
219
247
342
95
857
323
127
104
31
102
126
2408
162
223
973
548
892
18
283
156
1400
3293
399
82
9
103
130
259
361
2102
96
95
355
94
974
65
95
33
690
295
231
124
2
211
23
96
37
22
221
31
259
31
64
75
35
69
100
184
26
97
123
98
352
66
313
490
545
101
47
1179
72
57
939
995
242
13
181
487
3
1668
425
352
131
132
60
306
217
198
212
194
26
312
350
156
116
1
216
405
110
593
1
13
115
251
8
868
1293
1270
10
34
108
346
445
323
91
522
808
73
65
217
6
250
374
24
297
1028
51
631
499
342
111
970
14
173
868
28
2477
41
433
887
107
67
153
55
68
641
13
872
25
121
68
847
76
9
884
1355
27
372
546
3
21
444
86
192
750
1383
938
730
1038
102
328
196
59
903
5062
38
328
190
1878
321
396
2
285
29
245
288
203
139
21
1267
115
50
142
318
321
159
1198
390
343
108
172
346
650
325
63
76
293
376
207
214
154
806
120
21
494
538
95
321
391
381
446
870
693
142
31
176
9
23
83
10
129
51
224
252
493
397
1
281
1038
601
336
276
2839
387
95
483
3
257
2026
110
38
1245
40
37
470
350
7
90
82
1408
121
46
1
352
33
143
555
137
111
638
81
208
494
46
387
5
2
84
239
536
82
92
160
250
190
98
60
529
3338
727
168
2898
425
271
4
95
149
45
235
95
934
241
47
307
101
909
75
708
21
269
223
22
246
7571
299
89
30
72
267
913
820
357
95
358
231
1
93
43
38
320
1404
232
36
373
204
1114
57
532
524
43
18
138
130
128
75
174
95
160
869
56
244
6
228
160
184
27
162
3118
8
1
1448
94
1
779
21
627
843
500
239
202
100
2
2
19
1060
89
891
95
103
184
224
520
18
18
158
229
533
28
1481
152
61
197
329
193
9
5
1523
685
305
465
81
155
219
44
76
32
819
1
187
277
1864
328
35
31
10
205
76
8
2081
135
1189
71
159
248
359
1644
113
1426
16
102
72
859
37
268
960
114
245
28
2731
3244
120
133
60
1832
310
837
362
27
154
2545
134
322
43
883
196
112
11
88
37
23
114
1239
136
969
131
727
27
44
6
577
89
27
883
216
75
1056
22
1352
42
262
349
4388
1198
16
402
77
268
1183
311
21
894
1
316
1104
1791
61
67
448
88
273
85
475
1
742
18
208
112
43
560
55
47
107
594
573
110
297
240
16
56
1271
62
17
179
840
10
69
172
37
131
144
138
79
542
764
286
11
483
3
13
39
4080
154
34
1118
1271
366
38
159
39
84
34
248
461
1163
455
886
814
102
92
91
2630
1748
96
197
312
48
223
284
1
634
8
1323
32
432
52
119
327
261
178
760
153
550
738
135
351
45
12
1508
8
198
374
201
332
391
184
104
726
2351
172
1282
416
50
432
423
1030
172
549
126
236
231
357
10
14
14
1926
45
2409
99
197
542
47
670
725
525
71
123
1008
600
46
467
250
55
1948
210
4
67
135
59
316
652
233
447
706
2220
7
295
30
284
331
295
18
328
1086
845
95
277
195
2247
310
95
1503
1609
1544
124
1025
21
1570
2231
33
139
61
23
246
224
71
252
447
831
855
73
305
51
1
22
163
631
12
190
193
627
41
11
15
117
50
95
124
1865
894
60
5112
16
635
467
710
517
100
307
304
29
479
51
74
221
127
100
607
871
124
92
46
112
141
31
80
3
1884
206
26
138
1262
107
161
38
122
1593
42
110
846
1135
1065
72
12
297
2064
122
1912
117
68
184
1046
352
1185
673
55
540
890
6
579
765
329
108
54
248
4665
689
51
60
11694
12
163
106
131
95
380
28
93
793
30
363
7
220
1729
403
35
30
409
7
3644
2368
144
7
39
18
51
271
91
105
204
180
74
104
117
71
217
403
106
252
401
212
93
78
91
2439
145
505
727
1357
7
143
55
981
2502
865
189
778
1032
6
37
144
3508
442
227
26
40
910
160
209
327
317
144
374
101
166
246
257
332
334
227
127
132
4314
12039
30
127
499
139
115
831
267
83
1511
642
80
168
416
234
137
86
16
1777
1258
116
224
554
230
487
900
1012
339
318
995
925
30
523
87
345
115
200
45
289
144
142
57
463
241
459
196
206
233
56
43
177
51
625
11
556
273
301
72
259
218
972
439
102
127
16
13
94
47
25
2136
129
135
52
691
81
312
261
17
29
6342
1355
978
307
1
1359
28
378
30
565
352
64
102
271
307
135
13
264
712
537
43
24
985
673
163
35
162
14
184
132
15
57
1184
145
632
12
401
502
1512
179
34
763
53
1304
63
570
386
311
183
668
866
193
11
33
168
41
31
273
1244
199
824
43
1027
111
572
402
241
1366
882
1
383
465
520
448
87
5
3264
95
195
593
5450
621
836
121
113
105
2317
11
2826
94
261
1867
102
185
11
847
207
411
601
52
46
533
201
329
36
145
159
70
53
90
1522
110
82
615
136
19
93
12
37
33
192
1112
146
544
3566
459
278
169
307
101
6263
248
32
4497
40
71
301
5
636
91
316
45
3773
1719
15
1981
30
1319
428
135
182
303
125
273
8
1250
45
805
133
824
290
657
728
676
81
121
84
105
450
207
42
513
242
2902
3164
30
293
175
90
98
555
170
105
104
116
203
134
129
73
168
323
577
370
404
375
594
71
14
4
196
59
348
1532
389
589
280
168
55
69
108
513
91
202
12
153
141
265
197
16
431
417
1754
39
334
200
128
91
3097
70
703
442
261
2475
44
684
375
944
258
660
96
21
315
183
11
94
733
12
3019
1420
507
3081
214
71
33
93
311
766
539
118
341
503
5888
64
3
14
12
464
857
410
1270
104
116
191
1579
98
366
33
668
1
471
4
601
91
1492
98
3302
2324
179
533
85
2891
178
8
31
151
842
146
35
8
1145
147
1065
124
231
231
3029
152
220
2
189
1313
96
2
577
109
296
230
544
9
247
69
3801
24
803
763
11
1740
94
9
17
125
383
7
202
792
85
393
111
732
42
150
421
365
1819
184
155
9
115
71
93
172
123
97
302
96
176
91
363
556
848
673
454
3814
335
1058
1
184
92
29
3093
1364
28
811
7
46
496
1248
371
2129
43
403
454
1261
188
97
2750
154
14
76
6755
31
454
284
130
50
275
117
289
589
413
93
263
180
117
112
620
1
185
173
223
723
444
117
240
308
604
71
138
1437
14
1
767
264
738
16
1470
244
789
317
48
604
157
143
728
64
939
66
2437
99
659
66
19
727
41
2290
872
1
16
97
102
700
3034
91
230
195
2803
20
133
212
81
298
388
465
45
32
541
301
26
282
207
219
458
202
608
14
1
120
117
38
235
247
14
424
593
363
1043
984
839
361
2163
36
147
30
201
355
628
1177
470
43
38
151
169
275
375
287
255
243
1516
40
331
39
91
152
189
145
322
665
29
112
171
120
610
839
22
91
7
53
129
241
114
119
301
390
641
14
103
103
347
137
411
175
1368
68
289
177
513
170
41
118
9
89
3
49
863
11
34
270
394
1252
129
1564
277
1083
22
94
33
480
4
16
56
1
30
520
106
97
11
49
317
284
350
25
1079
668
813
234
352
5
137
23
312
793
1321
99
115
356
360
916
317
484
225
280
997
190
110
40
54
14
109
1239
91
260
369
122
190
95
383
28
163
431
201
130
155
11
90
28
182
39
115
635
269
970
1854
30
566
43
3988
92
131
645
175
1166
11
97
150
9
136
294
87
24
190
167
180
90
51
269
219
141
67
464
676
1290
114
3
135
61
161
402
15
383
1364
370
13
856
893
350
145
44
454
713
44
107
442
3376
2035
447
326
2453
188
1159
877
1060
200
671
1826
561
3120
116
104
468
1290
56
236
95
402
351
42
174
851
636
338
154
232
365
89
206
127
687
720
40
100
183
169
2120
1596
871
461
467
158
514
310
631
1663
316
1357
362
365
96
488
964
128
153
98
284
58
144
3746
409
458
92
114
991
155
489
21
91
5
86
254
33
1016
79
254
779
503
1751
3733
416
422
44
682
200
179
371
128
140
153
292
108
374
1606
249
178
284
40
1
281
654
1498
316
197
518
1157
18
289
1169
446
418
105
501
328
203
418
6
340
911
602
104
961
145
75
1474
564
124
99
203
199
144
704
745
1850
210
1713
805
178
786
347
12595
308
120
296
272
97
107
512
262
48
223
6
6414
94
775
107
442
6
850
560
281
459
358
241
422
126
1
2317
1
43
148
588
560
273
