71
197
128
75
21
22
207
81
150
84
26
87
105
31
29
82
220
124
106
76
7
116
27
286
76
1
240
194
123
76
39
75
245
34
11
67
75
85
514
75
1
28
174
355
65
1
206
128
63
252
78
82
144
511
72
76
81
205
111
71
75
91
80
245
79
249
83
91
216
75
174
173
52
185
152
202
89
8
34
200
123
54
3
89
381
75
187
325
79
71
304
40
195
619
72
116
91
68
203
177
198
71
11
52
84
123
246
129
96
385
294
127
57
518
99
75
205
70
198
76
125
1
73
83
156
71
183
75
1
75
24
825
104
367
4
89
76
275
224
329
5
73
75
101
112
83
75
492
250
92
76
96
71
268
447
99
90
214
153
89
263
73
286
30
80
149
27
95
98
540
72
91
83
932
288
326
190
171
117
182
73
131
75
152
255
77
33
77
160
506
14
20
82
82
203
76
88
91
176
24
24
201
126
116
75
75
524
2
321
290
109
39
75
75
128
85
140
185
91
122
230
1
75
312
63
81
66
1
70
380
257
89
10
75
79
68
97
254
71
249
331
75
546
70
190
213
138
9
82
73
