184
1
5
3
80
1
8
4
20
9
193
12
86
4
44
22
5
28
3
16
55
35
135
353
352
57
113
643
4
2
319
152
11
30
6
115
2
121
155
15
300
28
15
1
31
115
74
10
38
22
14
72
22
105
776
36
101
913
4
329
89
5
1
10
22
1878
4
130
1
200
1116
183
82
238
115
2
374
17
57
43
2082
1
2
410
25
133
427
1
9
83
57
163
37
1480
1970
35
100
88
125
802
155
6
1
4
3739
7
441
12
6
42
11
1
171
24
9
1
86
44
257
226
6
290
20
3288
105
187
8
465
7
6
19
15
22
1
214
4
204
90
39
2
12
73
28
4567
1
657
626
307
17
16
15
40
90
37
5747
34
14
74
4
143
28
460
312
1
13
12
142
6
328
16
1
2
80
121
81
14
87
1
108
48
15
48
1013
62
96
12
947
413
2
56
27
43
122
19
7
1420
20
42
15
9
17
187
35
367
8
980
79
117
49
20
6
1
25
14
90
403
13
19
372
2912
320
8131
283
124
222
2197
19
6
5
595
37
35
224
573
29
9853
38
248
26
1
19
82
61
445
4493
2249
87
326
79
1
2
1
256
187
45
476
15
748
63
8
1174
175
205
78
1
2
22
551
1
21
144
1
360
31
6
8
349
36
88
1791
91
60
21
315
649
185
38
1237
204
1
171
1550
256
4
42
29
5
360
154
1151
16
257
9
110
4
15
8
1
82
2460
1
144
955
2
314
6
20
3494
395
46
409
31
141
4
29
2846
3515
11
11
40
54
415
92
45
210
63
700
1
32
44
63
387
130
142
122
20
27
1
44
352
11
6
11
424
6
2
1
777
2
12
2
1430
12
73
19
16
356
26
15
15
147
231
72
327
8
81
62
545
339
1251
19
167
30
314
3
1
93
35
216
36
11
2318
100
23
15
31
179
176
37
10
29
310
25
1
70
20
4866
19
39
482
17
1116
117
142
104
1662
42
1141
6
22
410
117
270
228
7
695
34
441
274
735
95
11
416
148
16
72
258
65
4
21
358
20
254
66
21
255
12
124
1
33
1161
16
47347
3436
1
49
211
14
152
37
10
2835
6
2
83
205
77
1237
237
18
239
10
36
23
96
850
8
20
3
2
10
2
1
99
24
1
2
1236
2
84
347
903
67
209
111
468
1031
13
169
9
24
4
3
9
8
21
1
14
2
85
1165
2575
11
44
59
188
30
151
16
114
6
17
136
43
19
1095
10
59
1
383
1
4
55
74
571
11
102
3
58
2
60
5
34
27
36
38
5
17
44
435
9
15
64
9
138
3
894
16
277
277
965
63
6
178
11
13
28
118
43
1
422
93
1036
21
367
127
13
80
213
15
33
14
4126
11
7
69
237
22
8
3841
211
4
121
4
38
133
1
53
12
7
1390
19
4
52
5
23
2
589
1268
92
2
3
9
109
6
1
48
12
85
63
11
7
200
5
172
344
64
34
6
60
216
22
41
54
6
4
57
31
3
137
26
2
2067
26
47
2
4
3
44
11
1
13
2
459
91
49
245
5
75
172
20
6
493
3
847
1
5
253
13
23
54
1
149
20
1
166
46
2
640
44
34
5
50
5
12
534
4
188
318
7
35
44
52
64
472
250
230
217
99
296
5
66
1424
35
7
81
1273
12
228
8
51
4
2126
10
153
4
10
8
12
636
2
306
27
10
4
47
95
137
8
3836
3
478
70
48
245
36
68
253
72
11
386
17
9
7
78
171
117
19
254
373
9
8087
49
52
27
11
22
103
251
327
42
3
150
7
183
1653
1
183
504
13
7
1832
10
139
9
13
37
2
139
910
44
139
53
42
3
21
49
147
1
4
126
85
373
6
1582
69
862
5
580
1326
373
3772
37
58
282
112
50
7
107
1241
4
10
6
1059
97
266
2
139
1237
33
26
12
31
226
558
305
104
278
196
332
43
20
11
15
371
15
96
84
68
123
183
21
1
1
3
10
552
5
4
498
3
54
18
139
217
3
491
33
118
10
43
230
1
13
251
4
102
3
16
2
27
3
23
794
95
473
499
1
3
8
3
7
60
1
1
820
363
410
79
1077
71
10
360
230
26
223
6
3
17
88
100
92
77
28
34
28
119
69
26
612
1
120
3
11503
111
18
6
56
63
162
381
9
198
284
245
1
111
1622
7
616
41
3541
25
9
165
2
36
49
1
8
233
62
1
182
31
1038
452
117
9
134
172
350
749
47
179
65
4
163
13
26
310
399
38
68
3
364
9
40
1
1
5
21
35
465
2
13
3036
59
139
492
23
721
223
1
469
2
28
110
15
107
2
21
36
12
104
252
103
18
22
12
3
3
13
9
370
4182
4
493
339
8
855
11
1011
1
546
2
29
7
23
38
140
452
225
20
234
876
16
40
2
215
1
192
341
216
115
129
9
2
2
1
1
259
6
23
1
1
101
45
14
82
1
338
40
36
15
3
402
419
1
1
254
27
226
1
45
10
64
267
163
1
1
115
457
11
1
2032
173
3
33
9
218
23
59
122
1518
244
5
10
1
5
115
21
81
7
159
1
112
1904
1815
309
20
153
2
836
228
305
151
72
98
62
71
59
3
16
17
8
21
23
66
3
8
152
40
2639
5
427
54
83
183
263
62
9
1141
131
22
234
1034
477
4216
98
27
699
15
719
47
32
10
13
84
1
40
12
25
16
179
1195
262
4780
8
235
19
77
2
10
1
171
4
121
20
6
1
9
165
40
253
121
144
463
64
16333
310
19
1
52
4
882
9
246
1
122
143
106
79
189
63
15
1
74
430
21
96
2
8
132
5
154
81
13
68
20
116
416
237
401
13
121
60
711
218
712
125
19
36
528
8573
308
3
2336
302
8
512
843
422
2
10
93
225
3
992
253
517
15
1
1
6
1958
38
80
657
138
4
115
463
72
42
152
55
273
7
402
230
23
1868
95
2877
7
6
4
770
633
23
6
105
101
2
243
268
7
3
125
40
201
303
153
3
846
366
5
9
103
36
919
9
4
33
11
23
901
210
282
4
285
302
366
243
271
428
2
37
5
20
