15
55
12
1
528
291
471
10
46
129
43
61
3748
207
150
1055
15
80
65
517
10
33
64
1568
38
1360
44
78
329
3
50
137
7
32
45
3
190
15
74
633
65
373
48
125
11
17
63
1626
168
760
12
16
155
30
234
62
76
26
220
126
286
72
244
21
17
35
199
468
130
47
1
204
48
355
204
47
10417
805
26
356
103
132
53
22
15
11
45
613
428
1754
439
55
1441
637
408
577
355
1256
123
705
75
5
98
1452
136
276
522
8
126
65
20
375
85
146
394
73
152
68
676
27
533
62
701
275
153
133
613
16
62
188
261
100
72
140
84
37
538
876
109
348
52
57
35
8
20
59
52
32
366
210
535
18
140
320
112
34
214
4
165
117
40
119
79
78
210
266
64
33
754
103
11
51
1657
119
94
6
61
64
23
72
71
843
99
522
6
4
1024
226
48
113
51
334
106
109
242
75
778
28
286
43
450
227
609
167
409
284
1053
143
46
63
36
116
37
61
402
161
28
41
233
168
106
50
141
131
286
111
85
130
1533
118
194
563
169
14
71
175
28
239
21
1
275
362
81
50
121
16
21
105
186
47
158
139
57
23
45
45
79
83
60
412
86
551
140
200
245
5
119
60
65
352
18
313
110
112
253
51
37
124
232
83
127
494
100
65
42
128
111
1755
117
97
385
92
357
29
201
328
267
439
85
87
2709
13
7
263
13
5175
53
298
38
102
72
88
282
77
18
16
29
125
105
242
127
117
189
119
12
1
200
115
192
116
112
71
1
2016
329
80
15
2298
92
173
1020
179
110
579
13
212
264
199
23
30
749
442
1184
777
371
218
318
17
32
667
210
1
297
180
83
80
178
13
122
175
147
1281
250
123
140
430
164
380
134
110
1014
814
12
102
42
107
128
201
81
38
58
1480
653
7
66
678
736
27
13
42
228
222
236
29
104
374
77
186
13907
170
119
182
11
19
1169
1157
12
226
68
71
177
31
33
209
10
146
803
393
155
128
250
496
4
133
25
171
96
181
147
127
47
814
11
1460
3779
51
84
16
221
546
104
138
81
626
8
210
264
98
651
14
26
314
1068
81
171
16
43
52
243
335
697
547
43
478
77
59
138
12
140
77
105
194
79
722
68
24
48
263
532
461
244
130
120
187
615
111
90
46
91
109
672
91
313
270
110
347
1
1913
55
360
38
27
80
81
139
25
156
336
121
1499
105
579
337
647
79
2
234
193
408
263
274
34
75
108
15
155
15
33
58
84
207
47
61
192
36
27
81
54
268
39
59
22
225
240
73
115
497
232
275
14
11
17
58
7
367
111
333
202
212
106
12
22
156
291
55
1
211
292
913
214
18
30
169
43
56
285
158
420
698
36
103
46
118
18
102
165
217
7
174
7
3
148
25
60
24
37
338
425
106
125
93
273
258
114
220
272
139
51
177
148
73
62
107
171
62
301
157
3208
198
142
76
300
952
115
222
668
62
140
208
40
1233
25
360
6
97
20
527
98
377
389
4
92
243
176
766
624
367
86
45
112
36
19
67
170
689
84
54
43
180
231
140
110
181
30
127
64
38
150
343
478
464
176
11
309
1
384
33
58
2264
104
66
709
111
332
403
56
398
329
21090
196
102
311
467
16
263
124
99
54
338
104
190
75
31
126
93
682
135
13
179
466
46
51
341
61
1159
199
25
108
245
139
695
84
128
124
634
535
233
616
48
97
78
282
86
43
551
153
3
946
221
15
195
117
201
47
218
95
233
213
23
47
94
25
92
58
81
5
193
227
79
163
317
186
227
452
311
32
78
276
91
488
172
11
255
873
615
87
62
293
25
61
1
23
50
180
25
7
180
49
42
258
16
84
110
319
977
62
1036
120
58
259
19
44
259
13
73
103
262
671
23
35
72
19
1208
232
131
1590
179
29
177
582
96
226
192
1443
1404
132
95
34
30
261
443
1064
107
101
118
116
148
102
122
64
230
256
191
379
149
1084
248
1412
28
256
292
15
8
113
24
125
8
238
256
627
406
112
154
178
604
1989
2586
125
89
42
72
13
674
149
235
68
138
70
319
116
22
524
116
747
2
97
961
403
778
4423
1131
462
372
2042
13
34
206
194
377
1690
227
203
278
61
560
588
112
38
20
60
369
535
70
27
95
617
362
53
300
317
982
1532
194
14
109
939
225
230
93
163
115
59
128
529
301
361
138
298
42
20
77
68
366
364
93
201
116
416
59
91
237
491
115
246
123
910
197
200
465
53
457
195
102
15
144
42
1087
153
21
195
49
16
1620
1947
20
179
517
637
6
250
74
376
235
444
208
44
121
151
155
186
593
255
9
594
168
1123
194
42
111
805
661
588
69
231
93
2831
24
111
126
76
113
124
27
991
124
123
579
285
300
114
131
89
36
266
62
25
73
306
148
59
72
484
277
111
117
108
196
298
814
129
49
45
95
241
228
306
102
743
2959
330
441
10
515
596
547
95
125
562
490
112
34
18
47
49
262
368
443
28
600
1005
65
227
96
280
67
76
7221
1
342
517
242
114
18
596
6
34
20
387
1518
333
75
62
196
89
511
107
47
11
134
18
78
52
1021
155
271
56
120
36
97
482
715
359
183
114
388
176
29
353
1330
286
40
19
812
140
849
416
254
25
711
50
191
91
122
130
181
331
197
115
141
469
366
122
153
156
225
76
1132
482
116
390
110
134
694
39
175
2335
97
122
22
11
64
114
57
260
1010
197
129
460
79
76
72
345
40
58
44
369
40
2
65
435
172
402
125
51
949
152
97
114
21
1837
172
410
1064
125
19
5
207
85
119
308
54
101
258
54
217
430
125
236
134
124
53
222
139
11
13
3180
19
129
842
13
70
85
24
58
6
130
16
16
93
369
