92
49
59
19
16
34
169
46
47
473
207
428
174
26
94
550
222
75
49
81
2135
1
126
15
31
401
17
16
1
34
16
486
47
37
233
129
501
48
304
56
223
30
11
12
83
167
136
137
428
273
247
317
150
958
169
304
39
123
10
114
386
39
58
21
15
8
55
232
197
69
85
173
195
3
224
515
371
12
120
6
336
83
10
16
233
125
30
92
44
60
147
258
12
189
684
67
160
121
156
292
790
1214
306
64
234
202
81
143
1
43
136
386
294
125
74
140
974
354
95
669
189
8
1530
303
492
60
272
174
171
32
463
511
244
25
69
642
20
116
540
9
5
112
143
218
42
254
551
236
92
684
68
57
272
12
59
153
25
192
148
40
185
6
173
84
66
60
501
42
9
22
37
7
11
58
247
1
77
83
772
72
223
1872
15
26
434
254
428
269
108
457
199
316
54
279
82
614
292
1896
1116
68
86
9
71
30
389
6
272
202
53
43
515
271
64
181
121
173
252
139
113
117
261
9
30
280
39
30
689
45
178
643
88
58
674
124
124
22
50
50
63
73
63
256
15
60
77
454
380
723
75
343
69
107
93
308
588
58
56
613
84
420
168
185
510
81
14093
403
151
99
92
112
173
166
43
43
7
785
4
55
17
317
62
1533
69
99
75
70
1446
159
500
54
8
347
149
49
131
417
56
118
28
122
97
52
2
544
106
59
117
61
58
485
8
827
454
344
581
46
108
576
203
34
53
1005
259
51
146
247
513
1
140
415
92
49
44
55
9
136
130
45
128
35
35
33
16
136
26
488
555
1647
69
151
262
376
572
34
70
51
240
15
92
182
44
140
51
25
488
80
93
54
94
6
35
121
61
93
28
74
257
189
470
72
124
69
91
175
107
80
26
167
153
105
66
96
303
46
136
72
115
129
43
202
252
333
19
16
318
477
15
42
55
394
36
255
26
37
77
296
565
63
23
442
116
278
20
8
61
19
42
57
280
47
502
61
1044
237
257
55
93
361
88
318
130
431
76
292
40
28
16
84
30
7
625
49
250
25
198
432
233
43
5
22
112
283
330
138
148
317
9
19
18
71
519
50
72
264
57
111
759
352
384
439
790
27
155
13
34
404
508
110
306
222
92
92
15
13
297
254
13
50
83
62
60
188
118
629
925
7
98
29
71
54
195
124
41
132
545
762
155
82
437
34
579
215
99
107
352
67
191
405
653
48
74
354
69
476
201
74
77
58
34
12
10
86
489
67
326
101
75
4483
69
53
116
140
99
287
85
20
37
97
112
293
203
106
297
20
182
120
256
80
349
358
744
1132
277
158
197
170
39
5
436
321
56
163
75
157
390
3236
254
39
97
8
18
67
22
2
90
62
7
91
74
373
142
99
446
83
122
37
205
129
119
262
89
41
143
21
689
154
33
179
73
41
155
26
592
95
78
22
196
127
46
1963
359
127
76
247
2766
369
7
1007
842
13
510
105
180
12
86
383
667
27
583
28
6
86
43
59
209
117
20
125
340
18
378
111
192
57
97
504
108
76
52
2
194
172
52
197
478
90
252
59
131
358
39
164
44
424
92
404
42
472
107
18
111
330
20
30
108
64
114
193
19
448
266
39
10
27
23
1
567
62
6
134
473
3
88
78
84
274
164
57
251
12
441
133
20
9
317
134
123
119
44
1956
61
70
121
24
385
168
71
4
192
49
1812
117
562
239
20
51
42
499
15
192
26
19
71
101
305
5
198
28
