95
38
183
116
538
8744
157
12
326
177
22
126
17
63
56
16
58
47
331
75
12
65
6
4
77
59
7
11
128
14
11
83
5
55
95
55
71
62
9
390
24
61
291
107
55
24
2
72
10
67
73
10
279
41
51
65
743
51
55
55
165
67
218
62
112
105
50
100
60
326
235
32
56
92
1
561
74
89
59
60
284
71
137
55
55
836
159
122
50
85
83
54
30
66
122
80
16
17
52
282
63
132
53
750
6
73
19
21
57
263
245
12
59
214
394
36
7
441
57
13
38
22
55
55
162
9
120
64
371
108
174
64
52
81
59
52
55
68
54
378
76
109
67
215
59
95
313
50
53
58
54
55
40
124
55
65
125
53
61
57
64
133
55
52
178
6
183
203
59
56
740
272
64
66
55
51
107
84
144
179
1988
439
89
165
242
64
51
17
176
55
39
64
56
60
118
167
62
91
118
69
80
55
221
56
206
515
88
239
196
159
692
105
238
1
824
