2856
50
96
791
1211
356
862
12
1
362
38
3
2
134
472
11
120
549
90
202
77
1830
49
708
31
7
1950
3093
814
39
1249
2199
132
1128
37
236
684
12
69
27
138
40
114
361
130
29
51
682
80
57
131
35
465
213
1067
225
10
116
6
1805
823
76
665
116
326
44
171
692
1878
42
111
1622
379
24
4
74
146
133
47
64
2
1181
353
356
2024
102
2838
609
39
975
988
431
24
323
991
56
266
309
29
58
314
108
69
114
1499
133
438
1
52
29
199
146
1211
12
152
51
20
26
506
1063
250
2
2
3
2429
145
1868
464
114
173
5952
247
162
63
204
20
10
78
718
1372
67
4
8
135
104
20
46
6915
341
146
1776
44
239
224
2762
23
157
123
125
133
157
30
134
10
157
9
16
3145
523
211
138
317
90
767
12
330
7
844
58
1791
652
1192
1809
94
19
51
3193
1
1
964
41
33
1
24
653
248
379
7
2491
12
160
55
4364
217
377
272
73
311
1
2081
48
39
221
843
1821
28
163
93
145
24
269
363
50
106
94
10
30
31
1624
440
658
1202
1429
343
565
350
344
201
123
324
98
292
35
622
55
32
65
36
16
101
1312
201
1226
287
310
1834
242
6
72
323
14
1
51
101
76
66
27
98
47
86
184
94
209
223
2119
15
44
14
232
138
24
89
40
32
600
18
149
326
48
3
53
3019
105
249
340
942
1324
46
278
1948
25
32
580
21
535
73
1309
169
38
184
234
370
30
98
2601
3102
198
109
23
41
2111
1851
786
3925
922
787
19998
1650
1399
536
2969
33
720
296
377
39
2060
30
22
69
1121
511
571
229
767
179
76
38
9
357
1
19
67
65
140
21
322
23
328
169
1037
138
82
293
140
583
255
111
53
60
2
15
727
2287
198
66
13
917
51
54
38
305
218
78
69
1
1
431
50
24
53
367
31
1289
23
251
76
55
281
2282
345
246
177
1300
3
1095
210
116
80
385
278
7
536
22
60
675
431
206
1540
8
220
1076
683
21
64
150
142
41
1703
1101
131
416
371
26
7
96
88
208
377
10
54
294
13
35
7
30620
10
262
290
20
218
610
305
4
510
6896
339
6
110
561
3
967
23
90
23
105
211
115
875
446
175
143
157
18
91
571
141
1038
47
28
77
665
195
523
64
624
35
840
2
155
277
462
43
6
15
5
282
2671
1751
780
868
126
84
148
69
35
952
1110
104
116
63
445
345
84
124
266
167
205
641
2268
29
59
120
9493
521
24
2751
52
435
146
120
436
543
10
3370
31
49
114
40
591
177
611
72
584
197
918
486
3
45
39
29
515
4506
74
88
57
2182
283
139
1152
88
45
8
188
201
308
6310
72
226
366
65
58
257
152
36
56
1677
546
127
25
82
56
82
54
979
24
44
1122
270
134
16
963
38
9186
96
142
307
25
247
15
39
64
54
44
83
52
203
69
29
40
17
504
185
85
155
1139
24
25
1357
1348
31
36
2140
15
5
11
99
189
859
1408
507
386
18
247
248
28
2598
1584
1057
1067
1985
2
3105
2665
63
2220
1887
225
262
14
86
135
10
228
2047
108
75
79
13
187
158
236
287
90
20
309
22
223
167
24
22
242
5
1130
72
1166
100
35
116
62
110
882
2162
46
39
711
361
930
4
947
3
6
118
5
166
185
2469
237
19
616
66
1
56
302
223
99
142
104
219
448
906
1811
118
12
651
819
412
271
277
234
276
30
189
97
149
237
22
88
279
50
109
28
182
3107
26
825
777
466
100
43
43
124
172
69
5
30
1013
737
76
314
4
271
1041
92
93
78
369
1
203
132
32
375
1637
430
1
57
186
1852
13
22
54
53
40
53
45
12
1270
188
1708
121
242
452
11
895
4872
2207
453
168
65
116
38
82
471
142
181
76
143
22
4355
197
1
367
756
685
112
645
850
16
921
309
98
76
471
1
194
255
2787
1271
1963
315
51
287
1881
70
63
41
113
5
369
419
834
609
149
5
531
40
337
408
1218
207
133
532
149
85
53
605
71
27
258
1
58
29
95
65214
49
8
400
138
192
48
368
350
127
35
8
1
695
12
120
235
10
1742
226
239
1
72
27
450
96
12
152
89
181
3921
118
55
8
150
2011
2507
182
1003
287
40
29
89
168
790
8
304
1237
797
2315
26
591
165
84
631
234
26
332
433
397
57
408
269
16
1360
197
28
643
268
42
536
885
841
46
549
85
2213
170
562
795
53
162
49
2137
688
1671
653
134
22
57
713
161
1207
102
559
35
334
137
286
363
138
534
256
297
1953
314
28
735
1314
1134
431
301
2268
251
427
522
334
116
229
439
21
180
988
852
121
1892
1526
483
72
1871
206
333
58
246
51
124
155
340
175
89
434
49
58
17
941
530
18
798
646
227
2183
128
460
317
742
48
145
310
819
352
845
65
836
2228
134
975
62
511
821
53
1108
733
107
81
376
43
126
154
106
116
229
5
385
72
10
968
688
6
249
93
32
61
435
418
796
633
266
195
8
651
18
1219
357
466
557
1015
437
104
17
280
1
116
909
382
692
654
70
956
105
95
53
56
1040
528
455
155
13
754
1407
638
44
