94
91
30
3
398
659
8
6
4
298
113
113
487
222
7
788
49
128
3
352
15
147
1
287
101
1431
91
96
387
134
16
337
434
111
717
4
95
7
172
100
14
5
57
29
8
177
91
23
1
204
49
1
31
608
218
71
450
236
153
125
408
4
237
95
109
102
408
286
1
278
108
110
22
166
96
9
177
102
111
579
1235
123
94
618
215
300
1033
134
220
92
162
124
95
384
101
105
99
104
105
98
282
103
220
127
203
19
99
52
389
501
117
1
47
296
164
577
105
100
259
259
596
2725
486
39205
111
293
30
86
100
41
121
3
98
206
112
61
660
230
125
4
92
115
643
346
1
96
36
95
259
280
21
106
208
209
22
246
95
296
866
95
12
1
513
476
643
213
197
252
95
714
36
441
433
66
89
14
825
119
300
248
175
439
528
51
342
1
38
5
119
202
1594
96
256
116
37
1
739
130
1
339
454
192
245
281
120
93
91
270
636
116
150
9
123
328
93
36
238
93
4
44
95
297
158
91
24
97
232
262
1
165
36
18
64
119
278
279
214
233
99
105
106
103
91
95
96
665
409
263
15
320
95
107
95
265
209
311
174
4
213
19
53
13
130
237
104
96
6
527
618
635
124
10
254
7
1
569
93
99
108
96
388
95
188
370
258
116
104
610
3
4115
1869
17
211
96
105
1333
17
5
1022
101
203
82
141
21
1495
926
222
223
101
9
93
818
96
100
81
145
274
211
112
147
123
2
