55
64
1
120
1
22
1
13
39
14
8744
57
123
53
50
22
5
245
1
1
65
19
95
46
61
132
87
4
49
2
45
14
77
73
1
34
63
58
51
60
94
44
82
58
92
1
83
17
55
129
10
71
10
67
52
49
25
3
31
107
521
1
42
64
146
51
60
126
1
2
83
67
532
68
58
11
133
62
50
71
7
11
95
80
1
40
80
68
55
114
13
238
132
43
54
94
9
46
28
101
1
106
33
1
67
1
693
20
26
99
121
28
1
32
6
95
46
138
144
19
12
68
65
12
91
66
68
83
77
68
68
65
2
50
65
18
62
228
61
170
346
234
114
13
58
11
35
5
86
118
101
60
63
81
186
77
63
75
55
96
41
207
154
18
5
87
91
90
64
41
325
1
54
84
54
77
54
82
94
135
138
147
5
98
2
47
68
13
72
110
51
208
113
8
76
66
85
77
91
12
31
1
76
17
171
21
137
68
21
1
51
78
8
17
90
33
53
145
1
11
60
1
18
66
128
116
187
132
161
199
215
206
6
417
585
186
91
162
348
94
385
112
115
37
55
44
104
1
21
57
98
42
43
2
17
54
4
222
68
1
321
155
87
56
58
54
1
53
77
267
256
136
9
64
1
600
51
3
32
139
52
6
190
230
202
68
165
128
51
163
16
92
89
47
69
78
218
29
131
76
88
61
22
80
518
212
58
837
44
11
59
14
40
50
142
42
8
200
95
66
75
97
9
24
130
74
1
142
19
60
15
79
61
152
20
51
32
77
9
49
152
49
1
2
20
101
137
36
58
25
90
997
102
955
1
58
4
17
58
73
76
111
15
48
87
13
57
59
62
183
10
66
83
68
102
187
1
1
1
4
63
54
3
3
1
44
58
129
75
11
240
108
31
33
46
69
185
272
71
74
2
6
49
131
4
42
19
24
1
35
7
57
98
11
1254
59
73
142
58
49
79
1
85
2
57
1
70
57
55
23
298
1
4
67
3
6
20
66
141
1
1
21
63
50
244
1
72
2
253
51
5
1
13
145
63
53
153
13
2
101
2
82
31
120
7
33
21
8
97
12
165
68
5
98
49
70
197
58
125
21
233
68
62
52
63
3
83
76
36
65
27
93
155
4
3
3
73
17
52
110
147
5
71
65
104
70
54
17
82
41
12
2
58
113
6
99
115
104
170
286
231
2
30
4
59
91
54
85
13
23
210
1
81
84
14
22
42
27
4
40
126
110
8
15
54
118
87
27
111
21
3
95
221
28
1
17
43
65
216
51
716
42
53
23
60
61
148
110
145
32
58
20
22
91
217
128
128
73
72
139
211
220
86
210
47
9
33
93
76
222
51
77
187
149
64
28
3
65
98
2
51
2
55
41
69
96
127
56
53
18
203
63
17
146
146
4
458
5
201
2
3
4
681
53
63
79
71
1
200
52
19
61
59
17
7
67
25
165
93
13
8
1
54
80
69
181
2
86
4
96
263
14
87
83
242
45
181
92
13
41
147
171
5
95
66
69
3
75
119
150
47
90
90
14
19
