213
246
325
413
161
78
216
174
126
241
170
119
153
469
346
25
2297
283
58
36
123
8
225
105
412
3
85
1
376
288
393
593
48
121
1
230
91
83
423
476
149
87
219
128
384
377
86
216
359
198
82
322
94
210
83
195
242
126
36
3
85
251
86
84
364
350
86
85
412
490
86
2
85
257
104
17
85
30
769
367
1636
12
216
144
54
17
959
55
85
85
85
1
490
85
35
60
361
654
34
51
389
393
65
2203
16
96
3
1
6
39
2
216
5
1
1
9688
152
86
166
389
102
35
306
5
176
448
313
92
103
119
368
369
378
245
1
5854
401
83
93
85
97
171
17
85
93
6619
302
214
161
86
1
1861
5
127
83
205
389
403
52
241
105
13
3
1
337
20
137
666
140
536
90
450
6
482
15
86
216
363
53
84
85
82
629
128
3974
135
706
1
143
46
85
392
432
98
87
86
92
4140
