100
99
61
94
124
221
79
105
4719
2681
469
871
6
75
164
3
18
126
5
75
95
641
12
228
29
860
3
1284
89
76
449
156
131
85
76
171
611
111
1078
112
260
186
93
292
75
51
92
413
25
252
76
217
687
82
480
774
100
780
89
75
202
1291
80
75
341
718
2504
66
152
1527
201
348
185
1201
183
92
567
76
378
88
381
86
153
58
133
101
485
52
700
36
73
641
923
123
353
76
173
75
105
27
687
943
95
80
1253
256
104
18
393
167
81
345
85
6
691
231
87
573
877
142
72
99
36
76
201
270
229
78
1170
3
130
81
198
86
75
91
250
224
261
100
142
91
158
568
2619
276
674
125
264
2551
147
330
189
797
75
89
690
292
916
75
122
20
292
