69
51
81
83
9
64
703
203
1062
3
54
52
207
67
12
227
119
6
351
80
11
280
128
9
172
57
184
445
5
1374
45
92
33
594
61
18
41
65
20
16
165
47
509
82
27
160
480
109
408
2
66
30
30
53
18
22
1
56
12
136
234
166
49
93
85
141
36
32
234
227
162
502
53
50
81
53
511
987
519
22
215
402
43
403
244
495
90
37
105
12
34
345
86
121
114
185
58
179
1477
204
1450
177
144
55
4
59
55
63
11
163
428
69
76
67
42
153
1
150
114
55
120
73
58
144
14
546
302
498
19
64
414
161
240
476
35
650
204
97
79
55
269
1
135
57
346
96
1187
229
164
267
530
55
1404
60
218
70
1141
512
77
54
17
284
385
503
62
52
259
26
77
126
15
42
22
109
58
140
51
27
113
76
48
393
58
284
51
246
1
185
170
208
51
113
171
97
54
38
53
85
89
52
170
19
400
36
55
211
112
57
56
51
807
34
154
322
342
17
92
79
302
273
219
45
238
64
657
83
52
90
76
122
158
58
97
64
122
298
67
79
74
116
54
40
858
25
75
330
345
211
9
4023
108
174
71
53
83
55
174
42
66
54
90
161
80
336
1
100
105
96
1
128
275
468
87
76
131
374
732
42
303
21
55
274
67
1
35
71
322
192
74
17
206
31
12
271
73
80
133
829
8
103
45
16
1
18
19
94
55
207
12
12
174
138
40
15
1
67
65
8
121
186
541
326
273
188
68
71
11
1
171
216
125
17
490
83
130
300
39
23
238
53
53
596
5
81
10
198
77
55
200
655
77
167
65
63
17
254
15
121
16
184
69
568
311
66
223
61
62
254
259
131
96
174
303
56
52
727
77
276
167
125
64
207
197
2
86
31
17
872
124
44
43
55
108
214
49
586
101
270
54
32
107
87
396
104
180
184
4
253
149
289
70
287
65
450
1
104
82
67
538
315
531
55
118
72
56
60
53
242
51
145
281
184
51
294
185
244
72
213
96
3
135
87
68
67
144
60
129
236
3
76
72
34
128
68
77
522
215
25
503
30
39
80
942
50
135
42
9
6
56
113
28
1
181
35
55
196
367
214
167
56
74
380
325
210
141
64
176
674
145
56
13
238
12
104
45
72
92
223
59
55
53
453
312
222
278
400
56
169
230
55
