100
8744
331
276
61
276
1131
1194
3337
20
117
20
152
737
84
205
25
52
117
790
28
821
109
113
184
196
74
348
228
6
230
14
42
121
10
1455
143
6091
43
292
107
1860
22
1387
19920
8
47
108
116
14
109
32
15
75
32
1
131
226
2800
35
26
92
143
61
1220
220
585
619
366
114
13
1
64
106
1341
169
3990
135
646
258
193
73
94
195
189
49
300
77
274
49
148
22
160
52
39
9967
303
1
36
133
184
127
28
85
3
119
364
130
1
6
78
105
36
216
69
127
102
130
2563
225
23
362
2
1
64
1561
12
41
54
53
40
1
188
444
49
1
17
733
59
1
69
24
363
182
10
296
2569
351
236
95
7
2071
4
57
25
11
126
33
20
11
643
57
61
45
136
135
64
66
34
47
590
200
49
765
145
109
277
34
4151
385
1705
626
550
58
