107
3690
318
3
464
578
51
350
26
1163
711
1772
1742
280
482
1944
1744
1188
1495
510
186
666
7
129
4282
1757
1094
1212
2388
3648
1
376
752
39
3789
217
1076
598
415
746
1475
2
39
658
1000
568
483
1018
1140
793
488
310
141
15
1456
659
5
2862
3
44
7
210
1201
1167
1084
2939
28
13
315
231
18264
59
769
1529
569
177
23
16132
1001
495
3462
3137
765
2
4576
792
791
825
1024
84
1146
1658
1172
55
330
732
205
2135
122
953
714
62
1158
194
1417
658
1145
1133
90
137
1
2226
481
116
583
2581
973
506
286
88
199
66
1877
1182
1193
138
2427
259
230
167
542
60
6
614
516
208
2064
1389
1192
1368
41
1274
