46
201
12
134
12
1
1
7
5
60
2
43
21
2210
19
542
653
14
703
74
158
19
150
32
27
173
30
139
81
44
119
449
49
13
40
36
198
1415
250
28
28
26
18
30
24
205
41
114
724
56
2
31
26
116
225
54
157
158
735
31
98
7
84
155
224
903
76
201
25
356
54
31
118
55
256
20
4
41
707
51
4
9
140
1484
96
11
4
509
5
20
21
20
74
173
20
100
10
53
120
44
276
45
107
63
30
153
126
68
29
1
157
218
30
35
55
52
143
23
119
133
107
1
335
193
210
720
29
45
342
4
45
1383
101
77
11
8
30
26
115
16
261
8
12
284
30
58
8
22
9
86
341
31
26
11
699
42
13
15
74
2
38
116
1
329
16
532
3031
671
36
45
21
502
1
1181
45
1113
266
643
179
11
53
541
53
124
501
170
127
1061
139
7
43
3
12
231
100
52
782
5
705
80
41
6
6
300
18
1
237
12
287
13
2
16
4
37
244
141
3
18
91
114
520
267
321
180
11
848
18
149
929
69
77
866
243
91
6
51
64
6
402
19
128
7
15
209
94
255
1206
172
92
55
49
3
122
4
18
206
11
531
137
217
8
44
40
3
3
110
162
588
506
32
25
1
3
10
20
56
61
503
162
24
941
14
1
132
52
153
292
268
122
767
24
6
734
30
183
53
6
38
34
144
318
84
141
23
31
9
6
557
4
12
2
147
30032
369
19
6
19
910
292
215
146
460
213
5
740
68
1089
169
120
1192
53
95
23
62
176
31
2
14
43
173
49
29
234
194
11
243
279
68
19
18
748
493
71
231
94
1035
26
69
97
530
5
74
14
46
615
28
97
1015
2298
172
179
8
1
203
196
166
235
219
82
32
45
137
89
34
133
84
40
185
33
35
104
222
45
32
679
47
145
59
5
12
35
139
3
154
7
49
78
20
67
6
310
98
172
45
49
49
86
1
38
285
28
147
33
497
181
16
224
1
207
37
152
1
221
53
6
11
45
191
8
146
201
27
73
70
272
40
106
5
410
59
312
715
192
7
350
231
149
198
516
76
86
174
277
497
20
84
30
249
235
268
50
53
2
116
1448
5
3
192
40
739
512
60
23
7
57
1215
5
4
227
223
12
720
16
32
19
44
45
197
23
68
95
221
214
68
11
49
2213
854
158
45
69
34
474
39
216
345
28
555
28
13
21
303
111
1047
214
2
7
6
73
31
198
118
30
398
124
405
351
419
10
102
33
597
233
84
6
59
53
107
35
120
17
436
18
50
65
33
60
133
154
4
120
182
15
2
1
602
23
1
18
32
186
323
179
6
3
55
82
83
6
82
174
102
8
46
114
14
210
165
296
697
12
518
1
32
17
42
32
7
12
415
2
64
6
519
6
138
125
116
76
147
39
134
164
77
919
17
27
27
15
63
9
208
128
1
218
23
536
141
81
81
181
400
59
6
2026
135
36
67
50
34
15
2094
49
86
12
460
433
6
16
19
247
14
12
157
65
264
44
23
84
57
40
419
20
46
74
10
48
277
70
14
1
19
30
2
217
166
27
303
325
21
138
4
127
361
7
2554
41
63
20
7
19
41
19
572
10
5
3
21
140
143
3
41
7
27
67
60
565
523
292
292
21
974
592
113
346
92
54
30
64
109
256
12
199
38
64
18
1
149
115
168
45
8
407
117
36
12
53
50
181
173
25
33
99
5
16
212
16
481
314
11
46
384
89
480
9
14
34
486
73
51
58
26
633
196
173
123
776
324
204
3
186
84
11
176
341
312
191
86
34
68
792
7
3
33
7
41
11
134
525
36
15
413
15
55
300
36
18
57
14
40
192
209
102
217
12
574
67
44
703
39
58
428
375
38
569
14
19
196
39
109
124
510
115
867
292
63
23
347
53
180
62
1
198
902
171
199
192
6
65
13
48
11
1138
88
660
44
18
39
207
476
26
40
128
99
127
163
56
276
14
26
5
4
5
457
549
79
130
46
61
56
156
32
151
40
726
151
468
81
9
664
151
4
193
83
18
86
699
176
147
259
72
45
14
811
324
113
391
82
112
426
1
21
471
22
15
26
56
158
18
18
14
39
1043
105
2253
66
130
45
27
1
236
36
597
319
2
415
49
310
51
13
131
2031
85
23
363
2435
544
119
124
2621
5
16
33
5195
67
2
16
47
398
13
31
62
1
35
47
64
24
196
33
182
1
6
66
42
37
41
160
11
176
14
6
25
94
25
268
106
390
52
176
395
185
29
269
72
3
37
60
298
73
342
36
75
374
44
35
4
95
292
124
26
3
2041
129
43
159
104
277
49
186
34
1176
21
33
1
12
93
17
109
25
83
85
15
39
17
52
55
347
151
225
2
1
251
6
2
2
17
166
18
128
268
95
5
124
2
701
58
2467
58
105
35
42
8
19
150
218
892
87
37
485
282
345
271
45
172
8
106
21
343
156
238
173
54
31
440
46
780
16
28
232
4
40
114
30
39
27
1
213
147
206
32
20
1116
123
21
356
85
53
6
8
608
1
23
1
6
15
47
959
28
505
278
5
78
156
16
706
7
51
96
6
58
21
183
158
6
259
573
69
35
68
3
66
483
5
61
328
22
302
14
9
41
418
69
4
116
13
88
101
104
42
45
25
61
174
40
61
3
213
86
332
46
80
4134
54
97
296
539
2
40
20
11
83
129
24
17
64
606
2
327
329
31
80
63
29
199
136
110
262
6
127
25
17
2733
62
132
2
45
284
40
465
42
80
38
61
10
769
1
1028
1
536
2
454
672
233
11
32
467
222
136
1080
14
266
9
524
13
259
56
1
94
252
1
37
3
5
68
16
87
548
221
108
26
13
49
167
179
129
36
5
6
44
909
28
329
26
14
245
82
98
461
1
1262
373
72
310
56
855
2
38
86
53
11
88
403
13
1028
149
460
332
57
186
284
12
19
58
166
96
30
40
19
157
323
28
10
17
74
175
185
12
80
496
42
63
138
47
55
552
60
58
577
198
85
116
31
32
2722
92
45
422
132
26
74
132
474
352
38
45
227
193
202
25
92
38
89
21
33
53
203
45
40
143
162
215
50
157
94
51
9
204
232
13
