235
129
1314
28
557
254
325
217
200
63
116
1
1
741
1674
122
781
483
992
190
119
297
343
27
1588
2158
508
807
26
1550
32
650
704
2039
1056
182
206
60
921
280
305
780
12
62
406
3560
519
29
5
1860
422
51
11
190
526
1530
105
49
4
116
551
12
50
214
57
1200
45
24
460
1696
15
446
103
562
71
1651
478
99
2371
78
59
566
1034
832
395
258
3263
372
50
292
2043
43
9
57
58
68
61
61
137
371
125
197
656
3467
51
74
2131
626
260
511
51
305
146
1028
1899
366
1306
370
84
599
4631
64
1052
19
988
1035
552
1366
555
91
200
83
32
162
561
435
1602
59
4366
823
369
591
919
1939
29
104
1190
92
1312
2222
2947
257
2191
821
965
57
1145
164
50
532
1090
176
67
383
319
889
41
2660
55
128
9
80
36
184
183
1518
751
472
510
2236
678
339
344
4417
157
287
875
356
182
33
95
1772
52
76
3
964
221
489
61
301
95
1369
73
64
24
205
4432
904
627
28
147
422
242
55
239
40
200
3218
1955
512
1735
33
281
8
578
1660
53
60
56
168
189
60
55
78
60
218
911
216
106
230
2556
5222
20
55
51
178
850
166
1585
45
250
1108
377
494
3650
1199
279
1411
1000
309
55
398
201
467
69
1171
2677
923
2338
1441
124
97
373
739
1266
1495
225
1920
91
1325
2704
467
733
11
253
143
445
425
222
2388
639
338
304
150
1851
12
5781
167
86
5659
1476
1480
88
124
88
251
917
1481
77
219
74
1141
3168
17
59
183
390
124
354
811
86
2201
2
1046
493
443
1440
1539
2551
29
1146
56
195
388
251
2243
24
89
129
1027
442
6
147
1002
821
9
324
11
190
2290
1252
405
1234
1582
30
182
132
79
445
268
6
1089
213
468
14
80
52
329
1353
167
336
169
269
2770
143
546
236
1436
1110
135
1
3089
85
258
2818
51
4460
170
17
1107
271
75
516
630
233
693
235
131
76
781
2467
384
183
55
253
236
278
15
298
600
336
84
48
173
508
877
387
1343
658
302
127
2968
72
525
14
244
881
8
253
121
1035
100
40
129
66
545
835
52
526
1683
61
1399
3809
1657
22
1667
8
23
772
26
886
253
160
4
412
55
56
278
139
99
273
320
105
316
181
122
129
39
502
269
268
1070
7484
4154
21
640
117
384
208
219
421
55
473
2520
98
290
55
56
451
59
1856
261
1141
296
2330
2786
521
151
21
402
125
30
774
835
68
81
130
55
61
67
78
52
55
78
70
410
890
50
1085
302
2293
612
997
90
131
168
468
50
688
1292
150
1126
52
1164
494
83
9
1142
99
34
619
59
445
66
78
96
85
1222
125
570
340
51
885
595
70
8
55
24
266
438
225
323
128
53
581
1756
204
359
75
405
1058
2931
1134
13
121
72
812
266
97
1559
453
200
10871
264
753
123
98
107
55
58
131
228
3944
70
1122
59
271
507
267
360
185
128
225
6
1447
113
2946
1168
354
