37
260
91
69
1
81
826
75
125
103
25
78
75
29
76
82
128
4
54
104
21
75
3
9
41
242
71
10
207
609
219
275
217
83
9
154
100
123
51
28
31
177
53
207
76
56
199
22
87
89
75
25
29
14
3
48
189
805
59
128
71
100
60
173
83
74
161
95
128
200
75
5
315
458
39
565
84
110
78
34
46
70
535
1
5
113
276
34
422
78
57
608
90
77
559
90
297
75
75
427
76
307
80
154
80
105
72
75
47
33
62
584
312
123
8
87
14
1
494
2
206
96
73
49
76
75
82
154
140
75
296
174
233
340
76
161
310
145
1
164
1
43
75
952
114
436
22
120
149
1200
55
37
15
35
632
89
179
196
114
261
2
174
248
91
10
353
219
124
140
75
75
105
36
18
107
4
49
11
45
103
12
110
44
20
81
221
18
166
236
18
92
1045
514
139
11845
557
2
94
74
36
816
11
104
102
35
270
71
104
52
9
6
91
71
112
90
84
132
655
76
428
72
157
410
76
95
37
162
85
10
703
1
122
149
77
74
54
76
1
59
228
202
358
268
727
92
76
85
14
74
528
232
76
146
125
132
114
96
5
70
5
2111
42
72
88
75
116
79
319
6
128
72
121
35
11
105
11
70
142
181
96
81
445
228
15
98
75
75
81
97
90
492
398
230
75
79
80
349
96
152
110
88
71
36
252
75
402
103
72
205
259
612
