9
39
36
7
21
33
38
170
50
35
158
68
40
34
4
3
148
49
2
57
10
1
188
5
37
10
29
11
3
2
34
58
53
2
3
19
62
14
103
43
7
12
44
91
29
99
23
19
10
3
15
43
16
43
3
64
40
27
22
11
2
1
156
39
42
48
63
144
31
4
14
131
222
96
13
2
47
27
51
8
43
48
16
13
3
46
152
6
37
5
13
15
49
5
42
72
9
18
23
98
7
10
54
35
10
177
5
10
23
16
3
155
75
38
49
2
10
17
56
46
8
22
5
39
57
99
2
24
99
32
4
38
3
3
45
15
30
80
275
19
56
35
42
8
35
99
41
12
9
467
29
37
82
4
3
7
69
109
30
23
8
10
3
8
17
5
5
99
51
8
17
3
16
190
18
20
11
7
3
11
34
15
46
53
23
82
9
17
13
18
10
7
21
1
22
61
6
18
14
21
40
26
40
21
43
27
25
41
9
28
32
78
11
8
4
32
5
9
72
820
9
7
9
18
28
5
34
211
110
51
15
6
19
38
76
3
146
8
7
3
28
14
12
10
6
5
18
33
97
18
2
13
59
95
32
2
7
23
151
6
169
84
7
3
3
3
3
19
17
21
5
88
34
19
1
36
21
14
6
42
5
4
41
5
76
4
389
1
17
39
10
4
44
20
8
15
15
59
4
33
1
167
13
36
27
33
37
5
11
4
26
6
8
10
17
71
6
7
11
1
6
6
38
1
12
3
34
5
29
42
11
31
1
16
11
55
4
42
14
4
8
14
3
5
25
36
313
3
5
14
17
3
11
31
32
432
7
74
11
39
3
5
6
2
115
28
512
1
23
2
75
10
10
7
1
12
6
37
49
7
32
53
139
21
129
31
36
270
221
13
51
4
18
11
37
3
49
106
118
20
3
17
22
33
8
20
3
14
6
76
49
36
1
51
9
34
165
12
10
29
49
82
11
6546
6
12
2
1
35
4
11
55
8
49
15
28
70
10
5
31
3
7
75
44
3
18
16
88
6
220
39
5
40
2
46
86
58
55
43
18
51
27
10
19
174
7
33
72
203
3
72
4
28
31
5
4
55
17
20
13
73
84
20
258
4
1
5
19
25
13
3
5
3
11
26
48
44
20
1
39
23
16
3
69
7
7
41
33
5
66
4
49
5
95
14
60
41
10
15
38
15
42
92
71
3
10
29
156
56
74
24
3
88
2247
13
9
10
39
84
9
59
24
31
26
13
44
114
5
40
4
12
17
199
88
5
11
20
13
21
2
2
4
1
17
15
42
9
61
7
34
3
35
6
4
7
123
5
68
14
19
2
13
2
67
10
3
7
95
6
83
5
10
7
3
241
19
24
9
41
9
3
46
13
146
16
2
3
21
284
48
4
35
8
17
164
25
49
281
2
7
552
4
20
63
845
8
40
5
84
67
224
35
25
14
45
25
44
27
47
18
170
27
1
55
2
36
10
30
37
10
68
1
862
29
6
35
4
8
21
10
314
27
10
13
2
6
46
174
6
13
15
7
4
8
6
4
12
5
4
47
8
21
42
4
13
48
3
46
1
9
8
30
36
15
120
21
5
119
8
9
49
6
54
29
24
42
111
1
133
14
4
20
47
17
36
11
14
14
61
21
15
2
90
9
6
16
10
8
15
44
7
116
1
32
5
28
8
4
36
17
3
62
14
32
59
31
16
29
149
42
33
95
755
65
54
81
31
1
40
49
32
46
18
23
42
8
28
3
153
5
46
94
52
40
21
47
251
4
13
14
15
64
36
15
312
89
49
162
69
98
4
121
36
13
4
10
7
1
19
10
14
33
104
7
14
5
52
2
5
63
8
17
4
35
12
24
17
6
4
34
49
6
83
4
14
3
1
9
31
27
25
30
3
1
7
82
3
54
10
55
19
35
9
36
68
1
30
3
9
12
6
237
40
93
151
156
8
13
74
8
50
14
38
6
34
351
2
17
53
92
16
22
12
42
8
2
53
77
10
12
89
6
7
1
17
59
40
4
18
1
65
1
41
6
3
25
35
125
40
2
218
12
1
17
45
4
65
40
69
23
76
4
22
17
12
27
4
6
11
18
11
59
19
39
4
16
5
11
2
10
3
54
9
4
33
77
3
3
5
88
87
21
21
5
27
4
2
83
13
80
196
32
3
7
17
28
7
14
24
3
10
31
43
8
95
1
5
1
12
11
1
3
