55
238
68
63
230
107
14
5
1
44
54
464
15
412
28
341
652
167
568
449
49
42
14
60
541
47
787
147
620
469
210
455
1
351
1276
59
65
513
62
22
20
742
506
586
973
43
1440
1588
764
1417
153
444
2
901
142
156
33
4011
25
7
337
63
25
294
340
601
38
10
27
531
151
212
535
117
213
642
151
392
1377
36
388
53
36
2040
904
66
415
857
30
25
129
524
381
129
360
18
21
844
108
848
1349
26
50
326
3271
1043
178
1539
20
234
166
843
44
29
3575
96
50
7
1389
203
5
48
160
202
60
47
7
34
40
65
300
14
333
11
9
29
455
230
318
2605
872
237
20427
2
114
167
2289
399
101
911
2667
103
1027
38
2370
660
37
23
431
149
647
550
931
30
281
475
243
559
35
36
24
89
746
40
197
120
474
500
45
1305
38
102
1072
23
23
466
91
35
686
64
70
9
75
1090
27
280
75
424
237
8
568
7
6
250
112
3823
198
63
1159
196
405
4
1455
767
86
2
29
87
34
80
33
65
29
722
2171
8
5
10
173
630
13
975
15
36
485
21
61
188
166
26
8
108
46
135
240
254
182
1874
95
28
110
299
691
21
125
19
106
24
90
325
1573
50
393
5
2020
8
1110
207
7
179
19
1069
22
26
218
574
181
715
35
485
905
1472
328
262
1125
55
4
139
94
587
1611
12
258
938
764
14
414
579
45
346
1
460
37
115
70
15
203
495
778
40
1586
37
196
202
1580
121
484
83
339
794
167
130
1862
1714
1669
278
86
654
201
149
116
11
1800
46
337
560
53
23
520
594
40
704
37
48
160
374
425
418
2808
866
768
5
790
303
382
1261
60
357
634
1452
362
59
25
250
71
284
222
91
921
525
6
81
116
1
216
6
610
309
121
25
4
71
16
6
28
445
106
502
127
7
412
96
244
1399
117
70
622
186
222
366
84
342
16
1
296
1197
270
380
35
48
115
1156
110
96
119
62
482
3
202
17
27
899
161
10
93
232
805
577
2
15
113
386
32
35
210
156
680
15
15
385
11
696
203
269
208
406
473
1641
78
651
13
61
12
341
56
96
36
17
226
61
1826
371
42
73
44
63
11
11
109
17
102
393
8
648
5
882
55
225
8
41
967
10
76
175
656
1082
572
702
768
412
73
528
16
424
5
802
24
22
45
33
445
480
26
3699
17
65
21
561
83
87
237
15
678
74
482
27
1901
630
39
1223
560
31
3
10337
414
132
409
191
181
628
114
15
1
33
14
374
20
29
95
213
535
13
644
28
17
1400
43
303
7
16
103
1062
20
428
16
253
89
46
481
14
2
1066
325
1022
19
125
22
50
54
240
10
31
133
33
92
14
10
766
423
199
299
269
601
619
3
90
603
18
272
60
29
48
367
1030
281
655
713
1114
32
355
77
182
1330
611
217
107
85
24
94
55
1815
701
178
10
52
1007
108
737
339
2595
83
15
79
56
30
3
163
148
149
131
83
32
7
153
16
196
2625
5
9
1
21
527
588
838
10
90
101
125
7
3
279
72
5
6
481
56
1360
244
50
1129
80
23
1482
725
95
76
32
19
173
1
57
602
650
66
1785
229
65
38
585
366
458
60
693
112
708
170
174
59
453
85
926
28
188
1856
90
321
53
1
224
626
479
796
40
51
101
15
29
1657
65
4
254
260
22
26
119
146
454
42
238
169
508
32
300
92
177
434
623
53
228
90
145
86
