34
60
267
135
5
167
135
135
254
264
20
135
133
399
211
132
149
136
135
368
202
9
34
237
733
117
147
148
156
288
224
319
155
150
3
158
137
583
177
123
4
123
137
46
136
135
135
205
122
135
255
267
4
137
241
151
1414
143
136
141
135
178
8
141
134
135
1124
447
135
130
75
133
261
141
302
138
233
132
156
695
378
306
135
85
513
147
132
276
136
133
145
408
2
150
134
140
47
1179
129
159
7
26
139
54
18
852
135
104
1
135
283
399
145
284
235
34
176
452
143
8
427
135
262
345
33
148
101
297
7
86
162
116
139
135
135
522
257
257
140
129
135
123
119
99
117
277
109
27
15
135
125
22
132
620
2
141
301
320
213
68
323
291
528
135
674
278
1369
450
17
202
189
140
18
135
149
140
137
142
625
151
149
152
230
169
135
165
149
136
699
98
236
17
133
89
273
142
46
140
141
154
141
11
259
86
138
330
135
158
140
150
144
142
562
150
163
144
184
140
140
164
133
154
148
223
81
460
27
31
156
134
262
142
30
582
134
122
263
6
132
133
137
202
21
157
178
2
357
129
299
135
26
138
142
501
1
260
258
136
127
134
407
269
247
135
337
144
246
155
5
148
311
163
272
135
192
137
248
140
217
137
69
430
137
51
145
136
146
231
435
503
146
46
248
137
137
270
141
135
153
140
151
136
193
281
511
292
1723
136
335
189
158
1
148
