83
51
7
424
3
58
758
731
428
76
184
144
257
965
6032
115
1613
84
5
26
226
521
126
6076
188
442
131
79
1526
563
3319
772
76
279
195
24
694
3
625
177
57
3325
468
603
613
4153
5201
250
10
1493
316
639
1962
79
7815
67
461
4398
60
9921
3291
150
1106
621
870
965
213
1265
179
204
688
1358
40
1
645
1278
731
1559
48
1887
6
638
2302
4
16
25334
545
140
17023
248
26
113
3270
3726
27295
30
180
2270
346
1816
470
919
15
7864
191
503
80
1470
132
1088
920
12936
235
901
7571
248
179
11
346
498
23
835
464
335
19
412
20
1040
218
18913
1986
75967
1605
1703
54953
20
412
11
576
98
9304
868
681
78
35
10
80
904
622
1205
549
591
156
1616
4247
159
189
2641
1099
877
85
66
199
6230
13
930
35
1484
5330
1623
602
47458
14
214
96
3
542
135
3561
124
6962
574
1322
4528
1565
323
8
139
80
6942
125
5713
238
344
1431
5341
915
2374
614
92
660
1969
13297
28
41
39
1425
22
1485
1220
1286
269
534
769
3065
1962
2983
1413
132
291
192
1201
335
554
354
1841
3615
2863
5564
77
795
525
1226
380
1467
3208
37
366
85
598
853
1270
1109
60
4956
218
124
75
90
229
429
565
225
841
1
730
78
11
2798
48
60
646
1029
101
1422
1038
70
1271
4291
850
180
768
174
3
171
1092
251
53
1240
99
1620
2308
304
2961
550
299
13
1380
288
1825
42
527
646
294
4
1608
1210
35
2731
860
357
86
177
58
2
2884
1268
422
126
1243
64
268
422
3748
45
55
331
2803
653
35
58
1331
827
2820
1869
2161
1946
906
6161
3527
2
84
908
25
60
18
61
246
45
584
883
243
12362
65
21
948
3635
3960
117
1470
1207
7538
71726
3457
463
913
26
3490
761
1622
50
614
84
973
32
167
579
14
731
806
125
70
618
68
368
633
6252
21
344
2410
768
1
566
235
799
6
581
531
245
1838
102
20
586
4375
678
8960
394
3461
252
872
743
1871
221
1574
248
4270
897
851
27611
3002
845
1991
871
1661
708
716
376
228
1926
453
7173
208
100
1266
2092
1422
132
49
84
1189
1001
197
878
63
294
94
15
64
781
1701
243
217
3
4080
2472
269
187
15
109
196
47
214
2966
352
1649
1489
50
275
91
1309
5259
173
295
1564
4162
530
704
88
82
13
194
1010
3063
683
1419
642
290
93
52
18
75
415
606
411
646
9152
472
1558
157
9
1372
1634
84
1641
10
257
895
99
2023
1724
2514
296
95
210
4258
1385
14029
2852
5
132
3824
1434
192
929
506
165
25262
11922
8475
146
20308
193
256
27
369
241
187
160
4430
9058
208
290
294
1498
305
174
5376
1364
2966
5613
6
694
1671
1581
443
644
326
1758
1130
44
962
5538
422
29
1317
9
2078
472
6611
19
735
924
126
81
690
32
1216
17
12732
408
24
100
943
2447
6
768
1150
3585
1062
2505
1382
4
95
1214
620
2430
102
5
296
58
18
4996
201
103
23
2750
395
960
233
1035
112
32
77
101
1
9
774
2258
601
303
3065
1265
599
129
9
13378
175
3046
1277
27
983
28
1810
14954
326
1330
813
487
693
79
5202
546
21
846
583
1706
3194
863
1004
712
376
2200
13
2534
197
513
5419
4679
188
496
3251
769
2706
714
554
338
74
992
202
28
116
695
2890
770
28
1356
4705
2499
47
1577
646
2742
2284
2695
424
72
22
353
864
9423
1467
236
4604
81
116
109
1217
455
204
299
6109
251
1048
1279
6
5789
75
154
765
458
2623
5862
144
98
103
680
17500
56
126
378
4371
4147
21
1061
376
1387
8
260
41
741
28340
6496
448
311
488
378
597
333
4025
86
53
4636
355
9842
35
5236
4
44
263
2598
58
11542
495
101
92
146
716
436
33
1484
327
1393
2602
270
798
142
894
252
406
111
78
1
52
440
2070
1026
685
1153
246
876
143
709
275
249
690
86
101
77
33
986
1064
14948
1006
104
392
1096
299
190
86
6361
704
101
149
4662
63
3223
894
200
3408
11923
564
415
91
179
452
1219
3120
863
2856
583
278
2195
222
1406
472
622
3005
5117
1519
876
5288
918
2895
1819
92
258
1884
58
85
3493
545
570
450
3919
1216
412
357
413
7223
4611
705
1934
779
799
2603
1266
89
1180
68
3521
4495
4652
503
10166
76
80
502
57
947
15160
1041
2507
293
412
477
201
147
45
519
262
20
752
1466
3378
2320
790
1230
1109
100
220
453
23
2026
259
56
293
432
603
40
584
33
128
5018
394
1260
56
3337
3
2752
8
1784
512
133
1237
98
29
968
1149
333
2002
168
3
440
3440
24
160
1
125
59
38
1277
138
632
1575
805
97
842
501
120
99
3383
2230
9007
1099
2330
185
2549
79
2810
717
18
8440
18336
260
394
72
835
1863
7048
2199
566
1087
255
1525
79
2785
197
1552
5
369
9465
14723
85
627
11147
2226
583
271
262
6
798
45
91
129
1538
3382
720
63
6569
3671
46
875
273
799
7330
249
203
3065
1070
376
148
2013
31
72
18
159
547
16
177
75
75
109
50
3150
1644
1442
165
43
1282
4410
62
73
137
546
26
3212
416
152
55
1514
628
229
1266
94
13603
1917
2415
1986
