28
72
78
162
12
552
44
242
179
31
243
6
264
157
68
59
60
134
91
25
79
16
56
17
48
444
1
4
242
128
52
30
13
29
13
8744
72
57
403
35
15
353
61
8
53
131
7
1
236
170
372
281
215
335
191
266
263
190
144
184
101
111
236
602
38
14
4
35
208
92
10
28
185
162
189
186
111
615
72
62
14
20
239
110
8
60
250
174
21
29
20
34
135
168
16
204
144
9
231
10
10
1
53
255
472
263
74
19
1
179
189
76
6
17
43
18
3
165
14
17
76
2
269
43
33
164
20
3
45
22
30
38
18
37
19
309
191
484
6
26
37
49
285
75
339
9
37
228
72
31
228
59
237
170
278
1
33
468
12
66
261
205
83
49
256
189
211
14
265
27
252
33
73
3
145
47
189
9
164
122
26
13
30
47
97
154
188
39
342
62
110
59
76
15
45
92
216
25
18
242
6
28
35
238
81
335
121
62
10
34
23
124
49
9
111
2
66
269
175
113
333
7
221
191
13
37
14
247
22
17
24
129
50
474
7
465
80
14
13
117
24
49
224
744
35
20
64
185
68
57
92
18
120
160
49
163
20
23
1
185
400
384
226
107
240
187
94
338
69
62
25
356
38
64
72
130
28
197
19
71
23
20
636
42
3
53
320
451
58
69
285
192
165
31
114
23
187
233
172
199
78
177
209
5
311
363
283
182
47
291
17
350
825
205
23
204
22
49
84
53
510
18
24
33
173
32
61
207
75
240
1
32
55
249
310
175
349
14
475
508
285
171
7
6
111
51
1212
136
344
21
2
53
26
166
261
201
80
87
33
294
32
2
184
207
66
168
47
207
85
124
217
192
323
132
241
123
228
196
64
39
9
83
22
194
690
56
197
177
7
185
188
50
13
32
1
10
1
26
125
251
173
162
672
34
244
39
19
196
25
164
134
321
65
38
576
335
240
258
56
61
82
231
72
198
18
112
564
180
230
28
117
44
8
191
871
21
82
20
288
7
20
24
40
40
47
234
23
40
53
325
49
2
15
23
37
218
163
183
209
191
109
32
412
19
139
71
141
50
278
10
19
44
275
49
19
83
29
21
37
268
184
18
259
210
23
22
473
42
286
76
43
2
28
55
22
179
40
19
87
363
195
25
61
87
120
101
43
337
139
27
240
400
1
89
178
246
18
194
172
175
57
36
20
1
27
72
17
84
203
190
65
121
187
332
191
89
11
44
19
13
40
47
20
12
16
377
340
185
83
45
4
235
4
242
300
22
193
58
521
191
280
75
202
71
52
132
1
56
12
195
13
35
186
219
11
209
2
178
67
215
46
71
297
66
233
183
216
36
104
467
223
20
399
386
82
52
40
22
58
9
236
1
140
32
9
62
65
43
207
21
154
218
13
329
53
313
23
154
231
48
18
10
29
5
36
1
21
23
10
283
45
178
38
3
68
62
14
1
161
502
15
259
11
1
283
7
23
245
30
27
125
135
610
13
64
57
13
207
249
276
230
14
178
178
231
202
523
8
34
53
340
411
260
275
198
259
38
195
149
33
10
279
1
1052
180
146
53
26
4
614
29
28
21
220
96
29
320
129
75
67
111
21
465
1553
24
25
34
290
43
103
13
43
91
67
689
231
64
68
265
10
223
38
11
8
10
108
396
329
153
35
1
250
22
173
59
11
249
1
1
26
70
6
156
36
7
58
15
11
57
1
61
53
32
46
241
181
238
13
21
24
162
16
11
56
172
290
188
18
205
195
6
246
31
28
166
760
568
104
82
10
21
31
231
1
1
9
249
5
1
65
5
3
11
481
157
39
89
252
1908
206
9
38
132
495
24
194
18
11
198
48
12
46
5
225
217
34
59
11
47
48
8
1
396
1
79
16
71
253
83
18
494
3
1
373
370
48
337
69
365
127
5
62
32
35
214
7
100
190
1
1
389
195
27
24
62
18
47
38
1
190
232
802
263
1
183
31
473
503
122
147
293
32
32
138
27
74
221
297
229
140
40
11
296
287
860
49
62
104
1
183
201
31
22
40
13
196
3
484
57
238
84
196
224
252
11
59
68
77
297
24
6
13
35
29
239
10
239
5
6
49
37
89
37
15
92
16
39
193
41
33
17
289
258
23
153
10
286
67
27
18
185
199
152
172
27
32
21
69
15
588
38
21
119
525
228
117
261
98
314
95
55
8
18
1
34
28
21
77
35
12
28
35
21
26
395
53
35
285
106
53
36
97
7
2
3
110
9
82
189
267
265
246
77
67
5
37
34
166
147
7
366
112
11
90
270
234
19
570
51
60
119
52
562
1
9
181
35
49
560
43
290
32
281
1
52
178
81
50
282
17
19
245
93
11
7
1
277
277
245
84
82
26
1
102
251
90
6
27
47
204
2
64
52
166
3
32
66
218
471
758
41
15
119
11
186
307
235
26
188
60
6
135
96
75
78
7
60
18
220
192
13
300
241
133
125
78
22
365
18
8
26
158
16
206
35
262
213
89
260
21
209
246
56
305
172
236
1
157
24
42
124
12
21
240
134
24
23
1
13
32
187
21
101
65
45
5
151
98
50
36
24
340
1
5
1
85
75
30
29
264
245
8
256
208
39
193
104
213
30
45
205
73
1
64
22
26
174
17
41
216
86
19
116
35
189
17
28
10
30
27
275
214
219
42
131
107
36
11
307
79
533
63
15
218
40
35
38
107
83
96
203
13
228
20
21
1
235
127
44
360
9
31
202
58
17
177
51
53
219
149
92
11
55
1
40
186
50
124
564
70
239
289
13
10
8
82
4
26
85
158
61
87
213
5
203
389
8
29
20
71
39
47
119
8
24
157
260
547
433
299
1
349
300
182
218
52
23
202
68
73
260
1
48
26
173
127
208
12
15
75
90
28
18
39
12
38
24
265
413
173
19
249
240
259
39
79
74
13
10
233
33
34
38
24
26
18
11
70
47
194
214
159
160
96
356
18
7
93
32
343
12
12
335
49
12
49
6
143
217
233
89
344
223
10
5
356
222
169
324
241
21
28
63
253
16
58
87
43
29
36
322
199
204
13
339
23
214
1
15
22
3
48
11
34
173
20
41
37
1
101
227
21
44
63
17
5
340
206
168
9
41
170
183
34
384
47
39
245
41
223
33
2222
47
7
237
38
17
63
21
198
164
81
17
6
61
41
8
23
30
96
219
28
93
45
11
326
193
310
123
83
14
27
184
12
69
15
55
25
10
119
206
68
332
14
417
51
199
90
178
203
158
52
52
27
114
408
109
121
216
8
11
65
444
31
16
9
1
67
120
35
52
13
248
218
15
72
227
24
65
15
90
27
129
23
33
12
301
270
51
35
503
1
287
371
242
386
191
17
35
143
12
29
3
291
44
221
294
45
94
70
6
34
18
203
15
161
105
44
19
2927
231
45
89
26
29
11
407
334
18
16
5
37
182
152
1
241
10
3
32
84
20
38
172
71
488
20
76
30
61
108
309
40
89
79
4
24
6
12
25
76
32
28
333
265
8
98
352
212
354
199
25
13
31
208
50
155
46
111
75
531
15
24
69
212
100
183
238
225
203
241
78
493
273
169
38
20
39
11
10
277
29
202
13
243
2294
95
29
30
163
1011
225
37
5
468
437
20
42
221
166
22
142
263
179
20
5
7
1
75
99
15
85
71
59
34
12
184
80
21
44
514
47
7
12
131
275
36
32
26
89
116
31
11
347
52
71
485
121
346
55
75
280
17
24
14
58
232
22
163
214
63
38
8
281
302
19
31
229
155
54
236
10
225
9
16
15
24
49
26
306
25
43
28
30
18
67
3
115
148
212
441
43
66
367
53
180
23
659
50
28
472
32
145
76
12
65
2502
108
7
164
38
106
67
249
196
25
142
73
82
23
661
320
298
75
20
33
10
70
330
75
210
19
59
24
215
52
28
143
60
16
18
49
73
344
94
199
210
74
29
190
47
262
305
47
286
117
247
129
72
149
82
35
83
132
93
38
74
95
1
19
215
245
301
9
12
12
1116
31
79
28
80
26
56
128
867
23
215
18
51
141
183
420
17
179
228
20
13
62
208
61
19
1
8
209
16
34
64
37
225
9
336
244
273
49
27
354
469
1
114
214
379
49
22
27
19
232
500
25
32
173
129
2
78
1
653
260
232
244
195
107
80
18
49
128
189
207
332
277
42
200
143
73
16
16
31
98
23
50
234
18
152
183
44
311
60
814
34
7
234
24
250
20
6
41
73
168
130
13
434
89
49
30
74
83
39
67
54
161
1
173
229
149
37
83
6
10
6
165
50
100
33
29
208
367
12
112
33
366
49
181
49
720
49
133
140
22
4
23
72
165
28
69
148
29
375
26
236
22
11
5
262
205
37
338
175
21
72
58
61
142
28
2
125
164
61
118
492
227
434
73
1
228
46
308
344
30
402
46
119
20
127
12
99
20
9
77
26
45
1
394
80
158
34
378
407
32
89
74
340
232
210
256
186
62
18
1758
27
59
155
4
12
55
44
20
204
15
23
251
23
17
28
10
243
7
13
228
22
44
317
443
18
76
288
72
24
29
189
22
30
277
23
20
276
1
31
67
17
14
47
286
7
8
25
43
36
19
37
64
51
220
139
586
63
13
104
172
103
4
273
173
48
23
93
178
11
55
24
5
266
219
52
22
30
20
30
26
1
19
1
20
40
117
299
29
183
31
1
64
71
32
1610
77
61
87
3
238
73
27
31
42
12
280
117
55
77
25
1
9
171
45
11
65
410
72
194
113
19
86
51
32
27
48
321
45
281
1
66
200
192
219
433
122
233
13
55
27
8
170
27
10
17
227
56
285
24
123
11
19
16
9
73
109
66
20
8
188
280
20
8
9
47
27
325
199
12
1
134
328
268
37
306
20
176
266
409
58
8
298
62
130
264
43
75
49
319
386
937
10
184
10
4
2
236
326
11
11
64
220
110
1768
572
263
69
75
362
26
118
11
131
