5
217
21
327
17
11
49
8
140
12
76
362
11
2
455
61
8744
23
9
12
82
149
203
89
5
85
140
1
212
246
33
189
2
88
19
3
1
1
394
17
146
10
232
44
8
141
5
159
883
199
8
39
1
163
7
677
173
62015
7
11
36
72
48
1
1
167
201
1
17
8
5
90
3
37
2
1
137
2
183
1
1
235
4
39
43
20
4
9
135
36
40
101
240
42
6
1
3
43
70
366
48
86
76
10
311
347
126
212
77
93
39
3
265
903
1
115
252
31
238
1
1
130
1
169
38
187
9
155
67
123
27
74
26
56
99
47
1
10
29
15
302
309
57
85
80
126
26
170
10
54
307
25
253
96
22
358
29
34
4
80
431
222
87
21
1
120
212
282
48
1
14
39
187
100
95
134
58
132
9
29
82
7
31
122
7
73
39
72
7
76
5
23
32
35
152
84
179
148
131
46
77
67
68
29
311
75
244
406
193
74
80
87
75
189
381
77
95
71
33
441
278
351
130
16
1
55
23
333
40
128
21
15
3
181
377
24
30
250
12
190
72
26
234
91
724
24
2
155
49
2
151
2
57
13
8
75
1
31
209
692
315
1
197
271
38
70
194
189
17
35
607
464
20
213
56
185
123
78
378
87
144
2
35
71
75
375
7
31
47
5
224
65
221
157
1
165
15
327
7
4
6
40
207
79
2
11
32
54
96
5
1
49
91
2
23
232
86
14
38
1
158
209
302
8
167
95
6
72
10
1382
4
75
23
190
24
211
238
295
39
51
455
330
33
7
28
367
462
75
2
6
94
82
217
4
236
180
21
1309
5
343
7
6
42
38
173
80
121
123
81
24
26
555
30
64
78
1
61
725
87
1
531
1
9
97
76
3
11
54
1
30
16
14
237
109
749
227
19
38
266
41
13
17
35
97
8
44
27
10
16
36
222
75
588
99
14
197
49
86
51
442
8
14
538
5
83
137
44
85
460
168
129
16
4
5
206
451
5
409
1
16
50
11
27
5
77
860
200
21
45
23
154
5
1
120
232
8
35
14
23
13
35
105
1
78
33
5
101
1
257
17
48
193
165
18
3
223
127
11
12
50
46
10
13
8
2
45
224
74
82
29
5
89
251
3
6
75
17
80
45
35
21
142
79
127
23
9
11
1
31
1
19
14
44
363
144
64
216
346
30
24
9
174
1119
250
276
76
206
125
74
9
1
124
81
255
125
76
81
6
117
13
3
25
15
5
41
10
286
270
127
29
72
28
3
145
5
20
16
9
75
135
137
47
156
5
143
63
44
55
13
28
34
81
3
62
10
33
78
462
219
38
222
56
339
329
7
6
350
1
195
375
36
73
102
268
71
73
1
75
120
72
248
589
93
21
128
207
17
29
96
221
128
30
14
457
194
4
1
1
76
385
4
16
424
79
32
75
74
192
14
1
9
1
3
213
25
42
76
453
109
146
50
101
118
78
7
14
14
16
1
670
112
73
21
44
31
167
15
12
34
241
31
25
152
650
73
77
72
11
14
62
1
204
156
47
1
210
91
75
81
402
72
75
199
163
110
115
3911
504
82
216
79
9
181
116
32
78
1
372
71
102
265
186
282
5
