56
511
62
3
16
277
417
234
150
258
11
49
88
108
4
184
160
489
2164
1328
170
40
1
12
73
391
40
2
40
35
387
24
302
183
3418
21
187
266
56
251
125
54
671
21
26
694
97
47
180
4
107
248
25
150
1947
371
300
420
246
7
22
146
439
19
340
79
863
164
214
253
33
32
86
9
54
114
217
31
14
553
144
11
378
411
191
199
367
15
288
21
374
1
10
32
672
7
2900
194
895
97
175
207
333
1
30
335
25
1
134
105
151
310
133
524
12
148
62
879
51
210
71
14
10
586
54
145
131
953
22
43
127
331
256
21
76
25
37
254
59
64
427
1102
631
38
132
2720
417
394
74
383
78
96
615
34
442
151
74
118
147
49
28
93
8
54
398
97
103
27
116
122
224
37
493
19
11
245
75
153
609
50
299
72
705
144
142
20
19
1838
13
1366
568
87
4
156
5
247
58
3
242
100
44
178
11
353
81
12
117
44
140
71
309
40
107
35
11
406
156
177
93
583
20
71
67
383
43
675
24
70
50
10
120
232
143
107
8
13
76
240
115
47
72
60
229
16
51
329
504
67
869
15
72
9
330
479
347
513
294
31
349
24
181
300
122
119
354
255
124
384
45
99
480
154
714
148
10
173
37
252
203
143
311
34
1723
449
20
85
12
34
944
831
217
1736
34
4
27
64
78
145
323
92
56
4
260
60
29
69
309
897
21
36
332
8
18
388
64
112
71
729
272
14
487
175
47
47
42
105
384
317
83
350
34
56
592
175
271
1904
165
22
283
1
126
9
330
13
625
877
14
96
253
356
79
394
40
508
22
5
494
4
32
99
335
294
17
87
342
504
407
1065
571
170
485
27
262
61
339
120
86
236
205
182
7
90
325
324
249
285
12
206
245
22
53
54
391
106
311
12
211
53
269
200
142
669
763
99
1049
686
114
60
200
211
858
3
191
17
196
235
272
17
65
18
101
4
218
245
59
231
169
182
14
40
92
206
185
3797
268
6
354
10
28
75
2
258
141
19
189
279
232
73
15
28
287
428
33
188
246
68
53
660
18
90
6
392
14
340
19
191
51
182
275
34
225
110
1127
72
32
60
110
169
284
46
12
50
38
8
10
77
356
5
76
26
79
33
855
8
31
951
34
7
425
72
703
420
324
154
87
246
347
1
47
1
29
68
297
106
402
9
282
63
97
459
684
35
76
34
51
2
401
493
439
89
657
1057
22
365
185
820
826
42
773
622
524
272
1426
405
587
34
41
15
38
73
77
12
46
338
87
70
