4
19
22
40
15
14
31
3
39
159
161
15
13128
442
61
50
2
5
25
57
9
8744
22
15777
342
63
36
24
42
17
2206
169
2115
57
381
5
2
11
52
14
34
50
73
25
145
9
67
73
1535
11
37
5
2113
29
30
3459
675
384
5
29
172
38
87
21
1
38
86
290
8
5
1304
54
111
923
111
489
38
73
1295
1052
11
159
15
1
71
376
18
28
14
57
148
7
29
34
2855
62
6
47
16
53
24
5182
28
391
79
162
438
115
269
2246
620
1
28
1194
1184
3292
1560
53
160
297
232
473
566
47
91
373
28
42
17
82
187
22
198
245
955
65
6
200
1
91
321
61
1859
235
165
2
183
66
2088
1114
4422
15
75
563
479
20
75
93
120
177
279
2169
84
1185
109
407
622
47
62
117
28
35
21
42
494
61
681
122
62
1178
32
16
178
115
182
81
2704
155
2314
18
157
32
145
286
19
1057
271
82
252
1171
98
689
98
296
159
340
12
826
175
251
317
24
274
181
62
23
4884
1134
17
55
368
39
495
679
159
114
33
1132
147
436
849
279
3757
515
27
15
394
11
411
184
1
288
564
5144
839
40
251
55
43
558
87
141
58
339
183
307
91
24
121
1
20
24
17
34
1684
2722
138
1112
11
28
33
19
30
92
1875
21
1
13
45
94
4610
323
207
235
6
41
9498
2
48
51
675
189
183
1327
5991
64
4441
93
2
19
78
22
180
192
287
25
8
20
80
139
10
50
45
4
30
2832
413
250
399
3440
559
88
55
22
13
528
160
51
19
1166
3
86
2
1
4005
410
60
215
3666
50
727
193
3959
1591
2684
3166
19
5
194
898
38
333
226
10
128
1353
117
90
14
36
3474
408
280
119
503
39
1853
6
46
2300
1361
378
8
11
17
112
29
1162
681
346
173
18
145
25
214
6
209
5
679
546
69
502
1760
56
1667
621
81
141
939
12
90
1858
1265
63
218
20
117
26
606
54
875
210
6779
759
14
946
318
1785
107
8000
173
20
250
410
39
273
30
3
14
113
250
1
26
88
10
619
4
122
304
2615
134
3001
2698
101
428
119
2
249
98
32
1681
212
429
118
65
46
2277
145
4
83
95
2649
63
29
2728
1391
1383
101
36
78
190
801
126
5451
507
29
18
14217
127
1812
65
154
985
38
6994
665
50
2
7
170
2
184
228
92
251
421
459
986
37
91
320
284
32
136
47
12
84
360
20
101
7927
3309
1
3
30
93
192
320
2061
997
18
3946
5
47
4
33
4
4
554
1114
1234
32
92
72
1639
28
103
1
435
11
10
142
16
129
7057
6815
1051
113
94
279
235
254
46
836
30
6741
131
57
104
1545
269
24
253
384
67
7291
27
28
577
279
1
109
75
45
106
63
2157
386
583
11
35
111
802
9200
60
21
131
38
1252
44
38
946
1633
467
70
946
55
323
387
109
241
32
37
481
14
1730
20
18
340
2
65
1
32
29
157
19
198
57
11
138
132
164
13
498
2240
72
661
9
105
240
1
13
26
198
3
125
99
234
33
593
510
6
126
7
1065
91
46
23
2082
1
296
11
28
21
1640
16
28
2
69
68
7830
9
43
20
1223
4
155
1960
222
79
789
583
46
51
20
252
2720
183
506
383
32
198
44
140
48
37
5004
38
449
211
13
136
436
52
12
51
464
37
403
63
81
393
285
9276
10
17
70
37
144
2726
572
990
47
797
68
7
27
1239
2307
1384
38
7
24
136
101
199
419
221
1288
38
12
10288
1246
2453
90
1813
27
8
54
14
1
209
1
38
299
27
349
175
50
118
74
132
36
1
61
40
76
40
1
153
6
714
145
23
46
304
1154
18
117
22
142
29
225
220
5447
5
11
87
252
74
142
2
46
6
197
1579
21
108
279
405
1
14
2
744
177
448
3083
48
420
2979
2
602
1
202
335
75
15
231
50
76
10488
45
203
78
255
18
32
52
1276
257
3
3832
47
11107
1659
2724
12
238
71
1225
8
1246
1625
3937
320
191
3
233
6143
25
56
8
1177
1587
195
227
32
1659
73
63
817
43
28
4540
1635
72
96
1285
31
3
29
35
62
10
902
151
2
52
343
124
275
3
534
396
600
7040
4217
2
68
1854
677
434
2869
257
43
1
1952
49
183
1919
89
171
3
76
191
1837
3757
1200
401
875
173
38
239
7088
43
25
15
375
202
1
21
40
39
108
133
40
70
368
83
4931
39
30
422
94
14
220
2031
55
2130
1693
142
1513
354
476
30
14
616
3087
1051
73
15
506
1
269
19838
23
22
36
288
23
65
656
343
799
21
17
44
423
398
2182
299
9538
172
116
980
1237
33
1
2695
882
168
43
3152
186
2
266
258
81
31
672
662
135
3
117
3
385
16
23
33
73
67
85
25
16
90
1128
550
234
6630
89
48
560
2
90
6043
193
2246
25
395
17
187
745
3551
989
392
205
155
83
17
6
68
1072
278
2786
176
1541
47
23
9
215
361
74
553
167
98
2
123
1130
319
464
30
809
253
393
14
29
128
1
29
155
408
370
3316
1238
25
9
91
108
450
749
208
353
1
63
20
89
20
3054
14
59
1045
64
1055
42
536
7549
72
60
1109
1187
23
119
19
363
17
647
8167
53
89
136
132
199
24
261
281
1
460
14
1804
22
419
12
20
635
43440
2220
17
18
157
291
95
10
469
17
520
9
29
405
14
531
8725
17
36
48
46
32
969
106
5
39
219
44
28
33
1053
50
9886
185
17
12
848
194
3668
162
51
24
1
166
32
830
647
14
449
28
49
74
6180
605
602
66
483
30
106
26
341
1251
85
2607
289
1975
20
6492
530
127
4253
174
40
26
4187
62
72
29
1407
1
151
92
18
3518
3477
90
22
243
24
326
28
507
758
321
178
84
117
262
159
37
85
14
114
124
15846
245
522
8
265
18
3589
43
67
168
17
4180
586
15
324
5422
21
33
39
1788
35
38
376
1089
113
587
20
214
31
1
12991
151
406
6
5
162
531
54
30
25
57
256
1131
1287
29
136
96
1
47
27
2547
40
50
3792
2170
701
105
1
210
33
12
16
62
147
697
758
2441
46
331
28
315
2
48
2447
107
11929
4
551
245
5248
189
54
9
334
355
249
48
12
1230
86
1
27
1418
6659
2338
55
40
14637
2435
624
814
25
114
122
470
121
22
16
56
131
26
9
345
816
213
839
609
51
73
791
943
4
26
61
10
26
44
195
40
20
137
769
2620
36
3441
4981
1
346
50
379
6
62
105
24
2034
33
504
774
406
421
1181
13
15
511
52
2325
2274
2
3344
57
3139
27
120
91
20
619
353
21
17
108
1
15
85
212
162
18
66
293
125
3687
14
1369
76
4
10
1180
1899
237
678
372
4347
147
269
86
2303
2450
228
78
213
4532
2
38
683
8396
862
187
592
653
3304
637
5599
1073
261
344
33
22
553
5
2360
25
238
148
2
52
5199
2642
514
5086
342
1590
15
25
368
78
411
1518
148
164
622
6126
4824
96
94
33
60
265
13
379
6
144
66
164
17
2091
26
9
1005
590
257
1658
6
2546
73
388
39
388
305
219
9
1
48
115
514
302
263
494
17
97
12
241
83
183
98
93
47
39
108
12
423
9
344
147
5143
19
16
55
1275
4769
4762
86
103
88
41
292
5
51
881
1523
31
392
118
258
115
750
3
32
64
20
604
228
774
507
84
3879
2672
31
677
1704
56
205
1
24
57
890
209
48
776
1254
125
737
27
782
1183
790
65
351
1226
7
85
4796
14
20
8726
3420
333
2002
3
2689
214
66
155
1236
1
218
12
23
1234
95
78
591
226
146
153
54
1
495
1032
172
44
42
1
1956
245
4
4
1132
2
44
36
471
28
66
166
27
230
10
2842
21
150
47
27
95
4
26
30
1426
179
75
244
1126
693
3387
425
14
59
159
11
58
78
428
1
25
6
144
1914
499
45
146
8
186
3615
176
16
120
13
80
1
204
17
1576
58
2817
106
26
403
55
38
171
137
1221
1539
665
55
805
14
124
1590
582
358
6
10
22
6
10
230
253
70
13
63
76
1
92
32
281
48
1727
85
538
4744
352
475
282
105
2273
628
4691
33
37
98
741
1258
105
174
230
4
1723
57
1268
261
92
23
11
128
1
1756
60
17
95
54
947
2
482
18
2254
598
92
4300
1326
2136
23
989
281
630
64
471
17
6882
32
148
170
38
8805
208
101
48
69
23
3
443
6
5507
4795
25
91
486
422
1388
109
376
4303
296
2
9
6122
433
6
143
240
3718
27
1
18
33
184
48
2120
48
22
582
7658
373
13
1758
79
255
54
629
1
2
16
28
678
29
1
1
127
79
756
127
1183
16
1372
147
318
3
1343
11
7760
334
90
851
1060
257
105
53
183
1015
57
1552
21
89
38
24
89
354
7
152
22
399
550
497
223
292
38
15
1
39
3480
100
34
565
124
51
54
16164
1927
7302
2023
1108
3
91
2
205
1
158
672
10
1392
1
6763
39
586
57
2296
248
14
272
11244
2372
66
453
6
34
4
1329
14
28
549
40
907
32
380
29
46
32
57
927
638
1821
86
4238
150
589
124
723
46
2296
202
4449
345
1997
3
22
211
159
92
52
40
34
50
1988
55
739
62
3349
1504
125
141
418
251
289
35
65
24
2
321
257
581
26
65
30
90
977
1996
14
813
5336
241
2143
33
1264
87
829
473
32
201
11
68
823
9
480
266
80
298
242
128
100
32
65
473
268
41
8705
45
20
24
80
1988
63
481
106
17
903
14
704
490
2523
270
19
2008
51
329
121
57
18
195
31
94
273
847
141
360
3
329
7
1214
2477
145
4443
162
257
385
80
13
2
76
638
793
61
934
83
521
32
1428
8
588
850
154
159
20
139
103
148
103
59
115
34
94
80
1625
783
14
18
698
48
595
3481
6497
39
5400
4
29
525
1
42
5
242
33
66
20
92
2
102
219
94
44
95
42
210
94
10972
1440
275
1
59
838
1
2010
224
311
89
86
17335
38
430
41
9
15
52
53
12
167
56
279
30
17
517
141
389
32
4
14
1137
149
3094
703
470
1385
1926
649
15
563
1
167
1674
83
173
1097
108
31
333
38
1571
83
8937
27
724
29
523
326
37
282
2085
1578
1
22
67
1152
64
5240
152
7
890
20
311
1091
88
1
395
479
194
1533
51
6122
187
623
458
2
1825
26
11
17
34
1
172
37394
122
93
9163
26
142
40
35
144
1131
714
98
2658
1170
304
658
652
661
21
6
882
165
97
38
4129
1669
27
539
591
1514
15
792
72
28
6
417
1993
306
25
23
82
22
40
734
20
220
2408
4
14711
3080
106
7
1628
180
43
5379
24
46
1347
76
45
19
51
264
52
785
1194
3410
4
20
14
429
47
170
137
63
8
1094
1
274
12
20
127
40
163
43
352
1730
53
21
4119
23
140
10
859
40
1857
356
15
167
95
13
226
116
105
735
30
80
2598
85
137
1089
41
76
6819
7584
5499
72
169
23
62
325
753
7
2994
80
338
171
96
11
18
30
47
88
580
1
30
151
98
49
37
17
15
206
53
43
36
39
1683
8
20944
2
489
5544
1076
