115
101
42
102
3202
53
5
12
84
16
12
163
312
48
232
1
166
52
12
15
360
1476
573
283
105
8
410
117
236
182
188
119
94
170
485
784
16
174
92
158
25
6
114
14
106
47
422
129
1978
23
16
58
57
72
1020
31
12
573
105
593
13
363
21
267
212
353
10
23
55
42
18
15
15
265
17
341
132
8
30
175
19
233
32
661
9
23
105
111
25
21
152
629
391
103
105
82
110
32
1194
1877
148
123
256
33
160
16
125
118
41
122
30
418
533
24
105
495
29
9
77
8
165
42
89
521
815
106
96
13
16
264
276
231
156
1
194
31
24
173
123
97
84
724
74
126
84
11
608
622
437
119
6
40
48
67
70
11
14
133
135
62
138
73
99
121
146
113
241
58
34
32
13
701
25
1
246
8
25
131
258
33
236
524
6
23
162
1088
85
126
1
107
25
205
22
142
85
95
377
888
6
104
6
49
106
15
101
57
10
951
41
104
276
17
34
143
7
430
164
18
122
1
449
425
224
6
106
124
61
253
29
189
112
2
138
186
105
77
120
34
583
206
6
271
26
1234
97
112
32
15
1176
3
33
408
50
118
65
9
87
27
125
379
167
189
36
15
99
142
547
125
374
36
126
14
25
21
1299
649
24
567
1275
21
8
69
75
1321
125
91
129
47
7
613
628
136
146
289
105
92
7
23
113
253
160
97
114
254
96
459
154
163
120
318
105
153
400
105
152
165
2644
240
104
121
190
116
305
148
139
127
102
108
191
158
478
6
102
468
232
171
219
33
200
139
107
270
138
128
1
577
253
1
752
192
428
210
215
127
107
329
145
192
350
266
331
57
30
121
57
3089
106
83
1
5
107
13
173
35
591
171
40
9
203
24
6
38
127
800
102
4
1
1
52
37
6
121
629
14
9
29
9
61
249
13
1
389
16
203
102
46
257
718
218
32
12
232
15
20
140
1
28
143
150
43
693
14
1949
121
105
472
105
105
60
116
418
285
51
295
114
144
28
43
29
259
191
165
106
17
137
26
197
608
200
549
60
321
462
156
7
272
220
247
17
235
486
34
72
29
27
321
139
6
69
149
108
18
113
507
116
148
28
40
370
132
91
139
247
5
540
102
279
34
233
12
105
192
15
127
101
188
23
412
125
75
322
20
1224
1
3
94
137
119
707
125
388
25
110
18
6
127
161
8
49
11
1
12
80
124
3
124
170
30
115
204
99
18
1
630
65
329
34
218
352
52
103
106
216
71
4
688
158
9
128
163
10
6
129
338
6
3
450
130
49
107
32
653
79
144
66
19
223
2
188
635
1
127
43
45
53
58
20
140
105
379
113
1
5
22
33
381
105
169
103
171
30
41
66
12
12
1138
426
747
103
20
131
37
8
125
19
256
1
32
140
30
102
225
337
104
266
1510
178
240
10
411
705
37
2023
394
8
110
26
106
19
117
23
105
2
23
1
47
261
41
51
110
89
359
20
23
13
65
276
582
143
13
145
334
189
24
47
111
143
254
464
112
72
1088
19
3
110
10
399
233
105
1383
66
34
108
56
92
1
105
105
98
7
60
106
412
97
362
36
42
19
240
10
2429
91
9
54
883
279
77
61
433
112
689
44
16
145
381
95
117
700
870
300
21
37
5
19
442
110
111
95
497
147
11
218
1
230
131
39
74
41
185
7
8
25
122
267
281
29
2
119
120
474
222
400
179
97
113
215
301
123
336
113
424
96
271
119
434
8
288
65
119
11
27
20
67
11
117
134
95
64
267
108
61
196
106
35
159
194
10
149
103
138
266
599
259
45
122
107
121
6
105
123
11
230
120
391
106
127
290
83
8
9
20
127
289
13
128
88
262
811
128
102
125
172
125
246
22
54
953
317
21
5
1
105
115
156
154
2286
37
570
109
113
127
184
176
156
112
104
107
7
397
319
13
211
112
117
116
437
107
151
13
21
7
141
124
120
240
12
191
110
33
333
131
100
125
355
1
758
98
102
47
109
2321
62
189
610
52
124
110
10
37
229
105
105
103
604
1072
489
99
515
137
19
390
172
11
103
129
59
1
1
31
11
10
15
103
114
118
415
140
182
257
16
35
124
67
21
102
28
167
50
20
10
198
32
104
30
113
257
47
227
213
25
148
338
213
84
109
284
104
171
106
362
141
191
123
2351
281
102
540
105
110
388
169
105
1964
104
113
428
23
198
116
207
117
311
44
862
156
150
110
94
99
127
81
1
107
25
115
17
249
34
124
133
125
1
18
115
363
527
117
111
113
252
316
128
238
207
839
64
174
459
119
64
121
247
123
279
238
105
106
122
138
107
4458
403
115
252
210
115
349
48
92
17
1
