190
1527
96
85
585
129
24
137
101
450
227
460
31
175
231
198
85
517
135
201
233
8759
44
54
781
12
168
1195
118
11
962
244
178
251
126
1
989
734
117
1602
38
171
105
151
226
8
64
524
113
108
467
40
31
13
1
292
18
155
49
102
923
398
65
6
453
44
48
5
300
273
106
4309
191
1736
2875
89
23
202
245
769
42
139
970
542
35
167
467
26
1045
65
566
74
169
1657
137
19
197
24
409
97
253
196
78
61
344
127
60
47
1
5
378
666
224
192
2
5
1181
19
35
309
133
67
8
282
382
56
707
624
496
136
430
9
465
78
445
9
550
41
898
117
792
316
286
727
3187
42
546
1722
181
977
99
236
1623
139
58
173
66
589
325
343
103
392
73
5534
26
974
33
182
65
1205
57
469
52
566
20
106
32
1
1206
12
2492
12
108
2
381
371
6
706
9
107
160
70
209
694
886
103
178
548
3100
1867
546
460
21
1038
141
1349
117
1458
125
276
229
75
59975
1255
334
125
2574
60
122
2026
139
1339
1479
124
14
13
140
275
531
315
36
26
8
4
15
108
20
269
788
454
362
94
226
17
203
61
679
1136
54
128
186
31
1364
283
87
311
520
20
1713
182
244
125
66
300
257
132
103
90
43
178
14
70
68
254
234
197
30
291
50
592
53
76
825
59
55
376
21
330
15
207
22
31
1585
1
300
264
821
381
327
344
372
7
940
129
326
29
607
127
25
3
61
131
78
127
105
31
39
445
300
1536
11
1107
94
1044
218
128
50
81
470
136
2581
40
774
921
217
7303
43
111
7
47
1172
444
14
316
1252
137
1572
46
208
1214
1594
160
36
54
72
221
131
108
548
196
42
362
233
142
285
42
68
827
218
2032
222
235
182
50
183
8
2
165
567
195
24
17
3754
112
34
942
269
59
22
62
447
718
60
109
169
999
72
217
128
329
7
382
175
297
57
245
125
1
42
194
31
209
63
67
282
160
90
1742
88
1146
43
1
364
1621
366
732
70
183
100
12
49
60
176
50
546
276
821
27
2548
190
52
65
170
50
258
943
17
2
236
84
95
99
270
246
23
297
202
58
607
83
58
841
3734
103
137
962
5
14
120
927
153
561
271
135
1287
58
38
7
38
101
15
99
429
50
273
648
2122
2509
22
1063
651
62
35
607
54
27
25
1
36
9
240
18
36
1104
91
251
223
20
429
252
135
816
431
24
120
21
543
211
29
410
158
257
303
17
603
33
53
1351
774
469
66
437
77
191
132
5165
110
126
104
55
886
828
297
236
250
149
88
71
71
12
250
43
331
78
34
2
268
69
41
1334
643
72
109
532
141
752
46
362
38
157
128
177
190
900
52
383
115
1210
176
62
57
236
266
245
720
3842
1020
5511
1522
93
38
347
186
726
130
789
424
667
91
173
150
453
115
137
748
44
158
114
21
22
186
56
1390
44
20
27
13
129
914
825
116
99
123
155
35
914
1314
340
48
350
863
1555
43
170
133
322
302
160
437
113
1089
5196
264
2490
10
421
45
154
129
173
253
186
31
969
24
2665
170
50
41
191
29
449
822
323
526
20
190
469
82
23093
164
319
443
334
20
702
49
207
21
25
454
390
10284
305
59
118
126
770
841
88
296
27
451
40
73
449
263
5
942
81
71
40
70
127
146
81
111
45
169
1199
97
50
24
579
205
68
295
1275
25
207
37
91
590
47
909
389
244
254
51
97
144
946
34
18
324
126
49
107
18
3110
577
193
680
6
424
194
621
871
205
28
798
31
181
534
1587
24
12
122
304
186
25
421
55
497
87
2218
181
54
436
6
205
673
524
171
362
312
251
115
616
7
192
161
24
352
149
407
1449
245
483
139
82
1354
254
96
35
28
189
115
104
152
121
892
17
1003
133
569
21
19
15
9
412
224
44
77
71
112
1373
11
246
231
29
47
1536
673
764
890
235
542
642
85
176
189
30
275
257
16
50
109
190
593
94
29
265
305
248
29
16
127
90
148
448
110
127
640
47
62
54
93
33
188
1183
636
748
92
5
422
11
709
3922
123
1915
392
51
270
206
208
97
587
105
114
12
30
405
644
766
101
232
451
66
19
39
549
279
44
1742
848
83
962
24
15
5
64
18
63
457
69
86
5
152
184
14
77
124
2849
265
62
47
129
854
40
27
54
26
427
11
29
117
32
164
46
68
356
228
366
1534
893
46
96
362
256
329
968
187
48
162
73
240
110
24
120
465
792
125
624
116
107
75
130
1014
30
64
162
31
981
6479
9
74
788
106
29
60
181
85
154
19
113
153
19
152
148
244
56
354
44
91
84
52
45
123
44
97
1381
130
86
236
314
842
46
26
19
503
23
187
293
476
353
154
206
630
643
112
4959
463
75
1699
91
909
237
31
191
504
808
1091
686
105
155
428
165
105
130
77
29
354
214
66
2810
886
252
1059
376
76
99
246
193
27
193
168
204
16
570
26
64
968
3487
832
108
125
131
193
104
247
243
44
844
204
103
116
707
105
183
216
222
670
109
2567
240
106
252
677
225
131
243
122
66
314
120
235
1626
24
111
152
132
544
1179
110
445
694
108
88
652
111
5
710
89
79
105
7
166
23
1148
27
108
810
115
111
3579
168
2
1919
298
1111
97
116
335
81
305
158
395
305
197
8
35
107
786
1
153
464
408
210
609
128
2733
1212
2757
448
102
69
108
423
280
1188
1649
121
313
256
96
446
127
2500
602
120
50
1213
205
26
54
692
41
38
180
18
20
1073
351
133
225
33
24
121
66
2133
49
432
270
715
1
113
23
85
107
220
19
349
194
262
107
513
127
18
17
57
4
33
25
137
412
183
969
502
489
818
68
192
288
43
176
2540
212
166
170
175
2738
80
6
959
63
32
38
95
144
8
838
13
178
22
250
202
129
357
30
657
199
28
641
121
664
2005
91
45
319
243
152
443
40
6
238
167
1518
34
28
111
268
11
331
552
578
93
134
37
47
2614
45
46
38
38
285
278
1278
76
15
42
832
19
109
352
540
341
510
34
85
116
796
1076
63
570
23
366
707
75
175
16
50
271
3
119
901
41
137
17
646
31
183
80
117
238
14
57
103
5575
465
30
677
98
42
103
173
147
121
544
47
67
440
91
152
18
40
160
183
17
46
653
64
17
489
132
121
186
113
1627
430
198
14
31
225
581
18
124
12
35
27
645
64
73
124
64
22
326
12
690
88
121
57
20
63
35
41
1772
1598
24
974
1
374
17
145
47
756
253
514
341
2673
99
19
596
733
255
328
182
259
50
59
66
108
28
213
120
78
125
22
483
48
77
222
624
160
117
640
74
335
1595
577
41
77
45
14
14
145
134
455
235
145
88
22
161
1110
46
240
415
11
125
37
170
31
104
80
219
70
257
232
106
180
1075
76
34
105
866
255
25
837
12
107
34
949
210
278
4
128
14
107
109
102
56
230
215
218
831
156
14
241
16
89
13
47
41
489
197
766
18
1604
65
192
893
68
1240
142
177
284
706
39
629
34
724
212
382
61
103
192
1902
369
807
565
73
30
301
608
52
264
291
89
28
1
24
202
198
20
1
22
168
96
109
360
256
273
38
58
82
38
308
126
12
17
14
183
71
20
329
3091
160
103
145
339
58
169
213
108
564
292
279
258
177
98
168
384
519
282
824
351
18
48
16
193
390
8
110
1203
242
13
26
81
78
370
43
94
334
115
54
112
560
63
43
6
59
11
179
136
9
1
120
120
661
19
24
222
37
575
59
353
50
5
90
11
14
15
204
255
54
97
41
1535
191
400
2
112
1591
460
20
431
269
165
168
128
295
320
228
162
450
276
417
334
37
629
469
1099
779
624
16
5
39
115
55
128
42
1621
499
125
2453
353
244
44
476
12
471
2587
30
21
80
474
50
32
1
416
96
474
112
590
665
891
58
16
8
501
32
241
46
70
166
157
417
246
517
70
1
2511
27
237
14
52
138
687
68
59
243
24
14
86
165
950
63
38
15
106
19
53
88
65
160
722
267
211
108
202
107
205
325
164
35
32
256
70
200
275
69
955
44
70
83
4054
526
46
112
25
2426
230
92
74
1366
164
14
10
73
2455
1143
677
57
727
19
1843
349
86
218
30
15
213
349
332
175
40
13
282
2293
730
153
139
7
403
133
17
211
220
1003
14
93
156
397
20
140
19
13
85
38
176
144
152
57
110
172
241
128
14
502
202
38
54
461
115
161
181
79
40
94
11
151
317
117
459
247
21
340
217
251
33
69
23
84
251
382
260
113
10
320
77
205
29
283
314
4182
18
130
66
41
192
1071
42
59
6775
942
875
935
176
36
89
51
125
7
1085
263
43
245
252
34
66
13
276
121
718
549
63
18
75
1025
30
476
72
38
91
79
848
49
20
384
2
40
6
511
222
19
146
611
61
69
101
527
459
316
47
232
35
1215
20
867
204
86
62
203
208
108
389
113
136
110
543
424
30
1477
110
193
177
33
122
107
82
29
258
367
690
189
31
541
1746
177
582
768
29
145
99
468
397
845
488
227
291
234
12
53
13
1451
12
156
31
20
544
492
28
142
14
581
276
2328
20
31
5
406
337
170
74
1723
562
805
26
84
93
84
247
98
22
124
516
1638
25
120
48
320
29
412
51
124
2019
30
31
143
135
237
1007
363
262
119
54
6
36
266
25
348
90
373
75
18
192
316
34
100
286
157
188
45
57
1049
41
92
93
72
75
3962
57
145
40
87
124
72
1733
568
520
48
95
3130
287
198
146
677
57
486
828
181
320
39
277
224
472
11
43
44
687
482
682
19
80
87
19
58
694
23
121
314
61
326
158
15
886
36
76
19
1225
1
8
1142
149
254
67
12
225
146
892
161
70
43
417
75
31
400
307
1656
1659
384
98
78
6380
469
45
126
1080
483
1658
1645
97
91
45
52
60
1211
85
208
638
876
109
172
1119
70
979
433
328
220
807
1383
115
284
1302
98
1794
21
121
199
18
135
30
98
255
242
209
681
2256
283
846
1471
583
241
118
35
129
86
169
194
18
29
253
2
2185
17
876
441
3400
4
17
195
93
199
2996
34
676
244
135
176
75
258
34
93
159
280
297
1
125
370
64
275
90
63
160
224
246
583
112
273
222
571
796
125
120
401
1430
316
954
572
3
252
83
106
45
91
192
122
32
108
80
27
5
32
610
185
23
275
1329
816
6
30
35
105
2502
96
13
23
30
225
232
40
126
187
41
234
19
211
12
111
60
152
52
191
456
68
4
17
59
1162
1024
18
196
87
250
227
9
290
115
85
572
35
114
51
6
225
131
345
347
237
51
61
40
31
664
1053
58
35
70
254
4
185
25
306
22
252
275
118
43
74
2136
56
12
25
197
62
107
114
172
1593
812
9
66
81
197
674
122
416
68
518
880
158
636
91
13
1083
17
44
7568
16
303
50
39
428
101
43
497
328
166
24
15
7
129
425
570
43
46
216
15
514
711
1034
343
51
594
539
1345
208
1
560
865
54
464
1
127
315
243
114
253
384
150
84
35
126
35
1037
82
631
140
78
918
244
93
336
100
7
12
1284
248
125
7
271
321
15
50
798
253
103
217
28
196
45
38
36
118
5
33
54
26
183
14
2901
91
221
149
254
24
321
165
31
67
40
301
312
391
4
57
105
28
22
503
205
267
46
46
211
1778
209
149
38
21
61
461
417
1290
39
304
28
1982
104
35
6
213
145
37
140
56
55
289
43
2
50
720
290
569
278
37
1196
37
203
154
136
352
332
91
305
1802
563
175
94
206
96
241
321
879
87
261
173
16
132
786
10
1559
122
514
139
236
429
42
120
123
55
523
229
292
131
254
267
347
29
65
75
1699
253
1272
65
944
272
43
66
35
219
58
472
14
47
35
58
405
1373
85
35
994
1438
49
31
168
149
219
275
31
1
104
8
837
210
28
82
88
79
123
802
136
15
129
1
380
14
1185
109
38
23
892
640
1494
17
72
211
54
17
15
167
14
796
33
2341
16
43
259
5
21
117
198
28
18
52
1957
78
36
23
362
92
83
82
477
1067
105
37
286
246
101
240
1619
75
104
472
103
775
353
116
916
817
124
44
115
87
35
232
110
235
126
92
1369
187
322
409
45
74
178
7
1353
76
233
47
450
132
140
683
764
412
235
76
70
109
351
7
551
1376
619
227
106
32
1543
285
408
73
252
1
128
92
149
294
53
1275
132
515
33
141
108
9554
125
30
329
443
401
13
32
101
28
347
5323
78
106
586
122
142
216
32
277
156
566
587
366
50
173
346
27
155
1050
538
24
678
217
547
207
230
184
76
119
222
561
230
327
51
472
829
1015
371
466
378
197
60
1576
180
103
1147
951
26
366
69
1711
2888
2416
123
603
111
177
11
347
9
4733
47
171
38
139
119
1726
201
93
5384
155
200
358
152
3629
3
100
1604
30
122
31
351
1214
104
780
171
413
222
133
163
45
105
120
106
193
118
144
1502
241
1178
208
1298
262
129
294
105
534
300
105
85
17
126
43
235
165
258
1412
9
1508
149
119
25
107
103
465
52
329
11
1108
272
145
431
38
296
756
13
23
37
43
149
106
48
308
997
3
183
680
361
346
95
3165
15
1465
133
359
3
423
33
32
303
377
1481
241
166
1244
80
70
2295
46
145
30
13635
5
3241
59
358
528
517
251
2243
427
942
96
114
497
102
130
248
264
59
1136
637
103
833
765
862
331
492
728
354
24
516
54
1507
35
295
1488
274
212
4450
329
387
233
147
168
1412
182
132
286
92
65
135
148
29
92
720
72
426
117
51
322
939
180
405
23
97
3
104
1008
156
545
656
187
109
244
104
267
57
632
1
1399
1316
115
1075
481
2
90
3173
1561
85
1752
133
258
909
164
179
407
13
36
255
19
34
2043
306
697
500
1921
27
104
96
258
301
458
29
233
116
711
308
73
226
440
183
206
125
273
324
132
40
136
606
29
180
118
2306
35
191
3028
99
56
107
551
122
328
120
49
70
452
160
150
702
23
56
15
53
193
53
375
105
578
105
134
65
710
543
392
1077
50
1389
696
411
70
140
156
853
153
273
67
377
239
685
1478
397
642
215
111
942
130
272
1123
4
16
3455
132
91
1914
185
190
331
355
442
199
232
1197
1
9
114
192
191
106
27
1948
239
30
38
43
35
265
21
206
973
94
49
475
391
135
217
203
124
1729
502
606
229
135
754
2
424
257
12
521
112
47
113
1182
344
45
17
129
2669
49
307
1178
133
1562
130
1236
30
470
777
3438
1808
443
100
250
845
382
362
926
81
616
28
1240
98
3476
291
3737
3226
91
409
280
16
14
99
76
339
102
655
465
357
21
200
61
10
21
534
59
1272
131
30
113
159
105
237
245
188
8
193
163
163
342
220
1329
933
369
114
200
199
200
79
270
317
35
261
1513
382
75
698
110
323
98
92
11
58
258
145
16
7
288
395
53
757
447
109
104
268
667
213
50
2348
330
760
363
247
266
166
34
294
457
145
88
447
51
136
1256
339
11
58
2049
375
825
501
1576
660
1420
33
1999
103
1
134
405
1220
213
153
63
36
12
351
64
586
54
32
920
1159
310
205
276
108
247
420
359
922
108
27
1495
2215
155
2526
129
594
23
1
217
40
111
32
103
2
688
716
262
260
18
874
772
171
4975
417
164
77
245
3947
110
204
511
93
833
2078
100
47
45
120
259
1228
811
150
66
828
794
33
619
216
241
286
200
153
92
4430
82
101
95
41
1059
70
209
2048
196
746
44
80
240
2238
95
174
67
175
215
301
22
56
37
65
51
172
54
426
112
123
454
961
478
1045
38
458
109
822
45
742
70
544
3073
155
1040
367
1033
117
123
143
20
1337
258
410
3244
124
127
75
78
106
119
164
262
106
138
151
120
107
271
124
33
108
120
2826
560
311
163
22
734
1396
277
711
89
5788
276
14
49
136
121
114
451
116
191
251
239
7000
98
160
208
143
719
2115
545
247
125
242
698
1210
214
1032
518
546
187
125
513
528
148
259
28
120
510
22
225
152
101
14
61
437
3
343
56
4933
78
196
160
126
152
344
575
636
1621
181
162
105
557
629
110
544
646
526
252
319
480
119
165
340
973
20
102
1440
245
329
249
785
102
321
591
729
185
1165
187
845
400
44
815
53
703
246
606
289
669
1411
514
195
176
5
386
186
200
162
300
15
155
302
684
223
333
201
34
1893
393
35
23
186
937
71
609
642
147
2317
1011
223
5023
1682
164
12121
1149
500
2159
97
398
90
39
15
153
196
54
295
137
223
127
196
145
322
264
682
298
1388
103
1
27
123
20
118
61
1674
804
73
230
1235
35
69
97
7
200
169
241
24
94
374
41
311
76
692
852
31
179
73
78
129
29
1053
180
110
129
158
106
76
1045
190
67
28
113
144
4
45
735
80
586
423
283
122
1096
1064
285
98
947
1076
354
245
83
1102
66
98
28
24
106
2855
58
103
387
101
35
873
63
446
231
110
130
538
450
1582
3
42
52
543
51
114
47
160
4
416
136
34
132
128
1419
243
501
24
1417
1
307
56
646
77
125
926
20
222
275
188
755
429
29
97
164
266
520
264
10
47
51
217
111
97
338
1355
140
69
84
43
262
108
1595
31
78
70
388
79
114
91
33
822
46
9
6708
35
268
220
79
528
760
52
350
90290
61
92
236
464
232
423
12
218
39
218
224
6
167
71
213
95
23
24
346
957
36
117
226
29
134
1264
168
327
917
18
1773
130
165
79
114
51
31
44
54
253
653
568
121
19
785
626
157
34
24
393
391
184
39
1079
565
119
239
113
172
1097
55
188
146
84
149
608
62
316
89
19
47
180
196
162
390
41
663
21
775
63
38
612
881
501
35
448
1
102
208
44
48
834
78
54
53
526
52
464
23
94
1583
217
714
157
95
158
1793
629
132
246
108
132
58
129
368
17
234
732
373
95
53
33
600
62
29
462
193
34
34
670
668
110
96
149
14794
1008
245
168
695
1215
18
848
424
1961
180
253
42
354
368
9
65
784
343
863
392
140
107
17
77
15
339
74
1047
76
382
126
3070
747
183
93
151
254
220
109
123
1273
305
3869
172
827
667
229
533
2008
521
315
16
194
538
247
89
1803
48
397
156
149
1
90
1252
129
654
18
2662
1192
638
2221
13
1978
190
133
118
126
669
1446
8
310
118
714
99
76
213
339
283
144
1302
2068
369
489
53
5
429
474
369
328
658
541
1662
507
2534
141
191
185
215
404
1337
86
614
225
519
50
7
370
663
436
985
1357
24
259
71
612
986
60
245
349
1179
127
402
129
519
1064
1516
19
24
638
170
79
727
334
1677
2136
227
219
573
376
148
6
117
86
962
104
780
10
215
53
357
19
437
145
314
26
1308
263
530
46
90
2834
58
57
106
618
728
227
298
172
68
126
117
166
1286
356
1193
646
39
9
7
35
102
245
30
37
408
74
18
379
11
137
66
77
97
295
113
2313
730
26
121
230
171
64
174
187
35
125
51
406
358
362
51
150
91
55
164
234
189
296
754
1072
259
62
387
867
247
308
719
944
114
18
108
50
1587
2533
266
79
299
469
897
2
426
66
48
246
623
379
201
287
26
176
217
579
80
262
6
56
32
92
39
574
29
26
24
231
46
65
254
105
153
1000
270
321
467
258
199
106
73
64
8
57
397
42
137
126
49
3
112
1279
50
119
16
162
126
24
242
16
199
16
41
121
1108
496
33
54
575
125
79
147
117
101
33
60
72
58
29
286
535
19
141
81
185
1749
62
1568
235
232
68
510
1048
90
842
57
97
334
37
1214
62
1
560
137
139
10
188
40
59
43
102
230
252
491
84
81
39
71
43
383
241
182
1615
100
23
37
187
1093
81
125
129
263
319
14
1423
140
1503
871
53
111
67
140
996
290
135
4073
254
357
539
146
152
248
119
22
123
105
727
349
7
17
106
286
512
142
69
117
102
549
29
114
108
103
358
247
387
65
117
480
263
27
89
215
342
47
143
132
802
579
607
74
190
244
35
345
1108
30
618
58
32
753
18
164
200
3990
374
198
114
39
10
17
668
229
410
431
395
95
159
290
613
326
231
247
121
211
367
43
307
359
353
27
898
49
439
53
243
257
495
14
377
908
360
53
21
383
1532
79
117
72
114
423
830
1
662
185
544
612
768
23
750
128
7
101
221
35
131
41
93
191
1292
844
980
1836
815
124
531
121
183
124
322
152
177
99
642
59
1015
334
553
103
216
168
271
457
71
31
268
39
85
269
144
227
21
113
1398
251
516
1915
522
250
15
189
106
1075
405
760
143
113
290
43
364
614
316
66
21
61
8
633
841
915
148
125
108
648
229
241
157
137
186
101
148
1179
1132
618
204
434
311
220
326
848
2157
1070
67
501
51
1044
322
41
122
511
340
557
162
109
59
351
3740
29
142
705
357
105
68
66
123
183
179
