43
117
9
413
26
20
34
10
57
18
724
439
20
76
38
4
45
24
342
612
14
137
152
9
477
224
27
271
903
15
15
18
208
203
1048
403
800
5
5
287
17
4
3
251
7
14
109
22
76
20
7
201
149
337
163
55
25
9
17
283
599
58
34
29
15
825
119
168
26
20
97
1111
293
191
619
139
253
526
20
17
843
322
321
45
1689
1603
68
142
47
212
56
95
323
15
939
378
248
3
189
36
787
370
1039
483
72
215
194
63
18
718
302
41
371
534
82
28
32
886
25
45
359
141
10
742
23
318
33
1432
81
227
1478
28
98
1341
113
18
4
14
22
1407
25
577
266
3
286
14
189
4
17
559
794
46
39
223
157
200
5
20
83
218
98
23
163
82
95
4
526
867
8
5
246
630
21
82
1
276
27
324
133
13
725
58
17
37
2729
9
5
49
20
81
15
70
63
37
666
368
76
420
56
40
14
125
224
432
36
1
231
85
8
16
507
38
221
48
54
894
653
35
9
11
164
12
49
96
50
37
693
100
11
67
2
92
10
1
39
1719
25
437
616
17
149
27
41
11
2
22
22
67
29
126
13
88
42
5
187
5
310
15
796
10
105
1208
50
38
40
917
4
639
86
28
767
19
165
51
27
672
172
206
6
507
29
13
85
17
132
137
9
9
34
527
352
356
14
259
424
209
1
166
191
74
108
29
45
384
32
876
1
1348
10
624
31
61
127
800
1366
144
7
138
1494
38
5
118
998
163
93
22
98
2
154
182
94
24
23
243
1422
20
91
60
2
183
11
122
158
379
439
758
508
75
1135
5
1
123
160
1092
265
248
251
36
1466
22
