13
98
102
16
186
208
906
462
6
7
8875
72
21
65
1
30
59
14
348
69
12
1435
24
20
30
6
55
656
919
28
70
119
31
158
26
218
282
494
13
14
108
10
25
425
148
552
13
226
21
7
43
973
56
29
387
276
147
112
45
52
261
31
142
37
13
63
7
203
25
2
25
259
447
62
318
440
35
100
478
630
25
78
116
125
18
90
22
150
313
18
95
231
17
88
36
1
612
162
52
24
145
26
7
56
50
186
98
106
50
569
85
74
16
1017
119
30
89
19
817
103
195
361
1017
8
50
167
238
1
317
249
21
153
2
142
214
46
11
31
44
149
185
141
34
20
530
7
39
150
231
34
18
30
54
330
224
31
4
410
32
65
9
98
158
9
43
45
181
10
6
422
109
1
9
36
10
14
79
61
81
64
51
675
279
14
193
23
179
83
129
29
257
47
25
16
70
165
183
32
93
699
423
81
10
35
828
47
235
112
788
34
71
73
217
48
114
144
50
83
34
1
229
147
71
11
24
226
188
451
116
4
161
69
235
26
13
39
35
120
8
27
10
57
37
13
49
867
377
36
54
74
204
1464
27
36
12
6
41
1312
546
178
38
96
123
20
164
19
23
6
15
47
80
82
70
71
41
162
660
40
254
4
63
16
10
83
303
37
46
41
1
20
148
16
98
48
11
24
20
34
31
272
130
14
53
32
7
15
53
13
53
32
7
48
12
133
18
35
4
111
59
201
3
83
20
