81
72
71
375
75
197
81
62
5
88
124
7
33
56
206
8
35
321
5
125
7
215
595
253
57
896
7
51
125
13
245
152
385
1303
30
2
177
211
22
98
8
29
164
187
25
13
253
86
13
82
50
10
32
353
621
11
5
84
53
266
151
23
27
272
195
20
128
117
111
641
74
38
9
3
97
112
3
163
221
88
56
28
603
23
19
22
3
13
80
85
30
156
76
15
75
3
157
138
10
459
1
78
19
150
76
80
79
85
103
73
75
76
81
90
240
122
520
72
198
494
73
64
168
527
80
72
73
355
579
73
60
929
96
32
7
61
556
2
76
244
140
2
19
77
23
29
15
63
75
254
85
195
415
18
237
34
229
31
154
23
5
550
23
83
78
1
1170
95
309
190
6
76
76
224
63
93
501
58
150
528
185
25
6
126
15
48
362
74
22
76
73
195
5
214
3
169
29
127
117
838
989
12
8
100
3
688
89
28
80
154
639
75
8
37
427
113
156
323
128
437
877
4
228
151
24
6
33
678
620
35
211
8
78
52
34
77
24
241
154
305
198
62
274
111
35
24
6
10
77
2
75
24
45
287
19
451
75
126
13
216
26
86
98
41
12
212
160
604
270
86
120
153
151
58
345
27
110
175
86
263
126
89
31
10
152
35
16
148
125
41
62
812
139
90
277
47
82
49
1
71
3
37
163
8
224
356
161
75
94
84
81
12
56
29
243
4
310
76
162
630
78
13
80
2088
447
79
83
171
37
104
87
1
202
221
71
100
2070
18
46
72
252
11
2
9
97
7
18
4
94
37
92
22
4
39
8
2
10
15
347
9
9
10
479
122
126
1619
55
829
234
140
202
682
115
106
443
72
13
169
74
833
22
2735
6
2002
80
310
133
94
102
638
75
65
127
86
218
96
209
3
30
5
156
243
89
115
30
1
119
357
77
237
279
75
1435
211
72
77
74
149
63
