1
6
3
29
1
14
6
15
287
16
25
59
17
33
6
10
38
1
420
7
24
67
30
497
246
233
24
110
75
25
4274
1
74
1
39
113
16
15
16
6
4
1
2
288
249
51
500
9
45
40
33
48
1
256
26
16
864
301
78
36
8
127
49
47
835
3
130
140
12
1236
35
38
141
1278
359
41
92
87
295
16
37
19
306
82
8
7
298
20
4
9
178
190
1
227
32
34
86
299
25
36
1155
5
178
3
96
20
12
7
1189
403
135
1
4
1
22
59
13
168
38
23
10
248
4
1
50
505
88
1
74
451
50
4
42
2
20
598
58
65
790
81
11
66
62
471
7
37
286
2
1
52
1
23
31
5
32
5
1
62
18
78
2
88
46
584
18
5
644
72
1
1
93
1
11
483
1108
69
40
111
1089
186
361
226
91
1
410
55
1
21
22
133
515
26
165
9
21
4
114
267
1
62
396
158
67
119
40
42
145
1
14
155
20
36
123
132
36
9564
1
11
276
88
46
1
840
6
48
33
202
111
1
30
25
1
40
4953
42
23
3
43
228
57
1
1
68
57
3671
33
1
61
66
40
6
29
42
1
228
33
26
44
40
32
143
275
112
117
42
1
550
210
16
144
76
2
581
133
41
517
178
19
77
48
150
56
41
1
535
169
592
14
102
3
179
67
128
26
56
2
1
1889
1
9
80
19
894
27
64
119
59
26
89
468
117
341
210
413
108
101
5
1
75
717
85
89
79
16
65
47
62
531
18
168
199
18
49
104
168
31
37
6
29
1
258
11
30
51
35
18
16
78
101
34
129
58
15
56
149
4
127
147
14
9
42
24
108
26
40
123
122
46
163
63
406
259
35
52
41
18
72
5
10
76
124
32
36
63
135
2
43
42
3
1307
71
167
181
91
3
351
10
43
8
90
889
178
47
30
47
271
5
22
125
50
194
1
128
163
73
74
166
207
1
19
16
24
17
1
91
2743
132
3
78
60
1
92
130
10
54
29
1
97
30
1
52
3
401
81
50
53
22
12
5
13
76
24
1
69
277
6
21
32
10
557
8
1
24
454
146
20
199
22
12
456
53
2398
149
45
69
1
26
48
209
125
10
5
325
1
27
1
107
96
427
971
195
25
1
4
1
1
31
2
392
73
60
3182
231
134
23
125
21
1344
397
8
226
1012
3
32
256
44
2
64
43
1902
50
2
11
38
9
16
186
9
6
2086
35
19
151
274
319
58
33
37
20
22
1122
15
223
110
4
15
1
280
202
1
448
37
48
42
3
74
31
15
12
83
6590
64
191
44
224
8
594
105
133
49
1
4
1
30
40
793
2
1483
70
61
349
209
9
102
35
5
7
38
26
2
15
22
72
27
394
239
5
25
1
370
27
1
39
8
83
22
1
246
47
4388
40
211
190
50
174
7
57
8
12
114
31
28
9
10
4
78
181
214
1643
26
26
3
1470
161
7
24
62
1
9
145
16
13
72
4
159
102
274
49
52
33
11
232
126
1
77
61
110
108
180
23
6
43
199
15
5
1
23
31
15
90
8
54
4
39
35
11
39
1
28
11
56
43
58
1383
37
12
66
57
105
49
393
54
34
140
31
16
120
146
5892
161
54
27
416
18
126
90
15
1
19
829
676
19
92
1
129
1
68
289
112
19
128
136
12
6
189
4
82
263
744
44
105
63
3
16
23
346
70
6
5
169
59
3
9
12
31
31
78
77
128
19
17
143
31
33
98
494
36
761
81
264
66
98
7
90
115
143
29
16
962
436
29
39
1
35
107
20
5
63
1
1
211
1775
17
75
75
28
2
64
38
60
106
12
144
15
571
180
10
9682
17
87
302
11
1
70
87
15
29
3
245
222
13
1
7
89
120
1
52
49
27
144
1
20
568
497
29
37
7
38
89
868
1
56
46
266
77
15
171
78
184
70
1
144
204
4
222
1
28
130
104
99
482
26
3
3
577
88
446
15
30
1
13
12
206
10
153
213
47
360
1646
299
337
1
1
94
1
77
1
120
37
40
96
535
10
37
530
18
452
38
1
111
43
130
94
7
3
14
50
84
31
42
106
117
870
81
126
4
164
15
7
214
46
485
7
987
16
25
3
2
174
141
45
27
134
22
147
1
4
35
28
23
10
21
62
631
55
685
32
868
13
51
41
19
24
14
49
22
99
48
140
53
72
123
217
234
39
43
386
25
160
31
17
13
2
8
46
24
1
48
27
19
33
2
886
13
77
201
60
1
40
80
88
98
48
91
1
110
95
27
1
51
9
69
2
401
98
37
214
17
11
124
89
52
113
188
44
28
60
51
129
10
50
3
33
55
1
4
196
81
24
265
262
156
68
26
43
1
110
20
161
7
94
65
39
119
134
5
42
49
31
16
49
4
16
13
30
476
35
8
968
111
73
197
36
1
1
1
357
1
25
49
134
161
72
15
292
65
161
157
45
114
12
8
83
81
20
190
95
42
2
1
23
81
434
1
55
80
21
86
88
55
50
2
260
152
51
312
2
756
1
53
1
124
672
274
5
267
130
112
12
858
278
478
977
47
1764
563
83
799
2
17
341
456
605
9
251
73
81
227
36
1
11
50
11
6
1
42
1
1
58
125
6
1
34
74
42
75
18
47
273
14
62
91
313
15
15
45
51
4
255
53
878
14
8
5
47
262
