59
26
27
271
7
18
12
8743
30
13
26
37
166
95
25
10
33
1
67
7
123
171
128
18
5
106
52
8
41
33
158
768
1
40
10
17
27
25
2
227
38
873
334
138
1
47
440
22
80
466
1
233
45
12
3
126
13
267
72
53
466
250
17
17
454
124
1
13
10
19
764
651
10
16
10
2
67
150
13
28
294
120
164
44
261
96
333
11
56
11
14
201
181
11
37
128
110
127
243
373
26
26
24
225
35
37
221
23
9
19
7
7
1995
209
20
559
40
563
1344
63
1166
19
43
7
42
17
128
128
67
32
66
39
162
33
1248
21
125
211
8
148
10
88
6
60
3
118
109
33
96
22
391
332
7
323
183
145
6
5
26
450
196
7
129
22
16
213
129
73
1
250
129
126
70
5
20
58
370
29
190
1024
81
89
329
48
265
131
1
2
1302
4
86
72
117
381
51
157
1101
1458
643
368
174
165
20
32
29
70
21
7
15
221
12
7
421
167
106
35
380
582
48
59
118
850
16
63
420
181
226
11
36
13
7176
1
52
35
45
272
36
54
21
85
2
24
12
44
61
1985
184
42
66
5
5961
99
81
12
60
74
688
45
94
92
64
115
7
451
256
46
248
1736
59
266
180
18
89
211
44
49
45
6
52
160
9
81
13
94
10
158
24
11
591
42
199
226
34
294
20
11
79
1093
68
55
60
14
13
1177
11
5
22
346
7
33
18
12
136
22
329
8
13
190
112
120
374
44
1
23
1482
218
73
47
1
70
520
288
5
11
4
20
61
9
28
81
28
328
183
10
20
12
20
2083
1304
1
142
85
48
5
9
30
583
76
15
42
45
69
59
30
180
1095
68
24
179
8
99
72
114
853
225
203
443
142
22
18
121
52
33
213
50
5
218
1
57
9
28
1715
291
9
37
632
51
69
35
37
112
6
20
61
74
110
14
46
168
270
166
113
11
14
131
1
152
70
38
138
141
144
223
910
4
59
181
256
116
30
2201
12
121
1298
10
748
35
1
4
16
285
445
257
453
682
190
6161
54
433
25
147
22
51
9
22
310
56
148
33
499
4
49
42
48
20
78
65
289
77
66
797
43
8
1193
1546
19
361
149
939
399
704
327
219
1
16
8
189
1
109
164
91
126
181
23
22
11
440
191
1
17
94
401
205
13
225
117
11
273
66
265
28
97
82
32
199
11
202
29
168
7
138
10
60
95
81
3
186
525
178
228
17
2
5
377
1
1
71
5
106
42
50
199
42
6
98
42
641
114
95
5
64
274
400
12
110
1061
2
45
32
182
51
31
239
75
49
106
98
125
32
33
2
7
79
17
141
142
1002
118
128
82
47
573
584
22
157
310
158
55
25
72
10
79
106
7
20
48
475
23
17
371
14
14
35
140
12
79
30
17
42
20
173
12
26
276
205
28
9
1094
16
2
544
754
129
26
4
14
1
8
641
175
4
284
529
52
202
821
112
293
119
58
31
96
31
675
144
102
278
563
45
35
520
155
96
35
34
59
812
55
55
290
120
6
87
552
29
72
262
4
84
573
2
74
11
45
5
41
50
29
36
66
71
69
173
111
26
1
85
28
303
153
48
86
1866
56
290
40
29
35
242
132
9
6
6
131
113
4
55
183
213
908
25
28
374
61
13
16
143
10
216
41
24
91
46
128
28
33
565
42
23
31
22
6
312
306
14
88
20
1
612
904
17
546
156
1000
39
3
1
10
143
31
12
291
22
1396
101
215
9
1
70
24
548
221
266
78
22
48
68
43
323
49
105
639
522
213
11
12
7
26
582
885
80
4
97
236
11
163
136
51
9
135
332
25
375
331
2
197
89
84
11
211
193
99
9
78
46
1
266
67
53
50
652
83
310
23
751
66
157
26
104
44
368
167
576
46
208
71
66
256
14
68
44
30
10
17
80
70
47
233
389
51
123
628
114
102
88
13
39
69
68
188
29
52
345
2
48
785
186
6
6
8
127
32
91
224
24
25
133
50
278
88
95
188
71
3
92
45
59
239
676
1
151
146
1066
77
16
102
9
362
11
3
60
177
3
1346
170
43
526
7
34
49
2
32
41
161
45
36
58
3
782
105
4
46
56
29
79
4
395
262
290
13
265
505
74
33
48
76
62
1
37
73
135
9
20
24
221
2
226
151
99
72
7
33
143
386
55
214
54
69
21
107
88
7
17
59
31
38
12
9
40
276
6
114
153
262
214
1900
314
269
436
326
9
465
1
10
16
10
8
54
37
41
66
22
1
20
9
13
63
301
16
75
205
68
17
7
158
5
151
578
70
843
158
52
42
21
787
162
68
24
156
3
15
34
30
36
220
16
222
50
15
62
142
421
32
24
391
95
182
93
155
65
66
51
5
159
56
5
56
28
2
220
625
30
72
8
282
95
17
1845
82
16
332
34
160
1
213
93
67
16
71
33
27
326
349
18
11
400
174
55
366
8
4
12
24
1
453
164
623
18
65
28
18
140
212
548
191
203
22
423
487
115
1
79
22
30
3282
575
13
16
1218
10
32
141
29
21
7
16
639
122
608
11
124
107
146
40
343
58
1
643
13
523
14
575
96
107
738
136
26
111
145
18
11
63
21
139
428
60
50
216
43
577
87
49
16
7
87
21
16
60
55
632
86
137
144
13
160
189
6
10
17
161
1
6
7
487
74
158
205
5
122
77
152
245
306
1007
25
15
105
96
16
150
125
47
21
45
18
5
16
493
179
29
20
85
41
93
279
776
57
34
30
440
314
5
279
16
220
212
17
129
7
53
14
8
138
67
87
149
40
24
241
4
1
30
112
45
4
8
651
18
650
13
18
76
31
620
11
58
615
40
2
218
266
22
41
30
124
11085
49
33
2
138
40
62
11
100
1232
294
236
417
5
22
253
20
114
9
14
81
11
20
225
67
169
6
151
422
32
14
40
817
54
11
135
122
36
38
97
14
12
10
15
21
193
9
301
12
9
156
9
51
35
37
129
50
154
317
4
34
124
235
5
252
4
82
14
12
1005
377
13
53
47
7
155
88
117
24
121
81
14
175
97
516
105
24
38
56
362
286
12
86
2
11
32
6
370
686
27
713
835
7
26
148
789
274
108
23
93
150
81
17
257
243
56
263
33
1176
156
146
273
8
21
12
31
19
26
9
71
2
232
58
382
752
2
3
91
117
202
20
11
322
44
193
221
24
40
189
943
15
67
113
13
217
15
87
972
312
57
108
375
33
80
27
25
225
32
2
169
33
76
16
1
11
412
12
33
39
27
243
14
66
1
24
112
1
1
58
7
130
30
15
1
203
58
79
27
228
11
533
14
1
15
24
14
1
694
48
31
99
94
182
5
3
482
134
34
450
24
73
45
10
52
226
100
80
376
13
1484
15
5
76
38
48
2
14
366
83
195
41
178
69
192
682
329
135
32
33
43
510
65
24
53
218
13
432
6
2
20
238
120
3
418
19
20
13
69
227
25
293
258
11
5
157
757
31
18
54
17
63
14
62
832
18
486
5
83
1058
40
25
164
1
789
9
531
107
30
66
104
2
69
281
319
61
242
38
117
20
24
72
121
34
81
78
59
13
44
55
166
128
1262
96
795
2
1371
468
535
6
300
727
248
158
1
30
414
73
192
32
66
1338
182
80
89
56
97
44
49
357
35
50
51
79
48
14
20
96
200
29
8
919
98
77
40
96
41
144
3
29
93
22
394
7
91
32
14
51
20
54
101
2
11
253
387
18
168
706
12
6
243
89
13
59
474
55
153
298
71
49
166
1493
18
1
51
70
2
34
19
22
51
194
56
39
106
9
51
307
34
2
43
1023
13
8
758
13
146
196
203
128
16
38
139
13
32
12
44
48
86
4
92
20
103
70
167
8
40
341
9
25
57
148
150
125
7
84
48
19
69
11
27
219
84
1
47
42
71
30
199
11
77
323
23
237
285
20
279
177
86
15
274
7
1
38
40
1771
64
1
16
38
3
45
82
10
76
11
584
28
115
10
281
154
13
41
229
16
7
180
95
292
566
113
6
23
48
26
15
4
195
99
114
10
49
301
48
253
1413
246
1050
66
158
1
8
207
54
16
47
312
40
8
77
356
14
144
2268
216
28
193
79
246
28
10
1
29
51
416
414
84
21
32
570
7
16
148
19
98
160
87
121
488
57
5
119
5
254
11
196
179
30
1451
4
24
29
186
32
90
349
142
113
369
415
1
304
137
336
57
492
640
447
27
264
114
343
571
327
53
187
32
91
212
66
400
54
15
59
81
73
1
36
195
71
6
102
399
282
50
479
37
89
46
39
77
103
374
13
354
2
13
360
159
14
1465
31
5
192
69
149
352
100
344
67
715
754
69
2
91
47
546
112
10
57
150
75
126
1222
27
33
410
25
290
357
2
12
432
11
133
95
334
473
26
1
6
4
294
793
314
37
462
37
244
13
17
196
17
43
66
29
520
293
13
34
263
5
70
300
298
64
200
269
30
25
22
15
140
29
30
231
27
58
68
95
58
2840
22
7
226
87
22
51
106
98
292
745
864
439
186
924
31
17
16
33
939
172
17
35
14
30
23
45
337
102
74
561
118
11
27
21
47
72
2
206
194
429
22
729
435
64
145
619
53
211
12
15
101
34
92
13
420
65
1
1103
72
113
46
42
249
27
9
7
46
1627
3
17
111
23
26
13
233
219
77
11
9
41
245
1
4
1518
144
1
45
10
3
9
36
19
782
12
2
529
223
61
63
20
4
1
22
157
47
212
42
8
72
76
39
91
234
385
129
41
599
3
221
8
7
7
90
3
663
30
9
121
31
82
206
32
10
66
5
926
1
5
72
133
506
207
50
54
34
73
62
411
114
372
8
15
142
4
20
637
328
469
114
420
4
45
3
17
41
1
17
2
24
159
184
29
65
12
29
1062
20
51
9
27
14
39
13
323
17
110
42
4
58
20
265
9
1
38
221
27
20
1
39
60
39
28
33
21
14
910
19
22
28
79
281
266
35
236
19
169
247
50
74
19
165
23
69
129
92
419
11
2061
11
171
104
45
42
2
153
111
150
254
13
1341
6
3
106
149
151
135
129
27
26
181
18
4
190
54
16
12
12
2
127
192
5
47
7
2
41
73
1
23
2
24
174
153
1391
262
29
12
19
10
582
688
51
65
35
54
29
599
1
19
1
25
38
61
4
413
52
185
74
11
173
99
191
134
821
5
272
813
1
155
173
362
1648
287
77
1246
4
339
175
21
6
109
18
24
17
50
32
11
50
14
223
147
341
45
119
25
18
6
3
766
130
100
31
14
33
9
18
183
148
367
8
9
131
2
239
407
9
34
82
1564
12
77
218
1
44
538
100
497
694
39
25
5
210
1
6
26
2
13
1
31
110
20
609
134
80
9
227
154
11
57
260
574
300
37
7
81
1500
30
17
7
51
2
37
145
118
485
197
689
156
122
150
11
339
3
62
22
7
267
128
3
105
99
23
11
1
38
90
34
11
133
17
97
158
888
98
181
45
269
131
1881
29
63
1
187
15
11
51
27
120
42
50
3
15
71
55
35
64
15
20
15
301
316
113
60
253
84
64
378
5
83
92
4
53
810
1
3
30
10
39
89
24
133
28
27
131
85
39
24
20
19
114
1
1
52
96
31
32
26
11
393
60
451
46
42
1
22
230
21
477
28
89
543
17
23
295
18
127
161
6
239
11
53
947
1
97
9
122
23
744
129
523
61
327
3
67
62
749
162
7
48
12
68
14
133
13
6
91
102
11
35
95
37
63
100
45
48
151
24
154
50
11
304
41
8
106
12
69
66
77
4
198
358
40
439
83
1
71
39
215
4
40
24
69
1011
44
69
140
5
108
4
613
469
22
18
86
499
67
5
346
35
211
91
581
31
134
179
168
7597
2
391
115
373
4
298
7
150
146
45
48
17
55
14
319
237
21
23
16
59
350
74
68
176
110
234
12
68
132
105
132
25
411
458
96
129
495
206
6
287
9
61
173
48
39
1
293
63
637
1
198
90
781
81
65
11
326
191
319
61
83
5254
117
48
192
104
132
105
292
172
1428
19
6
295
561
437
202
7
15
11
6
9
4
21
504
19
265
5
295
176
272
2
971
73
5
111
19
28
16
35
116
48
177
116
28
100
12
167
86
91
15
214
31
50
3
137
38
15
123
277
221
64
101
24
240
7
55
30
135
16
290
52
127
52
409
107
12622
7
10
101
250
37
14
131
143
107
160
30
35
67
159
585
156
165
87
97
39
1
179
100
300
48
72
1
25
348
21
113
21
64
12
160
93
64
23
101
208
75
10
146
10
146
7
265
71
626
631
240
21
228
14
141
146
17
90
67
12
111
111
63
54
17
32
18
304
50
7
41
44
14
1201
66
591
765
151
3416
20
5
91
281
79
34
4
26
19
133
133
38
26
81
67
19
7
41
100
33
92
76
304
54
257
62
316
11
6
8
90
225
179
135
34
196
107
40
55
218
74
49
67
35
7
7
21
84
57
189
137
59
43
14
263
29
154
368
93
12
26
133
11
25
405
158
30
108
45
34
348
6
426
104
18
60
985
108
713
145
282
22
35
30
3370
52
1
1
2
8
10
30
29
58
99
66
16
175
5
272
3
24
107
27
32
26
1
42
1
705
156
69
20
18
8
16
64
407
47
224
76
21
750
8
8
168
224
60
295
59
351
15
17
163
44
308
36
362
105
45
8
109
966
12
9
15
17
156
412
95
2
210
33
5
1
69
17
46
40
41
267
6
170
22
61
37
115
65
367
558
22
5
21
38
21
158
5
130
1
17
85
1
172
50
221
71
275
171
123
75
120
216
12
202
5
512
17
62
22
4
16
17
318
81
205
205
397
35
11
30
25
119
51
42
43
94
79
215
20
221
195
204
44
39
68
23
21
39
77
8
86
203
247
46
224
109
12
12
1119
24
234
182
1058
33
177
107
25
106
237
23
1
581
7
406
1
25
31
189
79
4
173
20
315
119
43
2
53
139
45
25
5
125
1773
166
4
40
1603
1098
32
133
90
242
22
55
53
7
16
96
2
12
113
225
59
65
229
183
187
21
4
84
45
125
45
295
24
326
33
457
74
8
187
12
272
3
44
30
136
25
813
198
42
7
25
23
690
25
104
295
80
25
42
46
80
2813
47
32
65
75
13
153
70
670
152
35
226
27
19
26
84
34
36
70
205
167
25
27
128
14
1440
105
102
223
241
22
4
95
106
183
65
96
190
109
19
27
79
30
111
5202
89
1
117
63
102
90
8
374
151
121
77
182
51
468
74
18
1
505
32
1166
101
20
81
35
14
1060
89
52
25
317
272
337
88
209
218
1
166
190
808
834
35
14
12
73
65
204
244
160
118
108
69
96
9
38
45
61
120
1316
240
394
1
6
183
27
123
285
66
4
12
14
12
190
1
89
18
577
128
5
5
429
204
55
38
178
78
10
299
179
1122
82
819
264
631
142
105
31
23
258
11
52
87
7
225
377
230
71
3
99
537
107
16
50
61
66
105
1
57
16
26
5
578
33
198
573
9
48
47
38
38
1910
46
68
49
116
1
58
5
42
14
8
103
91
107
2
149
118
61
11
12
1667
28
295
123
178
183
20
58
36
122
22
216
615
20
48
5
224
204
13
183
311
79
226
76
1055
45
88
244
67
1
68
209
2623
102
63
2065
38
70
21
39
65
11
7
193
258
635
24
275
20
138
45
16
476
493
141
43
34
127
43
605
85
36
251
136
17
651
320
14
473
42
33
8
75
177
32
90
25
111
54
2
168
151
29
289
34
38
177
7
246
64
70
208
893
115
64
2
219
48
62
29
123
6
35
61
51
13
25
316
8
39
127
59
38
23
65
80
17
1079
656
23
21
11
100
281
103
93
96
62
46
24
170
48
32
43
83
8
46
29
13
323
79
7
162
24
76
78
132
282
471
247
72
164
34
203
91
79
149
22
206
53
39
79
16
77
435
91
1
300
3
67
71
141
24
339
70
13
145
82
846
31
194
306
1
1
9
216
86
259
173
262
161
40
22
88
56
79
20
53
18
249
39
74
37
154
164
133
216
1910
22
62
100
69
11
40
17
1558
6
189
1324
5
86
1
161
97
20
735
260
9
31
428
13
1973
141
104
312
74
254
6
290
1523
117
137
111
66
30
3
57
85
24
177
268
22
5
28
90
47
488
19
32
66
23
71
2211
32
211
6
51
614
26
42
168
26
103
264
45
12
48
28
33
1434
45
127
273
17
46
111
24
424
41
308
31
80
504
237
48
11
51
42
3
163
35
3
32
7
5
112
15
20
19
336
1080
5
26
1139
5
31
209
104
50
51
12
58
21
32
18
16
212
99
246
13
45
56
26
4
21
99
53
12
106
4
145
299
217
31
804
25
172
30
38
36
138
133
953
10
12
110
3
2
6
258
272
85
133
1
39
8
80
47
106
2
549
155
52
70
29
81
62
48
29
14
9
16
1
21
5
84
95
7
134
3
278
1619
348
141
288
12
499
198
140
188
153
373
8
72
3
1
86
12
29
106
72
18
9
127
10
23
51
101
90
64
100
4
27
129
553
60
57
1
61
492
5
75
17
12
50
4
45
10
124
122
31
326
139
107
372
206
167
72
302
1
124
26
68
41
103
32
71
540
133
455
35
199
67
574
4
77
59
262
94
374
325
24
44
211
116
11
1520
24
19
56
19
477
708
112
162
195
6
6
187
1671
24
16
140
144
661
421
31
96
878
1585
128
383
11
224
184
2457
31
59
12
19
2315
15
104
126
106
5515
17
66
42
34
32
55
1138
29
22
3
14
15
327
39
901
26
28
228
74
89
110
15
136
163
30
119
33
3
580
62
8387
552
141
73
1
23
2
286
13
40
5
12
40
165
235
19
38
33
38
15
88
53
23
114
46
57
432
5
41
35
252
137
43
33
10
92
11
46
47
105
2703
120
26
23
78
174
23
266
187
110
339
123
57
63
92
37
20
128
443
113
26
85
7
55
2
4
47
39
65
80
35
33
50
267
82
138
26
36
29
49
57
102
18
55
1
278
33
5
5
37
44
5
52
206
62
28
51
11
11
6
98
25
55
547
41
156
20
11
13
7
53
11
70
8
1
2
36
55
385
2587
130
2
85
180
161
13
26
12
10
84
180
380
87
45
41
424
165
239
434
97
38
3
503
182
1678
2
5
875
84
1450
9
4
116
39
91
1054
16
278
144
335
44
9
90
98
113
84
1
193
33
22
140
33
33
425
53
420
245
377
279
52
264
166
166
128
5
43
416
956
2
125
280
280
11
163
80
45
20
28
55
18
74
284
106
24
21
1
8
193
23
282
65
245
2575
25
17
52
186
292
169
100
35
3
56
7
24
93
34
20
18
23
10
5
9
665
454
31
2
6
96
655
29
8
1
28
101
313
49
153
287
234
53
34
53
14
38
61
8
845
167
10
26
25
73
180
163
100
72
579
241
9
62
15
80
15
52
62
86
218
67
16
14
77
48
377
12
92
626
1
75
62
1
6
1947
53
6
32
22
295
40
108
8
47
99
17
167
184
56
16
180
264
9
185
1
43
33
28
234
58
309
129
161
12
5
44
56
3
181
218
2351
9
1
4
24
205
16
13
1
31
12
108
34
82
47
44
58
35
503
110
29
157
300
142
107
16
148
265
573
489
87
271
184
344
27
790
113
152
3749
61
299
18
10
151
36
5
38
20
66
1
184
17
4
37
335
96
40
10
560
281
15
231
144
74
677
38
385
857
92
148
1
173
5
1
637
35
382
95
10
23
3
48
402
24
35
346
7
26
22
632
923
1003
233
636
66
40
386
21
159
675
53
12
648
177
207
5
65
296
55
13
207
143
689
703
5
271
187
178
922
560
1
3
1415
4
10
57
3
256
60
11
482
85
105
64
569
35
4886
30
50
62
347
85
1
230
66
13
102
27
322
65
77
77
82
229
109
17
165
94
5
598
379
8
13
158
86
1
83
1
7
97
138
529
43
139
20
90
68
60
251
1
104
506
72
15
24
79
89
19
7
232
111
566
80
250
57
27
10
3
7
13
80
8
1
199
1
48
4
208
60
207
103
50
39
89
94
129
790
32
15
5
12
12
225
3
38
59
34
47
50
82
112
19
85
61
248
114
10
70
41
867
358
1
1
265
1
35
1
51
318
77
162
19
12
150
37
1087
75
53
82
22
180
78
27
252
188
249
186
92
80
132
100
17
838
47
136
31
8
28
134
24
12
49
1
134
972
31
185
254
1
739
1051
161
221
2
42
120
39
600
294
68
29
70
108
508
26
105
898
197
21
134
14
28
173
26
79
74
91
173
255
76
21
269
387
236
8
9
4
1348
53
25
25
23
108
16
324
15
104
195
52
160
361
66
39
108
89
258
666
169
19
54
33
7
25
275
40
30
1258
40
1
408
171
37
71
197
266
8
12
71
328
1
40
20
134
11
5
38
4
347
30
27
561
180
121
135
47
258
5
25
36
64
84
17
18
90
340
84
24
286
298
305
254
72
49
20
156
22
745
213
65
23
134
209
302
112
291
90
376
149
122
36
32
73
13
118
45
53
66
26
185
425
34
724
165
2
100
62
21
36
219
151
172
117
103
578
13
14
4
763
10
40
3
771
182
90
515
13
396
267
24
49
1
35
133
4
106
256
210
465
89
464
70
68
86
22
138
288
109
217
4
18
30
45
10
780
31
31
81
406
16
496
95
350
1601
640
13
469
21
244
60
9
44
217
69
552
2
1
18
33
104
83
140
43
18
41
58
740
256
412
15
175
92
8
146
2
6
3
11
232
332
2
166
73
25
168
82
63
54
82
24
9
32
25
25
93
46
115
115
716
1453
36
552
9
43
80
1
80
20
3
271
5
66
102
425
135
45
64
377
104
52
13
2301
509
20
260
9
600
202
31
50
39
888
8
6
78
23
208
15
17
9
75
240
4
3
23
53
44
152
1
19
28
4
17
91
551
28
8
23
10
42
10
173
28
269
99
674
458
51
132
38
16
4
39
32
10
15
