2
225
123
1
16
57
84
188
443
2085
259
324
111
122
192
18
540
4
20
7
1
24
74
30
15
37
7
383
10
7
4
7182
9
419
150
39
24
155
3
352
4
5
1107
8
4
158
1
124
4
2
10
155
9
176
16
343
137
207
273
355
43
393
135
17
19
18
11
22
1660
547
3
15
535
68
24
21
229
282
151
138
20
28
11
51
2
238
3
152
6
502
86
17
537
13
12
137
14
1489
1969
4
12
13
59
90
17
14
8
190
18
252
99
302
5
1352
17
1
188
4
2
26
381
24
203
280
43
1
261
295
816
6
51
297
19
178
45
7
81
5
418
4
31
10
1
293
169
667
360
11
61
295
771
18
91
2
254
43
154
292
265
110
164
99
280
13
456
27
598
8
5405
3
61
282
13
11
299
54
11
1059
67
123
585
55
1
135
274
18
191
9
133
287
218
