1
21
10
13
41
1009
108
285
97
559
58
244
419
354
52
57
103
2233
132
189
83
28
43
16
226
93
80
246
62
194
83
48
93
131
327
18
490
1380
299
509
71
74
1244
20
21
50
508
281
42
132
129
7
95
21
10
9
205
149
40
218
25
355
282
44
3
166
20
129
44
135
40
925
384
101
1261
176
98
628
7
34
57
34
561
219
57
152
59
95
39
390
142
177
1233
52
147
156
122
104
3627
117
240
1496
304
3003
103
220
104
308
150
290
240
12
118
118
181
92
251
236
296
69
2649
154
437
564
41
10
36
132
108
100
177
207
301
235
88
603
4
287
942
259
113
93
123
111
53
61
178
328
549
266
2056
82
77
52
201
78
10
61
71
10
148
241
507
285
34
82
74
209
47
105
420
261
111
289
33
50
110
194
70
968
416
788
145
182
98
248
24
11
62
211
170
45
72
13
530
106
49
351
81
51
277
104
149
2768
19
16
118
110
252
102
4
142
599
98
186
17
159
1414
41
218
110
679
456
581
54
554
122
117
103
159
22
32
297
271
81
281
130
46
119
25
352
472
528
1
1831
29
55
3622
1606
1084
209
145
617
29
86
67
487
326
161
30
25
14
15
617
12
54
119
352
37
192
237
89
389
108
35
5246
114
36
88
17
85
951
396
27
32
71
100
28
80
326
64
70
172
502
871
183
284
86
281
271
443
137
148
1050
133
400
409
400
194
1288
