2191
233
500
121
2
1287
320
3
93
56
53
1
9
55
20
762
1046
28
1336
50
71
704
206
41
54
396
596
444
197
631
68
47
11
521
530
24
380
2056
59
540
549
388
14
316
1571
1905
1194
137
541
460
690
51
876
4
481
1133
310
74
42
82
98
16
20
1788
8
261
725
37
484
1727
10
64
209
130
517
909
96
529
107
689
738
646
59
2
961
904
145
31
116
148
146
828
697
17604
3335
248
628
552
478
569
10
662
237
674
825
72
51
78
35
51
7
3
106
78
635
669
68
17
201
260
974
565
40
85
902
597
655
423
110
134
780
102
572
339
209
530
188
35
374
106
41
723
71
18
481
6
16
1122
211
216
304
56
53
50
929
366
657
728
201
526
15
17
16
71
686
1044
449
273
133
157
507
515
124
280
98
397
1247
23
356
683
195
54
738
497
123
875
395
66
46
5088
520
124
267
1478
504
979
85
425
473
59
124
48
747
547
1
1122
136
4
80
342
140
59
369
1454
100
440
8
419
65
200
386
37
240
41
118
542
127
449
396
544
90
1317
272
241
181
90
232
211
2913
87
826
378
13
73
2199
737
257
62
538
30
87
191
549
399
897
215
196
693
558
24
725
2
19
968
1868
29
448
258
529
251
52
361
664
98
155
2624
263
440
443
26
303
415
25
127
22
47
457
337
132
89
3082
395
99
68
50
444
406
507
474
313
327
16
733
4
68
550
849
1412
582
799
473
489
940
341
443
465
123
457
330
725
404
1946
314
316
455
523
233
895
1337
942
513
18
444
522
1395
323
430
41
1016
451
398
43
67
2723
36
541
398
321
1123
1101
735
327
503
534
356
493
530
1890
615
4007
40
570
127
1390
538
1
538
14
607
873
9
607
206
86
556
91
7
140
70
352
580
87
1071
754
911
122
144
10
444
486
432
3
98
847
62
83
819
27
59
525
75
137
8
65
101
858
1021
1292
1669
892
678
66
602
345
626
53
560
958
723
79
43
233
58
66
18
435
1218
94
502
1979
251
42
17
56
287
750
46
325
463
316
40
397
2
2
84
700
98
1
316
1018
242
52
5
102
630
44
486
49
521
1378
436
15
10
92
399
65
191
139
441
554
5146
10296
299
302
42
67
1
318
27
668
41
312
448
682
18
472
1
1361
1
21
46
448
100
97
600
10
113
6
19
117
558
100
340
312
42
419
23
1600
1000
569
212
265
142
634
52
52
2354
40
7
27
64
18
2
401
546
86
1117
1080
633
48
32
24
454
65
1167
177
65
452
24
573
538
641
580
147
1
1
101
163
326
515
790
21
85
49
715
803
321
300
24
32
629
726
379
121
27
638
519
194
168
228
104
251
235
485
64
804
523
312
536
41
125
242
16
1
341
269
1
27
20
26
209
51
17
513
442
42
66
536
78
48
999
534
8
271
31
89
95
783
61
571
101
441
87
1103
284
122
179
282
473
45
138
459
591
154
2
622
60
9
29
311
10
324
55
378
65
143
39
133
614
725
36
1656
531
39
306
422
192
88
559
3
12
71
211
214
60
159
20
726
634
367
9
226
41
156
9
467
326
394
5
98
531
2069
16
5
48
674
101
85
449
590
322
1371
14
85
27
1459
784
160
139
204
1263
83
535
645
79
77
156
414
30
69
308
2147
17
48
22
38
59
135
5353
4
29
1489
2
34
8301
620
42
73
57
660
9
20
717
17
519
3
37
643
1109
714
408
1667
17
2617
579
101
36
49
695
17
14
455
3549
66
557
519
1426
537
599
2997
207
687
629
848
69
42
38
335
953
43
169
1219
2034
602
620
441
502
895
39
2570
26
904
10
201
144
222
111
28
39
1412
75
6
1300
55
2300
144
102
11
101
204
676
418
320
145
384
35
48
553
1192
8279
1407
441
1039
202
787
185
290
1281
329
530
11
427
474
317
514
488
177
807
935
562
461
51
517
12
255
2778
86
90
553
23
784
232
37
115
387
679
464
22
25
746
8
439
563
457
566
1
127
481
304
198
3130
1241
505
350
350
906
104
9214
130
199
26
651
178
570
5567
758
287
539
42
526
57
436
3039
688
1250
445
30
343
459
658
444
499
393
10
179
299
2290
405
522
2000
669
7
486
99
322
780
103
55
56
949
145
183
325
152
399
167
184
1194
1522
386
93
638
1339
165
337
1
560
31
81
219
42
487
3
326
427
227
65
3644
763
32
27301
157
56
412
3
31
150
41
447
450
15
18
8
910
175
383
5594
539
714
32
64
7
26
24
46
41
398
80
683
835
1108
609
688
20
69
125
566
39
53
12
93
770
825
109
1118
15
4
54
266
25
16
56
190
542
1997
655
435
55
84
37
690
1
1277
163
127
6
72
337
367
111
396
279
4082
323
1219
316
438
341
12
320
3554
428
436
49
1511
315
322
328
442
79
536
485
5
296
148
593
1015
28
204
798
563
868
18
269
851
490
760
46
463
532
3761
372
383
1285
362
336
334
1507
3529
2589
515
233
561
579
763
477
233
313
33
20
18
