6
222
12
11
543
17
1582
385
132
1099
192
21
599
2176
506
490
54
313
53
598
5941
107
229
253
101
55
844
122
564
105
460
244
105
5
377
984
60
63
262
103
390
99
398
1193
457
849
13
68
60
140
153
130
26
49
246
261
872
1730
137
708
43
2604
89
480
515
947
34
278
2619
665
1475
759
177
866
25
57
45
311
12
598
67
21941
141
295
128
6287
221
61
20
433
116
1052
148
122
522
514
34
52
535
73
779
313
615
864
115
1054
92
108
99
111
961
1246
28
103
114
91
3692
1120
37
1791
196
439
77
7
30
25
163
357
110
390
2264
42
122
297
117
271
