2150
678
1
8744
368
8
590
43
39
57689
1061
24
1280
2
27
1392
69
7
8
16
16
63
21
42
1487
18
59
12
2
1
3
4977
186
16
1108
441
1
60
227
870
3674
2819
3607
140
25
142
725
156
50
25
1133
597
1351
180
56
587
928
147
98
289
16
1
16
11
40
30
76
229
53
616
53
8
699
163
276
89
80
50
13
506
95
202
2
19
45
363
2587
4419
1
1
53
922
15421
1214
248
12
62
53
195
42
61
82
1656
1203
1
1106
51
2016
1285
68
65
2538
55
16
27
1
4
6
61
3378
69
50
1
77
42
20449
46
1197
1041
7
87
489
857
82
19
29
15
196
30
73
68
126
451
5056
7604
69
278
3
92
1690
15
277
1104
1513
513
307
3460
56
11
14
10
2423
43
22
9
10
107
8
18
507
58
14
255
622
17
8
43
20
264
1103
1574
350
4
638
1
4585
44
390
18
21
151
1
15
726
34
23
17
124
663
925
20
2647
8
1
1
209
218
47
272
353
37
93
102
1291
3002
727
3
116
129
520
175
34
127
1
21
10
285
128
39
6
341
996
224
40
66
11
23
301
375
16
24
427
69
105
63
27
62
723
24
753
16
106
492
42
1195
885
539
231
449
323
282
1757
797
78
146
42
871
199
15
215
