1390
910
21
1737
133
16
99
4997
3087
3191
6098
2220
1836
4949
205
1431
1776
56
98
1915
116
4
45
461
177
3093
328
810
51
1422
54
2580
55
26
1
1287
2251
1125
9500
1536
158
40
11
34
391
39
535
175
927
914
532
248
2300
1521
2082
4107
2085
217
808
1190
201
822
587
1586
879
291
2319
3910
92
4250
4
482
1205
3204
122
1519
744
517
160
81
1230
218
427
174
1193
1113
1728
2169
635
77
3276
170
1003
6220
249
661
216
4730
796
104
246
1056
452
1123
134
1146
807
1449
2666
38
21
1362
173
1244
2133
184
1210
2284
40
753
2562
684
2003
13
469
3502
330
2
11
1145
638
3186
750
1227
2501
6239
1169
166
4183
41
2148
95
324
6
334
2756
1494
370
314
792
1893
1930
22
1588
3378
22
185
644
4601
571
1645
1056
80
258
522
58
112
1791
1828
1274
2976
597
187
967
1445
1764
285
593
533
2904
339
19
1425
516
1981
3246
958
236
196
5057
264
260
83
4090
433
81
1523
156
741
3948
1850
963
714
1711
265
3292
3791
384
45
4066
1095
346
218
70
7023
113
3417
1571
116
462
372
629
795
911
6942
1156
95
1172
44
142
2284
715
2614
1221
136
694
211
507
57
581
100
50
8187
6978
7341
639
540
1806
1479
2425
425
879
13882
3138
173
615
589
3377
29
1840
32
23
700
1204
437
1132
885
861
8972
744
50
481
4317
602
5855
3174
3577
515
930
2430
2866
10
13898
21994
1530
2228
577
84
2901
144
1808
3115
1512
1488
23
671
2830
473
3543
1409
853
84
851
13
1600
458
2098
646
129
6754
537
673
317
2267
3211
546
2221
17
2429
112
892
213
114
26
5001
332
55
71
1073
565
1233
328
948
736
574
6639
4247
890
2699
982
230
32
503
1176
5990
4510
1092
1995
6903
34
698
231
1218
1286
55
1434
571
53
2215
2232
6030
1653
2967
2762
17666
2211
6622
2142
847
8719
904
5732
439
151
121
1263
367
1459
4284
663
2694
640
1285
225
197
31
5705
2698
491
90
3287
361
1487
3197
1411
18
1717
337
104
24
293
124
1272
27
259
170
2035
1904
501
3198
962
260
267
168
931
54
302
2678
4489
565
156
2390
142
1725
1133
2439
1508
536
434
1671
1702
163
120
667
1096
3030
611
297
55
1970
3534
3329
143
1568
1676
31
641
1906
1761
926
3365
3778
2790
1460
2020
1334
2181
6516
1131
194
2045
1648
1187
4034
2552
752
193
69
56
2432
75
1302
1724
1016
4530
1082
1304
5720
7
1407
2443
1235
4100
227
440
650
1874
1840
2971
505
463
596
327
5522
55
508
2806
4979
504
21
8596
231
1745
14
3975
59
194
112
3513
2440
2146
379
2123
101
1127
643
506
1856
1354
425
1085
406
440
2635
1361
1600
980
834
1918
1638
95
2102
33
1378
360
1178
100
17
316
701
576
762
9
6023
348
349
10
1518
879
19
562
2456
82
457
121
16034
1096
28
283
341
95
1095
1091
5161
1161
379
174
2056
3551
896
30
361
1255
3751
192
225
3027
981
589
717
3051
2566
3620
2637
2761
452
690
1072
866
63
2917
53
323
2489
4333
252
361
893
371
264
1232
1399
141
527
3196
439
1254
35
1878
141
2674
1319
2826
1534
740
1841
35
7753
421
2111
1563
2934
4005
3868
1386
61
1697
300
136
486
3772
862
1258
508
506
559
5661
427
1555
5291
4
49
1616
986
514
165
678
131
635
1340
2138
2115
1901
3215
952
240
1436
297
2549
3494
521
32
75
2843
1545
885
69
523
265
312
31
118
541
6807
4323
831
67
2311
2075
220
2033
2178
465
161
265
387
816
170
1365
2345
2271
743
1757
1480
563
1225
2678
1347
2741
1829
11236
1058
1053
2584
62
993
87
2595
1268
1860
293
4127
196
20
6350
7
339
291
357
7991
680
64
273
721
958
6555
1923
175
399
404
390
1577
58
1436
1354
1650
1138
1577
726
1881
459
374
2120
1392
3205
3162
19
1341
377
1196
630
100
36
333
2016
80
3970
804
51
495
423
1316
111
1035
1550
87
322
1013
1726
2173
1215
2412
6339
2412
99
727
1297
87
3280
1757
793
1549
1196
802
573
904
294
274
2345
4210
389
28
626
443
5368
45
1828
21
400
856
157
235
44
928
1583
2468
1449
147
40
27
613
377
484
1361
1226
365
699
1447
4429
70
930
543
2741
2621
68
163
259
223
2138
2362
2811
55
6145
2105
788
726
7744
3629
1203
5496
4407
1544
1300
828
2849
448
152
46
3304
86
1091
1252
2862
7049
48
3378
681
2743
15
1384
479
1164
174
3038
1114
483
92
131
4124
2038
2081
64
1531
27
3774
1553
892
1321
8
1795
738
961
231
1172
116
1029
12
54
140
62
920
4000
99
4313
1418
25
998
872
16417
1609
7566
181
50
887
1
11
2103
138
1538
481
4005
1874
4006
294
75
4441
316
942
679
1094
1695
229
250
36
29
1527
478
86
96
536
6
105
101
19
691
61
108
1940
515
566
117
253
842
128
401
211
1549
21
237
741
1892
753
113
87
94
321
725
356
914
271
1165
603
205
1312
3017
117
64
1179
2705
683
1081
3005
88
78
883
9
599
1351
35
202
1238
1842
9144
164
974
583
158
489
1241
498
666
471
261
17
479
475
429
190
689
2031
127
320
1613
2228
368
127
1881
83
1571
1545
1188
1424
7369
252
453
1907
532
72
23
4230
127
657
1518
6
52
1476
2554
822
858
1895
439
1032
327
444
718
176
4595
4301
182
537
6925
1181
1440
1294
1049
1889
2958
2618
579
392
1351
159
108
2829
560
10602
3661
2292
78
597
368
2066
287
1219
69
2987
11
66
239
2026
749
6298
351
180
740
1527
132
18
988
383
158
60
3865
237
1433
2164
821
566
440
66
107
391
1632
18
708
132
197
288
2042
1209
1052
78
884
1798
141
1166
10
3190
393
12
556
1607
149
212
2619
65
14537
1463
3603
2426
429
994
3476
319
5711
25
37
1328
535
1490
216
9289
2025
300
1622
1864
42
390
20
1168
497
994
813
1838
44
2290
2843
1169
688
354
2073
2795
3953
217
810
341
854
46
1843
7
158
1536
999
31
1819
68
1549
272
566
9909
2574
2544
32736
626
1836
1413
25
1725
564
3347
312
1691
871
156
1038
83
649
1009
3289
53
6070
283
93
91
598
2322
3461
2304
134
264
46
389
46
984
19
978
188
331
3193
2462
1666
1392
2844
2929
1548
888
1881
301
109
236
1346
780
616
322
263
727
39
935
2483
194
206
276
654
1164
435
1165
449
2016
895
18521
3397
1390
702
476
204
1066
5059
1475
527
1629
917
861
176
786
97
3028
586
4523
1326
397
1564
2966
1501
1424
567
617
5801
97
33
1041
1074
142
925
2601
414
205
1869
741
1254
358
188
967
35
1621
1992
1446
15
2232
20
888
96
26
384
1878
383
1257
1419
1401
8557
5439
51
1261
1079
2878
71
63
981
27
2942
45
2627
318
357
1084
271
422
839
889
1024
16
4133
2112
128
486
1191
388
3
338
1062
957
483
8
16
1800
430
890
1698
2179
1346
1010
1072
1528
4571
1673
2965
1266
41
1619
200
158
784
45
320
882
3723
4601
1502
167
2642
1224
1189
234
3009
2189
873
15
1624
417
394
2247
878
70
4339
1429
76
284
1345
2346
382
712
286
5061
4769
866
1116
3497
140
1097
196
29
59
1127
597
1208
841
24
328
1583
651
2935
688
329
3150
1873
2353
295
351
1000
145
1138
2620
4446
2624
3915
1152
1024
728
2628
1912
222
1130
821
1105
4436
1605
3940
784
816
774
34
962
438
3077
2032
186
278
48
45
2274
2254
228
91
385
661
622
243
2437
2122
833
8313
5894
307
2055
1109
1184
2517
238
4222
445
3195
1611
151
132
701
874
2555
3582
3721
1147
518
1383
110
206
1517
707
539
2235
1362
770
2820
134
2736
788
2809
557
4679
622
482
1170
2439
9
30
6691
397
43
3209
858
1062
4667
1370
1162
1276
336
118
531
786
278
325
510
8
441
431
121
615
924
3075
1171
1232
2227
215
783
1091
99
2216
353
299
304
1042
1405
2880
22
1486
167
198
469
893
1528
1442
529
157
1160
556
195
189
236
71
172
1244
2113
922
204
1656
503
185
3181
397
1781
643
114
23
1184
318
179
1384
575
1499
170
3294
1174
657
254
3041
143
15
901
417
761
262
178
294
1666
37
47
2170
1925
1268
135
698
2601
5526
1956
3237
355
186
21
3102
382
401
74
3633
326
1026
321
2253
26
4881
1239
2056
562
238
599
1748
414
956
1518
2149
1322
238
367
34
93
1640
845
15
687
11
1331
524
2256
2847
397
3515
4769
2571
2093
497
253
128
113
192
1841
978
35
1522
6079
97
8200
174
1077
1955
202
1091
63
1907
37
495
2789
510
1698
890
1519
301
945
386
790
1167
884
222
99
298
1775
2252
188
879
2145
2008
1959
583
11
789
1030
38
1461
14
126
1273
2879
1692
2259
73
532
1969
2264
183
1256
1028
123
2698
1612
1484
177
815
1046
1483
336
877
89
4773
551
185
511
76
4113
2391
127
5127
34
2
301
336
1945
2660
857
1568
882
904
1384
6477
2475
3134
2341
23
3153
1363
382
432
2141
2417
2634
5
1239
77
1973
2
6932
1837
1855
266
312
3090
41
1418
453
397
2461
270
4080
29
140
324
25
3898
2495
237
604
944
582
3338
463
3
2096
154
522
1469
28
771
1195
312
3775
1987
198
10716
1186
1605
4219
2481
3108
113
4022
313
1036
191
1382
873
22
2774
2211
869
87
465
854
1010
1518
1998
883
722
358
1177
1243
3320
1009
770
1022
2544
657
4368
472
1450
363
1680
2940
881
4648
16000
599
3492
9835
45
1327
77
3382
943
212
234
462
1753
1413
1151
1383
1873
788
303
2462
182
216
283
3436
257
28
150
940
2119
300
2649
1777
40
521
736
244
98
3147
1640
2655
327
1857
3180
1746
80
654
206
62
2
3351
118
1023
1714
513
313
375
863
66
68
871
1692
907
2358
106
835
1322
2682
1184
98
4250
61
3054
3497
2030
1812
844
1875
20
1514
307
568
174
199
775
728
258
7795
1517
3535
3385
194
658
418
2553
153
3616
203
814
4
102
1084
160
1571
1048
164296
4749
747
346
123
2577
1507
3632
1433
3004
2229
527
62
904
978
799
1386
175
435
257
2
18
2259
256
1019
3742
755
82
74
526
361
620
1358
78
5077
868
3467
422
1582
291
1112
153
447
1971
63
663
265
644
779
1216
753
1154
6119
838
3335
2945
68
1724
12501
3941
4787
492
1647
12
1993
384
830
288
86
197
1731
320
121
1121
213
798
907
6265
16
771
1548
19271
2458
2125
1456
292
1516
2792
575
5892
1849
498
24
3041
407
214
1592
3202
101
820
1253
1103
721
1279
1255
542
1640
740
748
146
984
956
225
2733
1309
1717
786
53
390
740
162
1318
981
1228
69
345
3198
3
902
1266
201
1765
520
1371
3222
309
3754
233
1643
1311
4477
2452
878
898
37
4262
1666
2004
722
1989
3083
1041
421
2316
1160
1071
1082
215
1194
222
394
435
867
63
1569
1280
1011
588
1258
2031
1500
659
13
651
104
3294
631
1427
355
262
1621
29
57
607
1530
3208
1566
1028
129
698
2356
394
879
1007
1373
356
1546
686
532
898
768
376
2095
2216
2673
7278
989
887
628
682
2407
2149
67
1154
2295
611
3309
274
269
2027
309
458
1050
2650
688
2271
1603
745
828
2238
43
1049
1662
175
6208
1202
153
1048
75
1977
594
3108
528
2086
1685
1291
1711
2489
130
1632
4523
895
425
70
3129
3919
1097
2238
6572
1036
39
1055
2572
3000
1779
194
155
2967
1781
303
1394
45
372
2531
221
691
1900
1424
992
472
2
1767
290
4249
2124
1779
1845
1240
1465
291
1747
573
1936
3125
2144
946
2559
254
1466
28
61
419
120
359
2190
347
393
205
3113
30
1243
59
1441
19
63
118
1272
185
274
228
593
563
2108
191
583
86412
569
1980
50
1638
1799
172
790
3152
1807
1281
259
1682
720
1079
5175
4123
179
345
910
2666
228
729
2447
659
501
541
1385
1061
826
1373
909
419
3292
1661
47
1364
276
3782
745
785
386
1011
969
2265
115
218
1206
2909
42
4090
3428
1081
1907
3281
81
227
1393
444
1632
1273
2464
3624
76
954
395
197
1943
1742
38
124
694
64
6153
3797
1372
499
1020
1598
48
2243
1578
4977
1829
1062
1546
56
40
1323
127
3404
13
695
2530
602
58
1092
657
716
174
197
3568
1332
349
1131
90
214
636
1436
24
5579
1406
2036
436
1512
1772
318
650
385
1991
314
2229
1742
4120
398
338
391
1356
2810
259
1534
2532
118
247
2301
1218
373
2551
4345
104
11998
685
3256
33
2341
28
1990
144
40
614
4703
1218
14
2180
3294
176
1090
2288
1821
1696
501
75
426
95
213
1338
1731
222
625
1234
525
156
236
21
1646
18
758
143
147
11
640
1842
1112
2345
352
812
622
94
3446
405
90
23
797
851
2461
1148
1255
472
5030
2251
313
75
462
97
597
369
318
576
3105
897
5535
619
71
1702
2119
1213
73
236
1576
2681
395
1757
161
1236
165
37
1608
2477
1618
1723
440
512
516
1806
507
3082
1194
28943
512
63
114
1562
299
450
34
1500
2419
333
144
720
246
633
392
1062
916
702
2196
1095
2796
2033
609
43
2904
1201
2689
549
403
1504
22
1710
946
8036
3921
621
710
1079
1455
4583
3551
1079
32
1057
419
1098
1498
664
745
2806
980
1312
459
999
1952
85
1097
968
1576
641
828
2038
1079
25
1090
13794
2017
22
332
2282
2525
2088
1363
1410
1413
4135
146
246
319
3820
2959
22
710
191
155
76
2809
396
765
277
30
4141
141
375
892
96
333
1394
1505
383
979
739
303
66
2820
259
28
1721
2005
1367
659
65
1965
323
436
94
1080
180
30
1548
3287
221
2
83
1027
1509
155
2512
1222
2128
501
2126
1859
101
1047
851
2147
196
1397
1063
1570
381
94
2407
397
512
2577
1518
2519
2515
418
485
750
669
3990
1211
1179
34
585
624
1667
46
472
11
172
358
732
605
204
2750
151
2846
79
243
832
4274
220
118
2211
4987
2499
1220
4222
375
1575
786
277
34
10
1593
