1301
7
226
167
12
10415
1085
171
54
3642
217
54
2
160
21
603
79
1561
2119
72
2542
54
8762
733
108
57
157
985
186
1193
26692
27
115
75
407
431
227
15007
253
310
1023
2034
404
775
1256
7
20
47
46
123
718
45
1476
63
570
473
1049
1037
18
706
74
166
1353
119
300
10220
792
324
2315
1282
225
14323
502
990
46
645
145
2242
161
182
448
273
2210
544
356
141
690
434
1903
1029
20
169
448
1760
305
1003
343
122
337
883
396
1598
809
444
142
892
34
206
164
105
138
761
210
389
170
291
62
368
2451
34
702
1077
1293
6463
252
173
126
439
373
3205
28
1649
698
1284
91
857
4205
3562
286
2578
696
234
42
167
311
128
25
464
