75
13650
52
462
38
314
3659
32
831
375
23
1182
642
121
1
53
283
384
305
659
1
21
196
3422
51
331
899
1888
5662
2145
336
566
6989
31
60
87
8247
246
60
2485
1467
30
46
155
196
82
633
706
13
594
60
42
3206
5430
4159
25
325
338
18908
1495
2485
17
2812
67
1075
56
1525
6
139
40
718
11
35
143
1421
4
205
122
52
689
46
32
343
960
3582
3322
1189
134
539
416
50
12
132
1251
118
209
298
673
94
80
622
13219
1193
84
162
5508
1643
301
120
11
2275
237
2767
1295
722
5441
745
6367
1555
341
464
373
37
5072
24
393
986
1573
302
108
862
137
12260
67
132
534
468
3187
1030
22494
499
54
192
124
5689
1246
196
254
4884
14455
1475
482
41
14
476
1880
1836
11791
186
55
14
558
749
9928
2895
475
2
471
113
23766
451
1993
1957
207
15
598
21
4707
178
6056
8801
1779
1786
695
2283
2306
90
220
3434
1176
1668
694
153
729
1292
248
460
813
356
2567
548
6765
686
48
354
406
228
34
1151
1022
14
1831
21
265
5292
145
394
813
4084
12545
243
407
48
385
944
178
120
565
5727
136
9
1318
29
446
906
758
477
886
8393
5435
608
162
1630
313
641
1792
2844
912
45
460
128
265
108
19
1065
791
198
678
1807
34
1979
419
66
500
2919
49
8
2
588
6941
178
8204
5499
362
1165
202
134
364
2
13287
197
152
614
84
7
1444
1751
203
314
765
7070
11
1977
14
2506
27
39
1839
918
7
193
574
846
4969
156
7
268
1475
391
72
73
3062
917
1874
183
226
471
860
17
902
12
119
15395
8
54
545
51
2495
160
226
259
196
15
334
207
211
681
704
12
79
180
10027
24
256
1672
36
17
180
406
381
3243
442
269
130
1081
3018
1118
55
116
36
1023
1386
1786
119
54
424
534
7841
1
446
253
70
99
113
31774
1891
12
919
781
33918
17
1488
5671
1391
1470
1398
1070
1624
1548
91
3542
1447
135
905
368
2364
32
13
40
25
6
43
210
498
584
214
455
2368
215
30
34
2033
379
300
290
2443
211
856
20310
1174
84
784
18
1343
169
503
1638
47
95
432
1467
3258
5470
197
223
1449
519
47
1152
322
48
56
375
138
50
195
376
410
218
211
414
16
136
1149
29
992
808
47
3827
32
221
790
36
801
531
2451
82
1325
805
47
285
561
57
12
4624
501
238
393
114
1282
637
26
789
2190
234
211
127
5354
178
1065
115
336
1857
123
227
5389
199
540
19
5175
15
1446
387
3709
496
307
239
1264
565
79
1830
842
165
1083
443
2809
143
17
171
53
3799
2397
390
110
471
119
1169
107
137
113
52
2263
4127
3513
34
2929
113
1708
473
1351
12
172
66
4361
2817
1402
47
3456
106
3596
84
11051
34
26
43
481
17637
23
1249
1324
936
22
66
305
1070
642
870
1
2431
207
1640
911
243
1047
201
6866
6995
1943
407
320
172
80
256
1281
8303
468
72
1374
306
901
11804
340
4960
2381
2
55
1083
3464
5925
116
426
71
4060
1646
447
1066
2068
254
61
2882
1755
58
355
3185
4229
34
2064
229
119
578
1172
9101
871
14
2998
6152
3328
6850
130
3511
3111
7597
11797
533
32
268
6104
21
69
899
448
108
3092
630
335
1403
413
26
2709
537
408
817
279
1425
719
917
22
204
3190
4781
4281
1336
93
409
63
24
35
7
39
4959
30
26
281
217
61
450
2849
5527
275
5842
1167
1304
12
165
1490
19
3458
2992
4452
2532
516
89
2563
229
35
670
93
2318
189
287
764
1117
692
267
3435
446
1095
9222
130
132
1703
21726
1533
158
21508
1319
3210
3460
4048
24
171
30
2345
2442
1067
424
453
1462
20
1355
825
866
5
980
961
267
1196
119
405
200
78
31
941
153
17
1755
15
5
201
81
295
44
3077
1595
10359
156
6
443
321
23
1079
16
99
40
357
20
20
36
163
22
741
14
1
5297
342
343
540
254
557
2929
108
1635
963
507
1546
6804
21
460
249
170
285
1285
452
660
25
143
618
1405
167
2701
1178
140
2085
524
153
141
453
46
104
7794
4012
597
11478
215
258
4593
4201
3965
2382
2014
229
325
1403
2096
2571
924
1997
1945
5947
534
53
395
11
33
132
250
1420
676
6672
10
407
57
1001
457
285
2487
7732
21897
1
129
93
131
337
730
379
16
380
1
247
11
337
6068
633
521
177
1405
1110
3545
15
153
1818
4313
454
57
18
3039
91
2696
1721
108
3722
9
187
2557
195
2312
30
777
9960
2849
432
83
662
584
47
771
55
40456
2900
484
1179
3310
319
1181
1804
1246
22
2103
2220
1426
9458
129
72
287
919
639
3597
97
2092
65
18
273
147
28
324
63939
337
2972
325
14
80
1654
28
44
970
269
11
1861
21
11042
241
101
29
2167
341
1166
216
799
167
635
175
258
266
2220
564
552
4100
459
1619
1603
119
292
4048
87
251
51
24
1693
17
204
24
3700
253
814
95
501
12
140
369
1
3972
2775
343
20
110
140
3212
636
905
187
29
585
402
346
3362
6513
4886
1617
180
91
2762
69
189
93
2428
8833
465
155
818
892
327
77
1858
905
557
55
181
2981
514
244
2170
6176
36
1270
22
105
857
4427
219
846
5121
719
2
4123
55
1026
195
195
125
1664
10165
1716
14606
1464
176
9
626
434
322
2849
6
1306
311
2216
6223
