7
75
614
8884
82
31
545
193
2636
18
2739
36
1793
352
55
1831
1
44
215
2192
2669
1377
2188
5708
93
3
187
2276
134
5978
71
63
181
260
527
13
6612
29
235
10328
2222
274
79
8174
826
58
836
611
2025
3
827
259
1377
1343
1162
206
12247
1094
64
232
1090
657
8
38
24
6405
2007
17
247
311
14
2239
2186
270
3571
404
467
36
552
121
23
1077
3768
2357
2309
80
587
5112
741
273
26
1964
1699
17
2217
3896
3210
1302
129
503
497
325
968
3576
303
64
176
4613
103
1763
287
3613
7302
2581
21
61
4
1058
425
142
98
280
8437
804
185
10
3713
7235
2293
325
1
53
98
755
1938
71
1643
4223
3733
2671
143
195
1122
1383
486
7
299
395
3834
780
328
318
604
1374
4436
1879
126
3935
511
2412
11
1426
1674
364
153
221
38
1122
272
826
3005
1802
4
489
1133
740
647
431
17
81
134
1768
1128
281
1
163
180
423
448
576
1711
2034
323
686
2066
1564
8
17165
1713
574
212
69
1807
1011
58
90
2399
1077
352
25
1789
561
4081
1367
445
692
342
587
5979
629
381
1274
241
40
2258
927
511
13565
253
548
3215
92
48
7387
198
421
46
7014
1626
290
2717
3374
1098
270
50
11968
7465
215
213
194
40
272
68
51
5294
3182
399
225
3597
3350
183
33
9
2177
4617
76
113
337
9156
20
159
6360
236
14005
699
138
300
70
130
1194
38
227
103
546
145
45
131
2942
3139
222
377
871
132
101
1
462
1003
341
957
95
925
1209
101
25
9927
223
109
2154
887
135
287
3821
1928
213
92
356
854
91
1241
247
20
34
2767
1010
1724
1788
1490
4849
1952
697
46
58
19
1913
8
4032
73
379
400
1383
350
509
462
576
343
30360
49
442
221
1264
1271
67
306
482
6141
2540
704
268
25
478
321
178
389
3437
126
28
3849
1137
867
335
203
1195
880
234
1864
363
35
1402
7000
952
1045
35
311
3447
1261
336
742
4455
4329
3977
68
405
514
813
143
7137
848
268
2225
28
50
1179
35
393
8230
522
219
1001
5949
10503
110
49
30
1
763
177
200
58
175
176
8074
542
99
7339
6548
379
746
4352
957
914
9
25
1222
436
27
236
1861
4
344
8
263
1112
4438
220
56
34
760
11542
9410
365
1674
3174
28
1025
14
548
36
381
110
190
36
356
34
541
88
600
457
119
64
2724
10
64
3019
26
259
741
58
441
445
36
1042
439
1199
70
28
1537
1302
3679
6506
744
132
152
222
913
43
852
135
4479
720
197
5528
83
24
2557
297
182
3661
16
250
21615
4042
1959
1838
2621
45
23
967
128
11
136
441
22
4859
119
435
128
157
3649
3327
831
1057
2207
558
962
719
14526
123
52
333
2415
617
1385
8404
588
860
264
606
92
609
2514
265
186
8
280
26
2687
136
1387
112
1105
793
211
365
412
163
3868
208
442
47
127
370
73
542
3355
1424
3080
1493
184
18
734
716
553
53
1773
3537
181
1821
273
16
192
442
1891
953
215
360
179
2
1039
811
780
174
916
4146
856
1283
208
726
9583
5932
2076
1246
2867
13677
150
570
778
289
2376
2999
66
5177
504
437
560
2374
1351
328
1013
3890
1019
275
121
23
301
70
42
3046
431
322
329
1248
812
29
1652
1221
529
311
126
610
4965
353
