36
12
139
9
238
11
61
105
5
180
14
36
23
132
19
89
50
15
187
62
74
55
51
14
28
120
82
8
1266
113
21
70
103
218
152
541
25
9
172
38
64
9
191
534
27
72
26
100
58
93
89
19
1178
14
213
51
1
37
184
91
482
134
13
246
257
57
360
54
45
48
28
82
62
70
21
107
12
24
16
213
27
163
14
3439
123
24
69
40
9
16
15
188
171
13
65
1
58
77
23
121
463
20
3
132
99
142
16
36
55
67
55
6
32
17
103
13
85
1325
451
69
14
99
55
32
51
128
57
10261
3
11
63
84
68
16
56
75
8
57
3
232
6
203
1226
198
56
110
165
6
78
18
36
148
24
667
3
59
52
55
151
514
299
72
214
242
225
482
29
56
61
218
95
692
51
30
5
161
69
149
1
28
108
67
17
52
286
2
48
290
41
110
28
7
51
128
69
106
64
112
13
38
41
82
182
8
39
177
7
34
55
62
79
51
157
187
19
22
184
203
25
4
210
191
85
10
155
150
290
574
30
26
131
17
183
90
62
18
37
114
451
64
56
88
56
211
141
50
130
92
83
52
42
38
329
15
4
19
15
15
6
52
62
101
57
52
170
143
41
458
79
18
241
238
794
303
55
908
65
56
68
90
74
145
841
30
100
25
9
113
162
518
16
8
9
31
15
200
105
162
161
22
64
471
154
185
38
20
340
58
1
11
48
55
64
249
93
5
17
65
815
42
12
4
216
105
22
6
33
6
65
108
209
57
20
41
81
16
20
17
42
69
255
832
61
52
125
72
413
6
18
88
279
616
73
325
19
55
9
73
49
30
242
22
312
366
258
117
56
66
62
50
62
107
144
26
1222
57
109
8
1
174
68
194
32
14
77
57
119
91
16
12
625
77
214
980
73
181
50
206
2
334
15
184
231
18
41
214
38
135
303
23
18
127
221
593
294
54
67
62
51
101
98
107
217
97
38
32
58
147
208
25
328
279
78
25
16
60
200
209
217
354
55
149
26
20
6
8
39
24
77
190
12
105
50
65
205
81
30
53
164
31
10
392
236
9
244
73
460
9
59
112
16
1
7
59
171
5
42
183
97
55
1
127
118
55
55
51
68
58
55
60
284
55
55
87
87
10
23
258
41
13
377
92
124
73
359
34
29
8
167
56
202
246
239
56
173
