110
364
210
32
1375
1
1
235
1
42
121
854
1
218
149
18
1
2700
48
9
545
602
1360
127
54
81
252
867
37
39
64
58
44
1
90
29
1174
31714
208
2276
176
43
517
40
999
24
39
153
203
334
697
7752
462
855
40
6
23
1
506
1
2366
283
51
261
83
3789
434
20
3
168
75
99
22
40
565
5896
61
150
669
81
247
77
430
34
101
44
1421
55
15
1224
15
5
1734
99
54
361
121
3694
54
389
47
23
13
4317
6
16
381
182
19
32
1
242
274
241
228
887
38
487
11
65
124
24
2846
38
46
10
5
571
210
6
166
241
80
45
55
97
115
524
35
1193
3
1062
1
8
11
17
213
41
27
105
13
329
331
72
1450
109
54
42
162
585
411
29
8
2704
105
47
65
1046
2022
1
68
17
250
3089
10
98
1
57
1347
246
99
1255
1026
782
1550
223
1376
1814
81
23
8
8023
206
4162
395
839
86
469
3640
85
1490
1
254
56
20
84
48
140
51
7461
1060
8543
1405
580
8100
6
1562
63
16335
85
1
1
725
90
4748
6299
308
58
145
35
32
11
715
3105
544
342
996
608
20
1826
82
34
2640
1791
363
93
108
53
102
834
48
629
1
36
36
67
1685
231
3
96
869
86
5628
46
695
192
27
860
7
2927
22070
1
207
120
1598
31
77
11
4679
18
22
140
1370
68
2862
20
1188
883
73
41
643
1940
15
113
607
114
578
130
21
22
242
30
161
1578
38
51
1780
3
211
689
1056
10428
50
1391
1824
11
15544
4506
118
116
8
12
256
108
6
66
192
912
43766
1161
20
7951
1885
3133
5673
596
2136
5817
174
1426
1
32
166
397
8
58
1628
85
1142
150
26
301
1755
62
30
123
97
194
61
35
1038
7
174
21
33
23
136
789
54
3115
17
1650
592
77
21
24
3012
72
144
38
15
339
28801
2
7
525
21
341
91
596
91
32
24
14
215
176
3077
3033
555
211
1
21
3782
502
22
105
256
84
69
593
100
59
200
1363
124
325
8868
1714
557
635
531
22
191
1652
190
57
416
435
57
1562
172
64
52
303
64
93
11
47
248
273
294
1072
13
724
343
2507
432
434
13
587
53
20
23
590
714
43
40
1693
109
785
21
414
17
6
21
39
56
164
191
666
135
1
2201
50
354
1
18
3
466
47
4
17
8
2
74
545
45
67
158
934
165
1
42
2
95
578
486
172
314
511
99
798
186
741
13
478
983
41
3643
131
70
87
22
12
51
1799
221
157
21
43
671
325
24
223
1048
1
713
1
1156
63
114
6
339
309
266
32
134
28
14
77
13
532
13
510
81
4714
1138
538
465
1
14
2164
8
50
14
2
1
910
1
8239
63
45
998
524
138
37
24
480
5988
277
44
23
83
82
2165
502
36
376
5
552
813
1595
795
207
128
16
1079
69
84
40
21
391
171
892
15
6214
2063
39
136
220
31
1093
43
44
50
1028
675
52
3462
39
110
1605
34
18
9294
5490
1
38
20
73
486
660
21
252
4423
2
47
7
959
47
15
51
107
1278
58
678
73
146
394
1742
152
154
1646
19
425
8
981
516
4
26
98
27
563
12
15
95
55
133
6
46
72
106
38
75
5
70
22
1050
78
863
10
39
28
2469
108
4
34
22
11509
957
1240
230
586
1962
24643
5
41
13
90
273
195
17533
2265
6142
1528
1012
33
18
6
11
84
55
73
536
33
104
188
344
4728
22
27
94
644
41
1452
32
65
367
405
1335
586
399
98
365
282
718
49
1425
38
369
375
2498
2702
428
1
245
49
667
475
2016
320
2591
409
259
9
13
46
19
62
67
21891
68
7
71
32
103
22
794
99
18
384
19
31
33
4
38
266
69
77
210
288
157
277
1
436
646
116
21
73
1247
177
681
366
25
269
7
5
43
981
1074
1575
3691
20
653
15
586
31
201
204
144
658
2116
29
2
320
376
121
154
1
249
604
224
22
14
28
102
33
186
17
1
251
528
20
18
163
203
26
76
163
67
672
1847
1034
215
142
11
18
65
17
34
36
113
342
1470
897
483
1063
50
112
33
1682
30
78
69
23
6025
201
27
77
65
1889
5600
17
23
76
2
80
1
69
368
497
4130
1
51
124
212
1
20
4
40
7
1547
23
81
35
45
19
1804
49
11
28
83
332
283
220
34
3
74
35
37
964
37
54
4289
214
1229
2
690
9
305
78
9
6
8
191
376
61
7
264
81
111
16
298
12
44
48
316
1
63
55
104
370
2213
3666
14
18
444
47
13
3
19
78
2
827
134
476
105
3869
1708
77
395
238
13
1
49
46
29
1
119
353
1237
21
134
333
565
132
24
1682
82
19
245
82
1276
80
18
25
5
514
47
1383
1259
592
308
842
1123
2420
10
118
576
57
25
838
25
17
53
24
70
156
23
52
12457
1029
1635
459
109
659
1
1151
117
3273
12
1017
81
129
1280
7
16
601
628
48
23
1287
213
1
130
823
146
84
326
689
4854
45
3533
321
75
205
166
4877
276
14
877
990
288
148
427
26
181
209
12
9
282
1
919
519
306
157
57
282
94
170
365
1078
15
22
133
104
47
195
366
195
28
103
50
81
1
1920
436
189
37
714
172
63
483
59
54
226
3
267
731
163
251
25
24
26
45
8
35
9079
15
1221
57
204
586
103
1377
45
510
133
16
2165
2
6021
2027
114
3903
437
1908
136
211
14
133
9
27
946
3
292
473
24
208
66
44
9
43
2292
23
244
61
30
24
68
1156
40
397
233
14
1
31
35
12
79
170
236
16
20
89
1370
76
601
21
35
1
19
78
952
32
462
23
33
3388
11
3
6
58
1776
60
615
26
45
43
394
685
60
64
88
256
68
3169
3
25
131
63
13
2378
98
5844
76
216
33
1
163
219
1047
8
83
55
73
100
8
543
12
12
100
135
3462
9
27
640
85
83
707
107
165
784
338
10
22
187
358
90
1397
131
382
24
903
9989
128
2725
1700
416
44
31
299
9
112
301
1804
56
30
1
1941
2580
386
75
21
1851
169
119
116
460
1000
12
39
164
139
1313
110
132
142
321
48
29
76
49
1
1231
25
1074
594
453
12
83
27
29
1396
120
316
44
266
72
32
475
54
929
145
5
774
837
38
1
9
45
288
893
475
144
90
2493
201
42
50
246
326
4
1104
1025
143
92
28
46
166
531
91
137
3
124
39
73
7
1950
121
18
29
11
17706
1186
9
932
80
431
627
9
174
31
770
374
32
2912
14
47
247
427
33
725
16
8
1095
1013
723
15
16
1122
5419
20
328
42
254
49
75
81
1961
118
540
1
24
266
2433
794
206
14
135
42
185
62
467
1
84
65
4731
77
4897
524
11
40
3107
49
47
119
2
72
274
15
398
998
68
10
968
94
6
114
391
172
19
37
95
82
2
1
3730
19
14974
2740
1360
991
97
15233
180
58
30
14
20
569
1398
37
490
12
79
12816
14
47
428
122
26
9
20
65
60
670
4657
83
5029
478
220
6564
277
54
70
34
10
2214
41
412
13
281
1490
166
511
18
6180
879
6994
593
2288
225
146
44
54
4641
11939
3567
108
16
4746
67
610
6
162
206
3776
35
91
4979
1
564
14
28
128
1048
283
440
50
13109
1143
169
389
3304
1315
318
544
11
867
1054
23
36
30
256
292
995
334
5886
7921
2640
6
4437
14
25
241
13
68
4471
32
91
3096
4997
64
15
23
99
1
396
106
30
1
395
4386
102
89
464
33
17
157
13
1349
612
308
8
51
5
10
2743
826
111
6
419
404
1676
15
852
5
11
308
4
1
33
35
45
366
100
1
6582
2
9
227
60
1
113
157
115
1396
115
713
15
540
1
35
24
30697
1719
48
84
57
4634
192
27
1350
2416
28
25
612
3969
24
14
504
6055
7041
584
242
57
687
45
1784
22
77
70
5577
6
53
1840
443
12
136
58
75
85
1221
211
36
82
1
25
36
51
445
146
486
16
1
637
140
184
57
158
2120
381
51
95
97
8
1514
16
31
204
15
10
15212
46
1617
63
9
59
167
30
397
849
13
6667
37
1197
1
352
1110
74
1563
13
32171
1
32
324
231
998
1012
46
29
1570
21
33
27
29
444
275
23
1141
13
27711
430
1219
1753
74
186
396
164
74
97
20
24
330
1
25
17
5
40
25535
28
41
1892
21
66
63
68
518
1
2074
66
8022
257
171
7421
4391
18
1762
1019
399
357
415
1776
851
66
98
3272
23
4
358
931
12515
13
10
128
10
1830
31
19
147
6
12
2
3
89
88
15052
27
28
416
44
1
405
915
6577
77
1170
459
151
129
61
6
89
4230
2613
192
654
334
86
1
661
50
813
35
403
7
1136
28
40
740
125
2
1196
2673
532
133
10
16
194
1085
267
703
131
12
76
75
7
19
209
19
187
624
87
4938
237
41
95
1542
530
20
1
257
5
47
2252
284
121
380
13564
43
519
12
454
362
14
5490
1
13
325
83
36
78
2
127
93
112
1
77
13
21
75
1053
1243
18
16
35
145
336
85
2400
12
24
626
12024
932
1451
16018
53
230
473
17
219
1482
422
2972
254
1785
26
275
278
48
151
6
202
341
681
187
6
37
18
175
36
10872
10
7
8282
39
1028
32
173
502
131
17552
93
1202
2672
210
374
63
140
6
46
125
419
43
468
325
313
400
44
2856
2965
83
95
27
143
1027
7
1988
104
3485
2243
121
856
25
1647
73
11214
2926
787
8
108
1
79
134
508
38
943
126
2
77
59
215
64
148
436
28
19
37
12
353
13
63
8
254
193
2
1
553
131
1
20
1377
59
92
46
351
7
173
817
113
34
1
3363
13269
10
137
470
65
316
21
31
12
2772
1138
38
780
356
1144
105
158
10
76
25
827
213
406
29
43
28
292
25
12
28
3020
77
1
7608
228
12546
1414
282
14
65
291
1259
193
18
4087
185
174
58
3873
705
51
662
62
8
30
179
3662
68
494
349
1620
14
1
49
1963
111
79
361
486
1172
1356
23
439
60
11
20
21
1
13
25
121
46
1792
7
17
3972
520
21
55
672
16
44
13
281
50
45
75
33
9
1
820
111
544
3688
410
15
730
1063
954
150
356
90
104
433
15
22
9
6
91
565
354
876
3650
79
623
150
106
216
31
3989
1
11
37
17
16
30
808
45
60
8
169
18
2030
170
1001
1431
12
210
8
9
879
2589
15
568
50
52
63
312
471
10
36
91
7
1
132
13
1
115
37
6
727
15922
4127
1560
3114
210
23
83
624
1
17872
80
19
2
11
17087
2271
618
228
144
505
220
6781
9
5
9
4
14
24
5916
471
27
51
88
26
101
192
20
27
761
1576
141
90
66
1279
126
436
8
14
908
167
45
1
9
248
2835
95
60
917
137
2
53
8
237
9
95
179
4
258
24
4431
19
1038
1099
207
230
13
140
210
21
2055
4
401
11003
383
15
176
1702
34
6432
238
12
81
300
27
2666
43
1
31
886
586
507
757
29
810
218
59
5964
27
345
461
49
43
184
147
14
325
75
165
73
3551
11
14
45
1366
564
382
134
1967
386
42
12
11
1721
273
91
2171
1176
36
530
177
338
113
512
25
1
16
1
2762
8
1037
478
2092
182
186
12
465
177
16
2708
6
55
201
135
9
1615
814
123
534
62
4
256
944
2500
1
76
35
283
93
125
328
24
664
67
148
115
1
68
332
47
2
1754
673
18
23
4754
166
41
17
29
3414
11
16
56
649
166
36
51
119
79
607
84
2708
35
286
58
22
13
20
79
127
195
21101
2
340
30
135
161
1525
127
3230
40
36
1951
48
12
211
3
39
749
9
204
67
380
1346
9
11
691
20
31
3639
18
63
45
68
198
60
69
26
50
34
2369
216
1779
458
27
8
17
12
17
2909
216
21
14
40
712
174
1
2136
719
982
25
180
143
76
3156
6
98
999
556
93
320
75
25
580
32
2197
5
7385
701
11
252
81
327
642
81
8402
97
61
14
70
110
30
62
152
625
1640
12
238
153
4
132
888
23
50
1
294
55
1777
411
56
35
62
40
828
237
11
42
453
809
58
100
104
182
523
14
13
10389
7
655
61
8
5063
1525
98
328
13
25
445
1
1594
36
70
1
447
60
808
55
93
1
66
342
20
3775
243
177
37
498
145
25
250
336
3
635
36
19
871
47
185
38
849
541
1701
14488
11978
385
62
20
186
81
2411
47
17
3
22
147
62
598
853
201
16
377
1
962
340
28607
36
193
277
234
3972
377
445
161
14
826
64
34
375
25
1318
54
1185
32
16
208
224
477
15
2005
168
58
93
30
352
3165
151
3109
3658
4
117
251
49
310
1226
1993
32
264
17
171
148
169
27
55
13
121
1122
883
60
21
23
7629
6117
35
228
237
288
11
553
1
32
167
12
1610
9509
2314
152
587
53
15
380
108
405
631
163
472
62
50
20
720
2
1382
1000
632
1104
2181
18
315
3259
57
43
8
32
49
9980
17
5
100
35
36
11
33
77
484
781
140
203
74
3
320
18
187
347
1
17
601
79
465
11
1
138
512
268
339
9
8
90
557
84
88
17
302
1
16
272
241
951
145
99
1026
50
282
589
53
68
49
163
102
3212
313
61
299
991
601
7527
48
2204
1759
209
22
335
83
1795
2252
114
6706
337
592
34
1385
93
4583
115
259
2881
47
410
16
8
12549
247
263
138
140
1929
3508
4
140
82
2933
2960
111
1851
113
256
443
119
1426
1253
13099
1367
178
1816
18
15
31
71
1176
30
2697
241
5
917
29
617
4476
394
6723
2577
20
356
18
430
242
12485
7
3610
68
1989
206
661
255
26
10
8
18
199
43
329
36
61
22
229
1555
115
969
11891
216
120
146
106
586
137
304
801
159
1458
44
1961
45
7
432
92
19
13
13
526
446
1426
1990
1
1672
173
3
29
7
238
22
18
165
77
603
58
36
12
1
1088
308
3329
1684
122
22
242
23
2696
163
269
274
19
120
31
16
22
1
1
1
9
26
53
18
6
15
20
4
187
30
11
11
85
314
236
26
5525
31
83
9
82
20034
468
13339
254
26
569
26
1057
720
435
3193
149
113
298
17
686
62
8
979
12
14
250
1908
7065
71
16
76
651
40
68
1576
4
17
14
66
38
217
472
17
807
374
151
407
25
1301
268
1
42
45
518
79
487
338
2566
1691
223
522
4926
351
575
43
12
43
48
243
1722
46
1
94
4576
25
22
78
992
141
27
12
633
13
20
20
5465
242
433
106
9
5211
582
40
22
99
5313
3237
1883
855
81
20
48
2546
148
29
288
141
2275
12
116
709
17
12
173
1504
1862
5
562
1377
251
166
183
125
3
611
8104
5732
36
1
753
247
474
1890
8
1851
3
10
212
41
16
238
64
2589
202
52
256
65
44
813
549
25
5012
1812
800
291
48
21
285
12
9
34
2131
12
17
91
94
87
8
637
504
461
128
1175
29
4483
241
17
15
7
14
429
226
55
344
55
7
648
47
28
160
722
302
840
39
832
483
384
331
809
32
1859
522
16
51
4760
7
590
52
13
390
274
13
165
15
12
237
283
12
123
2559
128
1443
422
13
26
118
1
132
307
42
30
20
5068
182
79
64
161
15
19
1946
21
296
178
31
19
246
154
562
7
109
35
237
10
662
131
50
408
51
527
25
13
2116
356
293
252
118
104
468
284
515
3914
135
10
1
255
21
1
14
33
447
16
32
33
167
1635
1003
24234
81
19801
218
439
9
162
46
88
25
1213
383
369
118
13
38
1412
358
470
1182
61
2988
1166
35
224
252
450
2191
13
859
81
4
202
147
1
9755
19
206
690
229
29
304
45
699
3845
22
1
836
207
89
6638
187
104
1144
2
13
100
508
26
1267
592
19
1159
215
16
59
1
187
9
3
191
2655
1506
945
47
21
11
2540
2089
1807
517
405
349
1666
126
2673
157
4288
3153
18
780
18
96
790
1153
94
1148
82
11
30
679
42
25
44
273
39
45
16
1004
753
289
127
231
177
184
18
34
43
365
114
194
71
473
40
79
1
311
94
132
38
40
1
22
107
3357
1
1812
201
2981
15
178
65
33
125
1851
1871
321
9
60
41
62
45
85
35
240
9
41
565
14
534
47
450
1086
23
3862
4
176
52
289
65
103
47
1645
13
469
155
653
71
13
2000
24
528
877
12
7832
3
485
107
4
28
119
49
53
349
6638
458
1
98
481
64
378
17
161
361
10
37
32
6
119
21
2442
278
2
9
448
321
382
13
1531
2016
237
45
205
571
22
35
16
60
46
274
6627
176
47
299
653
32
109
1281
5
7
133
944
20
56
20
93
236
2
5381
717
840
81
26
655
2367
478
9043
66
40
508
59
51
553
22
252
4010
452
118
15
628
6
1336
166
2248
7687
74
3245
167
489
22
23
953
679
1897
28
74
11
12
443
806
20
136
161
366
175
420
515
216
15
34
253
47
273
1074
461
19
747
13
653
19
38
7
42
43
63
387
49
84
44
636
478
188
345
373
1
290
62
16
33
3
23
347
243
1894
2222
194
12530
25
13
2971
1242
55
12
487
62
17
141
732
1
691
125
258
88
357
131
75
41
226
442
586
5
350
595
414
205
1091
72
114
4603
27
27
20
1124
5905
66
22
146
160
26
18
41
23
43
398
1
248
19
235
303
6
1331
121
177
4
2
81
29
241
50
44
363
1
421
5926
649
59
3
207
93
34
338
255
64
40
16
1389
445
395
79
137
3081
26
3169
514
23
9
579
21
2351
43
2710
1165
11
468
16
157
67
62
670
27
263
175
19
15
8
16
231
39
40
14
918
39
176
17
306
8
1224
478
25
28
13120
447
10
27909
2145
1236
34
81
32
21
11
946
47
60
24
10
82
428
172
715
29
16
251
23
2218
38
11
12
7
38
29
718
1208
219
131
570
1
188
264
22
936
902
59
93
13605
6
7878
11
1
1
94
308
104
67
40
1035
763
174
5
7115
1636
49
42
67
610
666
413
193
30
8
26
85
1660
572
21
7
284
16
102
672
10
402
148
5502
30
161
365
211
1
162
422
7
1195
15
16
11
1
29
23
80
499
29
2
416
1324
249
12
4229
19
300
904
955
41
515
253
68
131
18
2083
338
464
632
57
38
3075
8343
427
56
462
121
166
178
1
15
47
23
1
95
154
16
563
592
205
305
169
18
5
235
14
567
18
1573
38
228
32
30
26
52
161
9
62
5979
3833
8066
453
1
17
499
54
23
301
26
97
490
4
12337
1108
5
1376
67
2194
389
655
124
10365
652
407
13
884
1575
2701
2224
2432
319
677
40
213
9
531
1555
67
40
636
7
3960
2445
51
7949
1
903
67
58
88
135
349
15
634
411
410
378
9
36
73
171
1774
12
52
53
1791
486
1099
21
481
292
128
3606
12067
128
86
2151
5148
5867
51
108
1016
2000
2592
40
11
559
271
17
376
59
195
1
164
15
8557
20
233
285
4
116
209
95
85
10
337
167
5517
15
23
427
343
842
902
169
373
862
16
152
20
206
232
542
190
216
24
56
134
248
5926
63
111
342
11
2279
429
1295
950
89
64
13
50
5541
68
238
47
345
24
35
353
294
31
2017
28
1
921
379
16
454
59
1022
24
4
797
2426
535
135
1
22
11
2
54
1462
188
1563
145
53
26
674
1274
420
408
77
311
25
842
592
154
24
198
1171
163
140
121
536
980
19
189
1471
97
23
66
1
46
684
10
398
713
3041
39
341
2082
125
2858
14
10
184
47
133
56
531
3252
197
1
32
47
56
572
286
23
3491
4
638
296
16
64
1190
143
77
24
161
232
25
2
3405
56
191
348
103
73
1489
46
348
35
158
514
24
573
468
184
93
34
48
4473
590
150
479
154
906
90
11
1556
297
472
115
1731
255
74
42
212
244
1250
434
19
45
42
22
296
163
330
15
1
10
20
1038
14
243
525
899
1010
32
271
28
101
20
204
171
477
323
81
97
9
1
1
119
29
1124
801
10
74
44
19
196
720
337
524
107
1800
2531
7
1
1099
149
14
14
64
13
162
6
7741
321
284
1534
10
18
104
90
19
96
11
765
5268
132
868
45
41
35
104
10
614
96
18
190
17
46
27
6828
358
195
1097
796
34
195
90
23
217
1637
10
12
11
586
303
239
11
928
59
756
26
36
425
471
46
63
438
1381
9
1459
575
181
130
79
23
81
971
15
45
4083
327
92
211
1746
1540
89
21
19
7
26
777
240
101
3
934
1368
2029
1218
109
28
10
2
3508
12172
1771
28
4572
70
13
10
11
49
207
100
307
68
79
18
79
27
913
156
3
6
7
1031
106
8
333
55
124
401
68
528
6
4889
1388
154
165
7
7
60
104
15
4378
275
16
64
430
79
643
43
1
376
43
115
1564
279
43
386
267
4647
169
71
1045
56
268
153
229
1153
40
127
454
64
212
64
150
120
4
13
211
6
400
56
90
8
742
9
15
106
79
52
26
53
72
195
82
256
25
215
219
118
199
33
71
1051
44
70
2427
36
6
1160
52
145
688
344
140
1183
448
151
57
2437
68
7
12
1
7
338
25
4
10
32
104
68
600
30
140
553
105
16
44
10
73
18
29
7
29
43
1343
1
235
497
604
35
570
20
631
12
163
1421
56
966
170
1457
38
11
207
3583
348
1033
158
54
98
50
520
400
42
117
374
13
1922
32557
111
2860
23
345
717
250
98
1215
6675
3562
345
88
362
28
1
644
869
353
2019
477
10
365
937
187
104
6446
310
690
27
69
138
1216
1267
1
350
5637
44
1
12
1
104
82
60
21
1416
60
701
352
23
231
38
2511
9899
544
2478
99
5024
15
75
204
11
368
485
21
1754
55
39
559
2149
1857
17
4
172
74
23
16
160
1760
603
19
116
273
19163
1739
221
62
2451
61
39
388
49
96
106
3439
2494
19
22
2527
5
580
163
2780
34
47
23
416
1891
76
812
22
2321
25
44
850
34
141
155
304
38
414
6
50
81
18
49
824
16369
536
54
25
111
2407
2447
100
191
293
733
1775
1377
17
2157
188
421
2629
11416
131
51
71
341
349
975
38
42
508
69
5547
71
296
15
264
8
20
8589
17
370
271
206
231
6399
33
7
7
305
151
4017
9505
199
1101
624
298
12
395
12
282
19
13078
40
141
21
30
11
1143
18
1372
95
7
395
1383
78
767
107
1876
291
191
3
6
3223
58
37
40
1515
28
748
55
288
547
441
15
1206
210
1
79
1
155
124
64
371
434
701
675
76
96
379
8
154
91
92
1801
8
9
976
341
1080
320
4
63
1756
887
4436
15
15
53
657
139
308
101
40
456
1192
894
746
4893
409
198
37
180
1
86
422
16
685
26
109
116
1013
50
7834
23
31
1641
5370
16
486
214
1
750
171
142
1368
17
37
7
258
789
9
178
1
1156
96
276
3035
538
114
1
1
104
587
129
324
1
1005
1697
755
11
391
1249
1109
95
1
9
2064
303
2166
143
65
123
321
26
1638
50
90
88
4792
3688
93
1561
204
2614
5063
1290
2106
60
337
589
1
1892
4037
4629
1
11
32
1542
238
8385
13
41
325
277
284
12
181
2614
29
2459
13
24
42
2408
210
20
74
27
74
467
56
50
214
95
53
377
7
69
27184
13678
24
30
3
40
82
632
126
34
18
2502
159
973
923
885
743
3673
1853
119
14
2706
239
38
681
142
653
1248
112
1
168
21
631
499
126
2455
265
95
22
51
35
192
14
168
64
461
45
22
38
7107
62
1
374
26
7
29
677
7
3393
37
6
1820
392
395
1553
40
2525
1
540
214
129
139
33
863
48
152
739
231
62
463
345
25
14
443
173
447
1594
6
695
40
2751
16
694
723
46
348
1
1148
3515
20
839
53
64
518
1
23
49
23
20
5
723
58
35
132
19
394
1
14
878
779
1
90
61
42
734
15
1
1329
58
161
2438
36
9
44
2458
1159
8
107
315
96
274
1
29
53
80
35
3002
527
375
26
25
80
111
147
324
168
1335
47107
103
15
292
222
175
858
28
1
292
1
290
21
35
405
478
1723
109
21
579
16
12
106
22
48
3727
31
50
1
24
1820
166
20
65
83
310
227
3931
57
88
1
108
67
9
863
9
86
67
148
15
337
55
81
29
16
27
99
454
330
9
1095
1705
9
105
1497
1
26
1
36
13
190
29021
1275
24
3138
275
147
61
40
652
1075
308
57
2743
213
69
23
83
79
163
58
148
81
44
502
23
3
830
38
663
35
61
71
57
50
483
2
1
221
24
21
23
379
1925
332
222
362
6714
2
175
186
39
289
65
1830
42
213
16
10779
83
1390
26
7
1182
80
164
175
84
230
4227
77
1274
1
957
47
1387
1750
19
22
12809
304
130
89
1070
567
549
6
78
20
19
66
130
126
49
207
763
45
2940
542
115
736
1013
9
28
146
18
3193
184
14
37
489
128
59
83
43
309
27
334
6
1510
4116
122
607
23
388
244
16
196
436
45
83
68
913
175
234
14
42
559
10
5
24
113
91
26
298
16
111
279
151
17
807
33
30
1206
732
2371
9
45
36
33
43
18
44
19
27
35
14
191
662
273
19
32
74
40
29
299
20946
430
164
66
996
350
2931
42
9401
242
16461
3903
1
381
5009
88
156
77
21
14517
152
205
345
1531
1586
1890
9
535
1707
192
22
26
59
3048
10
274
1857
12
853
46
7
993
791
26
1149
1
153
3201
243
18
383
274
373
13070
146
6
1644
201
23
7917
46
661
60
1064
380
60
298
291
293
15
38
10
72
1
91
11
38
45
93
879
1027
8
1024
280
1
23
23
344
1191
120
180
635
182
24
145
220
55
293
193
14
537
1651
221
62
49
10865
10
815
4
1
30
28
288
1065
113
8
320
670
1
53
3117
54
55
17
3503
54
921
158
119
63
1107
6
20
33
14
21
49
10
162
57
546
168
66
509
41
1018
44
164
3124
11
503
491
25
742
23
40
1415
73
32
21
13
10
41
31
420
600
331
806
8
125
55
3
346
101
27
44
4631
19
95
271
89
378
2940
1649
506
907
131
1071
57
5213
7881
65
161
106
69
138
162
7
1478
3305
206
54
31
1327
220
15
57
730
1
199
1183
87
2574
1169
93
23
693
129
16
800
25
970
236
115
3
52
24
250
386
2265
858
2
30
1288
1738
367
149
404
10
22
1
239
82
30
37
287
1035
1132
72
660
59
685
161
1474
6972
620
32
602
1
74
2
407
31
12
253
183
92
73
4208
69
5120
18334
1231
987
479
2060
38
123
12
19
489
2649
488
4570
593
99
1393
44
218
10
604
16
1260
10
25
241
1865
346
2800
635
3
24
257
2397
40
14
20454
31
1806
78
211
522
139
6
99
18
43
2627
151
59
12
75
500
719
18
74
104
5568
21
6
25
267
231
94
368
1
1
469
2521
30501
16
17268
164
15
572
1090
143
146
29
244
19
23
372
79
17
185
311
388
85
150
315
47
16
1
6679
230
10
3298
286
33
189
80
10
48
885
120
2040
65
6
13
1958
1
888
22
82
931
32
1520
85
2295
56
15
121
1524
7
730
21
6
13
87
51
13
68
1436
194
1586
123
116
100
18
1450
450
7956
12635
63
6
13
402
524
23
126
30
1161
216
1249
11
92
42
248
895
153
17
1742
729
1779
47
841
718
133
260
108
103
372
91
9
245
1115
96
673
1
162
123
64
32
98
254
78
18
28
59
581
57
1482
1467
378
71
31
15
458
528
294
58
4
818
314
34
1
36
2
27
61
41
15
1158
38
170
2277
79
3
21
299
214
560
129
334
1456
895
315
149
1087
760
76
332
6
44
1
28
12
11
30
607
317
64
96
33
915
983
318
11
647
62
2665
85
164
264
80
786
907
1
95
99
22
348
448
1134
4968
759
175
2049
12
6215
15
44
971
3580
18
150
40
5057
1614
531
6
35
90
235
75
1
229
8
42
359
210
168
631
102
77
15
20
74
184
21
48
751
1
25
3309
1093
57
81
141
434
74
65
267
46
1317
148
60
350
31
42
176
89
1684
414
3
325
216
39
34
113
99
1006
2200
275
95
2582
96
19
300
1755
1
11
165
151
1624
41
49
2064
5612
2400
665
1274
5
186
192
1423
9
99
103
64
6616
10
236
17
171
6
476
570
110
206
4538
13
1
190
38
412
68
23
270
12
423
871
192
23
27
437
31
5
42
44
449
712
149
106
196
28
9
117
2145
4754
226
811
1
847
508
190
226
14
24
3250
1
331
259
235
272
209
24
139
1870
1091
165
562
637
265
164
36
671
19
223
7
581
101
101
1315
18
2065
4
49
350
5588
38
33
176
81
6645
1
733
20385
8
555
729
20
1699
725
714
155
147
2744
380
6446
1689
100
265
379
18
27
193
1
1
385
710
27
57
289
5757
111
915
12
215
64
2233
4303
129
56
2
96
149
90
436
14
305
293
4
1
50
18
11
126
1544
79
590
124
87
43
336
166
41
11
15
17
12
55
1966
807
294
18
2149
12
325
168
11383
25
55
1
888
7
2140
16016
57
87
2
1
15
15
621
6
142
744
76
9
1837
14
79
5
90
307
197
12
25
15231
8
51
2
26
6852
200
1
44
407
24
667
3750
1976
68
1
12
2499
20
14
20
11
187
36
34
12
1688
26
780
9
30
167
92
747
50
355
60
220
209
439
493
387
297
13985
1660
707
497
919
780
2570
1183
530
151
695
18
1684
68
3925
1089
413
599
349
157
3007
1673
124
76
5728
1162
252
412
577
2057
73
161
3
472
634
213
65
312
24
55
183
27
190
67
276
44
5
33
472
626
385
339
255
589
513
33
131
2
1
33
28
64
1152
364
7476
2229
7
6084
86
555
1
27
317
21
8
1279
505
671
115
32
131
7
202
289
43
611
191
89
139
14
283
487
27
58
198
31
68
75
4
108
26
331
50
1
42
344
1226
1462
3068
14
19
74
4144
806
5791
88
121
1441
262
83
1039
298
37
3646
2206
454
6
1459
2443
27
282
27102
200
58
36178
194
1263
43
56
715
12
112
798
127
90
955
182
14
402
140
20
514
659
237
1
586
453
23
270
20
5
8
18
301
111
95
86
178
4
74
18
5
403
15
47
449
30
58
553
8
933
560
1
46
432
517
1
47
145
268
38
87
430
219
147
17
825
243
149
89
581
944
99
679
65
828
402
11
1460
4
343
239
119
2261
236
535
3596
117
2643
1
244
351
125
16
169
332
227
31
448
248
121
4333
27
177
501
15
1604
150
183
3261
50
281
36
136
247
63
158
30
99
273
34
9
185
2922
15
502
31
9219
65
507
1124
528
13
54
147
1875
111
52
1583
33
2
2
17
285
1424
1
58
102
99
21
50
33
142
33
703
1421
182
27
262
39
122
29
17
42
2134
3
774
1272
16
390
32
333
2188
84
3160
1664
347
169
33
27
169
108
138
79
943
258
216
83
407
46
1
202
566
32
212
10
2
39
694
1
84
465
1
33
16
1
366
803
754
276
10
469
56
237
80
663
786
316
31
1991
187
135
257
7868
5749
65
903
2439
6441
4435
714
9
8
214
18
1312
118
329
49
144
7
1
186
116
46
32
116
317
9
255
522
714
169
44
4156
4
44
379
18
46
14
27
786
30
4
822
194
726
14
27
9285
36
254
83
729
212
820
24
773
1
104
6
237
2
17
51
2945
2
8
341
3
197
11
31
705
532
25
44
57
559
16
375
10
29
10
56
78
10
59
68
1491
430
137
7021
1
368
550
429
1
282
1653
4
3
15
359
289
1076
2119
132
600
6
306
23
12
459
135
40
3157
168
915
142
48
374
2167
359
16
199
25
88
10
281
45
471
783
47
1599
156
78
634
36
30
349
2
180
572
20
747
12
7
8
606
4168
436
1658
7
31
125
70
57
10
48
582
1440
719
211
586
34
787
529
579
215
602
40
107
10
1586
16
15
78
98
234
13
192
1596
298
34
80
192
82
1
1
766
52
96
324
142
1
2264
90
79
120
680
20
2955
1766
217
52
28
43
4
397
73
401
108
102
21
46
122
3
75
170
106
4447
1
74
284
13
154
140
603
15
68
798
456
124
1257
57
158
17
61
1431
211
144
1118
4
573
73
407
94
47
64
314
540
339
19
593
4411
958
90
940
5
16
504
17
9
1
23
654
74
19
6
364
364
945
1294
109
73
12
505
486
130
236
140
8223
34
716
520
17
14
1
1464
171
149
93
23
778
66
263
933
291
1005
4
18
8
36
140
98
63
1340
387
11
7
56
684
2274
17
195
38
87
166
204
13
1
1306
102
10
940
460
6
888
279
23
24
65
104
37
179
661
1276
1568
205
1365
808
3232
4124
4694
230
85
36
635
227
623
111
181
179
243
385
65
75
519
321
490
294
134
85
57
329
13
17
80
185
393
270
202
1970
27
153
11
96
2268
46
3574
27
225
888
2475
810
1895
907
661
28
8
84
3520
563
1703
848
35
12
35
139
1481
1019
40
697
1572
71
625
35
3234
240
58
189
445
167
56
138
7
169
40
9
41
1158
11
904
5676
257
76
46
816
172
106
1704
44
5857
6
917
115
23
13
1
246
574
4599
117
1149
121
310
89
1
40
46
1619
55
27
283
66
21
10
9
203
1188
822
206
204
17
68
6949
144
23
3034
8
182
104
156
233
48
457
185
1031
234
92
129
2383
3800
384
2375
427
19
56
11
2713
304
43
394
698
38
10
57
61
131
1354
421
52
481
1305
533
418
44
2692
198
463
2723
273
12
18
44
30
1210
38
171
150
27
27
5
218
20
111
33
94
32
8
1232
554
117
133
432
36
17
1121
1207
467
16
182
971
796
32
1152
92
38
197
31
570
17
212
38
12
35
22
1135
649
30
18
642
116
15
32
40
94
8
71
6
649
24
13
352
75
1086
248
56
3640
619
538
1
204
1907
417
711
27
60
1157
5644
80
46
19
57
336
1690
292
110
177
3
1377
14
1
1
101
407
184
683
158
21
5422
1
35
19
22
145
567
4333
45
62
1295
2068
3239
3092
176
9
184
11
151
11
101
117
158
22
3
11
13502
843
525
245
104
204
1
946
285
765
78
250
495
10
68
3691
260
1
52
23
33
1
20
607
327
156
3586
630
1965
132
1420
219
33
1574
200
447
50
71
18
96
833
198
191
428
326
194
288
573
27
4
524
1069
169
57
160
86
91
670
65
33
1097
764
36
96
54
2352
171
9
14761
243
11
328
567
84
295
20
75
5547
38
78
221
192
32
1077
34408
9579
409
2748
1438
165
24
805
1281
456
58
30
23
2371
35
179
136
220
11
205
286
19
38
1215
1430
802
3188
20
4
21
32
2255
1180
367
249
683
15
1273
2507
339
25
837
36326
1654
2823
37
4340
6
168
30
69
83
3799
41
48
460
264
4049
7
8
2271
1326
358
67
16
2272
80
81
24
1
256
84
445
2135
32
338
372
244
72
597
58
1
6
209
4219
41
5515
29
11
15118
2239
18
156
153
193
263
15819
762
1
22
396
866
601
16
44
1959
189
36
2109
69
63
28
28
96
223
30550
40
32
377
11
637
303
662
279
864
208
250
762
74
1592
253
1737
1930
3031
143
433
162
15
16
45
1
43
225
274
1
1886
52
284
73
27
1051
26
19
150
614
188
1445
12497
36
1183
31
1663
9
1613
2669
351
36
2116
1
5154
1242
17
133
957
69
157
309
127
27
1
81
234
114
34
491
673
1
467
2564
147
7
1440
23
494
35
32
419
63
78
83
13
34
534
532
268
1
5
74
336
9
104
1285
595
1688
2378
86
125
14
332
386
106
1551
66
2904
19
4
4009
24
1
198
82
77
199
64
283
935
3443
21
655
3834
186
114
366
5
27
15
12
20
17
10
36
43
215
57
80
1807
462
659
337
3
430
54
33
123
4154
128
3697
19
40
5093
231
78
1283
3
2188
20
20
53
37
124
5
536
89
4700
888
253
53
946
32465
36
6
457
3326
1389
47
18
13600
1067
38
136
24
32
6
3865
26
13
33
2
1215
2016
34
85
4688
380
27
85
821
20
424
76
14
297
500
592
1248
141
8
14
1
100
2640
67
8522
1588
54
1496
23
265
882
2470
24
414
1397
17
8
140
18
409
772
45
787
517
354
3
55
2
851
692
105
7
65
576
15
234
579
710
16
42
149
458
23
1
10
481
1415
172
8
2
574
53
171
2971
190
508
71
16085
455
8
37
9
38
143
18
335
246
52
235
18
24
17
11723
125
49
1554
49
11
17
27
9
101
90
422
351
15
160
14
3815
222
133
778
9
12
29
3834
790
460
865
21
15
7
4561
29
1086
7
1070
66
184
90
494
19
363
31
6076
464
273
55
891
1901
135
7524
9
4874
103
260
1108
604
3368
750
90
2970
15
56
63
24
18
753
349
2395
75
2403
14
10
53
445
32
47
1526
7
183
14
43
3221
1124
673
42
3482
23
1444
180
3240
4145
521
3417
5961
378
1959
1391
4572
1
3134
88
1197
66
530
2393
1511
384
2427
10
19
1
61
219
218
395
16
31
58
1652
1049
806
6308
29
27
581
69
346
63
36
136
40
118
32
7
601
28
738
83
6963
1274
1012
32
77
2539
458
17
7281
2325
816
67
12
2
26
10
66
126
682
450
21
3590
41
384
51
70
6
9
931
669
1
165
31
49
543
2401
66
107
51
56
46
14
31
930
26
90
1518
795
374
124
123
39
242
55
19
33
234
31
2
471
17
1100
277
54
204
123
8959
57
29
4
126
99
89
400
635
76
20
6
20
97
35
3412
25
6
15
6249
319
70
427
3433
303
66
1
7240
513
2
46574
31
6
27
60
387
296
443
60
3366
9897
613
12589
8949
113
147
39
676
122
26
20
66
147
4
140
27
60
2
514
11
4187
1388
221
40
36
7
38
41
1
342
175
305
895
138
9715
30
52
257
61
884
402
85
314
1723
161
205
208
89
837
423
1423
9
28
1064
3589
897
3999
191
443
844
39
7
1
67
192
152
86
2578
45
13
3456
42
1878
163
21
96
5282
498
29
493
35
530
220
26
2854
48
212
1183
45
14
29
17
138
6
66
508
3385
395
3971
153
15
10
29
43
150
29
10
15
1334
642
16
21
45
50
386
5
9
22
972
21
1615
1792
1959
53
8
13760
1258
235
3453
201
203
1235
1083
95
2379
366
545
19
137
2500
1064
26
2153
449
85
47
52
11
1028
1402
111
4101
6
16
303
1902
62
355
1
135
138
9
2237
11688
124
63
909
217
386
162
51
17
23
1
10
33
3133
13
1
414
171
46
13
37069
292
2312
6873
327
10607
30
9
18
1733
272
25
8
90
1478
38
1524
18
14
3406
50
65
246
157
1
241
673
172
392
1
1
411
1
142
2171
8
171
3
380
7
41
7593
20
15
193
107
349
14
134
19
61
802
17
1250
29
494
446
219
29
16
106
665
90
107
228
1016
991
1
6
1513
27
180
1181
31
25
132
30
25
14
119
48
109
55
2063
961
4
519
71
1897
51
5228
19
1623
1186
52
847
64
12
140
52
4744
39
57
99
139
86
404
800
15
27
1345
11
36
19
16
6
5793
520
22
88
21
721
80
13
39
632
98
1449
15
108
1
254
63
54
27
60
116
2127
740
135
21
100
58
73
33
286
185
64
494
259
1050
13267
686
297
676
64
25
9
572
25
149
54
80
42
7
84
138
187
30
190
337
1
20
12
33
711
355
1678
87
871
34
21
588
6
21
430
3380
3616
1624
13257
145
212
74
23
55
43
2
399
86
82
226
247
24
225
208
1
40
88
28
66
1307
2263
10
7737
723
13
56
62
23
522
463
866
68
1
30
193
479
103
2058
125
25
299
181
8
25
231
4660
33
14
159
209
5128
90
384
401
3
33
2224
350
30
96
7528
1
145
772
2293
126
94
75
10
58
32
32
2
745
12
68
13
548
108
120
132
13
328
25
613
212
138
876
42
5
19
5
7
34
1183
195
50
226
13
10
438
30
42
160
44
28
277
31
48
149
132
1476
89
85
222
900
292
19
41
45
18
42
118
473
283
10
1049
362
244
429
1770
956
38
1138
69
16
5
192
2968
48
478
5
338
28
189
768
4
2245
13
10
637
23
22
7
1349
3
40
72
9649
18
668
27
2
8
3
1219
1340
1931
8
109
1372
62
24
17
70
219
62
61
2167
339
2
993
19
16
15
354
197
15
428
138
8799
14
62
94
26
79
102
23
54
34
1
9
288
7
133
143
40
99
229
49
44
3839
78
10584
452
629
6
4755
190
207
968
493
658
3
292
298
1959
52
156
284
444
747
17
442
8417
204
395
152
98
34
1006
6
1
1284
8
111
8
295
34
293
66
103
197
195
12
2543
403
91
21
391
32
1
22
228
2460
7431
98
5
283
47
59
68
175
135
906
2422
652
187
233
113
98
12
128
1251
15
28
524
220
132
2643
2
23
2704
1509
40
512
220
1177
2871
49
1573
178
13
275
23
682
314
106
71
11
254
1488
210
243
194
140
6108
875
1283
78
1930
2227
544
28
525
110
1113
28
84
359
85
619
75
34
35
18
29
11
307
27
756
521
1484
50
635
53
36
147
164
58
13
57
43
253
468
4734
2204
250
2487
30
1289
466
598
4327
47
94
73
1212
269
2604
295
4600
1371
26
776
101
277
489
8
1367
3127
69
50
143
988
1023
4207
180
71
1639
5
224
608
553
1688
177
3077
30
1225
1442
78
248
29
16
71
1736
17457
389
448
94
26
7127
507
1179
567
432
405
863
109
28
753
50
16
133
7091
282
3141
11
27
4467
935
326
93
874
11
91
92
2892
257
303
130
31
710
94
3592
792
877
743
1
266
53
9
69
93
2343
27
40
8
69
245
22
409
1066
464
1276
16
58
335
229
783
36
47
1392
89
2680
41
265
1
119
41
221
59
602
54
247
16
101
40
273
35
476
4
487
1762
4149
145
1104
1205
1328
798
556
371
355
164
235
19
234
84
67
59
217
924
57
381
833
363
13
423
1411
100
1950
1
117
2734
3
33
60
17
480
67
1
605
23
38
309
15
274
58
6
1
2542
4
33
496
908
1483
110
12
4
410
102
382
1609
58
420
36
28
178
64
312
248
86
555
349
371
355
22
1229
19
14
3333
14
10
111
2231
29
26
88
122
101
40210
2
4863
13
38
226
62
317
47
54
10628
41
864
23
555
248
375
7
798
81
161
196
18
1260
1433
30
966
86
754
51
4
661
94
134
80
18
24
524
29
2407
1225
384
3
1025
549
163
70
200
578
3007
15
21
14
864
645
803
934
94
191
193
16
4
196
238
15
380
44
1726
17792
16
33
1394
14662
9740
23
163
43
81
288
75
22
130
1504
36
149
7
109
1361
94
522
149
8
113
247
14246
108
217
703
29657
10
15
2002
3388
966
1580
125
142
583
2341
1054
84
14
82
6325
54
38
176
254
30
13
4897
156
910
1724
35
4709
523
290
69
57
355
449
68
157
52
24
420
3265
1536
398
1464
3910
545
1564
396
2561
39
402
55
605
18783
1633
10
33
109
462
7
28
70
35
47
41
366
7096
4289
25
215
425
116
119
71
65
9
193
648
947
577
172
4774
248
1755
16
66
6947
20
255
29
231
1649
70
15
16
74
4515
2681
70
410
62
1
179
153
377
4123
1463
1348
331
317
103
145
36
27
157
7490
327
160
24
16
44
165
206
935
146
133
310
207
529
236
215
2471
518
503
390
18
1
31
2698
38
91
91
58658
5004
76
25
1
4
80
16
107
1
673
55
435
120
1354
217
1049
39
1624
170
16
1725
8148
109
12
17
7
1114
65
5257
7817
2935
355
61
180
157
354
2723
31
9
113
45
2476
57
28
170
794
5
312
215
1549
84
57
1458
494
263
4293
3981
1169
171
7755
93
73
73
115
219
45
12
110
1
1954
376
339
76
16
250
12
27
15
56
1439
22
424
107
31
112
712
118
86
46
429
619
158
15
134
45
18
12
23
33
5346
1922
888
625
48
32
449
794
59
173
2467
36
367
305
1168
146
242
422
501
5
35
102
7523
16
766
392
327
19
515
570
43
7
14
537
67
8
62
2738
1079
544
296
218
1
444
211
21
524
147
541
94
41
15
258
19
133
540
948
60
153
55
1389
367
61
281
13
2897
1582
273
549
9690
6093
41032
483
5625
1603
4919
13
11
4117
162
1381
2842
53
4778
64
1787
64
156
5
212
117
200
109
9
74
20
300
127
424
2488
178
1274
37
164
1791
11
22
82
20
405
825
202
44
45
910
1786
5602
58
26
308
12
6013
12657
6150
3228
11379
177
136
2510
706
2133
288
747
3416
13
72
704
458
1
234
11
31
70
30
282
3542
17
153
1
67
24
4015
75
45
36
138
227
638
3513
91
8
352
4
307
125
29
147
665
241
14
120
23
51
32
66
181
143
1453
17
754
44
458
186
730
146
805
1221
27
117
3
486
87
30
51
160
198
241
73
246
235
71
298
2027
2
19
31
42
263
90
23
199
22
10300
19
8
177
417
2118
1
24
2541
21
1216
2889
258
5358
23
58
82
41
4348
72
37
43
41
1064
332
14
850
1
336
8
166
114
1
5292
22
5004
75
51
72
7
285
24
162
21
72
8536
42
29
11894
8
255
371
2
9
202
38
82
7
2853
1468
34
188
1476
43
495
9
512
72
69
3678
66
121
6
90
242
417
17
5
19
79
325
74
68
75
834
29
6505
1917
217
361
21
36
72
54
81
192
62
154
19
1316
266
74
8
53
11
203
61
20
75
61
122
2064
5612
1
171
230
223
1
98
1494
37
506
881
24
197
683
194
248
272
296
5
8434
3085
6560
79
116
129
653
457
203
673
1283
1678
72
558
49
1171
351
111
294
74
204
64
2614
4
558
426
1064
235
40
559
24
367
335
40
256
46
161
161
1074
100
116
235
79
65
221
2067
1600
89
1592
341
100
519
653
1843
125
57
47
415
178
1308
558
7
80
25
511
173
250
297
27
1155
42
1930
12
360
6425
50
10902
2545
120
43
4833
558
241
170
598
406
1
609
66
364
247
1053
1025
153
75
147
33
4
47
47
809
18
28
7
3
829
441
65
17
15
10
9
33
1695
3561
9
9
173
136
57
64
136
838
104
259
6387
1291
63
91
7
353
12
43
439
258
14
205
254
665
2
8
2269
25
7
21
4
1
9
27
1276
13
60
1240
21
251
348
11
32
208
173
139
367
487
13
2
31
24
38
1
69
58
4
44
1400
79
80
14
973
10584
101
162
28
272
530
37
429
316
38
588
129
235
30
117
13
132
43
1255
73
432
407
2297
116
1447
1137
159
159
73
3259
225
151
30
215
41
10
164
1005
118
82
75
31
492
504
100
20
883
319
47
1997
92
20
87
709
824
15
63
30
22
594
1527
335
86
69
47
30953
1536
1
16
47
25
9
22
1
883
26
595
11
1
8
42
15
1
1
3440
1134
152
70
1207
32
243
384
587
4
1
105
34
201
248
466
43
794
15
1156
1425
62
61
1544
29
3
1187
1
69
351
330
34
1531
29
3257
2907
3700
38
172
141
1028
886
20
37
20
356
10
1202
8
652
987
391
37
752
1
822
249
166
201
1042
91
446
222
3443
517
219
222
132
15
414
285
159
314
242
17
324
1276
234
44
444
1380
33
147
150
21
21
100
24
332
28
487
72
238
232
371
67
2567
188
25
434
13
229
122
58
70
71
53
29
6331
439
11
65
2939
220
3901
241
30
29
197
105
36
1008
1
429
35
71
1462
607
31
83
1
133
75
1056
885
42
41
1101
133
23
1032
25
166
10
213
74
441
87
94
7348
2304
160
26605
663
1130
654
139
222
11
1
13
1181
3757
51
14
422
280
34
2145
20
2211
193
14
357
34
30
13
32
82
87
632
47
2221
27
771
10
10
7292
5906
29
167
908
20
936
297
20
233
780
240
125
135
710
98
258
706
41
8
8031
199
95
53
1681
8
146
1
183
141
2
76
111
4
28
1519
155
9
1
54
514
34
44
13
53
404
77
374
10
6556
469
237
65
5
90
2
32
21
201
11
26
10
55
329
11
15
12
1
43
1517
3
164
42
14
2119
1053
343
141
2189
8
266
814
26
37
59
2584
94
245
4108
116
1607
32
126
541
642
1359
2598
28
341
12
46
14
15
120
31
16
219
1438
2043
2327
997
477
779
83
202
17
835
35
828
1240
727
252
780
2736
662
884
344
146
159
154
968
449
25
208
160
262
220
76
1239
138
136
381
78
27
387
1664
153
38
3014
1017
357
52
432
357
222
301
344
195
66
130
73
135
148
17
218
6130
2838
7669
31
21
31
472
700
25
276
9
693
1
190
16
37
16
363
9
32
393
82
7
1026
548
36
28
17
21
144
166
103
36
678
15
576
762
18
736
534
22
495
76
297
15
18
1987
1
4142
29
156
2953
55
41
462
55
17
36
4045
60
10
697
6683
250
185
276
287
12
58
13
37
48
36
362
50
93
149
10
22
7
23
16
1
209
19
293
32
1065
593
576
14
19
9
8
559
6
205
475
167
316
54
9
30
411
1115
3676
119
380
266
11
32
368
26
814
12
9
445
68
4247
59
11
12
1993
68
1068
100
71
79
1517
597
63
1140
35
528
300
79
70
1116
149
547
18
2
10532
583
510
15
4948
31
5
187
48
141
6
47
48
122
164
1162
33
69
1
5085
10
19
27
31
94
104
317
150
138
48
503
24
454
13
12
10
2712
341
768
1150
881
64
31
231
59
35
139
3877
302
183
17
42
61
22
3378
432
188
44
42
13209
105
1457
272
146
70
716
995
637
1188
47
607
39
45
1171
10
1
13
57
47
1731
25
14
323
876
295
4
848
55
1095
1682
43
130
2780
71
2256
82
3
1395
23
1
203
16
32
173
61
1312
2458
381
179
444
2564
2574
914
910
776
78
34
133
2157
19
1
107
746
10
33
4435
1401
65
51
5260
16
19
22
3003
29
8
1660
20
189
16
334
318
19
10
48
29
7160
33
67
602
557
16
1172
233
2451
674
1
2330
62
813
32
660
94
34
54
3
7856
1339
6322
32
17
11537
73
187
91
8
77
1382
114
221
1672
29
14
1426
373
18
2461
1
31
372
1136
3831
131
23
32
12
21
31
895
1651
12
47
161
1
317
270
1377
431
57
76
153
52
23
25
2047
124
393
692
3181
51
229
37
1
101
27
232
5258
1004
6865
563
366
18
76
130
19
62
27
2287
575
657
103
112
7
11
47
49
222
1031
3369
53
1406
53
5
20
3308
2747
8
1199
4721
9
59
2723
9
191
103
74
414
331
55
11204
138
1133
1766
28164
7897
17
7166
1695
53
50
23
31
82
28
509
567
363
10375
2553
610
12
7
2587
20
213
995
1
1219
16
261
129
17100
123
2157
6379
10
373
91
5383
7
1088
43
2700
8
1570
2310
1109
368
55
26
135
1613
3596
2801
144
706
70
497
285
6440
32
1005
563
1445
47
913
24
120
1148
27
52
1
67
9
39
20
248
37
1
41
58
133
16
2
1
4
5211
1
21
15
521
8
22
99
3
758
227
4
1213
98
197
273
31
7
22
661
361
19
75
440
2002
677
39
147
205
238
17
809
9
20
42
9
82
12
15
74
962
22
81
11
696
251
1
192
1
200
43
9
14
1
24
128
24
14
20
8
5
72
15
2
335
164
12
191
11
8
6
1
103
20
53
63
2
107
4
945
2618
123
116
147
41
370
1029
1752
1104
64
32
13812
69
678
13715
1519
1
88
11
220
18
674
1423
1669
611
32
537
105
8949
68
460
182
5350
205
289
21
4985
5
7
21
4
758
481
85
1167
6
403
40
44
51
36
650
61
183
62
278
646
10035
270
360
12
49
5707
184
32
14
1595
490
54
90
59
1179
14
13
1030
7
256
400
130
20
549
621
208
126
1148
73
4
555
67
3585
595
70
15
26
331
3007
266
295
45
1
1377
45
449
229
241
620
427
54
87
438
69
179
180
234
269
104
511
50
363
20
250
91
3523
24
123
2101
1772
140
222
112
210
15
148
1440
244
90
94
611
1060
1564
128
463
445
12
145
6564
165
12
170
103
9
1687
34
20
149
62
31
44
433
1407
8
3116
134
27
37
248
91
201
214
297
1913
1746
849
982
17
22
78
3788
6181
18
1
27
19
309
90
208
27
372
18
68
1
62
2
9
29
254
111
89
624
1
14
217
1
1278
1511
19
65
296
146
1
19
533
72
21
543
1
455
303
18
754
501
317
237
98
10
1686
289
15
122
14032
379
4152
855
3304
1507
577
148
199
787
2414
30
1929
89
93
1
1455
1671
149
28229
27
36
239
978
830
63
60
21
1
95
349
56
789
87
27
42
118
243
1
883
353
383
106
113
58
1
37
333
2086
7
60
432
11
867
2494
592
60
201
2070
53
869
5
4
29
26
24
150
1855
39
584
149
18
29
43
504
15
1
81
16
24
8383
270
74
666
1727
498
106
104
197
121
619
97
72
169
42
67
11
41
32
242
1396
299
986
344
2885
1669
16
224
6
1
7
235
268
1701
313
1550
211
121
256
13
719
2554
23
797
5
1404
2524
21
1180
124
15
917
71
4392
430
1693
556
143
10
36
290
929
1
2
27
16
1456
230
2879
622
343
339
207
27
135
6
505
1102
28
36
121
62
32
550
59
23
8
17
176
93
23
14
64
2229
627
35
4801
155
149
14
34
50
153
103
16
1570
13
1507
28
97
7
62
3659
899
1021
427
14
88
48
3369
58
40
11
85
252
376
93
124
189
1
23
108
662
5
841
77
216
33
37
8
727
129
179
285
515
2564
2361
63
152
7896
75
2494
207
211
245
509
116
940
67
274
15
19
16176
22
9
294
119
305
13
145
1483
28
32
48
286
327
55
2023
52
1
72
1303
6708
129
1972
85
2318
177
1207
17
2146
754
9
846
5
2829
8532
155
681
107
276
97
1500
6
20
84
1008
65
350
56
1105
13
131
268
618
179
87
1
238
104
469
1137
1586
31
488
470
242
833
685
531
663
5
1
222
16
52
12
72
122
1
137
65
93
54
1703
12
8
51
2076
1
1690
82
12
14
382
1911
3
381
2070
11
438
45
17
247
93
3
1
4307
26
164
311
3
1455
157
159
150
1735
33
21
297
792
77
12
7355
352
44
59
33
7
203
1289
27
41
125
14
110
526
1
154
182
107
593
119
173
355
1990
378
274
24
3457
3265
25
40
5307
21
127
44
136
54
430
5
4
140
79
31
511
15
36
9
160
46
29
7749
9651
118
27
6
491
1006
56
313
1
744
1314
448
3292
169
160
1400
402
643
98
67
7
303
81
803
10145
26
1
521
542
192
36
9
123
468
41
18
354
12
45
2016
92
2
434
20
34
45
120
57
44
7
15
16241
20
15
1060
407
281
197
99
1932
217
33
93
671
8
22
125
1217
103
30
40
2255
1
85
1
73
2849
1178
12
1639
74
16
32
1134
397
144
154
494
519
1838
757
78
6548
319
582
182
117
639
3306
95
3342
1
315
38
2566
15
37
223
278
78
82
377
10
46
11
714
406
78
732
41
181
1
106
126
14
5
45
81
67
56
21
433
315
8538
1
2254
245
377
228
813
17
268
9
1020
825
21
211
10
2114
10
681
164
165
1430
186
709
1101
11
69
1
13
373
19
13
8
343
17
1
5562
40
36
16
25
233
867
707
7
92
89
504
115
293
205
28
421
20
86
620
1091
1297
18
392
13
590
3
40
348
173
579
1195
5194
56
1127
559
79
238
773
400
107
356
55
112
11158
390
40
1482
30
2607
515
3988
537
99
69
451
1692
3573
3
490
63
254
1717
253
13338
1828
170
93
46
4
449
4440
1126
32
14
747
69
63
18
427
488
1084
148
83
10
3
26
75
54
656
77
76
18
26
25
1
261
63
1
253
57
74
42
1504
795
33
1
97
30
74
244
41
47
643
43
14
543
470
7360
13120
719
16
10
23
9
901
132
1509
43
77
1432
597
135
6
161
660
6179
1
11
9
23
62
24
67
13
1245
539
1
318
1
315
27
236
16
7
6453
49
93
764
26
955
9
529
552
135
16
43
74
26
100
145
893
161
26
28
106
292
2899
353
648
42
355
1
84
1
14
50
10521
2996
216
45
115
624
1220
36
28779
29
27
126
1504
1861
33
1402
53
284
12
89
15
1228
2933
1118
51
195
50
35
127
50
111
1
272
738
511
462
237
5682
436
80
44
196
31
319
372
127
36
23
686
95
9
133
42
1672
6001
29
88
34
8665
61
5
3
144
924
5
1045
50
253
1371
772
208
15052
130
142
25
1
207
3402
167
9
61
12
686
14
42
12
40
10
26
102
17
55
3592
3578
5484
140
1014
47
41
2438
21
1
3
54
86
2
62
7
1
48
241
57
109
495
43
906
24
22
23
27
66
24
48
253
62
45
118
813
220
27
65
1016
160
294
1639
480
65
67
1784
200
29
161
2152
147
1171
250
3
1654
140
950
80
115
279
45
558
60
250
22
36
18
57
391
94
1461
13
196
79
13
3044
61
142
375
34
46
7
113
23
25
410
323
541
288
57
3188
62
205
755
935
143
38
1990
250
479
106
10
1
2
76
1390
1414
1086
2390
38
17
9
40
4792
23
142
2813
14
25
171
43
554
106
32
51
170
136
34
155
118
13
110
218
8832
991
21
294
6232
3812
781
1499
27
94
5
3715
24
2574
39
631
85
166
103
144
1651
228
4
4528
16
84
178
266
56
17
340
2
51
97
1135
31
290
8
190
1
58
30
28
324
400
285
140
33
2322
349
26
2
1
293
8
45
2868
12
694
94
203
19
808
35
159
20
42
1243
689
23
84
13
489
32
32
11
66
530
122
57
801
451
23
27
1800
5299
12
201
88
1030
77
4
17
48
20
699
308
243
97
478
11
137
30
2214
28
18
52
5288
23
634
123
150
529
448
59
71
1
21
2578
24
64
158
40
914
49
194
130
1524
39
1053
548
774
3
27
296
13
2
596
193
345
50
567
133
184
375
642
32
191
95
1324
1497
83
124
61
137
235
49
56
116
233
139
2803
15
27
3361
10
1
27
245
1182
125
66
1189
713
23053
517
532
1057
123
26
37
26
1476
18
579
893
31
40
14
8
102
212
36
315
1637
65
28
69
307
2321
34
805
1668
38
98
460
6
9
216
36
518
764
757
291
387
333
566
20
406
53
103
37
33
3
10
5149
132
29
520
28
1
845
464
1505
2065
468
4
614
2350
72
2412
165
644
64
54
175
351
294
334
566
78
6
1177
7966
57
15
272
3172
185
47
22
145
190
347
384
712
29
23
88
248
364
669
376
184
7021
177
125
388
256
19
385
4286
124
125
883
214
274
32
1
105
10
5
27
326
51
1
866
79
7962
14559
40
1020
42
61
794
983
14
28
85
300
19
63
44
29
2736
757
25
20472
3
184
278
8208
1238
133
124
23
56
58
68
5
3552
11
20
1
9
222
184
1687
95
1139
10243
44
13
248
34
87
26
857
1
12
28
1369
150
54
625
105
241
630
51
654
7937
2
869
1
18
42
34
44
590
6
275
32
2353
853
11
4
1318
1977
2980
150
669
479
67
764
296
14
332
35
59
74
415
7
1251
4
20
13
38
58
69
344
71
22
105
274
798
3
32
301
682
913
104
64
593
2
345
89
427
22
30
14
15
103
103
693
1932
12
29
18
27
71
26
189
189
52
55
409
77
42
4142
1387
604
1
55
263
344
15
1
29
1424
917
23
16
191
7
14
86
17
48
51
130
59
31
45
9
12
88
428
89
421
380
1
158
421
32
238
673
579
71
1167
42
36
1
31
7
49
153
5
2080
223
21
32
71
27
424
322
29
82
67
1484
348
12
229
470
22
51
42
1030
14
342
1154
32
4
34
60
131
97
9
10
525
1458
438
4
43
10
1
26
15
69
39
2386
422
44
109
29
60
40
53
162
17577
20
24
88
156
12
3096
19
24
9
2304
5324
135
1
972
118
1
15
15
18
381
1
27
947
27
32
375
98
1540
219
107
1083
1152
708
15
39
100
1465
2899
412
649
268
18
12
15
214
59
823
11
166
7
261
8
3
22
82
118
15
30
1714
22
20
14277
567
222
2945
898
1826
26
119
329
21
934
25
609
1710
158
352
21
284
554
66
34
2353
309
7
1074
2348
53
362
12
90
1728
1152
69
197
3
53
215
9
697
61
6
66
3678
186
21
499
75
12
1
87
26
20
1
868
10991
14
17
10
29
121
433
1
5
409
11
2
259
119
52
122
30
208
35
29
2179
167
221
31
8
1
6
35
6719
5
15337
423
1908
68
3
154
149
17
7
7036
1
68
35
2020
2
1
56
1270
25
34
231
3
70
55
24
11
32
247
5
227
3509
142
15
86
19
8
1419
158
3957
319
71
343
1152
129
6
48
274
1532
446
18
19
1895
138
283
623
1509
17
43
1031
7
155
26
159
20
36379
818
1526
14
141
389
36
87
333
3466
30
25
1
40
1274
106
1781
750
18
2405
13
76
12
10
36
1
81
25
1532
14
106
6
128
277
56
29
33
1499
67
5552
14
127
87
60
1584
148
50
8
115
3071
1511
8
24
7
6
308
180
479
759
42
165
7
10
266
1235
496
473
1044
41
378
119
1996
219
8
2777
273
845
230
62
876
46
362
98
83
28
55
102
167
1050
127
4249
202
244
529
41
42
508
195
429
33
19
102
54
3164
279
81
44
172
34
67
179
188
176
1
136
621
224
148
246
64
4
90
170
332
63
42
486
102
13
8
159
1084
1
80
161
1412
1072
24036
15928
153
467
1
838
93
129
84
3
29
59
26
25
7
40
37
185
43
146
378
1015
14
662
364
50
11
55
28
1712
382
5
46
320
2686
26
44
726
40
2022
307
30
4
545
1451
184
18
5014
15
25
112
290
4213
57
36
361
98
96
2438
112
2480
121
133
919
14
642
608
806
143
1416
139
80
9936
92
369
511
16
5404
355
35
367
482
11
251
21
22
51
2723
21
138
1003
62
105
1658
13
8
1
30
11017
94
719
44
4
21
15
55
14
1116
265
1016
3277
112
3870
2674
1303
1536
143
240
733
134
374
297
2316
593
446
338
266
2921
1
12653
21
14
75
293
75
827
28
2285
132
834
618
579
10
407
2859
1030
102
56
17
102
103
66
31
21
1310
1242
21
38
20
819
64
12
710
71
304
641
829
985
479
409
24
23
60
52
71
3
29
23
653
309
170
23
410
22
90
1959
5312
541
88
291
61
244
2141
178
22
104
19
80
11
222
54
161
4534
9
52
1
136
439
242
2
688
26
2274
17
41
36
19
38
685
224
12
23
34
37
1723
23
26
68
76
5
33
364
40
92
2866
766
409
181
71
19
1978
52
147
273
69
3
5204
38
8
1
4495
25
13
19
50
21
120
4
5
1
260
1439
278
384
15
18
67
258
559
17
77
76
285
195
42
91
103
212
451
525
869
42
8
151
21
1541
8
100
28
200
18
94
38
465
22
13
79
12
17
18
22
21
1608
5
66
62
6
21
82
104
127
62
22
116
53
126
121
1666
3583
1835
282
3008
1144
1
721
46
17
1402
149
141
39
17
1068
11
55
164
513
34
27
9
423
230
474
3
234
1
6752
1
19
1083
376
571
5
128
983
74
88
140
1
223
2
652
34
15
65
24
1053
8
451
133
59
6
61
13
27
101
302
7
646
1091
2441
156
12
1192
1592
29
1546
2294
16
36
10
637
3438
430
6
383
24
80
195
914
4187
12
334
11
8763
52
99
8
24
230
1
7604
14
10
2
1891
32
1
69
547
49
1168
1485
18
9
750
804
386
76
289
36
708
18
33
122
3062
118
4558
11412
65
19
3001
2
14
221
10
69
13
19
95
1124
47
228
6
892
222
1
43
60
243
3945
14
57
51
120
731
38
61
160
131
1043
78
23
20
20
293
166
44
952
7
1
14
6
35
41
1652
68
1
27514
8450
450
739
18
49
782
20
25
6
131
382
32
347
2810
188
29
343
4774
1
1525
2242
280
350
52
21
667
172
499
49
298
73
14
3614
513
14
242
236
446
21
103
1
45
615
692
2743
81
453
8
839
333
1
1
102
254
171
56
225
11
7
7
41
8777
123
1693
21
67
120
39
1270
34
1210
227
15
45
165
673
278
9
1
762
14
43
341
76
2286
3787
16
14
84
154
23
10
957
301
10
11
4
150
12
719
12
740
68
1537
16
473
90
462
12
279
1655
63
179
51
12
87
82
580
19
889
14
92
81
24
559
3492
12
344
91
275
245
504
166
1775
71
454
84
580
10
24
172
88
219
358
308
1
333
825
323
28
1
11602
160
23
3481
33
13
424
115
684
30
315
65
14
733
38
127
125
1
1507
24
164
351
1971
367
22
512
235
366
247
434
1077
56
491
137
8096
723
174
9
204
581
1
129
1
435
464
42
31
23
487
709
1288
1100
31
450
171
1
7
441
70
14
4290
183
192
5
59
3
30
19
1
5031
9991
471
590
81
2
6096
110
15
365
30
10
51
170
1127
227
8459
623
561
18
1429
32
127
546
420
66
21
504
34
14
189
16
312
386
43
22
138
53
870
11
172
749
400
31
385
25
27
68
633
91
27
486
5
94
1362
1544
13
77
12
12
1
137
28
8
72
14
25
151
41
145
92
4
92
154
48
2508
254
9615
3338
633
35
3
68
36
30
6
411
61
1071
141
4
22
4278
53
4543
56
49
2303
63
17
281
298
38
35
14
35
1764
1
80
11
47
15
14
1
1043
293
22
143
1352
1365
117
195
1335
1
164
39
282
75
116
1880
320
215
766
452
148
553
18
1332
1046
61
555
141
432
442
46
7999
752
27
114
717
48
97
65
48
1
35
61
4
695
55
1149
1626
1087
4278
42
165
1
135
70
26
11
76
91
2
40
23
1290
228
270
1992
2515
130
692
273
809
24
154
95
8
730
264
26
23
324
7
125
60
29
131
11
1106
6
5755
17
362
18
310
490
3605
402
306
22
33
7
577
1
20232
145
608
346
77
307
74
252
564
20
258
25
1236
6062
181
10
395
1036
51
147
166
234
1615
130
29
628
562
129
6249
62
90
264
5
1624
2940
1871
3752
40
110
7
4419
2868
51
85
42
223
19
41
25
20
1
7
70
545
10
44
23
69
15
135
385
27
667
20
11
87
3200
1941
352
1325
137
769
2
48
41
259
19
695
291
22
277
1
1
3
674
669
4492
257
414
5072
57
18
1
1365
758
1
6
1089
320
7
494
116
15
6
1903
11
1700
17
29
1327
306
811
10
63
178
173
470
194
4141
156
3182
520
29
1389
152
1
39
218
38
10
218
16
46
422
893
1
1656
64
102
84
26
341
127
1959
488
31
9
23
9694
938
85
49
98
180
20
9
36
449
347
249
93
350
87
37
40
1310
48
7
769
2
43
238
22
14
782
1668
65
163
1763
1477
163
507
22
77
65
7
744
36
436
89
148
58
65
21
111
100
11
291
867
204
19
184
495
9
21
309
88
4735
171
412
6611
2447
3145
147
32
879
424
61
257
251
818
31
1029
234
12
1798
80
78
21
2611
837
14
49
35
249
1579
64
126
73
299
238
17
28
164
27
26
54
8
3
364
6
730
17
41
238
1221
72
43
92
26
1
436
10
10
177
279
2024
757
3347
34
381
44
15
254
34
42
13
8
84
443
19
5998
22
22318
55
18
18
125
859
74
72
92
47
244
3
577
68
21
36
475
21
116
1
202
6
25
12
15
1
83
19
166
594
160
73
201
93
1016
773
614
42
714
983
568
15
684
170
387
639
883
27
3784
115
1082
983
338
1653
461
2274
1034
1646
186
2572
4678
599
80
1697
970
369
23
29
17
977
9
29
56
457
485
247
10
95
39
132
563
569
200
23
456
18
478
118
126
43
252
2112
388
66
72
1
66
55
27
8
85
42
10311
1838
22
63
8
129
242
196
14
22
49
239
1510
120
3550
104
11
988
35
270
245
299
37
312
6
828
15066
15
523
655
511
41
45
183
249
18
113
9
36
1203
738
22
9
67
771
35
165
112
68
37
22
113
13
23
241
68
52
319
7482
249
4
129
10
3
93
73
262
18
141
257
21
30
63
159
11602
1
30
431
136
23
25
78
18
17928
908
15
66
34
919
126
44
103
25
268
1648
46
59
968
772
1
1
783
10
82
3
76
24
22
59
304
26
80
162
11
689
175
17
2
911
35
419
491
2272
245
90
39
236
199
13
246
18
3800
2756
154
116
167
857
1961
119
453
2
63
6
181
1562
54
169
23
236
3164
50
7
33
1543
9
5885
12
398
7
11
488
1674
832
13
8
23
1643
30
206
88
292
12164
168
419
355
73
2081
233
787
268
4
86
71
333
158
3286
3722
212
8
279
644
4237
91
39
360
676
180
107
53
375
460
1683
335
511
260
16
11
695
76
294
8
84
43
9610
311
42
838
62
448
326
345
1240
712
9
760
4075
381
3886
604
20
604
36
46
72
6
30
56
425
3763
67
89
38
25
1192
21
53
350
119
128
140
460
21
548
68
37
1121
601
607
31
214
43
6863
1
11
4584
107
304
49
44
247
57
21
149
142
625
82
2541
896
31
112
12
1805
212
1146
10
112
25
784
103
17
629
1048
21
12615
2468
11
4078
5695
1661
14
1949
8
1641
150
39
22
2165
18
5144
1685
221
136
515
34
33
10
11
185
11
10400
1
286
69
243
648
159
54
130
51
5052
1
11
1
21
52
314
12
29
134
621
185
45
90
98
14
14
1066
155
11
10
2584
10
172
85
3031
1152
177
29
179
216
103
155
3910
36
717
8
1
13
10
2319
129
10379
45
1763
82
1045
129
180
1593
85
26
15544
42
5466
7
2023
18
2672
76
1
119
20
42
35
211
39
48
51
66
51
24
171
39
1232
106
60
109
195
267
332
798
13
3210
1695
156
1478
5
329
1
30
2
869
345
9
217
133
181
1
664
158
31
36
47
66
293
25
776
20
953
309
433
155
426
1800
930
68
11843
37
63
40
2
70
394
542
12
12
195
96
10
2
25
7
658
34
31
101
109
42
378
80
222
26
1
181
60
570
88
2726
63
19
3
32
13
11
102
65
33
13
994
2982
58
82
122
48
530
52
12
940
38
136
30
34
57
46
1
62
43
160
100
28
32
123
14
155
11
14
86
1
4111
34
19
23
475
236
9
198
1
3476
332
69
5
93
27
48
1017
57
1
400
68
57
37
31
568
1560
20
501
29
57
69
49
2111
1294
18
81
2125
1
12
143
537
12
1259
2758
91
571
6
939
95
51
189
32
33
448
1653
177
362
195
84
834
166
529
1360
233
166
262
38
170
60
1
1158
98
141
49
152
72
54
122
110
24
28
35
15
272
131
473
36
74
143
10
1
85
94
364
115
9
471
282
27
102
41
22
163
95
32
11
62
980
2241
3
198
19
144
5
33
14
273
115
2045
761
138
407
62
684
106
11
1
10
1
38
340
2227
3189
13
29
568
34
15
989
109
34
121
1441
179
42
873
189
336
86
206
840
178
223
434
16
278
11
4720
9
82
21
646
36
2
252
61
34
64
11
16
51
152
5
174
1241
5473
10402
2332
6
281
650
104
81
160
1734
15
33
17
5
55
42
9
55
1753
898
78
1727
507
53
143
139
622
647
620
18
1127
597
54
61
11
12
80
27
8
97
14
6
119
17
228
15
1
478
86
12
1118
53
923
14
26
18
324
440
1
103
148
99
4533
233
303
61
95
1282
120
43
56
947
6
35
1026
344
706
26
4993
427
59
53
8
69
20
18
125
52
19
10
430
3
25
30
1414
756
15
27
183
22
262
15
550
147
27
60
38
9
4060
1010
193
12
24
18
523
285
85
156
192
754
2743
15
42
94
3
15
714
260
2642
35
76
403
7
1
95
106
123
3547
263
799
921
81
1901
930
134
1
460
220
17
102
4500
218
287
12
87
23
139
67
64
33
1
13940
60
33
394
39
119
1
59
12
137
1
13
124
105
148
19
1653
17
1488
334
9
92
97
933
1
8
14
110
31
24
10
5
12
16
76
54
45
80
2
145
441
19
203
1
47
10
1133
46
251
927
18
80
785
59
1
52
110
1
10
15
12
21
40
12
195
38
14
4243
14
1
31
157
1059
160
1
18
673
49
92
11
85
44
102
60
794
18
540
23
465
31
326
469
15
16
13
56
27
295
3411
75
168
86
1
147
22
19
851
79
22
31
60
297
106
87
1939
20
38
15
21
675
26
34
9
84
25
7
18
18
33
106
25
47
33
2
29
47
246
31
10
422
60
8
5
6
4
187
990
29
983
561
552
43
414
9
253
147
21
2
2921
15
79
10
11
662
19
11
136
86
9
151
15
2
242
46
111
41
226
11
3725
23
183
62
123
1451
39
20
1
33
60
178
539
1754
1161
1407
236
201
26
607
25
858
2594
52
13
283
40
4566
6
56
401
3462
71
101
50
134
958
739
436
671
1202
2059
51
201
778
1
383
359
100
845
45
141
50
803
7
1
17
122
2774
1519
428
1005
29
3804
112
824
24
305
148
124
82
158
438
52
42
109
96
87
248
137
4288
228
41
142
439
71
34
36
69
44132
16
15
72
39
122
3
262
253
123
23
279
132
32
45
18
918
516
205
2696
21
14
445
78
108
2378
180
26
71
176
51
124
20
6469
327
140
403
3151
734
84
28
25
83
42
74
2331
533
9946
80
24
1046
385
19
218
553
2255
28
26
215
383
207
46
21321
20
245
236
1557
121
14
338
204
109
1
12
477
734
67
541
212
1
516
267
318
236
1486
67
430
1168
1222
545
1260
543
17
584
1469
779
488
531
33
268
454
100
42
13
268
62
83
188
114
48
193
70
57
33
371
99
1
1482
43
8
87
38
118
88
911
2221
83
251
217
2138
63
4180
13
94
959
2858
271
1085
72
2701
471
256
79
12
31
874
119
307
509
2870
163
1826
421
121
23
99
2440
21
152
58
1297
2191
285
175
39
523
13
3
10
219
125
639
94
2772
362
807
789
1143
1085
442
478
7
450
528
818
466
34
1439
32
100
16
703
11
22
228
2753
524
15
130
1915
964
5
23
54
257
10
1102
1520
66
11
13
227
66
35
846
213
149
171
608
75
2443
1435
75
791
74
14
1954
230
2
221
11
1965
87
1584
166
7
135
1
22
38
161
164
37
10
265
9
7
8
179
20
8
102
71
131
34
45
41
444
1450
191
81
21548
134
90
51
428
5253
106
971
377
100
768
19
15
546
147
21133
5
10
57
54
299
21
195
253
1002
13
1083
248
352
788
466
165
86
36
132
19
5592
143
867
64
1050
37
488
12
818
749
3748
142
188
43
8448
599
493
390
13111
17986
835
457
6
139
480
98
1111
1368
1350
201
321
1
6
240
58
310
87
54
1
697
588
61
86
97
1
20
1777
1233
112
26
49
297
1015
272
2405
102
13
4
1348
148
456
21
53
8936
3
927
8513
40
234
248
1
1975
107
862
164
1399
394
1168
22
236
6
51
182
254
6320
982
79
1938
5478
181
83
1660
17
1977
167
614
75
37
12
107
12
2
857
23
477
58
298
886
3599
236
49
5
5
901
14
50
231
136
29
332
45
28
35
34
36
143
21
11
112
22
21
2166
1
44
172
4023
1
45
592
2072
176
20
40
4500
1
13
1
31
10
13
197
365
35
31
76
293
828
23
4630
39
26
953
10
1
485
1645
4925
501
1
34
208
37
49
1
1751
1
143
59
248
314
89
93
47
9
50
45
568
33
40
1607
32
36
3024
2570
59
118
42
160
434
36
9
8
38
765
461
4
383
1141
30
7166
82
584
744
15
2387
13
22
203
12
1511
170
218
6963
16
30
614
4
199
145
601
2621
40
132
12676
1613
1776
82
15
16
1121
2634
2
4
11
11
682
15
28
248
4
231
10054
10
2209
28
1
17
1
1
367
8
3326
43
3
100
211
22
47
142
15
506
53
8048
29
1548
235
22
416
1439
1319
138
367
81
13
98
75
117
117
57
1
67
748
69
177
49
2
182
20
1408
44
442
39
732
33
28
533
1031
24
12
8
2
117
88
22
333
93
2573
36
250
53
48
183
114
175
3929
51
372
2
5
48
4004
31
7
113
30
985
169
300
6
11
107
624
3
147
1
49
5
23
32
3144
400
182
178
55
11
671
28
448
172
1910
1
62
20
33
21
1727
123
48
451
132
69
41
12
12
107
11
14
3892
35
96
26
105
87
32
57
516
239
163
157
25
1947
8076
45
12
22
2960
1036
361
41
268
349
325
15830
10
10179
2074
813
70
105
688
293
7
1757
305
50
215
13
31
143
1437
70
59
11
88
52
301
54
20
10
87
61
158
1742
36096
197
72
276
1175
145
76
190
50
25
196
721
171
1705
143
1
40
341
87
411
1070
405
128
123
143
28
45
303
739
92
416
461
686
1252
1648
8
45
90
43
692
2348
34
570
1270
45
53
14
29
24
7563
20
54
74
38
1257
227
17
1981
54
14
4
133
30
6
58
653
10
16
47
63
2
58
534
183
10
7
323
27
7
17
130
27
421
97
13352
19
68
4571
1
268
2836
755
846
617
177
37
74
45
32
179
96
511
1233
52
97
20
637
22
139
913
420
5914
1153
43
11
18
9
44
225
15
269
196
123
862
84
539
3099
32
5
83
1
255
310
120
27
349
702
7265
3079
484
130
468
1607
275
518
678
154
20
860
4
6
444
15
29
3
62
191
193
20
260
303
75
1
1
3723
180
20
43
80
471
135
53
37
124
28
198
287
14
88
53
181
250
37
19
44
456
1042
21
237
52
23
17
16
58
3
15
220
4
11
48
163
14
711
39
247
22
161
51
1233
176
18
78
17
81
28
377
111
19
44
43
52
2870
101
828
369
119
1188
182
6837
199
4227
86
3270
156
410
556
2927
28
232
331
41
752
1336
36
147
156
2003
162
86
9
68
1389
74
32
303
51
28
373
141
1541
28
316
246
114
998
7
827
104
63
28
622
5071
12
7
301
32
4821
124
10
39
99
444
26
45
10
4
15
251
90
1
97
22
104
116
183
75
1
54
3
134
91
145
25881
1
7677
197
85
99
102
76
203
41
23
71
659
75
33
9
1
1
15
2
11
9
81
129
74
40
87
36
27
1
465
43
60
61
238
4986
40
3340
266
145
1522
10
9
85
116
42
123
54
66
733
10
2982
706
7
402
260
82
1209
3393
77
193
1450
753
79
1
1
1
3
9
802
499
17
23
50
94
362
95
1
13
105
87
921
24
14
135
11
5
18
2
135
51
22
2
20
15
38
122
1
83
225
671
419
406
314
19
403
896
254
262
7
289
31
1702
101
31
13
1
26
52
8
64
9
1042
1
35
78
