29
4461
26
32
5347
66
17
2931
713
43
149
7
2
33
50
599
24
7
111
476
45
235
1249
613
9
46
287
1921
116
5491
2308
183
814
9
789
15
225
2
424
1
220
6
1071
3
1153
53
200
2
1055
30
52
5
100
128
2553
82
46
24
1
86
1179
6
172
3706
192
418
22
26
269
145
2167
2595
456
136
337
98
437
158
2843
46
41
1221
176
210
5953
1
7468
32
123
15
35
4617
550
367
134
121
205
7
100
49
10
965
87
1044
1
33
157
213
58
38
6
16
24
108
322
11
10839
129
227
68
583
832
40
60
259
302
3406
410
1503
26
9
188
6015
3081
172
124
23
65
142
160
18
985
8856
272
679
36
416
61
12
11
173
139
70
600
3
1247
3550
5655
85
390
183
486
28
76
38
5666
174
20
426
364
202
1105
34
195
1005
191
1
575
2128
11
1841
41
75
1193
610
206
19069
433
89
2772
71
3386
205
928
235
380
744
204
7968
17
1173
27
20
896
32
82
1900
25930
216
13
176
1350
88
6
39
89
34
294
129
1247
6
710
2480
44
2907
19
979
10679
9787
48
11
213
1508
375
42
142
47
10
1474
223
35
13694
563
356
160
49
133
1047
2985
56
40
249
2779
4
283
8466
873
2029
166
134
79
647
268
20773
227
71
61
50
1506
47
1
393
561
33
38
263
25
83
5
288
1
741
1
277
523
4082
223
91
30
2701
25
26
26
962
334
1
18929
13
114
421
344
856
2543
49
170
7
107
3478
22
382
8099
988
121
38
3547
128
863
614
9
1967
3088
2321
266
943
6789
57
2616
23
4725
122
684
220
832
68
202
5
2
8984
268
1852
32
160
23751
24
2211
1169
46
117
25
51
253
253
78
225
4
4
2781
16
78
10
38
73
11068
118
102
84
6
163
19
211
2771
1471
183
237
437
6867
1165
273
3926
715
513
107
84
92
758
126
258
11
5
35
9077
78
968
321
431
221
133
31
60
87
771
27
49
21
560
604
130
320
218
56
91
2893
31
1222
3312
1998
620
73
550
13
1
4
20
381
1318
24
8
119
34
179
171
671
10
84
115
80
113
6114
479
538
1898
468
3
2944
366
6
213
33
51
23
3
107
13
70
617
2
816
401
1600
220
17
354
1629
127
3815
7
84
12
386
1
178
449
1970
3435
6516
5572
50
112
9
2006
27113
35
114
279
48
88
895
923
1368
586
253
628
674
2096
1
32
181
948
3386
175
19
574
1819
48
1025
7
192
107
19
70
55
1085
31
12
987
132
5
269
394
633
185
23
3
208
236
2655
384
207
511
188
1256
6
136
785
655
2317
29
325
1786
747
1
93
6395
316
298
454
3509
131
428
1045
1683
645
1
2475
3427
881
95
1682
141
6014
91
31
54
463
10
119
136
77
4
2456
4936
1058
365
841
212
285
111
55
1255
7
160
768
8
240
558
10495
158
14
1552
17242
2420
9
85
46
13
1691
132
162
197
1873
15355
629
86
147
877
122
262
1765
38
459
5201
41
516
17
2526
485
63
26
11
1703
89
913
19
3192
230
57
2847
1680
116
647
8554
3
23
55
2353
20
412
19
52
3
21
501
221
11
5
60
175
266
97
1436
414
1541
142
35
297
183
31
204
114
39
21
1649
229
335
1049
52
43
2112
13
4738
1451
43
1066
233
226
2139
163
3392
1880
16
3
1270
4080
166
521
79
121
673
28
37
12
769
47
554
2
90
64
1795
2918
78
8
2289
16
85
1885
163
460
1754
630
8
584
1675
3022
14
355
62
90
239
477
1733
2050
588
977
142
858
986
75
366
145
123
73
2634
655
336
382
1
42
89
2831
27
12
1839
2876
188
3060
643
68
20
11854
2184
63
72
961
70
8083
35
4
109
50
1085
50
26
53
394
1725
11
222
35
13
3
754
58
12
6371
136
291
264
32
127
67
1023
4972
146
102
420
146
394
28
7669
1417
4
1453
2
7268
78
194
278
215
1007
793
2714
11
374
54
618
5
488
43
224
1682
6551
7250
17
173
1510
504
4251
150
252
646
2538
8837
203
174
8441
263
1
16
13
92
494
3618
121
120
97
627
99
67
25119
1691
720
8434
153
556
1695
1939
15
491
6613
253
25
321
6390
100
132
35
75
2391
1
89
23
218
4
18
66
109
115
220
27
41
668
14
26
265
278
522
1336
645
1
430
5894
1242
51
204
3147
21
1
23
618
3
184
148
16
156
135
351
158
1439
46
58
151
7
32
647
364
121
12
26
200
12
486
742
683
304
455
1469
1000
193
433
2461
6244
493
185
39
2085
27
77
132
421
4305
1077
235
1109
388
160
9
1788
31
1
48
1487
92
2585
37
361
18
62
1845
3244
367
303
148
42
617
157
1360
1993
1280
100
715
891
18
430
428
123
2917
175
178
102
7
2821
30908
64
15
93
1890
30120
2006
1712
24
107
2
67
1355
1672
30
317
812
2
70
160
69
191
239
262
3747
11
16
146
124
84
53
4525
2606
9
621
3946
10
127
60
209
3314
60
50
5539
51
701
130
631
186
175
110
40
373
252
88
1
689
3
741
65
22
226
141
229
94
330
106
104
533
34
243
44
5782
43
92
10
1
947
499
1496
730
502
14
34
14
7205
214
564
16
13
1954
13
1677
7
22
115
2996
2713
86
126
1732
9
112
3091
4729
11890
634
12
322
43
744
3956
315
46
18
961
182
1843
72
42
2
27
13
210
2249
2807
24
2561
109
3
206
10004
2837
115
32
158
10
2
374
2794
18
27
70
1
489
1307
1136
151
368
3412
55
11
6
2516
4
2794
12
244
233
32
137
209
133
2169
110
1712
7
5714
1040
1466
835
27
79
56
69
4774
205
626
1
520
3431
458
1
51
258
19
21
242
947
1809
100
165
18
5162
45
11
1443
26
29
44
40
33
1520
3917
4184
33
58
51
5616
372
4377
1702
926
631
10310
1693
400
105
492
368
269
1654
190
66
32
86
9
734
258
237
25
45
151
378
911
491
1
1014
98
248
1205
4873
31
26
1138
100
4507
85
176
13181
832
496
152
313
381
3280
436
1
44
82
139
38
883
844
18
78
7560
40
56
188
106
77
22
165
115
1126
1176
468
2034
71
223
92
20
69
1568
1725
3406
1900
5666
158
235
82
11
82
27
16
332
1992
47
1
18
10
5
140
2242
1045
43
222
2520
180
813
8989
15
1209
375
99
33
212
567
29
53
81
445
1131
217
2144
327
58
118
69
3041
37
297
57
88
10815
611
116
7424
1012
189
1003
1
222
38
53
148
3
