110
268
107
2
538
106
469
132
95
8
107
101
96
271
200
277
51
109
100
146
106
46
22
12
97
145
101
104
37
63
94
124
91
141
196
152
75
135
29
234
3
1
375
161
87
820
35
514
18
5
12
96
769
608
139
16
37
128
93
133
4
23
317
37
13
215
28
23
101
56
82
96
5
1
271
105
113
33
44
169
160
78
2
11
45
195
94
94
113
123
135
98
105
279
181
296
209
95
41
96
5078
145
359
292
73
45
135
119
77
168
356
126
5
194
1
6
1
649
60
478
78
32
412
196
91
109
283
119
136
227
96
480
97
106
152
132
11
113
82
93
21
139
129
26
68
85
7
116
102
26
145
97
137
540
98
243
289
7
27
26
127
98
143
98
92
102
67
137
95
97
587
143
73
94
8
103
19
130
488
96
313
123
46
88
3
114
131
300
151
12
94
212
95
95
54
11
456
180
44
148
112
59
226
169
2
95
4
246
526
57
11
203
276
7
205
2451
150
158
373
238
4
19
1139
180
1134
125
169
262
115
273
108
95
306
102
107
108
112
100
285
667
6
125
161
163
57
46
91
197
96
152
104
5
1
23
14
70
164
13
273
248
12
3
50
157
75
32
5
331
297
17
97
50
139
652
206
141
263
101
146
103
113
96
96
451
65
116
175
103
25
33
74
17
370
95
13
15
166
155
100
132
246
127
128
70
139
445
99
109
475
118
284
106
516
137
79
812
118
113
21
104
83
322
114
95
122
99
96
95
233
96
8
44
252
99
52
272
96
113
133
96
631
598
