1
1912
1038
208
656
16
100
22
838
1
667
335
2
557
13
147
222
58
115
6
23
185
52
253
81
30
9
97
10
591
7
292
384
38
387
53
753
94
16
134
13
501
1755
65
139
1
5754
399
1752
1306
1635
955
266
5
60
171
521
81
144
4
56
207
155
423
67
347
186
58
41
332
74
670
315
320
1169
420
288
118
43
32
150
51
110
191
106
841
28
255
315
107
8
187
175
1438
380
233
72
10
480
4340
788
230
144
296
1015
681
45
314
478
1375
338
2435
22
161
660
801
749
451
2901
345
358
4292
493
85
192
2254
7
418
240
2740
24
2159
232
322
419
199
128
637
982
54
6124
543
309
59
904
1185
281
100
31
143
94
245
726
351
7417
66
365
1408
418
62
33
619
41
68
1195
447
13
115
1024
107
155
20
23
31
2
176
335
126
275
47
416
253
54
9
296
68
120
572
478
9
61
287
12
505
2198
102
36
41
347
231
459
282
388
201
129
18
2282
102
95
38
164
28
402
894
39
3
358
393
22
478
778
48
26
114
896
252
36
24
59
95
83
280
157
395
40
433
104
1152
2095
800
1841
87
47
298
31
512
5005
1924
209
261
107
124
158
12
5
32
1152
208
48
14
38
13
61
629
57
2022
103
92
205
192
722
23
3785
30
3548
138
19
110
21
25
1009
70
285
1968
897
43
29
401
130
1014
439
675
30
187
470
132
668
2310
2122
558
109
100
95
216
161
1271
176
504
87
771
25
94
84
93
908
4
282
8
41
37
240
1
3575
34
301
32
1144
528
4
67
242
633
1645
244
727
95
55
9
266
13
60
2565
204
2678
360
69
447
188
232
75
950
606
1130
188
14
157
27
754
131
666
281
14
371
108
232
107
439
1265
166
6
81
2867
521
610
897
969
1225
42
36
4567
738
125
21
552
176
38
313
155
147
141
234
8
1
11
180
300
41
352
351
18
46
49
73
36
2165
20
1829
443
927
67
117
425
1596
18
4
531
89
96
1130
85
72
3718
458
254
15
97
1070
23
705
821
5
840
9
14
885
2108
9
10
267
556
75
137
61
66
166
938
301
2739
1010
1420
47
1507
117
1024
152
554
194
662
4049
109
1019
381
468
653
49
103
12
277
56
93
107
436
56
2425
490
210
144
98
440
94
62
1510
407
279
211
426
463
181
18
2
153
391
160
109
37
310
419
47
66
122
537
1041
49
23
433
208
25
1071
7123
166
372
707
905
45
8
1796
34
30
204
16
487
55
51
2094
1107
1709
17
9
53
44
140
104
11
1056
1822
94
244
1315
170
415
28
837
3568
172
14
127
15
95
1542
12
1
217
