3
1
5
13
1
60
1
1
1
1
21
3
5
14
74
1
1
2
10
48
3
1
2
1
9
39
2
4
1
15
29
417
6
6
148
827
1
2
379
124
1
2
1
1
903
5
1
19
67
1
4
9
1
1
84
1
33
2
126
1
12
3
16
1
3
1
4
432
3
49
7
102
3
14
1
13
2
44
11
86
2
2
2
9
4
6
1
1
3
1
2
2
1
6
5
14
12
461
6
41
352
1
1
6
10
2
1
12
1
13
15
26
131
2
1
314
1544
437
3
7
1
10
4
335
4
7
3
15
4
3
43
7
16
9
4
1306
18
1
1
11
78
258
6
1
5
7
8
16
638
4
4
5
7
14
76
354
1
1
1
381
45
19
17
3
5
2
2
136
103
514
4
1
4
2
1
44
4
2
3
3
462
1
2
8
10
5
13
9
7
1
6
133
3
1
34
2
435
950
11
8
15
3
1
9
37
32
41
3
2
1
1
4
7
287
36
61
579
3
3
6
1
4
1
11
441
8
2
1
66
16
1
4
10
1
323
743
101
5
66
3
115
47
2
42
66
2
520
789
17
130
1
1
109
459
1
465
305
13
2
13
466
35
2
1
2
440
208
11
27
121
226
265
37
402
125
492
353
349
658
4639
334
31
21
123
2792
13
7
76
4
161
972
2
147
205
44
10
2
64
79
19
1
1
1
8
3
314
53
1
380
41
6
3772
6
1
4
9
75
52
4
3
1
48
5
821
1
15
48
13
2
2
1
395
2
38
1
3
9
29
1
4
3
393
5
7
1
1
2
346
8
4
531
15
458
485
1
4
89
4
9
2
739
2
1
83
5
151
1
5
235
75
17
890
1
23
2
1
4
53
2
28
433
2
4
147
845
2
7
9
3
1
345
1
46
16
1
2
5
24
2
7
1
1
12
310
4
3
1
15
325
3
3
7
1209
3
1
21
6
4
7
1858
32
1515
19
278
408
215
6
1
11
490
1
2
24
1
2
3
45
9
11
330
65
3
3
148
3
491
1
14
346
2
4
2
27
39
6
6
14
4
182
1
25
1
651
1
1
2
8
1
3
27
805
2
175
25
1
5
1330
7
6
1
1
1
1
6
1
3
2
73
10
5
17
10
58
7
452
7
7
86
12
1
1
2
1
521
20
4
1
392
2
1
2
5
1
2
7
1
7
6
2
5
5
1
9
4
2
2611
1
4
22
32
3
21
9
3
1
33
7
200
1
10
1
7
7
11
7
1
119
84
2
19
17
75
9
949
1
1
229
4
10
2
5
28
10
3
1
1
2
97
67
3
10
1
52
2
38
1
45
23
6445
1
2
343
22
88
3
38
2
4
1
1
3
23
13
1
109
4
3
1
11
48
3
1449
3
279
163
4
1
9
3
1
2
742
76
305
10
2
53
1
47
24
7
4
46
44
13
1
57
1
9
89
32
3
145
46
20
49
267
295
225
348
464
1
1
117
2
45
3
1
1
9
6
2
38
105
11
2
7
22
87
1
336
7
1
10
1
240
5
2
1
123
1
4
37
30
14
5
1
141
10
1
9
24
1
6
1
1
438
2
4
1
341
10
1
2
6
4
1
682
1
4
2
6
81
5
4
1
1
1
1
1
3
2
1
17
8
2
8
498
20
387
2
6
1
415
2
22
2
274
244
590
301
459
90
392
20
136
5
7
6
1
19
105
451
9
474
333
236
298
72
162
5
