704
45
859
1163
20
63
18
552
77
395
531
3
1
4
54
17
10
198
49
811
347
77
104
1
1
4337
4343
14
364
1070
185
1
77
27
69
479
580
748
72
260
1338
20
755
603
49
8
1027
374
41
192
66
338
55
40
1151
46
2721
91
5107
4912
376
14
1723
2288
36
90
12
226
1
166
96
94
16669
23
6071
55
101
1489
251
31
277
235
1228
483
2894
7
216
4622
62
63
5886
275
577
203
72
27156
49
228
1
1
128
207
22937
724
1348
1362
822
10229
1329
629
168
5731
20
44
2049
60
47
124
358
1
248
1010
344
27
238
63
4
26
209
503
49
36
1
74
1
59
22
985
143
5
343
2270
46
1841
46
38
1829
879
1068
81
232
20
1337
9
488
58
697
641
453
782
1516
94
1151
124
522
61
123
925
107
408
121
9495
182
845
182
385
348
200
2197
51
4552
125
525
2
409
110
86
196
43
203
284
954
1018
156
1
47
37
27
374
181
19
3944
1
1
127
205
30
359
98
126
871
102
807
10
80
107
583
153
511
1
133
96
2552
83
227
203
11
6
26
139
9
2366
182
647
437
1
3
19
268
170
129
445
54
64
40
22
38
75
886
37
210
499
1134
301
287
38
1
49
627
1
803
385
752
1
222
1
530
182
