181
20
1
4
3
9
26
263
276
185
4
57
5
4
12
72
1
315
27
69
346
8
17
9
11
5
4
5
124
295
52
17
18
100
79
9
10
10
278
65
1912
64
8
21
108
399
41
51
144
35
1
20
7
19
135
2
309
8
37
15
277
82
2
183
414
340
28
1
355
36
1
336
36
284
29
45
4
297
120
55
252
54
241
74
1
214
133
1149
35
257
140
156
3
3
627
363
225
329
292
125
125
236
413
393
483
246
664
187
18
307
180
314
139
200
148
32
620
328
5
4
5
317
11
20
31
10
122
313
314
311
1237
327
75
203
121
55
332
302
82
94
14
309
24
274
358
57
255
183
7
5
21
44
378
470
3
430
22
305
26
63
45
45
22
32
16
752
240
240
91
482
2
127
9
1
1
632
43
327
258
123
3
7
3
42
139
10
5050
11
19
64
14
27
1
11
37
1
290
566
5
3
96
293
18
89
255
1244
15
3
4
13
16
569
495
337
319
4
821
1
74
13
4
45
169
34
40
419
14
69
7
32
72
248
65
59
54
54
12
88
89
489
58
143
309
238
1
269
91
326
566
211
2
815
380
309
16
186
61
9
329
184
239
422
270
185
424
309
428
131
337
110
320
2
341
8
242
308
11
1
37
43
122
11
48
2
542
2
93
309
4
8
108
31
392
6
10
278
307
10
306
327
302
276
769
112
13
4
275
215
32
35
1123
199
728
3
303
33
322
330
326
