24
16
8
5
3790
32
49
245
82
508
104
152
418
569
286
379
2
151
44
265
173
2170
17
35
245
96
183
144
458
13
675
301
833
228
359
75
185
91
484
128
40
168
1
192
196
241
55
111
115
116
1
344
27
603
16
53
185
13
663
958
327
842
445
103
117
214
279
520
409
1
37
98
135
63
4
7
40
86
27
241
163
249
172
401
223
132
216
203
12
466
155
178
1
66
262
49
53
124
1111
170
54
14
189
19
42
266
185
295
232
428
891
157
1789
1179
419
141
87
246
307
114
99
1092
2
15
126
1440
127
145
14
138
161
444
24
156
75
60
277
563
850
44
39
720
207
2213
2134
684
148
42
28
544
75
199
203
943
221
318
183
1152
399
216
550
87
336
274
257
39
120
88
514
569
55
77
72
224
180
148
