81
27
38
21
113
612
4
5
96
12
40
16
1
12
8
295
1
41
6
37
265
21
3
7
118
13
19
1140
12
92
56
89
24
38
2
3
8
31
34
29
4
3
4
2
45
5
1
423
5
1
3
19
1
90
10
7
51
32
6
13
9
81
28
22
40
139
44
7
1
10
8
198
7
1
23
38
6
41
62
14
17
5
13
20
77
13
22
67
1
3
3
1
1667
2
2
17
12
218
11
27
2
155
8
7
9
24
11
3
30
107
12
11
118
166
15
13
8
16
3
34
3
2
6
10
90
7
565
13
43
31
10
40
122
1
18
2
2
6
8
13
2
4
5
28
3
12
13
15
10
17
31
11
198
318
5
32
2
43
59
40
3
9
13
8
1
5
15
24
47
3
3
2
65
35
51
4
32
17
42
1
1
318
12
13
20
1
94
66
120
4
3
30
11
7
17
178
596
21
11
2
1
90
17
3
1
1
9
37
2
160
8
14
46
8
13
15
4
59
1019
1
4
2
22
46
19
3
29
88
5
3
4
8
15
5
3
1009
19
4
7
8
6
83
24
10
23
152
26
39
48
3
20
16
1
9
6
14
6
14
4
6
11
12
4
8
36
6
1
4
279
8
43
6
6
5
6
23
56
2
13
23
3
151
722
1
17
60
7
256
15
21
1107
43
105
85
16
12
1
5
43
1
11
2
25
3
2
73
1
3
472
7
28
42
23
56
26
17
37
44
34
111
3
102
8
7
5
3
24
124
2
2
27
10
1
1
177
5
7
3
96
6
2
20
8
5
10
8
16
9
7
160
25
4
13
74
3
1
5
9
4
58
116
114
34
22
5
4
32
5
27
18
16
32
9
10
277
9
