37
31
112
51
111
47
35
139
1
651
939
46
35
35
31
51
35
51
515
12
386
263
27
199
71
24
43
28
678
316
46
26
183
12
45
26
47
10
24
507
35
153
15
24
7
230
61
22
17
709
1
12
723
317
399
7
225
48
124
95
42
59
20
60
35
33
115
13
43
505
7
31
23
35
12
184
105
11
40
65
433
35
86
12
48
82
61
201
226
5
27
26
3
35
57
490
73
89
138
11
60
314
39
35
18
37
59
231
35
126
134
128
217
47
26
35
14
17
940
249
43
31
35
5
1260
33
136
123
164
40
42
148
99
202
857
35
160
35
744
24
39
20
30
155
51
20
22
23
42
45
211
29
49
25
161
27
31
23
106
7
107
67
52
33
231
16
63
107
73
413
31
5
15
57
109
35
438
66
81
60
33
219
76
237
65
38
35
123
197
393
41
46
249
166
269
225
38
63
187
10
87
35
549
91
150
259
31
144
76
263
38
106
35
179
155
1
457
26
24
49
35
234
124
35
496
4
56
226
438
13
118
317
35
48
507
123
21
16
41
221
14
207
61
41
32
20
29
58
35
43
9
137
64
186
21
35
21
125
53
42
83
227
32
35
462
35
13
35
31
2067
1
30
31
212
39
26
11
234
42
159
21
596
162
355
36
204
122
322
33
165
24
109
222
42
11
61
64
41
330
828
20
30
72
144
48
71
31
255
200
46
1
96
124
40
104
17
12
162
33
89
628
40
67
240
127
32
70
31
26
65
469
79
527
42
43
23
241
32
157
35
78
40
234
31
499
36
7
200
13
914
63
30
126
308
166
39
189
42
59
15
36
35
10
35
68
26
34
16
25
31
35
26
9
597
25
56
54
61
9
50
150
39
32
31
180
48
170
32
444
2
100
1
176
247
238
3
36
13
35
101
290
34
11
122
36
34
41
527
45
31
215
36
105
61
199
543
65
36
31
10
31
725
290
247
126
91
4
35
21
35
218
12
21
18
17
25
37
31
46
50
453
78
291
5
284
514
38
84
153
38
50
12
200
414
147
18
84
8
48
226
213
22
1
355
35
502
60
54
113
35
32
81
404
36
42
43
57
83
672
16
12
128
148
30
26
82
34
152
56
108
24
156
68
192
70
47
20
158
162
127
112
47
518
197
51
35
56
35
127
40
10
29
106
152
31
64
36
223
91
186
19
32
1805
731
77
34
127
38
204
43
218
162
26
36
38
10
93
582
162
245
18
31
30
30
25
39
47
34
43
73
314
188
71
35
31
43
32
35
211
27
24
40
172
107
77
22
31
274
1
1
294
28
44
15
34
49
53
175
30
38
39
159
65
144
1
35
7
22
415
104
211
128
17
110
269
13
41
37
32
33
59
80
10
170
34
94
34
38
41
151
74
8
73
1
165
110
29
136
13
41
16
161
18
264
43
35
35
37
254
30
48
31
216
178
35
2184
35
37
68
159
39
295
221
31
35
36
38
32
35
247
62
49
114
203
32
38
47
138
91
111
158
75
71
1
7
216
724
214
235
46
35
228
32
230
358
83
168
145
864
20
