3406
3
16
18
273
41
131
205
1194
51
54
1
6
5
1
31
266
646
4
55
9
10
34
33
233
28
35
15
239
35
48
56
323
93
2592
4
7
6
1
543
31
20
5
36
7
7
144
665
11
10
3
11
154
119
6
1
3
10
92
1
2
39
11
3
9
21
359
186
218
60
2
1
56
49
1
1206
48
2
28
21
15
64
14
7
4
21
79
53
182
89
88
46
22
910
1
25
45
2
158
3
130
45
27
2
20
10
79
292
7
6
14
3
11
6
43
11
9
1
7
3
7
50
17
13
342
1
469
2
3
1
41
85
138
5
67
406
12
32
8
93
919
92
23
55
12
109
23
4
11
1085
334
29
84
1
13
17
34
7
1116
7
7
23
26
8
16
178
39
50
3
13
12
14
377
526
103
2
1
273
34
1
88
450
4
71
18
372
61
5
41
73
281
9
36
326
4
53
127
1335
682
11
10
13
35
1
114
25
2
1
74
599
8
13
15
44
160
368
46
19
2
33
303
4
139
9
59
20
42
55
21
32
549
46
4
617
1
54
55
307
251
78
95
99
90
410
351
6
22
5
170
30
4
12
80
6
17
567
39
369
386
6
78
95
294
199
202
42
297
17
21
17
313
109
1
460
331
49
820
17
149
10
53
11
75
37
179
13
23
358
12
69
10
39
68
23
23
52
139
210
58
636
60
7
35
3
16
179
27
12
108
61
24
62
295
336
86
12
15
57
144
4
16
70
11
139
215
163
92
21
106
165
19
12
6
4
861
25
1281
4
10
30
12
144
4
66
90
13
148
194
142
16
669
378
5
193
91
1836
31
575
24
612
42
28
10
13
15
1255
12
34
3
31
75
13
300
1632
6
36
1
215
8
2
17
500
88
186
31
79
67
253
194
48
305
154
186
141
2200
164
914
154
7
21
3
3
63
19
22
115
1
981
36
44
21
28
35
2689
1504
1280
402
19
58
531
12
738
123
5
13
28
88
44
10
84
2
20
29
57
87
84
298
194
20
136
253
2
95
10
122
20
51
936
396
146
55
16
1214
2
248
225
968
154
43
235
44
159
166
67
171
13
35
49
4
567
14
43
26
402
13
86
508
34
199
453
1076
190
120
2
20
16
9
75
842
25
5
7
15
7
35
4
20
32
6
113
179
15
552
138
19
393
21
41
354
44
80
17
44
3
77
170
79
14
13
86
123
36
72
437
43
29
19
372
27
297
3
175
500
5
47
137
7
415
658
9
138
50
20
26
20
1
323
7
165
1315
5166
15
111
169
249
115
269
37
293
5
630
5
2231
25
33
90
63
13
7
6
66
198
6
14
1
12
195
64
12
1059
6
53
1
37
107
16
33
89
128
110
14
51
73
19
266
4
183
30
904
22
3
2013
67
336
8
14
33
764
11
1
34
21
12
91
364
7
88
37
807
40
197
47
5
42
106
20
787
20
9
1689
8
54
233
229
147
130
473
54
183
120
56
8
71
249
1
63
27
20
344
30
84
18
579
154
113
1
9
62
135
87
19
2
154
236
1153
322
49
41
1467
205
41
62
7
18
11
84
1351
625
15
31
112
47
13
175
235
238
21
10
119
60
419
55
326
69
128
3
131
86
630
343
89
11
167
161
30
81
20
328
15
2
85
268
17
23
196
77
9
16
40
7
33
360
66
17
29
437
58
89
89
14
1
106
18
8
84
520
10
82
360
32
449
320
1
9
9
27
18
48
19
158
18
92
51
3
36
130
10
36
3
175
774
83
25
31
19
732
60
7
37
216
3
203
44
10
31
28
344
177
1249
9
25
2
11
1075
567
1
79
56
16
4315
22
131
88
100
145
8
140
955
289
1
10
327
382
194
160
54
180
263
157
31
4
137
32
61
18
15
64
143
31
132
265
318
338
212
296
263
262
114
124
612
203
417
96
168
72
322
280
1511
259
165
72
218
127
265
157
190
221
16
382
176
247
1174
106
516
256
4
34
25
3
95
16
154
52
8
60
469
130
21
116
154
74
239
40
69
278
31
25
21
13
22
18
6
36
11
15
338
67
7
8
85
127
302
17
1
18
65
6
47
617
156
15
184
7
12
116
458
11
25
495
9
377
10
812
2
9856
146
205
13
260
418
10
108
80
35
10
47
75
54
154
22
24
27
3
7
37
12
557
274
10
115
124
6
156
198
239
148
16
34
648
85
33
84
91
27
3
136
469
22
144
27
597
101
123
324
1706
111
11
19
863
4
97
1
99
14
7
1482
127
169
7
45
114
10
2567
88
37
57
41
28
4
19
54
13
30
84
135
1236
20
411
70
1
229
4
3
8
9
13
66
197
61
67
4
90
40
14
27
48
116
192
1
64
1
15
88
298
3
4
341
942
9
12
20
101
25
15
139
6
236
60
22
9
279
261
3
120
55
122
85
1759
24
414
295
109
1
6
260
65
282
301
318
17
162
1
11
164
35
344
344
289
33
39
132
37
16
30
715
453
333
153
132
642
11
219
130
60
22
302
538
64
257
1105
22
20
87
280
310
198
13
161
5
81
31
7
16
18
402
17
45
19
534
217
717
24
43
385
80
15
30
587
370
1
322
33
223
95
2
19
78
2
18
3
42
2
18
114
20
6
34
3
5
2
432
18
18
38
117
20
114
205
14
291
167
15
120
30
481
273
40
297
10
371
30
1
8
14
13
5
17
16
2
35
16
285
57
768
6
519
5036
469
27
610
268
622
120
13
215
40
184
7
68
272
150
17
19
13
2
18
28
4
1
12
57
18
5
41
8
45
525
269
624
17
24
3
16
123
5
13
88
9
4
11
16
38
574
14
36
9
6
4
1
251
11
48
24
723
122
43
12
15
503
89
322
44
272
6
38
13
3
15
50
1
10
30
16
18
53
259
39
50
290
247
13
821
1154
4
160
11
249
89
176
32
39
31
1
147
130
469
137
168
19
74
3
17
4
347
108
63
1
35
8
121
8
7
415
287
48
17
15
42
16
23
82
15
88
43
16
681
25
1
15
10
119
56
92
28
2
36
57
16
15
23
22
39
27
29
165
9
125
625
80
17
45
400
54
13574
178
165
4
192
159
4
237
2
1
333
521
148
122
189
71
2
16
124
28
92
111
18
28
32
35
9
89
60
941
119
138
182
255
6
105
116
13
1613
36
157
16
44
158
8
5
11
64
2734
5
18
277
171
69
30
15
79
12
2
6
50
4
151
19
50
73
40
80
204
15
11
35
7
22
98
59
12
2
23
20
1
65
13
1
2
1
365
578
14
61
58
15
330
17
1431
1072
10
1102
120
137
10
235
15
138
51
555
39
15
29
23
16
338
223
29
11
22
544
16
27
13
979
51
1
411
43
68
184
12
50
6
3
31
5
67
40
1996
22
117
28
64
13
76
278
159
16
44
72
64
967
1556
10
3207
6
18
384
5
81
5
34
466
2
4
8
114
32
8
9
97
166
10
73
59
32
51
4
17
23
60
19
12
116
1
3
4
5
66
45
14
359
1
24
163
78
7
4
18
4
25
3
37
14
506
1
165
249
14
151
823
5
5
304
20
7
62
127
10
10
69
3
141
5
48
3
238
9
1
31
28
23
23
5
66
14
162
265
1
17
245
390
1
144
250
75
211
198
13
28
3086
41
1
30
5
9
15
17
19
342
4
24
21
8
44
13
25
17
12
17
509
39
34
19
4
33
382
12
2846
17
20
5
43
19
75
12
7
64
134
174
14
9
1472
202
34
24
187
46
98
1
136
21
285
6
4
6
135
132
384
22
2
29
5
35
18
2401
535
30
378
4812
22
65
19
120
285
1
32
6
18
20
295
16
10
12
89
317
22
12
82
8
2
8
38
36
583
96
77
98
50
290
2
4
343
17
10
2
9
14
612
313
10
12
482
266
39
19
10
198
29
40
10
35
81
52
27
50
2
1204
453
7
17
7
331
105
35
3
25
193
24
1
256
26
52
1
57
19
568
43
84
31
46
16
6974
46
5
55
14
101
149
2
28
1
229
532
11
224
60
35
39
38
818
10
2
651
244
4
14
75
6
583
20
923
2
54
3
930
48
29
1235
155
530
4
2
4
685
253
150
100
30
1090
123
1
35
11
854
1
3
9
63
27
52
463
2
56
35
19
13
13
26
10
215
196
3
52
22
88
177
7
10
235
42
148
16
1
16
286
25
15
67
7
7
167
356
22
475
406
13
47
160
2
72
53
17
516
170
4
91
2045
327
98
419
539
1
15
23
722
101
96
96
258
170
235
87
277
255
13
348
293
467
624
3
207
45
3
193
105
45
125
398
64
256
118
16
15
403
288
10
440
1
1004
40
20
57
8
107
133
1997
261
132
784
257
131
542
266
2194
2
100
26
215
90
2
36
32
90
11
23
1
505
30
494
197
7
95
72
566
21
1097
783
9
502
6
20
109
17
146
308
258
206
16
329
269
8
1
51
108
1
341
39
130
2
33
260
308
58
303
283
61
758
370
53
152
168
204
77
121
3
425
229
1
20
1266
79
44
7
1058
375
871
13
2487
185
21
159
63
20
160
586
134
565
200
316
14
459
693
2
410
210
17
354
2
114
1
90
37
5
54
68
108
60
4
416
14
1
41
1
43
1
390
135
259
67
412
239
9
575
6
17
149
51
461
16
106
209
204
1
10
128
247
193
391
333
4
139
137
36
5
14
95
32
129
450
18
6
19
128
193
2032
193
1363
98
12
652
80
126
47
6
134
570
29
101
91
501
27
52
252
3463
17
93
5
638
483
2937
15
1
82
331
114
113
53
104
35
161
1551
265
25
268
28
230
49
164
346
156
260
2
232
160
18
264
17
49
71
20
561
114
132
51
119
46
271
442
34
323
203
359
27
29
370
17
41
8
9
167
199
440
511
21
223
59
2
6
77
222
7
130
107
1076
35
412
123
11
78
1906
11
10
365
12
40
269
14
3
9
424
3
17
16
80
70
164
576
1
68
281
170
544
453
254
1
176
16
48
18
57
335
243
40
13
61
155
282
3
139
126
279
1498
158
416
34
170
12
163
30
310
1612
267
3
168
10
6
677
68
6
135
75
89
362
314
84
11
133
11
57
1
244
8
12
203
46
542
4
62
73
193
127
2
302
239
60
156
50
295
9
158
26
300
8
3
12
248
446
234
52
553
585
110
13
184
35
249
4
124
309
51
12
17
72
57
762
60
51
85
64
58
120
105
18
31
5
1835
330
43
78
118
81
11
380
52
43
39
5
258
1186
25
16
510
1
1250
50
4
15
14
123
12
619
3
129
54
20
115
726
15
260
59
653
31
3
130
575
32
13
13
73
33
19
13
222
12
523
4
23
16
607
291
24
12
60
237
154
41
128
13
27
13
9
15
135
597
243
107
271
8
586
68
200
377
223
24
74
1
699
167
264
12
7
18
86
207
244
321
189
103
253
80
8
31
79
249
176
9
668
6
1385
19
23
278
634
354
891
15
7
24
73
26
192
91
11
69
13
11
81
167
232
57
5
285
825
46
49
24
238
1
4
10
39
32
154
95
81
57
90
41
18
74
177
11
560
185
387
161
313
227
42
4
619
92
7
75
239
4
15
5
385
538
14
65
1545
128
17
17
257
42
390
324
15
15
7
860
8
313
10
41
3113
527
47
9
513
224
270
120
1
44
41
2
6
9
5
7
92
7
6
95
702
6
275
240
3
300
227
282
205
446
10
295
793
1450
4
174
131
48
59
70
9
176
1662
8
302
941
37
6
3
318
14
66
