11
19
212
216
36
52
244
1
326
65
244
3
75
74
37
162
239
2
93
218
3
76
250
15
74
23
51
256
68
76
15
7
4
269
16
1066
154
47
338
29
562
60
78
429
416
1
116
68
70
43
121
104
203
25
37
937
74
30
26
29
147
347
37
42
19
159
319
31
47
51
26
35
40
26
1
12
16
11
35
60
127
386
73
363
20
160
35
25
96
95
112
753
332
134
97
45
544
29
59
1
5
724
7
113
123
72
59
329
67
13
79
297
31
41
9
139
6
115
223
5
16
20
28
127
77
67
10
60
39
181
22
10
246
89
2
86
27
257
184
42
147
26
8
32
72
158
60
204
770
21
55
42
393
48
21
92
201
14
14
15
224
29
188
213
4
10
251
56
27
407
40
75
34
1
295
207
289
76
3
55
45
1
275
1
64
191
193
303
77
129
57
93
150
10
51
176
62
50
1
183
127
46
977
94
70
69
15
29
17
12
436
133
41
1
147
8
243
210
40
215
1280
79
294
1
128
1
400
91
9
424
15
883
39
127
1
37
171
28
12
8
898
32
96
7
315
22
332
203
50
157
13
8
62
920
21
149
120
6
91
285
38
283
137
293
305
76
256
102
19
246
13
65
517
1166
1
28
520
61
1041
197
1
309
1
63
32
8
41
293
401
50
58
124
119
26
265
18
486
313
598
232
12
308
54
88
24
107
388
76
76
1
39
55
84
16
32
9
83
126
32
392
240
35
168
25
18
327
15
41
15
47
89
22
257
11
285
60
798
121
85
55
1523
727
88
37
8
336
359
56
91
200
350
42
221
69
47
240
106
100
23
10
15
1
1288
31
14
1
290
139
14
36
138
448
16
17
2843
28
80
207
85
122
19
99
324
2
150
10
12
27
3
156
48
4
24
15
65
43
70
63
56
331
1
139
248
525
23
123
232
34
48
31
35
18
12
88
22
16
19
153
89
78
104
41
6
89
37
16
84
52
25
10
25
44
22
4
9
1
252
21
125
292
352
727
53
30
363
28
2
74
8
51
11
415
11
556
38
40
30
