101
78
1186
32
91
128
909
152
50
149
12
263
185
37
94
39
122
224
158
339
89
7
1
177
159
5
122
108
245
276
705
48
3
133
88
1
249
144
86
157
293
96
110
108
144
41
170
131
114
118
54
35
211
43
201
106
1354
25
443
86
130
32
71
122
138
122
269
91
173
54
117
476
120
41
156
212
46
120
51
164
74
89
140
195
97
265
167
93
91
6
158
126
196
8
126
157
220
133
258
1904
1
43
134
125
457
151
263
84
130
11
152
120
154
123
119
67
172
57
111
123
127
847
235
120
11
113
97
154
187
56
143
599
197
71
198
124
637
17
113
93
96
5
134
106
129
166
147
202
230
132
113
172
188
93
109
116
186
10
297
104
117
179
135
59
143
112
272
1
144
71
176
248
3
53
192
104
214
131
112
88
144
114
54
168
23
134
322
339
246
166
160
136
46
185
266
350
306
134
132
169
41
1177
807
1020
153
104
117
235
121
78
117
78
7
151
157
99
37
103
33
103
85
207
124
87
165
166
94
203
92
116
106
198
1
105
107
1775
289
88
249
91
87
1529
100
99
104
67
191
322
95
284
98
133
125
94
194
99
84
85
88
89
178
207
119
74
101
35
106
95
649
137
115
138
139
113
108
28
64
399
1728
152
78
60
196
55
145
63
622
63
167
93
199
108
68
85
35
21
67
106
57
190
91
101
116
75
179
67
157
230
232
660
118
61
37
136
28
127
174
89
38
94
12
15
108
113
300
109
257
108
52
134
114
139
1
30
127
120
17
220
155
364
316
88
1
82
99
21
112
106
82
40
36
176
64
128
277
149
86
81
116
28
3
144
202
80
16
9
237
233
175
74
47
123
55
200
74
104
135
124
89
100
17
69
118
1
211
122
63
141
70
172
105
62
55
96
31
545
157
154
2
210
182
93
77
89
116
17
151
1
263
1
58
12
174
149
10
68
172
15
94
139
14
158
42
106
16
152
10
52
121
208
187
52
84
84
61
600
23
153
118
27
330
375
205
1446
68
97
818
143
59
110
96
1
97
83
125
32
328
199
112
129
168
84
177
71
9
239
108
60
119
45
116
89
76
3
167
153
175
137
76
57
328
382
272
55
113
134
184
127
133
177
93
173
92
90
236
69
268
49
177
11
94
142
134
266
73
151
23
115
214
58
109
187
95
118
223
28
96
101
160
161
7
150
115
326
213
171
122
115
132
52
94
55
80
92
65
211
131
7
74
80
285
1
8
84
191
149
67
122
190
110
66
276
21
91
33
55
254
69
14
24
227
111
28
69
235
102
207
152
119
16
236
507
90
144
67
136
7
345
163
92
72
121
196
126
124
201
116
217
95
62
105
30
125
182
799
82
235
150
68
118
95
181
8
72
51
96
2
305
117
8
111
138
106
139
80
159
7
65
92
96
98
136
348
114
77
50
206
130
112
595
55
258
94
180
219
52
226
196
102
221
248
152
85
94
55
171
99
58
225
110
170
272
392
287
202
251
476
179
79
110
207
95
47
165
83
30
793
94
79
62
316
53
55
55
123
62
57
362
145
51
326
6
84
139
73
26
116
4
217
117
117
127
61
113
156
246
116
5
723
211
141
257
142
51
149
96
22
127
1
85
1
154
166
263
106
106
137
18
262
75
137
143
83
91
108
114
96
203
346
140
110
285
112
169
1
137
106
101
63
10
237
31
150
108
141
477
77
66
75
92
122
42
183
6
90
40
57
188
109
209
81
68
251
14
90
115
141
233
196
90
204
218
107
89
114
193
423
72
179
97
1814
215
90
18
142
114
162
48
115
97
47
162
119
118
31
108
216
186
147
22
91
167
119
154
213
144
83
45
55
119
2096
113
279
174
142
65
70
113
213
100
188
151
148
26
55
55
137
471
266
217
128
72
219
20
52
5
3
328
322
214
206
189
69
118
180
192
182
78
93
80
16
37
32
89
75
149
155
654
191
184
58
186
20
335
94
115
81
1
41
194
157
312
19
150
51
80
82
79
95
71
52
113
26
180
66
25
140
61
59
133
70
66
131
101
66
123
22
159
160
14
22
83
630
29
385
13
88
172
125
62
188
81
117
98
116
72
361
126
150
62
15
27
48
160
1
72
83
2
128
149
12
160
193
152
175
85
26
121
144
90
67
106
34
61
188
6
173
86
214
103
120
93
128
86
46
64
113
14
108
134
110
297
163
252
18
39
63
135
9
545
118
66
162
108
129
89
1935
124
125
138
60
195
56
473
97
170
138
215
104
106
142
154
97
119
158
168
263
102
174
80
175
112
183
137
74
120
55
106
10
148
63
116
99
85
97
224
52
47
101
473
121
187
56
63
96
143
59
115
81
140
100
117
101
241
55
70
287
103
108
111
55
2
30
147
128
98
836
161
105
94
155
119
74
9
117
163
308
161
89
127
17
105
153
353
239
81
9
199
424
124
83
97
1
211
26
28
288
1
64
102
4
505
144
26
270
133
9
124
121
84
98
159
101
190
92
156
121
64
77
85
88
96
94
95
198
47
67
8
37
3
479
287
103
406
167
115
1218
201
80
146
90
246
56
390
89
72
283
1
83
24
109
57
108
197
145
48
142
79
167
111
55
109
196
157
95
124
170
134
692
1
175
768
222
17
161
18
60
4
226
119
73
127
45
395
6
148
66
339
77
164
149
41
201
116
126
73
1
42
62
154
218
125
64
535
91
12
40
45
104
232
33
107
395
12
143
2609
182
57
11
234
213
91
168
103
122
59
29
568
8
25
162
81
240
215
306
85
67
87
77
43
49
39
45
100
246
185
5
159
184
286
127
130
141
176
50
9
2
86
40
69
130
40
37
165
54
255
44
62
233
51
1767
233
18
86
1405
66
84
102
230
108
539
112
581
112
107
163
69
44
57
93
116
109
130
76
40
60
107
102
2448
55
106
82
225
123
83
119
160
148
244
142
79
227
150
127
126
54
12
122
188
141
161
92
124
88
126
146
180
97
126
51
81
332
196
325
134
273
182
119
266
129
20
152
145
105
145
135
73
93
152
150
160
1778
87
140
158
312
116
33
106
200
437
113
4
105
453
101
24
303
194
106
303
148
96
181
166
910
64
108
459
202
53
146
144
20
391
225
56
244
52
237
207
9
238
395
122
33
77
33
62
141
165
46
118
824
173
141
255
82
287
86
247
78
124
41
88
167
126
52
64
118
179
157
69
58
192
186
297
5
134
286
140
47
91
78
19
48
210
124
50
203
149
201
179
87
97
35
138
79
724
63
41
94
95
47
18
265
178
160
85
155
50
1
353
251
52
225
88
104
51
61
60
171
112
132
14
200
178
87
120
55
224
145
74
210
410
67
210
154
161
16
218
66
86
21
177
178
259
25
112
674
94
58
60
50
144
60
147
253
101
253
827
51
117
146
120
229
84
1
148
128
56
59
70
94
261
39
113
32
85
125
51
60
55
71
109
80
55
61
54
89
167
181
209
111
135
8
161
23
57
102
277
108
8
129
190
91
177
147
55
117
167
89
262
29
36
49
148
355
91
249
139
96
47
6
86
73
164
57
122
330
197
107
210
358
10
92
107
93
7
158
16
72
121
109
245
217
168
99
168
66
68
76
7
46
131
73
62
13
55
53
196
52
52
55
106
182
56
2
213
17
108
172
159
78
165
123
378
91
61
126
224
49
6
49
229
53
131
101
16
364
195
8
64
357
90
289
133
107
165
154
62
55
