257
172
176
437
10
143
234
4
50
1
261
300
21
185
125
133
13
17
193
219
4
155
471
259
198
3
5
7
123
304
152
463
202
4
135
314
370
135
212
35
13
149
156
348
169
113
157
53
7
3399
232
4
19
695
338
266
138
363
129
135
487
146
343
137
132
187
150
143
135
146
250
15
140
146
580
133
115
186
265
132
135
853
135
30
422
8
172
976
135
141
1160
135
187
477
263
156
194
1
213
316
166
157
270
1135
81
38
471
870
202
146
27
238
164
135
1226
202
63
189
137
126
7
631
32
147
140
1093
602
133
450
47
384
6
183
6
461
137
348
212
201
532
143
1039
403
135
136
305
334
170
23
239
4
132
428
489
149
148
417
137
84
43
342
609
555
1673
137
150
505
134
206
152
150
141
213
560
212
22
147
139
488
140
463
28
366
188
135
278
130
134
160
212
140
133
264
486
135
381
135
135
172
133
135
121
139
152
154
474
263
156
181
207
342
137
248
205
621
