1
72
48
546
36
62
55
886
458
738
219
8744
42
4
13
24
63
23
14
51
12
9
32
261
25
37
155
7
7
4
8
73
17
3
45
79
1
184
71
27
503
657
1635
62
258
47
29
1
276
64
54
293
9
12
100
5
33
95
16
263
244
415
75
205
245
391
85
14
20
248
1
52
97
526
44
29
32728
126
29
35
62
201
26
14
1
33
154
167
62
178
13
241
68
60
34
9
116
8
18
26
69
2
5
145
1171
8592
51
2
215
55
57
13
165
2
579
28
1014
30
15
150
59
98
33
47
2445
56
365
46
770
47
557
321
241
6
387
21
180
84
184
132
1579
438
69
11
931
21
49
156
69
18
200
24
6
10
29
28
25
90
141
1
1
32
41
30
103
133
6
31
29
863
14
21
44
33
1
218
38
137
24
4
36
4
487
202
1
34
29
1
36
24
71
17
133
404
287
26
63
43
1536
335
13
33
74
54
471
33
52
89
5
83
15
87
229
13
50
54
346
20
5
13
195
18
44
98
20
65
181
109
68
155
2
185
207
162
48
1
33
24
28
203
13
29
28
178
45
10
45
4
5
78
15
127
54
60
122
100
140
225
240
336
258
7
1215
758
37
5
34
30
35
286
2
17
79
5
309
164
47
4
1121
101
1
617
222
318
25
1792
285
152
3
217
454
249
23
19
68
72
19
43
183
250
19
80
431
40
38
83
69
461
10
1622
83
50
1
37
2
425
125
45
291
84
580
17
271
46
37
17
3619
502
26
314
4
28
52
42
112
82
115
50
183
130
240
21
12
612
30
257
14
69
48
87
11
141
25
33
14
156
107
93
15
68
1003
619
4
16
75
1931
13
96
6
87
66
36
1
87
41
167
130
268
52
20
109
21
192
37
31
40
54
250
64
15
16
33
184
41
1282
119
45
19158
40
34
2
61
704
103
88
57
234
33
132
30
6
1
7969
7
191
22
840
15
159
67
605
57
105
44
107
1
4
34
228
108
1566
1
62
163
25
22
108
28
147
6
649
422
13
132
1190
921
11
30
164
138
86
365
75
110
81
244
70
391
27
39
21
7
104
715
465
25
498
181
7
17
25
45
1
31
698
5
66
54
92
945
63
73
23
191
56
39
853
7
129
28
85
29
59
1
52
18
305
2
68
135
159
12
1
77
416
60
713
3
105
1
110
1029
54
56
59
201
109
115
181
28
43
4
38
5
2792
120
26
17
1245
224
902
17
80
53
69
27
77
25
94
4
62
315
92
28
48
570
34
40
33
140
373
4
378
13
59
62
500
11
1
66
267
119
43
598
30
28
44
3
38
25
113
3
345
11
62
42
226
326
51
103
1
232
35
122
161
453
240
32
154
532
667
40
435
504
47
597
21
119
23
60
27
1
27
85
34
110
25
151
19
292
127
500
55
38
2293
49
283
284
93
77
17
285
483
64
15
125
98
656
45
56
590
23
1
42
5008
337
277
98
18
250
78
25
608
293
133
17
63
42
57
109
24
441
122
52
20
66
3
194
24
89
165
70
38
39
108
22
4
15
9
27
21
31
26
340
53
901
887
202
131
31
208
140
73
134
18
372
22
94
43
463
7
115
65
1461
457
12149
5
12
29
40
69
20
261
34
150
33
91
24
261
60
10
48
54
148
295
42
142
13
16
18
16
330
87
4
92
1130
27
129
18
49
11
91
57
226
14
54
52
1
21
91
83
51
670
151
26
92
8
95
840
338
22
94
25
101
1069
306
160
486
172
74
1
1
299
1
257
2
243
35
1131
31
13
175
26
9
579
224
565
77
743
145
7
4
16
3
23
6
857
333
257
42893
27
418
33
38
33
92
954
93
9718
138
143
34
32
98
17
132
152
14
149
31
524
139
43
120
57
307
49
53
42
123
26
128
190
100
156
119
71
4
694
34
744
9
37
1
33
481
10
23
44
30
17
104
285
47
119
232
23
23
11
40
30
236
230
19
125
54
21
24
8
13
55
421
26
18
37
77
5
29
7558
143
485
1
8
108
949
73
1
2
65
39
284
1299
335
27
5
262
195
251
58
1825
420
45
118
48
350
1183
29
834
14
428
78
18
51
15
1
23
103
11
32
22
12
95
170
231
30
56
21
77
39
40
75
47
505
114
5
192
14
304
165
150
33
95
191
125
9
190
14
121
8
27
58
11
26
724
2611
252
1400
47
244
154
3
27
29
30
12
193
945
37
258
265
94
17
1202
35
37
78
1342
317
77
1079
39
17
62
292
58
134
17
29
47
492
33
22
363
12
3
9
93
45
10
4
14
142
17
94
3
1891
47
26
19
26
13
222
5296
53
7
1768
49
97
327
37
31
87
246
9
14
516
277
567
53
209
1
652
1
20
97
47
257
174
105
49
18
241
4
18
66
26
272
214
25
16
24
253
1
23
950
144
808
26
67
393
4
12
192
21
66
4
22
28
1253
125
69
343
250
4
353
35
66
776
2680
53
2
16
12
6
457
14
2333
49
11
48
111
2
10
31
850
970
155
89
65
48
264
255
153
378
12
652
25
16
2
154
109
140
102
285
112
226
116
37
50
7
97
7
105
106
216
31
7247
1163
617
5736
1041
1544
112
33
18
2382
325
42
127
94
28
13
68
4
19
119
10
14
32
223
111
97
68
67
27
107
50
16
10
867
513
19
105
11
1006
23
20704
1049
268
120
101
61
120
64
82
24
34
22
49
39
38
18
141
5
57
46
132
383
21
15
287
47
13
102
76
123
422
28
12
1
113
143
631
83
113
47
127
58
79
1
5
58
376
402
55
406
27
22
1
6
132
45
54
1789
29
150
515
16
1124
14
12
22
41
30
48
434
26
94
21
161
1
51
1
22
69
34
199
99
7
9
349
346
90
13
60
33
75
43
549
21
45
508
3
25
397
217
32
3357
13
7
57
19
91
41
9
78
78
25
81
74
52
3
90
32
58
410
141
964
51
63
33
119
25
68
20
21
97
99
5
21
59
37
182
20
27
29
19
951
81
5
303
92
71
97
13
44
69
66
90
173
7055
376
75
20
135
11
7
44
21
100
6
270
319
35
124
7
86
226
54
1
256
20
344
106
112
23
304
27
27
129
9
222
30
56
13
36
37
8
1084
606
215
87
74
196
1
70
334
7
16
391
75
32
8
156
13
115
10
38
3
1
8
61
117
14
163
92
12
76
54
179
525
34
24
574
148
81
87
5
269
209
130
94
101
306
3300
26
11
241
89
21
140
1
59
9
11
26
16
60
17
195
73
11
40
105
93
3
164
1
39
113
40
226
2010
29
30
80
8
102
31
388
62
20
32
4
37
86
699
200
17
70
37
142
11
14
22
598
1
16
20
44
5
184
458
325
14
4
5
9
111
69
67
60
35
5
140
21
15
12
9
79
784
55
26
413
28
758
6
30
17
43
115
392
13
369
12
32
83
8
11
41
17
356
88
66
496
95
39
9
31
14
272
2
184
14
56
83
52
31
46
15
159
390
78
25
119
25
4
103
1
74
45
832
8
590
1
1
40
190
17
33
147
3841
8
229
23
3
40
12
