110
10
99
3
67
23
1
50
12
330
1
52
284
49
8
110
385
9
9
222
197
191
48
1
50
48
5
12
94
276
91
94
109
12
183
174
286
219
113
207
25
651
31
143
1
74
95
4
219
217
126
227
95
211
123
55
430
316
261
238
224
1009
57
143
123
1
186
95
126
11
50
245
138
246
346
25
309
187
2
322
91
219
8
12
11
1010
214
214
91
95
945
216
223
813
75
222
80
285
369
193
50
218
279
268
133
50
12
50
43
43
6
117
40
242
217
231
198
3
13
136
242
1399
456
65
90
221
223
13
214
463
185
217
117
420
218
189
91
223
241
677
182
238
217
230
230
69
220
1327
207
95
9
213
193
69
2
217
95
182
108
222
164
95
431
39
215
198
377
