195
51
1
55
98
86
19
15
55
218
122
72
182
53
5
412
1
20
499
52
120
48
187
71
141
519
1
219
36
380
56
218
214
179
57
353
178
315
187
316
81
80
426
67
64
9
1736
474
4
272
196
18
3
63
62
121
51
114
133
84
1
77
140
2
471
81
345
55
13
199
15
107
39
318
133
428
652
22
2027
22
65
774
31
61
368
264
654
141
369
27
108
65
168
150
817
9
284
216
394
209
132
75
1258
953
58
649
54
102
259
1311
151
105
59
20
62
91
86
73
55
45
1124
91
6
55
112
90
2308
76
2
659
71
2
55
830
57
240
59
155
9
30
36
64
30
26
53
626
134
60
65
67
955
28
95
11
63
55
101
30
65
79
28
1
240
671
1365
1
1
949
259
223
17
40
146
56
327
258
244
52
269
62
89
583
1270
59
4
58
1
205
63
79
462
223
87
3
53
124
1480
96
409
51
58
218
56
70
85
265
290
65
208
217
289
53
59
36
268
58
55
81
632
51
78
113
485
52
59
906
22
39
71
83
613
13
57
61
38
55
264
105
896
17
19
16
98
664
4
148
234
166
63
71
869
94
325
501
14
155
531
186
1141
95
411
99
50
8
35
71
265
58
47
42
91
376
110
195
37
52
538
242
1205
486
4
702
4
111
201
307
1381
52
55
1
77
55
373
4434
60
220
1
122
64
58
39
55
248
101
1116
98
1597
1
64
33
72
3
80
2
360
104
103
4
123
232
79
76
142
124
74
119
34
225
59
72
59
58
54
129
77
194
59
23
57
206
220
218
171
156
794
32
816
639
78
38
220
50
13
65
165
131
259
183
1815
328
412
8
52
2450
125
75
257
378
536
51
55
42
63
158
1259
51
959
129
34
112
16
125
17
286
1021
229
43
209
162
107
19
347
88
142
116
49
1670
21
284
44
91
64
70
56
404
157
417
56
55
4
81
59
109
166
79
46
21
7148
50
96
228
376
217
468
68
129
59
16
84
464
113
16
139
340
6
122
5
157
63
176
22
41
5
470
825
959
61
100
71
287
57
85
21
195
55
283
297
147
53
365
94
24
39
1
8643
149
54
52
388
91
114
82
54
588
133
58
91
53
56
79
333
67
459
215
19
66
123
20
82
615
1296
195
41
217
128
12
903
66
451
54
15
74
40
52
114
4
120
339
571
593
54
63
315
50
88
32
45
140
680
412
167
31
16
398
33
138
9
97
4
126
178
60
55
851
5
261
96
66
182
110
104
492
254
1002
83
1034
66
74
404
137
58
61
131
183
48
20
100
57
75
75
51
57
55
58
240
935
52
1
97
234
533
84
12
16
36
165
64
56
53
63
69
161
197
143
3
60
580
95
76
108
106
51
215
303
397
529
238
166
58
111
266
129
121
69
60
124
68
27
208
117
133
11
68
57
57
61
1025
63
59
88
43
399
68
1657
215
239
57
837
125
224
264
287
1263
156
52
176
211
60
61
55
3583
4
80
187
87
53
60
257
53
236
61
75
53
110
118
68
62
70
129
63
826
55
306
93
76
55
52
101
55
171
182
63
527
69
497
76
55
133
73
218
369
131
194
68
64
62
303
224
61
97
73
139
193
236
553
1
71
54
1
78
66
55
310
2745
77
101
140
89
628
1063
60
408
439
110
156
85
55
96
124
58
71
110
155
815
54
53
21
60
210
225
91
52
6
53
323
51
60
3
57
430
6
1788
64
200
53
51
89
3
84
217
56
81
302
1
160
456
64
366
51
217
49
15
221
59
188
55
53
