2
396
27
258
7
417
132
26
9
63
121
88
7
26
1068
458
32
237
8
59
42
225
347
8
325
38
880
42
266
197
4
2
10
146
148
482
470
74
556
24
155
114
292
364
7
6
71
579
268
7
47
334
32
22
21
36
13
22
354
252
66
371
14
277
60
74
150
15
1
253
217
318
44
869
257
276
449
17
359
45
767
160
11
102
208
165
7
24
629
4472
242
279
236
25
294
2515
9
412
1467
23
231
212
49
60
8
84
166
29
34
45
42
52
147
847
277
267
1775
63
32
325
1
1052
230
20
387
315
248
35
16
1199
77
28
933
4
87
150
107
361
373
517
135
382
149
12
523
130
83
15
744
121
123
14
243
657
87
80
1191
237
6
672
490
2
279
1261
57
124
6
25
3
1
704
571
5
116
66
48
342
64
18
56
233
244
111
64
396
22
73
272
168
289
504
310
3
116
20
152
9
1
131
19
1
275
17
10
305
216
414
308
183
663
20
30
14
3
239
17
137
915
26
24
515
31
21
1538
961
372
316
603
77
980
21
38
15
9
15
10
258
37
264
7
90
71
1
292
16
14
658
1
709
871
101
36
730
10
33
285
697
139
348
138
155
93
25
296
9
249
838
25
16
5
133
3
16
608
73
124
260
315
300
303
311
4
280
288
1
129
136
270
265
667
258
304
271
271
170
316
317
135
258
359
270
173
127
309
267
18
20
31
243
513
1154
29
384
32
166
83
10
793
282
27
18
9
86
64
130
19
37
262
7
135
9
54
268
256
698
14
1
41
449
31
31
1421
1
262
15
66
22
61
48
5
67
46
21
309
49
381
34
15
16
150
302
158
160
37
7
201
281
92
1005
254
155
324
2
61
291
132
76
15
247
1879
257
283
1291
261
400
229
54
22
147
532
9
286
27
26
3
104
6
14
669
4
15
253
384
120
365
16
414
5
10
336
1
22
2
55
3
116
173
76
58
789
263
6
206
163
282
170
43
362
27
84
367
17
219
277
47
20
8
84
109
123
275
307
423
523
34
62
1
61
8
809
32
289
266
135
29
238
298
467
36
155
82
16
445
16
210
232
106
602
473
13
162
140
300
17
462
175
139
67
62
3
132
7
359
59
262
1
251
249
337
528
2
306
127
1685
17
3816
226
259
21
226
555
17
5
9
36
270
98
24
1131
108
166
42
91
18
276
6
51
5
235
26
69
14
11
294
633
9
95
8
39
716
15
440
3
634
291
285
266
13
266
5
179
70
13
475
848
103
260
130
326
91
13
347
314
52
392
2
347
289
219
6
139
883
82
78
42
245
129
726
25
56
112
380
101
99
271
81
63
824
324
11
225
9
127
22
31
18
50
19
266
52
86
710
68
10
225
303
165
20
25
48
20
239
36
407
74
79
835
221
365
66
12
284
836
10
18
24
256
3272
1663
117
305
94
1144
43
961
137
205
144
114
86
486
170
302
175
144
161
166
138
12
285
36
18
54
264
47
248
16
291
5
5
12
978
59
29
1780
285
139
30
100
262
51
60
702
299
9
1067
250
41
260
11
35
287
290
278
611
2
101
1089
1818
11
1063
223
1214
509
7
58
50
292
13
37
11
258
81
263
191
265
315
754
257
123
151
325
296
129
3
461
355
60
152
11
35
71
260
461
971
28
25
131
274
101
356
345
266
257
429
1
5
294
47
8
5
15
8
52
262
309
172
163
1297
35
15
123
69
352
64
7
54
16
139
455
307
68
1
254
42
280
219
104
126
1554
246
138
266
62
422
345
659
209
135
262
269
136
249
21
6
291
35
268
288
150
261
155
66
17
451
123
290
20
8
1
295
128
8
274
279
19
25
511
273
285
248
26
35
142
311
1
401
269
441
449
229
152
307
268
169
38
4
6
