1
34
2
2155
1
3
3
81
38
39
39
12
13
64
3
8743
10
1
3
3
15
236
1
2
15
19
101
1
115
4
79
2292
46
108
1
8
1
611
14
167
2
99
57
26
4
319
6
47
392
18
3
2
1
1
1
1
1275
1
1
16
304
11
6
1
4
2
2
1
1
380
1
2
6
1
30
86
4
88
4
1
13
2
1
9
13
1
2
1
506
18
1
2
3
2
1
1
104
5
1
13
1
1
417
1
155
6
9
46
11
14
3
17
14
1
53
11
1
50
3
47
168
4
2101
224
595
31
1
959
1
1
3
4
5
415
7
1
122
1
2
1
4
10
37
16
172
436
217
2
108
479
84
1
13
261
2
1
56
1
3
53
219
1
8
271
355
995
597
445
157
1
256
1
73
53
1
839
16
82
9
58
1
1
1
1
9
5
8
2
598
4928
6
51
2
3
38
31
80
21
81
82
7
5
12
2
67
20
1
8
17
1
139
1
2700
58
10
1
1
15
1
6
12
86
7
1
4
4
4
2
17
1
146
3
57
1
22
432
435
2
83
240
1
1
36
1
494
1171
8
52
1
1
18
230
296
62
124
396
1171
9
2
1
1
1
2
286
1
20
1
36
162
2
23
1
3
9
420
53
3
657
89
941
468
11
6
8
407
1
1
492
1035
2314
2078
35
885
4
1
19
1
1
278
14
3
1
8
1
9
1
1
1
126
1
1
1
6
21
1
4
1
9
1
1
30
7
7
60
31
1
440
1
1
9
1
226
291
39
3
5
2
3
6
111
2
13
80
2
4
1
3
5
2
1
2
125
1
66
3
4
27
524
6
3
1
2
48
4
356
1
621
3
1
17
25
4
87
1
242
1158
45
23
2
1
533
17
4898
189
181
3
1
1
77
296
45
3
1
1
3
317
1
17
50
4
265
13
1
9
2
11
52
2820
169
137
1
1
35
25
2
61
1
1
1
1
5
6
8
1
116
91
183
18
1
16
9
179
488
133
1
123
1
203
168
1
1
90
26
38
2
1
8
3
2
3
52
84
19
58
1
83
1
1
72
3
11
1
1
54
1
1
7
1
1
3
3
9
1
1
1
4
4
1
2
3
1
1
53
75
1
134
138
6
28
46
1
4
1
1
20
2
5
170
13
950
54
3007
1
1996
33
21
48
124
12
4
125
6
1
1
9
388
52
1
2
20
3
8
1
18
104
24
158
3
1
4
1
1
43
1
104
179
8
42
6
122
9
32
319
32
83
16
5
1
36
22
101
418
1
488
348
93
1
573
7
1697
1
4
13
1
367
45
4
22
140
2
21
5
103
320
1
14
68
392
19
7
11
20
1
124
528
13
1
3
1
1
7
1
78
25
105
1
18
58
98
1
2
1
3
1
1
1
371
284
1
1
1
1
37
10
2
343
792
1
1
25
1
1
75
1
170
3
11
4
837
865
3
1
1
120
94
3
1
396
1
1
187
5
1
32
1
4
1
2
4
1
17
1
40
1
1
1
2851
3
12
1
41
1
77
1
8
5
1
1
64
204
71
5
48
135
128
17
2
12
3
319
148
2
1
128
99
1
99
479
829
1
1
1
147
194
47
1
3
176
1
1
1
751
1
55
1
1
213
1
4
52
3
5
84
93
110
101
2
29
47
94
1516
496
349
1119
3
547
1016
1
6
300
2
1
1
173
3
13
46
14
668
5
11
1
58
1
203
17
1
36
136
167
75
231
3
1
2
1
1
530
276
11
1
13
10
5
1
52
257
1
58
1
531
13
66
4
8
7
13
166
180
1
1
378
3
1
3
1
1
5
38
1
3
3
1
1
18
627
1
5
5
7
20
49
7
1
44
25
1
266
1
4
440
26
417
2705
1
1184
6
23
7
4
10
24
3
1
3
158
5
77
2
54
34
1
21
2260
1
73
34
1
10
2
4
41
65
22
3
2
20
1
169
1
24
11
1
116
166
73
1
1
5
3
15
1
52
11
16
11
1
1
5
1182
46
94
11
1
1
1
1
13
4
1
27
1
146
4
1
3
20
4
5
4
28
1
39
8
621
1
39
3
5
1
40
16
334
79
3
31
1
5
1
11
2
1
1
2
24
4
2
1
14
1
1
49
2
12
1
167
2
69
22
1
1
1
7
1
4
1
1
2
8
1
39
43
15
1
1
24
11
1
1
2
1
4
53
88
2
6
1
139
1
5
377
2
4
7
1
18
659
3
13
5
4
9
1
7
15
1
96
27
1
7
1232
1
1
1
16
14
2
3
85
1
1
6
62
4
1
619
8
1
1
1
1
24
5
2
12
1
2
1
6
1
1
14
3
1047
21
2
181
9
3
6
3
2
1
84
4
1
873
3
1
1
11
2
264
54
2
2
100
12
1
1
1
145
11
8
3
1
127
84
20
102
10
1
260
24
362
6
789
4
1
1
8
3
84
81
1
5
128
65
11
1
99
7
1367
1
1
32
18
25
3
3
47
2
10
1
1
1
1
39
1
1
1
21
10
1
50
10
111
62
20
52
1
1
2164
1
7
1
16
1
4
68
2
1
2
1
