100
307
781
613
462
303
38
51
308
236
134
90
1856
11
913
25
421
84
178
1363
1745
833
683
718
5904
42
500
181
2
275
240
1814
886
159
1677
34
1544
2069
1942
1768
2398
2529
44
11829
92
62
138
275
44
319
1134
1667
1120
493
53
469
286
1234
1071
1218
282
96
46
599
1165
907
773
23
406
4585
278
217
884
38
1880
244
23
39
42
3
1083
120
275
657
49
264
2910
645
157
647
306
208
558
15
1147
296
12
179
922
272
256
2747
166
168
752
467
308
863
1533
683
400
151
246
333
254
58
507
463
380
165
1508
37
321
46
370
345
102
1168
11
130
3137
47061
76
192
18
1403
67
1985
16
89
2655
102
898
250
32
303
46
472
78
390
4252
226
761
984
1558
363
1476
2000
797
237
8373
2706
99
2240
894
822
328
53
918
93
896
901
248
1771
1226
13
700
4581
49
1158
409
61
15
469
1038
1920
621
516
1090
88
734
1480
9
182
600
318
665
1144
1198
19
94
54
100
668
599
561
1033
388
1819
884
989
247
108
500
95
96
807
835
37
260
388
339
1377
171
3665
540
1014
2533
6
761
8
1407
2526
766
9
95
3
768
1592
583
191
223
3628
3748
5864
16773
2013
325
3127
1716
223
397
1539
5693
205
2691
1053
18
138
163
338
573
380
1150
867
1195
599
81
30
3974
62
913
7
49
2352
584
101
2378
152
406
8
406
559
138
40
167
662
831
721
151
7
468
381
3931
296
388
142
185
823
2304
574
288
627
254
226
990
4
1225
582
13418
285
933
957
1354
798
1539
900
2243
535
12
87
78
34
646
1442
121
2968
3947
1137
281
13
288
1586
219
2604
1236
577
1292
2102
178
2174
1121
1733
82
738
277
370
791
13
83
118
797
158
68
479
368
458
750
118
788
140
344
31
62
799
92
130
868
7110
661
69
208
173
107
33
414
786
2273
159
119
15
1026
1008
1154
1656
3305
30
2347
28
5691
121
3029
564
274
59
1877
1532
6563
324
337
1848
1179
2496
4640
603
525
120
2331
129
2677
589
515
117
4369
3870
762
420
40
224
65
2054
2116
48
690
335
2591
252
198
1348
90
18
1715
270
220
196
2327
34
129
306
10
412
424
1236
363
237
775
219
363
1607
321
1102
594
6231
1025
305
735
122
1098
54
3237
210
774
51
353
1382
237
686
1543
2562
4668
677
304
5125
14
1394
2134
2297
677
6988
778
2243
445
4210
139
98
26731
1098
302
943
28
1003
1256
2803
784
502
298
143
668
59
118
1074
477
190
639
843
2881
426
175
199
5
183
274
3925
3219
753
252
158
99
3913
16
546
580
37
207
530
238
288
626
501
1255
20
170
40
165
91
73
96
100
1585
86
209
1585
358
329
206
1530
1896
164
409
599
62
1931
280
431
337
148
104
235
2824
641
593
1472
1990
556
98
1415
2168
1753
895
582
991
1116
91
116
93
393
650
75
2009
319
487
903
256
121
535
799
5236
127
272
79
358
785
873
90
761
735
861
4938
1275
155
804
437
253
595
480
444
906
709
323
167
1322
297
1210
1078
360
354
93
116
58
2308
12739
83
331
299
322
698
186
4075
186
356
891
1785
148
862
1553
2452
34
488
963
572
1919
1478
1468
446
89
123
2103
1395
234
1385
14
13
442
248
917
2875
3406
9
2242
235
246
10830
373
1245
585
76
8992
1570
2607
642
642
5
176
319
4800
2684
1021
19965
407
115
8735
135
490
74
995
3283
5993
394
548
538
973
1272
289
879
303
103
433
126
547
624
164
81
178
1928
1928
434
413
546
802
754
1815
1412
715
236
2946
662
991
399
80
2019
93
476
157
1450
4390
107
2927
1022
169
1093
2498
133
481
40
68
109
762
2529
12261
530
718
8
3372
65
2414
57
744
416
384
364
2255
926
44
862
42
69
3182
240
204
9
440
448
253
106
1265
71
145
494
1627
1698
173
1207
853
8366
96
2944
423
1214
583
327
116
17
263
2201
718
55
188
88
152
44
42
160
227
163
263
7662
94
2379
5430
2355
1980
1181
398
5
55
6
233
1103
220
109
205
661
401
4496
8201
127
1378
1111
354
1079
302
215
307
160
195
136
1632
455
4640
2560
169
167
40
2670
711
2961
208
122
6161
4981
473
57
5225
280
824
213
401
176
1327
163
1292
996
864
79
227
1016
3841
1869
332
73
81
870
1372
101
176
296
627
80
123
29
1180
230
623
1949
367
473
6
101
138
47
147
338
36
113
90
4
2757
1767
1167
394
2543
19
362
612
3501
1461
2117
3186
127
1441
242
246
253
5324
475
102
2448
1364
1550
250
1385
1202
3071
2012
1007
3060
3316
374
714
4970
770
718
118
250
520
2936
5159
163
394
2539
118
321
1130
281
212
5
614
577
276
17308
216
333
1037
2590
461
124
1968
1153
77
80
1063
373
366
209
262
139
3546
62
1957
1139
747
3359
873
588
343
32
629
1431
1966
1846
323
1374
145
377
5586
381
33
181
1
519
1933
114
645
1919
2391
930
324
364
3089
2069
4595
264
1057
443
727
316
1928
2573
57
1574
1089
139
3345
1376
543
182
29
23
1171
2044
252
275
174
345
46
246
2644
1416
128
336
2206
838
2001
514
53
48
1211
785
5171
158
31
527
782
168
246
196
78
1287
1221
633
239
49
848
52
767
332
3909
139
35
47
813
359
1692
111
415
175
157
1584
87
79
891
224
312
138
609
57
380
6
17
58
487
51
617
275
2663
59
600
16
1460
26
2468
1154
333
111
668
157
25
302
546
459
697
1843
91
25
360
10
398
680
276
2576
869
258
435
708
280
815
472
2763
620
79
15
22
101
491
610
530
212
275
172
19
426
680
207
2657
243
659
91
1130
37
1482
495
463
1895
654
609
559
626
210
649
241
431
377
1249
233
97
1143
143
73
383
134
218
90
230
1228
1445
5
29
689
183
943
340
36
128
360
90
6
570
3553
263
136
24
2918
12
8
755
524
576
241
233
158
581
181
73
408
3
2434
1964
1225
256
86
2693
100
258
1129
1660
53
397
266
315
2319
880
39
150
1828
103
13062
1697
328
558
303
243
7
130
439
754
1355
22
356
3837
2213
2823
756
1421
70
2219
504
181
351
1839
693
3650
49
163
2567
3686
878
475
106
114
312
76
5437
351
391
718
7575
180
822
110
198
112
137
776
1476
4244
1178
526
1296
34
3763
413
19
36
1329
449
66
3647
461
1562
233
738
287
141
528
102
1157
644
1565
2170
4954
241
480
906
915
239
363
8223
610
477
604
33
191
106
957
1493
4584
10
358
74
3240
1399
1825
293
44
147
855
213
2359
1700
629
299
412
86
391
329
650
114
131
32
917
1508
773
1499
402
19
609
3602
15
1045
272
63
294
190
561
40
1904
2481
161
399
8165
132
190
186
752
218
95
1340
563
38
358
372
119
612
1088
26
413
67
1040
110
151
362
2838
2247
1514
89
235
78
649
159
166
2043
349
152
2142
1581
734
803
1651
1914
7491
2257
927
730
133
441
529
278
698
120
1785
2526
820
743
88
267
128
377
252
109
359
568
78
147
1686
850
1815
785
678
567
80
624
133
433
1815
38
259
88
92
82
5512
1204
334
1
10
833
128
14590
188
150
1354
229
188
1335
352
414
203
1431
729
1490
828
283
651
673
589
240
365
1731
733
3012
104
145
692
326
150
111
1898
669
24
210
214
533
1206
1243
154
861
332
1522
82
435
384
723
15626
330
2478
850
344
11480
405
630
531
193
558
276
422
1856
1075
23
35
877
739
797
113
43
1093
1190
192
936
1034
243
1746
156
499
3158
68
865
716
376
1120
139
255
1297
613
671
4775
1693
634
179
179
3539
605
18
1
1501
424
800
1475
613
3335
162
797
793
668
502
7
2290
310
1072
1330
1863
280
83
64
1002
93
375
988
158
6353
2125
183
177
5
108
1745
79
85
1940
30
1043
801
1969
117
863
94
1578
430
3952
138
615
190
659
289
67
5222
174
28
144
331
42
184
51
89
1085
159
234
242
2626
2003
356
218
932
71
253
167
128
361
837
516
2435
464
208
42
569
2039
407
1828
838
835
1
1323
935
1935
238
1283
27
1172
133
1871
635
307
103
90
2344
526
382
102
569
167
268
1053
1314
2605
597
97
43
226
2264
50
97
4978
1106
2007
220
187
279
693
543
197
2108
412
1272
1608
54
196
144
283
296
3809
852
1160
898
74
9708
247
281
109
286
896
8
1252
1451
80
294
27
1354
295
412
374
64
171
2063
82
781
227
162
92
443
178
3112
582
240
56
69
107
302
134
76
117
2247
816
1018
739
842
1777
31
2037
79
599
321
2586
37
552
2437
855
2009
1035
1725
1871
400
10
878
1720
40
1063
502
34
3347
90
694
223
831
1347
415
356
92
658
212
3901
110
39
987
720
1526
562
934
14
572
1048
185
951
1610
2580
26
77
1052
705
935
524
11
1597
691
89
8632
15
2827
65
677
50
3196
2280
3262
1253
1738
6828
1466
323
625
283
944
344
6
473
976
1600
101
594
110
46
1064
66
92
4374
589
136
6198
477
250
444
712
141
117
34
563
899
722
788
23
2184
199
152
5970
1087
1391
1244
1337
202
474
1360
262
1703
1774
69
2170
643
1260
132
160
2354
1522
420
211
646
1704
6605
1453
669
154
662
746
53
1085
431
32
345
296
196
1800
1527
199
544
741
1200
8
1112
159
168
283
7
231
1003
190
1578
427
117
25
393
21274
606
15770
46
326
170
422
60
189
2926
1808
134
15
140
4
31
3682
486
487
616
1007
349
2720
526
77
230
1104
39
3828
583
1024
1345
690
33
1594
320
167
203
529
4091
707
3214
284
507
1896
365
353
1684
268
308
206
53
3431
70
480
13
171
13
170
316
410
2837
319
2890
4487
2688
415
984
68
430
66
434
21
238
636
163
421
5317
1987
860
1093
8166
314
76
562
398
139
290
2192
150
87
192
103
1297
6590
380
32
12
345
2140
151
1144
636
791
1070
2706
148
65
409
581
212
793
1080
32
2810
1787
193
1206
165
144
128
2684
343
1181
109
990
1974
120
304
345
534
125
5112
153
155
696
165
5988
408
3237
649
557
2388
130
39
1174
1140
536
1827
735
1121
6
129
1435
1245
475
3216
17157
2222
1321
632
2651
423
95
489
880
5111
916
18104
31
197
835
1372
109
4543
6724
3101
787
222
1174
276
849
140
483
862
465
100
1165
40
485
2897
565
10
192
507
899
1068
1362
479
1921
1566
865
726
173
72
132
294
156
226
793
955
1857
297
201
1578
1168
675
1837
1752
1416
11
134
136
386
458
3027
842
255
374
189
141
6454
828
235
912
27
218
3711
59
6624
22
2755
2235
1645
3038
1724
204
90
347
347
579
462
13112
4977
142
1187
12538
112
7543
495
366
1169
32
2735
1030
309
1151
23
212
67
3069
957
1431
1506
837
705
1067
27
17
931
537
10088
1861
2457
1370
988
454
3459
555
2057
169
729
1004
989
507
1772
239
497
80
18
1224
808
22
296
105
226
31
359
2509
249
1448
701
260
191
6141
6358
553
159
308
4839
186
1020
246
403
418
1028
740
111
7
406
68
457
1057
35
1524
4213
4079
268
887
118
673
61
233
174
294
839
214
106
4202
433
1560
187
626
834
344
35
2401
159
458
3384
8742
593
4230
610
262
46
416
1204
366
134
118
237
904
8
212
30
512
872
153
165
158
39
482
1987
1395
208
183
5
4015
2486
48
81
172
406
52
1443
2232
788
378
129
70
219
636
119
195
136
12
302
1874
920
822
939
138
38
23
979
671
11366
846
191
490
278
190
592
168
2865
4
394
29
615
780
128
1450
6759
1448
105
166
465
877
113
20
934
1353
37
792
1424
724
1345
1517
617
4440
139
276
870
335
262
1192
1889
270
1825
287
5350
501
353
279
1335
666
844
2672
721
122
394
1816
509
46
177
636
1990
118
1
38
465
61
2545
161
117
353
131
1873
576
451
202
528
1476
192
198
3471
440
232
1445
236
36
447
525
1185
234
509
266
1209
15
142
12917
4641
5034
939
142
748
132
390
2925
92
160
1310
881
29
111
664
373
87
4668
80
428
1130
5002
111
715
86
2492
162
993
65
786
945
625
239
269
229
44
19
625
1840
296
82
517
792
879
112
601
5350
3734
641
321
1087
8050
30
1075
404
795
1898
12
5043
287
55
261
469
193
590
51
1341
1834
38
726
90
213
510
144
1078
91
1647
171
332
130
489
389
945
63
596
146
2804
1662
1108
57
128
1101
903
296
569
314
621
28
218
204
27
836
424
137
81
3726
65
41
1872
628
515
631
412
35
350
692
2034
484
230
60
208
308
240
7238
79
31
339
828
859
553
1236
404
281
1725
463
64
382
224
195
182
262
2290
68
49
304
1415
92
395
313
78
510
539
2756
30
261
181
38
36
812
621
369
350
59
1002
511
1132
1513
161
26
386
87
304
275
68
1834
186
867
1912
22
81
1854
1542
112
867
588
1065
119
37
4468
334
158
226
858
402
29
805
87
52
261
246
6794
90
113
816
110
357
158
701
754
407
118
1976
4265
31
79
82
389
159
897
2322
152
303
529
139
483
224
722
310
8
210
1073
104
222
1403
179
267
739
837
1809
224
552
285
109
78
304
97
3648
424
59
62
400
1534
1589
115
97
71
8
220
56
1208
118
365
1053
2530
369
29
394
884
377
206
1107
250
287
640
221
947
20
2240
51
1112
1036
222
952
1753
344
1999
911
310
11
18
446
522
105
730
412
1244
181
255
1171
53
217
1057
646
301
598
1352
145
37
444
170
1795
325
519
3925
1838
539
622
761
866
130
1133
2163
275
300
911
251
158
654
277
8035
3236
677
1106
479
469
573
138
73
517
23
1715
1439
799
224
1235
195
79
140
2059
384
6585
36
124
856
722
601
2058
2095
8451
2594
1819
1042
1904
875
83
1014
178
231
5312
907
1178
442
946
467
810
1019
1603
1166
689
1572
232
1709
1105
1201
34
16472
203
56
700
65
38
1178
304
1043
1254
363
1188
1667
408
1038
24
106
862
1817
1151
227
478
2335
468
39
146
185
240
88
117
3165
5812
943
1688
566
2809
175
612
120
1731
611
242
936
348
502
1835
2156
1241
262
400
3111
946
1410
287
2665
2076
28
2232
1353
276
872
654
1105
47
446
857
458
77
182
1109
254
99
166
1329
297
448
36
552
476
52
1473
117
640
555
44
198
1330
34
572
299
1205
1303
50
1083
7
162
76
145
794
76
32
487
2211
224
208
1441
751
425
55
2141
381
223
710
99
277
615
312
808
481
2390
781
40
782
530
84
37
1516
3997
1073
169
703
40
34
372
43
174
82
74
52
126
563
1358
447
517
400
738
80
594
10966
251
11
205
41
49
788
261
21
28
417
622
204
79
524
646
118
692
93
135
1839
1478
351
326
15
1728
699
1124
5740
129
4
180
67
105
787
1479
327
45
1
896
339
295
219
166
213
625
282
4577
289
59
573
91
1409
416
886
1863
3260
123
899
672
627
454
582
318
65
223
878
329
128
411
92
364
136
110
12
108
427
372
129
1460
636
901
1101
27
97
225
202
76
59
152
813
285
42
647
2495
160
312
220
736
1311
5
937
32
418
366
7348
2469
5
1124
37
50
397
436
210
741
208
423
32
931
430
295
253
2351
50
554
2789
1866
446
1445
237
192
73
194
525
734
361
44
228
1840
274
778
45
120
456
61
49
185
427
624
400
864
88
539
282
380
514
1679
273
604
1504
10
1490
203
2526
327
366
411
908
3993
3691
511
472
1266
223
313
1232
2694
1514
868
436
214
1238
1361
893
146
805
137
1495
3181
127
229
2683
103
223
330
144
793
209
249
1226
992
122
2459
16
311
7
1497
1178
44
961
91
1762
300
19
613
3575
477
380
33
1314
41
175
72
100
359
1656
146
36
97
70
52
590
390
198
554
124
466
259
680
28748
3498
4539
72
93
248
385
257
41
391
3228
23
2830
2663
449
532
2380
509
158
368
1489
1
13
1618
12
13
141
43
8
387
657
420
58
337
379
2958
75
915
1751
163
92
965
1397
269
542
154
71
1057
1
342
946
81
504
856
91
1364
235
124
522
736
1780
81
896
5
1083
702
685
1109
65
12
6209
2006
494
160
145
1095
723
1695
198
2826
2971
867
3219
448
228
458
1313
219
197
674
61
530
29
107
211
304
147
612
877
72
533
3946
976
506
1592
1200
345
93
734
961
885
508
2808
449
350
988
535
573
683
7
75
396
268
356
1087
10
1046
1134
132
870
45
798
1148
51
1097
4052
32
417
2418
385
536
269
2322
14
336
1874
217
1372
2184
1574
2616
364
911
403
465
528
3465
293
293
530
365
4223
37
318
1073
342
67
291
1577
3118
33
1032
1023
1691
794
3325
2581
5870
457
334
260
945
276
2272
591
320
557
187
264
101
425
1932
1
95
74
434
178
242
82
54
5185
11937
2453
781
3323
60
4186
325
116
134
142
1301
338
701
196
5361
93
236
15
69
2390
1365
119
2633
1225
393
114
375
569
302
1144
1095
921
243
474
130
345
172
975
26
578
146
3699
98
702
699
100
178
