38
1537
3305
7136
2238
1686
2992
2068
24
91
1901
193
72
1812
249
1421
52
43
55
3926
5264
10951
56
75
7317
60
145
2816
70
653
1683
1777
2656
39
4648
11042
2695
943
1
28
108
630
572
55
756
112
25
186
119
469
3844
4171
4417
13
202
41
1424
2931
3255
6866
785
551
358
6577
1
7962
365
17601
569
353
2513
5768
671
1026
36613
3543
14991
19991
57
3465
3321
3088
3642
397
87
1621
1034
1604
585
896
215
90
5499
4
125
7632
4744
1170
2321
38
6732
551
11351
18
1235
1016
832
3800
36
446
228
4353
2190
6563
798
6477
4082
3147
1916
9381
948
366
3352
1064
4270
107
334
2515
4392
2374
4544
255
1484
607
2868
18023
2600
5832
1704
6760
1597
676
539
73
2536
3
1362
5318
4741
815
42
45
9093
9197
3669
361
1837
2244
100
2650
4725
50
2696
202
78
2185
346
19
1818
244
1007
253
8702
995
335
5320
922
2275
824
718
10179
4201
1
2088
64
108
5569
2451
8000
9893
36
2914
3044
499
2124
772
4883
1659
478
6541
205
4701
370
4488
547
75
4724
2381
1203
1937
14648
104
1732
368
3633
925
1730
1176
47
67
82
64
7564
1985
551
167
7369
4107
12243
8302
131
1789
37
4143
3239
6084
4135
11
11348
2909
1985
34
1087
1764
252
618
312
691
8
3429
5008
2921
197
8183
2262
3365
1052
2928
3118
11401
5227
173
4020
2780
6386
5110
832
887
2473
43
3784
3154
5736
6816
146
15131
1394
1058
977
236
1932
16
4657
1846
8159
54
41
29
18129
8294
26761
10693
1265
2954
1475
6590
280
161
800
5048
1972
87
2113
5941
4515
173
11744
3377
10946
1786
4198
2218
965
6351
14066
3945
578
9383
10024
768
3422
2897
2490
2229
11036
372
1731
11202
8662
552
286
7443
55
395
1234
5665
1747
1669
430
11512
7497
449
1078
13466
8098
21605
1897
886
455
5455
4514
3658
2027
1516
4832
1893
259
2685
11
144
3036
3624
40274
6696
3959
77
1823
8142
1995
5388
93
4554
3465
2561
1253
4333
3096
852
136
338
20828
71
21
557
73
215
2995
877
116
169
3093
496
4531
4970
3472
10216
3004
20328
24
10767
6912
729
220
64
2034
324
9472
155
59
4226
3084
1179
702
5
450
91
4157
6838
989
4462
2514
248
1344
102
813
3866
2532
363
243
8914
2160
17817
1217
12927
83
757
39
4713
15602
1974
6167
102
5694
122
1266
8162
6194
2471
4631
6020
8015
22890
4058
89
11895
746
61434
3346
535
72
4270
491
334
5298
173
194
3565
2442
23826
276
999
794
4
108
2255
2492
3125
4738
271
11428
10271
2080
5185
108
3634
2586
913
575
19607
6100
16028
722
813
1188
11092
16283
2062
732
17080
7221
13521
4047
11553
5845
4075
3397
1034
8866
502
2767
136
34
4183
6564
552
18
29293
1584
477
1919
4781
52
261
14
110
3092
2927
16818
17692
2138
1865
6756
10632
12
81791
29697
4697
120
396
9101
14125
13338
5855
2934
7814
2146
2970
2362
26
1332
360
1145
268
2553
1369
2630
316
11546
286
117
717
171
2648
132
28316
573
652
6673
5556
62
7237
11255
778
527
123
4724
101
1595
12119
6404
3652
1554
8280
12762
12892
2065
2645
298
54
1578
10278
6991
4926
4828
21846
1033
73
1679
8036
2445
9354
457
7713
15127
3229
2172
65
2666
1952
4083
70
362
1991
10312
18215
80
1876
1977
4785
1391
3812
1750
100
6812
5427
4441
1325
4484
62
4784
1419
8408
17462
396
5636
215
833
5722
1900
24639
511
3240
473
3474
2146
2182
4992
827
29
3972
17386
1261
1195
11145
1310
3223
4239
4661
23123
3283
2980
9825
2357
3446
72490
5401
1484
33
2937
2368
15488
7058
6120
12325
37
1802
33410
10179
54
41
7004
33
3405
2153
28
321
4994
1296
5014
2378
1799
235
3555
1076
29
5991
4713
1692
515
78
212
25088
4156
14572
16344
26831
7499
232
22088
3438
146
75
48
571
24123
758
36
23167
2738
2697
333
2610
46
797
2907
74
10357
1475
2235
147
9225
3505
273
1476
3424
110
4140
2457
11116
6562
408
26667
5703
1741
665
2969
446
126
17203
761
2798
2272
13166
4156
410
265
41
8350
220
24647
18580
1703
845
5920
283
2266
4140
13875
3012
18818
9774
8167
1409
608
3919
4218
2558
375
99
1461
116
5061
2241
897
545
67
11128
8271
4703
1120
1133
88
2871
4613
1485
491
7076
985
246
100
4118
931
3537
13689
27
8096
288
1813
6591
2273
1348
480
5352
150
3979
302
3876
61
104
327
367
11149
6327
27532
4042
2237
2721
547
3544
64
6177
2494
5609
487
324
1904
8834
8443
1237
7312
5165
10501
8419
8402
157
5546
2703
2207
3113
4674
31
3479
10693
5076
2545
2521
1827
549
2439
1204
4155
9654
456
297
1335
1364
384
8925
52
71
1400
26
2293
77
2005
6567
1481
470
3575
175
2611
70
6615
9335
5155
13127
7117
5854
478
31
1
2281
805
61
2095
85
2362
483
6726
4759
495
20961
8696
5665
3406
14421
8949
4403
6315
2343
20454
4764
53
2283
6200
2437
47
1221
716
6916
9469
627
67
919
4360
2249
2060
347
1314
414
11461
4072
2266
35
129
3047
120
6762
592
4021
7016
12309
3035
2363
5459
387
47
661
2471
4739
2110
442
136
228
5798
8170
13379
2581
483
4582
6556
20155
4
2676
396
57
8741
1983
449
2587
553
3591
3561
2993
2121
5200
6061
175
4343
46
21600
1179
1382
4397
4139
986
22875
15302
244
1275
1381
11551
936
184
12638
11338
8396
14627
4222
5554
3652
390
892
352
467
10779
199
13002
1765
15372
6979
3734
1391
156
11101
5220
5504
1449
8111
4868
3686
2318
1901
11625
6237
4518
235
926
23
20173
6886
5990
417
712
3547
4498
3611
1433
378
10544
71
5556
8475
3342
342
848
105
277
358
37681
4924
1
3348
53
791
25402
1273
1531
1761
662
2870
117
8392
7134
3050
5342
10165
589
14934
5711
9561
4308
95
76
4990
126
2673
3198
4386
1037
6353
36
1073
1717
568
2303
8329
5407
3809
1805
280
2313
3962
11166
6317
2342
4856
35
1611
4176
3012
10157
47
2287
11440
3226
239
1691
2
348
1114
328
2022
2494
7690
210
720
8322
3171
4673
4048
2592
4174
6185
113
4
7533
38
44
6659
9037
2161
19309
3214
10085
266
69
1542
2527
7950
14997
1810
880
2863
2477
371
29
209
19116
67
46
7790
1748
167
1657
1860
1450
5344
82
349
508
21408
12026
163
1039
79
2516
17053
90
5135
3661
4313
3200
7783
5794
2287
231
2569
2
781
105
2233
6153
3657
1016
42
6859
43580
16028
106512
1070
4445
617
4206
5787
8989
2691
2442
1474
7649
38
4410
13
44
1628
63
4566
14
3216
231
8976
1643
1558
2455
18
4554
7053
2978
33
5005
204
2857
12274
5660
10103
337
9091
1
2896
208
3136
23
39
215
3055
1489
5664
2367
20
5100
7
597
4368
965
1318
28
2295
3503
2200
7227
4378
2542
3218
4318
1877
182
3592
1543
820
21617
2445
7359
527
2431
209
3337
10276
95
162
2107
1461
4583
5085
38
3114
198
481
107
7477
3374
4895
3844
2379
8603
6380
3374
3197
5043
5733
1561
1642
774
1525
2191
3432
109
325
23
3411
9006
4767
3498
343
953
1822
1304
2835
4063
431
263
339
2382
5672
4705
3928
3652
3190
1908
27
1
2481
9357
29
5315
2366
3684
5062
4573
218
3995
3635
7778
20711
1836
304
5044
18
1929
11084
4696
1946
376
691
9753
139
175
7694
25
5882
1056
3316
37
16913
21745
2682
84
958
19
4859
78
2385
13
98
5008
2175
4586
422
3821
1435
6663
1700
15971
325
69
5307
2643
5
679
34
61
3147
5031
10
246
1896
2169
5032
87
3393
11336
3131
1316
2025
21698
580
10118
1147
65
3069
4854
7471
1173
10187
7261
10279
1649
74
3236
1364
3471
2833
6245
8401
3707
7987
2723
203
588
8276
8037
51
820
1632
4400
526
9087
290
2960
3324
2483
672
6160
21
870
8646
487
986
2261
2617
4208
12
52
6255
2903
1317
1270
2667
2300
5785
57
3722
123
6550
8120
2371
1458
2447
3239
262
7531
9592
6785
3026
96
12061
2563
2813
2890
10559
3652
12952
199
12666
5293
3104
59
2132
280
4186
2201
46
313
14528
2817
300
1274
7090
1973
4206
9
81349
98
12391
1496
3816
7755
74
5941
371
7644
8810
4141
217
3420
304
11529
1962
594
3466
863
6252
2540
575
1106
21
857
4256
379
153
61
272
11480
4036
2814
32
7015
5672
2770
4427
2144
90
2816
3981
81
5833
5099
3364
1379
11662
3818
2507
8871
819
17698
4157
1715
1208
3402
41
1853
83
12289
5109
60
64
5533
2978
7987
489
1812
5244
2610
6633
3328
119
99
3308
2147
1301
21483
2442
2290
4287
113
3531
4729
2071
680
16639
7277
2435
1400
1050
19
3512
2282
3263
5138
6711
1335
6963
6192
7993
141
45
8049
1
4957
882
2971
4332
4300
1534
44
2998
72
14137
1029
4183
2426
7176
48
3996
8190
60
4186
1148
45
179
1154
11711
2284
228
3703
2642
4319
11531
66
12659
15489
2478
2267
1254
2390
188
2008
2368
1475
3006
3699
373
15446
2264
1033
4457
4021
2485
60
1956
6645
25706
1976
1046
3239
2785
142
376
621
4842
4951
5211
4371
2
133
2688
49116
4698
679
430
6649
2423
2
4153
11513
6567
11915
49
1621
28698
27
26
229
5846
10
9755
208
29
3017
4411
195
1548
6328
52187
2752
2253
5938
2763
360
2376
4064
3357
417
7901
25582
18164
2930
4958
4559
17
3305
787
2145
8159
827
13179
23839
1524
260
21428
1562
2880
883
8699
9576
2689
15099
10447
835
195
67
4235
141
4830
117
312
2672
5134
18625
4805
41774
5941
6049
280
5322
3129
3005
12471
47
1747
856
3377
658
4498
1
5227
635
3070
626
2950
1
587
4878
299
3156
6642
2543
3240
12929
168
630
16149
2803
827
8139
2620
5535
3109
1753
505
10653
3048
1335
15869
3317
2144
4953
53
4090
2221
13815
51
8445
6586
1542
1263
1182
3091
8368
12849
3578
5315
4913
1587
2047
25
6354
275
144
11004
1828
6174
1494
16216
283
6067
4202
254
7355
7568
689
16110
4211
3570
2165
3781
1
62
92
551
16669
67
16
7061
1953
5006
49
208
9656
3128
3744
428
797
10985
4525
8590
2228
263
38
3306
1322
10894
47
1677
263
340
1938
23
2788
1210
1021
29
61
171
1116
8437
877
635
2602
6017
2530
13372
3136
160
13300
5458
255
4137
1874
653
1545
2871
6162
13137
16954
665
37
1
5043
78
3962
124
6100
4620
189
3123
3059
10903
2990
49
1681
749
20
98
3290
271
3054
22665
5257
6836
2983
4978
3939
1482
3675
363
2362
877
403
5847
10410
6433
84
5468
5530
4642
283
1766
404
873
1666
313
1433
34
13729
66
2559
397
53
7827
2256
5387
13410
124
352
162
2843
152
2973
9337
5156
12
54
7684
4284
4933
1708
318
3914
250
3946
1418
2754
53
2218
117
766
4419
11049
6091
2
3783
614
127
646
22154
8360
21719
41
1346
3601
4290
28168
11817
12119
1497
25051
2055
1525
410
19814
2963
6207
858
635
188
263
443
4898
10689
921
3686
2159
98
482
1234
3973
277
2296
2894
516
4
401
4869
683
1332
25391
2206
3148
192
4817
94
1438
677
426
5799
209
6231
5123
88
11289
3566
16129
5186
15805
393
33
14332
512
2009
64
581
129
525
14942
783
10579
404
8963
3449
1380
3205
2840
1056
64
4572
2567
7193
851
902
9879
127
4971
256
2513
6006
134
1260
94
1531
3730
3240
56771
6706
5783
474
22701
1125
2148
310
82
8456
3413
66
3946
3079
98
27
13847
117
3435
111
2605
94
1284
3255
8274
198
230
10581
82
615
17078
1484
18984
323
9144
8846
11915
11925
3644
5752
11
1132
703
46
723
3423
108
78
3486
16385
105
1325
2704
2014
404
23430
5549
478
2137
5070
256
345
1896
7257
27
22857
23534
6653
986
14046
104
134
15557
5452
1112
3414
709
1506
4085
971
20289
3768
6823
8352
228
10546
358
3803
8613
11777
4037
68
3333
636
4873
2128
8027
20
2999
34
2520
8150
3826
1808
1658
396
250
805
4344
2383
200
5016
2450
164
311
1619
810
12201
4531
7145
4328
530
452
3837
4480
3500
1482
12592
2609
3221
16752
9251
87
1838
105
10169
2177
16771
20433
27539
485
7697
3729
676
11050
3385
2262
3298
1770
5015
8080
5748
1788
19643
10000
197
5278
57
5241
7181
1688
6437
4721
918
735
9723
14
7296
1804
4128
897
2484
1512
11711
1921
326
3438
129
7781
5076
12178
234
9941
1200
2546
464
4237
5391
1784
139
2
891
41
1463
2043
911
9688
3498
3768
565
1722
1399
1544
5356
2404
22984
34126
277
18968
1219
8282
456
11120
22059
15326
502
1110
442
4400
4855
1475
208
152
18508
5289
5
2154
100
3460
3822
193
293
115
13249
845
23962
6357
3142
1956
635
3711
1687
618
2723
2052
3306
298
690
4404
897
3917
2105
300
7432
62
3877
19458
1473
3459
346
3282
3961
98
922
22483
1175
73
30
3964
879
130
5447
125
52
329
2166
39
107
2020
167
4780
11554
2416
5808
7011
190
5756
903
3802
219
4548
628
54
1463
10511
13637
4397
4178
6703
5048
9372
16628
43
14759
94
355
1880
6003
6948
167
6
1093
903
3568
4169
2123
6696
8438
16317
27521
1324
7747
11573
6393
1387
2754
1169
8724
754
5513
6868
76
3323
2801
1211
190
21511
1414
2945
583
1686
538
4960
14085
3529
363
936
1048
19775
6742
541
61
4366
4933
4600
156
10077
6702
2117
2958
1604
715
5343
3106
86
12000
548
1349
20329
4330
2948
1003
2326
4777
1978
10173
3292
758
7291
1208
479
285
80
205
1
36
59
17
23
3378
279
59
101
8685
1105
3457
2441
3426
803
876
131
1288
1019
1043
8091
3626
7840
7274
2636
4043
15047
4584
429
3770
229
28
3747
2041
18574
1301
250
1427
5601
8791
4980
10326
694
4788
3191
467
5186
7525
6170
5726
9874
10180
3138
46
11
2230
26
15
1189
8200
105
7756
4217
3073
333
2114
6736
29
1004
6189
192
68
27
431
36777
43
3042
1237
5278
3718
5198
138
11093
1015
169
58
4343
2091
246
721
3906
92
699
4167
26
12286
13843
653
12455
2348
2744
3725
394
2814
1264
41672
5745
8767
5931
12708
360
197
4814
7436
3505
10590
6753
4281
8885
3822
7681
11089
109
6793
17050
3092
2509
7569
2601
15
6294
648
293
2910
4322
3760
2062
22
4153
205
619
6970
2999
3237
18
2858
987
39
3028
1132
940
7395
8551
82655
5232
8479
8714
11311
71
2429
10004
1463
40
849
10877
7802
2856
2886
1660
13326
2885
6245
170
1047
2969
9047
1217
6028
13945
2170
6539
2454
2709
40
1111
490
2696
111
1419
9983
6650
711
6982
120
370
64
3063
1007
35
5979
12770
2422
6456
64
3684
200
719
1350
46
366
11868
6870
2772
571
2856
1492
155
21285
7453
5304
2675
274
644
2932
820
287
4338
3850
9318
3333
703
573
3477
1233
2908
11
387
3311
117
11820
12536
2661
5798
6324
121
584
2987
1592
272
8394
9444
186
4021
2874
135
9
6
291
439
3521
9049
4230
388
135
2862
464
373
11757
112
3569
893
111
502
4152
1057
1693
2388
21454
1123
1088
3379
3957
9040
80
11427
4493
12439
4947
2104
1893
5844
6049
820
2634
19691
47
2269
1824
1724
8989
340
8950
4671
369
18091
363
936
7487
879
5808
748
5744
71
2214
123
629
40
404
914
2032
2161
2156
4892
503
41
11
3689
1500
2808
34
3774
3737
39
28186
2782
3193
10
6697
284
353
252
2588
47
3617
132
137
1
12400
388
117
399
7528
328
3063
7352
6594
3722
285
332
8922
3505
11
26
379
2315
421
225
814
123
485
3831
287
393
377
330
1227
584
1
1575
188
3366
4380
7430
2599
983
3674
5521
89
9335
3399
1
6080
1947
297
1054
14523
9519
1938
6894
6761
1
345
303
5607
45
105
855
1747
2622
1700
395
4971
2776
155
2785
123
1638
9
2016
11658
12743
2755
2299
1119
4954
1913
3056
941
1292
60
2626
33
2608
4078
8308
3070
11060
13786
7919
5638
4686
35
297
150
5153
4450
294
11
3858
1626
13808
1188
5079
4563
2210
4234
2609
6194
10693
1349
3445
5007
605
18800
22679
38
276
1160
6423
142
257
25055
4331
271
551
145
502
33
5213
13323
67
11063
1615
5069
2653
2301
943
1370
2431
1916
4380
774
882
551
8868
83
1174
15481
1939
94
20240
3528
16510
12496
270
2989
5459
467
7532
103
2692
2826
79
2861
12124
1
3887
237
18
1930
4755
11789
231
5949
285
1359
2619
21
13
633
103
4298
4383
53
7797
118
175
937
3886
2793
983
402
163
10427
43
2960
10498
7178
3726
5285
115
2100
28
37
4027
4947
1519
968
3363
466
7284
16264
3660
26
58
176
160
2975
1967
3401
2521
1285
13048
4240
1775
7988
2572
1052
24
290
4770
6718
420
412
504
301
6165
2011
7013
2053
2917
2480
509
27
10355
864
2411
9814
944
42811
12374
115
13405
3985
556
18973
6748
2790
732
4218
10
1035
4758
50
2726
19
1425
4222
1738
5288
143
126
183
1963
311
685
99
393
9
41
14344
2908
3573
10313
488
228
451
2616
731
1
28439
13446
101
9696
689
24
974
8406
432
17792
4524
2658
7199
9701
2116
2379
210
253
27129
523
11532
2628
7331
79
14175
528
12719
26901
4377
12
754
4803
252
25231
1952
3214
128
15
13753
272
1849
56
2375
12169
463
25861
3205
22714
2066
13064
12106
655
748
38
17307
47
176
7587
6954
210
6702
5485
4078
2455
4412
3685
12546
215
1656
25
95
4786
8482
6207
1755
213
706
2068
9581
7253
759
5967
194
7825
71
2265
3128
8302
171
2462
527
335
163
3
4743
147
1630
5253
3853
2894
3517
23438
4879
78
4392
464
698
5489
7579
6659
988
373
2844
1034
133
2644
310
8777
10651
2448
8370
2169
893
2965
10730
1553
8415
1427
16724
19189
19916
1988
2165
5113
3059
848
11435
40
23
4809
4829
227
201
2031
196
327
2220
1335
1127
6617
4145
26
2364
8184
1301
9529
21581
21667
4855
76
7372
5677
4828
780
6368
709
12858
11589
332
13704
372
602
491
12510
302
20848
3591
216
359
747
8534
4393
5391
8852
1585
103
33639
49009
11153
17743
43285
21
1300
27720
5322
65
1277
6424
14576
219
4015
1068
3306
4882
1439
4009
5203
1828
790
8875
402
6653
5802
568
3086
1354
42750
3487
1835
10
11288
298
73
39
1791
17002
118
16505
4809
3439
1
10963
6309
255
2102
123
3079
2
471
155
19363
681
275
3375
6142
2100
29
16448
3130
5574
26
140
80
387
2933
75
185
2806
198
4748
157
37
165
15
6040
7173
1869
34
249
27
205
62
533
159
23984
705
175
1755
14020
1385
9640
61221
15866
175
3876
998
4687
11218
74
7917
1552
100
11166
92
1186
4968
7588
9156
56
3519
121
6664
11665
66
2875
3002
10865
9038
5848
124
189
262
513
1831
3672
9847
3514
4161
93
4115
5515
1503
7065
242
2524
168
1259
3826
1356
6650
14821
4252
954
733
2553
8731
2296
11
4803
16769
1412
3291
811
2201
92
2654
8318
5948
2384
2892
4198
42
557
1457
1478
4825
523
1912
170
3583
7903
1353
11
2333
3869
8088
8385
4029
3686
3865
2820
105
51
7766
8339
1621
1286
6426
11425
323
510
58
4772
3421
475
8740
19260
7874
6715
103
57
2692
4781
4814
939
1670
503
64
3123
4488
30410
15416
465
842
10256
1043
834
6533
1484
1746
3193
8592
2583
5258
13394
1689
2281
142
79
51
4469
35
949
30453
4347
116
6617
300
30
1
6698
14197
5572
60
8898
92
7011
96
3792
8227
3032
18769
1776
3197
9663
165
121
7550
33
3595
1225
730
60
2801
34
4724
145
5655
2769
2221
6206
84
2496
22
10446
6766
858
48
3832
13072
1710
53
5212
85
2378
2767
19389
8912
58
3551
87
6008
1311
9133
15165
80
20
3923
6191
11597
21
4483
1319
4674
523
9883
12797
20576
5016
9654
4516
352
67
20050
2257
132
312
1341
6646
292
2227
254
27
355
643
264
1
3830
51
44
7506
2704
88
45
19455
563
391
7367
25
1487
