9
14
1
1258
17
350
305
122
63
5515
46
280
118
299
43
498
377
143
38
120
524
352
229
155
151
154
45
374
38
131
405
280
17
276
127
86
157
105
183
4
22
583
81
59
301
278
99
363
510
1
709
181
148
52
362
71
90
103
95
348
75
85
8
80
74
74
127
248
420
130
44
860
86
89
126
12
4
50
1253
44
164
272
487
137
90
393
38
61
94
130
379
477
119
451
10
160
123
64
213
550
162
61
93
235
129
347
101
863
210
92
884
78
2275
52
6
149
557
810
395
148
261
133
304
89
127
191
396
403
63
168
48
12
111
165
563
428
164
164
132
32
114
707
315
624
90
320
30
336
36
1
218
143
46
1475
251
109
198
361
40
408
48
652
481
9
196
315
19
123
367
230
6
788
379
77
357
118
231
347
81
55
523
124
2866
104
163
85
24
622
183
84
278
192
336
139
156
64
21
1263
553
157
243
351
122
363
603
551
92
71
280
288
476
73
79
717
106
21
244
654
674
427
61
221
155
251
73
160
336
126
1
251
95
15
407
168
196
277
132
32
170
230
322
132
435
315
64
683
108
217
23
46
53
310
26
22
214
75
252
153
26
113
112
610
193
68
257
100
322
3
311
119
30
59
411
318
304
247
127
322
647
148
192
375
279
266
97
251
952
614
242
2
55
54
1167
149
370
275
280
96
514
217
97
220
289
40
8
427
121
451
42
584
84
43
41
259
312
430
57
161
37
91
12
26
3
2745
216
327
133
65
59
67
430
361
424
522
658
138
306
81
321
319
151
16
300
39
5
59
306
125
577
275
987
99
32
260
305
45
3
282
171
72
81
79
594
350
456
115
499
371
72
176
757
94
122
121
235
283
281
1068
328
337
127
1103
406
320
64
321
17
306
676
162
161
240
191
278
577
196
9
11
377
348
321
1054
54
758
39
24
190
163
43
5
1340
27
54
94
166
26
125
96
83
117
353
182
764
465
419
6
254
53
103
616
367
243
152
310
134
141
91
318
380
241
147
251
6
48
97
146
96
97
128
145
21
91
372
265
225
24
249
1
302
1997
205
36
702
177
128
461
13
295
100
572
264
252
357
44
513
89
51
263
638
732
231
339
274
954
178
23
15
14
442
134
109
1942
315
5
11
359
68
135
299
292
277
227
400
402
78
122
190
143
962
222
23
242
225
3502
1140
293
131
139
51
135
424
423
328
147
127
309
422
61
280
54
242
110
35
384
12
1220
33
156
42
336
428
254
121
339
156
765
192
35
397
41
250
1204
278
89
264
718
131
42
36
289
233
115
63
73
107
114
20
151
728
46
13
89
735
617
27
120
15
1762
459
1300
519
20
117
5
177
324
823
39
402
328
496
96
960
356
39
498
518
345
5
111
61
784
111
92
82
162
35
27
128
566
90
211
435
752
35
83
301
412
91
216
89
276
45
17
33
245
256
123
197
496
111
39
361
249
19
37
290
78
91
485
135
760
151
109
754
60
272
282
138
60
417
275
25
436
261
427
175
166
164
417
99
344
92
108
82
27
275
629
13
281
341
658
467
39
184
98
16
109
129
282
351
120
141
293
28
450
57
262
18
23
123
21
56
332
16
341
155
156
195
341
35
82
582
11
27
488
248
24
25
51
210
59
1075
312
57
139
476
399
229
323
490
320
440
287
192
47
23
392
26
123
217
710
65
39
355
603
739
512
132
377
116
48
59
48
192
237
204
52
251
232
444
220
1016
510
18
86
95
365
22
140
364
377
52
152
1274
48
114
300
419
269
590
207
258
9
59
186
1
1417
415
125
265
292
484
315
108
58
616
11
134
2104
254
533
611
438
45
225
187
148
223
1022
614
226
153
144
400
427
158
90
489
403
256
150
72
73
12
265
114
986
201
9
43
8
747
114
12
12
150
783
57
18
140
141
334
43
282
72
249
485
1
144
147
20
245
207
175
74
710
81
137
191
23
30
17
101
291
344
35
358
3154
100
1147
39
8
179
15
51
313
263
39
90
32
492
34
171
97
113
64
33
27
125
433
168
181
217
49
254
91
56
28
316
1324
423
1
442
42
237
271
606
554
1119
262
5
14
933
168
338
541
545
19
269
11
73
88
84
7
547
30
208
250
150
152
89
731
1517
1556
196
815
345
531
364
20
48
73
81
234
217
518
73
15
288
251
452
288
56
290
609
290
480
86
142
502
310
44
320
20
688
271
342
150
118
486
851
54
841
328
210
326
183
16
372
541
145
277
462
59
154
1639
202
108
44
123
125
429
356
238
262
310
258
1176
99
266
470
542
75
158
278
294
