127
299
18
7
109
401
35
176
289
40
245
116
48
42
185
242
79
34
1
55
1
525
11
8
472
584
507
78
167
382
1127
28
1678
578
463
110
446
80
205
41
235
697
55
343
71
7
3
192
28
100
407
345
579
204
32
785
113
216
879
54
64
119
51
30
24
29
10
17
33
123
168
45
384
214
6
1275
9
462
70
99
104
344
188
292
68
302
118
35
37
24
88
75
65
74
157
703
1214
519
458
245
111
181
13
249
1789
260
425
460
552
37
135
174
264
171
102
251
17
1691
73
58
27
106
390
108
45
10
683
109
539
161
392
320
128
355
90
377
815
293
341
21
245
50
406
89
414
508
102
408
294
71
83
5
7
118
15
807
103
27
586
1370
112
41
20
102
577
155
387
852
161
121
810
77
1
70
95
110
203
211
435
332
432
529
243
239
47
70
872
62
448
831
454
428
38
179
1436
158
47
86
584
265
93
1256
28
46
286
21
60
275
208
19
107
361
242
32
71
57
56
156
219
140
215
90
159
4
26
95
29
108
74
305
450
350
82
49
2
538
35
430
193
83
120
22
630
529
69
227
110
49
106
64
439
65
114
32
14
116
56
79
808
353
172
56
431
936
287
332
243
67
64
149
17
494
73
578
22
147
101
305
160
100
90
365
117
476
7
491
247
73
220
115
180
42
139
516
748
212
62
616
1
45
81
165
49
209
22
44
441
680
276
252
28
685
51
469
723
183
690
161
344
642
29
16
54
279
7
364
153
338
748
272
1123
581
42
126
40
250
284
155
31
424
24
31
5
562
103
66
19
32
118
69
295
58
246
328
386
296
56
673
93
356
146
174
217
65
97
15
18
20
47
281
61
155
39
40
215
348
19
232
9
33
67
423
162
49
408
32
70
92
402
193
166
1820
465
254
305
266
33
28
111
37
37
913
191
117
218
3
379
309
68
869
59
217
18774
51
704
208
111
9
36
221
165
383
481
37
52
397
66
88
250
218
43
49
336
312
229
116
262
1334
57
413
237
115
2044
932
27
315
52
237
21
474
343
95
1050
251
242
57
52
125
147
311
27
90
189
926
22
24
193
6
266
269
11
264
67
1129
167
51
125
41
421
481
59
86
219
480
356
157
1298
731
176
126
947
187
58
49
171
1524
3
77
267
65
395
117
155
93
1426
63
118
36
357
356
421
341
349
101
4
382
441
940
145
115
278
57
933
117
441
218
246
45
112
308
216
24
580
272
166
315
295
1002
380
462
380
167
2451
79
1145
394
805
231
260
28
371
474
277
50
361
148
46
661
245
1179
170
1006
566
41
353
117
90
380
192
587
58
260
249
21
237
106
589
90
710
133
69
74
1
23
164
54
10
452
75
120
55
97
457
207
111
356
29
27
230
35
320
7
364
908
145
12
29
192
949
85
648
70
101
43
54
71
939
69
369
67
442
1182
588
419
69
1794
162
138
913
39
121
986
297
333
22
487
383
689
28
519
182
717
1052
760
329
22
18
311
53
592
194
201
33
42
47
148
151
191
49
9
18
219
188
392
54
223
258
25
141
418
62
197
45
102
448
211
134
640
44
292
127
79
250
330
458
141
1439
706
49
2059
214
47
42
249
896
18
244
224
1318
58
108
78
281
54
294
36
113
368
293
12
68
271
738
642
372
356
643
173
50
6
645
382
71
26
70
22
755
8
292
310
471
128
97
79
1068
553
50
495
63
14
12
205
622
9
183
173
144
37
9
23
126
996
163
103
48
736
369
1278
5
137
843
76
39
346
196
30
534
306
195
755
130
572
370
580
23
288
4
262
320
357
96
631
1639
245
481
106
104
67
68
50
1
175
451
1036
21
753
149
281
140
813
1323
139
253
684
79
124
624
22
32
71
33
1620
114
27
62
417
380
74
11
65
203
111
1930
15
295
77
45
14
409
67
442
1297
147
218
492
369
483
142
677
180
70
155
218
40
165
688
208
50
82
1491
51
27
6
68
530
78
227
828
26
1064
726
14
318
134
10
65
113
101
57
243
167
311
1475
124
27
30
582
870
7
2069
150
203
358
198
30
57
129
278
320
90
345
829
56
900
122
96
224
57
455
365
2
366
80
1237
885
938
188
398
227
248
190
2936
15
1079
637
1060
673
608
412
357
1487
269
620
601
17
52
323
221
27
40
888
65
503
114
71
55
981
1166
43
19
58
369
187
346
234
159
51
27
80
756
2
277
138
44
39
10
76
396
57
7
142
196
304
338
259
518
8
984
214
309
32
279
440
398
12
43
121
11
8
173
96
79
90
115
651
72
206
109
357
111
239
267
344
177
74
89
643
361
364
23
114
111
181
268
54
453
188
1054
256
759
101
134
31
338
65
182
842
53
2966
45
48
152
13
611
724
443
1782
122
1781
98
535
560
106
1
13
605
141
822
47
249
124
159
1355
59
125
49
674
285
82
73
750
275
262
172
372
736
246
382
81
88
26
373
308
1278
403
649
1077
94
296
66
174
130
10
593
57
172
100
44
118
52
237
59
84
250
71
56
475
1091
300
11
556
1452
422
10
12
94
1814
152
334
111
695
373
123
1399
250
273
191
391
221
100
12
334
287
3757
169
245
339
1167
134
19
583
310
350
845
38
161
79
1
5
101
2074
891
95
284
230
237
30
658
789
89
55
151
7
83
157
374
338
82
548
606
67
65
1852
84
33
253
4247
696
157
54
165
142
410
65
109
86
62
813
408
28
2766
200
298
368
567
217
27
119
158
248
244
13
248
58
56
2432
68
21
36
277
318
100
30
1142
1455
403
237
172
239
537
1328
87
1
566
539
365
37
285
145
203
128
7
14
63
35
81
85
445
148
380
333
355
127
221
52
494
551
9
204
9
225
70
330
55
55
17
68
27
690
622
93
63
402
86
121
282
484
59
960
1030
55
2176
403
421
1712
250
170
1083
166
921
19
1166
402
10
63
17
443
1174
9839
287
425
57
55
99
145
234
331
897
590
503
76
66
75
749
139
10338
654
60
217
11
200
207
119
18
182
8
194
146
1092
38
231
28
485
203
250
5
481
265
327
311
62
169
65
296
478
390
271
157
129
569
723
33
59
750
148
139
376
145
80
53
339
217
118
184
83
2969
1120
546
922
38
539
472
368
10
8
322
454
195
46
453
40
155
332
207
256
168
196
26
227
232
18
363
48
142
898
70
418
94
461
388
362
109
327
110
343
115
1288
262
221
623
8
14
49
287
69
193
267
320
199
1789
614
657
156
15
273
4
224
505
1181
118
43
39
237
697
100
68
658
40
8877
788
102
2357
157
265
10
351
240
120
111
23
403
44
43
485
177
1319
67
105
68
576
343
399
317
135
539
67
52
141
111
23
152
910
414
1601
128
292
569
785
37
108
60
67
287
343
186
202
55
898
55
201
20
544
572
123
19
351
106
546
138
77
140
488
34
1
11
15
460
506
151
384
56
125
516
40
55
320
20
187
716
432
120
103
70
135
150
35
49
381
32
102
9
51
16
231
383
285
8
439
3
235
347
562
8
10
99
356
1405
33
10
71
276
944
37
529
133
93
169
1
98
32
207
133
186
279
12
194
608
56
27
759
217
13
10
99
299
52
111
107
44
128
239
215
52
401
28
504
15
85
308
902
468
54
15
457
745
310
362
119
409
183
186
164
16
235
30
145
240
14657
200
119
1846
208
273
80
308
147
72
7
57
115
568
60
364
736
1
43
1062
1078
5
53
103
682
270
59
272
215
67
7
32
132
2522
80
10
21
83
154
20
21
402
213
6
18
29
333
139
7
60
421
165
180
768
35
67
75
409
103
514
167
191
95
25
179
168
252
6
147
97
187
186
98
96
99
13
281
115
299
134
36
82
6
543
137
494
46
507
339
129
183
73
52
21
278
64
132
433
51
2
158
355
73
131
206
248
80
25
71
22
660
37
87
207
99
13
267
105
169
14
182
1160
292
105
270
129
48
392
126
79
34
902
107
113
222
102
7
280
35
110
494
314
1156
28
85
133
281
110
48
237
105
212
553
338
160
188
401
26
217
68
1044
274
853
272
458
109
87
17
12
227
154
756
74
426
32
81
47
195
188
137
56
102
59
10
12
208
111
192
308
273
162
482
1709
402
1109
36
175
301
691
114
262
40
333
217
152
476
181
15
489
157
105
102
76
128
110
26
54
125
368
72
481
333
256
40
161
275
75
28
42
646
228
139
1216
748
315
87
12
330
112
1322
554
9
45
484
184
56
32
3
21
9
61
88
420
135
146
181
11
10
29
65
12
526
77
39
601
262
407
19
235
36
3
85
306
586
366
174
205
503
311
49
73
30
39
176
126
316
350
31
32
80
212
20
13
210
239
220
600
372
125
95
80
16
132
400
97
159
214
45
158
16
484
1279
173
725
63
35
35
105
200
358
1033
177
205
131
347
233
145
361
196
569
37
24
721
180
180
20
90
15
753
121
38
110
9
48
65
62
639
134
86
8
20
207
623
392
187
163
376
40
47
301
1
228
1007
126
43
468
252
823
394
19
8
159
1165
6
1303
277
9
315
42
42
79
212
328
139
224
111
33
57
72
233
162
10
29
605
237
22
424
64
124
107
1043
16
240
398
434
54
89
23
172
29
184
26
1796
104
13
143
108
303
50
175
577
731
166
137
143
71
839
1251
19
308
64
1103
396
92
51
259
23
19
70
649
172
1550
622
222
315
150
34
37
121
1
38
114
173
29
330
237
105
184
156
219
662
504
1
105
163
1247
1466
12
324
279
151
53
579
87
386
151
672
1094
88
65
98
233
260
74
358
25
27
15
688
259
64
254
503
1756
106
345
312
62
347
18
461
24
173
238
375
41
389
398
29
16
17
12
29
54
305
82
102
32
128
22
143
245
502
170
203
106
1893
110
787
166
76
468
120
39
551
289
321
133
175
418
550
31
1
589
283
101
27
97
1143
99
34
51
250
14
12
245
68
30
721
21
66
391
41
128
319
40
508
104
100
236
343
113
265
727
2462
71
391
32
142
218
92
387
49
461
409
548
22
82
57
78
242
873
26
56
180
18
59
204
2008
331
142
15
818
267
18
125
48
39
400
133
64
44
55
225
256
383
865
3026
298
270
490
292
125
287
151
90
140
310
2
333
130
19
86
593
134
75
13
1237
56
34
60
35
79
439
485
83
105
276
190
101
108
306
393
164
13
316
19
186
91
280
6
312
178
88
103
24
116
1295
323
925
32
137
32
660
542
23
32
18
74
456
120
254
255
110
354
34
248
83
120
772
49
162
76
244
942
196
132
312
169
12
11
431
429
175
139
567
1
225
214
879
75
154
1217
1
333
253
351
341
44
61
525
455
30
478
54
190
237
479
534
405
117
421
108
377
735
225
458
93
469
724
5
140
883
539
164
424
18
25
19
104
261
440
1895
299
773
306
218
48
464
10
305
71
165
727
194
127
548
44
182
57
1004
9
462
9
386
1446
1080
402
582
1051
816
605
448
165
175
653
286
146
292
304
26
159
473
11
302
32
377
677
877
309
81
308
553
1
344
102
1
736
566
1
268
514
210
274
52
243
10
195
95
87
167
32
204
84
56
118
575
89
45
34
106
312
1021
18
154
128
473
34
361
73
104
378
29
40
36
168
85
531
201
107
14
419
13
583
240
151
71
864
271
46
51
1001
176
129
266
753
315
644
269
231
446
20
8
244
284
16
4
140
557
327
69
484
497
170
67
352
228
95
586
291
220
17
334
228
227
262
123
336
517
89
321
43
352
42
110
235
8
25
29
90
402
49
287
119
129
11
628
140
85
41
148
23
577
75
9
691
98
1
87
730
244
75
191
388
492
1152
278
186
123
455
36
71
341
200
99
207
640
256
105
27
382
89
298
14
21
41
44
334
16
911
189
36
197
288
51
349
15
210
353
114
8
376
169
124
443
94
47
109
73
245
126
169
245
4
35
194
62
1
199
56
21
851
51
360
3
107
150
132
369
52
487
5073
46
343
58
116
115
183
40
172
65
452
384
47
43
354
76
258
41
18
150
71
28
18
260
25
57
254
177
400
744
188
551
1279
82
2879
245
292
357
1024
136
26
73
152
884
76
552
66
149
81
86
259
3
96
185
10
13
311
393
14
5
112
315
175
261
99
4
16
223
48
854
23
79
40
123
297
25
389
81
21
482
199
29
187
134
262
21
615
937
51
318
476
57
348
678
22
16
27
83
288
24
21
36
686
241
268
147
264
73
482
11
113
309
50
39
13
324
51
52
510
360
67
531
99
21
26
109
75
744
18
71
626
12
1
258
144
142
500
271
12
1141
149
18
11
13
101
457
85
99
107
218
368
41
261
710
506
77
322
50
615
820
34
28
1
272
27
174
1260
10
39
20
318
8
220
120
373
38
286
10
45
4
113
287
29
79
79
94
56
27
6
103
359
106
630
178
59
69
1890
25
42
29
318
187
1
235
124
666
119
129
561
62
105
271
140
25
163
7
98
668
330
203
494
53
461
1331
10
152
251
865
231
1486
36
233
564
287
66
457
72
358
10
42
146
8
289
1153
498
116
414
158
83
38
12
507
106
392
23
144
19
51
251
26
21
87
117
59
4
660
17
1023
278
339
29
143
488
26
51
55
903
270
192
499
13
64
249
297
220
32
571
463
52
282
248
25
134
116
794
119
11
75
219
313
55
1275
143
76
854
32
67
113
71
775
277
29
135
341
131
43
95
110
434
136
877
132
324
43
137
20
248
1535
9
15
187
180
83
477
55
83
443
128
198
145
45
127
1316
48
7
10
134
135
429
19
65
101
288
24
423
82
109
62
223
2173
441
20
24
38
626
98
190
99
1203
41
2
17
741
183
40
88
75
1062
446
40
322
355
213
464
160
162
882
29
145
190
28
47
4
114
634
105
81
198
90
1280
19
102
212
135
70
552
14
10
19
153
1453
235
282
10
235
34
31
816
119
42
47
81
21
44
80
602
179
64
12
4
71
352
116
456
121
30
30
106
121
601
436
601
36
295
5
203
50
71
228
511
247
381
1429
427
156
267
130
3444
1347
153
548
504
486
16
398
69
221
691
18
341
51
43
203
10
257
186
10
66
169
499
321
507
16013
637
864
1617
17
143
71
573
197
247
75
367
71
31
86
332
395
206
28
1
34
679
119
72
355
13
25
20
260
151
63
201
132
660
390
153
195
1011
45
511
28
49
239
111
223
396
563
228
81
11
1
442
663
185
15
20
97
14
52
47
64
803
138
595
67
33
182
160
62
10
243
299
218
54
37
111
200
339
121
217
18
128
433
178
236
231
223
1288
30
119
30
21
187
14
446
580
4
449
53
472
27
60
43
1454
38
165
18
170
171
116
98
332
53
227
27
407
113
424
118
72
44
38
158
59
5
68
379
1108
51
476
175
367
429
84
484
482
17
76
640
31
137
853
6
400
80
40
263
251
438
105
359
340
352
111
4
20
1229
99
105
26
457
335
146
89
63
51
532
394
32
35
241
275
53
306
504
1085
332
220
771
182
223
47
67
246
895
46
649
169
77
22
197
577
70
306
1910
1843
458
42
53
2282
346
260
183
122
45
1260
148
297
157
260
20
1154
138
72
378
852
212
62
311
409
40
411
577
263
148
118
367
513
33
943
19
614
312
34
286
37
89
601
310
372
409
224
1695
124
176
115
38
340
322
137
37
438
387
24
146
652
625
29
195
81
357
330
56
27
10
95
21
235
862
59
126
119
218
656
68
92
237
11
3
33
186
26
27
219
916
192
22
277
118
97
8
1524
508
37
38
433
106
39
502
401
43
52
980
341
115
17
295
395
258
47
73
204
340
562
105
1231
787
24
316
210
521
245
369
463
170
2084
56
61
950
34
289
189
34
2603
129
231
3
13
397
292
14
1340
287
583
60
142
257
53
11
122
110
585
73
59
37
16
117
344
19
354
360
316
225
472
145
32
63
104
13
634
623
737
260
27
32
114
900
138
255
320
121
248
122
178
170
267
142
854
255
4
70
274
793
189
128
167
75
143
46
600
1656
321
282
715
608
833
1887
233
343
128
165
362
9
85
83
109
158
28
500
17
396
43
20
324
88
358
35
31
371
857
698
19
373
43
27
21
50
96
900
730
286
8
291
17
13
60
303
63
1427
8
4
32
648
105
125
99
379
378
142
71
52
51
139
21
12
15
48
1660
51
447
779
191
220
97
264
281
574
49
22
54
21
93
72
240
70
250
30
667
1264
115
67
32
220
434
1086
434
659
28
671
399
111
147
140
87
105
177
570
137
103
366
782
13
440
140
183
73
43
87
249
198
44
223
317
244
1005
130
208
256
357
156
97
147
198
216
19
74
213
569
301
94
103
204
144
78
47
254
638
98
1277
17
58
234
21
193
49
683
61
365
641
809
1069
22
34
442
25
616
161
58
1345
68
342
616
46
64
91
440
198
229
68
8
291
121
138
9
51
8
795
290
259
552
39
14
645
817
442
78
100
282
252
33
142
496
120
106
149
414
84
119
273
44
63
331
17
51
75
210
72
133
55
157
10
1085
147
588
273
60
225
50
11
279
500
186
95
312
40
10
810
417
22
27
265
308
53
257
432
61
25
157
17
215
32
1032
55
125
176
122
78
303
65
154
263
1105
12
90
428
68
17
307
838
259
392
221
57
19
118
59
6
4
34
148
124
408
373
88
323
20
334
12
659
144
193
75
145
148
40
712
126
202
95
265
265
19
851
44
179
674
340
49
275
246
543
219
19
144
150
146
49
59
63
724
53
9
36
32
67
852
42
108
922
836
65
121
79
41
79
63
34
148
380
760
140
89
182
138
256
37
280
310
110
21
27
418
1
532
130
361
320
207
24
11
66
1
272
28
291
62
251
43
170
472
527
79
536
334
39
223
89
210
305
110
1324
47
631
29
31
1158
211
27
246
40
185
273
286
70
127
288
11
1726
17
122
37
124
117
299
149
60
41
86
262
10
106
220
133
24
52
36
942
109
641
90
5
91
46
39
101
195
370
764
130
2584
21
133
730
71
10
193
105
176
66
50
561
275
102
123
2674
54
72
304
114
552
137
801
1205
776
84
287
53
103
111
396
707
411
49
70
20
589
564
120
51
194
1489
72
1164
262
593
57
17
190
26
67
421
174
611
74
399
351
243
70
105
94
259
907
486
302
585
324
821
1052
419
1059
13
428
150
112
57
339
499
356
382
60
210
120
263
205
240
226
81
278
434
2071
586
91
764
56
409
225
445
172
38
512
151
371
592
56
5
176
27
107
227
440
559
122
283
256
206
170
120
83
203
76
342
671
352
371
698
524
293
1055
276
159
889
134
610
38
1457
88
14
124
102
131
690
45
387
403
253
778
386
374
98
52
445
18
204
619
222
8
1675
117
100
112
657
1136
574
1106
91
583
145
36
455
289
153
379
2921
557
175
38
220
231
559
1011
728
335
60
1479
19
727
171
124
949
292
257
680
221
183
46
126
422
48
67
45
287
416
64
36
144
153
133
13
185
551
36
181
24
240
401
37
257
77
447
217
63
103
681
309
107
105
425
105
670
110
189
52
778
574
125
410
994
72
176
56
927
168
14
1023
32
52
118
31
487
154
729
31
60
107
297
54
32
11
79
173
90
49
64
130
182
529
29
227
43
338
339
42
19
41
66
35
253
89
60
510
11
13
72
378
78
213
82
544
593
396
131
704
59
405
27
575
619
422
133
264
327
54
9
67
471
411
865
370
239
226
158
17
159
147
18
2877
365
359
55
373
263
304
297
112
184
757
893
65
21
162
847
377
26
269
37
25
148
104
361
362
90
154
38
3665
385
325
4480
149
605
311
822
454
35
442
230
16
545
963
111
286
1157
124
52
962
18
524
545
4
46
110
129
452
67
627
235
26
205
272
106
1449
847
197
621
35
634
101
245
166
149
75
214
115
625
48
336
76
138
76
75
523
159
299
399
218
21
216
136
87
165
153
187
148
50
37
59
129
451
185
244
243
83
107
161
9
124
116
575
381
297
17
31
402
136
243
1704
1403
808
234
176
1082
339
510
100
601
341
247
377
409
655
348
67
131
620
610
192
30
85
136
174
8
143
25
47
415
70
5
1636
191
594
173
43
1055
87
46
69
139
581
178
101
73
22
32
173
17
128
215
89
144
10
215
476
709
3002
119
322
96
84
300
1236
47
181
58
968
90
36
150
37
1430
208
84
304
3
162
327
410
124
26
47
429
441
312
291
145
123
103
59
261
245
526
6
350
430
1203
44
334
38
413
347
138
324
37
127
336
257
57
105
84
285
70
67
250
24
117
247
295
29
208
26
441
376
66
57
126
653
1986
189
136
65
71
1079
3013
204
27
44
76
1235
204
18
67
543
388
250
567
466
133
500
612
484
292
419
8
394
629
57
30
604
459
288
272
427
642
151
77
254
608
60
884
40
202
217
126
131
1233
97
1653
125
135
165
487
237
74
145
72
18
175
462
342
276
180
11
904
384
551
28
101
27
690
1675
297
46
29
401
160
73
290
272
189
407
324
74
202
303
276
1639
812
367
317
26
449
230
433
69
6
435
217
199
365
33
49
28
290
46
1041
132
285
194
29
82
1020
588
504
89
53
225
105
82
170
438
110
153
37
445
103
561
338
110
111
1018
188
81
422
276
115
19
614
54
98
77
659
141
37
647
493
55
100
247
1100
554
134
132
13
122
312
462
47
382
198
175
103
49
330
853
77
289
157
94
344
7
60
174
203
331
927
449
468
22
548
172
210
616
92
110
97
204
221
220
277
278
60
463
69
163
41
1168
11
843
413
1001
726
33
60
21
47
31
42
270
81
494
105
137
107
36
139
2073
771
420
941
71
940
139
760
100
530
554
161
379
245
869
955
561
69
287
86
131
410
322
119
214
62
131
179
546
161
463
455
684
324
857
253
445
76
21
15
562
186
702
74
407
147
46
496
1250
224
168
73
156
18
6
207
23
379
368
37
187
319
30
900
339
5
31
40
126
22
17
373
1585
54
113
15
296
30
76
57
149
76
98
199
218
846
506
444
317
85
146
146
2
629
416
487
2336
53
213
214
848
561
161
279
111
40
279
321
18
609
9
102
12
423
46
112
209
694
31
724
426
545
281
259
51
102
351
55
132
107
137
33
603
437
842
197
27
239
362
1010
59
6
257
245
199
45
32
114
138
109
870
354
104
347
22
42
64
119
30
767
6598
18
11
39
307
24
260
377
27
14
171
415
117
264
119
60
267
615
415
133
347
485
124
166
1418
105
1035
278
144
1196
475
168
158
1236
46
168
99
573
645
385
187
105
745
115
172
268
20
22
12
496
401
310
15
713
150
93
2391
592
639
776
404
30
333
124
243
85
404
259
671
187
645
601
237
822
280
1097
89
156
138
39
146
1373
49
223
167
201
285
110
371
367
73
198
1975
182
184
23
173
457
24
242
265
250
120
304
65
119
959
743
302
628
326
1340
323
132
485
437
34002
573
24
255
37
493
242
1013
64
612
27
265
86
122
215
27
368
325
32
32
174
215
294
327
367
284
196
105
102
297
1041
194
3099
294
289
20
646
58
35
65
342
1529
808
26
948
885
333
438
362
46
99
91
479
100
853
457
622
145
205
33
738
20
32
3095
60
119
312
286
23
137
973
388
1388
419
287
236
71
921
29
467
187
647
381
89
138
399
97
616
620
1028
19
234
380
195
84
48
140
38
49
547
1622
121
99
121
174
341
79
343
287
16
403
303
30
90
119
120
670
121
27
3131
46
154
355
104
87
53
98
13
388
254
628
65
786
45
20
43
71
32
54
288
477
627
908
69
25
94
123
305
220
24
168
39
66
74
540
146
859
111
29
451
72
128
543
796
295
61
430
429
264
352
215
88
594
96
84
105
444
534
30
10
133
183
382
130
5
140
40
228
177
480
89
999
12
99
207
191
49
5
265
254
91
87
36
338
465
222
243
598
375
531
426
111
201
425
49
415
448
38
84
20
234
24
41
12
36
162
112
62
242
267
188
46
15
40
50
173
1269
521
56
527
3863
362
764
19
27
13
209
371
421
461
491
120
11
18
86
83
15
120
42
145
280
253
162
531
409
40
208
477
295
23
1
7
44
82
551
4
117
113
40
285
55
244
318
451
46
1258
42
72
537
161
613
224
102
134
46
203
114
63
154
66
133
117
163
47
1662
32
130
565
36
89
106
18
518
137
255
337
482
323
148
400
76
232
188
181
234
65
333
381
213
359
42
164
299
91
190
23
983
1
42
1002
604
116
99
475
10
89
450
328
302
980
1607
223
409
7
2
375
381
68
67
264
169
45
104
74
17
181
234
289
1061
798
309
207
26
559
108
449
130
106
214
94
661
740
20
181
259
589
19
112
232
256
260
109
1476
404
212
96
120
132
99
629
872
566
39
99
272
448
271
78
225
130
152
14
280
10
26
5
100
128
646
539
190
11
920
961
24
278
88
1
157
205
70
1499
482
65
228
44
230
53
42
70
229
1113
859
914
116
1174
118
105
96
295
158
716
29
214
137
96
3
108
83
334
264
111
27
27
549
422
321
431
389
134
818
220
168
22
165
1058
108
264
158
14
146
25
77
12
25
33
186
18
249
201
758
164
533
230
46
120
4
375
300
193
532
760
29
285
134
43
496
81
30
257
