2
26
228
3
559
26
87
10
146
10
471
33
646
13
61
1
25
80
625
134
12
308
875
24
354
1
1048
12
1
457
14
661
10
246
1353
13
468
946
155
659
17
26
600
1
628
1241
767
85
252
108
432
73
1
5
63
58
48
19
376
195
96
126
16
124
802
35
102
1303
16
7
56
486
605
16
56
102
4
28
411
420
244
31
64
780
206
158
14
64
200
744
49
81
203
12
83
935
95
17
7
92
13
37
1
81
27
52
68
1230
96
64
48
76
82
103
89
162
76
110
1
23
333
231
351
221
8
307
873
6
223
572
652
87
9
30
643
360
221
20
298
207
103
210
172
993
1
94
551
38
239
890
939
81
40
8
12
6
484
27
121
1568
24
160
5
2276
23
69
17
157
1375
236
9
673
595
55
169
49
11
232
81
37
88
65
255
19
118
946
298
51
5
68
394
40
1145
449
99
79
131
373
702
832
19
3128
2240
224
39
211
6
2
1186
55
193
105
279
201
76
188
921
322
120
131
249
713
20
715
263
77
97
5
589
117
131
1752
192
60
150
112
315
413
29
608
173
232
70
248
38
500
289
668
174
120
81
1198
558
88
95
77
77
169
123
520
1135
255
25
77
27
27
105
377
509
2479
17
76
948
425
29
22
576
115
7
933
84
96
221
497
125
481
852
73
75
226
1
338
862
1
102
314
92
351
154
203
436
301
91
121
106
110
200
84
178
193
29
106
182
161
10
400
137
492
486
53
351
819
2471
199
42
581
92
50
671
6
778
126
200
155
117
29
184
12
4
827
83
484
93
88
6
42
98
144
821
76
190
122
204
80
438
10
484
117
5
182
252
154
305
15
142
137
831
27
2454
195
440
842
91
12
17
19
136
288
453
80
133
278
1307
18
93
273
1450
35
157
587
865
132
25
45
7
30
833
269
179
118
951
56
132
28
91
116
20
1947
71
96
64
1693
477
142
464
702
78
874
176
536
260
260
1740
206
89
28
100
76
77
337
401
1367
612
673
251
633
1
326
365
155
291
1
4160
37
296
127
288
1259
137
928
656
43
140
84
4353
587
70
188
417
389
122
137
664
5
3975
436
301
245
158
148
251
41
19
5873
1296
1180
844
74
379
9
258
832
60
219
249
66
365
74
109
8684
51
62
43
20
852
54
802
423
639
124
238
161
619
425
84
304
86
195
42
1434
462
220
298
472
167
431
129
403
11
135
3
118
488
581
66
226
10
96
10
186
236
322
592
628
616
96
12
1338
344
720
32
2050
640
3628
62
50
1689
17
40
76
103
360
576
722
26
505
331
20
51
1082
647
1684
368
415
9
573
3083
1040
170
153
204
2471
76
1567
115
1889
908
8
283
1376
259
46
481
1196
191
156
524
302
5
321
23
803
96
84
24
4
4579
82
41
12
681
642
74
31
33
36
110
180
145
72
1473
16
648
779
177
94
400
13
1219
1676
146
137
1174
401
116
118
550
14
2122
75
55
162
452
162
88
96
217
15
430
306
124
18
2
602
3873
105
183
11
33
134
18
536
370
106
215
118
126
1033
3510
30
114
273
268
208
263
584
46
246
25
42
52
10
640
57
344
38
559
1628
1
218
37
63
198
71
2493
535
15
12
818
593
227
90
7
11
168
135
105
104
188
429
341
212
362
6
335
1246
177
4
184
297
279
136
423
492
45
91
37
695
429
265
261
100
1599
49
231
112
795
19
4909
363
518
244
123
312
12
263
247
835
811
261
1201
98
60
106
86
90
148
43
197
370
614
154
163
771
230
169
490
52
84
183
175
444
559
291
124
39
222
171
91
244
158
81
390
95
187
285
3582
328
1099
75
42
79
477
33
677
222
380
84
34
210
540
107
420
17
590
23
64
75
84
16
190
518
28
671
685
1411
183
497
186
323
41
40
10
112
675
755
19
24
92
64
85
1448
18
279
317
615
531
280
396
89
289
69
369
660
134
780
294
83
676
169
92
105
585
810
75
1128
609
123
882
159
1826
1028
442
9
19
884
65
264
313
310
52
132
63
1582
39
236
326
732
602
48
39
173
232
79
737
99
178
834
42
1243
209
982
22
1366
1271
220
1124
75
69
247
145
165
2583
267
258
116
224
52
108
1839
1164
107
78
124
683
44
806
281
509
140
14
207
433
284
61
113
6
641
863
461
6
3
1057
443
61
218
454
831
28
2371
296
108
1014
371
154
85
211
191
6
45
160
5239
441
24
476
1048
219
246
2
106
8
181
159
154
127
178
192
95
38
31
238
430
154
22
164
114
82
175
500
423
14
27
103
131
35
1388
77
187
80
81
310
92
127
80
106
113
248
84
217
87
235
92
182
79
75
3
192
76
226
73
494
173
1365
72
192
1131
76
74
270
1
621
55
1
368
25
10
72
454
244
221
16
91
5
447
669
602
82
15
160
55
88
113
18
34
168
165
27
194
71
123
608
193
116
8
173
265
495
12
660
122
72
666
69
51
696
1
47
8
474
903
42
30
39
16
23
384
243
364
8
321
364
337
164
7
254
834
95
1991
50
38
2618
23
75
315
71
3890
19
251
220
1661
470
322
475
11
46
122
56
108
6
1473
164
101
149
540
11
112
10
275
25
271
25
333
126
672
161
116
118
114
16
58
403
230
111
946
192
19
461
680
130
46
64
461
33
265
30
1785
78
176
1261
436
925
306
252
12237
438
635
190
5
122
37
251
100
1
41
161
161
15
1059
600
478
833
997
141
123
376
114
473
397
80
65
82
459
74
1952
7
3
71
161
83
96
92
72
12
410
1003
19
79
82
503
283
70
348
83
5
285
4
34
571
46
22
500
33
1681
30
719
151
109
43
440
60
1634
27
400
88
483
588
470
185
7
241
64
7
167
638
114
285
734
1204
434
438
491
540
104
26
183
20
67
17
470
493
143
50
147
92
148
79
159
356
483
164
7
1720
3
133
591
32
31
85
1886
16
105
272
83
122
423
182
410
2012
76
143
43
262
255
6
189
176
535
146
79
1271
195
1
380
214
132
637
887
174
2
222
76
1141
17
189
158
417
12
66
576
1216
131
178
35
229
317
190
499
35
35
94
1135
125
2219
826
93
777
259
153
188
75
80
78
270
185
346
42
350
217
46
160
46
1088
389
165
410
1746
1374
3958
544
170
514
3304
1039
226
24
267
51
133
634
12
8
83
23
382
332
4
260
15
80
7
14
251
271
74
476
215
177
97
1242
328
256
566
192
69
19
212
1610
3699
270
272
78
408
225
232
15
591
588
37
246
44
212
5
195
48
350
172
256
1
48
35
137
664
2096
176
120
273
30
441
597
571
4
61
280
597
68
938
56
82
171
82
597
52
477
65
777
90
58
101
4
1580
250
4204
8
328
185
37
930
35
1154
1090
758
154
59
72
212
80
375
489
698
72
1082
75
360
2570
400
285
388
282
503
24
35
86
37
90
707
670
560
256
407
431
1313
316
23
748
129
18
161
134
48
71
375
35
293
297
827
239
115
189
56
87
44
191
10
28
1496
77
72
311
684
17
43
234
171
131
37
778
96
923
7
89
173
73
1260
369
301
255
20
10
83
74
137
178
8
59
375
240
190
393
32
1019
972
508
82
623
143
36
153
131
404
65
864
434
2097
665
1133
264
237
4510
220
92
225
94
563
385
10
1747
57
184
787
279
80
98
27
1348
7
77
12
20
26
14
100
960
2323
15
100
8
1676
129
8
44
208
230
87
557
17
393
385
143
642
55
6759
269
251
650
1276
208
252
25
971
25
78
53
468
561
894
234
26
676
90
634
290
1256
769
723
123
69
846
264
192
86
343
13
25
75
1698
1554
25
22
353
299
403
364
1812
43
18
124
4
194
40
615
17
15
68
650
622
1165
74
344
487
173
78
22
469
135
176
93
233
17
83
3
11
191
960
2370
237
33
80
376
31
220
15
416
395
7
76
752
507
625
988
326
77
66
224
34
189
51
361
1317
399
499
232
181
324
316
120
517
179
104
163
61
999
167
304
479
275
303
345
189
105
212
187
42
153
742
10
70
53
384
5
37
345
41
1208
109
465
638
1026
87
25
393
366
1542
366
626
978
1
274
224
78
17
217
69
63
1083
47
168
193
46
1575
92
2087
1917
826
2467
1113
430
30
70
1079
1296
267
175
88
1358
292
458
6
339
322
614
1820
428
52
330
98
141
19
92
24
741
281
379
292
17
51
708
1188
593
874
4
44
191
2
162
92
688
239
131
200
203
124
257
426
51
194
312
8
30
56
75
161
1428
66
899
23
778
2282
601
75
76
87
10
857
74
93
119
22
76
70
201
66
1970
131
135
397
73
18
29
243
895
410
421
45
237
242
22
70
165
9
694
807
71
13
2829
28
257
212
99
751
1864
257
69
103
1071
142
1126
77
67
10
15
105
1054
231
290
254
132
98
79
62
649
57
815
292
163
470
15
107
273
26
69
111
116
451
91
622
1562
683
556
54
376
13
332
345
106
843
1142
899
271
253
37
304
134
48
191
529
728
69
1094
111
1646
1
163
126
5
192
553
215
544
4631
2438
1
396
223
1081
279
63
529
608
110
590
1921
29
520
492
122
79
175
174
413
126
2709
31
174
257
337
213
2200
718
36
690
138
9
81
293
454
120
30
120
762
175
2634
41
194
919
202
136
178
341
894
48
53
146
14
118
77
207
350
8
107
205
560
589
62
1186
130
841
35
1056
115
7
79
729
173
92
27
35
119
93
149
734
211
53
49
2
280
283
270
2
56
14
404
3
10
31
13
4
337
869
44
798
798
189
1674
43
14
747
75
109
180
148
207
214
704
91
1
78
132
486
129
24
117
197
373
1156
49
213
845
552
55
59
113
75
17
771
36
462
16
645
12
90
16
89
1112
206
6
76
157
702
794
18
96
137
632
206
1654
51
168
1066
426
206
455
105
530
6
113
403
117
75
144
389
31
610
1
768
34
160
21
18
307
65
524
6
231
187
10
324
660
161
31
132
675
26
1259
72
470
708
84
481
250
20
34
259
46
3
223
947
224
479
126
5
72
207
174
1090
28
188
191
1
588
2
106
562
37
621
12
10
453
193
79
215
140
430
431
77
91
103
51
163
421
42
877
27
101
146
95
366
30
14
1097
500
154
155
37
306
12
261
78
748
339
80
3
123
156
551
6
1867
830
383
30
45
114
3
1820
595
1
75
296
22
282
354
213
18
12
845
28
427
285
91
765
88
77
78
35
683
97
25
65
188
208
346
111
5
1052
35
103
443
116
38
365
175
177
422
650
452
1739
362
724
19
95
441
231
293
189
38
6
123
197
17
140
194
335
77
196
31
268
215
2533
6
1469
93
58
589
384
743
1891
17
495
39
20
105
60
319
154
215
73
33
26
71
274
218
662
191
1103
6
923
55
42
1149
1735
64
9
182
130
37
260
71
46
27
421
177
139
471
780
521
522
176
28
36
665
83
102
166
162
24
154
456
979
13
23
994
297
1196
137
1191
15
1124
741
88
10
185
167
699
211
149
26
294
265
223
2473
155
690
151
198
201
380
373
223
1
155
5
24
71
114
265
434
76
128
54
38
305
73
181
64
184
174
239
1511
12
20
155
25
531
239
75
238
1109
96
579
50
59
61
845
160
911
87
90
2029
91
1216
1
267
123
2701
1565
461
218
237
1001
221
89
124
236
1150
612
833
827
76
923
299
76
229
1071
484
124
263
1573
557
128
56
19
723
476
1942
25
7
876
229
413
89
203
460
1365
697
303
735
203
556
507
78
31
2157
67
275
120
1
6
26
684
56
431
274
41
76
72
34
132
73
224
73
279
71
161
95
1318
476
9
19
128
563
132
228
1347
163
559
189
576
129
29
196
74
82
3054
12
855
36
178
14
892
35
53
202
60
143
556
280
181
1364
2315
304
335
6
8
331
147
422
1050
588
41
31
68
92
130
74
69
3342
1008
835
71
625
331
49
6
73
181
798
85
263
124
101
8
76
71
124
728
1017
391
71
514
61
64
198
39
79
45
137
30
422
56
795
60
18
173
110
245
314
808
101
68
134
36
37
12
71
218
67
18
74
68
7
2297
27
156
7
105
786
129
52
17
151
68
186
44
28
1288
95
957
16
10
215
5506
47
500
483
120
71
72
216
160
309
1427
584
1779
127
3
883
302
34
725
1237
434
281
4814
168
101
306
1978
35
224
976
8
73
94
213
143
56
847
97
243
91
1470
14
220
750
242
311
68
14
59
165
12
22
83
316
649
94
78
502
40
38
123
18
403
241
251
14
38
50
165
120
127
405
107
200
573
329
406
23
9
221
203
1124
195
173
1134
212
93
86
74
103
73
383
576
119
2256
11
214
627
372
153
126
124
89
85
354
1387
50
37
96
605
517
400
20
174
224
1613
19
153
1180
3
428
54
104
768
136
534
54183
1972
388
83
778
206
428
137
1313
452
483
10
16
117
157
1378
915
281
46
19
200
788
23
1026
172
1081
314
307
77
156
45
7
838
3713
692
503
359
372
1140
113
1495
30
423
158
23
32
451
32
1
19
76
211
167
1567
108
531
25
273
536
508
884
113
83
97
113
569
125
2166
4285
10
72
80
119
36
118
131
62
1382
55
3
74
174
694
277
483
451
87
79
75
47
15
161
207
173
393
75
297
720
722
83
45
3
184
115
1010
519
156
224
1990
318
13
97
76
460
562
11
3
132
794
137
403
382
5
304
19
81
177
217
16
28
49
1
17
97
6
7
517
568
429
26
249
9
144
240
15
363
12
78
1919
289
491
85
149
197
799
1269
11
81
781
744
44
79
40
1856
116
581
24
507
504
34
447
16
66
1182
398
307
81
106
65
801
45
4
2241
226
566
179
2716
517
184
26
35
77
257
13
23
936
21
22
75
23
287
11
327
23
508
268
507
517
412
426
362
26
38
17
376
55
182
47
172
15
120
12
237
342
306
366
876
16
108
118
33
47
1854
57
1794
1470
494
370
135
40
110
928
11
75
571
250
208
622
25
1032
132
133
1529
29
13
2349
73
191
191
14
1611
99
102
845
434
332
345
32
19
20
79
265
442
907
492
1330
298
1726
89
78
72
96
273
147
1682
144
96
76
96
35
75
4
80
19
83
659
407
84
12
219
1240
80
75
216
52
1
40
2224
40
372
31
7
4
357
38
516
1
96
147
20
6
1218
42
71
560
50
1130
108
409
206
219
25
192
40
95
395
687
450
175
82
68
172
335
465
10
769
86
164
74
216
63
106
76
253
286
211
152
98
280
85
16
270
744
228
14
