8
45
134
25
175
358
10
333
29
275
212
515
259
601
39
10
50
1
92
199
1
114
493
126
33
368
26
365
132
81
209
278
33
5
126
27
170
345
34
287
12
278
65
327
1
207
202
11
27
3
263
10
517
415
172
392
361
198
957
63
1
144
215
18
186
304
96
251
635
376
265
344
130
75
95
397
318
225
175
512
938
54
92
246
96
55
444
737
63
99
61
2479
48
484
66
57
108
140
34
66
139
9
205
66
496
386
3653
161
194
297
17
248
26
6404
36
115
9
265
49
32
265
85
261
164
247
94
1
248
118
109
55
126
127
415
1
55
1276
155
12
413
233
294
114
274
436
56
1263
141
300
350
124
19
5
33
3
99
45
196
225
188
110
86
47
277
5
295
100
476
41
65
102
252
162
325
377
39
2035
120
15
334
85
163
244
13
89
307
88
15
2
158
111
240
262
18
352
51
272
252
43
13
109
337
409
386
173
289
384
8
399
309
404
66
214
232
7
153
651
89
238
326
215
99
1293
279
257
198
26
75
595
86
12
28
507
338
307
5
216
61
239
601
25
86
692
105
279
207
483
320
347
37
12
78
903
432
5
211
280
275
684
216
330
1
464
246
221
3
391
160
149
43
304
37
98
140
78
93
43
321
194
228
686
15
409
217
50
207
80
48
523
250
4
54
41
81
801
82
426
85
238
187
27
66
211
98
94
1
191
62
33
31
1124
239
505
81
188
145
34
70
78
13
340
89
23
379
97
32
571
30
206
520
79
1
569
47
137
22
156
492
25
33
1
331
92
289
66
150
12
475
92
215
1
191
76
314
345
3
1
1
42
1
313
254
15
252
68
71
52
343
851
251
166
14
4
1
439
427
403
170
540
516
5
588
1
34
1
72
457
1
21
119
42
274
920
308
336
1
71
85
8
73
215
451
71
463
314
253
320
37
50
36
209
37
77
368
281
245
511
76
267
700
231
265
352
357
126
46
405
231
250
54
6
259
45
109
3221
77
1
56
91
319
75
72
205
317
127
59
166
53
265
55
117
197
245
3
13
490
65
175
398
411
192
92
163
219
212
184
419
285
267
99
102
233
44
670
619
350
87
168
1
420
167
187
100
163
200
260
16
33
611
37
159
9
42
86
414
109
206
205
183
69
266
212
109
256
282
339
26
5
327
65
76
34
38
393
169
21
244
293
230
896
3
281
237
466
57
159
89
291
278
1
63
17
164
84
232
294
62
351
310
198
13
78
104
38
80
7
186
59
1
123
264
56
435
33
118
85
2
41
119
337
193
85
8645
142
229
6
340
453
135
246
22
120
254
86
53
2
324
157
244
255
19
391
147
348
38
81
81
232
264
586
63
319
8
267
11
90
405
333
276
21
217
51
181
200
80
538
291
71
36
250
95
221
15
25
64
83
208
178
94
4
1
226
215
37
50
241
344
44
359
283
121
486
308
71
34
273
22
19
167
23
208
262
221
110
15
1615
215
109
116
469
382
242
832
263
124
139
214
206
307
119
186
121
253
24
79
73
137
1
9
274
98
127
290
118
13
1867
486
365
192
245
62
160
104
306
39
302
192
112
384
387
198
257
133
123
117
286
168
145
52
71
30
30
499
66
230
75
85
1
349
166
30
302
256
6
264
506
78
84
1
675
22
72
62
27
10
65
266
213
541
174
73
160
296
6
252
36
23
1
288
93
205
282
182
152
19
42
53
290
128
234
49
59
277
19
318
272
89
279
250
359
468
108
98
16
14
333
7
377
538
354
1963
316
10
251
4
98
68
42
344
81
120
448
136
369
73
5
148
69
245
113
139
14
436
286
556
97
67
32
271
294
267
172
256
8
135
114
195
131
386
154
348
363
188
1
225
317
244
122
259
281
79
31
25
711
15
137
3
111
912
800
120
342
315
318
47
33
32
63
266
56
254
11
349
70
108
112
153
455
5
242
87
1
147
149
83
104
37
445
405
726
154
282
71
145
1316
111
310
60
141
1062
192
316
86
61
395
249
59
268
125
22
385
479
5
740
157
51
298
216
273
117
158
9
722
762
867
16
215
141
405
3394
146
164
701
359
301
265
548
230
676
378
38
28
216
235
122
34
48
286
66
249
31
211
251
611
30
326
307
238
29
1
30
1221
242
47
348
81
1133
103
126
68
47
1
38
197
603
192
1
133
20
114
6
232
310
208
557
317
13
62
242
336
305
40
134
79
285
1127
9
164
274
83
210
155
1097
305
182
85
558
1
414
107
79
2
83
47
164
468
1
40
211
80
13
52
115
77
651
307
121
410
76
45
277
55
189
1
82
856
476
17
108
256
309
44
88
62
150
83
134
352
1
10
24
182
26
80
135
32
87
260
381
100
134
219
38
225
77
37
152
61
88
333
332
21
1281
488
147
31
24
288
226
207
180
416
280
62
210
304
124
40
63
7
101
200
372
43
460
1219
35
238
174
84
310
19
470
253
7
175
261
137
398
422
207
1
92
76
292
298
105
35
250
100
33
257
65
58
272
59
146
183
5
245
31
224
33
118
177
67
146
464
6
56
668
33
163
21
1
6
80
323
351
10
65
185
6
2
142
79
7
45
121
251
8
107
305
266
5
9
23
