391
306
28
640
59
677
30
1
105
57
106
1742
3
1
3
17
59
99
10
1
134
138
601
263
4
65
1
46
13
162
464
5
10
6
135
142
25
4176
305
19
20
83
1
624
377
402
254
21
20
67
31
76
52
2
3131
37
8743
175
242
150
491
15
17
32
21
21
77
1
28
128
86
2
136
18
50
70
384
136
3
57
104
138
8
5
152
1161
251
58
10
4
301
8
4
6
23
8
1011
53
10
4
60
15
271
3
137
4
1
64
6
149
224
8
19
43
310
71
3
236
608
128
497
1
11
1
22
27
134
38
272
1148
594
51
51
15
121
4
39
71
61
48
2
1
1
27
34
68
13
98
14
3
45
20
88
88
4
514
1
40
469
298
4
32
72
54
2
121
1
4
263
37
2
30
34
1
5
344
7
81
4
3
21
71
4
1988
3
822
277
207
78
452
67
33
498
21
1550
254
1
81
25
123
174
85
10
72
7
3
16
8
3
353
2097
99
139
134
6
630
222
33
575
169
1
37
20
71
1
14
91
271
805
119
31
122
138
303
117
95
97
9
20
158
24
107
29
35
214
142
32
103
12
130
94
56
4
349
161
12
59
5
78
169
424
7
8
38
33
1
1453
124
60
159
239
278
229
6
6
3
565
30
2
140
30
276
18
461
5
160
206
1
5
1
354
3
236
1
137
228
232
43
128
469
70
26
275
120
3
1
12
1
12
59
253
210
7
160
4
216
37
155
12
875
270
481
133
564
166
49
319
264
60
242
35
45
15
276
2
60
99
58
151
1938
224
277
95
274
19
1
643
135
212
24
81
545
173
17
570
46
1018
7
2
7
1
45
4
57
1248
706
547
28
45
116
45
196
92
223
1
24
6
303
43
22
62
30
35
3
3
1122
15
33
7
3
95
61
559
84
147
84
35
82
164
39
560
423
33
618
483
36
155
70
146
143
20
49
8
65
2
781
230
44
294
254
186
9
112
258
384
13
16
26
39
166
177
101
14
165
21
13
7
331
106
1120
55
174
135
153
131
150
343
1
2
121
11
28
326
15
55
171
39
705
12
11
371
27
1229
49
225
233
68
77
181
95
88
343
356
1
220
46
847
166
14
5
4
22
275
342
103
322
260
718
9
665
271
79
59
6
801
445
295
399
97
321
91
38
65
24
5
1
56
85
19
1163
237
39
70
1
345
1641
25
6
365
195
270
288
139
26
99
68
29
71
45
8103
1368
91
50508
99
717
34
188
74
160
211
37
160
243
402
31
10
34
105
119
380
365
76
747
103
973
315
11
96
35
304
530
1
64
58
94
45
50
209
109
18
23
54
332
9
36
27
2
2
3312
436
147
532
143
1181
1162
390
3
47
77
218
47
33
254
174
70
110
687
2
40
2
1264
23
142
62
9
33
1
253
1
9
192
39
291
4
258
193
655
46
5
15
495
403
41
1
2
277
13
17
30
331
106
367
856
314
63
928
137
41
553
47
491
1
96
53
336
69
6
2
57
90
65
45
39
197
338
15
65
693
80
132
20
38
18
142
3
38
533
10
9
413
88
24
27
403
506
4
336
26
100
36
466
2
92
17
173
792
32
116
201
21
246
3
107
27
17
4
1
57
1417
80
4
381
55
329
45
1
9
41
1083
52
107
3
90
63
9
978
26
4
34
711
276
645
33
158
31
215
56
11
44
372
51
35
152
52
131
1
944
162
47
675
486
252
15
68
17
1
492
97
92
95
484
1
42
10
16
21
142
2
43
1
17
154
15
1
38
42
141
5
41
124
10
13
59
158
1
135
6
230
488
29
107
180
388
204
49
56
502
1477
25
11
153
1
836
1
11
22
258
48
282
528
101
93
321
176
167
56
55
620
147
2
52
229
11
42
2
179
389
666
235
3
398
132
46
72
479
206
5153
16
115
288
280
125
204
948
5
1178
78
162
1154
19
30
491
58
139
1200
21
11
20
180
430
410
20
412
92
51
11
80
16
143
302
14
699
159
30
7
35
181
753
485
15
70
28
168
78
21
172
1
80
59
15
303
7
5
235
168
10
705
6625
16
20
36
64
1
16
384
531
53
1
22
105
10
160
26
36
20
4
39
112
25
1
135
1
3
171
331
1
925
108
245
262
295
188
36
1
4
8
35
367
73
117
55
32
205
1
1
115
194
36
1640
43
22
19
59
268
249
1
140
84
918
327
9
3
128
101
14
895
46
87
44
266
121
247
145
1
32
22
1
8
5
89
310
11
2
141
16
134
7
142
863
147
36
289
32
97
1
535
264
69
316
25
555
277
12
77
12
727
61
101
516
85
24
220
44
145
3
214
1
233
1
5
34
45
103
18
35
353
95
25
9
256
87
2
64
4
369
92
1214
21
98
90
110
600
82
175
101
71
89
47
101
54
73
432
551
7
2
22
18
60
468
159
45
1109
111
456
17
4
22
56
5
22
29
165
9
156
143
276
51
431
15
5
978
29
549
2008
9
9
2313
417
3
23
389
279
171
26
13
43
369
36
410
302
34
6
39
262
1
14
160
1301
4
211
2
19
322
152
306
4
29
242
1
163
1
8
186
135
76
286
24
16
2
7
290
26
1
2
330
9
5
2
1683
4
90
224
5
81
12
4
1
260
181
11
438
186
33
23
86
324
158
233
380
1
84
40
40
302
2
29
2
36
106
10
36
1
37
141
16
7
3277
121
338
47
6
42
149
55
22
432
2
493
39
151
586
17
972
21
174
78
5
233
192
133
9
160
258
16023
53
189
288
16
5
71
98
73
165
465
7
392
73
27
9
168
199
48
19
140
35
109
174
29
7
25
1022
378
971
18
1750
657
30
5036
81
162
24
5
4
7
34
14
210
120
123
73
278
111
86
51
1
63
36
13
48
24
10
252
40
328
6
108
390
22
81
14
12
83
203
186
172
39
36
79
84
13
26
6
9
338
45
7
108
67
46
411
15
140
400
140
165
807
89
17
6
639
6
2
24
1
51
115
202
141
71
5
229
137
136
16
52
12
190
251
277
7
160
2270
552
1926
182
208
607
486
78
20
6
2072
22
11
36
117
62
1175
78
9
26
174
206
58
200
70
25
8
9
391
267
23
1
1
56
135
128
15
80
155
12
4
114
3
652
3
145
39
22
469
64
69
110
17
52
50
235
91
197
831
408
9
38
8
74
10
1
143
183
174
71
140
44
15
13
1
419
22
46
16
9
260
287
5
197
124
633
33
284
90
212
70
70
1
122
176
218
96
1
48
127
65
8
56
122
1
612
18
138
17
2
261
6
243
73
95
134
279
10
119
1
13
39
6
73
5
62
2
1
1
95
24
6
16
229
82
4
157
23
666
49
27
27
357
21
58
235
6
2
27
712
341
39
294
241
324
129
291
3
770
39
56
4
9
21
2419
5
15
26
104
3
22
1
25
294
3
1
9
134
6
198
4
1023
97
31
1
11
186
402
2
12
1446
95
5
1
111
155
74
4
48
86
58
69
60
3
121
1
722
2113
4
1
80
79
67
140
173
110
81
59
7
174
18
22
196
966
29
1
77
26
29
21
1181
16
8
6
277
8
93
80
390
119
630
73
9
1
28
224
268
90
194
1
74
137
156
115
143
31
359
574
1
82
241
6
4
262
13
25
1
1
967
25
178
1
195
8
3
877
229
5
25
194
365
357
554
78
35
623
261
6
35
23
8
30
441
28
848
114
54
1604
408
134
61
106
437
7
9
169
270
13
71
24
42
29
286
98
1
83
114
107
45
6
1602
518
110
1172
474
138
141
20
29
1938
114
25
68
104
124
10
229
1969
423
505
56
8
258
29
191
97
305
113
2
144
518
4
199
1
469
86
14
19
169
33
13
185
219
39
2
67
1
571
17
3
137
1
80
19
48
298
76
26
570
237
6
820
55
553
39
776
105
147
174
139
56
724
62
156
282
880
66
1
260
139
231
102
37
27
97
807
1424
840
9
561
26
140
103
161
9
240
352
11
16
410
138
20
511
1
12
152
16
257
10
42
396
184
301
233
268
31
783
12
62
913
150
238
154
19
24
32
45
569
137
148
713
60
153
336
4
42
435
30
6
329
31
23
3
10
4
18
468
297
9
169
69
126
51
118
3
8
174
418
5
791
27
144
280
319
138
136
53
1099
27
1
1
16
60
52
93
23
321
13
90
188
40
174
11
287
99
9
118
102
1
161
25
308
65
264
15
1
162
60
189
122
336
146
50
665
135
85
41
4
182
271
222
12
274
1995
282
145
14
263
297
222
192
260
72
419
6
75
33
174
95
1220
21
467
169
170
153
24
77
334
6
557
299
1475
1547
226
192
115
15
343
1
1
13
195
181
123
261
124
261
106
132
2
157
34
131
89
264
10
135
330
5
110
1
3
2247
31
98
146
1
1
96
101
106
62
735
355
363
333
17
209
33
445
1
1
28
48
22
11
69
130
1
118
183
39
19
4
4
206
20
4
187
463
303
44
4
188
4
391
152
467
770
48
43
49
953
535
1264
290
3
1
5
28
1
392
10
389
31
66
1
11
4094
47
1
42
2014
6
17261
125
3
36
1317
189
17
1165
804
98
451
82
98
8
139
48
87
220
30
7
256
1
14
118
2
152
11
15
14
150
602
875
21332
728
111
1
352
125
26
79
18
8
1
690
1
325
266
163
191
1
188
72
7
19
109
1
8
160
551
51
51
690
597
108
23
11
59
27
55
4
13
134
46
16
856
36
80
819
59
45
1
43
40
68
1
239
1
795
135
209
87
34
19
12
1283
1
4
195
130
437
646
57
4
8
257
1
1
14
933
35
10
782
175
1249
8
655
586
97
13
29
5
46
358
20
22
265
145
10
11
20
30
258
19
82
18
13
220
1
82
17
7
96
115
45
4
4
17
31
102
35
103
172
138
7
1
261
171
49
47
114
5
98
97
26
50
29
386
21
134
1427
7
25
1
4
13
47
60
28
4
54
409
164
668
127
13
6
518
62
65
4
21
928
170
307
21
195
2
213
148
37
87
6
52
466
50
1
65
13
182
38
1819
4
161
91
199
315
148
271
22
231
105
1
1
16
231
191
137
506
131
6
59
192
144
1
1
246
597
1
6
80
23
151
5
136
292
65
76
165
1
48
2
45
138
95
168
24
139
2
76
53
119
3559
7
36
869
39
4
137
122
566
1
45
191
105
46
9
598
58
379
10
427
16
21
181
38
88
1
9
50
764
233
4
10
1
15
652
8
18
876
747
32
95
3
54
505
1
109
166
70
28
115
13
118
3
95
6
423
19
38
144
45
198
40
47
1
453
4
49
25
317
33
1116
6
78
94
37
302
457
8
37
130
27
267
147
40
1
30
173
96
1493
15
8
37
489
10
14
3
231
689
14
42
78
324
1046
1
99
6
216
166
7
262
30
203
44
215
1577
151
355
13
78
40
18
40
275
64
7
181
549
323
5
30
16
6161
1
584
120
75
213
17
305
67
117
9
71
49
11
199
9
44
1
115
150
1
317
46
68
263
1
4
150
1
9
1
81
157
273
249
413
595
18
39
41
110
61
44
251
67
211
135
5
22
46
362
263
81
22
15
110
313
17
730
87
1
1
30
273
38
41
11
4
22
84
143
438
20
57
33
1
12
40
1456
6
98
265
364
15
32
47
195
1
109
272
114
409
270
81
416
1
26
134
4
115
63
79
51
56
614
1
81
150
27
40
132
174
218
45
207
8
195
7
24
316
4
66
257
8
285
22
355
6
139
2
22
55
257
6
1092
5
228
225
421
288
1
193
177
230
9
34
1
1954
6
3
193
14
188
26
71
581
1
79
88
240
260
14
92
3781
90
1138
137
78
1
139
19
128
1
269
197
24
1
301
8
19
5
128
2276
1002
29
32
299
139
53
86
307
78
11
62
2
4
280
61
1
24
198
254
4088
227
95
11
67
74
1034
315
584
1
13
746
103
225
33
26
86
86
25
133
12
1
162
18
159
116
1
43
188
322
304
83
303
150
1159
179
181
90
35
43
1
153
2
168
338
12
346
241
113
25
97
240
1
190
13
99
28
306
1
265
21
87
231
19
220
276
15
18
1178
1
113
28
70
58
1180
7
233
80
2
120
248
88
8
2
10
90
189
98
4
303
22
69
20
224
145
6
314
97
6
35
523
798
369
2
70
69
94
43
32
249
482
2397
170
21
98
184
1
328
2544
205
206
5
866
121
544
22
118
72
11
186
93
336
1
4
954
127
1
143
15
15
55
47
11
5
67
46
42
95
16
391
4
1
12
48
1229
80
38
5
68
196
14
463
36
1
5
3
96
33
60
48
1
25
52
9
4
108
376
104
36
111
10
216
3082
13
6
5
20
10
361
149
217
32
1
252
64
10
20
9
695
6
73
15
34428
4314
94
162
172
447
530
11
262
118
12
104
1
324
1
541
11
9
9
2
5
28
1538
49
74
246
1
39
1
99
285
66
1475
156
4741
455
1255
4
681
8
56
3
456
292
78
127
36
174
221
148
117
455
638
28
374
467
36
137
219
1
45
1
4
393
313
43
586
555
5
158
888
33
10
75
146
44
4
171
11
1
45
374
11
57
11
17
158
34
78
1
52
49
40
33
21
33
128
20
27
175
35
458
70
23
827
144
63
20
134
5
48
11
5
81
103
115
501
299
305
204
5
19
38
21
74
469
2184
1
1
1
243
292
189
234
17
52
161
307
161
309
28
46
456
1
2
98
9
8
214
4
16
8
133
4
135
137
4
79
86
7
8
10
1
27
68
49
23
8
265
409
22
24
19
394
49
19
1299
174
182
59
5
1
1187
22
29
208
70
92
52
91
221
176
1
189
9
44
83
162
19
92
1
56
40
29
46
2
8
70
1
131
90
200
253
21
409
76
21
80
124
278
16
111
24
16
6
48
10
27
45
11
3
4
603
410
256
496
1
83
3
39
125
111
128
7
576
85
187
298
810
1
140
55
182
51
256
609
55
30
720
64
67
70
29
133
14
1
175
1
2261
526
1355
335
52
27
273
47
62
114
437
19
108
11
111
7236
725
1
48
84
31
77
24
6
249
160
1
147
1
397
549
95
90
5713
328
176
15
421
1
138
136
565
18
29
1
44
151
10
71
291
147
59
63
264
78
163
233
1
410
1283
465
253
208
226
41
216
1
6
1213
72
117
18
152
1
1
1144
1
514
3
211
23
409
12
592
128
465
6
100
49
95
139
8
71
328
14
138
237
7
14
1
153
2
89
142
4
309
243
3
278
46
1031
2
184
12
1
725
160
119
1
10
3
3
155
17
53
20
38
282
16
1
145
81
277
263
102
1167
369
58
9
386
48
3975
275
24
10
18
72
53
7
733
56
88
15
145
1
129
385
12
6
3
44
93
204
29
10
72
12
169
1
92
50
329
182
64
38
1020
240
532
46
386
38
3
4
156
231
93
123
4
99
74
155
3
3
565
32
18
14
16
25
280
19
10
5
1
2
24
932
695
231
115
161
63
12
29
22
374
10
25
80
5
47
7
20
169
33
3211
79
109
7
4
21
222
158
208
102
46
137
168
146
335
361
22
7
32
1
131
4583
10
367
3194
1
50
170
356
188
6
500
33
20
1224
1
247
1098
22
643
7
1
1014
468
8
2
2923
530
201
99
365
88
16
69
24
7
9
6
9
96
40
40
48
12
488
14
52
2
82
130
1
1
13
731
5
39
1
31
11
4942
2056
2
89
39
141
1
14
46
162
20
140
8
1
5
37
1938
7
21
269
52
135
267
111
47
15
177
16
32
39
1
19
241
88
5
4
538
51
215
436
9
8
24
46
16
1
704
162
29
326
1203
1
1
29
137
298
90
103
44
54
34
37
638
156
137
154
27
3
18
9
40
74
9
7
44
8
13
61
5
93
10
219
68
59
120
10
277
82
527
391
279
159
649
480
174
162
84
312
93
162
1
6
27
346
13685
1578
25
737
46
3
1468
4
245
1
23
20
33
415
73
59
263
139
7
90
76
81
55
18
100
19
1044
3
271
8
311
238
137
278
66
24
1
29
153
28
3
832
47
14
570
1
7
6
7
1
41
27
12
1
431
8
319
262
142
266
22
33
888
94
258
156
93
2
93
291
10
28
526
317
25
63
167
1009
50
23
401
138
17
122
42
75
17
352
21
11
26
21
111
67
12
364
2627
36
906
558
170
143
182
19
9
426
39
634
412
29
20
23
1227
127
27
10
2
193
281
89
335
83
9
139
219
7
122
2
207
840
635
24
12
667
72
261
22
13
132
47
3
8
13
1
3
28
338
250
313
2202
131
6
166
171
251
43
398
512
411
160
11
453
24
9
3
179
489
427
21
36
779
35
699
160
709
18
138
4058
849
113
259
11
86
21
105
24
2
20
1417
7
68
1
70
51
308
289
4
54
6
30
500
1
60
464
418
97
5
200
38
58
30
317
16
459
9
11
12
13
26
153
661
42
1
1171
5
1735
18
1
9
369
1308
16
7
596
6
771
38
305
136
43
193
107
1
119
13
28
214
2
13
70
262
74
3
333
55
74
308
66
32
88
42
60
63
118
38
332
80
630
1
1
15
1
3
1
206
8
489
34
267
23
1
3973
2758
68
71
46
16
82
12
144
44
201
15
5
2
4
6
84
1
256
405
119
700
578
23
227
290
400
3
166
199
41
87
141
422
50
267
326
179
132
91
348
264
111
819
243
24
227
132
42
215
94
79
12426
671
92
270
384
132
152
86
22
1
1005
33
22
23
10570
86
19
1
664
581
179
196
212
50
21
3
88
342
24
1
82
102
51
14
1
1474
352
1316
16
1
26
37
10
406
1
161
3
89
12
5
400
6
203
13
74
4
73
595
1
128
98
40
190
35
997
23
26
5
82
189
273
49
90
87
398
104
69
87
694
18
461
84
1
3
1
686
40
35
328
523
453
177
357
73
79
283
31
209
32
283
189
273
214
840
48
113
100
485
18
202
325
136
300
75
163
403
4
194
42
1
8
25
1
9
1
1
299
365
31
49
317
153
15
1
145
29
1157
183
223
565
14
56
642
91
10
276
108
632
16
156
126
185
126
9
13
131
23
147
31
39
19
1
1
371
4
1957
42
63
168
17
129
317
7
1066
265
268
60
20
169
305
6
34
3
19
13
135
198
10
154
75
510
198
48
323
21
13
5
139
51
21
54
23
923
136
175
205
3
126
186
2
29
88
61
1
2
19
40
103
117
1
324
16
104
383
7
219
547
2
140
1
52
32
37
27
31
33
9
34
32
33
34
25
33
36
30
6
42
218
120
582
6
254
49
90
215
193
705
4
27
1336
2576
47
187
678
7
21
1016
123
138
214
6
89
45
29
1
6
269
1
11
733
259
299
26
50
6
10
55
22
305
1
87
238
226
3966
498
134
357
347
387
161
7
33
140
176
309
198
17
2
345
1
16
11
60
6
89
200
4
52
9
1
32
272
20
205
101
13
3
250
37
16
1
252
490
4
100
102
1
135
407
128
102
270
153
800
68
5135
174
83
18
90
85
420
308
366
63
44
4
152
145
7
34
2
14
13
17
14
83
683
82
175
55
304
17
4
32
36
85
22
8
5
8
172
447
162
133
92
6
2
269
32
195
284
115
41
192
30
56
62
1010
264
9
30
131
81
332
395
189
419
34
456
7
7
250
197
208
359
28
2
242
2
193
307
40
1
83
357
21
139
6
179
465
215
12
98
27
12
430
1
166
54
454
80
30
5
223
248
26
6
80
1
1023
142
30
32
136
197
20
75
32
1
2250
120
1657
12
164
370
290
89
176
62
5
39
16
385
127
20
752
31
11
152
7
32
23
361
396
68
142
119
130
117
89
52
541
140
19
7
21
42
142
54
13
536
16
46
282
21
4
76
276
1
143
264
102
24
55
12
1
46
31
224
7
4
7
218
381
395
277
222
1
49
5
1
110
1
66
3
114
77
318
17
107
75
1
16
176
1
857
530
24
206
44
21
78
59
38
386
6
392
1
99
14
4
792
6
257
3
2
10
46
1
52
819
235
263
186
22
31
1
9
116
123
296
255
2
48
888
50
265
1049
102
733
282
85
70
7
411
681
203
126
478
194
108
1
494
73
46
172
80
594
4
2804
77
211
74
158
544
2
891
1
1306
86
11
214
506
48
422
129
245
37
6
55
1
2
593
119
232
17
5
6
6
462
220
584
6
247
300
64
19
128
124
50
289
411
2
1
4
4
52
178
15
11
172
482
3
159
1047
411
198
134
2
38
187
116
515
739
141
549
280
3
8
5
4
172
3
1
6
3565
933
7
6
1
332
168
7
1
35
16
134
17
153
243
91
307
125
1
3
7
76
158
40
1
60
509
341
178
198
30
706
22
1
6
126
4
147
329
750
17
792
7
1
3
6
15
8
341
65
111
15
48
266
24
1020
1
13
297
1700
49
71
106
547
107
1
789
131
35
212
393
64
5
3
100
200
12
4
2
184
8
1
163
286
27
51
2597
124
6
410
53
219
5
35
1
14
3
19
41
4
92
51
9
94
703
1
55
1510
10
1
125
24
8
19
300
5
5
59
2
19
75
18
67
146
135
23
53
3
206
1704
51
47
470
10
19
280
94
3
71
40
14
157
94
183
569
67
7
84
87
47
70
2
68
633
286
26
135
3
579
235
105
1068
7
10
157
52
344
891
16
5
60
1
307
515
20
1
660
406
124
17
3
48
9
30
9
221
212
168
475
159
38
11
124
80
293
2
1113
23
349
24
24
501
2681
14
21
96
40
46
862
793
463
1
128
37
320
17
9
37
15
214
99
1089
320
3
30
8
1
412
23
340
9
623
129
1
1
221
121
190
58
12
860
30
12
266
4
18
16
12
1767
1
138
100
353
367
131
312
570
223
830
358
103
261
219
21
44
233
776
52
13
32
47
16
227
7
138
30
25
46
4
2
165
362
148
13
1
698
8
107
10
31
471
129
415
50
17
54
1
17
425
199
1
51
382
30
375
438
1451
2601
3
282
10
318
143
6
107
627
10
283
15
40
99
27
136
252
96
912
32
45
4256
304
34
44
11
10
171
81
1026
175
86
133
1091
25
45
124
696
5
2952
201
8
258
898
482
100
680
2
84
68
1
28
15
134
6
186
1
34
32
1
1
240
68
61
117
229
196
266
215
6
459
133
223
135
148
77
37
291
55
154
299
179
252
10
125
1
193
130
475
912
179
228
162
142
891
454
24
474
8
37
138
8
301
2
2
604
67
91
7
41
155
304
19
10
98
97
53
2649
219
79
18
16
492
35
37
4651
74
315
9
20
533
146
927
23
52
252
159
1064
191
3046
245
3
123
158
23
85
303
390
14
41
152
46
93
13
318
5
135
975
9
2
91
335
145
476
970
24
50
438
9
18
23
199
19
128
77
2
138
1
3
153
36
31
87
401
182
21
295
1
684
271
2
1
216
4
404
82
411
56
258
306
2
33
89
14
30
299
230
43
146
2
46
598
46
678
1
43
370
186
91
222
5
41
1
178
1
8
364
146
148
342
10
147
540
248
189
153
127
82
1
14
24
136
337
850
165
20
39
31
55
234
1
36
14
1
1469
139
223
15
17
15
426
1507
15
37
137
287
317
431
5
60
31
158
72
40
1
203
2
701
40
144
62
907
197
67
139
361
252
158
40
257
594
4
26
1
46
141
1088
71
155
156
70
1587
756
296
44
70
590
951
1
22
139
10
1
54
371
69
15
20
155
810
137
517
1
129
8
11
288
1
4
539
26
1142
155
1474
25
247
1032
465
1146
341
16
1
71
307
52
77
251
43
10
1805
1
39
181
10
203
44
146
166
435
299
6
19
1
66
7
462
1117
180
32
11
97
79
1080
7
1
33
3
200
136
150
214
142
156
9
98
293
325
69
54
774
16
74
171
783
65
1010
416
8
9
478
37
21
1113
397
5
279
18
118
1
116
193
137
455
359
1
3
305
9
83
41
96
143
424
82
1
3
9
150
53
573
63
758
103
214
15
42
50
14
1
419
336
234
763
112
13
34
278
38
343
553
329
135
328
65
11
928
15
534
121
4
632
97
38
135
1
1
1
219
4206
65
174
70
223
42
14
173
19
3
17
36
1
6
3
154
103
63
592
122
50
11
669
141
115
140
177
138
2326
171
13
416
32
3
200
55
1
100
408
52
103
260
134
903
156
143
60
5
272
244
1
106
4
20
45
27
151
13
20
158
61
325
460
574
265
2
1
19
105
178
3
13
3
42
942
5
27
30
35
1
415
51
190
371
249
11
1181
168
112
389
4
1001
250
3
35
169
14
215
573
33
142
114
20
1
444
8
230
184
149
534
60
277
4
2121
468
61
1
6
43
2684
21
199
419
289
340
118
191
67
2
50
61
435
81
8
93
89
391
37
404
2
184
78
767
25
86
5
253
305
219
1060
1
7
195
326
33
119
4
242
439
286
71
66
143
6
200
1
431
135
23
7
1
1
51
26
20
21
180
206
40
5
11
1
113
1019
1395
6
359
440
291
128
36
390
15
1
18
947
294
10
156
1
564
457
3
7
13
2
7
31
32
1
443
26
75
2144
31
1019
53
508
126
14
8
1
2
14
383
21
1
90
6
162
223
2
185
283
12
218
93
4
30
32
301
25
76
13
10
1011
198
2
145
135
56
227
14652
1039
144
343
847
252
364
339
248
240
14
1004
137
29
17
385
66
277
85
2
123
260
94
277
1
183
1
27
92
108
1186
1402
54
1111
236
3
55
1
5
1
206
1205
19
23
362
66
77
11
5
382
127
472
11
19
111
1
202
46
434
492
7
3
62
893
56
15
1
300
1
342
190
1299
146
14
7
67
65
580
376
1
1
1
271
160
71
13
319
237
23
13
298
1
535
485
586
295
176
1781
341
17
8
7
2
326
90
1
322
12
34
102
179
2
446
6
90
769
20
195
1
65
6
85
214
101
102
31
4
353
16
1683
588
1
1
419
28
106
3
4453
336
39
963
451
35
269
121
16
20
7
108
303
86
1
191
114
258
1
37
50
543
79
722
72
588
4
118
640
4
1260
38
68
126
34
189
60
875
162
14
59
64
347
546
107
3
34
192
114
226
16
10
260
299
414
150
275
298
17
124
25
182
78
17
1
9
117
25
217
267
331
22
1
2
409
712
105
2
277
3
127
70
23
90
18
10
4
157
1
512
221
5
32
171
433
6
25
183
3
2
191
35
258
67
44
1
47
1385
6
7
31
1
74
20
52
5
208
1
1
97
7
7
302
254
161
29
122
556
598
37
47
1
5
996
34
20
114
71
2
106
27
30
268
623
52
6
37
76
97
1102
35
21
30
65
1
11
49
308
2
5
14
59
23
428
227
168
1433
13
17
7
122
413
98
8
54
1055
472
5
384
371
800
7
20
375
1
74
1
5
149
122
24
302
153
123
88
616
296
55
133
171
813
248
21
933
264
1
38
210
765
73
42
16
3
1
78
68
180
201
121
248
53
56
1084
493
56
101
54
128
5
16
36
5
1
276
1
152
31
21
129
16
191
189
298
80
270
37
329
424
5
601
3
73
14
395
1
2
90
7
24
32
51
466
561
231
240
152
11
438
756
198
2
573
1093
335
320
23
24
46
43
54
68
414
95
379
114
20
199
150
88
119
95
435
1
124
394
182
273
3
478
118
87
13
536
4
86
5
395
134
33
277
276
31
273
69
259
1591
106
458
7
47
63
9
222
72
463
314
14
91
4
1
200
401
22
23
27
156
741
378
29
614
103
6
105
6
9
195
60
378
118
378
616
188
5573
319
168
117
218
1
26
303
511
6
306
7
1
125
81
879
20
114
736
137
439
8
558
488
10
527
105
69
218
66
759
345
223
221
391
48
15
44
8
104
487
10
1765
30
303
14
377
548
179
1
98
13
5
70
36
3
138
7
143
252
43
9
219
1
6
567
126
245
484
159
119
3
99
509
143
16
424
913
55
113
465
262
215
2
24
82
64
76
21
123
258
944
885
620
93
159
530
18
13
8
694
82
112
35
471
678
35
165
91
30
70
120
377
5
169
1562
38
132
1
294
889
1
184
107
1
1323
582
86
322
5
3498
169
133
11
1
1
12
39
4
181
265
448
161
3
605
1
302
466
15
2
1
6
31
1
180
93
224
60
4
15
446
118
70
32
79
105
1
134
36
76
90
393
217
54
295
74
175
10
51
86
1
19
331
242
136
99
13
53
26
3
56
134
6441
84
53
1327
70
7
1
135
7
268
337
765
150
308
305
2274
300
139
230
460
7
91
1886
1
9
1
15
332
300
253
6
1
26
599
321
454
53
48
60
69
121
134
1
409
95
114
365
283
162
1192
163
618
477
14
1
2
137
9
21
35
260
426
151
113
1
16
8
239
58
3
226
28
442
752
514
278
119
2823
36
1733
34
332
1
797
5
253
414
460
29
1162
245
59
60
96
6
1029
105
11
172
69
10
581
3
89
6
246
23
81
56
190
19
40
152
13
124
30
5
66
147
1
9
125
1356
253
637
134
7
12
16
80
1
71
41
48
79
5
223
1
623
36
38
945
1
52
59
11
3
148
5
27
13
83
23
42
96
251
153
908
58
97
1
1
1246
2
352
14
33
176
4
434
12
29
1
1
185
7
192
789
141
11
419
409
35
557
47
85
392
2
37
14
50
1
162
36
491
72
165
34
60
140
1481
176
425
11
2746
45
226
397
1353
12
30
2
1
18
73
1783
1
216
1
246
1076
7
819
448
90
292
1
23
17
32
226
1
234
305
533
136
323
217
428
25
422
5
249
61
97
70
144
12
875
32
184
33
1717
128
1
730
169
1771
95
139
5
174
394
111
225
192
114
275
233
46
146
13
268
135
1
156
83
130
967
170
8
84
1
136
23
31
1
47
824
226
13
293
22
152
1
481
96
180
262
200
339
283
140
247
21
1
261
374
8
12
1
692
16
198
153
13
661
43
153
405
1
444
2
135
278
35
1
1
1
1317
5
14
98
63
2957
109
408
996
1876
2
6
2
11
23
1
2363
1
51
313
24
213
1
858
632
775
10
3164
157
79
124
127
307
20
42
171
22
400
100
477
6
94
196
1
142
262
139
693
1
68
52
99
17
15
230
185
423
159
189
650
121
1276
459
14
229
238
55
1
35
57
210
12
4
1
3
2
125
183
96
158
280
432
160
59
403
224
136
131
270
293
70
139
190
637
78
55
126
261
284
10
712
30
149
135
135
274
484
573
143
139
592
155
6
51
3
170
147
143
1728
351
107
98
91
66
64
34
681
22
147
633
965
997
106
86
24
255
91
3
2
136
264
106
17
156
90
147
