30
57
47
234
4279
29
11
690
4
16
2170
147
40
129
37
731
17
43
692
42
1
1130
51
26
159
653
307
53
723
63
67
2
408
2
1407
137
1
76
57
141
82
330
55
80
38
13
4
1
2
199
89
124
8723
75
2013
187
23
1
10
78
104
58
45
1
32
400
361
18
45
3607
100
442
12
1
890
307
11
2051
116
120
557
2
57
1
712
252
14
38
216
26
29
224
23
30
29
27
216
27
426
459
24
30
17
88
64
15
24
70
1
22
46
100
26
22
12834
1
123
3
40
3187
4396
1501
3067
774
3
18
503
1096
30
33
19
3
52
1
20
41
2
267
26
77
65
8
53
19
38
5
1
124
397
165
12
479
68
432
32
176
119
2034
24
111
24
1
29
1024
18
17
228
34
1
69
568
66
40
771
19
1
53
774
75
25
1151
148
63
48
16
48
3515
417
61
763
134
48
52
102
423
17
65
1395
146
64
193
46
721
34
61
5
465
1
31
15
6279
296
81
61
1319
38
227
1
217
9
41
22
1325
3
200
277
14
70
32
174
21
1209
1061
42
2433
55
45
57
136
1058
156
190
68
21
323
90
257
225
527
29
145
352
52
82
28
143
41
177
16
13
37
21
76
7
27
66
851
1584
24
1
12
189
45
26
223
1
400
37
86
109
679
63
88
40
1349
522
1
61
59
765
534
29
374
513
76
21
1323
32
35
94
117
14
3
281
6
115
8
40
63
505
128
32
183
12
33
24
14
1
21
164
6
4
622
5
150
4
43
598
55
28
24
1
1
568
101
43
89
152
27
1058
52
1
28
78
36
68
22
39
371
66
17
83
828
23
148
176
124
222
428
89
28
259
16
49
332
20
203
2048
88
20
564
841
58
24
242
370
41
222
18
909
2
8
14
189
1
46
399
380
6
49
946
529
62
2566
1
1
55
383
156
53
19
218
43
49
5
86
12
18
209
108
1
47
32
111
6
218
95
125
13
4324
155
39
163
11
924
54
244
305
264
20
126
8
50
239
372
120
112
3
6
63
11
33
98
449
2
