1
92
64
236
494
36
97
86
33
507
11
1351
1236
1413
337
319
1637
82
44
8703
8
54
62
819
554
84
83
3370
177
75
601
215
117
126
2
160
163
391
976
44
53
4
224
14
419
519
376
272
12
651
358
325
19
1438
343
298
283
278
811
183
34
6
205
147
146
41
1400
661
24
408
1199
1582
884
62
281
4
682
30
33
5
295
1788
82
16
100
1027
33
15
1289
137
45
1277
402
1047
7
372
2575
18
128
29
201
15
68
10
92
421
262
237
249
909
127
393
3734
30
119
5
100
65
97
136
87
410
306
144
1159
4405
225
23
25
417
802
17
36
281
942
1418
1045
32
1595
60
25
27
215
492
869
22
103
288
517
41
35
18
231
10
987
59
23
566
203
1191
67
599
86
24
1267
113
25
58
551
8
19
67
51
138
563
85
1201
579
1
67
2889
45
103
228
679
100
17
36
436
42
152
1520
35
116
3458
46
199
1134
156
182
2204
38
