7
246
9
97
11
14
706
1
78
128
2
34
8
15
327
226
8
488
65
464
172
13
455
34
33
220
128
27
29
214
6
73
156
19
1298
3
49
16
154
128
6
161
17
8
11
218
46
1087
48
210
371
94
649
2
103
1404
7
32
2
176
2
2059
49
21
224
98
30
30
137
150
1294
140
28
19
251
10
104
217
13
784
46
8
62
87
2
79
1
33
40
25
10
134
212
294
92
78
66
21
1049
3
510
4
85
335
7673
21
59
213
36
322
85
21
91
190
109
738
395
519
54
248
112
87
63
68
122
1
635
44
18
42
145
75
496
42
126
75
314
1
239
177
8
19
42
95
41
29
79
9845
324
270
133
204
420
124
42
806
72
57
224
60
26
25
1
20
9
24
2
23
40
154
45
50
120
919
33
35
201
203
147
30
24
63
232
2
12
1
26
96
75
58
2
219
157
217
75
1
4
1
10
20
87
177
21
90
405
13
16
40
60
65
131
188
10
86
214
1
8
408
232
223
75
217
271
74
75
75
71
311
434
72
79
167
164
91
104
9
173
75
76
609
105
62
345
196
16
48
46
64
121
1006
1
124
75
71
1
78
216
7
16
75
110
7
75
68
9
16
134
1
948
137
84
13
18
201
64
114
12
24
80
285
5
58
45
237
2
33
13
3
74
38
8
68
95
115
17
85
58
502
36
10
347
711
95
85
6
1252
76
44
17
231
76
97
367
96
530
26
75
37
73
71
41
242
23
16
17
1983
76
9
35
72
598
149
71
103
88
82
46
77
54
50
6
73
217
209
303
23
349
49
75
907
8
250
1
55
179
30
6
9
3
4
42
75
75
611
91
99
30
197
33
12
48
27
507
60
235
75
37
141
166
993
228
37
247
99
10
42
196
33
359
89
4
140
312
76
55
80
25
80
74
110
9
563
52
792
256
22
27
35
68
75
12
73
113
60
74
1
13
93
2
1472
127
28
193
144
3
603
348
13
5
83
34
13
217
9
14
22
6
11
67
186
10
14
213
130
75
58
12
395
57
18
66
15
58
152
40
45
222
219
12
5
138
5
31
258
315
1386
76
82
196
11
35
542
13
13
15
1
483
194
53
30
28
102
47
38
35
49
308
1
44818
80
260
73
275
10
159
23
123
90
68
537
4
188
114
31
6
930
130
159
68
737
217
59
226
113
76
75
87
116
82
73
772
136
7
81
15
95
509
358
21
81
177
872
83
124
1
3
36
79
2
73
207
82
249
1479
187
1303
158
1
450
75
176
144
23
2012
215
11
138
220
402
97
126
23
50
18
131
700
115
8
2
530
136
79
69
75
42
3
29
39
153
1021
7
82
18
48
88
3
73
112
155
1473
117
215
792
196
511
166
209
124
5
76
73
74
105
5
281
158
38
848
102
9
8
11
84
19
76
122
46
14
72
168
9
87
438
6
191
45
16
54
156
204
125
55
76
19
1479
195
130
80
32
55
190
1
5
64
156
55
66
13
199
32
54
403
434
57
81
37
80
3
296
156
1
15
196
70
185
97
20
3
10
26
61
236
26
202
14
71
35
17
404
241
110
298
87
76
75
123
2470
199
47
274
84
182
8
233
709
378
40
4
23
189
75
96
19
906
22
348
75
71
879
73
681
155
590
251
212
21
