1767
3351
1194
2
1441
114
399
73
3424
52
295
1736
2620
46
22
246
1149
417
870
475
4189
1818
1202
236
3332
390
4098
3181
1376
579
2012
625
780
687
78
3426
2076
1258
2067
1042
6111
44
1833
78
574
1202
819
9655
9982
4622
1800
2023
2497
11974
36
17
3285
1392
82
1492
3896
4363
2215
2001
99
159
1453
2820
1398
28
37
3951
3582
196
350
1312
657
1197
92
434
764
1486
1592
663
87
305
79
2551
2398
6
3595
2392
630
2445
102
73
226
144
236
3879
46
732
4036
275
494
2506
1227
2893
3083
87
506
711
329
7060
5975
6098
3334
433
3304
3837
30803
60
89
1211
358
2441
59
2671
104
281
113
11
1044
829
4332
61
2125
1943
1189
331
4267
1733
158
555
1086
396
531
121
1658
1356
1553
939
4391
21543
957
2597
1779
4078
1399
858
16979
2024
57
2171
3129
5597
51
13528
2070
4220
2650
17966
7134
3374
889
2080
14173
101
2869
21
2318
1739
1421
1169
5399
7341
947
927
734
4487
845
2395
883
892
1138
177
1080
2454
932
1115
266
2162
159
1824
265
204
1742
356
25280
25
7489
274
119
227
375
8919
3479
739
6157
9796
1337
1009
14851
20
8
1365
3558
492
1461
2060
6730
5935
931
2313
1194
163
35
4732
13387
12931
170
6217
1588
706
1714
1449
1807
4017
5057
44
6822
16811
6784
2535
10130
284
960
443
4481
748
515
337
388
463
242
1407
1673
320
1534
1047
1310
2779
480
2238
7920
240
457
802
170
109
11
5560
2758
780
888
5091
63
261
638
1707
9880
42
1651
4193
575
314
992
1709
101
1056
2402
871
136
1128
164
1261
2935
291
753
3813
3209
8954
212
1240
1893
3440
2958
2512
702
984
983
1141
4717
1348
1416
2105
1
2247
117
1029
413
483
1327
876
796
33
2359
1153
52
97
6087
614
3348
45
159
2001
1840
3787
12
2770
3567
1826
1290
864
532
751
545
1640
2327
33
3396
8
737
3151
378
2433
1020
714
3952
903
946
3984
1684
1582
84
5542
4283
1355
3238
186
10021
296
684
3801
2950
1936
472
4103
545
2416
494
4653
309
208
221
87
1883
64
4754
2916
3593
2649
127
529
1905
2308
416
32
1404
1006
419
292
122
305
2578
1911
1039
237
533
7606
2771
1229
116
4323
1183
2715
3514
213
1208
76
609
187
4765
1384
1708
127
1418
1456
231
795
1110
1268
1344
197
2478
4422
247
74
94
6069
8155
3270
786
1795
281
2730
2430
267
2485
18203
1862
7121
354
309
3397
800
75
1355
64
243
307
2519
4196
67
1020
894
184
44
2847
589
620
305
5151
5890
512
6028
267
1528
1084
721
3712
2186
402
1811
1299
102
1729
3907
256
120
1094
208
977
1925
1772
1765
2915
1313
516
1445
433
2166
33
1278
2123
396
56
1726
124
1048
4403
3247
3067
17
2840
1206
7567
285
2334
1865
1013
1013
191
2183
2145
85
324
3041
1252
64
811
90
6578
1833
1550
645
4384
1537
29
3809
1404
751
681
726
708
1760
9
356
2621
2237
4022
67
3258
3291
419
996
16
1092
5400
1753
2771
12699
979
2362
3049
1500
2550
3737
1210
137
14945
204
307
6282
103
140
863
2482
118
2601
1343
1641
129
2078
1539
1405
2366
6179
229
640
2864
2642
720
4393
259
2164
2195
9039
224
89
4705
1223
1049
1757
401
117
282
3661
3466
1522
2001
122
296
554
662
4780
1703
62
150
1960
1330
381
1859
24284
1568
607
22
2640
115
2361
81
217
958
330
182
981
3640
303
9340
8022
4903
1
919
3760
5645
3526
1364
6296
250
4654
1
2175
1090
2454
902
703
480
2416
440
1995
353
2088
1420
3140
135
1575
519
864
67
3803
145
11409
282
5972
6714
3422
4379
186
325
1723
78
592
1621
93
2022
1665
368
1086
47
3232
2210
1651
329
282
6730
53
1057
139
1542
480
82
4319
1332
184
3106
4608
2528
1085
1308
128
665
494
645
3547
2395
1301
1826
312
506
425
1802
385
24
175
2502
265
1106
633
4256
4329
6463
193
5097
17
1137
8978
2774
9735
2511
2190
7319
2311
2032
1915
6007
6377
118
53
110
69
692
13665
1668
1290
63
4278
5279
567
5592
1893
575
370
2113
15190
640
46
2204
549
742
5357
321
3
77
4355
359
956
3743
129
1051
867
357
6861
1855
1178
361
1737
207
157
55
3509
1907
235
1435
155
523
3080
91
1891
12
418
110
866
4023
1256
254
2274
772
72
31
2333
9824
8978
4004
1247
2573
7
2648
3855
14767
2613
1226
42
128
335
2097
1580
1360
609
1665
1614
2832
187
2145
458
1226
39
326
10
11252
174
620
765
2237
1680
153
296
4116
121
178
1368
1273
3228
325
3692
362
620
875
482
2402
2264
597
1757
5068
1971
401
569
29
1068
99
6211
952
3413
2299
598
248
1971
170
182
1516
601
148
1397
1539
2221
6019
8266
660
1973
4499
3657
3147
2438
5954
1784
8710
724
106
4086
347
6021
4372
255
244
7241
462
24
14310
2419
303
3639
2484
295
4769
2001
330
1464
617
1324
1846
234
5692
746
350
1166
5994
1606
1890
3359
2116
4298
3212
996
13402
572
1225
78
1788
1148
123
3954
2954
2250
1756
1934
1994
3437
878
5649
1368
1194
773
1182
227
11955
