10
1099
114
329
1054
427
20
1790
482
921
9
1692
48
1791
1576
151
31
1223
249
2687
851
1315
346
418
7
1055
10
1474
3104
24
720
1825
1203
20
827
495
1190
1102
919
37
41
5135
86
81
45
35
327
163
461
848
735
792
121
622
164
6
1450
1517
529
1056
837
25
40
358
1988
48
19
160
1593
56
2688
1113
73
88
17
197
27
104
375
41
2250
8
1075
1185
21
2804
1532
432
1110
357
184
1792
8
74
1209
67
276
456
2167
35
1806
2243
36
187
2
625
344
282
1
20
503
1075
388
1834
1495
791
373
423
168
377
658
30
6
422
834
406
2492
376
161
668
3662
1302
1828
117
843
691
1387
253
607
903
1569
618
1434
1515
51
384
2893
724
1034
2070
1259
999
416
603
367
145
1295
564
369
2105
870
107
291
1532
1615
2673
1501
1168
564
1305
259
48
224
702
757
1
1055
591
1416
2950
5
1960
152
413
95
967
62
1859
1143
14
236
545
58
12
167
106
1242
65
522
866
8
1982
85
2463
995
54
550
394
586
540
1487
2103
1869
613
721
272
50
853
2
815
591
1653
379
865
1317
72
16
417
218
43
669
173
967
283
360
475
327
1561
1257
1109
193
112
343
2876
1825
780
484
235
856
3622
148
6339
2838
572
281
1079
20
4287
2019
583
763
824
1108
143
1148
2076
34
934
983
40
5
41
994
144
232
789
1016
109
1034
428
11
289
76
108
3611
1550
403
14
18
19
76
79
1414
617
1322
190
200
156
1377
1360
695
87
13
640
1419
1139
11
20
540
930
6656
860
4329
442
1255
115
1914
8
712
82
69
8
353
3
37
69
36
420
409
2694
858
377
6
61
360
1322
31
1855
1510
772
2346
314
806
1382
589
183
1304
247
265
758
24
67
1544
522
412
1209
2072
16
888
253
1
1435
2655
53
40
24
1881
218
523
59
365
51
818
1598
454
1973
1466
167
2788
273
428
14
1016
1503
93
1569
506
31
772
984
4
6103
401
438
120
341
30
678
264
392
498
220
27
148
34
271
1492
1859
600
488
932
188
21
341
1957
457
887
15
1391
233
2131
14
321
11
2258
1187
47
1485
1789
65
384
540
1176
686
428
5689
4509
284
47
3935
94
455
3841
48
1173
115
850
1109
489
513
685
776
1519
769
213
4521
316
134
1819
1004
809
853
1136
44
1892
916
19
37
605
1223
1075
20
1171
1221
25
101
2906
1648
623
1241
173
2337
158
144
849
1909
1650
1986
33
212
3930
97
131
57
1510
297
345
11
325
1938
116
66
279
96
79
81
71
73
325
51
10582
533
508
830
25
1159
57
91
1227
1370
67
2592
234
43
2493
31
776
17
134
126
51
21
5
2897
243
75
422
1787
6
1034
713
163
7276
602
237
232
204
1110
342
174
3642
352
1544
261
306
3855
16
908
386
9499
28
502
1357
579
1100
353
226
12
7
13
1596
1077
201
1195
1755
154
126
1852
3
911
3
258
1211
3772
47
89
1297
62
295
784
669
971
63
1446
17
418
571
106
356
37
110
263
36
348
109
2534
968
1607
755
1303
244
2332
674
58
1079
85
76
29
55
71
49
90
283
30
1706
24
888
455
4
914
5460
324
165
1042
13
561
185
39
2881
866
1399
439
890
1
141
317
590
660
276
211
55
197
2942
44
43
44
1429
1
7
805
10
1615
168
31
997
39
44
667
294
416
1487
714
300
140
46
5496
728
17
1300
796
245
29
274
75
1438
2718
542
598
2183
972
1179
3537
15190
29
1732
1640
22
1402
250
2818
1320
25
513
307
939
368
242
1489
832
487
2672
24
38
132
1211
200
111
995
305
338
2900
116
32
558
65
51
8
697
841
819
26
2487
71
66
1230
1713
1200
2470
308
1018
162
45
1284
284
1
1030
587
1954
1271
849
492
938
773
12
129
682
131
3011
1018
31
441
601
34
2650
204
651
552
488
1069
337
155
147
1053
1092
126
890
346
1141
121
671
88
19
430
185
182
83
767
2286
178
1166
6
1133
384
654
58
88
1268
2738
12
11759
51
515
78
1864
888
153
225
79
13
85
841
360
3313
1000
569
327
61
547
167
261
208
309
4010
43
812
893
3175
4331
953
425
26
500
1128
139
3067
1
287
3
922
83
458
798
42
2372
10
3345
930
580
417
1411
1830
1549
36
126
183
1666
331
1164
603
916
1961
328
1081
778
1046
545
2007
1923
2111
683
1032
1236
502
89
79
199
2979
1178
14
83
488
674
1847
1545
380
185
965
348
216
430
1760
17
178
1056
664
282
543
80
634
224
294
860
1340
186
305
474
1266
371
641
156
1122
148
578
2328
353
72
153
537
413
16
262
1700
52
516
1534
967
2308
14
488
1512
886
39
975
138
1369
276
1140
1767
1433
1017
178
10
459
3058
50
832
1072
297
606
2547
528
1097
685
144
7
884
912
44
68
709
493
1812
1729
458
127
163
864
6
820
2695
1840
1336
75
371
702
1929
57
154
534
1202
811
1631
1629
755
8105
456
177
1334
1417
59
449
1679
1994
125
6
1555
17
198
2759
852
1400
1529
2885
822
15
2383
818
350
669
295
42
1909
1410
149
53
1127
1128
1302
1244
867
1195
1192
235
1729
1922
411
6
34
198
3154
159
934
1057
421
905
1694
2277
98
606
430
2661
2150
2962
1287
157
42
263
14
82
6314
1040
7
192
146
544
8
120
791
26
5445
114
821
1648
7
1585
8
66
2646
2160
333
2538
169
1198
1162
250
780
26
765
7
429
783
4
64
772
861
15
250
2134
251
1141
476
1668
97
535
600
1389
1059
229
40
464
1205
109
448
1351
809
78
793
75
388
222
338
4
636
383
361
334
1288
110
969
578
3148
32
689
6285
38
625
96
2721
8
712
82
246
1836
23
751
1446
612
1476
221
2116
1783
18
207
4
1071
28
6666
3
111
150
272
5952
4
180
11
488
38
398
1151
2310
623
3101
795
27
3248
1813
986
450
269
71
53
1614
85
1514
1137
917
95
189
795
149
22
1
562
511
590
262
1378
88
555
52
73
202
3733
34
17
41
5
13
2836
289
1594
2355
7527
390
1909
2248
1179
1059
80
1424
24
161
301
9
259
596
236
223
71
1364
50
460
3
862
1010
38
952
289
1502
2904
1171
13
34
62
141
2395
10
58
668
776
106
1804
23
786
492
1617
1591
358
2047
2023
110
2100
446
994
5
576
266
1045
641
641
242
360
343
36
1293
566
1459
375
1765
94
192
363
999
915
335
104
3493
47
115
159
871
109
564
1492
105
95
935
340
494
665
1704
132
833
1051
686
1090
915
1619
452
819
94
18
124
25
80
338
452
44
106
1
923
46
502
66
16
304
1620
450
121
1051
1304
1161
286
943
408
158
100
142
111
1533
10
126
77
647
1073
1144
884
1286
29
4971
1779
1467
556
1116
724
4991
801
19
54
1366
2444
441
464
786
2144
121
2
186
30
116
752
153
310
1517
161
231
1460
1447
1022
1178
76
353
2018
105
163
197
1646
191
815
129
118
15
309
817
133
60
39
1080
205
1806
1354
1307
27
295
2951
138
331
33
85
1207
323
1187
14
289
9
1090
1493
1679
1264
817
408
527
167
13
34
761
1241
220
318
96
565
1775
7
892
814
403
987
61443
623
162
727
1033
45
83
2151
515
940
1385
277
235
11
674
661
41
404
35
1567
72
268
411
1
41
28
2082
163
293
25
1615
1
1740
3985
28
3243
17
1
1799
1974
60
225
6
1173
1696
919
1428
551
2631
66
560
1264
159
307
1048
531
1311
327
1195
106
103
210
112
11
414
217
297
873
1640
2997
110
1212
110
82
683
389
4007
184
244
1926
656
214
104
655
110
124
156
5
5
60
28
206
561
98
972
487
1868
87
1
37
239
1302
830
115
370
428
1651
766
181
1175
188
204
2576
678
510
1884
145
1112
981
187
6437
3665
5327
1403
1664
39
1223
1815
226
32
1441
11
812
22
20
70
39
560
944
156
88
899
683
136
1436
2142
20
148
7
107
31
43
1747
472
973
324
30
1905
1480
17
306
110
8
160
458
855
934
94
420
909
1779
898
46
667
612
706
828
1790
1601
284
2674
422
2365
57
77
9
665
30
751
134
160
689
1385
18
1845
229
43
2296
75
373
506
1058
93
28
201
1767
563
4805
2607
132
345
145
247
793
337
1249
66
53
252
153
1645
179
80
366
2009
87
377
442
240
203
2232
1397
2681
67
760
12
248
1065
25
489
8
465
760
4282
137
939
830
6
405
76
74
483
29
357
165
23
272
150
919
435
7
1949
249
103
83
153
501
9
19
261
868
130
1760
3109
35
177
42
81
286
2428
1552
63
3443
10
248
253
734
370
2166
126
1487
119
2073
14
3564
89
1047
60
976
32
1275
248
1124
51
202
128
139
2189
2139
30
456
129
6812
1116
796
9776
1197
1325
361
500
40
8
466
91
1892
91
167
2920
3233
54
351
1487
778
14
252
1150
30
2810
196
4055
463
1815
11
100
246
809
1240
410
1325
1996
50
148
90
1491
727
11
806
57
1606
217
25
295
1194
328
8607
1170
11
93
2138
52
34
823
409
3281
2012
75
1089
187
4
1140
417
1213
166
1413
1400
921
207
13
375
73
1152
332
27
848
1075
2094
504
5575
179
538
1407
652
131
1326
35
226
741
7120
1403
2798
406
617
33
300
650
3668
41
1342
579
267
613
67
386
717
1296
73
122
1180
93
849
945
247
221
584
1483
505
833
680
9
140
207
2296
279
179
1419
124
235
1438
86
2920
9
2288
1912
393
299
198
1203
26
1364
2666
1018
7
21
374
3559
2324
98
79
943
564
16
1187
8
40
1113
709
463
18
39
63
393
114
594
585
110
9
2672
243
726
18
17
675
1303
3515
106
2788
188
388
95
32
432
1702
56
54
166
49
1451
4358
2429
150
14
36
95
1510
380
667
1844
2097
88
1110
179
949
1545
129
1303
659
1218
12
1288
413
20
3090
12
801
46
649
132
16
2124
556
7672
269
183
3
295
4185
179
333
725
3731
1478
109
38
135
2412
1426
4577
333
2409
1
187
1914
1047
203
7135
6757
2270
1336
74
4769
3
5332
3
237
1801
215
418
96
4
15
1858
72
590
3525
470
10
536
767
418
2615
16
288
57
905
1651
129
575
805
2
738
1
41
1406
39
85
612
2917
1970
5054
831
336
1274
363
1352
645
612
3398
24
1125
18
1302
36
912
26
1619
418
99
772
109
73
1772
591
795
581
2289
862
15
101
99
773
391
582
370
1409
5152
50
107
203
1474
4302
231
710
51
15
41
64
99
11
3
11
410
929
1320
131
440
767
947
44
958
636
183
1260
2404
127
1130
12
251
1138
77
344
211
651
6
652
97
112
215
1337
108
392
216
1810
2511
211
253
531
87
3352
849
2318
83
441
4430
14
143
838
9
1383
630
347
2297
985
182
1511
1463
183
945
274
930
166
273
697
175
18
2094
8
409
197
91
426
61
30
1853
1946
325
2100
83
25
1801
95
8232
619
112
112
1171
327
143
2693
600
2348
129
1700
1356
5
202
956
173
391
113
880
217
3579
1893
865
169
332
3041
3
109
1216
28
9
94
7
33
2
94
75
356
694
39
1128
83
98
2325
2562
21
433
280
12
217
327
34
259
403
30
12
295
21
604
1038
28
31
220
654
455
3430
16
6
2089
579
1217
744
503
29
90
885
2244
553
113
795
716
246
188
385
63
187
549
10
999
71
902
32
438
700
233
274
6
1056
858
1340
692
47
344
93
149
1755
51
1656
274
133
507
223
23
29
29
779
80
1445
683
2425
5091
779
1860
948
738
352
299
135
556
66
1583
253
849
10
83
1126
54
5732
348
515
777
64
1986
608
34
392
1
336
52
6
97
4450
764
46
184
114
221
599
430
667
15
85
934
1299
3258
279
714
229
351
602
167
3334
25
1298
27
68
258
2127
19
446
1054
298
975
42
2389
6
2760
21
1001
334
101
54
1357
93
1049
656
364
1666
8
779
512
1507
61
401
667
1684
247
1502
1003
2663
396
5148
81
226
211
71
6
463
165
677
723
26
86
158
272
402
1148
287
2618
2079
86
1919
710
83
697
504
2163
284
693
2787
2224
838
28
105
31
262
105
167
252
72
299
20
58
2480
1
61
247
2402
22
1
679
225
8
4309
1268
168
17
229
8
34
8
335
361
50
86
964
243
136
445
468
85
17
4698
50
346
21
67
648
100
2502
467
916
284
695
1988
806
974
81
172
2607
268
608
16675
1214
1679
2832
342
1359
2274
13
39
1507
46
10408
76
19
2252
1049
450
714
404
1269
62
1731
408
210
57
58
12
1972
248
620
755
10
16097
1441
239
3777
738
30
91
4380
1139
31
826
1106
1256
307
111
911
314
388
2857
762
480
290
12
459
1127
846
823
130
2466
367
72
88
103
183
5
106
3228
30
303
3
204
263
3309
18
1577
234
1153
118
50
2464
130
49
1291
57
9
73
4783
1071
458
2346
561
2924
2070
74
773
57
1131
1314
86
275
1174
1539
365
17
234
3027
1047
2703
1138
337
1636
16
1065
9310
14
129
2330
103
1186
224
2903
588
790
2037
329
1118
100
1081
749
534
670
858
3739
268
374
74
4359
428
764
135
102
477
1120
9
546
1341
391
2753
59
1874
49
115
223
2678
196
1374
555
146
739
757
2330
87
97
652
930
6967
67
5
188
679
922
117
316
699
309
291
3176
37
178
119
1651
457
3010
813
72
843
11
564
43
44
209
18
165
414
1264
1036
3355
1379
119
2649
698
1397
706
435
9
150
41
1531
4054
251
36
976
2362
1
218
307
124
2402
120
886
788
934
49
263
1315
175
30
234
1407
215
12
46
4
91
113
1683
1230
510
6137
290
808
25
45
2340
46
326
157
147
587
2641
184
572
450
1116
750
1817
1345
780
1513
2579
24
3847
707
31
113
9
16
856
2457
127
2184
60
864
410
260
254
2801
2288
502
61
1392
13
177
622
127
5
438
9
10
29
16
538
53
118
1312
501
35
2134
1684
24
4991
504
400
43
1280
98
684
1635
870
644
73
1087
145
818
18
173
6
5610
111
1277
105
581
1727
794
129
1922
2010
6452
1854
20
21
365
3648
987
1049
1869
253
1208
181
1276
58
523
420
962
109
322
2584
1556
1672
282
333
688
512
1241
6
84
367
26
993
1385
1478
1579
88
1003
910
3374
1566
35
865
2373
297
24
49
2019
727
4671
1
26
702
10
1052
3233
17
337
4574
1067
159
62
1248
2678
872
95
53
1996
4283
3
1876
745
3
47
153
1470
4
1521
10
1698
912
736
825
1556
2000
46
1202
148
40
15
2387
790
936
67
216
62
128
26
4261
388
1717
362
321
27
191
306
662
811
977
9
1960
211
1710
81
526
1013
2302
58
1285
466
426
331
309
118
1164
955
153
925
24
762
933
613
723
612
331
83
342
62
819
722
14
454
420
1727
7
10
574
220
735
57
1260
1
3768
2403
234
763
1446
1371
716
408
37
55
628
1219
758
7
1146
911
838
3556
617
994
1443
114
2783
5297
1554
38
84
4611
11
1482
252
810
6
685
1521
43
192
2664
2529
67
797
1154
107
3258
10116
989
108
1235
94
1991
460
205
63
260
959
1298
380
326
838
4084
1462
72
96
238
135
333
547
2271
661
490
1514
345
388
1236
129
845
574
380
54
61
722
65
1943
47
1364
115
181
33
417
70
811
779
19540
723
975
531
633
1188
15
28
918
394
374
1828
1900
1934
63
32
2310
15
915
580
173
2933
722
52
111
732
346
2220
2113
22
159
1842
124
374
688
276
23
4411
1028
3025
389
8
377
691
1796
799
199
982
60
746
488
484
337
75
1140
69
2471
8
864
991
100
89
566
2433
299
2282
7
718
1731
2120
479
572
2017
215
566
447
66
920
128
862
1204
598
88
6
97
29
675
278
438
1060
1062
679
320
4809
608
33
67
2202
120
31
351
2509
732
967
478
505
593
1111
691
57
646
1
156
239
331
502
69
23
223
599
364
14
805
856
550
78
1172
2160
10
326
225
1016
527
679
1594
880
215
408
2151
24
45
567
920
364
75
406
11
71
14
844
438
190
293
278
678
991
887
16
56
42
1137
743
39
3347
2283
1316
16
737
41
648
293
902
157
93
898
59
101
83
322
68
1176
1565
7
13
1727
253
88
5
77
1208
1539
195
1107
75
532
41
1314
106
28
1243
1917
199
409
23
18
180
2
543
398
795
10225
207
391
194
7
964
630
6
132
292
1359
26
575
1852
1137
911
499
1553
204
1507
38
262
178
248
99
275
57
1182
491
3
2026
373
4
123
347
2813
384
396
1370
2
869
959
2921
447
592
769
722
953
888
473
82
1425
78
402
265
479
761
1217
21
70
1661
1855
683
979
1136
304
483
349
549
128
239
1337
35
546
7
223
68
15
1452
510
116
47
67
1590
45
215
550
782
47
605
766
1866
271
305
1720
10
729
1778
41
1747
621
227
612
72
2295
2266
4060
281
581
18
2023
35
357
110
25
569
54
1027
932
106
2545
175
44
1636
39
196
174
1003
59
33
174
1639
102
1570
794
1262
977
373
116
1348
1774
204
525
720
2677
253
609
1
159
84
2443
1697
364
550
816
731
95
846
389
783
527
254
678
107
9
75
32
732
598
1304
538
630
28
88
436
1250
319
373
1029
229
434
74
175
25
6
235
23
550
142
382
117
600
28
3488
610
68
1022
2560
996
9
1843
390
609
116
1697
1936
50
1050
852
742
55
47
1979
820
1518
51
1873
79
547
130
1248
1301
110
4
452
3359
137
1791
88
5
751
115
888
153
215
1613
164
1202
20
584
69
13
1000
1257
158
78
100
903
524
5918
2029
50
1994
14
554
22
975
404
113
2922
136
510
135
1943
2031
1124
1388
631
125
220
170
21
42
461
187
84
1592
384
433
752
1593
66
144
510
448
91
23
286
10
1810
1491
224
412
62
1294
1921
24
446
114
75
133
204
2427
8
209
1143
1834
10
549
71
167
960
145
146
6401
1334
1008
401
148
4044
99
65
1138
1608
370
1897
1019
858
171
81
2
60
1077
50
1716
331
466
24
19
8
84
1281
3772
348
999
915
6
30
47
101
6
651
1691
192
20
104
86
184
594
249
1081
809
646
1692
893
2044
546
350
26
1079
2450
1568
1234
9855
248
2117
483
4225
278
27
1694
696
38
752
763
2573
1296
826
1565
20
3733
290
13
82
53
253
44
11
45
587
1154
3260
75
116
13
115
26
1774
95
1199
92
89
1193
127
2098
803
52
1593
712
475
331
343
1194
99
1796
59
1399
181
15
3460
715
399
1215
451
62
354
223
1565
428
169
28
559
381
3342
82
10
291
383
561
76
107
1866
78
1038
200
3165
395
837
1315
837
90
1739
55
137
175
6
1843
126
958
84
2379
159
243
731
258
143
1051
18
254
2453
878
80
188
1525
757
387
1629
7748
737
1290
51
274
650
462
253
465
1001
1156
537
902
822
959
2411
771
627
147
39
1287
519
680
397
2041
451
437
984
45
384
25
21
387
664
1452
956
893
1506
31
1673
175
41
851
334
737
1272
1066
1630
525
341
574
28
203
41
1291
167
124
2174
10
865
116
1113
1537
535
55
9
145
689
2138
178
278
31
24
1111
44
2410
3
9
252
2
177
862
597
97
923
4181
28
24
172
49
1038
2852
64
2832
853
1289
819
13927
960
725
666
258
83
476
1022
2143
45
339
83
108
33
198
517
807
157
77
412
1023
869
621
2151
111
17
69
44
662
56
37
313
738
748
327
106
194
46
183
190
999
1016
501
75
34
65
292
1669
1008
1707
597
873
1767
16
1833
29
1068
595
1122
448
156
3751
1627
25
518
67
2185
725
253
966
158
454
22
1632
113
438
66
121
6286
6
661
1440
123
1659
90
1051
1056
2345
174
435
8
87
1145
166
306
245
17
1707
499
524
517
724
567
374
114
12
2114
15
100
69
47
897
361
89
73
2208
196
1085
581
258
689
2197
8318
9
466
455
1100
89
5
1106
813
25
224
552
7
81
613
865
786
172
397
1057
14
272
42
118
1121
106
222
314
238
33
182
658
74
44
1193
82
131
423
12
113
3062
534
667
138
2353
228
78
155
1960
95
98
24
40
732
21
327
7866
378
68
261
83
34
153
121
1103
235
1691
445
317
964
666
81
458
20
181
2879
22
421
13
3133
170
5
394
726
121
49
134
43
2694
13
2416
1185
975
50
630
76
9
28
144
1341
1224
15
179
272
438
253
414
3582
30
717
149
147
295
266
84
645
626
914
34
175
457
33
704
221
10707
113
252
200
5733
311
445
2150
444
2330
2182
1393
234
175
30969
9
1363
369
2447
1911
180
1
228
600
2144
268
36
924
1724
1
82
47
341
650
3397
241
445
1175
2170
395
595
328
3550
154
960
4
24
90
109
8
1102
616
984
141
322
1098
1242
246
480
729
96
2662
869
34
128
620
10
736
87
775
280
58
1024
1192
56
547
814
667
31
498
76
1006
288
20
121
488
1909
54
158
651
29
302
99
558
251
21
577
1578
556
120
248
1353
1839
146
117
1052
528
226
187
340
27
254
702
946
222
2989
1317
75
582
75
83
4351
127
804
43
1554
1141
489
59
36
870
2436
479
755
174
198
805
1436
11
88
22
1435
5845
868
85
187
2409
970
553
996
17
103
3351
1265
409
46
932
17
1352
1137
1403
15
322
296
573
376
3852
1313
3546
2880
1511
24
20
937
2250
154
3507
2258
632
2541
1025
84
65
1671
863
3271
1776
129
1103
162
671
1231
471
483
3352
2
123
2379
13
1934
749
1184
124
1482
564
875
2
1167
20
116
667
313
771
222
150
10
346
137
25
2328
42
10935
94
10
550
429
351
51
1823
1438
188
271
37
1323
171
318
272
2380
1710
1778
893
183
60
190
4
1449
271
757
1
768
513
81
156
831
73
1565
1515
709
109
89
91
333
343
63
233
372
1302
78
67
20
5725
249
1016
1352
211
1591
22
108
2043
97
109
909
222
444
815
6
1752
40
88
325
718
857
3035
193
490
647
267
761
1617
238
1741
280
5
116
823
32
1283
77
5827
481
490
54
2418
3200
181
1
53
1468
30
90
137
1197
776
1624
961
27
551
269
426
107
26
251
92
647
2848
4
5781
793
54
330
74
184
1
195
240
712
1340
217
187
291
2539
345
570
251
2065
339
12350
18
343
1232
1357
462
1304
1080
78
722
47
884
213
5966
334
72
555
312
23
149
118
76
3057
55
874
279
946
19
1408
215
44
38
79
1506
361
242
590
79
20
711
15
5284
360
148
1378
132
3337
694
1297
622
1435
472
147
624
25
416
800
12
459
869
830
236
328
3373
178
189
3735
845
1095
390
174
383
6
85
432
80
132
2965
28
790
972
999
335
408
1547
61
55
217
234
296
1930
820
925
2164
1241
729
1356
1683
605
45
798
239
325
886
29
1124
158
23
47
20
166
798
285
615
70
160
195
893
659
1874
560
43
679
622
1087
12748
485
173
12
142
1187
55
1493
57
884
7348
274
157
530
92
283
20
410
361
1068
947
191
41
1020
2449
139
530
40
2121
195
9
29
709
1418
154
62
38
324
14
369
700
427
1149
438
51
303
432
1195
1303
33
1312
1783
88
54
594
147
222
613
26
24
180
1339
29
378
65
154
200
719
797
881
464
134
187
427
103
949
1
753
323
17
106
858
3211
920
1307
230
2795
625
4979
1247
1197
238
621
479
2310
63
234
1432
6
135
1765
2100
103
176
610
237
1651
464
63
71
148
2951
379
81
230
20
657
2029
72
76
874
189
31
302
232
817
300
290
33
64
1267
538
2812
536
710
122
431
288
119
699
1101
485
4280
151
3049
32
727
379
397
400
1467
32
13
100
30
75
78
43
4050
76
419
736
29
75
1226
1086
1242
58
1481
151
23
193
3
161
283
78
972
155
848
397
83
155
19
138
66
19
