16
938
127
125
11
8
13
989
256
124
1
31
126
101
101
74
256
288
299
142
29
7
11
634
57
115
31
123
33
44
433
13
44
64
121
5
127
125
8
66
132
3
122
125
2065
325
125
981
135
237
29
20
1
125
156
14
140
274
389
244
126
127
613
442
463
242
338
193
195
256
122
211
220
399
267
307
147
12
316
121
216
1447
125
897
287
323
245
28
276
343
9
240
189
122
85
8
1
183
72
1
122
126
448
35
1
160
198
919
1
19
1087
482
72
493
225
244
557
977
248
396
791
248
14
75
884
284
4
276
202
96
18
773
222
273
242
33
261
1165
441
512
3
230
24
55
163
8
169
372
125
248
261
262
284
1
264
296
1199
30
257
666
140
181
265
906
255
123
125
287
211
49
251
259
290
131
617
33
170
38
104
3
245
614
6
242
173
249
278
238
125
212
1777
17
247
128
270
248
465
444
270
258
240
252
4
123
