399
671
3
847
233
42805
521
13891
1
1
6458
10130
91
102
492
11
18
12
475
2
31
122
4
689
402
23
2
193
6055
58
4293
3500
9
234
82
28
47
62
8
506
124328
577
98
281
1727
177
1
243
1416
1334
8
92
125
308
222
190
353
204
322
90
182
1353
55
164
125
175
1102
190
6
12244
1631
218
304
206
17
5212
190
695
223
934
95
4
24
6
22
71
76
1757
3818
66
181
28
1302
48
44
168
73
2
20
527
274
76
2
3394
33
123
3
40
399
603
62
2699
179
8
1
3492
2832
164
1
1359
12
10
774
974
1829
278
341
1
219
62
4319
66
18
232
302
71
177
8
29
1663
134
6
1
6
151
203
211
151
76
183
129
183
15
6
4561
342
71
1086
7
236
150
55
289
182
192
1075
124
158
123
