1
1511
693
218
1089
805
261
1060
2720
53
814
2210
824
769
1849
1292
370
6
600
22
1793
1549
70
25
518
188
77
2019
466
73
684
364
180
20
205
1218
35
7164
198
1205
6
346
281
220
450
1389
1280
564
1644
2046
1063
9
3352
2303
36
1039
1622
564
464
1215
568
2280
213
78
2374
117
6
42
129
675
429
315
634
29
226
4388
269
209
638
1976
48
2300
7
63
198
239
188
1010
27
393
54
486
795
88
929
1586
8
430
1547
29
970
4977
259
15
1544
1065
1192
1140
24
5667
1889
411
1479
2
3806
118
733
997
96
214
714
1649
966
1339
1236
2612
1434
1637
42
776
119
4795
2366
9
222
23
917
589
3340
252
3825
1089
1211
2789
30
2888
449
675
443
846
919
685
1135
1389
1521
1249
1123
1002
635
3360
1522
87
744
1472
72
251
219
1387
2338
1151
237
987
1481
2915
412
6543
769
1444
579
4295
30
37
1334
23
2207
1406
2181
303
1040
2975
467
695
417
405
629
268
1576
512
8
1944
1233
773
1878
3572
302
18
1689
2855
1417
40
3559
631
225
1192
281
794
53
1034
885
569
1042
885
950
1443
1712
1668
1808
1268
531
2871
152
1675
1112
2198
2311
1119
865
18
5289
1766
144
1109
132
29
1550
596
330
445
1711
1747
1859
455
215
1941
866
784
232
1056
1277
1613
253
6344
1357
235
1085
1169
441
696
978
1316
1763
441
2979
1851
1378
1133
25643
211
410
1290
2
24
1668
2059
2151
358
436
44
2706
1138
42
403
2104
3269
884
371
84
1109
240
64
288
751
1298
272
74
1557
644
789
338
1269
1153
476
1456
1547
122
869
1605
2172
876
101
1242
2350
1062
140
22
2470
1793
672
731
1650
253
944
420
255
1527
297
1087
1355
1658
2310
24
448
95
439
1658
278
51
20
855
213
1432
68
436
173
22
1588
1894
2105
7103
1087
1794
800
127
368
910
1445
1875
4760
1681
4851
248
1024
2094
176
1044
1320
2248
767
385
487
653
728
858
211
1555
1152
353
2097
645
1205
346
113
1004
940
86
210
1000
1278
1975
3026
245
876
1741
342
19
1379
118
3966
750
32
224
1097
339
1197
2829
569
1434
2904
1032
258
384
1398
32
171
2267
50
23351
1338
457
594
71
16
456
2936
1008
161
505
8185
214
4472
3351
302
31093
395
1247
1411
1306
104
3383
4490
612
337
115
89
1208
72
782
1224
1897
27
419
6600
1386
2662
2800
977
524
62
533
1166
1255
624
25
1026
2008
252
195
990
1931
1845
407
386
33
1164
723
1312
817
18
362
3220
34
1713
829
915
2975
260
50
3322
204
67
903
14
267
103
845
1503
1023
89
3700
5663
1341
1388
10942
1005
1540
1948
2652
369
319
1214
1403
1510
1246
2320
1841
282
2475
45
1395
6
1089
42
409
1003
1093
75
1
49
151
1179
337
464
1319
290
2928
218
1410
1396
951
1920
296
1631
90
2104
821
234
2754
980
384
7
105
2290
138
879
1636
806
405
178
1036
106
877
819
155
1065
2487
5424
240
847
2601
90
183
1455
286
1219
1696
1
1574
540
420
989
75
1282
1066
529
386
1603
754
2184
1941
583
1794
66
1650
947
2470
631
1537
96
680
2521
1193
1591
327
3158
1674
949
1538
405
35
6972
47
760
1684
724
6241
625
3353
821
2110
1656
374
413
68
202
184
1
72
3071
125
1968
1230
64
821
1192
578
647
212
901
1047
64
2096
200
632
698
210
1410
11
747
304
1229
674
2755
20
1277
1898
560
95
87
24
122
922
2621
469
2023
364
2950
1610
2053
293
2046
484
1407
615
131
1340
834
2219
2153
272
23
1243
1218
763
1900
1107
722
763
637
903
4
102
1826
58
36
511
37
1139
2231
950
191
57
4371
3106
175
2283
49
1342
1100
1109
46
1151
6567
247
86
239
267
522
275
26
1763
127
575
964
26004
268
159
284
26
14
573
1779
661
64
473
562
1357
66
742
1339
266
119
1465
4775
424
1440
1077
1675
256
2020
123
50
491
1258
523
750
111
1152
37
626
999
51
387
1135
78
617
1608
751
3022
772
4699
122
2539
582
1352
1079
494
30
866
366
2716
1808
381
1093
27
30
61
1947
702
118
1734
1612
141
635
3201
1312
1546
256
1204
1822
483
151
601
839
927
1327
1668
3632
3041
951
276
135
311
1757
11
3614
35
202
73
7108
43
2153
1218
623
1237
683
493
541
1312
803
1644
40
278
418
1743
977
1798
2300
934
1312
1074
710
25
2851
351
63
1335
1123
221
3004
497
300
328
130
423
579
1078
874
3424
1726
352
584
46
994
598
325
988
632
511
1
5177
500
4122
121
5556
302
46
57
1429
953
1226
39
72
893
1183
1192
3218
1085
686
770
1519
40
2965
1414
969
1781
1334
952
2193
265
283
58
1449
146
115
2370
461
25
1601
2237
1140
917
270
872
535
408
579
634
5970
132
1423
1430
4609
1758
45
1234
863
767
102
1768
2265
2970
94
853
2879
4040
1078
3133
1858
1247
2629
214
289
5711
476
320
177
1695
106
325
782
65
82
1066
184
1564
117
1834
320
33
1389
18
1594
207
2859
408
1454
231
4784
242
273
900
272
2134
758
1595
112
782
1669
651
92
1926
1859
277
361
4694
3000
181
392
132
3809
2989
865
244
556
3079
1346
188
758
435
376
20
2029
289
2156
1526
855
1541
108
1493
4050
3505
265
772
1730
24
56
1583
292
3568
97
1231
1522
1395
1116
1441
1537
739
1061
133
49
1459
266
10410
879
1497
2735
312
1686
1172
44
456
9
407
23
584
152
950
1615
3210
1680
1621
4684
1352
1056
1049
1519
1590
1661
1691
476
792
951
2539
1059
2441
982
514
1767
504
495
1640
1213
1478
2848
1361
2479
178
92
60
615
1014
2071
768
1139
1110
1540
1728
2216
1302
1349
697
2139
55
428
2237
1099
1933
958
1503
235
3248
368
2353
39
1741
7057
336
3105
1115
1236
44
2913
743
106
2056
2179
2261
56
914
221
73
752
1359
228
620
1244
5401
277
682
162
969
6845
79
159
2202
74
1219
1089
501
1649
523
1013
103
107
672
1925
131
860
1977
1216
1554
99
974
3469
1231
186
937
4
3178
1455
1673
79
1384
1616
363
10
36
85
1187
661
1275
33
790
209
539
1611
849
572
1094
109
1621
355
83
367
2687
269
57
1350
97
2445
854
220
1532
656
888
1722
1131
75
329
1160
259
1862
1828
794
134
359
1585
1194
973
3978
5447
652
38
159
926
3249
161
700
1309
1607
4892
110
865
66
2457
1128
1302
586
42
934
301
546
1387
1184
806
615
281
796
2143
2014
62
1241
371
25
334
537
855
2047
1436
2132
3449
26
64
67
733
1645
1337
1343
272
857
97
1454
750
2032
1727
4973
1382
1097
5798
458
92
3038
283
2021
698
24
508
399
79
678
328
1748
737
1220
2111
70
1543
4
218
1553
133
667
98
1124
328
688
1151
3
656
869
309
1418
1625
991
1888
3527
1541
2451
147
2085
2003
5598
1783
1583
2183
2215
140
1960
1080
910
809
2072
487
210
926
1175
14
1272
118
11454
463
14
51
1312
958
87
217
693
1342
1597
6081
903
1016
743
415
228
2273
2325
26
522
1570
756
613
276
2228
973
51
2769
327
56
2344
2091
2382
2479
601
6
1637
117
31
832
42
2364
2679
2637
536
2986
224
1248
550
1451
211
109
2995
957
467
96
1151
1028
1637
1326
430
3
580
9524
48
367
733
1038
1505
888
945
105
73
296
118
2094
201
3724
1722
28
1937
2018
161
502
22
1239
45
2173
351
173
464
810
1423
151
479
247
595
2607
141
1750
38
540
1260
3003
176
1141
2460
1125
563
530
1269
2798
1358
967
39
1513
1525
986
3025
1290
130
855
8
55
3230
2939
2008
1259
1636
847
270
438
37
238
337
1808
424
50
1862
32
1719
62
311
59
784
6152
291
12
1048
117
1547
503
1996
5
2848
1777
11
33
146
334
1285
585
336
2605
767
2139
230
2310
1620
1331
3577
1946
1739
984
1260
2874
118
3257
719
289
798
1409
384
986
95
724
2776
71
44
880
280
1372
544
66
2609
4655
986
1193
330
4796
14
322
366
125
40
1494
660
644
1546
826
400
1068
981
1551
1880
1022
1304
628
880
924
1350
233
994
423
2158
1929
2942
14
108
879
899
1366
1228
659
1524
102
1040
118
1610
1358
1440
2318
1043
471
81
738
2296
867
658
824
3164
1121
527
314
739
1427
46
2113
139
286
2356
1632
1349
1315
45
243
14
91
446
2246
878
10
1763
1220
572
1234
194
216
626
274
1477
449
138
1365
2913
1194
1371
1406
11
1921
75
133
499
1480
5048
192
902
1750
1572
354
70
1034
205
900
110
364
2056
222
2012
1222
5604
121
874
2124
4696
1060
590
866
27
35
2016
1022
43
244
416
2917
1236
2050
160
32
768
38
1108
1720
9
3827
66
1257
371
2862
1140
1208
1107
946
55
961
184
3082
1971
3
827
1260
730
1252
1087
667
897
517
112
449
1794
1893
196
517
908
1455
434
2173
1355
1662
75
556
2548
373
319
914
1604
553
1655
295
1417
347
1025
294
6480
1063
903
337
2205
1233
10
94
852
1846
2389
446
140
1145
257
709
182
1731
1743
464
1011
1649
1428
159
120
1177
1251
514
1277
270
3433
1405
220
437
158
149
573
1064
1812
1598
306
993
1457
1667
259
481
3361
5584
2599
1419
927
1342
1316
2074
1153
146
88
334
108
1132
73
117
960
1632
1581
19
3424
699
524
565
1504
745
1472
2075
77
544
2024
1420
832
2131
20
51
2962
100
258
746
75
1327
1292
262
142
2037
2695
1819
3
476
1200
2602
114
1980
464
766
38
17
535
1713
1144
32
39
2876
995
1664
40
1683
867
503
154
90
72
537
230
76
1075
196
202
1465
227
2836
1345
2324
1974
48
1166
243
1909
2254
454
711
264
2031
1557
1954
1676
2091
607
280
150
254
1627
27
905
470
515
1165
171
1234
50
1061
202
530
540
2271
1022
549
692
1157
374
840
3453
437
1822
2976
762
2104
1269
142
44
1435
1837
1525
4556
2029
3004
3748
1858
671
732
181
1229
33
842
170
340
307
676
1109
1995
799
13
185
2121
1139
1311
2135
3962
133
697
140
1013
1270
73
145
838
32
126
403
2539
1413
105
463
1531
2077
1242
4685
1819
3190
4020
1103
2161
1751
2374
2621
2978
161
878
2249
163
966
126
3019
302
125
1326
1185
282
1845
53
2614
217
211
141
86
1305
1034
56
52
453
2458
772
63
71
726
333
2930
348
271
746
1432
943
1920
282
650
824
1
1033
572
1139
1236
3055
809
940
1749
245
2315
1470
3169
3637
62
2876
1575
1008
1934
1176
171
1023
25
2804
364
2580
1599
1045
1369
1070
2104
8
477
314
1866
511
2795
209
3224
4001
887
6028
1242
4328
3117
1541
2602
3326
1501
336
678
154
1951
2282
124
856
13816
6560
37
115
3935
1909
593
2070
3008
2488
684
1506
123
5786
1656
17
31
426
2370
209
784
76
220
3075
1002
2227
3373
1354
358
758
391
399
3249
798
511
1298
163
3888
1612
1329
1200
1082
360
1331
367
64
309
1390
17522
1385
154
995
2319
206
313
1357
80
685
438
709
2619
124
890
3036
87
1250
56
752
1726
231
1288
1231
1339
1049
718
1199
1925
712
1724
266
79
1114
873
658
150
786
49
599
259
80
112
2408
1255
1218
1253
393
5547
1080
1856
2187
178
962
296
6203
1363
1611
1256
1551
305
80
1214
341
920
6142
1014
67
307
549
10
292
967
61
3623
1108
1310
3175
944
225
258
1481
1920
1118
182
402
285
180
355
107
1728
775
1265
223
321
159
1092
75
652
893
1089
120
297
536
171
460
316
73
866
1455
21
727
104
1484
964
1181
400
1992
100
1159
994
1028
37
1817
642
15
656
1264
4398
1478
66
2607
291
801
283
2001
1027
536
667
53
83
2747
1378
1253
138
1359
1222
94
254
2890
480
58
1196
42
307
24
1770
54
227
3350
267
7
1444
458
397
51
1549
1027
135
4
58
665
893
689
646
2068
1008
1639
6390
1029
1345
534
1065
1691
2598
670
1087
1162
27
1849
16
921
970
2190
1047
5127
202
33
1760
393
1863
80
1066
41
181
2102
1221
1285
1309
1501
3265
1151
2461
2101
1301
195
3445
1062
198
387
598
15
1635
989
6628
219
5927
756
865
1726
1409
1676
69
3193
1291
100
53
157
306
1478
14
434
2469
180
10
4027
1436
248
1989
426
2917
826
184
1774
367
1688
1420
620
1346
1137
361
4200
217
1365
3189
4199
395
2578
1307
80
2209
1852
1093
1462
72
194
1810
451
225
2671
1116
45
3198
133
324
1152
852
3766
2633
768
206
1381
2190
392
41
157
582
58
1903
2369
610
1027
1417
334
1063
779
313
1763
1591
657
838
2061
849
2041
209
586
1177
894
3388
78
1144
652
1215
2407
770
2445
36
1847
1012
373
2105
203
1155
692
3464
2116
1032
165
940
4792
319
320
4154
1792
333
214
1923
190
241
1715
1532
983
370
2135
1199
549
1852
160
530
441
1754
57
793
1076
4130
2485
429
2176
1734
1584
47
2843
330
1468
32
747
1004
289
752
142
313
1587
891
674
96
229
683
2557
2351
102
1354
72
1230
2234
1115
871
2662
2883
13306
3261
35
1684
1086
2435
761
387
755
111
1872
1514
2384
182
58
1295
818
6352
1160
34
893
1148
368
2431
1105
95
2703
313
258
68
682
1288
379
2355
83
1518
114
52
704
561
208
3527
254
87
1383
853
122
596
932
317
195
386
1103
847
634
847
1176
669
2811
942
225
876
278
27
2195
53
255
1344
3950
2087
664
1500
1465
1463
1
846
767
53
2788
726
1308
1247
833
722
1103
614
1435
182
1507
1064
2417
1335
44
470
344
1233
434
4197
4037
1046
1253
824
1207
1017
1524
1267
1748
365
57
267
1486
1198
386
3043
280
1352
2116
2511
207
369
578
16
1907
160
875
2014
2175
305
98
989
1190
45
1966
767
68
2205
74
652
682
848
1738
1618
1508
42
2080
749
85
2058
414
247
552
1496
158
378
846
799
846
2010
1572
612
264
1526
1378
94
739
952
224
2032
140
2087
685
3493
579
187
377
431
1122
832
542
78
3448
353
4864
2267
2937
137
326
1908
1902
1710
759
247
638
1312
312
1939
923
3502
945
592
1195
393
21
91
486
790
778
498
198
133
239
1009
458
233
1027
1892
3167
2895
1506
1741
210
1421
153
1612
691
1174
1026
450
769
218
377
711
36
481
332
141
31
141
720
864
2229
1990
421
1186
446
762
224
376
69
1165
209
3
594
608
1325
920
1461
515
2185
2243
40
118
1468
211
239
2175
334
1423
1625
192
954
1206
1902
956
605
53
1028
521
133
947
1798
161
776
1233
255
489
447
1201
225
1686
1480
94
2520
300
334
571
541
2368
1506
1179
1310
2167
1233
2084
2967
1658
905
946
1448
152
14
665
2250
145
279
244
226
271
2389
544
1717
1091
35
861
1567
30
1119
343
1354
377
149
189
834
663
1395
160
960
281
121
1119
26
986
3170
484
314
146
2237
916
702
352
331
2217
1751
1791
138
2115
257
815
854
472
2399
1445
781
172
837
383
2376
1389
55
840
713
514
1138
4448
1995
792
484
19
671
354
359
393
2453
1580
1443
215
1173
4683
309
1263
557
36
203
4419
1386
1522
2794
968
524
1455
1380
1918
2098
2727
1585
1331
8
1056
227
139
44
777
171
263
671
16
9
1581
1545
1575
9
1214
7
1077
125
474
1080
1413
847
173
1504
103
39
1091
2968
280
1166
510
19
734
1977
942
173
1187
999
237
585
297
1906
1315
984
954
46
81
273
152
927
2248
746
179
22
7
456
741
259
314
2302
263
1429
491
1163
4670
530
130
1510
825
1211
32
585
1356
486
2381
991
1360
2357
4462
727
812
741
1830
194
32
414
1635
1947
7
1919
1173
681
384
1944
268
381
1071
392
316
2497
2119
228
1
203
977
116
1331
32
414
2230
743
513
1024
1368
17
2752
1664
1390
1253
788
997
331
1456
1133
1609
413
686
1338
566
72
519
1230
488
1855
3715
2869
340
1938
326
2791
1175
437
1103
113
1881
20
340
1074
19
820
1329
414
1414
17
88
78
2412
170
850
1226
38
2317
232
1142
1115
57
672
341
4129
575
53
858
459
2
1559
47
359
1229
12
941
283
80
723
2542
4006
2871
776
1198
671
243
1096
1961
1440
539
1158
633
1370
800
3423
572
582
1572
1089
2224
207
364
2164
664
71
53
1204
1501
1579
3143
73
1068
41
680
36
139
1837
908
56
793
993
9000
2055
5179
221
725
2982
143
1959
916
14
1466
211
194
670
737
71
400
1089
288
2032
332
448
298
251
64
195
1319
1395
1213
496
1936
446
477
358
417
982
96
123
1030
1615
2039
479
1050
11849
2727
260
2880
1249
1099
2144
826
719
1481
2434
438
176
167
37
2184
796
356
160
60
1948
913
23
1017
594
2069
1598
2881
277
1645
5961
999
114
748
4796
83
338
214
274
2561
2501
554
1408
2163
928
221
691
677
187
2536
3558
207
101
283
1483
649
817
359
313
1410
652
26
570
519
636
200
697
2038
171
1030
1429
1838
543
1840
191
156
595
4411
478
984
1719
321
1588
605
23
1598
45
415
837
2012
341
26
1804
47
59
659
197
362
400
396
161
3335
664
89
27
682
62
521
592
118
1612
1098
1338
271
43
2292
478
263
225
112
292
410
73
55
982
1648
714
713
158
52
23
18
174
1630
614
1225
106
19
1416
1377
1212
307
59
213
461
860
756
2847
1371
1118
589
253
1161
647
211
137
1044
205
1381
875
1333
1564
381
2298
708
736
156
1200
502
1193
789
3431
1195
2930
24
998
48
44
1769
73
1582
26
773
5544
1263
614
97
72
396
565
2017
1150
633
761
1397
636
1481
405
215
106
159
1328
767
2753
25
533
27
722
64
50
348
379
1131
1262
309
1641
5010
1319
2433
1652
1137
323
4925
448
26
3046
251
5262
2534
672
389
1826
754
1910
1870
3451
4507
313
2008
1837
540
1
98
605
265
575
1209
1797
2611
43
226
1308
1601
90
743
1788
29
297
1055
86
1187
15767
1224
21
839
70
2361
437
1077
132
420
799
1876
45
670
854
1272
1314
1198
1353
533
1031
1080
737
79
2024
1995
30
773
48
1500
867
91
608
251
1240
3490
13
161
6
1343
166
3208
1464
293
1115
763
1416
1526
70
1180
53
531
895
398
2315
207
1428
19
986
2560
416
47
1105
1928
1721
752
11847
116
784
193
462
2529
2174
73
2321
40
1101
2990
2336
2931
1512
181
572
11
1298
932
165
654
1768
106
3322
44
576
26
2806
2754
1947
178
478
958
992
2170
2040
2549
2191
700
94
181
42
5022
660
55
3900
2428
1485
595
1328
25
1094
1292
36
1169
2065
925
37
999
860
894
3320
407
157
2366
163
29
1135
14
1481
2451
189
474
237
1066
3335
190
298
1794
427
522
97
120
47
128
1391
1200
5581
1599
971
3143
634
1204
644
1514
939
508
652
902
1
963
690
2029
1969
29
164
1520
2418
969
51
1086
1132
3517
2757
899
588
3014
1715
1619
1429
3
1317
1593
1140
388
2020
980
723
483
403
331
1269
1772
298
1252
1748
4219
1144
3286
1980
285
421
1495
1047
1599
764
952
1048
1762
477
2553
1230
871
583
197
909
1857
2467
1927
912
2252
1261
29
5528
859
1715
1819
1055
692
2591
19
3580
365
2534
1022
2006
2223
304
99
404
1410
3154
2995
53
2171
1558
269
362
343
448
3294
346
1522
220
2374
70
1484
1241
530
1359
96
1123
54
476
1923
4103
318
787
1434
570
1534
2251
194
221
285
1647
833
828
1234
604
1858
194
959
1718
830
8257
249
6659
49
382
1941
1274
408
840
1226
3013
57
551
1089
254
1534
1145
739
891
256
212
1555
12543
245
471
1402
163
1203
84
2781
214
543
374
140
1969
271
3583
1
2273
1083
1702
8907
132
12
187
218
613
410
361
679
1908
1225
119
2026
2087
263
3452
1528
76
123
1536
610
911
1235
1422
511
29
956
5629
657
1487
45
1500
2221
1033
932
1796
40
259
334
789
1878
1588
26
2496
812
1460
324
1847
683
1415
895
2901
904
1863
1289
105
34
364
1688
4245
952
2335
1980
1121
27
914
2834
2779
2062
807
1647
2562
107
1862
1740
115
225
257
1131
1088
426
1053
501
291
369
3323
15
360
5
1257
65
21
31
1765
240
1193
123
37
972
1074
1630
1419
1203
272
1291
981
188
543
4319
2193
1069
1808
54
2
2365
1680
470
1160
1662
3294
962
3346
6416
694
105
2300
1632
4373
3661
184
369
548
83
1746
76
32
796
443
1362
1444
1619
191
272
1871
556
774
2643
1092
765
594
1550
391
295
1279
852
1846
1026
17
2133
2971
1481
1301
443
2110
1825
1731
1965
160
1190
149
677
1550
2441
143
511
311
625
669
1900
1255
165
633
7437
1976
150
363
233
333
779
13
2702
3021
1765
484
368
238
82
87
2174
922
1406
1253
2533
1016
1536
1548
1786
1230
1889
3663
238
1074
1178
1970
1190
13
551
533
2592
40
740
730
78
978
774
1374
3189
3177
3526
1025
1010
2514
1328
158
660
849
251
51
3029
496
755
5998
580
1863
1619
513
1069
41
155
488
225
299
325
1286
1590
1023
21
4238
3093
257
356
553
772
3770
557
841
769
1646
21
364
50
1883
1104
1663
1650
4841
2198
1493
58
175
686
1265
823
116
806
952
771
1094
2
9
1207
120
1463
972
2321
75
503
568
1121
1120
1123
1238
635
625
33
883
1156
1070
834
76
1860
3378
43
109
2254
1377
2249
2539
126
72
166
58
59
1421
1722
526
1746
930
199
1511
1365
661
145
1700
74
21
1168
574
1883
229
1569
159
19
11
524
157
1219
839
412
1786
2050
5
899
1417
336
2375
2112
404
368
663
2559
2291
507
2469
32
740
317
3120
1694
1001
2696
869
1206
355
930
1174
2568
1303
2282
301
1446
6926
119
507
1712
2805
1259
6264
764
468
982
2261
2572
870
1538
1290
1044
3736
45
394
1915
1775
2862
1103
1736
925
1444
2526
1440
1132
24
1071
32
1406
832
3444
2665
290
34
293
15
978
112
1468
1445
186
138
98
529
1496
1035
959
542
995
27
2026
1380
290
412
28
1292
1315
4157
64
4768
790
1521
1397
2253
29
141
15
476
3
862
53
688
93
90
3694
987
70
93
377
1349
1524
1641
486
1064
3465
25
918
2086
127
948
3621
1124
427
745
905
283
169
1563
709
29
59
283
300
178
501
2325
1246
117
1132
480
287
370
1105
1715
40
863
727
1368
93
2121
2265
940
11
2453
52
934
293
1742
1828
1397
328
1485
505
2288
671
157
1091
405
1100
119
1088
283
1831
218
1001
1624
1777
1399
521
99
417
1056
1253
2253
1318
469
1290
1074
1870
1493
715
72
1
1350
208
19
30
851
493
2573
194
47
297
2937
281
11042
1318
924
1793
3142
25
1528
1858
117
183
649
28
2157
671
651
9
1284
294
1278
1085
189
2269
1266
886
602
1657
392
775
2037
772
1673
1779
1244
1
865
1786
2546
128
257
1329
923
1316
1050
2263
1782
122
1759
98
649
9
971
208
995
1847
2621
1247
1509
157
78
21
260
162
1678
1220
225
349
60
141
307
2248
25
78
4140
1703
5317
1417
196
1180
463
1039
485
312
986
920
321
48
178
26
28
765
53
570
58
1052
3
1687
993
2526
913
1451
198
31
1533
608
1277
1613
3147
1004
474
1731
1604
83
346
1256
787
2025
1105
2819
780
700
2026
1403
441
10
1018
2395
1901
135
927
1293
1572
177
258
712
1515
893
660
321
209
1516
98
1292
945
326
2132
1354
1686
130
42
220
1855
1683
1707
68
360
1164
51
585
1483
1496
1092
1064
673
1205
198
272
2697
1565
558
3469
1066
28
1096
1351
870
1192
21
1903
1307
1386
1503
495
302
1442
10
1239
59
999
1529
1103
1925
1858
1234
807
270
129
2987
850
323
622
2291
1069
656
509
315
747
2487
1963
625
1722
1055
668
544
281
347
773
40
873
2119
394
3009
520
678
5024
1834
1549
109
7620
1084
5227
1177
1718
83
977
1388
1484
1525
50
1137
916
232
829
31
1640
1382
759
211
217
174
1418
325
1099
3711
1574
182
992
221
56
189
525
2499
78
2077
1824
18
901
39
28
222
643
160
236
4003
225
1288
1136
532
1062
2801
170
1871
1511
1323
196
66
1017
447
141
1193
1018
1729
3569
2286
484
1128
48
515
2379
1169
2542
762
694
2968
1452
452
586
3121
208
751
796
2173
1656
381
1437
2115
3089
1907
440
1312
1619
56
360
260
1491
862
206
848
1114
2
51
411
138
3427
602
821
9
1106
112
171
76
367
578
761
62
741
82
111
460
763
4669
1130
607
180
184
66
1100
63
147
404
2156
1330
227
1027
1082
26
69
548
34
1701
815
1232
22
998
322
47
1279
704
557
1994
2238
538
1838
798
185
1557
618
1296
63
1523
55
948
1
95
441
1111
2016
1450
1747
240
242
5091
36
500
1957
70
1325
203
1341
2441
366
704
270
67
1478
1163
10
15
2291
1447
1041
463
555
181
1082
998
486
1473
120
723
531
232
134
2521
2364
3
342
1920
430
1810
51
2215
200
1734
1253
944
171
1864
709
1189
1831
257
2291
243
1249
170
744
612
1199
2421
642
174
1780
505
1171
16
1655
44
235
514
282
638
241
2376
267
1187
51
1009
756
2814
63
1518
729
303
383
338
1015
2311
496
3234
791
521
446
965
1489
78
21
32
825
2593
1351
197
976
810
150
302
869
651
446
895
830
1450
1183
372
93
22
1562
882
4730
987
1851
173
157
340
1013
631
36
801
1574
831
945
1202
615
62
827
398
41
1481
677
239
386
4283
509
526
83
2315
1859
1627
1643
1314
1054
8
293
1495
460
96
48
46
1235
53
1165
3169
3814
677
1636
739
40
240
331
6
590
396
168
79
296
745
968
2224
115
37
99
1788
2101
388
2604
3486
984
38
1434
796
134
1114
203
1191
1563
1513
151
601
112
1802
934
5281
1150
82
393
69
2169
4471
1122
4369
982
701
2087
374
1915
609
408
469
530
78
403
1701
377
13
1987
867
215
118
1164
620
13
548
895
743
991
534
2645
1995
3074
359
1070
350
967
119
695
162
847
274
712
494
46
456
431
945
725
123
109
735
580
54
1165
260
617
41
443
264
708
817
1159
537
609
974
793
1230
138
168
1255
335
1087
42
1098
169
382
1214
1200
141
1354
3
1277
615
1124
637
1725
360
1189
2063
642
935
1155
1283
1302
2504
644
540
154
4223
102
344
1915
984
985
962
2394
74
1611
626
934
1455
1420
367
5199
157
464
385
4440
824
1297
145
1398
2717
58
7128
644
2024
35
53
54
298
902
1013
1656
2134
2034
10
4846
107
915
520
8095
556
114
1
486
1221
877
258
1208
1055
1109
276
133
1360
59
275
9353
1578
123
1677
1845
1663
360
1105
862
44
1240
1029
5174
2086
2254
20
1387
2283
296
1074
33
445
449
147
1637
2161
2415
2423
8
2575
112
926
1209
1164
1468
852
233
696
1275
42
1932
57
2124
1311
2518
1600
394
215
2909
233
15
46
120
21
1218
2345
2106
1384
166
233
59
127
2019
85
511
7025
2111
127
1167
166
13
1142
1312
1725
285
8
743
2240
2302
1373
674
1743
1086
794
1031
712
813
288
1141
366
337
775
1011
1223
116
735
29
561
527
5635
24
195
571
57
277
1964
75
1166
1530
792
2192
112
628
26
39
637
673
1770
1584
102
143
4
875
2232
192
393
1
589
864
350
1961
2500
282
132
878
1012
687
1434
669
1294
1840
706
211
1253
1654
683
1851
1557
130
1523
550
161
1387
17
398
1492
175
97
1222
45
373
678
58
59
1167
2183
6588
1171
496
1449
393
1214
1554
1084
743
204
298
946
706
168
514
586
685
64
275
707
116
414
1328
265
47
66
1418
1543
1545
2588
280
451
659
530
1812
1346
3193
601
870
801
1658
71
1040
1169
36
843
1394
2585
8
34
859
17
133
822
934
2313
1054
1053
968
1383
193
1316
1781
353
130
982
961
3158
1279
1400
847
946
1938
1228
1464
687
3483
458
1476
146
1786
880
732
98
1213
1072
1085
705
755
776
670
223
1913
3856
999
339
683
1652
262
2951
1370
16
291
1243
4498
59
1110
835
3051
76
264
2455
1504
23
210
1097
1495
3674
356
1925
1006
260
183
5
1473
2722
9
2074
614
4724
1120
341
1794
230
2018
1327
1735
865
334
98
149
1894
916
289
755
298
1039
1377
16
132
645
549
521
23
89
392
3152
1767
31
737
444
611
682
936
2074
1093
1540
6433
1044
3086
81
49
391
178
26
2316
1371
82
324
111
115
2184
1893
755
97
869
66
374
1257
488
56
775
1
1754
1643
1329
187
1641
1217
658
106
2322
802
411
1027
1851
233
129
666
1012
1417
675
1307
1749
870
3874
54
1474
2399
1796
1291
1675
1120
125
1086
2128
1232
631
3317
4262
31
199
92
1937
184
1853
1677
1873
962
832
218
885
820
1179
2017
119
636
683
686
943
769
2556
355
2369
559
53
2268
1471
53
14
251
2738
1028
515
422
311
2319
236
338
1809
1627
67
342
26
1327
1118
440
576
585
968
632
223
100
993
1083
928
799
757
2099
296
617
978
1110
1197
4021
1607
574
1771
6285
2976
681
1546
1205
564
49
467
3804
319
2270
314
146
604
257
280
430
1853
2208
327
981
53
182
1161
2948
18
2388
1371
894
644
1131
1695
526
1128
1203
428
925
30
254
1392
980
633
427
2444
247
694
452
573
23
262
2355
2497
17
1108
115
276
84
2884
672
521
5121
443
250
78
1441
255
741
48
1088
571
137
62
12
88
477
628
2179
2278
2016
1050
771
154
651
885
1035
1156
1036
95
903
562
729
1060
199
823
938
246
575
641
933
525
1262
670
1669
94
1472
1600
1433
856
1304
884
3592
470
1871
730
898
2140
1169
1150
87
462
188
1496
291
369
677
76
43
325
998
1290
1284
1204
4287
1241
990
2037
804
1398
6805
2126
545
393
703
969
1771
579
1078
37
968
2225
91
1449
1013
97
287
1145
426
1388
39
718
1022
535
311
446
90
3375
218
1182
789
787
780
309
727
992
1492
43
130
1043
143
1225
2419
1353
1304
568
569
1273
3428
330
31
648
59
1070
398
290
108
504
677
1081
1193
2250
300
2106
2722
80
1668
1714
1686
891
440
226
473
197
553
492
616
992
209
1258
936
2065
71
777
15
180
200
132
6469
1250
1713
515
63
858
65
43
2515
1138
423
1941
1240
897
301
346
2372
506
34
1016
319
907
907
1783
1268
1382
1504
1147
1002
417
570
78
69
2072
2468
373
1207
1804
384
114
88
761
499
287
68
218
219
971
1307
271
134
2174
11
2069
393
410
1207
275
1260
321
1501
1730
221
301
119
509
109
872
311
532
1646
236
2056
857
390
369
733
962
708
1512
1243
3559
1167
45
1584
2444
951
273
389
5903
1030
879
1158
1996
1450
1717
340
1177
1438
465
221
1106
295
338
9201
921
3412
651
50
41
230
477
2172
231
2679
39
2257
2148
1029
1088
161
417
951
1934
2899
2048
29
1529
1132
1717
1026
2421
23
10426
142
490
1285
404
250
15
829
404
3891
83
1223
2123
2067
898
1031
308
956
2300
65
346
873
532
2128
862
870
160
49
1254
154
975
145
136
74
8519
744
3666
350
1520
853
3526
965
1460
4919
1218
1896
1928
1832
271
8
30
116
493
128
240
586
1688
2629
13
1584
2956
455
1160
63
1113
68
204
494
515
64
224
2863
165
3732
485
2564
816
39
1353
660
1449
1167
489
2472
203
1131
601
1376
31
1999
119
691
56
647
383
1297
567
1529
2553
457
502
8262
294
1201
171
1860
265
1329
2031
1034
190
249
2525
110
1146
944
72
2110
118
477
116
27
2
1813
2856
924
2151
783
6
73
255
161
767
921
1315
395
1414
131
208
1455
791
1087
1513
948
340
684
3266
1896
622
595
2007
152
1509
65
8
24
228
1388
1648
71
342
1484
1297
426
605
1388
549
75
1999
1705
1609
859
30
20
3
1098
861
367
634
828
1574
207
165
944
1633
4119
348
3971
225
382
17
16
344
1991
958
1005
1081
152
693
1092
1198
165
934
1407
936
1152
644
1451
185
1251
576
461
399
294
1192
393
262
879
203
1422
778
83
31
2164
675
640
1429
885
1008
382
99
479
1570
17
423
54
2810
408
1850
119
125
530
1439
1130
248
1172
1409
32
41
35
2494
61
495
1379
2931
291
2603
2163
794
1132
52
382
374
1548
1906
1762
2115
507
961
1188
605
348
1254
2018
1923
390
1528
182
250
307
611
842
394
308
2356
30
1957
357
3145
4050
1635
642
37
303
281
1449
1981
620
964
1078
732
303
602
2144
462
2339
68
907
620
390
213
2864
1213
321
839
1848
2349
416
466
503
272
205
764
780
2190
1468
510
83
1172
1107
887
4487
237
565
636
42
429
52
904
2467
104
923
211
143
61
1182
758
757
1084
425
3122
2432
320
2514
624
1538
3089
1739
2241
1129
2014
478
700
90
1058
2142
787
1178
1502
2188
1265
571
214
421
129
491
111
1195
1730
83
27223
584
19
353
265
1721
294
193
627
34
1620
811
1657
2331
844
721
701
1486
192
1912
1652
1559
35
2237
1596
2610
1051
183
96
13
137
96
70
1358
676
1160
1119
1070
93
785
1254
292
258
2641
928
112
1224
759
95
200
159
836
3135
351
1208
59
14
531
11967
4146
1040
3960
240
125
1978
155
1503
541
894
1002
70
1648
171
2398
851
2051
1291
3711
1379
7762
1199
288
203
1807
531
1697
1569
2881
1946
38
251
944
1084
748
275
96
195
2470
344
104
1254
1115
601
979
2196
201
386
777
972
807
929
111
116
2627
1762
104
814
967
548
797
1754
1399
1561
1333
68
1116
204
1634
1236
837
234
1216
1507
376
286
277
5432
314
236
870
81
1189
2239
621
1483
1943
2290
252
1749
1411
13
387
51
1825
2368
319
199
2394
1612
1169
675
3927
179
1700
803
981
5194
1262
727
1569
392
850
1308
4739
23
1381
505
308
452
1164
2183
313
2740
1444
2179
65
269
397
180
1795
1275
3136
197
63
676
273
54
321
1028
994
1133
34
1705
1329
562
1189
449
94
2642
224
167
721
1634
647
833
1327
1904
247
847
844
111
1177
1054
535
1182
1317
1655
186
487
1353
741
1050
1059
562
414
3599
406
928
899
384
1261
31
1889
351
1102
2962
1118
2125
1309
2089
61
388
762
66
23
44
157
388
1700
936
5001
478
1539
2021
2163
773
937
601
225
950
199
826
1389
14
565
1822
324
1467
1349
273
591
2927
486
1670
7
456
707
853
1432
440
458
860
2026
64
2890
229
122
1177
938
1786
630
1154
725
2573
1519
27
658
2159
310
179
793
714
1094
1239
62
2784
189
532
1497
1276
2403
775
399
1324
2043
1885
5754
852
191
902
920
32
57
1242
3334
69
1412
1704
1560
393
866
1740
1932
979
1246
1478
97
2679
1798
405
1290
431
2393
142
693
189
879
1954
2795
1188
209
839
482
1395
1218
47
328
70
328
783
250
260
1884
539
287
250
292
1211
67
1081
372
63
1969
1131
1309
1657
6056
530
19
922
311
295
81
15
1206
1868
1636
593
323
1348
1503
4139
1604
642
315
2428
768
140
584
3645
3163
343
321
1
938
855
2274
1704
1535
911
1546
148
1883
492
728
1869
2462
951
70
261
545
1078
574
6087
2278
275
1342
2151
729
353
152
63
315
663
1862
2712
2084
1709
1296
841
483
586
339
486
1423
76
1978
1427
226
3342
347
846
168
63
41
31
1241
54
300
258
673
10077
380
24
2246
625
924
152
114
1615
1022
2908
1791
2970
1071
1080
50
1002
101
561
2767
1079
898
90
2090
702
49
256
1726
124
88
5754
1036
141
444
298
2243
966
2114
684
924
369
24
1426
1049
1689
531
1155
1327
619
288
1078
1350
716
266
1232
1213
5402
426
2195
2008
5827
67
875
272
572
604
1319
1233
23
380
1071
1277
1847
207
243
1531
20
341
77
1134
764
1423
630
423
1422
319
554
1852
1643
1688
1276
184
1157
1213
1694
1433
87
344
46
968
504
533
345
124
601
206
2743
2346
104
1113
13
716
1239
555
3504
494
300
115
1479
7089
615
41
185
1910
8803
1898
824
601
199
1072
308
693
613
501
1705
292
1294
371
40
224
2356
