17
2
132
225
87
16
123
1
17
12
122
11
316
29
25
37
8
103
261
180
1
57
13
84
20
47
233
1
11
188
117
135
188
17
72
6
31
19
62
443
20
1
156
37
34
57
105
21
85
1
2
2085
16
404
23
1
191
47
50
32
259
20
10
153
16
1
4
147
76
136
3
85
25
79
18
64
155
22
107
1
44
31
31
106
333
30
78
85
1021
10
99
56
100
146
93
1
100
1
6
13
41
56
1
1
23
101
31
1
19
1
92
29
39
20
49
194
3
44
1
184
111
188
103
122
61
27
1
192
18
38
94
118
60
181
151
23
1
128
32
25
58
16
128
1
380
22
113
50507
55
7
38
76
34
540
17
13
185
36
1
279
204
24
23
11
134
211
21
5
104
70
335
58
43
1
45
20
7
13
19
197
40
49
688
276
35
27
264
9
5
81
4
68
50
34
171
62
51
759
61
16
258
893
25
3
23
168
349
174
296
24
369
28
93
16
28
1
19
20
26
7
81
300
122
1
111
238
610
359
1
10
1
247
23
104
96
328
21
24
1
24
88
625
22
1
46
24
162
77
136
46
10
1120
1
103
13
9
96
1
76
13
105
47
201
33
88
101
4
1
18
68
43
22
7
46
42
45
31
638
89
34
18
20
94
21
27
22
40
168
280
119
16
24
1
45
131
74
1
148
30
11
151
111
204
79
133
15
37
201
645
52
27
13
42
74
40
109
14
187
52
383
1
10
68
63
71
39
117
10
10
14
892
34
36
438
26
34
42
180
8
149
36
44
63
118
14
16
7
475
7182
9
56
1
28
37
15
63
123
299
345
31
126
41
78
14
122
32
65
1
166
133
47
16
643
137
53
42
47
66
281
1
111
52
419
20
150
61
22
39
4
226
44
67
53
24
262
155
193
48
55
63
84
64
38
92
10
3
84
35
16
39
48
13
73
29
352
138
116
68
81
23
46
4
1
1
5
28
25
12
194
1
1
27
62
175
61
390
1
51
1107
39
191
81
13
1
2258
8
29
15
2
1
181
35
65
22
124
212
119
144
81
150
31
24
16
163
382
29
17
262
1
60
47
4
48
106
43
1
334
4
48
54
32
47
54
21
359
53
4
28
146
158
233
10
1
1
35
124
76
4
2
56
2
14
10
35
5
68
84
35
93
186
97
28
672
46
11
368
24
13
44
87
11
264
133
228
145
42
47
18
1
9
66
118
125
817
48
48
132
1
104
50
3
16
175
467
137
12
4
91
48
98
1516
1
390
75
19
24
273
249
53
16
355
43
205
68
55
8
3
393
15
19
91
56
5
135
69
38
30
67
17
19
10
16
1
1
125
174
1
2707
18
95
20
11
21
20
52
174
156
60
22
1
85
79
15
80
20
183
1
19
10
86
33
63
77
114
220
12
15
16
116
55
4
360
651
57
9
32
51
15
22
1660
6
91
25
204
4
1
12
30
254
3
160
12
55
15
135
13
12
26
535
27
23
176
132
1
7
8
1
1
6
79
97
3
99
68
11
150
16
25
24
21
25
58
29
241
60
19
204
50
1
19
42
192
52
34
8
34
74
1
12
18
64
282
1
1
62
34
240
1447
151
17
34
81
6
86
19
1
11
52
284
106
1
72
192
83
53
104
53
94
89
15
80
46
56
35
4
33
26
10
101
43
136
114
317
252
29
76
138
205
20
1
12
1
10
10
1
20
69
59
73
122
2
27
34
73
159
2
67
20
38
136
22
152
85
28
8
14
18
11
69
4
26
41
28
51
39
1
11
56
531
10
137
95
102
50
77
244
1
68
115
14
51
38
17
26
59
8
411
89
133
35
2
298
129
4
48
95
42
15
74
15
23
21
72
81
1
86
84
64
84
34
1
238
157
48
40
42
34
394
53
205
177
32
4
933
202
29
90
104
1
152
41
814
11
29
27
65
6
536
86
1
42
104
9
10
10
88
209
76
31
8
14
26
19
31
34
44
33
6
1
108
5
34
27
29
110
79
26
16
93
11
1
21
6
17
87
22
187
311
57
92
2
85
502
107
56
301
349
83
79
10
19
120
200
86
56
16
20
417
19
1
17
7
333
81
2
121
51
3
6
54
3
48
13
142
50
29
617
9
10
24
23
8
78
27
13
12
149
337
14
35
1
488
1489
1969
33
30
685
45
18
54
135
21
10
168
102
48
1018
21
1
169
21
301
250
157
1
354
29
29
20
23
4
12
168
13
59
90
13
134
11
30
58
17
1
14
1
126
13
13
8
146
1
6
32
22
44
190
120
184
18
252
60
363
23
5
57
99
525
141
89
302
107
56
211
21
1
38
89
6
23
565
177
140
5
178
48
15
31
38
29
63
9
26
5
57
26
13
40
50
16
20
59
177
95
1
21
156
1
49
2
5
68
83
29
1352
14
10
24
44
62
14
12
137
1
218
47
60
506
43
1
65
11
53
82
1
312
60
63
19
54
104
93
65
53
191
27
51
35
274
206
27
438
313
176
80
20
1
84
292
4
166
15
1
109
56
285
20
59
13
143
165
1
98
17
211
115
153
45
1
28
4
33
1
44
18
29
65
67
29
65
35
17
26
27
1
18
31
323
86
4
24
14
139
180
30
23
8
5
14
35
1
23
27
64
48
44
7
30
196
194
406
130
72
2
38
73
20
4
56
28
381
85
70
24
84
142
27
93
119
56
23
729
11
120
11
151
32
136
248
30
31
75
24
6
11
16
17
6
44
4
18
61
115
1
74
61
63
19
97
315
14
76
81
119
56
22
1
155
49
391
261
21
243
174
570
34
4
17
226
816
163
134
86
239
125
187
77
46
39
80
1
26
245
27
43
28
87
199
35
6
9
33
1
270
340
1
1
46
1
287
51
43
31
31
41
161
13
122
78
255
1
297
26
12
77
26
100
1
57
135
191
45
1
1
2
112
2
463
34
23
16
1290
38
178
29
37
275
45
1
225
74
1
20
220
92
2
4
100
36
152
1
59
41
7
23
5
19
81
5
251
509
17
129
61
4
23
31
20
324
26
3
7
25
10
64
19
1
1
42
42
485
1
59
50
1
35
11
83
31
18
29
6
17
106
346
18
8
27
1
135
10
65
260
1
5
65
169
49
435
1
174
10
54
241
172
15
2
265
1
45
124
210
37
6
77
18
18
62
1
69
293
5
667
196
552
17
44
124
48
14
30
360
50
11
37
1
518
1
84
61
14
34
25
46
447
25
68
89
49
149
42
9
222
91
26
1
1
85
244
72
48
171
132
61
58
77
15
195
81
64
72
2
1
771
521
75
12
33
2
51
197
100
36
31
15
76
61
18
12
30
2
170
3
38
23
1
6
1
237
12
73
43
85
16
7
44
27
235
24
174
16
46
142
18
15
1
76
90
104
91
68
2
134
24
20
85
43
483
74
69
30
14
15
89
30
60
182
25
87
2
41
58
1
57
247
20
73
45
290
43
45
27
171
31
37
35
13
66
156
254
1
19
21
183
20
164
385
26
1
406
29
446
74
28
53
324
43
37
316
20
66
358
1
50
3
1
10
404
3
176
141
54
157
466
1
24
15
49
2966
20
234
75
227
194
1
23
28
65
170
23
79
48
61
123
5
30
65
1
31
30
2
36
20
6
184
170
3
23
57
100
1
32
46
229
3
152
86
45
76
22
54
12
24
33
105
121
28
154
81
8
88
9
1
14
39
35
176
12
112
341
10
69
25
105
44
86
43
46
265
132
26
94
5
83
7
16
90
110
14
106
20
73
171
69
1
29
171
156
55
105
11
6
71
1
89
36
179
18
84
99
32
1
19
72
455
149
15
72
57
1
25
35
166
5
18
1
1
130
1
58
1
87
293
315
39
32
11
280
1
17
84
71
147
18
10
44
13
1
119
229
17
34
107
8
148
1
153
75
331
43
1
27
431
24
3
54
108
1
19
541
43
24
133
4
35
44
260
244
38
27
1
7
26
15
32
16
33
88
22
114
11
98
1
120
73
61
104
1
9
57
1
38
31
15
10
52
3
28
20
68
2
1
160
61
19
15
17
1
153
165
77
1
128
1
150
32
201
8
76
8
71
355
44
214
49
25
164
1
59
20
27
33
2
24
5405
29
90
9
55
1
1
385
299
78
26
19
56
275
63
22
35
44
293
3
192
61
81
7
273
1
2
59
171
49
94
143
179
62
284
23
110
8
66
85
4
55
132
22
77
167
41
72
11
64
475
1
38
17
57
32
7
6
38
5
7
12
49
70
93
3
1
25
136
63
111
1
147
115
28
316
15
46
1
1
581
39
41
4
127
64
13
55
51
266
164
4
83
30
32
85
67
47
248
30
11
20
375
85
80
16
143
139
13
23
235
145
41
10
54
148
299
4
26
54
314
1
1
47
98
5
11
1
71
1
69
21
67
44
7
13
1
1
12
122
15
31
57
24
112
5
6
1
210
146
8
13
7
130
192
75
70
48
94
1
35
123
14
20
115
9
20
85
585
283
38
55
1
94
66
726
100
1
30
1
34
192
113
11
16
1
15
71
17
52
5
157
103
1
92
27
208
165
85
105
28
105
18
46
1
2
24
42
11
75
1
8
57
40
60
49
276
21
237
1
1
3
11
25
7
24
77
135
113
67
52
163
21
120
46
1
150
26
2
24
1
1
116
57
245
64
9
16
11
46
29
19
2
53
48
64
29
1
3
221
275
167
18
186
1
678
11
80
36
93
1
48
40
9
8
183
166
72
17
169
218
297
44
144
2
12
192
38
87
28
96
6
4
27
