2015
1363
3757
2058
2530
2881
3056
2612
21
811
907
3288
6222
25
822
1381
1434
1858
4261
2897
92
7332
1153
109
87
2669
11418
75
5910
1754
919
34
272
1906
66
2511
110
2976
2704
1038
1307
1345
6701
145
64
348
2073
1494
3330
7833
12
1621
1672
539
6958
569
580
7112
2494
11699
89
1486
4217
761
93
7695
6925
3887
5373
314
2443
91
477
1163
437
220
425
7197
723
2123
1457
32
1096
2370
76
7099
1
1770
13528
747
14095
5153
85
2808
475
235
855
417
1364
2620
41
867
8071
4918
10516
4530
82
3648
822
1991
7749
185
965
81
961
2087
6450
3555
2047
211
62
222
2677
571
3231
2094
129
96
2123
85
643
5238
163
2692
271
2344
217
1471
32
5104
2349
6
107
7938
7275
260
1293
41
5444
3094
525
7200
5485
538
1463
5628
979
756
1580
230
649
2438
6412
5569
4480
37
6233
4979
1622
1681
905
1360
4759
44
1238
1275
3861
2284
2081
4004
59
3991
7715
4635
44
6237
12595
104
2597
3242
447
11702
3054
115
3436
2052
2016
1317
2520
821
6107
8243
3489
594
1757
4604
85
168
19792
1503
68
637
1244
1159
276
1000
87
646
854
1962
1374
509
43
2864
1594
2965
1338
160
6096
405
2300
955
1913
1522
101
12047
57
2933
4710
2394
3991
4549
5125
2068
1552
3232
2321
8048
796
1945
340
338
235
3090
1980
55
2417
1777
787
3340
71
1701
165
452
36
3358
2489
1602
5289
1280
9922
1289
1672
4527
527
5958
126
2497
1838
4693
2764
2330
193
2932
2222
180
5347
1324
1822
2601
1628
2513
127
453
4804
486
48
1766
100
3587
694
170
459
2451
1610
20
7622
159
2589
3545
340
357
662
80
332
729
1447
396
589
2449
2424
591
4515
5837
1626
7500
18
24
6
2298
6128
325
72
9856
1
1501
259
2249
1797
7240
57
4
2302
1247
7968
27
103
2546
8570
2224
2616
13059
18113
219
4800
3860
2870
2665
20347
8
315
6244
196
4698
2354
3142
2485
389
1595
895
5143
1277
4080
4305
2785
2101
2691
2071
2000
707
257
195
1162
1361
12828
47
2688
211
1281
2680
5347
2434
3625
6
3262
190
323
1779
9027
10816
482
33
28
2250
4238
2350
1531
1620
2430
4346
890
905
589
3882
1696
221
168
541
1780
1988
3617
17722
5996
2227
15369
1
83
373
28
325
4035
5026
226
2474
2219
29
4044
197
215
25128
3667
6461
1602
8974
6049
1
5595
795
859
3518
2428
237
10660
2855
598
1447
3614
3712
36
2588
30067
3146
4606
1460
1447
478
2001
276
4796
208
1142
3064
2481
7922
4222
3321
683
2059
8298
3046
113
791
235
3476
3861
336
1580
793
173
244
1279
22
3
321
1643
423
935
9
9000
2413
2800
1689
4096
2076
56
1368
4627
5124
2066
974
3127
11
218
25498
10628
5020
1497
4769
2
1092
7034
3090
2779
375
5801
1705
1236
10
3790
64
5342
1424
2588
1219
16
51
2836
2031
4626
1750
5700
883
1031
1843
1752
145
44
2468
8498
2900
1307
2467
226
2479
225
1679
8701
1772
327
3276
954
1884
1823
2054
3088
2660
1141
4072
1368
2825
1878
2441
1233
1079
101
991
3719
38
4379
2783
5579
7719
798
2485
1377
8
9244
982
2605
2714
206
2419
1042
5392
1338
1292
165
2
59
3529
873
1172
6682
2514
5411
1
14218
101
3606
1046
8007
5115
7608
2917
36
2143
154
2149
380
118
1729
385
682
862
80
3416
475
2264
3407
34
1566
2592
387
563
575
3
648
4503
10843
1126
7203
70
429
311
189
720
1114
413
979
1708
7037
4
1793
1378
2073
1608
116
3229
9445
230
3245
1700
11894
1972
27
5332
1256
5392
31
54
415
1289
187
139
49624
154
339
694
2391
2670
3368
56
146
2075
700
2728
263
2964
1821
50
5
1927
2193
1365
124
105
37
256
2637
2887
13097
7260
1711
1422
6451
100
2626
4679
539
2288
3012
544
85
14348
196
297
2015
4736
7706
976
1886
677
1024
145
102
6019
20
3872
4
693
2379
780
175
1703
3142
6482
3773
9032
21
4319
1891
6017
2405
3922
1
282
28
2885
8836
2640
8973
4080
3278
2213
5964
20932
3515
843
2913
36
802
4
308
106
131
2379
2092
1249
712
729
682
4741
112
2195
6764
975
30
1268
2495
4093
230
12260
257
21
145
170
170
9489
568
51
7379
5174
5813
98
6487
1876
3069
1910
1382
380
78
11173
528
820
141
666
1719
256
2376
2338
58
970
50
17
1194
150
5013
223
1208
10998
842
1240
6507
977
4961
3111
822
912
3332
6112
868
361
51
3039
6772
4961
2244
139
326
3773
8990
616
3384
196
1005
10
58
2
391
4112
7957
2460
8876
322
179
5
36
4021
1608
3252
14
1013
1734
2465
5310
176
1501
28
6096
1162
3039
3329
1610
12054
747
1
2586
53
1654
845
6737
248
19
430
87
5649
1900
5039
2034
1421
5318
1077
155
903
488
1826
418
234
2527
257
508
334
1895
2273
4997
39
3479
3507
1
1936
18
13456
36
103
263
9
697
89
365
2933
133
2920
75
3604
844
1965
4950
1118
1570
27
268
6794
495
820
122
220
1745
1253
1877
805
1829
5650
1848
4764
6105
67
68
610
465
40
1647
1739
567
565
654
1259
2338
1648
1422
3318
1674
517
10840
1735
727
1732
2426
3823
3592
2910
3859
1496
366
7701
6247
3411
126
4694
394
2499
206
2491
1470
28827
2
1522
4523
1969
2284
1767
4705
212
225
5226
794
50
217
2917
4462
1221
998
1870
839
1652
7270
647
6648
74
1057
483
722
1939
3223
5113
75
4160
1410
1761
549
308
2229
4010
5350
8962
5297
31
6490
439
4858
141
1259
1833
2669
2091
3237
1345
52
1083
604
146
207
784
230
3445
8362
2438
1609
4627
7487
314
676
4450
150
2607
2590
153
105
55
3383
66
3555
1413
2226
67
1823
184
6499
203
5915
68
2210
1003
5141
613
390
7221
478
2933
5534
1360
1080
35
2669
1952
2381
1562
533
3800
3723
43
5725
1
4273
3919
2412
2434
46
205
588
5179
28
864
95
1403
875
3268
2
490
312
4152
1621
1637
1570
2302
2473
2364
560
640
1934
8923
1152
949
1291
2172
1361
4451
530
79
3944
605
308
6016
5389
2513
697
594
56
5641
1127
42
11
1824
50
6862
1638
2160
2199
569
303
1803
4427
2192
838
9541
1491
1294
3446
2256
536
2487
2701
3215
6071
3082
14
14657
1700
1373
168
2373
1785
281
978
16
4675
1833
3769
1246
3971
765
93
4371
1723
2803
1360
2247
99
1484
3513
76
1505
685
161
1437
6080
4719
411
127
9925
84
120
3933
2952
2835
71
720
2980
4291
1129
3204
2399
1025
1280
23
3931
2447
1633
1025
27
612
5287
558
17
500
3572
3371
1533
1373
34
164
1
4145
514
57
1673
1417
2896
2705
3854
15374
4199
2754
938
4266
237
409
397
1896
1088
72
3
42
993
8578
159
3
5347
2986
2965
1975
328
3647
1534
11222
1234
5779
438
1216
1678
253
340
3623
30
2454
463
399
2522
663
3413
2750
4096
195
502
503
3741
150
2107
1679
729
706
2799
5817
5940
2075
278
763
1046
1
423
4
3428
1905
94
3607
2559
4250
2766
2496
4460
3094
2229
3561
2993
1981
846
537
2254
2229
728
2351
188
66
1486
4974
352
50
887
412
203
4475
986
2171
361
110
2303
2897
2061
2126
2796
355
54
46
296
197
2212
94
940
2379
689
10243
2004
1379
372
12322
2110
5194
357
19329
4666
1071
1166
1737
3
1341
697
2796
1098
356
1802
52
3346
1333
1650
379
950
301
2919
191
198
180
1455
5888
518
1006
101
1396
216
1711
2225
317
1491
6119
4503
1287
23
608
381
127
2534
1213
542
454
24733
92
5466
8719
1357
3434
2841
3296
889
380
4331
1
138
1877
1795
4376
1787
3334
16
133
211
2020
589
2729
3651
375
1275
1566
403
2945
3512
1481
54
1377
996
8942
604
149
2691
431
1613
349
2280
42
3808
3441
2783
1
433
1777
9643
4238
5604
144
4687
127
1262
51
70
2929
367
11395
5949
261
2
30
3112
1469
155
841
282
34
12458
2842
202
604
204
5304
30
43
180
2413
2425
8270
5245
2012
2299
241
2977
7166
1442
2828
1726
316
2858
2462
2208
3086
2936
463
6796
746
340
1087
3767
6051
3425
539
2674
12822
839
702
2407
3091
670
2403
203
72
1472
445
180
2314
470
4953
3803
288
394
713
3189
1392
4052
199
12039
10034
4624
4429
3331
7752
515
610
1212
4239
8279
2085
1766
3244
1541
555
1003
681
1631
189
471
6838
2549
906
2724
1862
161
4377
2498
2469
31
3422
36
8300
275
7
470
1990
44
975
3860
886
3402
305
311
1595
433
21
179
8410
1278
1858
1
1302
4392
2509
3124
132
5315
168
11771
1103
1306
1
1
1389
126
4270
3065
6771
68
1589
3440
2592
14220
1185
1347
5114
7388
3505
5193
1
6351
6597
2375
3978
119
1271
94
3314
1011
2763
4200
1498
5059
857
4814
3172
3590
3360
3693
4186
3347
6313
5487
2840
66
14
3380
3311
1813
7899
2
452
12506
656
2372
4260
897
90
2907
1954
548
1538
1539
2022
4868
3635
3087
37
2311
1885
15
1941
2396
4473
4006
8409
12283
27
98
6221
2121
127
1448
2
200
8605
72
30
2961
66
3285
1470
2305
2133
5109
2393
251
4124
668
1550
2217
3989
5243
759
1724
2516
3250
117
1803
92
369
2094
772
3899
414
48
1031
2295
378
670
386
76
1577
382
507
8676
6157
80
13749
3815
18223
822
944
5397
2301
1127
2668
1660
1485
3285
344
650
21
3401
5124
180
283
8233
551
2940
2575
2785
3096
4064
6
2827
1776
61
5894
353
4802
101
3967
4409
3914
236
11
1919
479
4727
3852
53
2948
2354
1083
100
68
1562
3169
2587
538
1225
698
24378
250
677
3417
148
8151
8327
86
2541
3550
132
8980
1
198
2098
926
487
2891
428
181
420
7649
90
444
3492
2508
1379
3341
2693
2848
1717
207
6494
161
43
1127
2940
150
460
1414
503
52
141
799
169
723
5539
313
102
76
773
2563
3183
246
2949
126
1982
54
129
1254
2328
48
219
1135
1461
4537
607
68
2
1366
838
1062
1483
769
64
702
2840
4
90
4
3993
733
390
7147
2748
3637
521
753
3106
1941
18172
2350
4332
2016
2367
3
1646
129
2429
132
279
164
2614
1895
727
309
3708
4
2336
1350
105
10
2391
1343
6202
317
3730
1980
3691
2268
12089
166
3115
515
2513
2707
1071
1741
593
171
183
203
4574
125
1199
1933
734
2
1148
1500
1948
3642
930
2720
1154
1453
4019
1177
798
520
1148
1883
157
3602
401
8
191
28
1513
25937
941
2855
867
2417
818
835
2231
1506
414
12
5692
4095
1788
145
2984
1250
1539
113
1941
5219
2124
3129
1499
5006
1829
978
344
54
4723
20
357
4189
55
1166
4464
900
156
21
1407
89
11088
801
532
18
354
314
11676
1219
907
4382
10278
2385
11948
2424
1428
35
537
1830
2109
461
82
3629
1644
116
179
1934
3209
10308
279
85
2559
2934
47
3824
95
1285
1145
1975
609
3596
8471
1368
2712
4301
2824
2468
668
3074
2727
12138
2801
520
59
2602
1092
6169
1174
344
8168
79
2967
538
5941
150
1353
663
2977
147
2572
2902
46
4290
183
6231
3352
5353
1218
31170
16
1994
1929
1785
657
6178
2
67
4819
2774
4323
3376
3125
283
8551
17
19
1153
50
3131
2735
126
2680
106
412
3085
4087
138
1
414
2591
94
168
6858
4356
1279
35
276
6772
4015
3311
2380
408
2628
3829
6292
322
683
8587
3219
2777
20
34
1726
45
5401
636
5262
3105
276
2734
1309
3362
236
160
747
1358
929
2287
154
3479
3190
1830
4410
1543
439
2122
989
2038
3785
2131
1278
1078
3045
5074
2314
2394
17690
2633
200
1413
86
189
2900
1894
5245
4359
3247
755
3306
1319
786
4097
5925
278
1012
2494
3618
1937
6071
4234
417
1065
83
5852
2577
8882
4955
5255
2585
2613
1492
1645
1400
3209
1790
991
11022
3437
1652
1965
191
1385
492
636
986
1551
92
23
366
1294
334
210
1274
2037
1170
962
721
41
498
3810
1153
1318
1570
676
905
2983
2782
5737
10913
3666
4110
1548
786
4360
1316
559
2696
282
479
981
434
831
98
584
1646
142
392
16982
4729
522
92
6246
2161
2575
2314
1996
3750
4586
12
4719
98
2223
35
162
728
2007
176
441
2194
545
1356
69
406
4129
839
83
2144
2939
2071
2794
233
924
65
4050
86
353
2989
58
41473
130
42
1125
260
358
1917
216
5724
4417
5035
3143
3413
2111
2794
178
25
6807
3093
3253
1624
1123
2813
417
719
3862
2195
2965
874
1598
734
1701
6590
36
1493
1537
1793
2201
75
2005
397
125
3534
4491
8605
1860
155
812
1397
1171
1583
2181
47
19
1908
1545
3104
49
1432
4763
1199
349
192
2181
3852
4327
59
5093
154
1017
360
681
3211
8336
2651
3284
3688
8246
2902
507
5077
1753
36
493
501
72
3487
25
175
2518
1
398
3737
410
757
1153
210
727
2804
216
2871
3246
4327
126
2061
5756
386
673
754
138
1876
2089
2450
594
268
1
3313
1880
6910
3542
440
6239
2814
1
1565
4241
2239
2257
404
3278
1266
659
496
458
54
1221
933
379
4351
184
282
242
6450
998
120
1061
1164
18
356
274
648
703
1140
659
732
16
3103
1395
6
18
3104
288
3994
2521
50
1851
133
2085
7272
380
481
28
60
237
4281
2920
6
14
2726
1014
662
402
45
4155
427
4785
1684
2594
2911
1152
9
659
639
2377
191
6499
876
1284
1842
1950
6539
271
3570
1675
4525
102
468
2839
122
540
37
240
4186
682
57
88
6061
2138
3027
3471
4158
2806
6864
2761
2377
178
1124
74
142
5011
173
1838
1085
3995
672
24
1302
1060
225
2599
15
1815
790
99
1942
28
236
59
233
2936
2814
6
67
293
735
171
3028
1189
1142
304
2168
1062
4133
1707
3509
3109
428
1377
2624
845
257
3954
1
1
2074
308
1324
3048
163
1989
17577
1339
156
514
66
73
8497
2033
83288
1300
32
1121
4537
421
202
3536
3375
655
1629
3199
1373
21
57
3070
3359
863
1926
1859
35
31
1414
13252
544
8668
687
1069
162
75
1823
177
1528
254
63
2598
421
7
797
838
163
23338
2822
1035
513
1
1533
583
4109
551
3259
272
3134
394
1691
4802
4956
61
2933
373
13
1148
399
2149
115
283
9
1113
445
1477
1963
1499
1000
538
275
1669
614
821
2305
777
1088
722
351
395
1230
27
1389
795
5785
520
156
74
10561
42
118
2959
3505
91
836
39
2392
3919
3092
617
812
68
2833
39
58
13
213
37
1179
311
2543
362
61
1169
609
346
1326
1462
903
2745
79
2059
4187
178
535
2795
1093
136
69
683
36
514
1
826
1356
2043
2069
442
4211
3998
12716
71
235
2706
153
1791
1131
827
2890
1860
1161
317
91
2510
167
1794
1045
2070
1855
978
1073
223
291
6538
2831
2139
8629
8281
662
519
3692
95
671
888
283
597
3275
2486
189
343
21204
2164
2482
388
2100
7835
448
4956
434
2311
17
6709
4912
170
3560
1470
1503
1169
38
1100
818
1671
1656
14995
492
3624
744
1289
285
2542
255
66
2433
373
2143
3100
1673
564
1163
8
2453
8807
100
350
1605
3249
2013
2336
2467
4569
14
457
2347
432
1965
3588
611
569
1054
1084
1684
1744
1966
2585
413
2420
2860
1470
164
1167
940
1003
8322
279
16336
75
3217
944
2853
6127
1531
3577
2721
594
380
1238
2008
2217
1
1302
305
3621
380
157
269
80
1140
37
1599
494
331
5963
1
273
13925
429
680
1
13
1305
4119
123
93
58
1173
2323
503
275
1565
2787
5897
233
1124
23
107
286
553
2734
71
8271
3214
1069
21
482
113
1232
34
8919
368
30
5221
1681
202
4233
1443
701
45
1
1989
960
206
1373
2877
7701
3600
249
408
3642
628
375
61
299
3181
2356
32
4006
1920
1872
11
533
4858
3087
377
2686
8809
7854
1255
467
973
2710
612
70
543
5595
7
1800
3303
260
62
2098
212
12987
3283
15718
4086
2134
40
5674
1364
4908
880
2893
4493
1623
3751
178
1118
381
1495
1752
37
2243
1654
1499
239
3256
42
2393
1664
3996
241
1031
2319
3182
773
3356
205
2041
455
513
192
2994
3788
1485
30
62
469
528
