208
538
2638
35
1266
23
467
1663
125
2873
1096
381
22
30
96
128
154
118
205
44
1779
216
825
304
1338
370
3085
44
32
281
381
153
276
2323
457
2548
272
190
225
1681
269
51
270
203
176
7
196
509
428
17
417
286
66
206
70
53
256
293
1455
132
1527
223
148
457
464
747
2170
36
52
1902
1050
365
2684
2011
1941
423
413
9046
52
634
469
27
4255
282
28
3367
135
1466
339
268
537
87
27
64
175
23
67
245
80
1389
1079
41
32
17
22
3307
118
108
35
209
28
113
666
679
553
66
448
43
1900
2148
1044
1282
183
662
108
23
202
675
537
620
65
715
119
99
2014
260
136
91
137
740
623
453
352
322
11
82
530
117
6373
624
138
175
516
201
31
2470
444
56
1205
22
162
579
625
495
144
2468
75
655
152
1
25
2453
873
195
510
3021
346
388
140
199
1350
35
136
6
486
341
415
148
641
1295
1301
249
2381
2395
32
77
26
452
109
360
946
1443
585
20
3544
134
196
256
334
165
281
182
5
264
98
380
81
161
1331
2419
27
722
43
156
33
136
42
866
71
29
228
135
29
145
169
599
25
328
68
138
340
717
145
310
57
158
666
558
535
921
582
163
1
491
157
675
151
542
2994
616
55
34
113
981
6
83
277
199
193
146
163
226
18
3442
3419
277
1999
59
1143
75
23
84
3170
101
1326
39
1422
139
140
1631
699
325
67
205
732
230
14
61
1101
33
306
559
14
1380
4280
683
169
299
610
102
184
87
522
574
36
76
2516
429
650
865
79
146
17
391
719
3062
113
782
467
625
38
1300
561
433
5
25
407
19
1079
14369
513
32
282
110
121
1224
2753
1
2006
1548
84
49
770
327
653
53
202
219
104
279
173
230
273
59
142
171
121
301
1170
151
96
1
1
2
1215
2939
33
47
467
8
471
1176
206
1669
131
151
23
104
306
145
193
135
214
178
358
91
21
102
85
253
177
236
164
955
96
90
341
69
116
130
104
27
195
21
379
2562
123
17
626
45
48
283
3122
1254
3186
4
163
536
154
1176
119
27
148
412
360
680
40
609
1163
3120
224
281
82
270
500
1662
2016
105
62
337
118
42
146
153
137
64
6
223
208
265
26
1118
27
137
126
1804
91
24
692
901
32
210
174
587
49
77
391
1128
114
678
8280
1251
1
184
130
196
1040
2845
93
296
267
826
21
2089
4
5538
46
141
69
103
246
208
532
194
382
60
166
113
3341
18
342
120
39
63
184
223
56
35
300
316
54
5
75
533
385
445
292
58
372
469
24
21
8664
1164
1814
456
103
284
550
25
471
236
44
293
4
147
247
161
14
231
270
3255
106
30
6125
374
1940
285
100
38
23
787
795
97
24
49
649
2292
3484
245
242
218
277
143
764
519
47
5227
334
201
70
3886
1017
4115
385
103
1554
82
60
23
199
87
428
36
163
180
908
1002
73
191
39
969
43
1268
1410
83
1044
283
52
287
1489
119
165
45
14
50
955
223
216
378
315
3
415
78
65
81
302
173
268
93
1219
33
69
160
1947
432
143
116
2104
601
82
1321
12
295
1815
458
134
179
112
982
17
109
94
20
423
257
3093
355
698
374
2194
305
347
121
122
3844
270
1542
277
69
599
46
388
7
367
144
250
13
107
2409
313
23
3079
1286
487
460
79
77
24
278
301
325
309
164
26
255
1456
1548
15
174
2401
310
203
339
198
297
284
321
4
463
18
446
520
1800
270
833
459
137
209
203
157
712
19
531
125
122
698
175
49
71
477
1199
104
2094
72
11145
582
150
282
293
2128
11
10
23
202
53
1283
284
783
155
622
498
88
775
5798
5
33
263
449
131
27
156
255
57
429
220
53
113
139
123
64
2288
354
23
98
5
213
133
223
279
16595
451
258
816
110
113
1149
5447
306
43
76
262
109
161
17
160
50
80
262
299
15
63
381
29
572
1729
102
38
406
624
499
58
71
679
42
95
44
2035
563
507
25
333
2113
114
239
8
190
1118
190
126
2277
744
202
2106
48
7
1086
21
3
2776
2459
1109
241
105
492
20
208
3
312
162
161
353
471
17
7
210
121
39
1777
239
14
772
168
215
292
169
81
22
21
108
63
86
4086
312
328
558
402
70
621
598
4
1322
1639
238
2472
694
6331
368
464
130
30
40
80
1202
80
32
200
58
42
60
1
323
375
353
1222
1454
1
277
75
702
151
185
191
24
3
60
378
88
80
716
83
1375
240
61
301
278
2559
108
20
196
56
419
540
881
385
179
140
410
32
77
3550
353
2122
25
148
32
1021
765
166
148
367
66
46
193
681
202
127
406
481
277
43
192
114
9
28
3
558
568
27
547
508
292
4
62
41
158
336
46
38
16
84
20
487
193
1321
167
158
600
320
514
125
184
43
218
231
137
77
496
296
1158
7
116
146
42
463
130
603
699
112
1067
1577
13
491
406
37
310
412
50
920
72
13
226
338
364
361
34
97
396
974
1471
59
75
107
1886
8
80
359
9
111
324
424
61
295
300
228
430
56
565
233
516
107
2920
204
101
225
25
77
18
7
50
46
235
12
109
81
12
1394
123
2839
1468
137
35
522
9
365
1
165
1893
1053
79
809
177
411
3714
97
193
181
89
131
34
83
86
95
181
90
69
133
13420
329
163
958
738
87
6068
303
586
2359
20475
105
58
277
148
27
1592
9292
5645
730
144
235
1597
210
72
209
176
60
2139
137
391
224
57
20
8030
676
243
277
56
2368
399
9
248
13155
2443
38
1127
147
45
2044
1631
2727
330
6136
699
212
310
71
1073
34
171
76
447
101
2
276
433
185
1354
37
13
45
137
7875
273
215
1
2289
29
130
62
10
78
683
1903
129
129
4153
1070
47
34
2523
381
3590
27
205
54
41
31
2539
126
489
100
131
232
693
42
176
130
408
1956
171
130
71
124
1803
2100
161
1996
14918
193
239
19
8
129
1631
199
636
153
91
67
918
148
3899
2
940
18
8
751
184
70
251
1957
60
77
428
631
2705
2128
708
320
216
211
228
929
426
1537
1538
7
1418
768
113
6096
16701
135
221
56
69
3
910
456
1895
135
1569
80
422
101
1322
4054
2207
1504
271
39
1352
69
24
83
134
1852
276
397
122
349
335
67
646
115
601
1830
2079
80
1424
1567
4642
2900
819
566
95
234
2360
68
479
200
264
517
134
28
1239
71
196
62
1823
146
404
6629
202
2083
809
2332
768
155
22
1534
679
1551
65
4154
41
1064
21
227
94
630
416
42
219
2072
1343
22
208
135
62
14
9
58
3718
402
86
45
294
194
138
2626
183
109
353
39
1830
65
165
731
1634
10172
160
120
87
1378
887
690
198
102
3326
567
177
21
78
28
267
1891
28
10284
502
856
1924
2921
2743
179
90
5909
311
418
2611
273
1132
186
612
2234
524
1968
1874
38
153
5774
475
246
13
414
1
176
231
404
48
432
364
103
1707
34
35
70
864
1937
2687
45
158
461
201
397
81
250
601
57
57
1187
299
291
289
41
660
57
532
104
171
59
265
2728
268
114
1374
106
132
45
79
2694
278
66
1077
101
369
827
216
1132
5
70
44
310
505
200
230
80
1146
22
59
510
246
712
45
80
104
132
3332
2071
56
61
1632
590
83
1033
492
468
306
260
186
89
117
57
3487
208
82
196
1360
212
108
416
22
59
610
46
26
186
126
27
212
145
135
245
221
415
64
348
3159
354
862
58
74
283
22
83
652
724
3855
133
532
1674
371
196
37
236
16
141
55
687
243
159
324
23
481
1847
229
81
231
1269
77
4
267
148
739
420
250
6215
510
107
730
66
3118
722
63
1886
392
218
337
1194
170
393
162
1038
230
158
2188
1976
909
2684
1611
1081
124
1043
38
531
4630
229
1387
251
679
159
250
227
2216
165
558
406
215
4
30
165
70
208
16
44
3
53
11526
382
113
1864
230
63
952
408
1203
209
410
231
27
797
438
8
3288
2318
159
34
3052
133
26
40
56
255
227
136
1392
473
445
276
147
29
85
1888
33
477
661
163
4936
1162
783
383
39
957
973
206
697
139
43
1785
6037
791
4
187
5147
1938
71
128
801
91
38
144
515
40
12
100
4187
67
182
288
165
151
132
1688
537
155
654
144
340
449
1635
6603
314
2245
657
172
1107
1828
5875
253
1
178
166
126
50
74
445
240
178
29
373
341
38
24
100
2090
227
2855
250
862
162
346
623
128
44
1347
310
947
161
420
284
2235
160
1334
374
47
2485
771
1519
2335
501
546
532
343
27
78
23
526
314
1014
1886
948
1130
1413
1191
223
2283
69
381
867
136
324
1703
49
148
1886
131
1750
53
53
183
1082
70
1868
136
1028
187
426
1769
611
86
23
53
336
3039
881
204
2369
485
1632
286
19
34
5261
104
3423
36
327
5522
12299
71
6
324
67
17
20
122
4
54
3586
3114
130
8142
345
102
8
310
88
834
2102
1118
791
361
65
273
78
57
22
310
420
81
216
221
367
43
340
575
96
1703
3
131
903
138
30
1269
1723
480
242
53
1165
123
169
239
6
43
83
961
285
133
98
324
11075
121
31
2558
567
536
64
744
107
84
1
1961
275
86
503
469
94
2024
643
277
72
40
4834
30
229
170
227
449
410
470
58
1215
1283
1426
1441
57
2621
266
66
13
254
116
139
5488
1104
1180
518
193
116
33
45
285
107
384
1781
66
3403
419
136
665
555
123
76
143
1278
411
32
135
113
884
301
179
886
2661
149
467
25
7
72
47
170
87
1844
500
6970
147
2479
753
530
433
233
1693
704
584
515
133
66
110
223
9708
247
126
549
242
15
189
2298
411
226
186
218
135
1
7
2027
334
53
98
789
691
328
345
1556
127
105
352
297
60
3
223
20
102
207
130
130
81
37
115
214
1564
203
551
574
602
843
162
1000
75
204
66
12
54
381
296
136
191
69
1
150
644
657
25
42
260
200
24
846
91
40
225
245
184
26
64
32
118
190
172
221
372
155
104
1557
262
287
274
19
2166
681
46
1028
319
72
88
1818
326
623
53
299
1232
833
395
375
153
163
977
2163
125
3283
1379
784
223
893
487
2809
255
293
1155
135
115
207
44
481
373
2443
1816
669
735
203
418
46
417
101
1434
241
138
94
183
675
441
272
915
4
221
1236
1059
1053
587
4224
309
74
115
91
577
22
709
18
243
10
72
266
139
868
4398
327
1664
425
427
399
2006
803
1561
67
676
44
81
31
879
238
141
775
43
2793
50
34
1420
142
159
17
229
438
723
118
1656
129
1039
162
784
2069
147
587
434
203
197
62
28
599
22
304
2083
26
314
99
298
43
48
555
568
583
1
145
1818
364
210
409
656
450
53
157
27
170
102
30
803
203
59
1890
30
60
232
242
39
1263
826
342
67
923
24
151
3157
212
300
658
38
223
962
213
310
172
275
770
1723
293
401
1580
490
12
1442
42
623
80
90
970
57
840
1203
20
58
704
258
60
260
2194
219
48
45
50
716
128
69
680
131
717
161
174
36
20
671
258
813
114
1178
110
38
789
59
140
661
194
4311
216
970
99
5850
29
248
72
264
253
38
158
100
135
179
375
348
226
192
1683
261
133
138
439
624
1059
102
239
31
1351
116
546
88
569
696
121
27
1042
373
345
36
21
421
33
2725
91
5774
133
1015
28
2482
627
115
247
125
629
708
364
135
1420
50
1932
2287
83
91
4
3807
1470
15
74
152
242
183
382
126
342
749
184
1237
84
363
17
26
90
24
669
14
182
122
284
181
574
66
219
639
420
111
3011
1547
399
40
221
1770
261
198
261
249
1074
116
23
2834
995
705
2819
59
983
264
576
1216
166
1296
1771
1041
583
10
4326
909
487
19
126
300
50
149
91
23
203
8090
59
286
266
457
71
6
145
168
137
305
137
57
1220
399
1549
437
268
163
50
298
990
7829
1569
17
772
599
79
179
180
27
1006
24
692
601
2664
201
800
79
1063
1538
732
2331
50
724
36
196
2957
283
19
5
82
628
422
62
150
22
1477
57
218
98
805
2726
677
3396
1954
1089
658
657
938
257
2771
142
93
16
782
8
220
494
2470
879
77
990
238
18
617
922
4356
546
235
135
4
25
264
1528
1575
587
858
2027
239
6582
83
528
32
137
5353
1
777
287
43
36
283
177
21
408
15
4694
770
15
373
55
1840
244
574
9
69
127
547
1573
140
92
543
3280
132
103
23
1400
85
14
260
64
357
285
170
22
328
479
69
45
22
620
190
110
137
357
3084
971
30
91
2383
790
17
79
1115
1005
777
146
18751
103
2817
146
263
136
88
111
690
617
1995
416
132
78
28
77
97
7770
751
5608
188
1462
67
2571
464
180
1551
414
30
875
23
2624
11
156
300
1428
106
44
287
80
585
249
1385
135
300
157
203
40
22
1748
148
1843
273
27
262
27
701
483
273
782
235
271
58
38
43
636
79
705
113
29
305
6342
4430
289
258
1112
614
198
978
1410
182
506
737
102
49
246
269
860
49
375
55
212
355
97
1431
21
269
82
58
70
13
442
1181
638
598
609
17
2028
407
118
11
1516
86
35
55
745
33
57
34
497
2224
93
2506
886
146
2474
489
547
1010
1503
40
459
164
78
4
798
514
708
1183
128
846
383
103
12
47
96
97
78
462
139
400
138
541
123
51
19
58
238
155
53
377
710
887
3534
259
42
350
169
3658
629
18
48
582
1048
115
113
18
252
233
136
6
332
5371
11
1851
4442
294
49
267
229
109
43
192
86
1385
102
299
1881
63
233
312
1
106
743
127
23
141
252
9
46
233
782
1477
135
21
2296
79
2517
11
165
1
45
14
25
276
47
22
1588
2369
358
467
26
106
317
177
163
320
3574
905
190
508
260
461
2418
3761
221
248
24
282
126
276
996
31
29
711
71
264
318
292
136
538
132
126
23
2
22
69
435
847
340
417
82
148
88
271
10761
2022
36
68
1483
88
109
236
460
1345
267
30
216
1
2
25
121
974
239
37
19
302
45
99
151
1740
279
14
39
459
745
74
31
231
102
209
25
25
248
274
370
11
99
23
223
99
238
62
1222
132
473
73
154
84
179
259
729
92
8
147
87
74
2868
1044
300
1942
70
55
433
5
1018
3
2254
1426
37
330
1526
104
566
539
196
228
28
1192
48
338
1562
1
624
759
1808
45
30
54
1
149
546
94
712
185
306
631
10
259
39
1070
69
437
999
130
366
714
1044
1900
505
618
325
76
1
154
58
304
416
221
137
48
213
291
317
80
316
282
2969
38
389
93
240
142
1030
570
1338
415
1698
847
3219
169
471
1183
192
162
258
10
137
23
139
463
160
1056
229
1348
27
296
68
953
160
115
661
27
529
51
3375
646
1
82
39
674
332
3814
303
102
610
667
48
946
883
1074
219
731
10
111
119
243
4
16
1
189
151
577
486
56
286
179
54
186
451
337
4523
61
24
2497
138
164
722
27
127
1266
450
334
143
60
8505
5626
557
145
238
2426
42
2629
183
4191
86
692
258
180
132
1914
137
1637
302
149
173
47
561
270
114
134
190
1360
135
4908
277
272
133
949
141
425
279
213
148
143
570
141
257
329
169
487
540
131
272
655
183
224
135
611
378
135
24953
112
145
4108
61
422
3029
232
635
158
75
38
174
42
333
738
53
144
4458
73
206
146
237
635
132
113
225
103418
41
259
793
636
624
181
132
395
251
6943
633
191
31
152
163
276
129
169
266
409
91
74
178
185
377
279
282
126
258
4671
2061
631
658
793
399
240
313
2343
54
160
137
200
1122
26
176
164
383
261
981
84
1
94
205
44
149
179
950
393
49
170
35
52
474
92
257
209
213
258
107
77
394
1421
90
62
119
98
728
379
506
5
1042
1258
32
126
145
320
6
1226
368
805
862
45
100
3
45
171
227
1977
27
416
2191
71
246
681
1
1
595
1481
479
435
398
25
283
266
569
486
612
1044
73
1060
365
374
2252
139
29
201
96
51
37
3849
28
1184
303
365
177
147
258
156
180
799
817
124
1064
344
320
22
12105
159
520
30
24
257
1146
18
76
409
2296
181
240
148
301
23
373
77
195
474
2244
18
124
308
724
142
84
19
563
86
34
179
220
80
357
1132
444
113
117
210
61
158
74
164
250
71
82
369
19
9
70
109
35
27
46
68
437
458
614
239
2235
1127
1435
2433
2
7
270
36
80
101
217
2483
118
1327
226
374
99
261
260
28
223
59
117
212
577
164
93
348
63
664
220
575
51
227
224
50
515
92
750
17
1634
9
5785
105
1137
45
165
191
251
79
101
76
134
62
152
12
182
505
276
115
120
2020
131
2
296
349
4283
137
147
1250
423
25
130
148
259
293
202
1483
2760
17
165
345
168
365
262
26
226
277
34
622
334
23
61
15154
646
111
201
58
252
46
102
443
121
1465
922
659
604
314
357
160
222
288
4485
132
93
786
1812
347
218
131
1816
773
152
5
347
75
408
686
4
322
2702
123
532
28
607
844
1401
184
192
1304
31
1041
140
10
33
27
6270
474
172
675
125
826
60
79
63
252
4
26
10388
22
679
27
135
280
129
72
305
592
395
1
3812
7192
50
10
271
578
176
302
169
1060
4745
280
545
214
3518
1335
235
3482
763
630
14732
6238
205
85
87
1
588
12
290
117
133
207
4777
34
22
209
99
128
71
250
407
50
389
20
93
19
837
1247
51
49
1786
457
179
96
110
5
707
5047
8
10228
2305
357
944
160
58
387
221
165
894
155
294
48
893
11
304
1010
239
121
789
324
366
3527
530
69
796
491
479
60
343
1117
210
238
2233
408
117
113
75
361
1413
123
3253
1242
52
21
243
2593
100
699
263
3624
286
21
101
426
4
60
468
41
835
77
589
86
448
122
155
451
638
607
25
881
5245
523
66
3385
150
477
30
454
146
628
334
46
2202
170
939
202
2041
441
40
211
77
89
625
1053
751
4325
241
243
1243
875
160
195
44
92
131
64
264
62
1844
702
1710
275
78
178
767
2429
368
35
366
171
363
311
289
14
1158
60
58
3057
369
5609
933
3
2213
41
664
1230
45
642
83
267
293
2
366
3225
272
395
635
50
335
191
731
67
85
239
28
148
133
115
103
212
94
31
4833
56
37
520
164
1662
505
1008
3
8
440
333
40
156
433
93
42
360
1224
5058
2823
35
93
1
1
46
1239
324
159
28
114
130
4113
448
206
452
349
23
552
4012
174
373
8
1780
362
232
973
21
274
173
2325
126
885
131
75
30
1008
272
406
401
5
105
558
498
307
499
1879
240
300
152
2219
978
39
710
1625
52
335
100
953
252
724
879
580
65
419
284
263
802
502
142
998
461
313
913
105
433
269
40
517
228
905
194
230
36
55
395
551
314
165
738
326
683
19
9
2139
263
9769
26
48
27
854
53
50
76
117
18
1430
944
366
106
949
330
1297
603
1143
34
316
3746
153
495
185
27
357
384
38
426
1735
30
282
71
159
46
11
143
62
2284
46
96
291
200
39
359
970
215
121
663
946
2185
242
6361
388
227
382
83
82
34
47
6844
25
190
523
124
30
10020
609
34
1952
2643
1417
284
769
123
435
42
1363
264
7
535
177
712
1279
526
735
305
351
107
577
100
504
4337
1982
73
333
340
3337
57
925
5203
31
5771
533
1479
811
4070
305
189
917
2654
598
164
1980
80
170
38
618
36
3515
257
18
254
516
18
190
149
746
245
506
53
256
53
254
88
47
366
394
183
424
357
98
1102
39
377
56
389
124
16
281
1
3304
1099
194
79
115
19
2046
353
1698
555
1514
582
18
67
148
210
278
618
117
17
80
986
60
218
938
100
141
163
10446
466
236
134
60
108
456
459
245
145
266
244
729
136
337
963
116
760
1467
37
6
219
319
21
146
415
533
242
149
60
176
97
118
116
37
70
55
337
120
100
265
60
67
278
1504
865
30
265
681
86
174
710
585
2
85
134
29
195
317
154
749
19
357
749
224
27
117
25
438
475
179
670
1094
155
1541
20
678
3051
273
162
284
405
34
40
977
372
126
279
115
2385
82
97
742
1026
98
747
154
68
135
796
530
58
212
164
271
44
137
277
300
398
42
103
103
390
127
285
1870
112
44
362
152
148
597
218
77
106
728
104
823
291
68
307
3957
265
599
2640
18967
41
200
22
172
1608
225
362
1
409
28
142
1943
137
158
373
16
241
10655
392
49
165
148
935
143
858
22
266
217
6
820
47
41
122
417
58
4
132
121
109
193
935
1290
1100
77
104
8121
173
442
39
278
141
56
57
1082
136
181
1109
351
363
28
1557
205
113
195
21
782
477
270
654
604
477
835
1610
211
280
2464
96
81
16
926
11
663
67
484
26
110
556
33
2959
24
169
42
214
501
621
3226
627
1050
527
2147
179
811
2456
920
82
57
224
166
120
259
36
107
88
48
785
37
4175
52
291
1040
250
3436
486
220
316
192
1080
294
29
77
485
146
292
84
1007
26
285
278
5860
428
816
163
278
15
439
315
1582
258
3326
83
61
169
83
1976
40
188
56
41
3073
353
30
1
1151
27
125
53
78
385
132
445
122
38
304
22
8361
268
1140
25
193
454
635
47
39
452
159
33
77
418
93
143
550
13
146
277
211
141
49
172
3
160
715
113
387
13
227
2090
325
110
46
629
544
60
1581
58
732
157
54
269
244
25
341
32
128
135
36
2300
111
2543
27
113
2458
9
156
130
225
1386
731
91
823
137
382
52
1615
422
57
36
210
467
336
1353
1753
950
91
385
323
363
180
1636
69
282
1545
816
143
46
136
833
756
1914
1623
18
380
218
656
81
4564
2077
1602
700
468
638
440
91
755
901
280
1043
91
245
285
277
723
1413
546
441
156
512
4
593
452
425
141
631
400
3083
679
300
238
41
483
249
280
50
160
11
235
591
206
91
23
1237
53
517
398
350
468
1051
2121
370
620
1
120
37
134
1568
700
111
248
104
314
564
40
19
92
17
153
8
380
4998
80
158
602
1883
4543
152
870
240
15
137
389
60
182
17
429
69
1118
54
36
1129
2143
360
60
11
51
30
992
168
48
6
81
2
45
124
218
306
191
90
55
142
359
77
15
16
10
170
30
53
374
154
166
713
162
724
23
463
572
6
544
298
1061
105
643
69
45
134
18
1784
24
31
594
903
1572
2338
106
32
540
48
120
172
63
100
40
5
167
2233
236
69
240
446
49
1
181
113
263
598
276
1896
69
864
10
132
81
1312
449
412
12063
1031
548
359
75
1440
47
235
432
76
28
210
991
330
387
1
328
129
410
418
1083
14
3849
1207
1767
518
12
978
152
111
448
5477
17
48
129
433
107
298
271
33
832
1338
978
195
1327
423
1039
811
7
61
114
32
743
802
133
953
95
126
147
24
1775
51
160
878
188
341
335
257
609
192
24
35
1685
166
865
2070
218
547
349
3640
333
1170
2900
38
328
1208
801
131
537
64
4060
917
2668
235
7
30
817
33
64
49
116
24
331
348
319
58
1045
84
1723
977
2083
13576
762
681
21
318
53
1103
806
109
237
109
153
346
6230
70
577
22
140
458
32
312
46
1176
388
136
36
1076
1
376
95
615
268
206
166
234
463
404
67
190
62
46
23
75
136
3210
541
272
174
276
125
1
157
2947
1333
97
158
476
707
2809
1049
345
487
52
427
75
1
622
91
6
137
1377
324
300
98
43
182
26
55
116
262
500
26
97
430
128
243
160
483
29
457
14
127
50
311
152
132
83
7
79
551
276
210
126
201
60
52
1
82
481
158
111
31
172
1485
497
67
182
176
69
491
649
111
1403
681
967
120
75
16
28
131
143
122
193
71
304
35
248
254
104
25
1294
2037
337
42
2254
275
193
2
46
29
149
8
18
175
10
153
82
19
1
3321
94
215
35
282
267
76
471
179
10
33
305
175
229
27
714
24
171
310
260
30
59
1689
189
1147
74
720
293
1001
116
137
12
3094
65
137
143
26
2518
415
65
53
266
2204
219
91
1273
349
846
202
635
627
813
1553
3429
62
95
140
64
106
1887
22
757
342
794
217
256
250
273
333
307
185
159
25
161
11
695
274
12
1107
439
20
111
75
142
2012
93
701
117
6648
64
199
220
302
249
246
80
52
1500
217
452
726
537
280
1
321
26
1710
210
38
273
191
4
77
387
1717
188
1
68
1024
397
104
44
66
196
27
47
1695
3208
197
295
243
61
178
93
369
1303
10
1274
84
307
9
306
973
929
142
508
314
2459
593
1408
271
1
149
81
89
2643
15
163
327
1024
26
104
79
370
364
721
1
795
263
512
1
517
79
101
65
38
71
59
134
60
798
2719
26
84
120
57
54
1538
45
998
57
160
9
119
641
42
694
143
101
30
1953
231
348
4438
307
1359
1481
290
240
172
119
297
29
578
256
226
48
287
296
3093
1377
117
96
87
8
1059
20
274
7754
164
199
1558
1118
783
336
26
41
165
1611
1809
1
13
2
169
596
31
86
43
35
102
130
337
2207
1984
395
650
21
11
64
2533
30
1972
49
549
110
171
211
469
627
162
6321
184
987
355
3908
87
2203
132
153
918
210
57
502
100
341
746
33
134
1966
143
57
12
200
293
52
778
327
2041
1147
67
234
409
273
263
65
239
228
786
158
448
788
184
239
176
692
341
3568
47
377
43
360
66
31
18
1889
233
84
56
2208
651
611
185
745
334
132
262
578
883
1825
28
289
44
159
143
1391
70
94
100
2152
7528
561
18
312
172
114
129
1034
406
725
1
375
493
139
74
83
6924
5
547
345
187
2699
39
34
151
4538
57
77
146
740
116
138
874
28
47
113
12
368
245
19
26
380
166
1304
119
34
59
1817
92
461
40
603
302
688
934
261
54
307
2
449
4457
257
896
134
21
171
2893
52
466
106
59
468
7623
2231
84
198
252
163
560
232
396
114
198
453
2815
411
242
225
34
653
57
2635
451
27
48
109
42
254
1168
135
23
56
1397
210
19
105
2045
157
496
190
257
66
71
25
7
541
1829
34
1498
33
352
637
3084
329
36
549
278
54
356
209
279
109
10
247
285
310
733
325
138
1084
47
25
65
99
90
261
24
221
6268
151
84
113
308
76
332
2985
232
7281
66
1761
46
747
461
88
422
272
482
13
873
177
514
842
66
113
367
592
638
333
311
65
803
469
2139
415
194
249
340
508
336
27
568
588
863
2026
668
1157
2568
8986
1480
5935
161
12552
8
79
210
712
357
31
399
370
71
87
515
134
481
111
903
92
3338
4939
50
1
59
14
19
1570
315
755
63
376
29
1369
162
1
85
27
102
246
143
1451
821
199
1777
84
1961
43
489
15
109
290
35
302
41
476
72
145
1087
76
38
34889
61
675
3986
128
41
89
303
104
103
689
61
1
1502
626
62
115
625
528
1735
150
175
69
174
215
33
1935
175
27
2056
2979
1614
178
3379
146
131
3232
375
647
822
160
213
732
113
91
2294
207
517
557
902
27
37
250
865
195
284
313
5
207
240
59
1
772
290
4744
969
510
43
45
19
395
225
2112
4
197
29
97
275
1387
2595
1375
243
358
323
10233
228
531
81
45
2789
3843
25
72
26
6396
262
286
183
222
165
146
1
385
232
807
403
51
49
102
1033
27
144
7011
9
2567
872
412
2002
2099
92
203
204
386
451
48
352
241
87
127
77
2743
397
204
382
446
1010
155
299
39
20
29
135
104
638
142
7867
255
301
158
202
617
1176
899
92
314
128
113
1291
355
143
59
108
35
71
57
697
631
225
378
192
56
157
84
228
327
414
283
382
956
920
1065
219
376
1284
245
4536
2850
167
399
1364
270
8
147
69
495
10
2194
21
467
63
151
36
76
273
135
524
33
6960
254
26
1615
410
1912
493
558
54
298
155
606
868
492
608
706
79
22
6251
369
323
137
1330
2012
5451
277
158
10
56
120
3186
389
26
93
124
270
469
24
164
1422
205
90
81
164
16
631
996
1563
180
343
35
146
281
16
952
563
3
4
655
705
920
101
201
864
259
245
29
355
1023
74
223
209
371
1
58
176
359
1403
103
99
233
6
271
756
208
50
73
25
901
49
27
72
96
825
473
1537
47
36
48
215
137
275
214
458
75
18
1370
119
171
2329
24
1844
230
54
726
411
821
142
185
606
891
376
1076
242
75
171
46
19
85
97
63
122
71
11757
749
70
1
144
467
372
1465
168
408
265
7620
145
64
160
959
620
3198
4792
90
745
9156
976
156
101
53
467
436
2
434
1911
14
45
1039
193
176
1716
255
469
6347
3468
378
1839
2332
520
636
1075
45
195
269
151
319
22
850
795
2481
970
802
8775
5198
1086
2497
156
214
108
7819
612
336
4606
354
37
1022
397
230
322
736
2916
671
15
368
8
342
476
200
166
42
522
139
1483
712
1476
519
23
89
16
146
169
965
225
318
1
1251
55
96
786
553
4218
83
311
1049
228
10
193
1864
17
305
23
1568
106
317
5037
1816
634
67
1701
207
92
48
114
709
235
60
314
396
61
207
6161
52
176
906
73
22
184
849
1
1880
88
186
117
1243
302
85
142
662
334
32
14
43
214
904
346
1686
308
2
27
906
87
1048
137
208
74
1
453
149
201
65
186
139
70
33
935
76
1018
152
250
29
415
169
60
18
156
135
1729
512
1636
515
135
218
898
88
15
577
198
486
285
940
30
2468
1111
32
155
155
9
441
1084
286
1160
1586
306
285
183
281
1957
291
233
163
1648
1
183
87
1539
153
81
623
26
533
252
91
332
1029
56
69
263
1299
53
1127
381
962
2233
1228
1144
1606
4389
1394
128
1342
290
369
2952
2379
56
5052
306
921
46
5
432
11
123
672
6056
68
1333
1285
1
117
149
50
24
171
96
576
148
63
228
82
49
110
990
751
291
55
1816
129
213
24
826
334
940
1637
202
589
37
233
427
275
193
1966
142
122
1970
3371
432
156
155
638
1089
167
64
58
85
939
282
206
63
126
85
1
121
91
978
983
1613
188
80
229
29
11
28
178
29
37
1578
128
252
99
66
1014
935
164
82
36
6793
21
1955
488
145
4
49
216
409
344
34
268
288
1645
645
25
1847
53
388
237
402
953
1415
22
199
511
389
64
282
18
206
90
229
95
214
125
133
151
694
1810
2205
30
130
270
121
1783
87
894
35
2439
51
730
20
28
132
1842
41
170
2052
288
1938
76
103
71
251
754
397
1
309
19
70
375
8036
11
843
898
87
184
29
176
284
5553
213
103
3411
140
3676
94
194
114
1117
16
106
137
262
237
532
301
488
11595
11921
19678
47
4
1737
2238
39
105
56
287
557
161
541
995
1055
137
270
495
96
834
24
732
292
3194
319
747
337
1226
634
565
372
56
186
330
41
155
66
29
71
275
2743
250
144
46
1561
164
884
587
1377
230
37
121
176
219
101
43
5470
32
7
150
360
70
767
225
88
206
299
2506
45
490
158
32
220
16
98
1166
128
4080
3134
207
369
82
206
65
949
812
19
159
697
553
112
140
13734
5
135
440
139
1227
204
191
754
4
19
535
751
1413
54
1907
427
41
1458
8
129
135
247
288
404
53
114
906
12
9
316
26
829
346
697
39
94
708
2333
29
160
174
280
80
714
182
50
122
169
176
238
646
171
77
78
175
750
33
50
717
109
40
348
83
115
489
257
138
10
220
10
7
167
1671
18
124
578
116
295
59
292
12
2506
208
41
192
32
136
188
177
91
112
118
52
60
42
230
174
1264
45
189
149
953
231
170
1
126
23
29
84
137
25
78
312
91
151
570
2214
66
55
59
79
212
21
32
193
604
319
75
184
128
1303
195
340
54
836
492
334
14
44
2529
168
131
131
1
86
490
734
635
3515
134
17
45
129
138
37
142
443
83
71
19
80
226
379
235
96
68
1148
22
2321
176
339
24
478
252
363
437
150
8108
138
1230
88
159
158
76
171
630
5345
15
65
330
500
521
1548
485
66
163
149
149
190
258
172
248
455
177
1
70
324
351
94
48
110
170
105
90
384
22
245
104
427
466
131
276
124
1212
313
39
884
6
121
359
392
1096
79
38
41
1
196
8
1629
19
1476
107
634
1933
220
159
177
1731
104
52
277
77
918
23
1982
1483
569
605
1373
209
1398
152
22
221
265
305
901
678
85
270
18
107
337
3271
1195
185
260
238
654
1048
1
5
899
557
518
270
566
153
2175
20
455
117
2
5
937
220
46
30
316
1399
142
2034
154
219
110
26
45
265
154
40
579
37
266
134
1618
29
548
25
569
17
1221
30
74
340
495
83
672
1682
204
1025
304
25
295
380
283
706
183
387
964
432
315
53
91
2785
119
2035
136
122
214
9
663
202
2573
871
340
161
160
30
281
459
25
191
479
1496
289
386
195
68
680
108
25
76
325
354
2696
81
408
63
165
174
66
6067
239
44
163
214
43
651
6
1991
1795
446
145
3825
4661
273
266
493
378
602
109
115
161
23
1982
484
292
321
1046
58
161
831
1
198
20
55
659
1852
26
522
51
88
346
383
166
344
504
834
412
313
164
29
29
9
861
73
2894
99
84
147
123
2669
124
511
81
305
4241
2026
379
92
96
165
8
1789
3836
73
23
52
9058
153
807
10
75
42
893
11
4886
56
866
3268
154
452
78
370
68
93
29
240
1730
48
49
401
2994
55
1103
4
107
205
5097
375
1091
104
236
52
9
158
79
921
1
34
844
749
918
27
213
201
167
378
150
226
1190
11
1292
65
37
468
705
119
32
492
497
75
760
45
1050
726
734
101
778
61
15
607
130
533
68
204
44
102
2473
304
1157
480
3
33
1430
137
126
6533
68
190
1014
107
633
601
276
58
823
200
221
117
19
147
1264
61
2053
47
191
220
144
275
94
270
2622
519
1693
2229
268
4550
156
1377
5287
28
280
1962
175
126
8
1150
172
64
276
256
173
93
3466
683
288
64
532
149
2915
1426
34
580
739
1201
2286
288
436
313
81
99
175
190
38
5531
7213
2697
119
82
1099
67
721
62
59
81
453
29
2327
212
141
71
311
31
1018
24
2
98
399
50
1518
202
333
252
2530
317
138
161
135
267
19
2260
457
12
1902
98
395
33
232
1376
470
710
1372
17
586
172
834
11
63
348
2086
584
118
446
87
3
236
416
22
46
147
662
147
2023
1395
1236
1667
924
230
285
1746
164
51
158
308
287
998
243
173
295
2209
462
268
237
172
216
270
5892
1064
2053
71
1060
221
265
29
190
45
33
1670
950
261
465
86
64
234
29
340
1091
33
68
408
37
20
218
335
164
1902
203
117
30
494
553
415
3
256
861
7
867
721
235
269
17
749
143
205
225
1845
2020
76
109
83
4734
339
109
5202
149
36
191
338
716
818
8
5077
424
207
192
528
451
12
110
278
228
63
162
925
359
92
33
2445
323
92
186
391
1
54
162
381
145
185
1657
5
206
31
166
29
1104
268
3778
30
411
135
257
227
643
348
116
86
82
31
192
119
114
101
14
128
153
255
408
379
291
18
1
332
1928
33
6129
300
48
1019
1829
779
67
26
584
1980
364
22
303
857
9
77
317
23
142
202
153
571
37
166
230
1
1885
170
785
2218
701
27
617
239
146
105
255
86
510
677
435
128
66
2157
4601
1915
46
60
300
297
26
402
1030
34
20
97
19
63
21
105
243
154
246
114
158
162
2245
643
3363
431
4443
1415
1264
5649
121
269
1199
277
23
250
196
522
52
79
1227
157
148
100
51
1
17
156
612
76
119
140
162
516
12
134
11
9
202
1255
30
110
1270
2
98
581
286
22
65
64
128
77
5324
31
707
25
17
148
110
460
603
74
120
165
644
69
667
392
33
63
43
123
46
8
709
102
3288
820
26
278
132
608
155
186
337
74
542
31
169
129
24
1568
1813
705
1677
708
263
5
177
29
717
299
92
897
155
37
179
870
42
157
38
83
16
74
43
146
170
273
131
638
35
49
3589
153
527
264
230
669
300
173
393
521
1932
4895
47
660
273
58
18
1847
42
481
515
346
95
1364
101
55
422
64
100
2842
726
4
7010
937
217
115
657
270
99
409
6442
110
61
732
116
887
5953
83
190
203
23
825
132
18
3912
304
1421
168
489
1422
4373
2233
410
265
405
348
78
496
769
271
91
297
10710
310
243
916
900
29
122
43
374
248
171
636
43
137
112
258
27
3
1538
337
235
2524
30
705
34
1438
134
616
314
125
1079
22
590
59
224
163
9
3028
220
677
106
5145
571
5083
122
35
135
4746
75
139
92
4
75
21
29
150
8
687
2384
241
140
310
133
85
426
246
1861
19
1011
228
118
20
140
521
375
31
53
92
131
273
75
286
535
234
782
62
3619
17404
33
355
230
582
300
11587
220
165
1318
122
154
229
646
32
182
818
199
105
26
242
51
410
24
1
294
1041
1203
66
27
1257
117
1232
356
499
19
159
1966
1466
24
160
868
164
2837
2314
38
32
174
308
96
1193
2502
52
466
1051
319
1157
180
484
124
476
238
1134
4048
1230
1364
363
602
9
24
976
414
71
32
131
101
562
17
45
46
2335
188
174
220
509
75
18
429
180
203
341
235
183
1
1082
511
363
28
350
23
164
173
106
1590
35
1011
781
131
59
27
389
19
35
195
107
767
167
127
72
126
48
1168
623
284
369
27
180
4
286
18
123
685
241
51
113
206
199
1425
236
54
1558
43
477
187
1322
1297
335
350
1
505
64
200
2101
63
1455
165
156
93
656
1933
726
375
182
348
416
1515
385
143
283
179
46
7
19
301
79
138
99
272
274
71
208
16
68
1242
21
1400
5366
495
2103
301
58
45
550
408
883
836
1138
467
1053
92
310
129
264
161
684
1406
327
2577
1824
689
68
235
143
295
38
2219
439
168
6419
181
87
90
27
288
704
644
262
114
971
21
565
26
151
3413
63
51
564
565
892
6
14
3773
1322
50
460
1612
2075
4226
3204
72
1232
1063
237
10693
168
96
2343
1229
132
1725
215
25
129
12387
627
533
666
230
31
3413
302
873
329
182
270
3422
2612
1534
426
13185
269
4752
4854
751
4723
7301
1336
1387
629
868
190
89
48
203
1909
185
366
37
4888
6607
20437
13368
134
4878
4
1011
818
560
1274
4703
3
391
36
128
3846
525
338
4863
69030
268
84
159
598
291
19
384
313
192
3713
38427
202
514
1
244
556
17
126
276
11324
247
147
620
1923
2012
25
351
1
151
821
350
117
629
109
2539
244
4
703
365
122
166
94
907
363
38
1052
68
87
2246
180
187
1
262
266
1121
1020
107
514
733
91
247
207
118
338
32
457
75
607
2295
334
195
6874
220
196
286
9465
134
308
145
435
7261
4280
359
564
1792
498
228
9599
122
137
5278
180
319
3309
3671
19
17839
636
360
960
521
30
5637
2545
483
116
47
85
14
318
518
270
8
168
137
29
95
292
146
18
892
445
61
148
737
31805
275
639
72
61
192
42
265
22
27
154
8524
181
155
304
43
241
933
13
11
145
322
694
2254
1
528
121
345
853
135
1
74
141
316
2451
453
303
246
863
185
227
186
1399
142
134
295
140
301
1240
30
46
1641
41
1306
247
59
100
120
446
41
97
4587
98
105
209
175
801
97
284
143
8
422
33
1194
1
97
3
2807
57
476
744
217
71
1300
99
66
264
400
401
1
43
25
56
350
341
48
166
370
71
166
1552
311
227
636
62
79
4053
95
41
17
18
110
72
1
269
35
23
4218
585
61
10
5
30
138
9
350
1
9663
242
190
2122
79
1860
227
218
410
138
27
82
1244
47
209
155
3471
244
107
200
246
294
6
44
1140
133
116
715
2471
278
54
26
20
264
612
565
222
184
1
1407
258
71
44
91
171
209
469
1087
413
33
232
1496
123
81
25
6085
74
50
7
3157
3263
193
217
138
992
3138
79
90
2096
27
4037
40
512
97
572
112
3240
14
563
108
146
231
244
272
37
3
103
1695
104
34
407
336
1
27
725
99
1692
163
4
254
155
44
429
55
29
154
45
1414
656
571
106
324
781
842
81
115
197
199
796
72
1473
152
1
62
68
5652
3001
1185
1351
88
132
20
18242
181
312
199
3470
13
38
1549
40
1226
28
373
409
439
386
486
970
28
21
47
11
42
62
16
1163
1817
321
658
114
1387
8126
517
886
127
284
1473
118
24
78
466
25
380
3691
789
2449
246
95
284
757
1680
577
109
782
65
585
1466
143
17
149
116
144
178
115
6917
25
33
62
1774
135
67
210
364
1579
13
129
428
63
503
3065
668
73
335
2
720
29
315
21
6
289
373
34
361
303
196
1068
449
239
108
185
39
28
17
1482
121
1407
1159
33
307
310
1205
348
978
1394
87
2116
521
4371
2
12
127
1913
109
270
72
239
1440
1427
73
234
431
2390
18
165
57
323
1342
210
292
132
47
333
1765
75
20
42
139
31
61
144
8
220
171
94
125
1220
677
399
2547
120
567
48
95
2615
246
174
15
26
296
1169
254
252
3658
2654
4015
127
800
3010
153
46
458
416
276
294
1888
306
184
2362
262
641
9471
483
17
177
117
20
165
355
281
453
97
12
102
2317
237
3926
97
296
320
18
2586
257
541
1
455
180
705
41
79
2262
28
39
110
745
1678
7405
1152
592
188
391
308
117210
178
283
865
36
317
193
215
11
574
186
24
6576
107
82
427
19
255
260
2058
42
115
410
325
179
97
37
20
502
84
795
577
281
17
119
195
352
58
564
59
214
376
252
8444
259
292
16
190
237
171
638
740
47
273
239
167
22
69
112
19
325
643
388
492
2671
1867
65
27
39
168
578
23
198
133
324
403
6
52
847
181
446
23005
6999
410
611
112
2041
223
129
278
261
101
83
728
219
254
487
911
1864
41
61
1381
1813
152
27
115
70
1280
119
330
115
862
170
282
638
1004
569
869
787
4977
647
4711
287
233
560
71
913
594
320
788
1227
226
1
154
112
182
443
313
183
51
21
5159
282
149
291
422
459
1777
278
329
64
31
139
253
135
233
1084
375
80
316
3185
581
411
8571
231
3624
246
153
124
1633
122
962
28
3766
299
132
313
73
456
48
7
939
360
3191
653
752
200
49
279
156
40
816
241
309
284
9
401
1943
28
11
232
62
391
342
236
1199
65
126
2701
895
5782
334
202
773
7
93
2105
198
619
66
9
274
298
119
464
900
104
215
48
64
1692
24
1451
8
3011
157
4863
435
230
456
427
2113
795
609
136
153
234
481
373
1163
244
154
116
6232
27
265
488
105
131
19
301
289
71
6
821
1307
725
165
1293
3932
7
499
117
1040
34
357
7407
337
2356
475
354
213
18
551
1460
159
164
170
1414
2517
532
317
53
115
983
47
501
366
2031
143
48
623
128
1649
119
20
788
540
467
26
109
156
548
110
180
67
13
538
351
54
158
65
360
276
1193
207
564
189
264
264
106
541
2829
2015
3238
186
142
352
55
752
22
325
274
5294
411
753
162
257
1045
422
55
333
562
739
522
87
150
153
137
519
4784
215
148
2248
220
260
119
983
1375
51
1005
397
666
662
231
214
397
446
5
637
257
244
180
974
597
1428
131
393
33
1234
594
1
444
21
227
818
55
1589
127
1090
282
15
70
103
1807
58
193
309
97
22
1121
245
115
1243
491
293
97
192
527
6309
35
64
72
674
20
79
1149
88
32
517
6
85
3522
74
179
435
33
1692
107
8311
1472
1200
728
9
356
880
3
122
128
70
97
162
170
43
21
25
94
245
2759
114
281
783
370
116
1833
316
3776
2
47
84
137
22
31
91
157
153
94
308
444
212
28
129
142
1166
175
25
183
1046
302
589
92
137
40
391
221
299
73
311
14
250
636
1151
464
381
302
307
119
478
148
546
156
20
1120
96
199
264
122
3773
300
113
304
313
35
159
1064
251
15027
3670
293
509
175
21
146
183
73
393
90
152
349
142
142
32
161
51
231
191
11
17
1553
356
5231
12
698
13
137
912
271
646
488
458
6838
136
952
724
37
1200
6139
132
40
111
317
31
50
16
114
22
258
151
340
877
74
345
25
950
274
158
990
304
494
595
264
1244
475
257
2
361
245
280
260
1239
1469
125
583
3935
182
53008
144
498
177
2219
407
134
298
68
296
467
143
188
126
135
94
149
137
621
172
1284
16
34
2339
3
30
4418
310
456
236
26
1
117
876
442
137
28
302
785
898
172
62
170
158
473
540
31
120
72
100
293
476
112
1865
208
23
296
377
43
1147
203
252
30
454
105
205
36
73
146
905
2068
295
436
9
184
1435
357
126
110
99
280
60
134
1553
204
47
43
331
4
74
352
126
43
979
205
61
2151
333
318
94
38
85
56
319
229
267
73
39
183
107
846
4860
36
283
2
53
40
733
4540
139
407
141
145
306
1051
311
416
292
1526
4063
124
28
83
37
101
2239
1199
428
2457
159
20
218
4808
718
2739
156
18
192
3917
68
290
710
70
1
2641
69
239
172
6
610
22
253
306
5
169
718
572
485
388
2563
378
1068
2690
956
13
238
111
418
553
244
1
1209
152
435
72
4030
29
171
379
73
619
49
79
140
36
230
197
74
441
183
1900
439
669
196
380
127
242
1689
303
89
1280
24
101
204
173
32
845
148
124
58
11
1513
23
794
201
207
3
152
412
220
340
448
105
122
1316
210
951
201
1707
206
1302
194
219
26
252
1923
168
521
82
562
1347
140
75
277
4107
1206
1
21
61
193
373
5
343
354
20
332
714
527
70
659
329
1475
38
902
5592
1435
113
750
140
530
1
376
1
19
82
732
451
360
188
50
833
213
119
534
435
1153
40
202
1588
276
1763
473
215
187
2227
135
234
342
2813
259
1418
863
1433
338
6087
542
94
137
17
2262
275
6
900
156
34
357
288
105
371
102
269
436
39
704
517
290
691
235
63
151
98
42
212
219
33
203
5206
650
220
132
208
275
3
1666
166
373
74
56
219
46
26
231
2
150
400
758
352
2244
684
295
31
129
252
201
14
52
16
118
111
357
17
1136
59
2005
209
321
363
29
211
256
216
1951
3823
78
368
229
302
406
126
198
42
2043
139
389
283
288
101
738
169
98
30
48
8
839
84
13
210
151
389
284
26
523
1193
45
475
304
53
76
8
54
182
73
40
224
2945
249
5111
5
830
1171
81
121
388
442
64
434
167
671
120
189
879
512
135
1745
454
2443
378
174
759
301
188
484
143
442
358
638
117
222
154
366
113
61
194
185
1699
262
103
23
5030
19
3084
63
105
3427
1972
170
368
174
152
80
6323
55
172
2628
43
3129
35
472
272
1650
501
99
760
973
142
106
28
963
1
412
191
851
127
26
34
5
632
918
7
108
70
1843
19
338
12
362
118
267
3092
1052
2333
39
606
1212
749
55
606
26
134
51
79
1659
291
1000
324
42
13
662
1680
171
269
420
44
309
6750
132
549
20
216
575
2832
4
248
108
1516
2167
2979
150
4362
1405
1019
970
210
285
3863
30
2948
569
221
276
16
349
1139
539
19
50
47
120
130
541
64
302
4385
535
403
239
311
171
955
85
30
31
59
25
633
732
22
2235
241
379
656
338
1
156
291
1622
866
715
256
42
386
274
446
188
167
167
324
138
18664
43
716
144
308
260
18
1272
128
2632
471
47
32
122
2157
128
24
119
2406
204
85
153
2639
3820
88
5447
1029
1478
40
1397
14280
25
139
372
239
126
165
503
293
615
33
510
186
1236
128
162
272
183
34
171
128
670
321
185
2114
74
46
10
316
622
146
427
46
66
222
148
349
245
795
522
226
187
540
260
2687
24
31
1423
295
128
7189
114
40
52
315
166
284
842
613
135
60
223
151
5
497
322
205
219
2
56
12
13
1292
93
173
1047
454
701
15
222
2291
40
361
495
1609
52
1872
49
1392
689
76
344
532
229
927
473
763
8
33
1215
432
27
22
1507
433
268
2798
20
158
1157
400
128
163
118
231
41
18
498
7
47
937
830
230
231
282
841
194
274
56
35
63
123
764
44
123
321
161
152
408
170
630
115
886
1664
6799
233
17
135
4729
129
3339
198
17
232
127
52
123
83
79
1734
58
376
120
51
279
344
546
851
4
132
17
7
29
515
1583
216
126
1835
1253
91
364
1364
711
11
1571
121
169
152
353
2
389
403
81
55
2559
357
468
192
128
759
140
409
96
610
14
150
134
578
1
89
1
2662
19
522
393
2155
120
826
611
409
1
10
123
43
973
584
109
57
332
37
2598
49
3080
235
1005
17
956
136
28
34
51
601
334
3214
27
9
431
268
457
262
1731
188
165
246
2089
18
240
49
234
204
242
1
55
936
1097
493
161
58
2
152
42
158
131
830
312
281
209
77
150
33
127
576
202
1
491
271
78
23
143
506
293
138
739
85
61
144
332
206
351
296
300
572
439
123
244
17
190
3616
2
162
2290
401
1823
385
212
979
118
474
17
137
19
733
327
3202
453
121
1870
784
69
24
131
10
29
680
164
518
253
202
21
169
154
20
226
152
137
152
584
171
34
36
3501
8513
4
2312
227
980
2973
961
2872
632
6
22
100
63
320
538
118
1
260
17
313
630
717
22
614
46
349
4
202
208
61
111
2172
48
1223
347
120
169
718
334
93
1161
438
77
308
172
443
54
293
27
173
1675
21
107
2
24
1479
21
469
95
148
116
60
11
148
332
687
3336
38
325
285
287
54
1
203
397
75
169
84
140
418
1198
292
326
394
51
9
52
9
381
273
97
57
184
276
1549
137
2270
119
79
262
456
294
37
60
806
211
1214
3035
1977
1272
87
1110
226
1336
711
143
149
58
56
52
148
270
13
63
39
435
482
1372
162
136
295
134
253
649
285
603
327
318
3756
298
15
1
203
143
717
821
55
165
1709
653
84
213
46
1636
165
285
88
222
310
70
65
25
335
327
43
507
572
451
9866
923
2746
188
339
22
39
107
87
62
46
2143
493
135
361
280
179
267
117
81
1529
150
2985
533
453
653
306
1156
674
31
166
166
126
70
37
17
283
324
1524
422
73
13
143
19
116
3
323
300
1481
276
250
633
4
221
467
14
140
126
2360
16
219
260
147
1546
29
273
883
239
553
16
340
102
64
1243
227
29
19
406
211
69
165
176
163
42
249
275
412
302
66
366
365
974
75
966
49
136
30
303
12
142
24
148
99
175
35
62
633
246
93
37
378
44
944
406
178
2856
245
1383
21
922
122
105
95
347
438
195
191
147
350
3505
109
58
341
301
188
269
183
36
790
116
201
32
9
812
16
212
44
225
88
2883
33
6
329
61
282
949
1
108
50
549
273
208
729
177
34
1051
724
156
137
199
180
706
142
3525
93
225
1507
327
1844
642
11
7
736
124
369
344
198
120
81
323
30
74
5887
227
7430
1977
124
324
916
506
85
124
418
45
175
421
1058
196
1700
3195
31
26
25
324
17
132
156
180
333
75
1
871
425
1198
1444
15678
29
2830
100
156
30
127
854
575
335
1025
579
213
147
1028
192
135
68
779
421
31511
433
81
162
638
272
35
159
549
46
162
268
918
79
727
139
41
650
80
123
33
76
482
132
1531
66
613
31
11
23
292
968
171
708
2397
29
344
294
14
42
191
818
612
108
115
283
1319
124
29
369
1851
323
3607
188
106
26
291
1550
619
100
405
292
275
32
26
210
1529
127
218
583
2062
1357
1140
428
14
2173
334
646
126
173
568
2153
451
232
1265
745
687
61
21
19
1245
690
1071
318
393
46
3955
36
922
162
24
2
162
103
192
166
1182
163
40
630
43
265
124
80
151
191
115
73
89
1597
1021
300
2207
126
4
32
2333
9645
40
70
170
30
43
554
132
341
74
1898
144
366
969
146
437
1191
85
220
120
239
1
134
240
169
91
404
47
1673
68
225
44
304
153
34
90
329
142
133
62
214
317
732
869
177
1889
64
138
370
23
953
1
325
629
146
199
64
5747
582
196
43
39
16
4286
412
199
59
167
441
155
43
155
124
421
951
51
182
168
144
1739
184
14949
82
2149
305
589
364
60
19
168
1013
4026
11845
391
101
317
2952
195
77
569
42
942
20
222
181
165
58
29
764
104
65
68
239
494
40
860
819
195
5
121
49
233
2435
161
1949
293
512
43
1049
552
349
42
651
1061
1113
180
30
269
756
43
1810
5
3
490
151
1014
616
450
95
43
3315
1968
1315
6943
1555
982
984
9748
115
139
932
2246
1172
413
593
24
139
498
290
50
13
143
65
157
378
1692
345
511
5184
3860
1035
316
124
1498
232
138
771
6
16
254
398
181
248
238
4476
181
933
135
141
211
56
145
131
935
162
468
1684
21
559
28
373
134
496
1035
159
203
275
48
9
82
25
2574
358
1198
166
1604
288
166
680
2150
5049
220
2888
211
1278
145
4128
22
1438
103
414
9575
258
3141
162
8778
268
61
223
613
260
134
1962
158
30
1630
440
2401
5493
307
976
253
691
132
17
544
140
319
1181
17
284
1267
125
145
55
858
193
168
137
123
3797
124
215
10060
206
1037
135
1463
188
1236
149
136
2924
776
335
11
352
300
332
167
46
153
126
91
638
51
943
120
1
270
630
55
184
267
135
1763
2868
372
277
35618
56
117
270
209
1224
1866
116
1439
642
2428
202
618
109
1376
139
625
367
991
2963
44
139
7313
7837
47
988
124
457
1708
1874
1627
1500
2697
12725
70
137
306
153
248
781
217
1170
231
72
1178
124
26507
2650
823
131
623
147
546
1241
113
186
32
829
639
950
1090
702
8048
1070
27
841
187
188
864
209
3739
1135
248
2464
95
330
2462
86
672
1345
939
582
784
8
103
608
7
522
1210
4
1493
511
12
889
129
659
235
830
1
997
321
69
203
46
374
407
200
455
77
5542
143
55
373
158
15
2723
148
124
1007
574
161
186
60
1932
67
417
1521
642
44
446
605
26
1
742
191
119
931
1840
695
284
341
200
315
1
132
186
1261
3777
666
112
584
2798
51
241
475
618
342
64
297
639
538
410
1212
59
22
385
695
460
91
1069
205
762
493
226
275
946
2224
1128
534
1924
4182
74
1394
2185
50
90
3301
61
111
661
605
452
681
329
16
35
271
84
270
41
2743
257
299
40
8
341
122
338
255
2
233
35
275
352
343
790
117
134
297
285
141
1075
245
120
5640
265
2
17
78
428
10
60
189
389
943
320
421
52
93
90
23
300
4306
907
1284
295
52
35
251
57
342
27
3082
119
140
383
2433
492
23
32
2458
47
274
3640
463
158
207
73
344
1327
216
570
1265
467
317
2108
3700
500
61135
233
1940
952
125
237
2170
113
238
3605
1701
292
76
720
270
69
654
4451
598
142
5
123
135
392
260
111
270
202
10
1788
655
786
3116
2962
489
281
103
255
1599
170
92
220
3908
138
665
421
179
793
83
1543
2399
147
798
153
3640
211
22
34
72
270
6984
214
566
167
164
429
574
17
46
161
173
97
235
409
964
15
201
149
30
186
144
9996
1411
539
112
472
88
284
87
478
128
678
76
122
257
245
1265
118
212
356
232
289
353
295
282
46
183
155
261
1826
223
1647
307
618
452
148
971
761
125
523
81
941
457
2679
253
213
441
2561
251
1000
11
46
1261
154
225
19
153
1362
285
234
11772
292
3725
1
4133
429
136
286
146
137
18
335
144
167
216
1061
232
47
44
292
129
22
1
460
386
811
84
237
161
300
119
146
568
305
756
526
105
271
27
199
149
346
46
121
1511
451
6566
735
18
173
193
1410
234
1205
92
229
202
708
1690
1071
20
404
852
13
1
5
152
145
4813
2117
29
548
3298
21
120
3621
383
262
506
63
1658
1232
1123
117
1461
97
41
429
185
3
103
196
712
28
279
162
394
480
423
668
41
1890
247
286
703
201
104
29
4389
242
289
1849
1720
1187
87
420
214
45
103
175
123
466
394
317
2455
701
1270
131
149
103
147
615
141
1015
195
2024
106
675
198
1041
138
1123
460
534
53
134
2583
133
229
137
2795
725
312
3941
161
135
199
3342
289
419
1123
304
15
241
239
2
179
14
150
354
196
854
257
271
1323
2105
246
24
884
816
364
57
122
705
46
343
249
33
1600
334
200
6436
39
242
1350
5240
1794
26
196
1319
253
448
27
13
85
286
208
389
855
227
24
166
153
3889
221
1390
205
227
240
30
1724
589
2313
445
195
243
434
353
1
390
139
2977
19
39
249
617
449
342
12
224
408
140
194
101
357
272
379
30
270
46
157
512
582
497
1821
92
1
196
133
1443
115
876
350
1506
6
163
461
468
193
54
275
5
78
243
228
