64
32
34
45
8743
25
35
41
17
1
75
24
65
19
78
4
12
27
58
437
27
24
1
19
4
7
5
289
41
158
1
265
4
1
274
34
14
6
19
99
23
12
4
86
1
7
25
79
41
10
1
17
8
144
38
2
40
26
45
71
71
3
7
25
131
66
1
1
37
125
29
48
97
4
9
41
19
7
7
51
137
21
46
26
5
58
76
32
16
24
206
11
6
111
9
704
11
11
51
44
1
32
86
13
5
10
58
29
54
25
28
9
12
14
14
17
16
10
21
5
18
20
9
47
6
3
128
2
2
20
51
21
35
44
144
23
12
70
54
73
63
143
16
18
23
17
181
41
2
85
23
165
170
5
30
32
66
6
24
56
15
21
27
7
319
14
302
156
323
86
5
3
31
320
2
60
105
118
60
12
44
1
61
6
104
34
59
27
58
57
41
44
21
41
141
42
855
386
183
35
23
70
6
108
142
50
15
52
92
46
13
41
107
4
79
30
72
3
85
86
340
5
35
63
11
5
4
31
3
23
75
18
13
20
46
6
6
3
135
49
7
3
98
3
3
185
37
2
291
14
13
29
42
43
12
5
81
20
9
24
29
47
8
75
3
48
135
9
19
42
43
14
22
64
38
64
15
557
137
70
741
45
5
63
24
9
211
5
30
16
6
42
1510
7
60
18
70
18
8
28
62
130
18
50
1
3
3
9
95
30
19
418
165
1
3
8
11
43
76
931
12
10
154
2
21
64
63
3
13
1
