18
51
63
3
41
29
8
57
13
38
4
49
4
2
65
28
72
26
56
75
125
19
18
103
61
70
4
10
12
8
72
1
70
46
102
70
265
74
273
122
7
1775
6
29
216
5
9
256
1
115
7
117
227
16
16
177
1
35
252
7
47
4
28
5
48
6
15
134
63
11
136
202
90
70
57
30
84
1094
78
6
73
6
46
24
17
65
132
586
6
19
31
49
116
368
124
173
72
113
66
63
124
22
10
76
71
66
76
54
77
84
68
78
14
133
129
15
79
65
17
230
58
4
64
106
189
665
122
17858
10
32
177
23
138
7890
215
301
89
3
26
260
13
6
4
5
53
10
6
46
15
90
7
64
175
182
75
104
19
60
80
53
141
39
1
5
9
5
12
1
19
33
3
57
286
61
87
42
81
267
178
100
126
67
1
16
521
56
163
157
88
87
70
40
138
128
398
1
144
6
528
21
31
60
39
94
68
440
20
98
29
81
16
121
5
64
23
199
46
28
33
90
8
165
73
6
75
3
67
7
78
32
39
63
304
1
51
40
10
1
5
34
77
23
1447
104
24
247
417
120
41
92
165
82
8
62
66
92
90
32
90
15
6
110
90
54
32
95
7
279
59
79
94
43
348
262
76
303
1
5
52
7
46
56
4
84
333
10
59
15
56
67
87
157
273
198
273
267
398
4
88
30
400
22
67
86
323
5
60
110
2215
604
48
12
95
201
951
66
362
11
74
24
391
65
839
38
136
77
15
10
48
110
79
95
13
119
109
55
192
68
94
8
69
91
9
221
73
87
1334
250
91
214
100
1
448
20
43
81
27
8
14
54
173
4
123
46
96
46
68
73
52
27
1
119
327
176
72
7
17
