13
267
183
9139
1237
95
551
965
23
33
302
1544
11
707
1126
98
60
747
9037
1379
36
1914
183
51
6334
463
124
13
2665
545
174
235
40
367
122
59
5303
3403
2778
618
2
348
190
38
1323
3219
148
542
3
12
10
229
271
19
87
2523
35
537
14
398
174
981
3705
778
949
4006
550
428
1655
6616
43
575
39
2228
709
465
14
922
302
53
371
2116
3
1137
1815
522
118
359
481
42
1028
2825
1537
2646
930
3258
116
336
284
168
797
211
2016
1300
46
462
900
62
171
1
3492
895
1576
9
1961
1336
19
128
25
13
116
1816
9
58
2195
23
1032
1504
32
1065
777
4748
4
2469
3424
733
33
14
526
1772
433
2342
7083
32
2271
49
121
29
523
464
88
170
504
1333
1068
1390
4
197
657
28
525
13
894
2283
1229
1952
1265
5
4386
1302
167
536
60
117
167
1
119
1178
2424
2837
953
27
149
278
143
13
635
1605
489
493
468
90
1
1
1073
1068
944
545
674
743
275
800
3242
1074
901
1216
5059
23216
3240
1916
745
3727
669
808
563
869
26
24
1298
364
3685
50
1
1166
48
1628
70
733
711
212
2073
3
22
21
153
723
17
70
69
1841
742
11
381
256
600
1089
45
594
497
1759
765
140
38
1402
83
4695
1
613
1394
168
63
703
94
250
501
126
484
1052
3069
107
34
4
1
34
1583
787
1548
305
240
1755
12
632
625
820
881
11
10
230
259
125
55
14
1739
63
15
258
1392
856
967
27
3917
188
952
60
131
75
294
15
1504
491
1070
697
699
2218
10152
15
2
2
3086
3330
482
4797
31
514
2598
23
4189
140
155
115
84
81
439
883
244
3162
357
3501
1262
7
423
55
329
4
1
1140
2693
427
2130
534
1420
1738
166
635
110
1526
3834
796
90
200
1770
1689
431
4536
371
372
1710
11
6
433
7663
143
501
1179
432
752
1923
14863
1124
371
1414
2429
179
66
561
484
24
2569
4468
1051
243
85
370
88
1244
174
1201
481
7571
1183
66
1069
784
3939
1380
389
185
203
2666
11
38936
5649
1113
202
2701
810
455
789
1369
2516
401
187
97
593
386
291
3369
4194
425
1426
4072
1730
1009
1
529
904
68
95
798
465
22649
84
5
1036
528
1485
1990
19
997
637
1504
3959
1607
166
50
779
1603
422
385
12
18
80
22
642
231
447
942
666
20
39
1887
162
53
29
598
553
354
1128
421
357
257
33
133
3054
89
461
542
939
4517
923
119
1457
66
1766
1125
781
36
451
339
750
385
2375
26
93
1407
38
667
1203
1152
1680
1288
1015
3456
103
1514
37
205
151
20
1655
3375
687
617
1711
15
7
206
133
7
39
46
4433
7157
14
11
3487
1016
2359
1911
1031
872
753
13
1805
1732
899
1492
624
363
276
2217
250
73
210
1349
111
368
584
399
11
1726
31
15400
21
836
432
21
1
3590
547
154
4705
628
446
447
44469
700
284
410
7154
1587
1190
820
773
3021
846
312
242
2436
972
242
229
74
334
1596
191
5161
764
155
829
28
185
656
476
5420
49
2420
421
4385
122
260
2968
580
1926
59
1022
3284
427
774
2453
543
26
6368
211
729
1705
2259
486
315
183
701
139
1268
981
67
439
2478
885
496
167
2519
2547
469
15
859
617
898
110
354
1128
2003
7181
34
149
3638
565
1635
2782
4603
356
157
648
4
347
455
514
1417
2772
6
312
1612
1992
3836
536
10
1202
51
26
245
1865
196
3308
558
474
1256
1509
253
11
940
625
223
126
2470
7
88
1273
7920
256
239
3106
550
274
18
567
21275
5
600
445
11695
2453
869
506
747
401
481
13
2039
1258
1702
124
8916
33
1922
976
236
261
1108
3427
1020
300
984
221
1091
12
728
226
3534
321
19
186
1058
1307
393
244
4387
2708
742
2377
213
602
202
530
1780
2668
14
1400
113
42
22
2239
10
2204
4734
394
5960
1777
167
64
201
189
3181
465
94
319
5291
100
5929
70
228
1548
2573
1472
987
6
464
474
325
227
1208
197
1521
1654
171
506
1
1729
9
682
1269
349
715
2272
698
56
67
2225
317
1080
179
28
2
33
5162
552
5143
25
80
773
463
1683
1138
1444
1087
6744
403
1652
394
140
571
1
2267
547
875
2520
2144
234
2481
4059
22278
475
904
4
1060
365
567
44
1105
432
544
2361
294
233
776
2525
407
1081
535
224
580
752
593
988
256
891
126
5
1685
3127
1102
466
75
2103
916
328
145
8870
2794
1696
16
1163
902
40
749
330
806
41
2
348
25
290
392
415
4762
80
1091
926
2875
1542
240
30
33
121
9
46
23
498
1242
3
29
1857
1606
2287
1261
1325
231
61
40
144
1471
687
210
5673
198
433
23
735
2564
874
568
1852
62
41
2723
1188
7017
173
814
7974
6986
207
44
620
1
378
749
1099
993
4553
2664
1004
13
1052
1146
401
378
4701
865
367
13
439
1732
207
886
10921
448
1523
605
48
15
2151
613
87
91
96
21
396
1543
3240
2504
2925
242
99
697
690
155
699
825
65
2607
1132
125
1061
1216
87
47
459
141
7127
1367
1514
629
160
35
864
271
3272
1331
2370
40
444
212
1684
2784
3922
62
1127
502
794
276
265
876
18
970
8
1046
2752
3359
135
16
156
1306
497
1044
18695
543
25
4282
147
126
1100
313
1712
66
174
141
1672
758
15
72
15
14223
918
4915
192
36
19
1007
1075
1841
1026
2085
562
587
49
525
58
9
193
648
880
44
336
2508
560
3110
493
10714
829
2923
42
1151
2038
4301
15
41
282
192
3151
596
1782
80
1199
4128
1007
541
6
2149
86
2401
64
260
15
1992
1445
89
2527
455
820
573
404
1248
186
6138
4
940
36
848
343
96
1049
92
1124
23
2035
1202
1071
2662
1427
148
909
45
170
23
1715
1977
302
21
512
30
1566
237
779
491
56
14
3172
348
2018
562
257
773
2506
1110
20
1420
465
2086
19
1884
92
3687
621
3882
283
2367
47
8803
3613
1607
117
1050
306
365
51
470
224
3007
4
1628
5386
1915
89
815
77
480
2
912
802
528
376
76
1263
1205
13976
977
1922
126
300
3181
1521
1889
285
13
4645
419
1189
3092
2040
7019
1915
1449
1093
25
391
1208
1317
2855
3860
2414
805
2162
226
4
674
142
1261
934
554
936
65
150
4
924
150
16
665
1
487
2011
33068
495
22882
507
8
1786
95
43
7
1599
610
33
635
106
238
89
1185
45
582
5033
495
478
398
121
34
4194
1
8
2
27
1557
47
655
65
638
172
385
1095
276
23
829
2524
158
341
4305
48
1
401
1962
514
139
2668
33
1511
1054
83
1224
712
81
447
265
351
896
74
1416
42
4
688
2655
1620
201
165
13
392
2825
2031
146
47
862
5
13
1460
280
395
319
117
4
288
472
37
1858
1910
397
1497
1070
138
7
54
1
118
2546
111
81
700
194
18
304
42
69
385
16
3
276
6651
2080
118
422
655
1
1285
460
3583
1023
451
11680
2349
900
124
2080
2134
3
623
4095
218
699
988
194
915
699
29
2495
87
237
21
602
1
3
4152
106
57
18
1652
1807
976
1941
132
581
578
404
14
2855
2963
85
38
23
63
436
10
6
199
10
591
458
395
31
1450
734
1010
1461
383
269
327
7376
214
9
306
503
1086
991
5590
10
3914
66
984
1
353
930
94
248
47
4539
4070
180
1365
27
987
3833
51
1386
11
877
496
16
613
756
381
451
200
826
1274
3664
76
6594
912
4783
1079
2624
2990
472
99
1269
42
306
31
586
109
1
2
6656
438
191
199
6
503
964
992
324
62
8247
55
46
4883
712
184
605
5753
4423
15
185
1502
73
39
1243
26
1048
25
204
30
5
758
22
6542
34
13
1178
3155
49
374
6
38
842
4089
60
17116
18453
1302
226
1021
418
1728
1449
1653
169
530
1005
1330
3482
90
78
36
1273
952
1978
1535
119
1138
734
2
1295
3780
578
926
43
1
1582
2520
2084
51
14
2
329
2376
2094
1842
2001
1010
662
2419
4979
738
1489
2815
62
681
264
861
715
311
3446
1657
41
72
694
3597
2023
6452
22
97
264
645
412
350
5696
35
141
744
1196
92
159
97
264
371
1841
527
75630
2911
1952
75
1169
873
57
918
18
2304
1290
71
524
103
2746
10080
9116
246
28
2895
1046
370
532
210
557
1855
6648
645
5179
960
43
445
1843
6768
5380
46
135
26
213
7308
3631
16216
482
510
54
1323
113
31
176
344
729
19
3833
422
323
661
465
1302
237
1847
3533
38
5087
96
1852
600
55
390
6
466
28
2736
55
142
1972
9
1039
6
1889
429
86
2
7951
438
778
7
1409
4134
5771
23
774
149
390
108
4329
609
483
1080
38
326
365
4448
11
5756
703
4258
46
5122
12
105
352
4352
9614
1083
29
131
181
1426
3474
1184
363
1736
2399
1735
341
544
160
4025
233
281
2462
94
1934
2229
653
37
1580
13121
109
144
2612
809
58
355
138
1029
111
793
191
7882
2799
198
5
206
1691
1621
178
295
1107
2106
87
1288
76
823
715
1884
1024
1423
145
2022
12
13347
726
2559
4472
59766
1436
463
165
279
405
1487
1051
4
1731
660
464
222
1654
3235
109
665
43
971
1
1447
2147
795
2170
7
177
4
359
1127
2
136
20482
26
1245
23
1969
530
409
48
2
270
518
724
7990
817
3998
1669
437
477
15
989
200
12963
248
218
3488
760
5
1492
15
10
3123
4
222
58
678
18
1357
80
178
212
310
82
113
47
4
1206
343
243
276
427
1425
1834
1287
231
2642
30
939
75
1
552
2175
352
925
2665
495
75
391
484
1260
2099
2224
281
200
1697
1745
1615
400
332
209
82
1268
46
3378
59
1591
22
44
989
334
569
1155
2318
45
37
2205
28
268
684
90
447
383
5339
185
322
363
816
66
1316
11
204
120
1107
347
708
1089
615
2201
58
415
29
697
876
1387
91
760
1279
163
1179
354
1233
1620
14
1381
1446
40
573
43
1797
620
847
751
1357
2888
728
31
4940
406
982
4051
1005
484
39
7
15
71
6
5
34
272
181
589
951
414
153
40
41
247
2468
461
77
528
702
9317
27
3362
979
176
1904
4636
2062
153
106
481
355
61
930
540
1059
12
198
611
249
410
261
130
467
2440
3522
1057
1453
2752
5116
972
47
1675
165
18
525
26
720
1858
4
1267
548
139
284
696
645
736
3318
1429
121
16192
240
566
2694
34
111
2372
125
1490
637
936
4
9130
404
814
1492
1340
262
11
945
42
22
4035
9605
901
38
76
402
3233
965
3183
2957
4496
555
1734
207
967
167
762
14
672
1399
13
1270
334
140
446
48
12
7813
116
641
53
2228
3
19301
84
1613
674
14
836
282
219
139
846
64
336
91
33
1821
30
10
484
1370
469
5438
486
383
1258
1053
594
689
174
148
1
358
917
214
831
177
1210
270
42
2137
46
527
2044
126
920
1725
666
3039
10
2741
11
3671
349
89
534
1692
10
778
263
2456
1649
2389
497
1258
198
1393
29
249
544
3
281
277
923
18
9659
873
1
1658
4513
6547
400
306
1
790
12
145
399
7337
10
44
910
273
1
427
39
1368
2246
195
1167
992
529
264
1519
2545
118324
30
1056
63
344
9
1515
759
32
627
2413
422
48
328
2834
2323
3
23
113
388
634
422
12
570
449
851
866
2308
112
938
903
251
11959
13783
1069
334
392
19
561
589
400
41
1485
636
18264
3808
59
32
17
1
14
1536
766
1197
30
561
1
8743
298
692
14
16003
2279
1109
346
5010
638
481
2
116
2262
598
4830
53
383
1019
5
100
562
1841
589
98
454
1
467
1442
355
30
46
1664
3052
2207
164
579
5175
572
36
1307
594
109
1815
1605
984
996
3148
464
769
18
480
733
11
2272
16
7693
587
111
4102
382
465
109
4
1307
747
175
126
81
23
272
814
634
115
7
39
719
103
1067
1704
3438
790
553
4795
612
934
200
22
411
484
130
4
4
1027
236
261
827
455
296
41
764
24
371
4108
2805
588
12
144
1439
231
1130
2054
2648
644
11
37
1661
510
960
1108
26
1845
274
5520
556
2953
1382
1055
753
18
7111
1637
577
602
12
29
983
352
1781
245
646
898
1760
424
20
766
617
1558
3608
447
147
15
5
79
402
53
183
374
1587
125
479
935
5402
441
1118
10
2048
1563
60
2795
13
233
762
3692
2412
6165
1669
37
473
198
3487
8
5073
303
367
269
3014
85
1
1224
1221
781
17
1959
350
19
311
992
1396
2
292
302
408
1233
246
1359
7293
322
202
341
760
11
103
1156
448
41
831
24
697
539
821
141
539
31
35
520
1685
23
1921
550
487
984
363
29
1854
158
1411
2535
2275
1260
81
675
1805
1250
7860
258
12
1370
1091
1033
4642
421
1395
682
2057
255
92
8945
13406
1876
2862
897
10631
5927
491
5773
52
790
5739
4671
10
2593
1734
251
1338
10663
13
491
2224
169
448
1479
603
109
330
1200
1838
1455
413
1897
2713
237
17
30
1
600
2410
4539
385
108
1459
708
2549
373
382
48
1470
14
56
303
210
595
2467
64
135
804
372
525
296
4
2010
579
1637
13696
1998
546
1918
474
29
45
14127
316
7035
767
792
4361
453
115
110
17
16
2
1511
31
1381
1082
188
157
316
1111
55
46
153
675
4795
4
1007
91
414
199
354
151
4105
57
800
234
1132
2283
3055
654
943
20
3979
175
188
50
8577
144
354
564
14
1437
2102
218
201
113
1595
5038
251
843
3442
88
242
211
458
324
3422
31
663
302
2633
4
169
278
680
158
64
295
36
2011
6883
24
78
42
402
1093
52
3589
1124
10
8850
873
2902
6155
28
414
2407
4809
390
104
4846
204
497
790
162
276
29
4299
856
3
15
458
496
160
2198
1352
1180
1307
605
1443
406
431
831
2973
121
1049
1594
691
446
393
18
61
744
988
1903
341
1871
1180
63
1393
1649
121
6
11
94
212
800
43
726
90
73
2761
464
1689
1054
4961
33
60
10
3
562
174
119
2
668
2342
74
883
52
5195
1548
3815
256
3974
4458
11766
1300
146
270
24
102
110
434
25
2554
981
1979
666
845
40
76
67
928
281
699
2299
1693
1681
5842
1564
704
1
1382
1661
681
55
89
288
5823
739
11
16
65
4386
1184
7349
4716
1800
754
15
5290
31
1677
150
1108
3435
91
893
1419
205
53
168
2966
1028
489
719
21218
1343
382
103
1204
221
581
1742
463
45
924
29
182
13
771
218
65
424
312
62
144
1316
1762
6183
995
1448
930
4412
1315
1020
1775
3
34
721
3701
395
290
332
961
479
5127
2404
658
627
63
1214
195
6
1058
384
58
1114
107
68
1332
1045
31
139
2105
8
388
134
53
1104
523
60
708
33
2201
1773
278
43
4215
66627
546
2309
567
352
46
147
646
931
112
198
181
870
559
2762
1791
341
964
936
8032
146
817
158
165
86
7648
3664
28
37
244
8
1898
2396
1514
3330
377
1232
20
451
3
285
37
70
3460
608
81
24
3754
73
70
37
1134
345
422
28
680
279
1010
2
414
21
142
669
216
1357
302
481
685
723
901
362
1477
2078
621
456
349
2990
705
16
104
188
3153
3417
4337
6194
132
622
2326
1330
513
6065
2455
1438
865
1843
1408
434
354
1
183
1
795
180
746
1
18
82
458
114
20
135
153
536
8440
1614
690
2547
49
107
237
578
732
2
605
2899
640
2154
39
732
2648
70
533
231
685
236
482
367
620
91
1681
1997
74
200
199
3630
2234
502
50
724
390
1519
5584
502
98
1555
369
1688
429
8
16
2207
29
448
19891
45
2163
478
391
21
87
6030
900
1192
2
3805
1815
382
7482
85
999
387
654
78
35
824
1503
1339
368
410
218
2479
1250
39
4111
2140
167
88
1065
1765
788
42
110
967
9180
416
76
1211
2888
3
3
385
13
649
6081
576
266
1516
3309
529
6359
103
1369
3630
955
562
1000
1011
257
256
1293
232
110
1152
41
1049
136
6
886
752
56
632
15
5
134
1
133
799
124
604
1191
9461
398
113
275
852
127
780
838
771
530
29
16
1699
14
299
951
4628
4931
276
30
1192
584
543
325
1768
587
128
217
794
1074
487
1405
70
330
973
1
135
27
110
397
259
39
125
383
468
6439
719
30
225
876
401
52
2339
1249
1381
247
1849
236
8
1656
528
1925
59
247
561
120
8
4
364
960
549
258
1177
564
934
20
7778
691
208
848
852
3219
59
988
1688
4300
3329
261
146
11
2330
412
25
566
126
98
1837
5487
809
846
17
495
2204
111
2417
498
46
100
27
36
564
30
1271
184
387
5812
651
2019
6477
375
84
536
591
38
3
192
546
1111
407
35
288
283
1796
2
2003
96
2213
751
16
2937
1858
15984
3141
237
51
421
4262
6998
10
533
1298
908
2121
13
931
47
534
972
303
2208
4105
1133
31
2319
3304
756
4
1162
401
484
1007
2014
976
35
15
220
690
11743
361
20
924
213
260
15483
219
1024
98
1624
71
17
1512
596
367
3999
11162
884
1161
189
1605
708
1028
1059
995
666
8887
2181
21
456
15
4660
1
28
502
78
40
1789
33
718
44
486
2
1100
823
2626
241
21
2585
576
12
6156
3512
609
1324
49
235
2085
188
1425
753
825
1951
20
42
2998
810
116
803
1846
314
2046
16166
513
56
67
329
1
128
17130
751
625
104
1136
483
342
55
1883
573
838
323
177
396
1138
256
1144
174
1094
3668
295
1861
62
19
6355
996
99
523
972
3438
28
68
379
1153
2079
269
739
2975
28
10
642
395
1018
549
280
695
902
8127
233
17
2198
8662
811
1639
55
33
1
1083
35
1777
1649
500
1743
90
316
633
13
1113
511
1553
51
1625
2496
706
472
293
545
568
1291
2921
85
620
557
311
290
529
1599
686
1509
549
4434
2822
167
1394
1848
613
2525
211
158
99
91
3
460
11
44
566
2805
806
14
354
5
416
317
62
653
414
2
10398
25
1000
3533
1985
1422
1320
3021
1016
2685
55
981
391
663
1310
3182
3196
993
376
2528
78
32
248
432
145
141
29
654
817
1118
1157
5
62
1526
3241
145
25
83
269
225
1858
606
1538
219
282
582
1474
139
11
115
808
1248
633
567
272
343
83
1419
2938
181
124
30
432
64
534
396
2090
3
1111
607
291
2505
3230
26
999
268
1692
1871
491
365
627
125
86
615
553
830
445
782
1519
1
677
223
1615
334
419
1810
321
55
231
29
503
11
2403
13
1118
714
1500
163
492
1339
2899
375
56
460
2499
1122
641
16
421
1613
1676
214
538
1573
1351
860
771
5
555
111
59
25
319
1072
722
652
3
295
393
3473
810
50
168
260
15
10
1154
650
76
434
417
419
4481
418
567
4207
599
8487
68
624
413
68
137
237
151
199
1426
49
17
96
605
337
26
1247
48
1220
1161
682
604
604
302
45
380
153
5667
1134
111
10
59
48
2611
338
225
541
368
1605
76
118
238
18
27
15
366
803
762
2387
1440
101
37
122
90
42
319
25
3
631
407
125
124
3755
17
57
14
16040
6
716
720
337
1170
432
13
23
1159
27
308
60
21
769
302
1214
246
257
32
496
8314
747
96
61
165
15
49
9
204
1174
79
554
889
943
882
513
1261
156
7898
281
4311
544
175
6902
270
942
86
368
405
579
665
17143
34
2236
3
801
1654
22
9
1832
1507
688
850
83
172
216
626
12
241
55
36
2112
185
64
1090
2758
2074
150
6023
904
980
239
4826
87
163
722
154
3641
255
596
530
2257
66
122
7371
439
2315
194
1791
1257
535
630
800
8
2688
160
965
1923
433
53
363
135
1319
6071
661
19
770
425
447
278
93
4305
10
1531
1234
3695
4377
778
53
11
210
743
46
950
2713
8
133
555
152
89
74
370
117
39
290
545
35
2531
231
70
3245
3525
4
228
84
1197
4893
1115
267
393
1813
329
2113
266
228
1060
827
101
145
4707
189
18
2
80
396
1885
1925
469
379
11
1116
64
1278
2000
814
141
351
37692
3376
1017
313
675
880
779
103
447
1484
1177
21
3111
87
3143
107
9
216
81
23
3307
255
97
1406
1
900
464
93
527
353
178
10764
2511
69
628
36
1264
129
62
1394
4251
1753
1027
621
656
172
59
1790
434
1
157
122
4
5
255
112
301
27
168
315
44
669
82
100
1054
80
282
187
413
126
158
1
651
2
1288
175
1078
317
512
738
138
268
427
14115
27
821
723
652
168
14
1497
586
45
986
29
546
654
60
4672
350
1187
280
508
876
2223
316
3035
317
62
1077
2240
116
461
938
737
287
956
1966
32
1289
19
987
170
4632
473
84
557
1019
66
1436
876
72
253
940
1051
552
1746
928
897
300
181
1652
18
4617
4940
46
45
39
427
598
37
1638
486
29
159
2006
382
139
67
725
4497
282
74
4867
380
1527
443
381
886
2195
145
530
52
483
173
5993
47
1948
493
1166
958
1012
10991
41
2010
192
2356
671
118
697
75
1535
35
301
190
334
2999
333
98
925
2152
2
730
1722
592
576
14
1122
936
1566
428
525
1157
1314
213
6828
7
912
3564
614
362
1465
54
35447
1541
52
907
12
241
3010
508
262
5704
1706
1617
260
60
650
14927
6923
576
2232
1851
847
5303
109
786
780
621
985
766
85
264
333
484
580
319
13048
342
585
385
25
427
175
129
214
379
712
4788
794
1089
3542
1556
2672
172
416
794
1747
456
174
24
2469
2145
1575
2667
203
365
408
1348
1333
1411
613
120
327
854
518
1610
498
1138
109
668
1157
1273
508
700
6490
1553
679
200
597
283
133
249
355
229
45
1004
38
2
12
45
3026
112
1031
556
253
271
1097
491
1599
372
35
280
31
418
2612
630
2
208
1712
269
402
863
1770
129
1523
455
349
833
6
21
20
1177
419
475
33
672
172
168
1009
117
52
371
464
2074
2125
1124
3303
7
521
1535
2714
193
473
222
212
349
44
246
609
11
3
134
1796
76
622
10
305
1513
103
21
13
227
238
686
23
1269
1338
5
358
815
1042
292
13
97
605
191
1559
209
7
8
202
43
860
467
39
826
281
742
164
707
125
21
70
6
186
514
915
77
83
4
4
149
288
3174
2274
205
1550
19
147
475
517
98
593
365
1044
560
58
154
1113
3
2825
1
219
629
272
16
16
12733
4554
15
764
119
376
2609
4149
1099
989
756
2146
14
2308
17
46
47
6150
3489
857
577
346
701
36
1541
31
159
998
218
36
4536
18
305
13
197
17
6
69
