129
122
22
117
111
488
4
118
942
153
18
145
675
42
113
117
53
137
67
209
79
84
91
163
25
46
91
7
14
170
27
482
289
999
438
16
68
482
9
33
106
235
26
121
32
137
354
530
11
199
216
47
32
241
45
65
920
115
67
307
123
29
199
114
214
76
121
224
180
106
154
241
262
42
71
20
153
6
32
33
160
65
42
487
203
36
343
626
23
19
71
117
165
6
817
147
15
1419
134
341
19
122
62
146
112
87
26
162
27
461
83
939
60
3
1
129
60
434
74
22
69
25
193
1082
116
247
18
126
128
108
148
82
193
23
115
355
310
278
39
1456
683
35
698
36
151
182
352
77
70
3440
266
299
114
550
233
241
107
1033
964
83
419
660
12
115
46
32
44
546
134
46
181
248
19
142
202
189
634
115
313
83
135
113
155
116
126
25
114
111
2
61
30
60
67
746
301
17
12
66
93
11
28
27
115
276
187
157
88
42
28
57
112
190
124
174
127
115
278
753
228
111
112
115
115
271
117
118
116
233
113
303
113
552
191
10
159
127
251
21
148
277
292
27
255
10
319
115
144
398
121
1094
156
1440
620
113
123
177
20
97
123
117
279
295
167
14
110
255
114
400
93
286
275
551
196
23
509
471
274
18
93
430
30
48
134
53
66
67
537
15
38
228
68
41
424
68
258
149
45
100
26
152
19
110
148
279
284
124
366
72
116
91
24
257
33
49
138
64
114
49
115
86
29
46
116
282
235
115
65
68
881
62
38
30
106
368
71
8
254
49
26
152
27
7
351
141
35
300
40
155
194
163
1167
53
222
565
200
100
43
198
47
11
95
67
182
122
32
81
427
158
158
132
504
29
22
1196
339
782
132
38
7
952
69
12
105
97
677
141
238
68
24
123
87
413
26
56
35
123
36
111
189
421
280
394
625
506
501
66
114
164
236
247
409
165
137
237
115
150
496
441
12
482
115
1641
336
108
561
7
411
117
277
448
115
83
117
192
430
1982
66
506
646
38
29
1752
176
39
243
161
115
1
44
556
100
172
98
21
10
339
27
125
219
179
42
3
28
1
297
234
72
60
310
34
26
31
35
17
88
47
19
25
82
115
43
57
1333
131
783
94
46
67
29
809
62
322
139
30
172
217
325
25
535
44
21
27
825
18
355
7
282
43
440
3
156
1
466
816
248
4
136
111
384
1369
3
1
53
663
46
369
160
732
15
114
740
17
390
22
47
48
22
51
28
224
1592
24
120
115
46
55
23
752
153
354
37
265
224
251
34
243
32
33
247
122
586
622
114
116
374
257
118
15
117
293
502
128
18
526
176
100
198
118
9
58
905
1
215
116
21
229
107
125
2297
55
127
113
189
34
288
87
85
163
112
548
44
117
250
428
126
70
161
1322
70
827
298
226
58
63
1205
834
238
672
103
73
1123
475
232
467
108
286
112
361
7
115
345
249
14
279
57
30
132
20
243
142
410
7
65
20
290
115
117
654
203
271
203
300
6
147
3
64
282
118
73
100
120
1433
97
297
293
33
26
296
253
239
551
238
105
137
121
114
302
21
287
234
142
252
33
49
324
40
50
299
124
24
627
103
27
24
50
176
80
81
99
60
30
412
22
245
61
100
16
113
116
115
731
260
141
334
43
109
156
294
259
115
1274
128
28
276
10
222
158
160
115
214
260
30
128
162
114
132
115
350
240
1
