105
52
56
1
306
58
83
74
2
183
25
10
857
126
90
65
409
12
132
249
55
44
285
90
23
294
65
111
112
997
221
182
670
78
54
52
698
178
210
125
55
52
178
59
215
73
277
213
55
247
213
40
125
99
12
18
218
678
55
50
55
266
61
120
100
7
114
435
227
66
1
128
291
125
55
1
59
90
44
233
185
55
1
8
135
10
60
55
35
64
56
76
72
186
52
55
484
95
54
52
126
223
740
56
385
223
235
446
354
51
78
627
66
67
51
218
153
370
287
52
2
131
55
229
130
170
57
110
180
55
126
66
82
73
69
128
125
55
55
55
283
74
75
165
53
211
56
52
55
