12
172
8
292
178
50
2652
165
303
359
21
191
41
442
166
88
954
574
515
79
292
90
37
75
398
112
100
178
608
58
2585
457
18
1894
331
12
165
653
301
21
487
20
169
380
166
175
124
187
216
453
159
136
82
59
185
1
338
598
28
5
244
175
157
212
919
38
60
254
248
135
12
30
171
1331
1
5042
171
173
117
7
172
95
190
165
170
73
353
165
8918
959
1529
36
19
188
7
1028
299
165
311
3
1
124
835
320
151
68
7
404
171
3549
185
2450
179
368
27
342
408
872
9
1464
316
21
193
470
174
200
172
285
302
312
312
167
164
192
355
182
292
165
302
168
273
312
165
360
174
168
174
167
284
271
336
165
170
225
636
186
174
135
67
165
166
351
188
727
303
282
174
422
150
35
169
326
171
32
68
165
479
9
193
31
1799
719
11
588
324
190
201
194
364
250
333
124
382
220
17
313
180
157
221
29
172
183
249
1830
351
308
124
296
384
128
139
23
239
669
281
438
910
5496
346
458
29
165
74
17
19
415
147
390
167
202
183
437
6
2
144
156
307
126
170
374
1569
1780
451
2
170
8
1239
351
127
162
131
186
722
181
490
170
368
173
174
7
404
834
1219
41
58
137
162
253
166
1034
307
164
1
168
1227
165
227
22
94
955
14
181
360
413
763
150
163
221
305
117
997
308
7
165
323
296
335
168
165
5
116
20
7
55
509
853
7
108
475
418
8
391
1028
32
30
195
279
452
187
1276
140
2
148
305
48
418
124
182
165
169
139
445
165
186
176
167
172
667
277
145
325
148
315
305
7
9
278
165
290
242
175
199
7
10
223
207
298
2
228
145
244
557
167
60
222
322
216
234
410
173
165
687
291
289
168
554
175
180
172
309
299
11
157
165
227
186
168
178
473
176
165
125
314
3707
178
127
241
171
883
23
6
285
253
764
102
165
307
357
363
185
237
22
166
199
165
198
530
351
169
222
778
4
56
181
150
176
344
206
35
275
398
20
165
183
167
7
51
1689
187
307
175
181
191
170
580
195
198
177
393
165
165
401
110
270
165
354
142
289
176
192
311
186
617
154
7
321
165
487
173
139
263
133
168
70
299
170
279
185
183
202
132
166
207
43
192
310
276
73
258
184
244
648
36
796
183
325
170
352
130
195
391
6
554
173
385
192
166
306
175
26
166
167
201
