388
898
52
152
186
250
20
12
118
25
95
39
1479
474
1276
536
1
2417
134
330
649
133
3335
484
12
10
269
49
167
415
126
129
402
403
12
271
131
62
569
94
47
29
248
13
42
25
24
43
367
1481
56
22
1852
768
60
545
216
860
24
122
31
512
7
197
77
412
132
829
40
223
8
138
75
13
109
6
597
57
89
1637
91
49
222
103
30
4
397
8
24
109
700
443
404
108
64
43
66
165
86
104
249
194
161
4
190
95
5
14
69
106
15
2521
51
54
220
96
126
55
673
56
21
65
180
223
225
157
56
377
63
80
165
244
55
35
261
8
56
212
9
208
32
189
272
801
60
465
26
81
94
156
109
34
76
37
336
218
537
313
24
241
23
1546
335
150
318
206
18
29
100
647
72
43
477
587
360
219
15
22
81
91
115
39
11
73
226
36
55
248
226
56
476
101
227
228
165
2
56
64
28
214
95
89
217
366
91
52
7
244
87
124
5
56
93
114
705
53
510
702
256
331
46
104
503
4
119
94
220
55
684
55
89
34
27
168
171
137
539
455
89
124
855
21
339
630
9
394
132
866
11
236
22
9
68
201
9
19
17
216
1694
253
19
53
103
139
1
89
109
645
473
105
19
254
7
55
506
226
475
31
366
116
7
52
38
18
1154
31
14
28
67
12
117
256
240
2
29
138
100
72
439
47
720
25
1454
8
50
105
12
241
41
9
83
51
87
366
54
55
105
720
60
52
90
168
917
247
65
33
62
55
148
14
26
84
246
367
397
11
124
164
123
566
459
129
228
253
41
210
59
217
20
3
31
1
21
188
217
725
57
502
9
66
8
535
53
145
100
51
89
374
151
53
46
201
198
6
814
482
170
202
67
49
689
30
153
18
314
56
52
201
12
209
69
16
178
106
55
98
4
8
287
633
3
330
146
125
162
143
2984
67
61
29
491
151
222
189
373
299
158
35
128
610
976
252
23
186
13
33
412
46
69
55
55
118
102
59
210
33
55
301
43
136
72
358
257
475
55
309
37
52
88
259
50
383
424
83
97
19
152
433
297
179
98
52
17
74
51
278
51
181
236
55
129
10
46
40
52
333
183
