16
9
8
144
118
10
73
95
10
80
683
32
85
80
66
18
779
236
4754
23
543
354
1
48
134
396
8
35
487
4748
18
116
19
264
8
38
1183
11
89
60
114
69
198
1098
58
30
851
5
179
22
66
422
827
24
214
76
44
1368
1676
150
777
21
106
85
2472
357
594
235
15058
31
1139
299
2157
265
153
99
79
715
98
85
63
275
24
25
605
109
18
84
74
196
6
139
255
260
40
53
1182
195
545
68
24
33
279
1145
263
237
158
234
3068
4141
980
1009
155
1370
8
187
697
120
185
104
213
693
506
8
670
38
13
3227
33
64
131
4847
1979
383
870
1684
162
444
256
585
158
645
441
270
77
215
1860
396
65
1544
139
34
1274
19
60
173
173
34
36
183
484
204
1390
92
101
32
32
96
26
177
15
148
218
22
364
1329
236
314
6
145
1441
188
443
718
41
329
218
67
2252
1792
1512
102
62
141
248
525
54
125
1322
211
136
30
264
64
84
147
342
82
166
118
243
63
53
370
75
32
1032
1499
147
14
16
419
614
2750
367
267
52
88
