3
600
110
267
2
318
30
29
155
40
45
665
4
32
26
251
200
10
28
42
13
148
6
8
13
124
4
17
4
661
55
510
2799
137
26
160
12
41
1013
43
7
43
200
251
13
8
2461
106
151
24
305
14
125
94
31
7
35
100
605
1
26
13
107
831
352
269
280
275
39
212
158
121
22
260
460
12
421
3
352
17
33
18
93
2
26
6
319
559
209
26
70
698
45
8
105
1585
22
4
34
3
389
74
6
4343
15
30
223
198
350
14
146
135
440
126
136
135
18
15
606
472
383
60
461
196
84
1178
37
106
35
541
70
378
559
68
7
345
77
524
339
13
3
5
298
7
14
9
60
162
576
142
362
363
147
548
915
22
15
5
151
64
15
48
514
630
14
8
137
57
125
168
3
104
366
49
279
259
441
286
50
3
5
35
37
277
75
273
59
376
669
