14
1055
1202
30
576
66
79
343814
690
954
237
4
58
444
35
4
571
416
1394
1011
677
589
417
35023
12
572
191
166
43
188
500
1
62
212
8743
15
1
1
178
139
3
190
10
47
20
110
370
266
5
369
17
2014
4353
10
901
183
3771
10
21
188
218
6195
21
655
669
18
20430
414
30
11
42
1515
19
42
10
3
17
21
1810
97
20
147
63
69
1
134
15
46
67
281
4851
116
988
8
4
11
10
22032
5
304
226
507
25
300
31
56
1854
62
20
13
56
47
41
3241
4
458
68
147
67
2065
6
672
65
307
30
5
214
22
441
79
628
149
49
43
19
65
1187
16
42
77
392
4545
10
38
722
12
3019
2123
874
2228
19
66
773
3357
2128
307
65
50
376
23
169
58
778
353
8194
19
7725
1203
5
400
164
68
203
2075
333
1003
147
31
232
696
17
2467
1
37
51518
19
139
482
26
2626
661
333
263
20
23
43
986
39
14
1100
16
147
49
3781
30
343
191
1
163
210
4
1
460
2
6808
1426
440
210
3
93
143
20
1095
14
70
130
6
422
556
23
71
245
34
87
1004
22
29
42
1
24
201
174
102
2
1675
53
11
62
50
60
95
46
307
1451
10
28
4
147
2793
142
25
7
708
410
531
37
3651
481
18
870
597
69
18
45
57
34
67
505
1280
1247
12
1944
320
183
55
19
123
1475
78
14
276
13276
146
42
15
38
2275
1
3228
1
3150
4
102
6
34290
281
13
9
298
1275
1170
60
37
125
892
5
56
52
43
92
23
181
15
1622
276
1575
268
30
4156
45
12877
613
14
335
46
9
1040
114
1198
22
220
69
272
20407
12
196
368
193
483
10
7303
172
575
212
81
40
1897
1
968
41
258
11
123
275
414
1
73
76
183
37
1329
87
698
80
9488
90
483
1
1160
45
218
106
126
2041
324
1526
1
6
462
606
92
78
802
18
186
105
70
343
3
85
688
14
509
208
411
323
9
443
80
39
9
674
64
27
10
128
80
94
72
82
3346
967
786
844
10
55
1706
17
6952
1918
35
45
414
33
14
11
302
825
442
18
3
1758
937
555
156
988
2058
464
294
1273
65
33
124
210
10
363
30
1
55
628
39
30
22
16
1844
1
154
537
3716
63
3373
1563
2819
17
282
45
1
65
1176
2731
438
226
43
178
188
9
1254
6
216
5
1391
276
17
177
18597
12529
77
21111
167
1588
7493
92
32
1078
646
70
19
116
56
339
1
1
71
503
6
152
1733
26
203
226
10813
249
41
46
786
355
909
3
4382
2013
3933
405
181
132
49
9
140
141
19
708
31
65
19
71
267
11
17
772
46
704
45
19
5
1
318
4333
37
1635
119
18
344
96
17
241
4
7767
86
825
4799
20
829
227
2278
280
19
64
50962
18
21
8
12
106
642
1055
360
258
5595
2520
1747
94
358
85
395
262
20
61
570
496
20
47
285
284
19
416
23
824
19
68
161
1897
13
18
45
39
31
1
23
293
52
190
124
130
344
9
72
29
682
703
12
204
17
96
2640
69
1
278
56
185
557
51
217
25
33
3511
11
735
20
82
188
54
338
96
12
176
10
176
160
26
207
4711
110
1138
69
3454
18937
14
243
8
640
811
1811
110
7
276
2204
328
1
1516
26
1753
1329
408
645
97
12
179
15
1940
252
10464
66
51
2
46
23
23
57
1
4021
84
98
152
382
15
448
1050
22
42
34
54
76
32
39
15
16
86
132
1602
59
40
20
137
22
48
1804
86
174
2435
511
123
25239
1511
18
38
115
244
21
30
47
92
389
157
110
696
1008
2392
29
695
1
14
1673
4826
207
6
1839
468
47
8
19
96
33
31
5882
3117
293
1458
12
173
15
2588
703
68
20
775
2001
11
53
3912
31
23
426
30
27
666
2050
47
22
180
276
5216
18
348
71
341
267
280
59
1713
176
35
377
29
41
6
511
48
5
96
1042
61
45
343
369
181
597
446
261
396
192
5
358
843
68
642
999
461
19085
24
7
696
13531
818
13077
6
1574
580
31
47
621
791
41
1126
1156
50
6
3948
6
52
2410
11
912
80
3
7
378
267
756
101
335
996
1
4
2
23
3
539
469
15
384
34
74
142
25
248
12861
377
1
98
89
119
4286
32
7
37
540
72
307
172
16703
56
67
17
101
245
73
1
15
10
81
113
3
4957
14
126
458
14
121
39
72
233
631
5
14
18
190
139
178
27
19
21009
35
1561
697
25
6
374
565
17
541
250
1090
1418
11
364
305
7
7
139
14482
86
28
1261
87
10
81
227
60
546
10980
14
108
149
50
45
5671
35
1497
5
456
12
170
261
88
103
279
21
28
225
10
1
56
39
28
2241
340
26
36298
19
27
302
257
6
1
134
263
1892
71
11
36
756
184
24
183
19488
117
29
68
50
121
19
243
28
10059
56
906
90
96
52
56864
47
53
2
443
183
798
298
144
1657
45
197
477
17
1424
127
255
1715
8
57
169
460
8
2423
507
27
418
27
77
15
1
96
2029
237
22
68
1
1709
314
149
524
459
369
84
988
59
266
90
502
59
8
145
3739
83
6442
160
32
10
5321
156
1031
116
17
31
1394
8
101
119
45
20
9
422
249
14
256
62
24
13975
1357
49
1207
24
74
229
1
1423
15
3241
32
4134
27
23
15662
1278
857
805
130
1295
995
109
308
1199
83
1284
239
106
150
74
6
420
739
155
23
14
1207
153
2163
25
9128
50
44
29
27
98
239
9
1320
1
14
3
227
22
34
645
18
3
43
26
2688
88
314
12
108
624
29
335
24
41
915
170
48
15
17
13
8631
101
1209
4695
49
369
6
13
105
38
32
36
673
10
18
32
10
57
54
157
21
963
8
59
26
8635
1
6194
110019
115
1754
5174
41
2
35
8
13878
1307
4541
103
3276
4961
4124
105
3164
287
17
12
189
116
298
27
71
76
3776
201
639
83
1
204
81
2690
56
93
588
240
109
33
34
728
13
93
861
23486
285
4
596
17
138
210
168
518
140
1052
15
15
168
189
29
1495
116
13
75
65
205
4
11323
60
56
940
291
6
3296
1
2255
159
6
170
539
20
481
171
3233
416
28
37
572
68
2720
32
55
46
235
5
239
54
1565
14
50
539
16
729
1
880
66
2
1722
6
3512
394
4
48
3
135
53
65
17
12
2411
5295
256
58
7
279
51
70
73
235
341
1115
437
16
18
33
89
12
165
83
2400
6
2062
57
144
42
3646
389
61
684
91
20
167
226
1231
19
888
93
922
537
5313
698
31
692
820
11142
110
43
30
1449
320
18
356
955
12
81
142
425
17388
380
100
10168
530
116
11
1319
402
4183
85
197
1896
35
134
78
738
5
20
48
501
8
129
219
8
19
4
14
7
117
66
1557
2832
600
6
24626
6816
11
20
29
134
1552
471
126
84
109
528
567
59
364
45
145
1061
17
122
86
142
18
15
191
14
1230
317
49
411
29
623
417
188
358
1504
511
24
2
201
5
145
36
1738
210
9
15
350
717
45
179
4
88
36
164
1982
27824
2670
73
88
165
6
342
199
126
403
154
289
789
78
800
89
219
688
5
31
274
45
194
590
382
718
12
5
8
608
244
37
85
93
7620
36
64
450
85
1130
73
39
19
44
48
1466
16
48
10557
426
42
499
156
568
23
461
435
277
230
6
47
191
388
645
185
21
13
1160
35
34
3033
168
53
74
105
289
41
298
3
135
111
8
1422
222
66
1585
161
63
925
16
567
441
359
50
145
56
572
279
848
51
7
806
151
150
243
1862
2193
184
64
80
52
361
8
171
43
90
1580
494
255
269
392
134
97
90
1
850
1
177
37
90
1336
102
388
103
112
327
284
72
14
122
29
24
10
13
14
1
145
43
195
156
325
517
24
18
280
1822
2689
1
25
156
51
250
244
117
231
160
17
1660
180
83
134
116
65
334
1
33
60
25
110
1
13
62
123
1027
4185
4
41
9
4
37
211
1
21
140
573
98
1
98
404
66
928
18
36
113
2061
53
18
168
42
28
1822
3152
161
1
11
1
12
210
11
878
2937
87
96
808
1368
121
364
160
70
33
430
255
1
411
75
37
35
61
4
1379
300
6645
95
113
33164
13
459
1645
7147
27
802
35
267
50
282
22
25
64
811
32
234
1
689
400
124
75
513
16
1613
293
1106
642
16
68
12
94
172
56
14
1078
19
552
14
1996
127
213
58
276
23
7227
230
73
1397
326
18
3
100
378
80
1051
6862
32
49
7
493
9
204
30
8
6
26
254
8
1
96
25
111
151
32
344
118
6890
1635
89
1
13871
