18
72
2
71
76
14
725
2926
82
1
41
134
174
10
84
81
72
73
14
4
19
161
4
9
259
250
1
8
58
45
78
211
14
21
31
126
70
2
16
137
89
247
1
25
15
19
84
127
79
56
335
298
379
76
24
6
26
10
286
45
34
268
277
81
30
104
129
161
45
1
52
101
183
42
37
33
121
184
33
22
122
216
10
77
320
46
104
115
910
16
12
181
14
53
55
146
71
12
24
60
21
242
33
74
444
134
125
76
211
275
77
263
199
133
65
353
11
257
1
21
75
225
125
18
110
128
603
8
457
113
476
47
77
76
46
125
3
215
151
93
280
18
202
77
113
75
98
91
7
35
35
38
5
167
96
80
52
706
5
50
60
108
7
363
84
75
75
5
84
112
270
124
70
266
91
373
306
48
373
119
265
529
75
535
189
276
29
69
1
25
485
22
6
21
4
274
79
73
12
84
202
246
3
25
126
189
106
244
15
201
4
236
52
8
85
1
24
1
824
263
402
20
58
232
1
133
76
24
143
10
648
20
81
76
76
35
555
215
2
246
75
286
121
9
231
11
123
2
71
80
119
71
18
304
256
12
355
470
21
126
74
76
96
297
76
75
96
215
250
498
18
1
74
52
116
355
285
84
1
79
79
75
88
89
10
12
34
286
517
12
727
41
203
75
76
75
76
75
245
53
268
35
6
213
15
358
73
125
81
89
248
