117
380
27
11
2
70
387
1
160
146
312
94
77
76
28
411
200
4229
16
912
28
503
329
25
517
312
33
87
161
238
204
760
615
85
200
36
431
415
200
100
1011
182
166
122
95
2
23
85
151
51
39
270
62
595
10
56
489
55
147
17
8
92
255
174
25
70
68
272
246
179
935
963
11
125
675
1
34
192
218
157
7
52
56
192
66
1
314
109
193
269
121
466
1131
426
67
212
703
1533
47
33
250
70
14
328
45
212
366
26
344
137
355
126
127
59
65
1078
747
192
461
190
108
65
1090
562
13
25
1
794
159
334
29
4
218
176
24
81
143
17
245
281
329
225
1120
44
677
266
134
122
319
353
89
845
217
43
20
63
102
110
549
135
885
443
333
467
74
2627
12
64
98
1513
25
101
19
242
100
7
229
222
66
7
485
373
3769
8
2
108
508
3408
231
107
112
13
9
17
52
513
135
487
1972
733
49
139
23
208
89
180
211
45
3
13
228
898
413
203
4
206
733
285
292
740
134
2095
205
75
428
38
158
161
110
406
186
50
1402
518
124
94
8
214
153
104
73
242
66
576
558
2126
64
586
280
186
1451
31
88
257
354
287
1822
11
77
25
53
15
62
34
373
23
627
35
596
91
83
92
32
181
10
74
16
122
114
249
185
220
420
212
1293
106
83
515
35
64
1173
95
75
32
265
105
349
1326
237
525
530
1
12
53
44
261
73
383
318
118
114
242
154
23
198
114
101
23
168
972
21
337
1619
1185
109
636
1383
716
40
90
237
539
599
147
1462
831
1
466
169
6
101
164
8
477
117
261
204
176
79
1
6
3
97
598
56
198
883
322
31
545
127
540
90
259
810
228
4
471
427
76
172
43
369
68
335
3058
393
69
386
332
1216
162
903
4
12
79
27
473
661
15
108
45
106
562
25
186
104
1312
9
218
362
79
2870
219
82
75
182
75
464
281
227
646
340
780
159
128
127
449
181
38
30
522
14
11
50
365
425
8
395
8
153
2687
1028
6
349
463
562
93
214
424
207
101
691
62
269
112
333
27
500
480
632
313
197
5
468
74
128
682
330
294
423
75
64
96
1326
42
11
260
55
127
218
192
1125
358
22
87
821
498
87
85
44
722
115
528
89
189
4
26
107
59
2
46
1085
1409
121
297
1978
431
45
1024
154
2949
35
168
1
124
1324
723
121
63
261
34
15
23
201
334
10
427
356
7026
1338
42
437
405
313
37
25
3
193
91
584
81
414
24
58
2728
4
5
227
522
1310
1298
52
1057
57
41
7
225
254
690
496
227
703
343
4929
103
475
57
350
234
176
83
1353
363
544
123
243
393
168
464
123
205
55
147
90
355
298
31
705
33
135
59
120
55
27
144
185
190
9
475
216
105
170
57
602
485
1
224
162
637
25
397
446
19
339
281
51
48
109
1089
10231
59
965
29
399
83
270
40
40
924
6
164
24
18
58
107
35
207
255
5
25
886
1540
1318
180
507
121
253
2
64
1869
16
440
59
12
1218
148
1065
23
78
216
256
99
145
239
200
293
107
13
27
164
412
975
193
39
161
263
59
552
47
190
14
1
65
76
464
58
24
142
43
81
28
1
135
922
2
546
1758
46
972
24
473
274
3
643
120
119
75
306
229
85
75
767
144
422
726
470
58
179
944
495
38
33
31
532
654
161
221
103
60
227
40
436
47
287
202
33
169
5
423
181
193
1483
164
61
2259
108
294
91
143
19
138
87
153
11
270
301
101
65
225
226
78
241
35
733
238
1233
348
432
4277
184
119
4444
1689
94
1113
201
1256
501
206
191
690
24
254
34
1508
717
385
34
470
3768
49
52
218
379
51
708
194
317
76
435
37
442
224
12
66
12
137
132
593
68
348
26
159
203
10
927
350
10
126
23
164
783
19
7
457
639
687
107
12
30
464
1020
99
74
56
3
202
480
69
89
334
3
167
147
160
129
99
296
97
434
82
112
150
62
12
308
131
383
139
410
76
127
24
535
81
1727
142
46
76
45
384
62
50
70
22
1472
135
79
25
4
1209
203
972
16
703
206
34
619
59
74
161
5
242
8
5
99
86
260
88
47
2921
217
484
38
1036
773
16
265
12
15
87
7
129
46
167
326
88
27
26
966
75
42
531
583
93
315
1118
7
535
15
31
337
516
20
2608
1604
129
153
161
112
1154
378
618
144
712
185
2746
76
66
306
578
51
58
1
3
11
100
1916
385
78
260
322
134
5
280
468
312
1028
95
130
57
18
46
487
1417
258
369
153
1
523
125
194
567
309
3
378
380
688
80
134
42
460
337
588
606
231
284
558
96
3
59
148
1
919
87
583
1005
15
265
351
590
128
570
107
28
120
266
46
10
127
532
388
233
229
42
393
294
40
5
210
546
76
131
1
23
21
755
163
870
97
84
64
525
254
1
102
609
132
46
443
125
89
83
277
56
19
72
39
3
331
122
73
9
50
130
268
40
812
301
211
193
325
782
265
2171
665
1415
51
126
213
167
336
85
70
1756
262
395
162
19
234
59
62
3164
90
319
62
206
95
92
115
480
1124
50
274
144
56
184
99
248
207
368
267
373
24
168
140
233
282
741
2516
29
52
33
307
223
6
572
298
26
152
416
136
94
121
127
17
181
1057
32
199
561
1
1078
39
16
126
395
159
14
120
13
234
189
128
605
42
6
787
158
1366
1
178
270
288
289
652
68
13
237
465
29
82
11
222
81
92
15
462
177
659
303
1
605
701
187
33
629
95
129
579
167
103
47
132
13
11
30
638
154
150
121
960
75
71
182
178
75
91
486
190
261
103
84
493
188
976
203
23
528
5
32
311
3
564
46
297
697
116
16
205
269
233
143
530
407
26
155
76
117
933
408
289
208
683
86
300
10
56
521
1628
68
293
56
419
35
68
554
46
714
580
142
69
167
281
1330
477
30
73
244
1534
120
396
126
86
337
208
271
193
711
71
27
379
4
37
48
72
43
69
34
259
3
3242
310
252
82
6301
140
439
15
1660
153
361
47
580
142
545
41
271
217
964
86
28
234
830
1027
1029
40
34
5
1577
78
10
51
10
188
363
3554
408
45
258
923
12
175
139
29
506
9
29
31
209
11
54
83
243
165
55
12988
1247
2
195
939
132
282
13
187
1070
523
41
12
139
40
81
155
688
162
81
258
58
57
29
65
963
41
53
296
254
2194
1503
329
82
1641
111
234
25
389
70
779
59
117
35
32
42
967
223
90
111
66
5
115
106
269
36
1028
200
314
816
169
243
400
172
16
914
857
77
1360
515
68
267
346
171
789
125
244
210
93
30
83
429
249
42
32
614
208
80
922
1809
23
28
431
1329
1006
434
190
2
81
36
427
1763
485
1184
789
455
806
116
124
196
3642
33
48
48
102
528
75
135
171
173
91
440
156
116
558
153
74
857
37
2232
207
122
21
4054
216
868
915
420
42
45
77
469
92
202
74
396
3684
38
71
14
64
100
98
271
56
4139
65
714
191
5
54
