70
16
71
23
8
2
20
111
15
2
1
25
1
62
93
76
81
33
88
334
3
454
73
89
1
88
168
139
10
32
24
43
53
2
59
6
86
252
15
22
142
134
163
142
1
96
5930
5
158
10
13
10
1
2
63
202
84
1
139
27
1
4
1
80
8
72
9
109
211
1
222
293
70
816
37
71
1
149
1
37
57
131
3
80
1
588
95
75
4
100
2
82
81
1
77
22
2
242
1
79
113
72
1
91
317
73
74
73
91
107
5
72
80
72
23
82
1
1
144
74
27
151
2
8
794
1614
1
84
150
87
76
113
46
132
6
75
89
72
76
209
51
79
232
1
1
72
126
110
12
73
53
76
80
378
1
73
1
1224
68
32
64
201
1
85
78
73
159
77
78
113
103
61
72
4
54
26
6
6
79
78
73
288
17
91
107
75
66
60
1699
17
69
57
125
9
65
6
299
60
80
76
30
73
74
41
1
102
72
9
70
143
229
234
249
74
708
55
56
2
322
77
73
429
1
74
72
145
72
11
104
77
82
135
96
1
31
2
85
12
73
2
15
178
84
211
250
185
89
8
298
105
10
73
58
78
99
163
91
51
87
83
10
190
57
73
112
159
44
60
72
189
88
226
74
105
90
99
34
124
132
42
73
96
78
74
72
81
1
98
131
74
114
73
144
149
99
109
79
97
72
71
80
82
271
15
95
163
88
209
312
1
104
75
143
72
255
80
101
1
47
1030
78
41
72
119
450
57
75
86
23
159
74
14
20
319
95
373
340
19
72
86
3
2
1
512
85
1
81
1
404
122
93
60
183
1
105
93
72
127
69
71
73
57
4
18
73
416
302
312
156
74
4
85
209
8
77
108
103
122
1
15
79
93
77
547
26
85
294
178
65
72
27
72
78
419
79
176
1275
80
81
221
78
213
61
658
14
6
459
53
92
14
178
90
2
1
235
72
18
46
17
1
216
310
72
71
81
72
69
85
14
540
91
20
744
72
1
524
1
3
88
90
1
91
105
15
79
89
1
110
3
74
4
137
73
144
100
238
125
70
1
25
98
2
1
8
9
74
60
9
99
6
169
10
65
174
83
84
53
1
117
4
157
99
78
46
82
1
198
73
1
6
194
148
29
106
4
35
129
250
20
6
87
108
79
98
112
113
3
74
16
201
92
166
75
72
53
187
231
106
108
7
7
40
113
107
108
241
35
252
97
60
27
6
112
131
296
231
216
210
99
6
76
180
156
16
136
10
166
72
1
39
72
198
14
73
78
10
52
71
127
5
291
525
138
92
72
21
193
76
2
82
345
73
3
41
5
108
144
15
85
605
6
71
90
95
6
83
221
108
37
74
168
85
1
1
1
97
96
705
72
194
116
41
75
1
157
79
56
74
75
75
133
49
2728
175
76
71
93
79
2
91
87
661
73
92
13
85
1
100
96
25
211
150
45
9
100
79
85
31
89
92
72
47
1
91
16
218
126
127
243
77
92
47
1
848
98
101
188
67
17
1
79
84
168
84
71
24
84
332
39
77
244
77
86
83
89
3
600
2
85
1
1
73
76
70
231
77
198
7
1
1
156
92
40
14
225
2
1
73
145
1
174
61
81
64
1
1
80
71
80
74
98
72
101
6
5
74
1
12
16
83
243
7
106
82
86
108
73
72
68
206
11
339
97
92
73
42
74
75
112
117
85
96
82
80
67
85
1
143
90
76
71
157
3
478
176
1
74
110
227
89
8
240
1
83
197
1023
4
133
78
70
87
1
127
86
108
1
279
1
98
103
125
78
38
72
596
79
1
1
77
6
109
87
5
1
80
426
75
38
10
77
15
35
51
53
287
82
77
3
75
23
1
83
65
71
65
1
6
13
43
73
11
164
150
271
90
98
36
77
72
97
1
84
2
228
82
186
42
90
76
1
76
3
87
71
78
38
4309
82
10
1
2
123
276
80
142
505
17
5
16
92
129
108
104
92
156
76
5
1
46
6
92
14
497
22
298
149
88
84
27
79
705
24
1817
128
75
75
109
203
1
59
1
66
69
151
195
61
4
5
72
95
42
80
118
78
8
73
88
78
73
83
57
72
64
1
150
87
104
97
274
78
40
129
8
3
104
1
23
11
75
71
73
106
5
31
84
183
60
75
71
253
20
2
19
1205
87
85
80
75
825
6
74
87
75
70
96
86
72
90
38
6
8
80
2016
11
73
72
1669
17
83
1
313
232
81
73
72
496
72
72
135
88
128
532
73
178
81
14
435
14
113
334
82
142
189
86
102
7
19
94
80
123
101
2418
104
106
83
81
147
255
438
90
41
9
80
84
75
141
1
25
150
144
162
91
83
409
1
2481
4
74
73
55
157
1
231
3
44
110
21
95
247
75
84
293
143
1
82
5
167
5
74
82
1
103
157
79
120
76
100
79
108
72
317
96
1
108
83
119
115
94
94
16
97
2
73
373
77
56
8
78
93
64
86
74
81
91
1
131
688
72
72
87
90
443
11
73
1
78
230
114
229
106
366
88
98
72
1
5
7
78
71
1
9
298
74
900
119
86
78
108
1
2
131
467
74
72
957
28
286
37
8
81
273
5
187
156
17
1
96
74
1
15
195
367
46
11
52
14
72
173
75
12
85
3
72
25
24
84
7
193
5
70
72
394
74
71
33
34
91
88
5
75
156
1
105
76
73
279
77
77
134
77
35
375
79
79
1
100
3
103
103
30
80
109
315
120
89
474
147
410
80
73
78
113
105
145
69
72
15
1
15
82
88
130
99
151
417
77
146
82
1
159
9
101
95
164
3
146
72
98
73
72
98
73
72
94
106
98
2842
14
94
132
129
196
84
81
78
29
262
3
1
65
106
73
105
150
4
8
24
17
2796
72
22
76
116
37
14
98
90
3
11
85
1
73
108
90
31
90
74
1
75
22
172
76
1
72
1
8
71
132
1
73
73
71
123
1
82
47
157
11
306
355
168
223
138
5
242
38
64
6
19
423
165
84
82
167
881
98
73
16
618
1
1
1
933
404
1
1
11
160
181
156
97
86
34
149
90
135
154
172
2
73
245
30
30
151
1
1969
239
12
79
16
19
1
252
233
121
27
21
107
16
1
156
101
103
84
33
78
2
28
83
8
1
75
257
187
207
9
3
120
62
185
6
254
121
1
92
15
4
1
1
1
209
17
126
94
1
70
115
622
119
78
157
2
99
40
38
71
332
1
62
6
19
77
13
131
10
255
63
10
16
1
119
36
2
57
78
63
177
44
80
210
914
796
26
1
130
76
102
1
1
1
8
157
73
45
115
3
45
81
27
15
58
1
1
192
1
92
220
11
72
1
504
41
89
2
1
75
1
82
72
13
106
32
21
72
116
238
1
7
72
151
115
1
168
84
74
267
89
140
71
76
97
56
78
86
1
1
7
79
412
74
72
1
139
130
1
8
4
14
167
6
41
16
90
3
105
83
1
77
79
153
16
48
22
1
15
206
1
177
70
95
7
347
108
80
262
177
1
9
276
6
3
3
86
1
108
235
233
115
164
51
23
80
44
104
192
135
100
3
100
776
45
73
128
192
21
49
58
3
108
15
15
1
73
116
125
183
1
73
6
106
952
144
15
1
177
10
119
78
221
82
206
86
89
314
78
148
123
222
58
92
9
72
97
247
1
90
88
117
1
81
87
114
5
83
1
1
12
7
1
18
240
137
21
86
33
90
54
73
68
51
94
8
131
18
1
6
157
75
1518
81
9
74
3
95
77
117
90
40
30
9
84
85
46
201
83
72
73
23
41
258
17
33
96
1
101
116
432
499
20
78
170
78
112
152
143
46
11
124
3
108
74
106
72
104
109
73
181
137
299
76
100
72
98
159
73
60
82
10
82
1
235
191
517
79
1
255
245
74
96
40
78
102
97
45
93
10
418
77
97
105
193
1
75
78
85
57
1
74
63
28
2
81
122
158
2
1
84
82
172
140
156
162
8
83
140
220
81
648
205
8
132
30
1
143
130
163
119
75
100
114
75
80
6
85
142
163
122
142
217
92
168
73
32
156
141
83
6
173
192
49
1
227
22
3
23
81
63
103
4
8
112
62
103
1
84
257
396
61
169
191
72
135
119
149
2755
125
90
5
77
54
73
48
338
175
1
87
164
205
8
85
76
87
83
83
92
103
121
445
148
86
764
60
106
827
192
144
89
84
97
114
84
507
109
12
118
320
127
85
266
147
164
108
204
252
96
310
1
343
73
20
72
1
168
1
276
75
11
57
776
138
280
142
197
41
269
17
144
16
122
1
79
96
149
88
11
1
91
74
2
150
80
30
2
168
1
1
167
91
34
104
110
539
142
73
76
1
4
123
87
67
84
110
116
990
249
112
187
114
124
21
79
1
454
28
163
57
1
90
18
58
202
414
62
128
72
186
29
74
291
5
96
177
35
385
21
121
299
44
934
287
156
242
75
165
166
13
268
111
25
120
154
203
93
249
342
718
245
176
37
7
200
690
90
1
287
8
2
84
161
77
99
67
193
200
1
116
74
131
14
92
75
1
190
1395
15
1
21
126
95
231
