16
6
15
4
268
24
4
10
1290
235
17
1
19
2
12
385
38
19
638
7
7
18
48
699
297
43
214
60
1
7
27
3
162
24
20
2
43
43
11
335
59
18
27
30
10
232
66
16
59
7
15
329
17
2
1
80
13
15
62
23
318
137
21
34
1
1
5
18
158
310
5
6
13
11
6
40
587
2
8
14
8
25
1
5
79
758
3
70
148
570
398
40
20
62
19
83
1
25
15
137
126
11
14
4
591
158
34
14
341
22
30
17
283
270
251
129
64
26
20
11
66
11
48
25
1076
8
45
10
5
10
15
38
116
6
14
613
15
12
206
111
287
8
49
4
12
441
22
13
22
57
77
16
40
16
415
561
164
12
1
9
25
24
22
44
10
92
19
448
7
38
9
69
141
42
207
15
22
31
119
8
69
5
47
88
17
119
50
101
38
484
232
9
6
15
74
97
5
12
146
30
33
34
109
9
13
24
14
15
91
24
25
98
53
300
74
21
28
163
30
26
147
28
11
4
123
10
495
102
19
7
31
24
401
77
7
4
152
17
15
94
162
4
63
18
123
151
18
13
18
306
24
7
26
11
60
3
1
1
70
4
11
12
213
69
5
14
85
28
48
44
124
5
17
15
109
6
36
77
66
4
28
28
808
8
1
17
1
9
43
10
475
55
17
129
30
10
306
54
10
2
120
59
17
37
30
109
64
46
198
132
225
15
33
47
37
80
59
207
133
87
12
66
9
10
23
64
8
6
210
11
12
18
10
84
26
5
14
15
32
100
10
52
18
14
356
112
272
11
496
9
31
106
20
88
154
26
280
12
719
15
22
126
597
141
10
6
386
274
32
2
19
155
22
3
