8760
43
18
12
157
80
13
2
165
2315
3
67
225
138
827
4553
51
329
20
104
181
44
27
91
14
1
19
2
8
543
191
10
244
728
7
28
54
1
758
11
8
83
44
99
12
10
35
51
215
61
26
47
7
1404
179
13
10
1179
299
9
25
177
88
176
5
137
243
39
57
27
13
153
1
11
51
21
55
33
65
119
24
125
2
41
50
20
254
539
149
58
185
852
20
1
613
8
13
10
224
32
53
107
24
28
63
40
9
682
110
16
6
86
539
30
59
117
1
62
30
19
139
173
234
3
764
1309
86
25
82
164
417
24
26
26
56
17
37
37
25
4
112
23
42
50
14
17
221
18
557
37
159
3
38
28
95
18
26
34
84
37
543
26
157
297
85
48
705
61
85
53
2196
13
81
594
22
30
727
19
44
77
31
66
66
570
310
1
1
29
1
61
84
43
31
169
1901
151
66
25
74
87
1
89
105
3959
860
