2429
13
1198
35
148
107
4
56
1
16
617
402
947
98
51
227
145
840
1492
528
3047
1614
1637
1177
6
198
91
2450
1216
178
242
148
939
17
201
3007
311
86
748
110
88
479
116
15
536
288
29
110
886
552
1048
2
36
11
349
154
78
125
129
583
1833
345
235
1177
1286
3
1426
1
3
1019
641
762
452
237
122
16
122
1599
869
1383
117
635
1029
180
750
594
43
40
202
4063
207
54
1464
831
247
402
21
7101
549
9
1037
1602
2828
4446
30
719
207
45
140
2376
107
2985
2750
262
1763
12
453
319
172
77
249
1072
269
597
828
234
59
1547
2647
478
81
347
892
178
117
142
370
20
319
723
1036
630
244
2279
365
149
176
407
540
47
546
172
370
403
1
39
1004
1972
366
309
342
130
57
129
1510
156
2512
77
457
968
939
2
213
1960
129
592
115
2264
79
484
298
89
575
1299
126
901
674
52
299
5671
188
2165
37
16
48
20
135
180
96
143
202
61
552
3529
1695
16
4
3064
83
848
1710
112
46
96
295
191
1163
2850
88
189
627
219
5698
911
132
366
153
653
205
1021
1342
823
289
246
174
636
640
1
327
908
243
61
380
1614
316
3176
473
422
975
417
2333
5016
1912
541
42
203
23
815
218
524
105
15822
979
347
48
62
104
146
84
317
42
173
102
119
418
187
90
261
414
28
576
1107
12
846
357
6
8
385
120
15
1794
3
350
676
110
42
393
560
585
15
56
203
590
879
72
5
47
407
170
244
1363
167
711
675
68
18054
1339
610
361
424
361
189
170
4
7729
516
130
48
42
138
193
9386
257
164
56
769
25
468
43
247
15
54
156
962
128
1074
4388
629
1260
1004
45
43
5859
721
7046
283
2194
26
2531
993
892
75
190
126
429
4
165
742
186
655
737
724
346
122
53
165
94
45
1
24
308
940
109
43
1205
170
236
59
240
1
145
28
36
10046
148
30
97
5808
60
619
131
406
7
738
11914
429
18438
79
32
3290
118
226
236
138
431
47
120
62
222
383
214
185
52
362
1141
1811
968
3151
17
24
3662
366
54
1
22
241
21
3
62
15850
1027
4347
621
1069
354
455
205
1500
657
116
808
42
2055
1278
420
330
233
104
2
531
70
339
491
58
854
79
2192
354
163
145
257
624
35
43
283
100
151
3189
86
296
328
2
365
743
421
452
545
268
90
2
470
154
429
245
1175
123
1
3420
17577
494
381
417
2475
26
109
2431
71
313
284
507
176
175
699
3226
433
638
3839
375
326
2749
58
1120
279
2257
153
4947
327
213
518
707
337
47040
2064
2847
582
1172
1483
26
1648
450
951
2823
2506
37
74
78
403
221
733
414
529
5494
57
1999
205
2754
110
8727
610
108
68
568
311
1184
162
55
227
312
12
584
58
1494
141
13
35
242
2914
1560
10149
74
49
511
397
4
688
13
379
381
1794
4950
1
491
2475
33
106
112
119
101
109
79
450
546
156
47
39
533
527
71
15
1414
3200
16
276
61
1092
2315
102
430
856
15
10
190
399
286
1620
298
2032
121
51
4
42
2
320
11
4565
1
2
2742
386
126
2871
131
766
413
3130
136
1955
189
325
489
2
9
76
255
2308
1332
3043
5177
922
105
513
56
873
900
113
35
10156
65
2030
203
48
193
267
156
1083
309
767
8006
15
802
6771
118
106
117
311
94
13
81
24
361
795
836
1980
35
80
2984
101
462
39
1669
1
30
227
399
1494
353
1272
34
2427
17
228
40
117
390
2664
91
1520
403
71
5
576
507
4876
1960
2004
6611
169
73
75
568
1
158
79
617
262
765
83243
183
52
159
50
76
530
644
5199
1687
140
174
560
129
1232
440
59
207
77
542
1020
570
147
901
208
153
112
931
179
570
1886
1961
151
250
784
5372
288
1429
2
41
63
112
193
29
3940
31
31
640
8048
1526
546
1175
1057
55
699
692
30
212
42
7
684
110
403
1091
166
4688
144
45
1534
726
58
1049
39
31
624
158
3
74
357
48
369
46
66
365
1042
1088
81
31
12
1103
418
1675
181
427
178
23
280
80
77
2564
511
462
289
512
75
51
2981
593
576
24
