661
223
52
27
23
230
143
155
24
119
39
49
85
48
377
263
138
18
397
203
165
276
2
187
7
38
401
32
373
783
364
134
129
80
22
26
294
1
70
201
176
26
246
149
164
361
546
65
41
368
227
73
58
261
195
970
497
217
472
8
78
188
215
228
431
596
71
4
132
188
655
213
130
4
84
1728
12
32
18
3
127
221
24
152
1070
129
10
41
634
318
238
35
1
707
132
263
194
171
128
320
176
151
439
28
125
494
78
9
319
545
25
8
162
463
507
356
353
34
81
166
128
228
20
162
67
131
149
151
347
326
29
127
128
74
291
310
15
270
35
700
187
232
36
131
858
922
811
153
130
95
398
108
14
10
129
102
99
6
544
17
8
596
428
61
2241
60
435
190
56
25
3905
308
314
263
157
102
1193
224
411
60
102
413
294
99
41
9
825
22
340
67
154
343
913
17
269
925
333
896
47
676
147
136
557
268
358
120
12
108
162
211
506
325
36
253
256
181
84
89
57
223
72
143
135
207
17
9
241
790
176
941
151
148
330
21
267
29
467
473
75
73
126
182
19
431
442
52
1
24
178
321
52
553
626
82
144
810
162
130
194
1
317
247
25
467
263
1012
1096
423
257
47
495
33
776
438
273
11
21
84
137
322
23
542
280
410
93
1029
184
99
200
1788
941
460
16
1001
468
231
103
484
104
450
26
60
83
146
88
32
665
391
524
145
140
8
162
127
77
940
41
204
1177
103
10
85
415
57
1220
425
40
614
162
281
19
331
1403
240
230
192
298
244
469
724
42
54
123
77
1
336
305
389
502
375
5
8
18
106
801
9
423
55
237
142
221
55
316
1038
346
149
496
34
262
220
217
132
1186
86
122
37
174
201
441
1
829
100
141
180
552
69
40
488
145
338
208
73
240
227
124
65
78
193
81
716
75
216
507
312
810
8
1439
310
212
61
243
38
355
387
207
185
284
153
145
6
47
503
46
522
130
96
132
133
655
279
57
511
149
1244
133
271
411
995
720
138
1499
145
134
394
433
1088
10
720
135
368
147
1
185
219
378
555
245
1
441
1218
122
312
143
371
892
132
277
37
16
227
821
92
41
285
694
380
636
331
177
252
63
26
847
1153
20
187
113
401
491
358
528
14
265
23
110
133
323
59
11
477
241
470
111
180
172
264
245
139
99
863
267
200
243
408
112
316
35
377
359
4
139
133
517
21
243
247
39
429
65
269
126
199
66
14
6
72
2
207
277
54
51
25
143
137
19
214
220
73
721
43
853
367
1
33
422
491
499
293
34
315
289
397
140
193
297
1
17
687
153
294
31
20
122
154
241
270
481
1021
402
35
51
126
399
65
91
152
152
232
454
30
408
31
64
134
171
448
198
299
322
143
135
116
158
33
588
39
123
26
357
116
475
82
195
189
480
7
132
251
165
518
101
170
276
80
461
539
159
1256
39
48
31
18
249
103
480
250
26
307
629
164
11
487
238
262
22
96
10
235
100
126
32
361
2
192
188
210
252
237
6
175
12
247
416
538
148
68
355
122
404
198
161
212
280
10
144
229
284
304
61
36
290
425
123
546
181
306
129
412
403
192
9
89
388
159
1476
195
150
23
787
1704
36
281
101
125
278
28
32
197
2
194
81
240
172
199
121
12
90
264
95
19
121
422
17
432
115
58
255
44
200
536
194
244
190
48
49
215
958
4
381
487
52
398
28
143
138
292
24
125
235
134
55
56
55
78
38
78
64
83
82
125
213
738
161
664
475
156
78
303
578
46
48
312
384
1035
78
195
361
96
351
126
1
239
577
212
87
14
1071
769
348
220
70
498
553
53
410
62
9
89
427
51
153
564
88
34
236
159
223
261
141
136
5
230
37
242
34
66
71
81
97
24
77
239
340
38
13
111
441
216
388
175
19
189
275
503
316
96
247
119
395
105
42
107
80
135
199
109
410
27
111
199
5
782
68
20
119
242
289
1
265
55
19
215
277
363
240
96
50
192
153
115
279
326
23
1315
17
8
345
495
440
67
127
276
37
421
128
24
997
474
88
62
472
525
95
327
427
39
221
160
144
246
153
142
25
77
204
180
278
137
624
435
190
420
213
57
629
295
202
254
940
374
5
41
871
160
98
42
139
407
381
138
133
123
19
1
122
11
67
82
100
60
14
240
94
209
155
97
376
255
200
609
172
142
49
283
96
198
40
166
8
253
207
241
344
182
166
237
128
86
490
271
1
141
58
216
50
20
13
518
100
165
49
64
743
294
553
487
258
69
2
392
196
86
43
277
647
661
18
76
8
97
97
67
162
627
110
250
535
77
270
132
529
188
31
131
1
430
308
271
621
173
41
96
392
12
105
38
26
527
221
72
9
25
225
28
325
23
154
561
80
31
126
160
290
168
5
124
76
278
473
279
292
509
653
91
205
1
50
516
103
300
35
687
11
157
109
20
149
143
1190
276
102
54
28
236
175
253
290
152
61
222
771
190
4746
50
451
185
254
105
3
331
10
148
89
113
558
105
273
58
299
171
497
231
75
21
211
74
71
77
74
151
31
23
127
48
52
184
129
614
1397
346
489
318
220
541
209
25
655
38
165
475
410
718
533
185
329
519
360
55
553
1
231
340
67
5
85
75
17
83
292
258
573
16
165
241
76
39
48
167
123
36
207
342
372
93
306
105
25
120
18
159
24
266
417
24
775
110
1
205
433
93
474
30
10
331
1043
902
262
96
415
26
340
233
32
86
7
80
383
1417
160
336
395
344
60
31
663
65
41
259
167
900
149
644
633
152
136
561
1956
151
147
169
687
13
222
2371
500
1
111
1435
263
29718
119
10
81
837
106
1
47
110
225
37
127
194
152
353
87
100
1331
171
348
408
236
192
15
1034
34
896
39
55
180
13
16
391
496
1220
236
595
58
38
20
91
74
417
408
153
30
294
185
219
385
105
81
152
133
429
7
1
44
190
342
139
45
108
334
142
136
233
1550
213
99
276
475
223
612
159
221
63
1101
636
420
487
149
334
833
441
251
274
133
704
201
143
172
97
149
568
626
135
612
461
30
393
989
1772
530
940
7
17
137
86
13
418
638
138
283
91
128
806
408
164
231
231
108
366
229
76
291
105
80
60
279
7
95
10
256
459
292
1
1848
327
1531
15
626
9
69
233
411
133
123
47
199
43
133
913
150
151
609
158
81
62
201
227
129
135
281
154
1354
478
42
465
197
808
150
422
121
8891
147
245
30
189
370
27
692
196
369
122
363
91
148
230
130
607
256
21
68
217
518
8
1194
130
615
200
98
71
507
609
56
47
1429
53
140
96
141
582
36
459
457
179
147
262
183
202
125
1
386
169
11
1199
329
648
121
135
64
55
854
77
160
443
264
485
140
71
280
373
251
12
541
54
350
70
416
162
44
1936
732
110
648
66
138
362
375
46
213
53
152
11
68
93
133
1649
252
247
23
923
525
130
102
6
153
50
28
175
139
81
131
282
139
64
1
352
241
45
25
905
341
61
41
421
160
197
104
164
15
13
158
3
221
25
686
138
138
266
128
420
149
151
77
152
749
210
63
209
499
132
309
898
307
326
391
187
108
165
9
285
166
260
34
7
51
334
21
305
723
69
66
4
675
27
170
117
119
147
158
324
289
45
202
75
247
245
114
213
574
224
104
26
352
225
40
190
180
170
274
2394
133
104
293
176
142
5033
116
157
636
159
52
151
503
5
182
402
348
92
3
2063
387
313
273
86
137
416
1013
15
374
157
65
208
164
394
179
7
326
133
67
385
484
247
135
154
144
276
154
775
302
311
112
5
408
317
113
14
49
290
55
148
78
31
328
283
55
623
133
35
181
22
11
56
304
229
26
21
545
1
1208
544
138
59
136
44
276
39
65
28
575
235
1
712
198
144
120
150
213
242
132
127
162
374
130
172
15
389
473
