6
12
2
164
11
52
33
4
56
394
2
367
381
73
23
103
392
564
37
1085
5
66
16
8
53
80
499
306
97
14
16
8
1188
587
238
4
56
47
74
4
985
2634
30
60
2
217
35
52
5
26
13
95
32
8
6586
36
105
136
101
25
1316
574
85
15
16
33
18
13
29
24
22
346
10
39
100
4
497
15
26
150
23
5
1021
527
105
46
35
8
18
83
19
12
17
24
131
1
26
1
19
13
125
7
13
2
23
21
4
12
10
52
10
13
10
59
262
52
8
18
10
19
8
173
8
57
5
44
14
13
436
44
42
10
29
2
1252
324
108
4
30
104
39
59
20
4
11
121
530
38
8
24
10
18
10
18
5
8
25
176
77
6
20
47
33
29
18
4
14
27
24
5
5
73
3
8
3
3
67
32
7
18
7
1
5
22
29
5
72
286
41
535
1953
143
11
9
9
341
7
306
204
20
10282
53
81
402
32628
338
19
76
31
14
67
167
1604
3256
313
26
56
20
23
6
478
27
20
44
31
27
21
158
1
153
43
125
97
39
826
142
407
25
51
23
45
123
49
141
2099
17
1010
242
8
25
30
22
23
52
62
12
1581
23
94
49
11
9
14
406
1
80
18
71
7
71
47
10
249
46
31
383
90
44
6
8
33
219
549
20
1
24
45
450
43
16
7
398
5
5
83
26
31
66
105
182
148
66
145
54
46
29
182
258
1282
5
19
11
16
68
1
306
81
73
34
6
37
16
2313
1
12
9
248
3
439
184
132
21
1405
991
120
632
802
1704
31
9
24
211
1578
103
3
23
59
70
26
15
85
464
506
78
3
37
53
31
19
1567
6
32
230
69
482
73
37
7
12
18
84
5
18
9
1
3
33
27
11
1
18
13
11
8
27
103
21
658
20
837
44
13
58
65
13
15
20
112
26
89
667
8
24
5
4
705
30
98
91
40
63
26
83
435
4336
189
83
31
162
415
41
3
10
753
13
8
23
36
12
692
299
186
54
4323
39
2755
21
6
42
7
184
25
59
8
84
434
42
51
3
44
62
169
19
3
33
60
791
4
17
9
7
39
292
3
82
435
1210
406
49
28
89
18
1
13
12
4
10
565
120
1
17
162
61
16
24
4
1
2
25
5
9
3
47
3
100
15
543
17
5
83
16
706
31
40
11
912
52
17
103
12
8688
18
14
10
53
2418
13
12
39
333
160
42
10
19
40
5
3
69
521
1
30
28
85
38
50
1
164
23
8
133
18
4297
1
11
95
6
33
27
12
11
9
7
7
1
3
7
7
3
775
402
21
40
41
15
6
26
254
91
81
20
69
30
30
11
28
196
900
11
14
39
31
38
80
118
268
15
23
1399
19
26
521
46
15
166
806
100
328
19
72
57
10
32
17
5
338
163
332
623
5
10
443
31
335
22
18
152
139
506
43
56
21
2808
187
6
40
21
138
7
11
62
7
38
12
560
42
16
277
11
17
361
26
593
20
239
1
19
136
60
5
23
75
627
13
16
23
167
69
34
102
4
18
281
5
511
106
60
1580
31
140
27
16
30
3
13
69
42
8
512
36
13
106
28
1797
13
4
87
111
149
11
146
32
2
14
37
10
749
292
22
585
2
10
12
108
74
17
289
13
7
7
20
13
31
67
11
233
262
13
58
8
22
47
282
58
14
52
23
33
1
11
86
21
32
31
22
10
52
15
27
69
68
153
467
1
1
16
81
20
432
9
10
8
23
8
24
6
11
28
14
5
25
61
28
11
2
24
24
23
102
47
14
19
234
22
5
124
190
5
134
97
2
26
12
27
133
15
19
14
1175
96
125
83
1
528
110
426
52
10
35
14
403
22
9466
59
10
26
43
27
64
21
8
94
10
48
2
19
9
14
19
37
22
18
115
218
2
1
17
17
15
47
56
6
38
13
59
1
7
3
9
20
26
62
246
589
11
30
19
129
33
37
501
8
1706
31
13
16
6
2
210
12
1
38
76
46
72
11
13
51
26
65
1
277
55
27
57
3
31
176
37
116
25
67
79
459
8
123
89
23
53
95
374
9
1709
43
1148
696
41
145
136
623
7
391
48
3
7
7409
22
84
24
1
14
205
31
331
202
87
240
36
45
82
666
154
14
16
25
47
307
38
164
8
1
286
56
128
89
20
2
26
64
24350
26
14
38
142
4
12
56
233
40
2
11
55
941
286
6
1230
45
4
9
9
39
356
2213
78
51
31
9
6
2976
13
14
1
12
9
208
22
319
15
42
26
460
43
165
33
25
411
20728
70
47
3356
233
50
1227
24
189
448
47
7106
265
16
159
29
276
4
316
5
507
354
174
18
3
437
11
9
94
10
32
27
213
244
92
39
5689
1099
427
199
3
14
9
32
13
41
30
49
110
7
23
2404
14
37
209
91
24
200
39
43
5
20368
47
22
76
9
6
27
25
143
9
22
432
19
10
39
38
59
11
20
89
28
9
24
55
4
337
58
19
352
1340
25
30
293
29
189
105
153
393
20
84
12
186
11
68
155
205
33
126
29
23
50
48
20
253
5
17
7
11
6
90
28
4
86
5
9
119
150
14
141
6
149
141
195
45
68
27
17
4
120
25
75
16
18
8
424
7
1791
407
24
5
40
68
47
8
4
7
129
12
1868
110
1
1
118
1
42
36
81
121
16
36
28
20
803
72
24
43
2797
9
10
26
16
19
1
46
3336
139
31
1119
62
57
33
31
44
13
102
27
16
60
12
24
11315
34
137
144
33
10
4370
1092
921
4022
1865
35
1
25
284
35
36
93
1966
120
98
161
30
142
16
8
51
1
16
10
13
72
57
42
17
154
48
348
31
1
18
148
13
28
4
71
17
32
4
57
43
7
6
15
102
433
8
161
35
40
21
71
1289
13
6
3
10
265
886
50
863
2
183
18
321
23
18
53
29
8
17
1
8
25
5
227
6
1
1
13
9
16
8
45
14
19
37
1753
50
1
27
14
208
21
294
22
12
13
165
5
16
11
72
5
20
64
33
31
13
5
577
1
10
71
17
14
48
39
3
27
728
47
17
215
1
2
56
128
38
141
181
13
24
1489
440
223
298
9
89
1201
11
167
4206
18
980
22
1
18
1
1
6
123
9
24
13
219
28
25
17
39
14
4
10
18
9
1
57
22
13
55
11
19
108
240
8
104
33
34
8
10
1
148
30
57
7
25
419
91
131
204
4188
102
67
3
27
1
162
48
12
8
43
18
22
86
9
28
143
2
95
189
25
307
1
83
7
84
4
5494
12
150
21
5
27
26
6
21
11
79
23
29
26
16
36
30
45
1
13
67
3021
258
40
4
16
21
14
20
10
26
114
74
3
150
21
15
26
10
9
83
61
644
712
25
710
13
31
30
61
19
1
14
15
360
78
38
26
5
46
7
20
22
63
40
198
297
19
20
224
12
9
12
20
14
105
7
576
53
37
7
13
23
28
9
24
8
17
167
120
91
11
92
14
109
39
26
1104
4
107
7
10
39
5
42
13
11
9
47
90
153
32
15
66
7
48
27
201
17
3
37
46
641
183
4
5
232
53
21
27
8
7
25
37
507
193
164
47
170
9
10
27
7
8
56
3531
7
29
19
4858
6043
43
3
70
16
17
48
279
11
25
35
18
40
20
108
10
52
9
8
1
2
16
3
546
5
869
36
15
579
443
13
12
94
19
31
801
970
14
189
1
3
6
27
39
19
28
14
5
24
13
5
25
179
38
3
47
8
16
50
24
4
64
13
40
8
4
7
27
116
45
330
3
16
13
106
72
20
2
24
13
22
1
51
14
2041
1090
2013
87
26
12
26
20
200
1864
1
8
7
36
5
57
40
8
129
41
4
2
56
452
8
11
366
875
6
246
2
14
6
168
17
10
22
78
257
9
21
7
13
11
22
1233
54
31
20
453
118
21
2
3573
10
23
8
57
2411
6
1722
35
337
2052
79
105
11
25
951
18
12
1
34
35
324
499
43
7
117
11
44
10
32
30
26
82
6
31
359
8
31
15
921
27
324
47
9
406
97
11
58
17
9
71
12
38
31
44
1272
2
42
27
17
71
1277
20
439
64
59
55
5939
17
443
89
45
9
889
6949
27
429
6
159
30
245
53
24
283
82
900
179
54
34
1144
29
153
187
16
2516
136
37066
4276
14
2615
197
87
222
4
67
1
197
47
85
19
1
28
13
4201
81
712
22
11
15
28
15
1
27
19
13
147
19
4
12
5
10
14
4
52
1156
5
84
12
26
3
4
10
49
43
98
67
59
67
26
8
122
36
16
5
10
6
23
18
8
2
4
1
16
74
58
34969
14
806
207
56
9
6
45
10
31
5
17
40
32
25
23
33
20
23
830
218
39
20
3
37
980
3
42
