5
2521
32
72
1
1472
213
37
23
4
6
2928
724
18
78
1
57
75
2076
1
76
79
320
3
12243
710
73
7
9
1
1068
1
106
101
564
7072
254
542
4
5
178
1408
1
172
9925
1
2223
572
368
1225
2
30
276
152
41
65
3626
1
6
267
108
1
31
183
287
4
571
125
38
1
299
4
2
479
420
52
4
381
548
1
13
1376
3
226
938
95
1
107
2
1
2987
3
33
250
2
149
20
264
41
2244
1
5378
13294
838
1
205
775
230
2
350
173
1
9917
92
13768
44556
1
14
67
408
331
3
107
611
56
157
75
1
103
3184
1
1
85
236
2
9
62
37
133
1904
196
329
44
328
826
1
8
1072
1
39
