1
2
98
5
221
2
827
611
126
107
214
21
19
415
419
28
402
25
96
142
23
1
14
3
2
324
242
61
144
467
12
731
70
1
236
201
41
22
23
13
163
64
165
343
6
112
668
127
134
58
80
35
127
514
7
792
186
136
20
1
296
340
67
164
46
293
17
67
286
64
59
368
834
152
1356
352
735
173
90
152
160
753
48
5
411
124
112
96
134
22
222
96
272
31
2
11
4
95
210
13
14
331
89
17
86
374
2866
126
359
1873
185
128
37
154
21
84
19
95
19
70
249
16
235
28
23
2589
221
542
133
222
13
488
41
410
238
39
4
164
13
263
279
11
83
30
165
91
4
177
211
276
104
217
246
163
651
31
765
227
316
116
684
282
519
127
208
308
213
230
165
92
112
1
127
268
92
770
227
95
287
99
206
389
309
193
288
275
216
703
97
41
215
156
23
129
11
234
71
11
206
276
1101
147
22
19
129
117
15
390
580
2252
38
28
1
95
105
490
183
309
1209
1822
797
26
227
210
9
70
164
45
197
95
740
277
96
15
248
100
221
459
351
141
22
9
39
90
7
114
216
108
123
16
229
303
152
2295
39
468
61
532
19
106
508
69
96
456
387
6
16
482
96
853
14
720
279
205
49
36
1
34
47
992
95
95
317
1613
95
396
795
214
38
99
149
1668
297
99
604
322
198
95
704
590
281
6
578
273
220
223
256
19
796
20
376
329
224
3
217
8
145
51
29
3
98
343
55
130
272
938
104
47
4
20
120
11
76
168
3
108
223
124
177
415
486
142
129
227
165
226
225
21
97
2
132
111
254
339
360
47
278
122
95
210
352
557
155
277
589
42
159
42
110
10
36
207
181
293
15
114
35
1
205
251
36
14
23
53
1
112
74
234
71
2492
40
91
137
55
163
282
260
181
51
615
225
304
128
128
218
110
180
269
1393
650
86
166
66
32
34
1290
146
387
308
70
171
832
62
124
5
224
27
127
225
21
24
828
13
4
260
63
195
322
253
81
217
240
761
101
17
2
9
24
27
13
479
5
261
222
1772
73
397
347
837
176
458
312
18
357
469
155
251
214
26
222
103
129
368
224
213
96
96
569
249
48
153
478
225
1
283
16
50
417
363
276
13
490
68
370
2223
8
13
181
1677
94
303
607
1394
1329
84
3
965
301
11
465
12
251
281
31
216
6
754
587
35
167
100
97
697
1859
19
155
291
46
375
37
49
233
233
53
84
444
207
286
81
16
920
17
96
118
94
209
224
387
303
48
237
216
38
155
407
126
18
223
173
81
11
307
30
289
268
275
206
500
295
321
19
95
