1
206
252
232
6
179
1
433
252
151
243
252
266
300
124
252
125
40
6
248
123
242
628
4
337
1916
130
318
193
135
4
252
145
229
122
131
242
249
244
302
123
261
277
142
249
247
271
242
1867
672
706
1
122
247
231
327
319
248
254
641
248
251
214
131
272
217
361
215
253
133
307
214
4
5
438
220
574
291
250
364
243
830
122
244
152
236
6
156
123
439
459
2
1176
218
121
244
409
77
257
396
247
246
233
2
242
682
311
8
502
246
332
4
122
435
7
266
211
586
125
139
265
147
231
329
220
217
127
1079
124
241
249
528
6
3
249
132
150
237
297
135
256
1
1
1
1
121
288
67
247
1148
169
281
125
283
246
381
616
296
140
327
73
242
1287
657
6
136
1
125
274
274
747
1
264
269
6
260
306
310
245
118
6
220
516
139
237
272
247
409
11
80
125
317
1
292
577
2
3
212
258
379
241
2
250
150
320
315
262
1774
248
121
122
140
307
427
289
124
829
243
258
238
244
121
257
497
2
251
16
34
217
122
244
259
545
261
307
409
293
135
314
245
313
127
246
416
316
244
250
240
159
245
350
159
357
306
125
5
125
610
269
