30
56
64
147
35
66
53
90
78
14
231
394
36
51
10
569
47
256
42
125
91
30
104
448
238
38
53
63
39
152
104
128
60
13
3
5
121
170
200
324
45
1
128
1
1
1036
174
243
419
253
630
243
276
33
431
41
152
35
35
35
80
572
211
350
113
167
326
158
31
261
197
375
391
197
180
192
220
161
104
219
124
155
622
72
41
99
688
26
22
52
95
150
34
54
44
170
35
40
84
164
1
98
219
182
78
49
20
313
31
180
229
63
46
9
159
62
44
65
65
43
41
17
161
35
15
35
17
133
35
79
142
44
282
155
73
1
37
155
121
7
44
31
218
233
10
61
335
45
13
35
172
258
98
85
34
367
31
120
35
50
153
203
162
40
95
124
262
98
1
38
40
171
220
131
32
127
234
162
42
35
124
297
797
156
793
225
2
51
69
166
151
36
136
219
7
125
371
160
229
84
41
35
164
351
62
12
41
480
77
126
144
159
161
18
291
161
21
103
255
35
35
58
769
98
187
47
35
155
164
289
63
30
6
171
45
154
299
108
52
86
163
35
213
267
268
296
33
341
158
160
219
148
