22
5
486
21
58
19
67
318
43
56
457
307
16
107
320
390
15
364
54
8
369
114
1204
7
355
201
11
23
113
143
237
24
85
93
434
198
204
404
11
20
403
109
75
1443
337
116
1137
315
244
240
215
240
64
149
1
200
299
24
187
368
180
308
246
72
204
203
65
230
76
93
75
680
350
447
209
76
341
339
131
252
279
441
201
201
379
598
333
351
375
95
403
404
203
42
123
1
307
333
96
215
17
173
89
1
222
155
75
13
72
9
38
58
363
193
195
1
1031
342
76
37
16
15
125
125
85
218
88
456
45
69
809
23
115
193
489
30
354
504
212
75
91
145
1488
355
457
123
39
55
128
12
300
110
86
13
842
155
378
884
82
107
928
145
7
44
38
75
219
48
33
14
337
23
65
77
134
1
143
3
77
76
306
538
70
155
207
19
21
55
373
374
333
11
61
383
17
212
337
449
72
1
38
270
45
13
302
109
47
443
30
277
61
62
42
333
21
411
725
142
227
432
75
137
418
81
26
13
226
195
84
202
185
376
215
75
499
339
65
404
185
217
121
118
361
37
115
2073
196
85
203
187
354
205
340
345
396
343
341
334
63
779
395
541
343
345
128
204
422
354
109
350
361
17
478
42
51
354
18
401
31
16
4
487
215
10
2
66
220
384
206
22
111
75
318
205
269
83
56
280
171
505
225
337
203
355
338
16
11
6669
236
24
