244
5
226
97
7
8
1
37
15
39
7
699
92
152
66
143
103
14
167
10
12
14
47
27
72
100
2
136
22
12
2
32
44
80
8
7
54
15
2
260
12
30
8
145
8
186
92
38
1137
50
167
27
445
21
77
71
26
56
1
40
72
222
174
52
26
5
4
20
15
16
30
34
66
49
56
30
197
281
130
3
705
67
223
1397
6
105
77
126
17
7
127
353
30
75
357
304
24
79
22
47
19
25
950
100
39
20
835
7
90
17
26
12
57
1
54
365
18
38
411
109
16
1539
62
20
1
17
28
1
7
96
213
295
95
65
17
220
41
13
18
1
63
116
96
30
467
176
1400
85
107
552
464
81
225
72
25
5
469
53
2
50
51
59
27
113
87
526
142
156
40
8
87
33
117
174
268
16
14
383
37
19
91
33
173
9
3
105
160
52
7
184
1
916
1061
130
207
69
3
303
49
66
7
548
140
44
200
18
336
78
49
19
184
59
20
207
470
49
1
9
37
422
8
60
190
14
20
169
6
337
2
158
30
247
44
19
19
20
250
286
5
203
1325
209
67
660
41
15
86
6
343
43
22
6
75
339
174
274
25
1490
487
63
45
46
10
69
163
12
55
76
13
272
104
46
292
31
54
29
130
650
412
84
124
214
3
12
44
136
6
236
91
49
13
86
101
187
21
417
134
41
17
73
105
9
10
164
89
143
129
3
92
102
76
25
129
2
72
67
44
110
55
9
70
352
25
274
71
39
456
44
43
12
152
44
47
35
317
236
193
41
114
132
1
4
3
48
29
5
16
249
1
105
465
90
64
102
623
147
28
18
102
230
68
37
23
108
66
46
43
124
159
83
17
120
64
170
1
49
57
46
69
83
48
102
1
1
178
35
436
41
35
14
26
78
34
316
33
117
49
22
264
125
33
80
42
425
449
69
101
590
466
21
48
65
68
43
563
213
73
1
127
22
11
60
371
553
295
108
302
77
2752
552
184
130
250
1
51
352
132
174
593
10
97
333
295
444
99
289
432
250
292
1522
391
63
228
77
1044
54
257
34
82
112
109
503
119
16
77
223
57
2
195
77
1275
154
347
88
358
18
79
21
2
422
19
74
404
20
45
687
24
382
27
44
293
75
147
22
245
58
707
63
68
35
45
35
95
3967
70
3
9
33
51
4
5
84
26
