21
143
531
182
318
2173
126
87
730
149
438
556
243
610
532
124
528
351
121
2
1080
461
492
131
362
505
494
484
52
441
2037
496
62
26
501
24
22
60
685
840
1344
1534
127
44
51
643
48
922
664
2138
501
493
503
251
1378
102
5
649
621
539
531
698
17
159
1
521
631
5
96
560
472
580
537
1
602
801
503
561
78
66
388
444
334
487
2775
192
277
609
1444
1565
1915
1107
494
465
226
341
129
551
361
2728
98
188
238
24
1242
141
442
514
125
320
419
603
462
47
561
14
11174
310
890
94
311
315
92
84
121
747
239
126
574
489
506
668
483
86
959
14
570
40
33
87
524
496
23
92
779
226
493
896
517
465
1200
492
144
478
29
949
424
941
503
702
304
28
127
64
66
605
507
663
479
1292
133
3153
593
631
478
628
506
29
1248
330
453
444
690
765
327
42
512
505
1611
741
598
37
224
78
412
368
526
650
507
1
170
888
113
689
457
451
6115
300
139
1090
1162
456
144
932
718
553
324
1044
102
651
2358
716
920
672
664
249
479
202
604
855
98
614
327
63
529
467
1276
637
798
1583
3046
445
932
430
763
399
563
648
154
576
891
454
223
1137
41
522
85
720
583
708
509
737
533
475
2212
376
3
530
448
529
700
1096
984
19
557
454
567
544
587
435
394
451
540
510
3430
3867
759
653
106
1494
129
552
548
940
1163
804
691
354
232
505
536
499
460
159
401
1222
1090
83
1127
173
30
745
58
610
51
505
26
2
372
477
50
319
275
477
455
856
570
703
497
865
147
563
520
26
612
373
1092
468
7793
311
569
524
688
536
752
635
887
426
464
129
113
362
475
149
131
571
632
205
646
14539
169
1298
224
380
352
497
1070
196
619
792
568
658
860
2061
368
223
522
637
86
77
519
851
422
550
552
577
70
500
483
1705
492
436
461
64
2105
493
148
1594
508
1092
679
513
532
107
156
87
530
49
885
658
156
1065
1524
541
1313
82
585
618
1481
444
613
456
616
500
482
224
690
30
494
608
49
50
545
136
567
926
469
900
197
44
3247
192
8
291
340
522
297
267
1102
651
966
1180
842
204
499
439
1017
484
511
444
505
94
810
637
1068
102
483
97
1571
85
4
19
321
1226
804
478
536
502
556
898
1967
645
512
590
368
125
484
517
497
505
292
494
438
4076
485
246
533
55
1020
556
497
536
3
617
503
139
1064
487
477
175
820
838
550
968
45
87
474
762
1162
619
484
1023
506
599
90
521
215
939
621
1588
419
432
506
501
586
482
755
566
1218
25
353
301
495
480
1713
144
209
598
648
1215
547
488
516
204
482
421
482
752
95
742
533
235
1002
103
982
112
779
638
455
1087
456
283
42
124
699
51
582
614
2
210
1174
1543
750
609
12
605
705
604
476
443
697
85
667
652
605
11
914
319
1003
591
566
884
276
204
849
520
794
262
1188
200
486
684
489
462
26
755
382
544
72
568
496
1050
1
891
151
916
51
114
165
268
642
494
2444
59
705
74
735
34
225
485
702
426
841
254
611
1487
74
518
553
609
1879
397
550
548
460
501
556
297
454
470
602
756
1127
113
439
652
174
591
104
459
316
3274
120
218
144
441
510
141
153
286
298
1667
151
978
294
134
467
143
806
758
1226
482
526
192
108
626
230
483
1
543
618
85
467
246
824
106
510
220
3249
446
2
394
130
41
500
119
495
291
608
584
478
1231
451
2
671
60
613
523
750
539
16
599
853
149
780
560
629
636
579
513
48
784
739
37
690
1105
712
442
615
863
518
3622
332
653
119
559
619
613
649
587
262
19
650
529
502
635
771
568
649
523
511
1961
720
1169
138
514
23
559
18
494
996
658
663
422
586
481
4313
502
110
432
1
453
1052
1484
454
33
124
26
2
489
28
19
854
349
216
483
94
496
1876
2
702
1244
636
508
847
507
867
483
493
444
207
478
397
486
506
829
537
463
637
581
617
516
544
110
1
217
253
1399
89
507
713
451
522
10
1234
572
678
160
568
671
94
32
128
387
334
396
157
199
308
511
1745
585
645
7236
696
115
179
527
20
411
286
447
1016
457
381
752
2
3323
477
451
640
566
554
2
460
519
447
1949
988
770
954
56
747
511
311
23
115
2977
250
994
77
242
50
2366
809
573
330
24
556
681
1935
571
2145
51
114
19
68
6
445
614
210
947
461
150
357
612
529
601
506
893
464
530
570
126
849
499
1
534
343
603
535
148
476
575
1154
545
430
965
517
132
2258
161
614
475
271
21
504
465
664
738
437
458
920
732
426
49
1617
458
482
1173
569
528
555
223
26
466
333
150
473
600
1181
502
1413
214
586
491
476
521
458
983
745
478
509
3318
385
543
465
505
140
54
328
1010
470
544
54
97
548
147
541
188
213
1303
531
1101
252
508
143
845
131
749
483
767
459
603
555
157
2011
530
687
531
591
81
749
569
217
368
325
363
674
563
573
23
472
581
474
586
464
374
661
525
57
152
14
754
455
828
417
1052
142
491
370
588
556
1709
127
565
310
82
334
488
350
471
4
776
496
493
854
588
162
421
142
423
23
439
719
30
259
625
518
990
47
499
719
704
123
531
487
201
651
60
12
390
601
619
133
699
1051
463
318
265
458
514
510
203
934
453
546
508
573
434
156
465
217
487
621
399
579
1
462
2484
168
163
668
763
334
1082
571
613
105
143
61
484
436
160
282
201
221
223
61
216
473
506
450
101
522
465
100
1057
64
664
22
534
906
28
753
806
543
552
382
1888
498
128
758
149
1403
496
284
375
213
2
478
685
442
542
572
607
234
923
461
586
125
270
558
517
99
5895
560
104
1180
488
1
319
782
528
4
23
3
26
775
208
450
625
74
228
75
420
678
265
265
2938
718
467
547
461
422
3
653
704
682
567
925
1099
547
407
469
746
1
1764
379
23
521
449
26
881
95
507
65
471
51
692
613
891
491
516
505
54
690
1240
2699
477
716
542
469
114
775
759
189
1
643
549
497
636
457
536
649
24
479
144
2141
9
504
617
988
2253
95
6
746
52
313
103
32
602
414
616
1066
524
873
688
1182
205
453
1150
4001
542
485
431
168
80
431
3
1064
469
135
574
752
307
1
902
592
538
463
248
1100
611
551
2723
623
47
223
1941
115
21
373
1
1654
464
472
451
1041
1359
313
879
472
1485
241
1
874
1
577
726
493
465
662
94
94
315
446
243
172
504
3236
498
608
681
1588
107
1506
143
8
362
62
212
470
472
493
264
21
531
367
640
492
445
832
816
449
639
477
529
2153
485
584
26
468
501
728
416
372
559
523
125
612
723
3033
1308
100
905
426
444
627
487
597
446
186
490
495
915
527
593
662
576
144
479
616
726
555
456
214
464
508
82
78
44
134
760
397
627
702
387
857
565
870
5
114
740
6
92
266
1223
187
708
477
1072
1424
1198
713
299
337
856
134
708
896
1394
45
870
953
509
732
67
26
585
1108
655
481
50
893
529
273
419
349
559
1017
651
304
487
672
731
565
626
774
122
587
18
134
700
600
693
525
593
189
452
1747
461
589
494
445
636
823
575
634
2520
516
738
584
643
75
993
970
20
556
6
536
468
1056
491
551
144
758
622
575
618
458
840
648
749
153
104
490
6
454
482
172
538
14
640
631
1869
596
388
580
161
1070
566
251
466
21
47
2427
282
830
1147
457
581
1213
276
184
132
884
336
719
516
139
526
1200
665
515
640
487
205
5
568
388
453
502
777
247
621
449
507
581
565
962
603
728
465
440
714
1206
132
540
552
743
467
464
446
487
474
463
197
750
658
289
478
538
780
2
163
580
476
531
531
637
590
620
101
62
586
767
834
1109
280
985
409
585
719
10
711
1163
680
152
370
675
77
472
124
236
505
2265
531
562
590
4489
440
421
687
500
233
571
456
454
314
613
123
435
259
455
192
1119
1090
42
477
770
94
437
945
755
445
456
475
55
178
7
362
35
45
153
580
503
831
503
354
2234
529
451
459
890
494
2052
719
7
1606
493
353
80
1612
1131
19
505
20
363
144
439
127
69
372
744
475
473
672
466
24
497
13
417
665
1220
60
132
644
2302
618
7366
480
466
712
552
455
510
1525
949
212
50
598
3
460
141
904
233
527
504
38
23
574
580
1
21
74
626
454
775
229
89
571
464
677
808
458
28
470
291
566
189
288
575
1019
280
582
239
886
600
111
2465
258
19
606
317
502
458
121
460
560
442
505
456
2433
443
501
528
702
63
492
1698
267
112
597
126
611
709
665
517
36
1223
982
158
579
312
2347
672
483
83
209
493
606
224
449
231
140
419
179
637
611
522
560
486
769
912
2527
531
1
522
89
364
123
492
618
1
732
48
526
757
6
547
15
645
434
442
227
144
812
439
605
518
462
329
454
55
227
628
509
500
1002
907
460
1048
576
853
669
388
559
173
535
498
473
4304
190
471
1250
570
429
565
114
26
570
551
998
476
1313
508
1821
171
120
675
537
1111
1503
434
602
473
673
2889
1
515
2273
316
343
434
607
735
2518
1004
187
997
70
963
532
656
557
722
772
477
636
518
425
1055
619
803
452
628
515
591
128
438
176
987
10
645
46
693
476
1255
244
681
1082
357
501
487
470
155
875
753
87
859
492
636
404
270
376
562
480
839
757
2140
27
400
494
1154
103
658
142
1027
43
466
95
221
643
208
720
501
344
459
279
346
496
399
458
608
1808
613
734
587
839
653
1067
744
504
887
871
536
487
704
466
513
227
167
764
282
763
1446
531
603
617
1022
432
3147
48
589
609
575
651
258
125
217
636
480
646
892
610
668
494
954
494
640
1044
245
516
42
174
319
472
453
622
115
562
459
592
759
502
491
608
52
762
534
951
491
1516
248
746
275
571
518
2208
2
2116
900
2255
1031
18
815
3102
76
952
119
420
555
19
987
589
575
1474
437
587
248
126
558
74
674
556
558
2
400
164
454
76
473
550
212
309
937
357
511
694
980
674
785
1453
602
116
34
3
458
149
495
471
200
580
528
600
203
3430
81
246
509
706
58
799
515
474
1401
69
849
132
600
1063
907
262
499
508
483
918
305
492
296
134
298
498
608
96
430
394
500
160
881
519
577
162
658
374
861
63
419
463
470
453
494
405
835
58
18
732
316
530
531
481
469
479
204
484
249
599
74
773
185
598
484
1242
205
603
197
77
1107
225
536
542
426
481
350
107
586
1490
859
671
241
535
542
1574
510
509
552
331
571
640
478
548
131
24
49
933
546
953
533
14
490
430
488
358
103
395
388
463
961
247
520
757
318
467
619
816
506
505
363
391
334
514
380
1010
562
602
512
1337
292
624
219
1532
460
478
1748
1514
922
469
436
695
991
237
468
11
486
337
547
223
558
42
59
811
322
888
303
495
512
343
1294
602
1216
375
484
431
475
1744
2891
120
474
585
348
98
459
434
605
613
511
233
460
496
534
651
115
39
610
535
541
25
579
1079
35
267
817
227
429
490
216
1723
430
444
569
10286
491
661
4671
2
628
809
536
575
597
464
40
463
872
528
2
137
660
488
871
570
812
52
153
243
579
446
71
21
1735
640
124
4
2468
10
448
