72
5
75
10
26
39
95
100
55
23
13
25
109
24
120
201
627
126
75
540
126
285
18
24
466
71
98
367
1
265
76
95
26
93
49
80
221
239
450
217
946
76
28
184
95
42
75
223
128
155
1705
198
206
211
76
205
78
224
73
102
205
1333
166
27
12
97
90
274
206
404
19
1
75
859
7
396
75
19
93
555
354
56
19
80
67
10
197
21
76
302
199
326
20
31
119
85
73
75
84
23
250
76
15
75
75
75
34
237
397
206
946
414
75
185
141
234
253
62
75
4
81
9
41
80
49
230
366
342
180
52
345
154
337
16
14
19
87
75
89
75
198
72
121
97
75
76
196
127
75
78
123
1
76
279
15
188
8
964
204
100
1072
92
73
267
85
71
80
71
223
113
71
76
223
55
79
130
131
236
237
38
213
124
14
254
77
72
14
39
88
202
6
75
75
191
166
144
208
75
21
355
73
128
84
75
1087
220
14
