20
131
15
58
14
69
45
32
98
390
1336
1
25
28
88
178
147
30
122
101
188
523
284
20
249
16
104
141
25
408
22
1
472
810
171
705
58
14
83
44
4
61
97
81
440
24
73
4
168
45
113
89
97
12
541
488
1
90
20
411
531
16
209
41
14
235
132
108
69
2
328
185
199
2819
3
98
89
236
21
193
71
217
337
1
9
11
6
307
36
30
8
174
50
1
27
267
443
252
282
1430
10
27
3808
14
1528
4
27
42
197
2
5
344
98
2
19
6
94
41
77
133
11
20
1
65
317
92
42
70
18
256
8
32
22
3
64
502
1249
1
52
60
101
62
74
132
552
246
38
298
121
1126
205
3275
89
204
2227
54
38
114
139
101
54
102
6
7
254
115
31
481
933
333
118
209
45
407
46
25
93
578
132
262
160
14
458
157
130
218
230
54
137
907
51
12
258
338
222
30
153
27
757
59
22
13
1
59
840
166
6
186
5
44
28
1548
68
2
408
65
158
25
1116
40
1
664
19
81
64
85
164
269
23
27
185
52
17
60
13
29
60
12
38
165
3
31
314
31
25
101
56
614
1939
29
109
67
77
2651
218
49
404
17
27
72
99
10
24
145
75
5
1
238
293
32
79
66
215
221
74
498
584
311
538
65
48
88
11
155
88
485
21
431
134
233
129
66
8
277
33
16
87
315
1
107
155
15
9
16
73
15
20
167
174
230
1402
175
54
13
32
100
2
4339
547
694
55
131
42
90
116
1586
107
128
137
150
454
85
333
24
38
75
137
362
9
4
1
456
71
53
73
283
56
31
18
120
201
705
131
44
38
303
156
376
352
146
155
128
84
15
83
56
156
596
24
1401
63
217
25
1059
69
743
19
98
13
152
376
9
99
1188
92
17
24
112
45
97
59
12
257
32
73
1
194
1
291
100
123
33
9
467
32
87
380
1
28
41
43
23
493
561
50
497
136
181
9
75
189
435
365
54
49
59
573
31
610
63
63
14
243
349
177
306
225
8
12
366
26
305
137
79
19
501
36
1
44
18
1
116
78
22
26
159
18
27
216
733
33
28
57
55
680
11
342
12
48
45
108
1289
280
50
126
9
89
37
28
352
29
113
79
212
291
30
3
61
2
34
123
19
5
37
51
1
167
28
62
59
57
201
411
642
108
54
37
62
93
298
21
91
99
527
109
279
109
504
1357
15
3
6
