6
12
9
40
1
16
13
1
3
2
15
8
4
10
1
11
6
15
87
20
23
210
123
2
1
9
112
1
5
6
17595
39
22
3
113
15
292
57
2
1
19
2
17
25
1
22
41
9
503
6
19
1
1
62
342
1
3
10
11
12
70
68
1
122
1
300
32
9
92
51
1
60
4
1
3
214
80
306
34
19
48
8
6
21
23
25
31348
47
2
6
1
353
8
21
102
396
30
11
138
1
281
21
11
12
42
5
4
57
54
89
1
86
10
4
5
54
1
24
25
204
27
20
94
22
10
1
4
1
63
17
12
3
17
10
163
30
14
55
5
15
12
34
9
5
25
7
1
10
9
187
59
3
18
93
14
2
41
6
34
26
33
8
20
36
22
6
264
3
8
7
62
37
20
127
53
23
71
5
6
9
5
24
6
101
3
1
5
4
36
20
9
25
17
8
21
13
6
5
10
243
39
16
36
16
9
21
34
1
156
50
21
41
4
9
1390
1
4
4
27
2
3
1
2
39
16
32
1
54
15
6
13
7
164
30
64
61
71
2
11
1
5919
11
68
10
65
8
4
446
7
21
7
142
8
4
63
14
12
11
13
1
3
31
7
14
20
4
3
282
9
10
203
21
16
19
11
1
49
4
64
7
1
20
45
1
3
49
1
1
17
1
2
23
107
1
34
765
2
9
4
2
65
5
2
48
1
5
37
1
20
19
8
1
1
5
5
23
1
5
21
1
37
3
6
6
31
67
5
2
21
6
23
9
73
51
28
5
39
1
3
127
1
2
1
5
35
1
6
63
134
23
23
6
17
7
5
16
5
711
12
10
12
15
1
12
1
6
1
87
219
1
1
12
8
48
3
11
13
1
4
87
1
14
64
18
6
1
201
38
3
12
29
12
10
43
28
5
38
16
25
4
4
15
89
10
11
15
7
6
8
4
8
114
33
62
86
5
44
8
6
1
74
41
144
70
2
12
1
73
24
44
34
3
1
1
87
9
87
49
1
115
3
5
42
1
10
5
10
229
7
173
4
31
28
10
4
78
92
4
5
5
16
63
5
87
1
24
128
14
10
12
63
5
6
4
21
12
16
92
88
3
2
14
3
1
10
15
74
48
5
10
2
67
1
2
190
15
1
1
3
3
63
11
159
9
23
36
3
1
6
14
10
4
183
13
1
19
62
468
41
42
17
10
6
12
37
2
56
279
3
4
8
41
14
1
12
1
6
2
140
19
1
6
17
29
1
161
3
179
3
7
6
16
1742
457
9
12
894
2
18
76
6
3
7
4
3112
217
51
1
7
3
7
28
2
7
1
65
1
9
1034
61
4
19
1
142
5
5
21
26
8
71
1
4
2
29
11
8
2
1
5
22
10
23
8
145
4
38
15
5
9
29
10
41
6
55
7
43
6
3
52
56
11
17
2
1
266
2
6
7
13
9
147
1
20
3
26
1
15
32
2
2
188
34
699
35
56
66
1
18
1
9
22
14
16
8
26
1
26
42
4
1
14
6
110
6
95
10
6
5
23
5
4
59
61
56
20
16
4
10
40
196
19
28
50
1
4
56
19
109
1
1
11
62
1
853
17
223
77
57
40
102
9
9
6
20
153
2
194
9
10
7
22
12
5
37
5
7
34
46
14
40
7
24
34
19
22
6
115
31
24
7
71
6
8
13
205
6
49
16
3
14
38
82
5
6
7
13
1
14
1
7
38
1
24
54
50
20
14
90
13
190
19
25
3
3
191
113
21
60
4
18
47
1
43
11
5
5
32
11
12
11
703
8
1
25
38
178
22
7
6
33
43
6
6
1
1
2
8
65
1
37
1
2
94
34
24
15
71
34
33
6
101
240
3
39
844
3
40
20
9
41
23
5
16
71
60
3
8
21
9
2
250
178
47
9
43
51
30
11
39
9
7
11
24
48
18
15
111
11
12
2
3
2
1
143
1
33
1
22
15
4
5
51
118
67
4
8
25
83
42
26
127
119
143
1
702
21
35
170
204
8507
6
213
12
15
27
1460
9
7
12
50
46
34
55
31
3
98
1127
18
39
11
26
9983
5
61
10
26
31
42
25
9
1
13
10
17
53
25
24
7
428
19
13
6
20
14
16
2
46
135
58
5
1
6
14
101
8
11
57
3
2
31
22
1
4
4
1164
98
7
8
15
5
2
11
4
168
12
1
55
1
25
46
22
4
8
14
22
2
135
8
1
22
4
305
3
24
22
5
150
5
30
25
18
14
29
8
1
5
101
17
21
7
2
1
4
2
7
4
11
5
33
2555
3
7
2
6
12
32
2
49
29
13
251
13
1
23
1
3
7
20
66
10
2
110
5
16
21
32
5
4
17
82
2
2
65
23
1
3
2
1
123
226
99
52
30
1
40
43
17
5
271
6
37
7
1
11
9
7
38
44
847
360
4
20
1
4
10
1
166
24
12
7
39
3
7
20
27
62
3
90
73
28
1
37
4
44
20
9
9
22
124
144
66
59
18
42
19
14
5
23
65
216
9
22
887
6
4
82
34
47
1
35
13
2075
2
15
7
21
34
52
1
1
27
17
5
1
3
6
11481
96
5
22
15
11
4
436
171
15
4
1
38
21
38
55
5
31
2
26
1
2
31
7
8
104
176
69
1
7
4
13
8
115
83
13
3
3
27
5
17
25
31
9
66
3
9
8
1
1
4
5
25
17
1
22
2
31
1
14
45
37
20
3
156
11
177
7
1
1
53
1202
9
23
1071
1
3
8
4
19
6
11
7
10
1
20
206
17
11
10
59
4
13
4
1
95
55
52
4
1
32
40
1
28
6
13
3
28
17
1
21
12
53
826
1710
16
30
6
63
70
1
18
4
14
40
13
1
5
4
130
98
8
83
1
25
441
168
10
208
27
13
11
116
12
54
96
47
1
11
21
1
84
1
3
6
30
2
54
1
47
67
1007
37
29
53
124
