514
935
108
1
31
23
161
1039
522
5
197
8
5
119
638
38
15
125
109
368
149
46
29
35
41
249
196
1975
495
139
167
102
449
89
167
50
109
47
119
2
93
39
25
157
68
47
214
1
20
159
1029
34
1063
39
43
1136
115
98
1
870
33
4
14
22
55
17
64
13
18
317
255
451
91
30
17
146
1864
264
230
236
630
17
83
48
99
24
1176
160
53
21
290
522
178
55
205
458
891
746
570
234
55
616
2265
71
147
1179
100
161
826
82
27
45
178
25
375
540
639
634
487
40
351
671
148
29
734
7
50
94
19
48
221
86
24
115
181
317
136
622
744
143
17
304
756
138
90
94
43
22
219
148
155
94
39
90
217
90
231
3
253
43
15
3
107
606
32
52
752
155
232
106
39
35
103
718
130
751
153
274
103
416
58
151
1266
42
151
13
33
359
45
1037
142
39
705
133
390
416
1265
328
38
52
876
38
72
77
615
39
674
25
26
118
401
149
589
13
222
273
17
168
74
16
33
750
321
369
497
630
910
788
540
165
1181
76
25
132
28
264
599
67
70
64
17
144
886
8
308
21
71
125
122
106
110
236
18
255
359
85
75
805
130
189
75
30
266
1012
1
45
80
29
334
329
49
3
1183
131
193
60
532
189
855
26
40
37
68
1059
4
75
29
23
112
566
33
973
91
154
1219
50
254
71
84
369
1118
49
65
38
15
335
80
54
279
40
455
192
547
182
124
1
83
126
227
180
21
52
383
35
56
577
138
177
30
18
710
251
569
38
95
163
220
157
233
118
58
415
28
35
265
51
457
8
47
288
168
5
204
163
321
678
925
404
601
6
2
428
16
1228
3524
387
70
80
710
507
141
922
1793
236
987
111
248
52
470
80
32
10
357
876
483
35
573
68
173
470
278
110
563
94
338
203
43
734
30
57
53
28
575
184
180
1475
210
450
46
78
7
254
92
251
27
90
24
1270
118
662
603
130
10775
813
128
2783
85
900
119
334
100
197
71
35
127
277
644
291
498
237
21
165
96
233
179
21
605
870
77
479
13
675
401
39
667
37
244
102
98
62
1156
1283
172
297
278
35
42
179
282
1344
28
29
575
126
30
133
900
326
52
212
12
355
489
571
10
415
22
209
2
4048
146
16
1868
815
249
251
129
39
69
812
2
1003
786
1130
71
16
44
57
66
86
35
171
190
12
14
332
22
539
1402
377
33
724
110
90
203
287
151
209
9
373
148
39
283
177
389
286
779
140
270
83
113
82
146
376
361
209
28
90
58
494
1237
164
15
1431
85
29
133
144
60
294
891
2825
69
33
186
96
584
35
54
44
202
917
1216
33
833
2278
532
335
6
168
965
31
34
2551
227
809
567
1117
36
507
25
654
137
40
70
90
45
292
546
2262
265
568
8
25
1092
29
51
506
15
48
583
51
51
7518
442
81
195
146
635
2174
103
161
626
125
389
546
414
19
183
8
1
292
88
83
736
131
1662
841
24
1239
265
864
99
6
48
207
64
234
59
391
29
115
928
37
95
160
50
180
386
54
46
30
1619
593
401
4
15
41
306
71
971
503
42
131
1104
242
5
474
5
573
36
492
236
14
102
259
6
114
222
833
2190
67
433
1159
227
1200
31
53
5
30
124
204
216
1
1275
115
237
51
69
804
102
115
9
6
47
5847
24
231
581
104
593
246
24
103
103
311
95
197
318
31
38
67
35
245
1010
7
26
131
16
140
61
448
274
41
227
95
171
402
787
9
745
588
642
79
32
456
195
20
26
48
148
39
17
269
949
53
106
85
361
450
321
142
1536
244
1852
914
74
60
67
301
167
995
64
321
285
1001
5
415
387
30
86
210
1023
251
9
78
7
941
770
59
35
315
332
216
40
317
596
233
37
6
206
35
174
35
34
226
35
180
297
166
122
45
222
2023
79
146
264
996
380
48
44
164
50
471
89
200
1666
191
229
69
634
156
637
73
143
325
874
88
894
150
155
2009
4086
36
232
29
411
434
201
162
4
40
787
124
208
625
270
39
1002
161
154
1026
51
68
202
71
2632
56
35
80
207
533
436
1034
110
18
1131
136
40
17
108
2
1127
27
167
49
686
275
2
93
182
435
76
814
67
363
458
1149
179
110
3
73
147
179
64
341
10
199
121
53
127
335
56
348
47
20
38
29
1791
29
802
452
4
393
138
100
6
513
191
31
155
136
118
465
1503
232
26
720
85
164
13
202
16
7
1149
23
161
675
1108
900
163
135
33
242
95
1
27
55
552
197
23
2128
40
11
424
1019
122
523
67
63
173
129
3
54
178
93
2149
349
444
1
786
890
1124
4
477
502
246
2
391
2
335
74
888
283
92
50
222
92
274
14
458
77
26
12
393
137
43
357
339
511
54
410
34
1772
1194
22
311
210
405
57
219
143
146
193
319
37
4
875
141
616
9
78
174
1834
387
5507
790
27
281
79
50
49
145
58
51
3
258
60
74
3
160
179
3
20
301
646
163
129
351
345
133
563
132
35
94
328
303
60
77
292
74
7
36
278
193
5924
124
46
61
134
60
242
480
226
17
998
32
828
25
44
160
1
30
80
237
86
361
173
63
185
104
18
821
16
40
49
42
28
33
88
58
9
42
784
26
154
40
329
6245
150
2168
20
26
140
111
338
914
70
261
11
650
117
70
48
189
285
141
323
44
156
1887
1010
356
46
159
219
51
168
110
261
1
149
35
148
216
56
35
919
22
19
308
145
296
20
222
25
71
150
33
424
617
38
232
9
761
4
87
78
668
49
88
192
418
116
23
734
15
86
158
232
124
33
130
79
20
54
135
729
16
270
150
53
60
360
228
167
783
16
485
825
167
1003
7
2015
190
22
184
123
7
122
4
6
497
33
179
48
40
33
42
684
388
223
242
123
320
98
118
241
145
336
113
1343
617
389
2197
234
17
46
16
520
75
218
1
353
70
561
7
189
147
40
40
105
55
1171
5
33
659
557
63
101
29
106
59
173
36
2079
195
410
61
174
13
129
51
433
68
177
54
242
50
30
17
272
293
44
259
584
34
903
572
21
16
523
717
9
83
462
1
1158
39
110
497
296
747
205
911
46
334
258
31
26
467
363
94
189
26
729
295
7
4267
17
1300
95
223
175
367
138
6004
7
25
274
43
88
186
202
588
118
188
532
5
165
121
420
228
139
147
54
256
1132
8
740
33
14
4170
161
348
31
23
95
1527
37
233
626
178
267
150
152
259
276
37
198
41
351
386
15
6
391
43
825
12
40
178
77
645
25
57
18
85
168
50
1
992
11
542
14
17
170
151
50
57
106
117
237
72
5
182
27
87
112
510
414
551
12
13
16
160
484
484
300
4
18
29
103
32
39
80
28
418
10
122
43
50
333
6
144
10
655
172
67
39
95
319
1341
74
387
430
34
21
620
691
82
1
117
3273
15
433
163
683
42
250
146
24
99
613
235
111
185
39
31
36
5
77
189
15
33
313
352
135
66
528
35
162
20
355
900
496
2984
214
277
116
929
12
718
32
273
9
39
32
36
933
27
38
44
39
124
36
56
304
76
637
118
785
441
20
274
124
35
1
379
137
145
207
225
89
954
376
68
29
52
117
92
189
1670
277
3654
242
547
29
8
69
533
495
144
3
243
488
630
110
126
32
976
559
16
149
14
188
38
29
92
163
110
39
288
698
866
551
82
119
47
703
29
920
225
488
1164
5
119
23
694
711
79
138
25
158
47
503
37
974
299
308
21
15
122
7
104
59
32
11
32
126
32
18
29
550
22
39
582
960
390
413
15
141
165
13
6129
19
43
18
123
403
86
16
211
24
292
373
123
168
64
4
339
59
35
387
217
367
547
54
4224
842
804
783
49
45
96
6
16
46
103
110
41
171
282
1095
67
477
52
51
140
134
370
328
127
7
110
44
35
25
44
258
43
86
145
842
229
1507
18
80
156
95
769
94
151
1114
190
58
361
185
82
9
51
455
52
651
88
26
14
201
134
40
830
234
67
27
231
499
12
31
465
77
80
127
64
35
144
29
313
290
11
2464
231
75
39
19
66
127
28
29
1496
168
71
3
1335
562
342
248
5
67
169
264
201
169
274
221
637
809
150
73
998
122
26
508
783
109
5
188
293
23
9
8
146
109
3
77
83
24
40
35
35
106
56
72
172
76
35
102
75
1214
611
5
205
29
283
5
484
148
281
795
110
144
97
45
61
3
38
70
28
84
298
126
443
15
35
142
246
2273
1
116
140
24
62
1
35
74
48
19
609
64
337
5537
403
57
772
265
102
59
5552
77
291
155
733
472
905
15
179
42
141
821
70
660
57
249
331
453
80
295
24
27
3
482
85
35
347
1587
316
95
2195
68
31
79
459
54
30
657
442
7
45
335
383
284
46
61
25
1038
5
671
176
20
33
325
215
288
47
958
4686
119
588
243
92
68
686
151
614
1
259
646
27
499
201
328
5
67
11
157
12
106
261
155
181
101
63
2856
234
100
185
853
230
108
17
106
1
157
122
41
9
101
214
638
3
25
208
100
218
278
15
325
74
70
181
240
463
57
94
6
832
424
176
359
222
10
217
90
38
23
77
216
513
334
168
417
127
204
588
36
176
147
179
212
110
675
23
162
315
22
26
610
293
294
68
9
77
30
151
46
4
152
79
28
218
246
228
23
27
375
111
54
22
258
86
30
32
110
80
321
487
533
1048
21
73
464
51
38
351
239
1181
25
1552
46
5
405
26
476
28
215
205
35
12
427
28
583
15
51
78
589
8
162
208
321
16
126
77
173
32
23
7099
19
55
158
4
1755
770
168
204
103
35
21
349
40
89
48
148
361
25
106
719
1008
5
606
44
107
311
94
1127
41
3
87
57
871
77
145
31
292
1038
204
244
124
8
111
30
48
308
211
31
62
142
287
443
350
337
660
38
137
28
391
127
472
228
78
104
119
612
301
26
225
50
377
1075
178
165
438
193
100
36
81
1490
37
20
387
104
164
105
38
60
89
1289
918
5
103
200
1484
82
150
654
3252
47
621
99
13
263
25
6979
123
1122
345
50
152
491
42
720
285
43
178
98
153
79
769
134
417
59
613
147
207
1892
112
793
320
34
277
2
153
48
54
349
147
654
34
19
271
65
505
145
1
26
99
99
122
215
42
132
161
1471
38
10
62
11
57
29
149
58
51
50
445
146
17
739
901
17
495
21
181
192
115
218
11
454
56
456
162
34
76
64
47
12
84
24
86
52
236
41
35
294
35
287
114
361
179
258
35
1341
19
69
848
2
2089
142
1155
170
19
267
86
768
116
1519
18
538
261
546
57
129
547
160
25
40
186
1017
5
1
257
39
244
55
55
335
156
1060
149
20
696
158
1
45
54
689
308
386
2
109
949
39
35
95
36
162
268
247
147
738
204
39
46
32
461
335
32
347
144
62
437
3561
50
107
5
618
373
39
888
1031
165
221
129
31
1476
312
164
27
417
87
141
25
47
1046
743
34
184
1243
289
146
308
142
119
471
197
126
404
128
35
282
544
83
757
168
117
258
1064
115
700
13
130
291
1263
847
406
1629
65
75
5
1
897
222
116
153
207
283
858
566
176
116
382
217
148
234
526
1
261
137
3
43
5
2606
631
58
368
128
1517
182
24
542
175
34
243
329
25
61
200
251
85
62
33
587
424
625
116
41
1486
128
1181
149
224
177
801
42
437
190
176
556
15
1868
30
256
109
97
2804
190
189
127
560
628
136
140
54
138
224
31
63
35
130
35
35
32
10
850
575
296
617
382
692
41
14
242
13
35
31
571
215
475
218
1209
166
1040
86
146
806
38
410
132
94
16
685
1353
435
32
15
28
195
400
64
320
118
167
261
1235
144
7
232
90
107
1613
1111
165
729
471
22
787
17
108
547
55
247
851
265
378
54
136
199
1630
89
1002
12
300
123
160
73
158
176
125
300
32
655
2
32
753
23
1044
162
58
274
163
34
79
16
27
1081
238
79
349
176
54
12
67
190
57
423
1108
161
204
11
233
17
178
172
94
143
90
106
161
727
4
74
30
25
43
424
30
30
194
77
87
61
362
39
93
1108
5
162
33
15
94
560
105
369
503
149
7
256
370
12
116
222
15
72
233
59
71
554
99
258
861
189
223
212
73
26
171
280
99
1
566
154
192
162
1355
38
43
165
622
538
28
1407
19
63
96
15
311
117
26
54
65
160
111
12
24
213
187
176
73
87
20
10
1
4
127
471
519
1613
296
166
1466
93
70
117
33
1124
116
304
66
10
84
279
100
20
117
18
121
753
163
128
164
138
535
279
1272
84
559
226
331
45
26
42
342
172
341
1
691
825
343
83
52
1216
898
13
41
52
125
969
3
26
69
32
40
59
98
43
54
9
310
220
1572
224
221
693
21
235
31
2092
659
19
166
164
889
403
250
525
1
242
221
54
433
558
388
823
263
19
90
399
49
144
91
761
271
627
121
519
41
8
955
601
85
96
44
400
174
125
361
1098
53
39
1235
248
40
212
350
272
911
277
235
216
250
60
231
8
113
139
1
1164
21
50
177
207
1048
15
531
26
5
90
378
25
231
80
16
297
682
1248
209
10
1505
26
512
35
350
163
111
54
17
24
719
103
214
576
18
48
63
692
21
46
12
25
223
243
646
161
40
88
52
83
432
124
201
440
17
88
164
216
60
145
289
792
51
1404
304
30
147
169
698
9
39
351
24
67
32
286
94
378
178
1
90
444
170
26
472
51
271
412
83
89
29
28
353
261
57
51
2084
156
180
129
61
252
347
54
785
33
216
16
174
74
287
400
21
58
70
149
711
318
1
25
25
39
46
98
30
83
54
17
17
29
88
360
36
50
159
76
8
149
244
25
332
4
780
594
78
55
5
643
122
274
242
366
57
34
183
3
392
44
1
732
46
37
587
840
40
1152
590
487
178
54
78
1003
35
261
839
322
35
185
63
263
639
66
160
1148
41
42
540
22
621
559
34
1764
62
236
374
44
33
139
83
1
324
636
97
2735
583
91
210
53
4870
1504
33
1298
527
786
130
452
60
328
35
522
160
543
131
25
147
126
927
75
122
536
351
27
246
20
430
35
321
35
38
47
9
252
140
268
35
438
256
25
71
156
526
131
1207
132
11
1
196
293
296
156
72
194
95
144
60
61
19
33
766
142
179
1335
57
299
86
391
89
309
1081
527
161
471
641
468
280
57
1063
210
78
56
147
223
17
468
598
208
44
73
1577
16
2099
39
60
282
15
1918
577
53
330
66
157
95
80
118
76
15
520
1090
90
741
44
49
1454
1757
79
4
225
396
20
15
30
8
131
242
254
116
93
24
7
81
375
69
51
68
30
6
167
149
155
35
680
249
196
11
22
2447
75
55
519
104
1049
12
378
42
309
186
249
286
93
64
62
55
87
82
1462
443
174
455
67
1174
26
130
136
114
88
2041
598
127
643
31
55
757
456
17
165
178
575
503
695
443
59
151
164
537
247
74
32
134
264
26
3
92
2184
395
658
