23
31
71
79
295
7
75
31
3
184
76
14
17
2
21
8
203
56
75
132
1
72
130
281
8
94
41
48
130
84
54
2
314
386
12
119
6
240
239
39
81
803
225
11
64
17
76
202
53
2
77
6
92
174
50
19
9
47
2
1143
121
181
2540
30
1
23
25
326
15
14
126
200
483
14
1599
75
43
192
1059
74
17
134
66
88
482
74
46
64
51
11
594
114
8
95
18
22
129
118
99
7543
29
46
1045
121
858
1223
14
15
78
18
11
7
208
309
160
23
170
228
71
19
87
41
68
130
931
3
18
16
19
88
3
200
27
10
7
14
98
123
78
333
669
3
6
137
103
186
27
79
1
22
9
36
163
43
96
32
240
13
3
923
594
16
8
122
9
9
220
75
124
116
9
83
16
92
9
313
3
2
241
1678
39
77
192
50
131
43
14
305
90
43
6
5
44
74
35
95
2
27
346
26
52
6
87
21
95
7
9
18
7
270
618
167
131
128
125
39
71
87
75
224
271
76
534
75
71
335
359
72
110
73
75
4092
71
266
22
203
505
75
266
204
72
19
181
217
237
46
619
75
2
311
171
367
75
847
6
667
25
33
4
129
75
20
11
9
321
124
179
1
3
82
316
128
77
15
78
173
63
22
162
204
62
30
7
40
60
61
255
27
109
39
650
107
5
75
155
11
88
5
2
341
20
81
188
150
153
348
75
75
75
75
379
40
71
4
5
82
4
1524
109
95
74
113
209
265
40
8
138
11
111
555
200
4
279
45
80
11
10
6
81
71
181
127
549
213
55
130
74
329
103
913
191
43
101
144
111
16
12
20
73
153
11
37
199
76
9
15
73
163
160
627
422
111
166
4
15
1632
47
38
9
220
77
59
4
22
14
63
5
7
5
126
59
75
78
492
148
213
137
882
18
309
13
219
75
366
112
13
942
2
131
75
93
783
69
486
104
2
116
1
1333
106
81
115
2739
6
75
276
12
551
111
5
686
50
7
35
111
47
13
1
44
21
75
556
75
1
4
1
29
587
4
235
48
116
112
92
18
218
35
1363
3
419
10
42
320
955
3
132
30
15
100
594
88
19
2
148
386
72
5
128
34
30
1081
398
158
198
37
75
87
112
562
5
1
165
9
9
102
43
1
11
3
24
360
20
16
8
41
25
291
84
122
74
219
217
29
349
7
290
9
111
303
218
92
103
75
392
23
62
317
40
46
105
41
1
6
197
63
1783
38
59
44
52
77
10
84
3
15
175
260
35
6
43
279
119
112
30
20
7
11
75
19
96
94
524
36
834
417
3
96
155
3
65
20
143
4
197
278
27
784
10
10
78
393
218
66
10
33
14
360
45
220
10
76
125
95
51
67
89
80
883
102
93
241
74
77
225
95
88
16
82
32
24
3
214
76
249
49
14
679
168
41
81
1
14
279
1127
96
192
120
226
122
15
223
17
70
119
76
622
175
1637
91
13
45
135
292
9
7
37
158
266
288
1334
114
7
83
247
226
84
48
123
4961
4
212
244
46
114
13
42
192
24
58
262
95
153
2
31
35
16
62
146
33
67
134
244
120
40
168
327
204
90
1
96
115
79
155
95
259
37
79
75
80
95
92
75
72
76
244
149
34
15
434
18
579
705
228
825
137
105
363
272
406
10
19
2014
10
59
23
77
95
109
63
129
51
66
129
49
72
62
75
56
127
127
182
4
75
31
280
560
663
31
1015
18
29
4
22
44
321
327
2292
872
243
40
87
270
5
1560
19
128
537
11
23
420
120
73
232
100
217
105
218
176
3
202
15
26
61
110
4
69
81
80
183
2
463
207
273
3
186
48
12
1544
162
54
38
130
43
127
79
72
70
74
75
76
224
143
75
75
7
75
192
76
115
209
74
782
75
7
126
75
24
216
2
94
160
348
37
75
386
73
221
20
174
75
75
231
93
72
71
79
91
138
317
