5
93
11
117
514
28
15
1022
51
246
69
522
46
704
2936
69
2
491
323
199
62
48
207
101
562
20
126
193
186
470
147
21
153
27
18
202
345
350
66
115
113
46
906
126
11
59
816
386
125
349
244
33
768
20
116
52
2186
76
31
1264
837
305
155
630
167
152
16
156
547
136
190
1038
1548
2135
15
37
323
25
365
193
132
458
474
163
640
487
261
580
496
31
18
74
19
137
730
996
786
309
316
640
272
875
3793
5
201
15
167
33
3696
6
211
1
212
368
1
101
81
152
633
166
1357
144
13
198
90
110
150
294
166
53
318
124
301
334
149
1145
446
206
1
382
160
213
492
304
356
5
882
16
103
219
278
3
315
526
79
88
314
165
34
32
339
7
338
29
66
90
161
199
714
77
346
3148
240
945
143
51
52
15
76
94
41
997
162
319
753
469
139
12
162
261
36
193
27
30
115
60
313
7962
1754
14
117
357
30
225
440
65
54
310
80
501
562
139
157
3
675
119
464
54
32
169
222
336
73
6
19
1358
467
228
113
61
35
46
8
775
47
172
44
7
135
44
412
210
1266
16
462
217
251
73
1273
350
385
447
344
360
30
4
200
226
168
70
373
4453
1076
2684
697
82
43
287
34
288
51
380
1069
50
381
33
584
1
60
694
330
230
3
1251
25
495
32
134
1680
21
24
57
125
33
18
18
255
16
102
404
261
91
1124
150
273
3
64
252
145
44
1699
105
17
123
121
120
209
81
65
229
1190
112
204
603
263
1465
269
183
254
205
325
7
1082
285
150
337
1269
225
720
255
115
141
229
284
242
791
93
631
48
71
27
525
86
215
681
52
154
319
178
2193
262
96
4
228
32
32
438
85
207
709
266
19
114
116
1222
331
24
2174
41
4
2432
12
660
770
143
326
4354
428
390
321
11
33
445
73
72
442
397
1
208
100
26
200
39
205
209
669
156
343
91
444
28
509
158
298
188
87
128
141
57
78
316
276
171
152
14
23
119
25
1943
274
493
174
376
29
190
94
20
34
286
974
733
85
14
2240
611
659
739
1155
196
197
219
49
386
55
199
36
188
161
238
321
316
32
141
381
421
337
244
