51
105
11
38
54
11
8709
139
79
46
157
177
55
112
1
195
12
105
45
71
26
892
17
53
147
424
20
144
144
203
12
23
117
79
926
194
1
15
128
9
53
237
55
198
148
245
89
181
64
55
107
186
326
69
48
3022
57
52
92
363
51
441
390
95
131
314
55
248
56
214
156
320
64
89
66
12
116
68
46
356
80
10
65
314
51
216
188
1042
54
333
213
63
79
122
203
29
43
68
53
63
51
499
70
81
19
237
66
289
84
70
191
74
49
133
180
55
316
62
66
107
213
897
14
200
186
469
55
39
76
109
51
71
87
68
57
185
858
225
55
584
56
99
22
492
218
786
10
53
94
87
55
117
55
53
124
131
195
91
15
408
184
132
176
85
183
141
57
62
83
55
89
58
51
55
68
165
121
64
53
224
56
56
