394
119
663
5
174
726
207
150
206
276
55
179
1
217
55
6
125
56
179
59
174
211
243
55
58
53
435
220
57
237
55
55
91
165
91
368
55
145
240
55
216
95
423
61
1
3
245
79
1
18
416
14
181
51
64
168
582
125
86
181
56
219
192
103
56
56
103
55
213
220
57
129
64
61
616
397
182
413
214
53
53
52
58
180
186
140
184
56
51
125
291
209
228
95
188
56
1019
55
56
51
55
255
147
490
224
186
81
305
55
60
320
225
55
221
36
56
59
218
119
124
145
1
88
52
54
57
71
615
50
5
10
1213
58
39
181
1
55
65
55
7
102
55
123
60
165
346
55
6
208
55
28
477
55
1
55
113
230
290
281
91
29
1
123
172
42
21
8
235
91
100
189
179
56
121
56
78
113
234
55
58
192
85
4
59
175
127
134
128
75
572
95
64
56
112
126
255
122
178
51
76
41
55
59
93
65
220
1
216
93
56
56
19
184
65
50
1
43
216
184
467
244
185
147
14
129
212
87
62
209
109
55
301
356
51
55
237
1
122
234
337
55
947
633
216
130
317
54
102
55
167
1
586
221
51
95
183
226
93
236
299
80
52
197
222
165
54
6
190
6
225
55
55
45
165
51
313
170
55
56
59
191
88
73
63
204
167
95
40
169
231
156
97
8
99
174
55
80
202
222
55
210
56
120
52
250
61
227
49
64
57
317
56
148
253
53
