11
3
375
322
3
15
115
85
822
36
6
25
58
22
400
24
72
73
206
233
107
75
1493
60
9
102
116
81
758
77
24
12
8
59
89
17
21
14
74
114
71
7
119
203
2
220
29
60
33
157
599
234
57
764
92
16
2046
182
1441
36
56
34
62
56
61
105
457
26
40
39
3
20
3
47
97
1
174
43
404
56
45
20
65
164
535
314
82
72
8
10
6
26
174
1597
18
1108
47
1
42
221
19
47
1
334
20
107
283
275
11
116
779
30
13
9
13
111
50
97
5
46
310
705
175
38
34
11
14
19
152
194
35
129
1
47
117
2
2
4
596
95
2
13
423
58
102
20
63
169
12
1
6
28
14
131
109
34
1680
115
21
4
15
11
28
14
22
95
54
73
768
80
34
16
107
120
67
177
90
393
42
20
285
109
97
6
54
68
451
156
88
64
33
43
485
53
12
190
732
415
23
74
536
5
222
90
40
32
248
122
41
29
158
62
112
21
66
40
11
59
4
21
78
44
8
25
401
5
40
3
278
5
27
11
123
4
957
33
2
2027
7
812
161
144
44
31
375
611
10
22
12
78
511
11
91
3061
107
212
12
475
25
5
63
400
233
66
37
220
798
41
43
13
245
53
40
3
12
43
58
508
1
45
121
21
100
42
7
84
163
178
55
2
61
25
52
130
45
71
3
45
