13
183
36
134
753
52
48
24
61
398
137
3365
205
404
454
302
5
84
401
92
90
79
96
627
169
180
607
14
166
84
885
53
1683
49
264
1877
64
11
9
1680
384
33
5
22
21
23
40
33
2436
40
173
191
264
83
14
578
256
8
102
152
64
4
2
16
2081
125
306
54
220
462
1398
258
3
661
46
46
757
150
16
6
1510
261
523
45
132
276
934
153
106
1024
194
553
51
333
507
1
384
170
58
432
1101
720
76
15
803
838
2414
94
527
113
6126
44
201
28
9
29
1
556
27
62
33
81
309
12
27
67
333
2718
1201
812
30
1
199
40
153
286
143
790
28
31
51
9396
86
117
287
551
75
1893
16674
19779
1
755
746
68
157
199
1275
1975
454
5003
11
775
1009
1053
26
186
315
9
181
2
359
221
154
351
1064
127
2255
4
735
137
288
83
125
3708
71
42
1766
93
1248
1
215
95
45
166
1715
11
500
151
78
84
75
100
162
128
75
111
78
404
187
101
1588
76
72
3165
240
55
499
130
38
4055
77
6
17
56
903
22
24
1115
41
14
229
22
664
1
122
25
446
274
98
192
27
1403
269
135
185
33
60
604
43
271
2970
78
122
240
96
23
264
1241
1107
284
11
248
156
319
1074
2665
1177
33
1766
630
46
27
1846
15
52
361
16
104
134
145
204
157
793
1032
268
346
680
116
30
55
13
497
213
403
4
342
72
270
399
79
250
99
1484
2577
41
2343
274
1951
51
756
32
22
107
97
699
786
104
241
138
582
246
76
99
179
104
672
139
166
150
329
2025
1202
231
833
1020
264
182
887
22
445
956
436
206
153
65
14
716
742
47
46
257
157
35
140
653
161
22
1353
587
28
13
735
4
971
743
1188
110
13229
204
51
26
179
73
2011
17
18
428
145
214
6
188
2328
4
6
6846
391
888
1698
185
2
2542
230
487
213
2
13
1
1
788
1
580
519
164
1056
205
2356
460
812
143
893
3
89
38
122
2739
172
90
206
364
29
202
33
4
21
584
220
58
59
35
1550
193
3086
1867
909
17
35
85
126
83
200
62
1
47
75
142
218
119
51
1047
6850
545
169
582
2
542
810
14
164
78
85
115
156
434
71
74
1115
40
127
5
999
279
188
135
44
201
255
427
120
154
32
302
84
128
205
941
188
13
180
112
241
226
25
296
74
380
254
2771
53
229
105
1669
424
221
87
61
160
25
119
268
58
219
206
3
263
101
843
294
436
115
181
103
210
339
404
240
102
145
208
185
1402
2487
334
