226
61
3785
55
111
2
285
176
47
3
141
48
60
172
33
20
40
104
25
670
201
146
318
30
15
286
66
44
15
21
202
10
65
232
90
21
1
274
88
46
45
65
176
123
85
16
30
5
56
51
116
159
36
38
749
565
391
105
736
136
18
22
86
496
66
348
143
36
121
400
25
156
29
71
6
1
743
52
87
108
1773
92
99
154
72
62
405
94
34
311
50
37
12
33
213
58
37
25
132
1
72
204
56
261
12
30
101
176
79
4
247
188
10
40
21
160
269
23
13
7
136
60
44
397
65
52
252
400
26
8
67
277
10
52
356
130
161
62
323
220
341
194
123
7
43
109
55
610
356
95
43
144
62
30
2
11
36
281
2
52
21
37
202
126
215
143
53
200
284
430
70
91
45
81
590
79
128
36
5
44
54
273
36
528
20
315
173
4
55
48
34
12301
63
54
3
78
464
75
209
28
196
37
30
65
104
38
250
19
40
40
82
26
66
109
49
4
250
349
74
322
69
2
132
10
11
135
40
148
79
395
55
50
16
601
24
33
152
11
99
113
78
81
10
119
8
1
205
24
76
336
185
77
244
181
60
189
219
489
51
81
177
181
215
52
53
45
217
2303
10
255
28
213
61
229
283
175
41
140
82
295
198
110
13
224
3
76
533
364
6
442
194
254
2509
135
93
928
92
91
85
34
129
92
247
555
108
73
336
5
181
64
29
213
119
69
170
1042
10
100
127
18
123
237
2
156
39
4
68
148
126
1421
1091
27
44
1
103
37
95
241
83
236
92
86
316
63
79
110
12
30
409
220
819
190
71
204
63
52
49
125
138
534
123
90
53
63
24
9
50
680
50
63
30
67
55
55
4
56
59
147
67
285
90
89
279
14
41
503
205
35
76
27
34
194
56
67
72
106
243
53
179
83
5
72
251
202
35
39
101
154
1
125
28
18
76
1
10
73
153
14
180
191
58
4
59
163
37
81
22
1
193
52
33
51
40
53
69
213
105
1269
98
42
72
110
34
53
107
107
70
109
268
131
38
55
58
456
136
86
663
134
173
61
178
15
81
66
2
227
197
76
80
13
8
25
79
67
16
13
69
91
143
28
30
96
296
55
128
178
57
38
264
43
15
1
19
86
191
121
129
454
19
1
145
26
163
2
33
162
77
92
44
22
487
482
279
126
74
900
51
6381
64
39
240
135
19
42
5
236
36
111
62
82
55
31
18
26
167
157
13
26
11
765
41
182
94
334
21
403
94
421
87
53
9
669
125
134
59
237
96
226
74
19
136
3
1422
299
6
157
84
213
87
87
32
123
1933
133
30
34
136
116
30
37
73
1
78
62
96
33
83
55
118
11
112
1962
40
69
22
74
396
34
119
1
13
555
22
66
20
218
69
206
50
61
233
145
28
557
213
115
80
172
56
167
22
365
69
17
173
112
156
681
188
78
127
88
44
69
52
11
306
551
70
60
50
79
8
398
68
90
168
1
114
121
14
171
38
19
125
117
39
116
18
77
13
72
63
706
88
150
253
125
25
812
8
22
32
157
20
226
18
12
135
32
1
56
150
156
1
202
221
765
52
51
456
419
258
326
647
179
25
7
33
60
101
36
21
27
85
20
656
168
46
22
50
256
56
308
49
84
79
98
37
118
35
79
105
56
122
31
35
489
40
64
66
121
726
106
10
174
37
1
171
336
140
153
261
65
182
8
17
144
88
551
63
40
66
308
9
12
534
271
170
833
63
84
407
30
570
56
9
289
79
51
7
199
44
51
153
112
57
166
274
72
82
114
128
17
134
243
5
229
63
80
39
199
317
123
627
177
883
44
47
115
61
52
199
55
77
160
137
113
165
55
245
219
32
506
8
34
112
60
1
237
23
27
385
79
156
62
18
33
191
1
79
63
212
335
183
194
466
109
134
125
16
19
154
42
43
99
45
323
208
618
65
36
137
23
59
6
26
51
203
102
143
175
189
512
52
477
183
52
229
1187
444
70
47
25
133
23
207
33
19
83
142
41
11
129
160
263
90
266
9
98
9
81
121
51
200
427
40
67
47
1
143
1
42
72
98
172
138
56
245
2
44
227
99
15
9
73
137
296
175
5
159
106
188
76
2
174
154
169
75
79
226
175
60
528
125
7
34
143
2
61
28
68
284
7957
131
155
218
52
460
222
29
282
67
122
23
60
33
114
136
95
54
9
731
6
131
167
299
43
15
19
183
1274
21
171
72
103
63
224
44
60
226
20
67
121
22
55
288
51
1069
40
55
39
550
158
25
31
108
10
55
215
28
59
218
236
110
322
62
32
10
6
179
19
25
1
59
226
56
97
183
168
128
125
165
262
230
53
200
54
245
7
56
27
255
16
