198
27
8
41
8
70
565
16
277
4
40
8
20
151
28
211
632
70
365
3
15
42
122
23
37
69
416
343
29
2
1
109
1
21
329
127
293
9
59218
122
9
13
12
2278
22
130
68
45
16
51
16
95
64
334
95
21
280
19
33
22
1
187
25
126
84
5127
597
271
69
177
60
128
89
3
201
18
307
185
1
19
104
102
302
333
349
89
153
162
11
283
264
1246
52
225
10
61
131
308
345
685
291
269
249
384
314
70
260
1589
121
86
425
374
498
170
20
380
4
22
261
581
341
59
309
30
66
1974
362
6
181
67
341
341
73
203
19
71
90
64
1637
226
122
331
46
47
126
213
90
370
19
395
229
94
7
24
365
13
108
7
549
354
419
342
221
405
512
346
105
427
41
70
57
1
340
42
16
6
2
1697
177
179
31
23
84
6
31
19
14
86
60
7
798
346
17
685
59
633
192
64
114
23
59
42
44
25
4
468
76
176
288
2
2
288
5
58
4166
260
60
4
1218
30
312
1141
125
4316
333
344
584
233
66
997
319
193
294
351
397
58
26
216
425
340
353
366
212
210
337
66
313
121
358
33
401
53
234
84
19
347
411
95
254
389
2
1
109
41
344
212
14
104
337
108
333
314
216
38
122
365
132
216
40
141
16
534
222
361
669
332
349
202
527
376
341
