12
278
110
23
26
121
325
1881
195
5
22
5
19
202
6
110
1662
30
4
3042
1260
12
1
113
59
149
4
17
381
52
1690
20
568
91
353
4
59
122
507
6
12
26
485
518
322
316
33
63
9
211
179
1644
488
149
1463
188
629
44
166
6
194
41
1825
646
50
76
253
215
232
777
123
34
325
285
46
159
423
225
35
1233
1309
121
116
143
738
89
287
120
970
370
98
195
6
154
16
248
756
3
135
105
26
744
56
273
32
34
238
112
514
362
110
49
199
1759
37
436
104
22
82
247
1474
1098
106
4
411
116
2420
2599
1924
66
94
518
192
630
36
24
362
276
17
1147
190
560
39
1092
176
243
131
425
65
284
169
306
101
