103
105
59
1025
27
23
959
454
144
5
54
110
81
248
12
108
78
9
241
50
124
114
192
232
221
685
976
2
75
171
9
132
36
14
60
25
125
239
231
228
229
21
350
240
279
40
171
14
133
62
101
63
116
45
77
100
52
62
18
320
19
89
21
17
177
123
130
736
12
114
7
25
121
56
219
1
31
189
122
45
244
18
21
436
77
105
14
255
82
16
6
142
105
16
8
131
3
125
156
107
47
278
112
140
14
38
120
117
215
228
111
234
141
107
105
140
123
249
663
127
237
120
106
118
105
112
701
165
2
122
109
107
230
302
118
380
99
33
105
105
8
26
62
12
3
24
11
155
14
16
161
117
301
139
25
196
346
105
107
4
105
109
301
304
112
347
238
234
547
1602
241
26
163
150
244
105
181
21
13
265
248
161
42
3
28
137
125
420
136
225
4
411
14
1
106
122
99
937
105
227
220
372
105
119
3
8
97
1328
7
971
33
44
255
128
919
646
171
48
13
118
27
1439
16
122
5
12
59
209
247
168
53
120
18
131
368
635
7
20
104
261
18
211
212
10
9
1903
3
26
63
4
101
105
40
231
262
239
105
5
217
54
255
27
257
89
45
7
231
74
16
3
197
105
57
57
2
18
206
4
117
106
3
19
316
170
60
44
17
158
285
143
366
106
90
115
111
89
452
97
164
105
93
502
1
412
42
9524
106
50
127
67
121
112
18
103
105
315
34
163
223
17
272
343
102
137
255
27
21
241
168
1
226
445
98
172
153
102
230
105
110
115
250
231
79
23
262
4
2
15
107
235
60
144
216
107
112
124
68
1
112
443
107
174
247
43
244
261
30
101
105
6
43
94
9
249
138
13
232
229
67
38
35
105
105
233
193
303
107
121
101
105
312
389
190
105
270
94
5
417
106
125
147
100
62
110
247
250
131
79
474
359
1
124
250
129
110
105
196
281
130
24
231
238
