192
188
188
75
1109
190
72
360
93
193
97
1418
562
184
76
72
171
196
76
263
26
7
237
80
85
75
250
85
403
205
902
48
197
83
517
1
252
9
97
1
86
168
75
392
209
96
1
412
76
249
274
244
86
69
86
105
203
484
633
78
254
1273
641
700
307
196
78
229
120
73
82
88
85
3
201
72
170
117
1
511
780
64
383
13
1
135
352
71
526
73
141
279
206
75
495
201
75
75
93
75
240
65
231
10799
75
341
261
253
66
181
435
70
68
746
30
448
76
296
117
89
448
165
76
80
253
438
400
1265
365
94
79
123
75
614
84
250
76
127
115
1197
1
547
236
638
204
76
76
77
190
76
70
200
83
418
293
94
493
4
98
1082
71
330
293
160
623
10
54
187
338
75
75
75
72
145
74
101
68
245
106
237
143
515
531
196
146
125
272
76
268
270
70
74
427
125
