12
103
5
19
572
6
6
265
105
131
106
67
233
105
476
155
501
23
30
105
8
1
149
10
145
36
6
27
1387
212
5
159
101
271
21
127
8
28
217
123
7
216
10
213
13
28
125
39
638
117
123
25
76
43
123
7
121
18
96
1306
245
3
146
6
7
126
102
326
103
107
44
15
250
972
33
414
5
5
157
53
1223
136
7
344
3
247
105
124
245
110
542
90
114
105
110
97
245
225
244
105
262
248
236
113
301
102
106
130
230
692
289
152
283
206
119
107
7
17
15
132
105
228
157
22
101
39
22
107
37
13
1021
9
128
48
2
226
112
19
438
152
121
92
38
82
175
105
246
113
102
4
4
487
101
257
148
642
248
143
103
103
13
103
105
59
36
100
9
102
107
218
327
4
182
248
952
34
121
105
20
9
548
169
586
2
40
9
308
107
27
127
103
105
849
84
15
2
1361
89
31
178
126
125
8
8
105
22
1206
14
19
12
246
48
184
1
1
132
241
24
122
103
202
5
815
5
14
30
282
252
41
9
773
19
278
250
10
327
46
3
242
444
423
5
2
3
514
105
25
8
347
15
164
352
277
616
38
218
155
102
265
105
122
147
392
134
164
27
253
9
88
337
133
11
165
3266
107
65
84
16
169
214
146
130
106
33
5
15
109
213
22
31
143
941
105
2312
375
188
6
101
10
131
110
103
105
425
228
193
107
215
157
373
304
224
107
16
174
192
244
807
92
145
6
107
36
114
627
1
235
223
600
105
5
462
27
4
103
104
9
19
5
56
179
460
27
7
243
585
105
18
45
216
270
9
597
783
6
218
200
254
105
1
255
137
104
613
15
105
110
232
454
103
452
121
105
105
165
152
917
123
105
122
60
294
10
105
112
113
218
406
260
133
107
115
16
105
7
115
59
342
269
5
110
105
130
128
188
347
246
228
127
259
45
9
16
249
