6
3
488
466
57
95
10
91
273
9
92
2
335
2
41
221
91
123
90
123
125
247
30
310
123
16
124
56
30
55
566
96
140
321
91
113
217
108
79
224
129
71
828
238
199
90
181
145
218
55
226
191
55
237
128
55
56
63
178
213
172
215
69
231
571
91
2155
416
327
22
218
55
217
210
382
224
281
85
219
363
186
228
106
205
220
215
196
48
123
217
226
122
90
327
485
182
39
155
135
382
17
1355
51
147
213
55
56
120
85
279
335
179
210
91
187
51
48
73
56
104
342
56
129
1
62
227
1
226
94
55
55
555
92
560
76
354
121
66
124
120
185
305
55
268
79
227
398
51
13
58
15
32
193
2
789
7
175
25
58
53
640
22
109
91
194
213
218
122
216
228
54
91
1
219
325
250
137
51
467
51
91
51
213
430
200
129
357
185
153
30
76
51
216
32
124
176
121
139
154
222
105
187
105
237
98
479
54
53
87
1
1
59
78
122
51
55
65
377
224
186
171
220
231
278
118
56
283
32
87
21
24
50
439
206
331
219
182
215
175
91
91
322
383
95
516
218
164
123
10
41
95
151
180
216
55
1743
193
91
174
172
214
91
205
15
200
245
17
95
155
52
177
128
215
272
185
178
124
144
131
60
303
218
210
208
184
224
304
60
123
188
