705
460
249
17
1
337
241
36
8
1239
373
18
287
6
223
45
1545
1148
26
187
292
63
770
349
217
210
1800
350
288
776
670
287
223
111
1444
126
5
138
268
75
151
231
169
914
19
77
22
262
182
4688
149
835
635
958
1905
349
14
32
153
18
79
155
347
43
4
3
794
173
1
281
1954
206
58
185
93
2
138
223
290
232
135
28
1
191
15
24
290
781
306
7
466
2157
25
12
270
102
120
192
80
130
294
902
534
4
260
651
94
12
408
76
685
5
800
476
344
119
1137
5
4
311
191
21
200
83
679
776
286
311
153
349
370
137
132
156
260
874
301
487
151
312
133
345
408
650
319
125
548
299
843
159
57
365
329
199
258
506
305
344
208
230
428
253
272
134
416
1549
1597
198
469
316
473
253
327
136
83
506
301
72
187
284
275
404
194
657
111
324
1990
61
160
213
1
1831
90
13
171
448
17
369
249
305
62
30
1071
51
419
30
39
52
1096
337
299
254
347
4
7
320
62
187
4
273
722
261
13
320
176
32
252
888
30
34
246
25
543
135
276
357
188
493
300
298
785
1
181
14
406
7
4
666
119
151
170
387
3
829
226
226
550
571
22
329
152
256
6
3
252
2224
465
53
684
200
383
124
106
274
30
124
10
711
29
1488
77
1317
50
114
263
703
67
1487
497
469
10
135
217
724
123
288
108
10
214
306
299
299
125
604
280
10
167
499
495
133
3
314
426
66
207
30
10
967
135
24
11
61
43
29
352
405
27
39
47
1134
134
16
281
110
5
22
1706
207
13
211
964
275
253
7
33
408
370
1033
406
691
317
154
28
150
46
1096
44
115
30
20
99
324
38
418
675
40
221
451
65
267
172
25
65
44
323
370
134
261
7
32
23
238
302
132
180
527
791
276
135
607
286
135
50
404
252
196
269
312
155
484
21
149
82
53
896
424
956
274
318
6608
32
1047
637
719
85
101
1
355
258
232
264
69
16
211
246
6344
9
274
1625
357
88
8
321
94
813
33
357
90
122
330
610
295
88
328
233
208
29
280
499
369
161
256
5
609
1025
1028
267
12
40
21
78
100
1763
178
218
24
735
226
864
41
295
516
98
279
59
665
53
282
647
283
321
284
6
279
104
435
380
269
97
79
647
19
216
607
36
30
34
245
129
1124
129
186
267
334
155
80
2
147
1
374
162
283
91
139
251
122
318
601
259
285
13
109
24
75
273
132
41
327
326
248
43
208
372
381
1110
300
630
156
26
292
41
375
43
823
33
99
289
531
601
147
151
152
12
313
364
1647
4
277
276
267
677
1
387
907
113
47
808
251
906
21
414
146
236
671
743
408
158
163
203
171
1
1961
215
570
245
300
42
259
35
239
279
263
270
29
351
49
151
31
253
307
16
448
104
136
127
147
310
25
56
