77
377
213
89
9
393
50
160
86
342
25
325
221
1
18
15
4
137
22
58
47
2
32
9
13
359
360
190
275
400
28
47
358
246
103
26
25
38
49
15
13
7
185
631
1
130
1
2
112
108
76
54
580
21
116
21
39
2
14
91
693
255
1091
25
86
22
6
340
44
34
13
40
1430
28
149
46
5
24
126
186
92
723
8
174
10
5
448
121
41
134
29
25
13
94
436
8
462
928
55
10
361
191
194
14
77
934
11
40
158
4890
3
276
196
52
37
1247
416
75
105
62
68
55
72
59
143
2
207
55
9
264
8
7
53
22
8
11
1
18
95
1
35
148
13
453
137
2
90
22
22
158
7
161
401
14
85
20
653
138
1178
76
257
17
314
22
15
210
181
670
19
1
8
149
5
26
9
734
6
227
6
123
1077
4
77
37
91
92
19
74
2114
167
131
14
74
93
79
66
102
181
384
56
7
48
59
2
132
52
157
609
40
47
1
112
604
210
578
516
687
84
398
27
2
86
14
119
66
417
24
163
4
9
76
583
18
15
56
27
10
108
128
14
1271
81
18
295
37
40
79
11
93
86
37
53
55
76
1
14
171
8
372
18
24
45
55
26
34
12
3
227
12
53
59
235
197
138
33
18
26
24
4
80
277
590
14
8
1054
60
143
16
37
45
42
442
68
123
31
42
20
624
804
280
92
40
1402
14
406
4
19
104
12
61
32
5
60
29
4
1
268
405
10
408
93
1548
1
527
87
39
2
72
10
103
1096
1065
86
11
11
3
388
1841
40
36
72
6
34
4
163
104
36
754
706
73
637
337
434
260
93
428
20
32
363
414
43
19
115
22
3
49
23
1
523
106
25
116
569
5
88
228
66
89
23
19
197
426
72
539
22
146
61
31
1
522
170
238
16
38
67
21
722
368
133
46
4
7
42
47
13
1138
44
179
8
431
230
946
149
158
4
42
410
10
43
30
18
116
96
62
8
158
75
49
509
235
251
220
332
80
46
766
98
149
184
18
1
7
1
55
1
27
31
90
265
1
309
1627
3
421
1296
337
157
267
40
80
111
38
486
308
97
211
682
136
274
228
88
272
106
98
13
62
37
433
397
4
2387
61
16
226
15
2
10
162
152
401
83
191
165
76
19
148
551
48
772
28
20
405
5
21
121
197
250
632
50
27
41
65
39
162
37
1504
51
29
212
193
287
133
81
17
33
1148
24
7
15
1
49
4
459
57
240
206
1
31
238
242
145
122
65
376
15
74
1
10
356
15
48
463
85
52
179
109
42
127
2
97
124
1
686
4
129
36
8
78
2240
1923
68
27
169
56
3
120
136
1326
636
615
72
20
53
48
353
672
100
1
345
420
488
309
880
20
823
33
60
6
27
40
6
933
9
117
36
114
67
58
99
10
162
535
1
175
89
74
35
3
50
13
8
1
17
1
642
101
164
1958
93
42
1501
4
77
25
199
9
56
327
55
206
208
393
120
133
1039
43
80
46
142
85
28
3
7473
1969
50
64
85
185
535
1477
1017
4168
283
162
62
403
43
1501
83
1366
66
130
15
107
19
330
14
128
79
374
431
486
22
156
9
388
1447
17
171
166
213
189
125
666
28
40
1
432
264
80
1
20
142
80
15
24
2650
41
39
259
8
48
73
36
2
66
18
141
58
565
48
12
97
101
1065
4
27
39
15
52
86
54
197
1
5
7
34
189
1
4
21
1
24
7
435
130
1345
2
63
2
18
108
1
128
19
79
4080
42
143
3
14
504
310
4
1
29
74
14
10
541
60
123
24
68
21
8
108
2
84
357
59
33
932
6
3
364
24
179
109
420
141
99
1
1165
37
24
48
31
8
10
55
29
33
6
22
9
149
59
815
28
35
53
82
28
38
26
53
127
104
1
23
1
5
34
16
219
52
78
196
43
103
115
80
560
107
4
78
5
15
38
5
524
1
6
26
113
33
13
10
4
81
18
170
99
61
23
44
388
27
96
2337
10
43
10
43
58
30
341
31
4
10
875
37
30
402
1320
130
20
137
400
245
23
35
136
83
14
129
105
40
145
1
735
85
167
309
783
9
149
171
102
1687
56
26
398
402
144
3
2
59
9
50
789
6
6
159
36
120
173
82
49
619
10
25
158
83
67
92
55
13
39
108
35
55
168
219
471
38
845
268
91
1211
1541
11
94
157
57
176
12
65
91
13
99
39
123
74
6
42
205
426
97
101
83
49
879
18
60
207
64
107
99
11
13
10
117
676
1
68
24
312
488
17
581
39
154
17
167
23
100
1
10
267
23
2
5
6
50
22
98
8
63
80
33
68
114
44
260
151
34
11
431
140
18
160
607
624
38
18
6
5
68
57
67
19
26
59
3
10
6
91
44
109
486
239
7
77
24
29
417
133
279
140
19
151
8
159
155
118
114
5
65
8
250
38
288
80
476
32
867
3
916
48
69
110
102
54
75
167
1592
17
15
247
148
37
16
216
595
10
282
9
78
125
37
314
13
259
49
74
87
8
45
160
9
327
64
82
17
139
185
4
76
70
1
54
50
80
153
174
50
372
104
38
89
411
22
142
31
104
35
35
108
18
89
441
106
15
104
105
94
1565
12
30
51
7
17
13
703
96
43
33
13
325
59
178
44
1070
5
5
8
251
5
79
69
996
234
22
6
340
4
94
54
567
3
95
1
30
155
22
27
824
148
59
2
118
21
1371
22
8
1
21
57
24
15
33
84
32
193
78
12
13
18
238
180
65
21
69
97
238
52
9
1
3
12
15
463
335
50
89
5
6
19
1
8
27
119
20
63
15
179
3
4
20
3528
302
4
3
36
5
34
113
6
176
358
91
18
23
12
246
28
15
89
909
9
84
67
178
56
28
55
52
53
13
50
303
185
355
7
6
167
11
10
36
16
513
92
4
1
18
96
40
91
90
132
12
76
36
57
103
66
9
25
160
49
257
6
30
28
246
143
1334
35
177
258
12
144
83
589
454
14
150
181
32
2136
28
1284
25
4
36
45
2
60
41
15
13
205
106
2774
200
71
9
11
68
74
12
190
86
4
2091
684
96
1236
1
1462
372
25
359
116
9
37
224
118
41
635
10
17
262
133
34
94
180
444
349
2
179
41
26
51
391
258
15
47
888
26
58
27
1
23
90
602
496
18
21
1
2
44
120
45
238
43
79
70
13
499
445
452
50
23
56
97
74
63
107
35
144
197
13
63
79
1112
39
1
138
224
78
74
37
152
33
81
142
316
164
20
62
31
47
23
357
20
74
69
111
30
194
133
10
35
57
143
59
41
88
12
132
154
365
58
5
3
346
108
433
935
132
116
111
1
455
45
71
115
164
15
141
147
87
42
162
61
100
12
42
165
402
101
69
111
83
80
2609
314
2544
170
947
194
121
158
353
430
211
1
409
34
68
1
185
1
29
37
53
76
34
2
22
138
49
162
16
483
83
59
56
28
84
727
313
170
24
125
1
7
44
20
2260
80
296
8
384
61
240
92
480
10
155
141
62
17
16
1061
226
63
96
20
81
335
12
184
40
89
129
81
1403
64
92
238
30
207
69
25
442
388
1
199
121
196
104
9
61
18
441
8
35
59
84
14
30
27
6
3059
9
28
57
94
155
10
20
92
4
19
135
702
62
33
20
39
145
25
18636
18
138
57
6
197
170
48
23
96
117
34
97
13
112
143
336
77
157
159
98
51
143
366
1
12
234
60
467
8
63
7
6
721
79
63
42
44
5
118
480
5
2133
5551
19
56
30
94
2
6
47
353
57
12
95
709
12
34
12
53
384
42
4
6
494
134
48
87
19
30
311
35
105
4
9
5
8
7
7
31
3
83
38
609
108
43
25
2132
1651
464
541
18
20
702
4916
14
3
48
496
766
87
105
53
12
24
40
137
163
84
293
12
47
21
142
818
1
231
8
113
481
62
187
6
76
141
2
39
9
34
901
155
6
5
34
178
1
37
81
30
42
1
63
25
15
5
1
7
61
42
53
2
441
69
78
293
1490
552
86
90
310
141
275
15
32
168
6
31
83
19
1
93
96
105
59
515
17
1215
170
254
5
264
89
5
91
7
53
93
682
184
26
35
7
294
12
136
1566
36
4
10
2
2
80
2
16
19
256
33
25
27
43
60
41
46
17
12
3
125
14
2791
171
50
70
44
13
30
57
86
5
1
154
19
92
3
294
582
1222
36
179
179
9
383
44
65
17
1
31
17
1746
237
144
30
319
7
39
12
15
5
30
9
47
150
348
900
307
296
22
103
45
358
1
471
3593
11
8
19
32
18
33
5
1440
163
9
93
169
1353
43
292
538
22
196
47
4
115
94
63
37
1127
18
2723
26
4
28
1
2
16
2
39
69
30
7
39
8
3
5
66
12
381
406
150
328
41
10
46
221
345
273
5
507
1
42
1
1062
17
361
159
166
1
47
532
40
51
577
1545
299
150
133
427
1442
185
16
30
151
58
116
66
100
74
527
154
2264
6
56
7
146
15
10
76
43
9
1422
5
541
7
138
1
70
11
755
37
408
35
69
2
9
1381
454
5
134
51
706
24
70
11
35
31
11
138
9
10
1993
137
7
504
1348
239
86
134
250
365
6
470
32
121
36
20
106
147
173
96
431
213
102
2
29
108
3
2
31
50
120
8
184
284
412
423
10
7
101
17
104
36
30
289
7
91
519
63
5
77
89
21
183
234
334
49
380
117
325
50
96
13
13
199
7
37
45
154
158
156
44
94
21
1551
181
136
42
240
706
1
104
58
191
27
3
104
2
225
143
23
52
31
916
117
231
133
96
393
17
87
60
130
109
273
18
5375
792
99
314
17
356
36
5
337
418
4
9
39
158
462
239
45
81
2
42
9
26
57
30
79
6
9
31
21
46
14
142
97
77
303
28
44
104
657
1
119
29
31
233
1
1
10
145
15
1092
132
343
4
27
45
5
4
899
155
42
100
9
12
572
69
347
340
77
57
20
29
197
21
463
8
10
33
20
80
127
37
264
4
553
53
470
75
43
368
1
151
103
38
281
1425
120
81
75
85
1628
735
36
16
177
159
19
137
257
33
38
44
432
89
761
1899
10
491
5
292
598
105
144
209
918
70
259
84
525
42
134
55
7
23
13
113
276
425
158
172
22
60
227
44
55
31
55
117
95
504
73
66
1
1
12
95
392
64
44
5341
38
117
241
59
18
7
748
180
27
23
20
245
12
153
28
27
640
32
2492
1800
11
741
7057
108
1
19
33
33
89
135
94
130
32
130
139
58
65
196
50
791
59
242
407
135
9
273
80
6
36
518
40
52
26
77
21
66
46
98
62
41
2
24
18
15
21
453
785
55
347
266
433
135
50
50
168
2096
326
43
61
61
49
555
95
93
173
81
195
15
557
114
72
1
30
35
312
162
13
580
9
48
35
344
9
500
107
89
144
1947
428
431
23
10
433
75
40
111
1469
995
38
368
254
227
37
58
249
385
1
62
111
339
47
4
2249
4
6
44
63
123
5
12
387
523
279
30
165
122
124
326
205
139
52
866
189
124
386
25
46
49
2
17
7
5
24
205
1536
72
389
79
10
54
79
84
115
99
17
416
7
8
318
829
21
78
541
162
7
321
137
282
33
186
2524
7
161
87
342
800
6
384
74
53
434
135
181
119
541
714
23
351
242
45
966
1
2
90
48
118
16
430
118
56
65
7
20
68
17
91
80
807
16
603
77
866
3
102
546
26
11
1
28
114
66
362
246
11
1041
910
35
713
1
8
42
227
91
7
3890
58
1921
24
92
250
1968
36
139
319
116
44
11
116
478
10
63
280
137
6
1
53
1012
989
27
42
100
41
95
7
11
288
123
348
166
147
383
30
9
676
592
325
21
24
53
53
1
63
288
120
30
67
611
94
115
116
2155
226
48
183
18
399
55
400
47
7
1
195
108
81
61
773
62
286
15
155
239
49
12
69
4
120
56
2
19
2
20
493
42
19
71
33
63
55
106
143
2074
10
131
11
1
1
172
39
337
1
780
202
4
277
91
247
857
69
56
131
210
5
17
83
93
97
343
129
98
3
287
49
75
214
8
147
42
90
5
158
24
6
155
222
1
27
104
2
9
61
31
71
1131
113
41
22
184
5
16
45
38
104
933
47
270
1327
85
124
27
236
50
172
69
74
34
114
70
1
92
245
67
770
1732
142
94
80
1
27
28
14
663
45
306
158
6
179
15
1657
373
103
948
548
69
51
15
364
370
146
959
11
80
51
57
26
174
343
112
21
446
340
127
806
15
175
15
95
84
121
105
14
188
61
121
201
180
18
12
1
124
146
360
115
13
124
31
36
96
314
2
45
131
18
35
17
357
12
5
17
8
214
13
232
32
49
12
59
184
52
30
15
14
55
26
46
22
35
13
80
2
67
46
25
10
11
201
111
22
27
112
204
933
647
42
43
11
26
210
227
44
44
26
9
39
64
3
8
10
11
293
59
438
4
1
89
1079
47
1
20
101
13
1498
75
156
130
54
242
455
20
523
2290
25
58
36
38
8
24
46
9
53
156
107
66
57
84
52
60
207
16
4
27
151
18
4
834
85
81
96
116
6
65
30
25
14
1089
197
10
231
11
452
830
44
225
115
2
247
31
21
6
119
83
4
470
39
27
204
78
143
324
3
19
289
79
1
10
286
54
146
30
38
10
40
240
19
16
684
56
3
54
225
47
40
287
114
172
10
25
189
5
674
82
1
17
1
63
399
26
449
19
1136
184
29
27
9
127
1
531
177
10
16
100
105
280
26
83
5269
71
18
186
24
3213
7
53
501
44
323
446
1
11
205
54
23
414
114
69
24
517
293
41
928
21
20
44
3
107
9
17
2
7
52
14
4
31
45
96
34
51
46
28
19
79
7
19
70
128
4
194
1
440
16
3
37
5
59
211
17
23
19
3
208
49
436
212
3
7
75
48
152
7
180
168
54
66
38
16
132
46
77
32
13
30
280
51
132
207
725
466
35
134
94
1057
1061
205
40
7
49
10006
278
289
225
76
171
45
34
8
67
47
171
25
1593
2
125
56
5
293
193
26
129
170
226
75
68
84
71
492
227
116
414
280
92
293
3
43
289
7
8
25
43
73
412
53
60
43
4
69
18
66
2
210
27
221
6
209
91
67
42
254
218
49
10
128
62
4
124
332
776
403
43
135
46
305
162
32
134
148
15
95
107
91
881
69
7
6
7
1
38
8
84
85
10
58
94
60
6
15
30
33
76
28
68
11
63
244
346
18
6
5
1
315
19
74
124
307
9
2
123
25
233
74
67
11
47
204
344
4
13
42
89
162
540
145
203
27
178
35
637
27
13
4
448
79
66
49
225
159
24
1086
140
5
19
224
3
10
26
31
5
39
4
2
43
2
7
260
24
14
11
26
75
39
80
3
1
1
69
89
43
81
2
13
130
141
9
31
9
59
42
8
109
44
1188
239
53
3757
3389
5
5
35
6
1
51
47
1
2106
51
7
18
1
90
23
770
272
4
6
