136
134
151
81
39
577
41
4
1
140
152
26
78
268
6
266
1302
145
310
32
171
175
143
153
692
17
49
302
150
36
769
18
1115
1058
16
239
137
176
45
188
269
36
44
187
137
16
13
142
62
117
249
6
173
21
147
260
135
124
149
123
132
183
150
135
23
13
135
9
11
32
1
286
167
133
284
141
276
134
128
12
28
130
591
88
16
25
360
212
10
179
1229
285
8
161
200
145
151
225
901
181
533
130
217
137
137
986
135
287
139
545
137
185
933
329
298
135
90
143
135
137
162
313
397
236
106
128
121
26
160
1
135
498
53
79
188
69
7
46
279
33
365
197
9
1285
127
15
15
63
12
3
2
155
133
35
139
392
179
270
42
135
229
134
26
445
292
280
183
204
9
660
3
29
351
183
341
15
18
13
100
54
169
15
148
266
120
16
79
157
187
364
153
516
43
1616
270
465
122
54
27
135
27
14
7
31
153
139
541
994
287
293
402
132
139
151
538
151
25
285
19
22
216
141
140
143
124
15
185
8
2225
84
44
135
7
775
1
22
20
134
129
17
346
257
12
43
12
124
134
17
14
149
107
271
21
23
306
61
268
235
265
236
240
12
11
153
1
17
12
260
152
23
22
21
135
229
22
171
32
310
122
124
14
28
579
170
125
163
143
537
217
138
160
335
3
158
6
128
23
262
147
508
142
9
60
287
234
452
141
16
842
165
1
166
1099
258
455
132
366
595
424
328
140
145
123
142
134
10
202
225
290
137
166
117
304
254
45
58
511
134
13
153
6
135
5
246
521
242
7
128
137
155
1
264
10
47
167
135
228
143
137
135
135
146
201
135
156
143
204
15
144
360
329
128
154
190
107
560
282
239
282
303
131
140
474
19
