7
3
16
1
1
138
17
3
3
401
1
2
1
21
1
1
12
3
7
9
147
8
14
26
5
6
13
1
2
24
1
1
1
49
14
1
84
5
1
3
13
11
11
475
25
5
27
9
1
22
2
1
3
2
2
66
49
1
4
95
606
4
298
7
9
51
4
2
3
6
1
2
5
3
26
1
36
2728
2
3
1
7
8
1
19
14
335
13
8
2
16
32
12
28
7
2
3
8
2
287
14
2
3
1
5
2
7
9
8
3
68
2
135
1
4
1
9
4
1
6
1
21
1
5
1
5
12
2
82
1
499
12
1
40
7
6
6
10
12
57
3
4
2
1
1
178
6
5
2
20
2
1
6
12
1
3
1
108
10
35
2283
9
2
3
98
1
2
4
2
103
9
2
4
1
4
5
9
39
1
9
3
60
1
1
1
2
1
18
5
17
3
3
23
3
2
4
2
40
1
8
33
290
16
4
9
4
1
74
32
1
4
8
12
270
1
12
5
1
1
5
2
11
5
18
1
22
6
15
2131
27
5
1
51
646
6
1
136
1
2
1
6
22
1
3
1
2
20
3
74
93
513
3
324
7
44
4
18
65
25
36
6
3
1
10
4
10
183
73
23
79
202
1
37
5
134
1
1
2
5
1
9
6
1
101
5
7
21
34
1
1
2
4
3
44
2
25
198
2
505
2
11
2
1
1
8
3
82
9
5
104
32
2
1
5
34
2
122
9
36
4
16
1
4
2
327
1
6
1
