5
38
129
47
242
16
222
47
16
581
7
255
304
31
48
10
92
20
78
390
35614
363
55
51
27
58
36
31
115
122
84
574
12
40
18
1
114
77
940
76
25
161
275
6
80
3
111
117
381
327
13
44
203
62
21
267
113
252
54
197
283
1311
405
804
114
162
93
341
42
820
169
303
170
316
317
2066
1142
55
5
16
281
9
336
60
21
3
112
339
143
33
44
9
10
735
37
740
13
168
504
45
12
1880
2174
2468
246
16
262
369
1530
12
10
9
2
60
1
4855
48
78
26
7
10
5881
21
24
107
359
317
21
270
64
169
43
79
140
222
42
214
122
31
26
10
23
15
3
157
891
7
9
34
7
405
