85
33
7
348
3
8
46
2
5
61
30
48
5
69
3
58
11
2
72
33
5
51
851
26
145
3
53
41
1
397
236
59
113
5
176
2
45699
112
64
3
29
58
338
123
112
30
73
23
121
214
776
31
78
9
33
320
4167
66
1
57
25
154
3
20
1
42
47
2
51
37
82
63
28
63
9
24
30
6
3
2
43
6
74
2
35
174
25
39
30
36
22
84
13
29
76
162
23
46
48
11
69
4
200
53
71
201
8
37
95
253
36
11
16
41
1
139
101
28
33
5
91
54
3855
24
63
73
493
3
17
17
10
7
1
3
21
2
63
67
28
41
509
4
17
4
20
10
1
2
48
41
1
11
60
4
1
30
57
9
180
42
15
58
6
50
25
254
46
389
85
3
47
26
20
62
52
44
150
14
52
54
11
654
206
101
26
5
11
35
27
30
70
1
4
27
222
41
4
279
38
15
8
175
7
35
1
4
2
67
17
9
22
4
8
277
74
174
25
39
24
12
13
91
19
143
12
19
7
34
201
2
1
281
30
12
7
6
48
1
52
12
6
6
26
9
52
48
10
15
53
419
30
16
151
1
22
16
83
199
80
28
537
4
9
42
20
40
125
22
14
32
111
47
115
30
55
7
24
1
14
1
118
83
15
135
107
375
10
15
93
7
18
58
370
85
28
66
50
37
29
126
36
42
61
4
29
46
270
34
17
17
105
166
93
25
154
50
110
78
80
105
100
127
55
39
3
111
367
227
209
93
54
30
29
58
264
3
1
48
59
60
135
108
385
131
12
39
38
618
355
380
79
50
133
13
122
40
62
36
190
90
123
6
158
7
1
29
449
40
155
8
9
281
19
104
59
14
23
9
819
42
161
2
143
1
235
14
10
29
104
1
25
71
386
76
41
30
3
4
157
335
10
56
92
16
69
1
107
426
2
7
2
3
69
