31
133
7
2
194
186
7
1
266
134
196
57
310
128
1
373
281
431
140
102
224
1
523
132
128
8
406
1746
90
452
123
13
41
142
165
29
153
162
145
252
192
135
226
146
589
32
352
190
3701
22
135
133
280
866
137
135
137
207
245
134
275
484
355
138
239
1062
190
155
47
558
31
165
203
204
43
158
447
141
640
1601
572
80
140
144
57
339
147
156
145
98
139
123
177
112
233
21
33
30
147
286
458
1
166
1229
405
163
135
151
125
12
140
326
173
135
401
148
29
170
882
57
278
7
172
1
167
144
142
344
273
149
51
137
148
3799
893
57
328
209
155
177
131
137
396
137
8
120
278
275
137
23
135
10
110
40
146
154
137
205
10
1322
132
235
139
146
163
705
4703
163
311
135
168
262
686
19
214
162
653
139
187
5
561
129
424
789
173
263
161
5
119
134
239
140
132
84
162
344
150
135
141
1936
140
433
360
190
193
587
135
123
354
122
42
470
410
313
25
394
16
487
284
177
322
180
137
130
148
221
1297
