71
225
71
13
75
1
5
208
306
181
75
72
76
211
1
129
180
217
226
308
118
126
126
76
100
430
11
1
60
20
98
389
271
201
135
75
12
75
197
95
337
449
75
192
330
186
293
275
75
21
95
76
73
93
1236
326
1
27
277
325
76
339
24
169
707
268
245
76
353
76
76
204
292
71
277
86
211
92
333
83
493
95
297
374
280
75
503
450
384
2
8
221
390
389
75
95
662
239
75
719
104
189
9
217
86
488
75
76
488
389
1223
84
75
203
15
218
183
318
101
73
259
95
28
94
37
216
508
76
257
126
90
275
538
85
23
24
15
130
81
75
75
365
76
403
64
71
244
315
101
300
75
34
216
175
75
75
330
84
420
75
78
406
29
188
4
272
169
80
303
157
49
261
315
345
205
522
87
63
76
38
223
375
181
76
274
75
75
75
75
98
213
79
318
336
355
157
195
10
161
1956
80
122
80
5
213
71
190
231
77
71
238
169
815
2466
101
76
312
76
220
77
227
69
353
231
296
649
99
80
96
71
421
402
75
15
57
157
103
51
81
25
21
127
14
226
86
261
280
205
197
359
3
75
183
75
75
76
75
362
227
90
62
91
166
90
203
185
18
202
142
549
75
105
225
7
65
185
75
215
76
1250
101
234
227
170
