109
206
1329
1247
398
629
228
1435
6646
275
865
494
1431
125
8677
295
449
996
1420
255
317
283
135
104
30
370
201
517
1
148
3809
463
10041
2213
956
218
452
447
69
4544
1064
472
816
1429
26
20
71
2330
216
113
37
135
1553
44
247
49
2121
198
41
958
49
1611
1021
527
1175
550
201
1244
2246
1785
2659
585
1024
503
8
882
805
6670
13
369
720
1671
325
56
56
32
700
137
687
412
1
1227
3925
838
366
600
684
1944
2197
51
66
100
211
126
1829
110
105
835
593
350
2237
202
2878
474
493
210
201
714
248
1883
69
5001
402
2939
540
87
1288
559
445
971
150
1457
109
1
124
19659
4955
23
148
852
254
61
699
10
334
17
91
646
7
1056
697
14
113
380
31
143
141
157
1588
79
2616
89
78
2045
285
461
324
1303
249
13
60
156
360
499
343
1660
1270
343
1034
72
267
476
802
162
61
483
361
225
17
2001
1510
2818
233
285
563
2407
376
1527
306
2301
58
1563
164
312
89
166
218
599
650
1785
844
53
1167
95
3917
948
4437
3790
452
76
980
6154
1725
638
2738
1242
95
462
97
1229
1861
89
115
325
3801
678
1176
446
86
137
1148
40
846
155
4600
862
276
112
86
2614
57
341
7
1301
22
110
996
9
2257
1296
1452
1099
140
111
14
2490
1
549
325
214
1964
228
90
119
648
140
5064
16
12
162
25
241
75
77
50
324
158
102
4
190
300
1327
390
4555
879
