17
570
561
653
146
55
533
675
430
421
1292
703
802
722
615
521
2443
382
143
488
489
1143
479
502
90
735
1364
2730
127
1
215
234
8
5
6
81
738
1097
629
593
700
31
1
560
227
490
604
6
552
552
873
237
1981
611
575
798
519
547
155
740
120
1
95
406
566
96
547
138
504
591
399
698
981
505
660
603
93
1617
624
398
678
681
614
1088
506
278
677
256
817
1819
864
5646
257
371
562
1299
90
644
497
199
462
100
133
529
562
55
89
77
889
573
26
164
590
104
764
608
10
308
441
408
786
781
406
3
495
1218
4
799
779
605
146
700
552
509
675
351
187
613
712
516
597
1
575
2
510
631
1
630
1046
537
588
347
833
15
820
940
778
352
596
561
672
134
1438
5
575
755
544
4142
6
96
108
507
1
200
92
2290
590
686
568
522
528
996
908
516
1108
103
2551
834
604
552
2969
105
743
427
575
514
1369
437
769
5
588
245
663
659
60
586
2744
96
49
551
3278
1451
642
912
515
497
532
106
620
112
7
604
304
512
811
480
1866
984
535
191
2087
193
2
139
495
507
669
611
506
644
229
521
837
2665
1030
218
674
879
599
645
333
515
541
565
727
148
85
556
28
518
1643
539
750
481
1
1084
105
9888
659
585
529
827
871
807
401
2067
612
1
705
3012
1052
1077
369
491
561
525
514
768
733
873
496
36
646
484
584
584
1177
689
403
2
755
628
1051
36
846
829
691
4
37
939
600
493
535
631
1372
1118
641
515
690
714
632
347
686
600
456
772
538
840
818
844
416
234
4880
7713
21
580
618
4348
593
535
1
1657
589
1160
735
1223
462
526
1243
1036
653
556
3548
503
579
320
524
576
532
1
567
1322
930
1466
135
662
522
751
589
584
793
1171
632
3
307
367
908
337
622
591
782
916
423
134
196
539
267
535
590
676
718
549
586
468
3
1957
1874
574
1605
429
316
740
558
538
635
212
1402
744
543
527
721
555
1453
245
320
1
729
193
585
33
763
2109
705
746
601
529
801
647
167
135
663
691
69
491
3362
176
2197
535
654
2076
2290
21
12
3225
558
818
449
765
12
1
585
630
361
459
491
1
706
816
5123
14
537
2761
138
623
749
98
534
3515
441
203
2478
949
691
514
3445
561
65
980
541
557
531
716
592
525
624
1640
672
514
643
763
502
479
567
1274
579
96
411
204
417
1127
565
316
218
318
623
1
521
5
574
104
649
1805
567
369
768
649
5
599
548
196
501
761
1153
693
364
104
1011
953
850
24
482
2091
568
562
588
2305
754
556
535
686
837
523
649
642
252
545
584
618
514
1389
490
623
11935
489
500
573
530
758
474
535
905
2606
958
638
506
687
821
503
1586
3509
1335
942
295
1740
627
561
1161
560
396
558
2335
192
514
733
1346
623
554
708
531
1153
564
862
620
82
463
104
1203
761
1090
90
1277
529
867
556
593
552
609
112
1045
642
915
856
502
1220
691
595
293
232
91
27
361
659
746
1060
295
1723
504
508
1119
527
560
638
789
1182
673
482
718
182
366
524
482
582
1383
551
785
910
482
523
333
640
883
738
646
829
521
1
1372
2836
116
700
576
648
1038
36
1592
2
204
468
705
342
731
486
209
540
514
820
875
56
2993
735
239
767
588
563
612
597
888
803
605
1
733
658
906
120
782
486
503
204
578
1204
638
657
526
798
572
657
548
800
1002
52
638
526
585
554
754
464
609
494
602
336
796
517
207
476
593
780
510
2008
1219
218
586
404
1
361
254
547
107
1180
626
543
581
1668
548
338
494
202
502
545
707
292
568
804
1009
69
496
497
504
558
649
309
218
264
550
685
876
265
201
1
482
693
618
1
569
733
110
506
700
519
1467
598
135
503
515
266
4
1
384
117
747
686
749
76
572
1825
620
996
2273
145
76
115
261
712
169
346
501
1131
227
481
112
562
937
682
433
533
1044
544
69
24
103
258
522
430
2
573
241
519
635
521
589
1
556
999
569
524
752
36
561
535
175
731
711
677
650
555
453
721
447
573
1143
530
12278
535
1164
708
673
1627
585
569
608
509
562
242
778
611
572
622
136
1057
470
1442
482
772
1694
619
1308
1233
919
605
518
702
740
1780
469
537
729
963
753
641
3662
535
505
549
369
202
1749
117
511
573
544
569
508
1
1704
2
556
558
396
15
435
589
762
815
644
12
537
549
570
1160
381
587
87
799
1200
530
588
895
10739
626
1257
1175
597
418
629
628
577
676
495
538
305
817
640
1
178
574
541
799
1868
527
334
490
330
6
1418
1
556
1151
63
639
611
527
668
527
85
548
728
12363
619
185
1007
663
16
1330
1
809
1816
1442
423
687
51
3204
168
609
512
614
566
91
1047
1813
1064
819
2028
1
711
503
1
157
730
579
239
485
503
741
352
91
484
7
842
116
1244
1077
581
1023
601
523
175
624
549
234
240
372
592
597
645
848
611
719
933
416
590
781
1315
761
99
636
611
1294
492
493
117
1073
1131
504
664
509
1353
5475
574
586
511
735
522
982
544
563
545
108
507
213
745
520
814
7
6
43
103
4225
545
49
508
543
597
561
306
961
500
602
657
200
642
597
514
512
566
512
1247
720
492
66
575
33
749
269
699
602
471
81
542
93
3320
168
563
691
510
2051
5
90
429
1
509
1
615
515
509
929
635
661
531
8
991
527
554
34
582
529
542
668
82
510
1190
1747
917
2291
1616
509
526
773
614
251
483
197
1846
34
16
540
608
1716
648
539
697
700
1025
656
233
542
2135
579
94
123
565
1215
576
484
29
649
1458
5123
722
603
677
660
622
619
2
556
539
715
615
494
739
666
622
479
449
364
12
645
13
589
151
645
241
637
196
310
701
585
548
657
593
635
695
52
1276
1350
184
599
786
560
591
5
1118
234
532
627
558
508
4
609
612
2295
482
712
223
508
524
816
21
733
1
831
552
640
495
761
621
123
543
823
318
794
295
606
327
216
313
841
628
610
7551
585
486
11
339
565
93
775
709
1999
497
598
1
550
692
196
661
569
484
88
363
514
332
1619
641
38
931
519
579
218
599
516
111
809
10246
1571
205
520
500
582
670
1301
142
838
1404
4995
1131
218
575
630
906
200
27
544
440
502
1
15
1078
672
574
554
578
634
1
545
103
138
301
880
2258
14
848
385
357
888
602
929
789
2946
669
508
542
115
610
974
3487
1
578
1
623
531
73
2259
530
514
485
182
1270
526
605
287
669
228
193
105
904
2
508
551
144
569
121
4735
1130
106
856
437
746
273
499
583
312
222
582
681
605
1
89
1400
248
190
530
26
717
530
1147
616
727
809
499
782
1185
338
36
725
534
640
572
90
494
569
5
175
720
556
527
582
10
856
753
576
513
1
916
487
1266
560
1868
677
1130
563
1
311
2917
1675
291
839
512
628
548
638
391
93
236
810
669
1201
574
628
15
569
501
108
428
531
226
2319
621
551
267
537
36
820
2
505
1798
592
3
852
704
14
382
557
587
2383
466
7298
764
1364
756
616
491
2350
532
510
542
323
208
585
535
709
1618
527
498
461
558
1114
2024
1035
956
557
555
1068
336
731
372
567
731
513
756
29
721
698
160
399
666
540
519
321
587
596
3
3
381
521
242
783
324
921
540
754
1168
501
512
47
557
516
2
272
737
509
601
565
576
1085
645
35
17490
1235
569
461
581
39
1
1
147
471
631
481
757
1315
60
543
612
519
524
571
158
1806
1189
570
534
599
585
56
522
100
223
493
104
533
141
536
545
203
711
10
211
535
76
536
1448
216
677
276
167
783
594
530
777
388
2584
485
602
3
88
108
1991
686
147
655
512
620
97
40
560
1432
461
570
290
646
294
722
249
484
489
237
537
1590
504
282
637
1
108
173
40
486
424
79
2504
1085
508
588
476
489
2100
318
123
632
602
648
64
1
389
489
244
644
759
504
660
188
563
552
532
654
2
821
1057
613
94
96
629
1
601
789
1235
716
104
762
1247
970
180
516
732
746
253
2
531
478
657
514
1972
25
644
653
466
1071
1809
419
149
210
327
887
695
509
653
717
483
1059
149
413
548
356
587
242
1650
974
406
613
167
521
598
653
802
522
1344
582
551
688
671
738
196
321
560
617
725
516
514
25
589
523
715
670
592
294
593
553
588
559
552
611
449
35
4
964
580
618
946
557
528
677
98
1649
509
602
595
2356
932
589
505
4901
556
652
194
624
545
117
500
1127
629
2
1783
345
110
299
2179
596
2183
509
986
327
511
141
111
1070
561
662
1544
271
594
611
113
603
644
1137
550
1253
429
528
631
612
633
195
1596
490
510
348
514
1399
1346
477
544
1063
835
491
18
645
625
139
624
174
1
659
41
438
508
63
1
332
9
1660
511
550
832
502
575
663
618
1879
629
510
559
620
72
674
571
1140
691
663
203
795
1446
1511
1
697
414
645
1242
1405
4
434
228
550
653
17
743
1797
913
1252
96
577
585
592
587
781
14
613
523
1146
63
585
821
598
523
772
13365
486
438
535
727
520
510
898
696
508
999
553
129
900
703
509
359
366
358
706
272
642
944
557
559
1153
1
155
917
28
258
1766
556
515
614
156
1074
837
505
202
483
806
593
166
1591
102
489
678
646
1
538
490
48
732
359
533
530
532
96
498
457
547
3321
17
502
953
596
528
798
1415
551
266
529
1410
505
484
626
103
517
863
87
605
1618
258
954
593
222
704
517
836
2626
609
2
644
417
326
125
523
4908
1
513
527
595
541
729
594
6
626
900
1770
558
1109
174
646
618
739
536
723
23
635
538
27
1351
13
110
613
799
651
2
480
1149
611
530
697
498
29
487
576
352
549
741
622
524
664
554
545
520
1056
118
744
5
103
495
547
279
673
65
716
100
742
1069
296
617
529
680
510
498
21
983
589
177
512
228
101
98
714
319
885
238
5
945
1376
439
400
601
38
504
766
2140
155
493
99
152
557
525
151
573
753
191
523
543
366
380
647
445
51
667
1361
350
1
530
560
771
556
1948
545
2236
384
2
34
1042
721
355
396
113
563
722
372
553
299
66
611
639
568
739
14
1098
824
539
48
572
722
954
488
769
558
370
603
787
1474
24
496
1043
575
1132
161
87
539
573
565
450
1589
641
236
569
566
648
1024
670
487
126
550
531
648
492
585
1126
18684
648
646
6
535
590
1346
49
944
95
450
209
363
550
184
216
890
602
553
1685
515
223
693
727
480
632
404
665
414
520
546
601
626
911
236
305
524
525
916
115
205
1992
187
665
532
845
601
499
549
1253
7
660
1046
769
1674
565
760
1397
28
1043
138
1064
206
486
520
233
837
526
494
1745
385
968
503
109
612
581
1362
645
847
966
694
271
378
784
591
536
3868
233
562
641
555
78
899
607
596
642
609
675
577
90
966
816
540
554
1
610
1
577
480
52
519
301
637
1374
716
556
546
983
159
668
1080
1
643
619
221
407
1931
631
969
514
484
869
1041
747
1117
35
1
1024
130
1
1195
956
500
316
580
606
543
606
9
232
579
477
423
407
907
647
658
539
704
599
634
107
554
733
93
789
576
829
752
543
807
709
2
837
611
1428
153
2247
596
370
709
91
924
979
602
281
722
557
15
708
2376
836
1
492
561
658
757
478
503
568
2147
554
497
625
572
767
660
1316
677
521
404
860
576
976
808
486
540
580
576
512
671
510
3
567
602
757
506
624
37
218
689
759
256
570
148
286
1
360
1688
1
1458
316
592
3629
5
4569
1086
607
630
28
640
668
244
2728
330
554
541
477
439
574
544
606
1287
568
604
1048
1973
2902
1037
69
907
850
636
1258
496
1513
477
718
575
513
498
230
558
2
703
686
537
563
295
492
440
700
597
614
1360
449
975
509
28
632
261
1234
572
733
1046
119
1510
592
2
1135
84
5221
731
683
794
4305
609
515
2137
951
590
1
1
769
366
962
91
837
686
589
2
1084
646
585
697
53
571
7
1
698
706
1205
350
734
1573
508
610
767
638
771
187
1023
11
2
2164
99
827
536
1450
826
2181
620
151
635
268
717
760
609
953
546
519
573
855
565
305
507
1207
424
581
537
522
470
1
720
1147
143
505
517
238
792
603
645
1650
36
1194
980
725
1462
924
723
1298
1257
987
1344
478
109
1998
748
431
1064
676
560
512
1137
105
856
762
752
79
415
13
3
765
756
116
25
98
924
1
546
502
301
120
1033
592
689
642
184
1501
717
561
1
695
402
455
520
668
607
530
1820
663
329
892
500
56
577
77
571
239
5
596
501
548
21
451
756
539
569
511
822
630
60
458
765
17
698
690
752
516
472
546
639
646
652
512
694
369
204
745
547
1039
586
92
659
119
685
49
614
307
659
568
1
600
968
642
666
524
459
597
95
656
562
511
238
173
1375
1605
548
509
624
1143
623
633
522
520
712
1
284
897
521
581
537
540
151
494
549
542
543
613
605
559
107
1
441
394
108
1262
545
607
558
507
1380
593
1082
639
777
481
545
864
526
95
515
415
268
838
1246
297
1610
198
508
552
532
428
530
598
200
676
549
1204
51
582
369
1051
544
516
692
1007
721
966
526
832
430
613
698
1
965
492
637
660
659
696
683
2088
115
658
818
528
60
524
163
851
834
457
158
628
1350
179
828
604
544
546
2400
606
507
829
746
545
783
38
534
641
597
19
749
1110
861
397
328
581
685
495
965
112
28
1051
695
925
813
836
20
756
645
624
208
533
1631
570
4462
625
549
381
939
599
655
1810
596
1088
595
285
831
257
1
981
