593
38
1043
622
2077
121
16
8
1910
39
555
24994
997
43
6
27485
541
9974
19130
268
2967
198
100
4314
5056
66
445
909
590
959
430
11
1
2
480
58
296
4
2310
2019
11
15441
4247
613
52
25218
16
2747
262
535
1387
527
20935
1811
189
510
3662
107
968
43
1697
1841
4312
2064
3996
2015
5785
1984
1
3888
211
3
238
59
1359
13973
299
438
5257
6
3652
19
8
1460
1446
14
811
1478
107
110
28
720
784
1698
1219
38
1760
697
88
110
135
81
16
9552
1428
9
8553
831
7823
509
26
5991
88
18
3920
534
717
6109
2699
7252
4754
214
157
