31
163
154
257
35
35
162
55
54
158
322
218
183
157
42
1
14
164
48
232
159
164
269
78
216
247
185
563
36
164
103
1
198
127
246
124
35
99
278
185
162
150
126
167
153
27
150
158
121
147
35
142
1
122
345
177
143
180
501
989
120
127
149
40
434
466
124
182
35
167
133
239
156
33
244
181
142
35
3
160
98
161
163
33
213
53
147
252
154
163
164
142
159
160
125
304
48
35
302
41
179
213
220
206
146
182
289
162
25
151
503
159
167
149
159
35
1
1
172
116
223
629
161
148
266
405
31
152
33
145
35
910
222
35
35
87
5
31
147
224
433
163
154
203
162
368
218
32
43
655
162
167
147
1
117
77
140
223
107
219
35
289
43
162
35
32
35
44
124
170
706
65
221
41
204
147
126
35
35
58
354
1
150
35
162
219
226
1479
161
20
162
211
35
379
76
133
2
96
125
224
220
87
35
35
35
35
202
163
143
32
51
182
23
145
46
154
216
1
372
162
22
170
203
154
152
31
35
19
200
129
340
33
226
247
35
207
95
147
44
159
148
236
300
157
159
212
962
158
42
124
30
220
122
30
196
35
223
221
35
178
229
112
163
123
166
801
185
35
255
147
33
412
245
429
154
1
31
155
222
177
161
166
94
40
160
240
156
17
240
166
436
393
127
163
130
143
95
150
89
31
113
266
15
590
300
1115
164
170
159
181
315
65
160
4
425
390
158
35
30
161
32
35
35
467
35
129
31
35
160
204
230
162
206
144
158
125
165
171
35
736
157
121
181
161
160
37
162
41
216
35
156
163
200
325
30
290
161
35
213
171
145
178
160
121
134
165
941
738
