51
222
123
864
17
55
49
177
51
38
336
67
69
11
2
65
623
177
181
7
126
587
15
76
55
88
122
180
66
3
171
65
13
59
5
152
297
1
65
59
54
6
1
108
57
80
7
4
55
49
55
73
256
759
90
51
82
1837
79
18
646
77
74
52
1749
524
52
55
183
55
222
492
3840
220
136
218
59
458
51
56
247
51
1
203
55
64
2068
74
12
67
51
425
118
138
128
356
65
64
1
101
52
50
1065
4
138
56
95
6156
45
427
62
62
6
27
29
77
62
287
428
44
3
522
92
25
62
626
20
1135
55
55
41
91
508
875
4
66
69
2
27
327
214
783
138
4
1472
1903
394
55
30
200
70
55
55
55
230
55
135
60
240
135
550
55
135
130
226
58
33
35
311
100
56
72
2633
1
101
55
203
56
184
593
72
401
57
51
75
51
178
71
86
83
60
59
223
6
52
52
80
52
254
56
1778
67
94
15
19
96
16
55
182
234
176
55
120
45
50
52
523
55
55
55
150
204
55
55
66
165
52
57
17
56
91
118
389
43
75
