1
31
112
10
16
243
131
115
474
1184
22
3
5
98
309
12
32
535
27
160
753
181
724
406
602
30
2828
1
46
123
10
115
304
124
2
107
183
332
135
3
154
134
2239
366
315
117
15
217
986
130
128
483
119
144
310
157
260
113
114
1765
301
111
312
115
310
113
119
591
1644
339
115
645
141
226
26
186
1
283
16
25
243
20
598
5
443
247
908
290
99
162
117
1
116
5
107
343
163
163
271
150
113
3
506
200
125
487
202
430
1
123
101
17
309
12
310
70
385
151
120
27
282
306
196
312
115
739
827
197
250
16
118
116
948
122
4
320
166
396
306
430
231
194
799
133
1
306
306
363
333
307
215
288
236
25
3
22
115
1
117
62
107
1
228
50
55
317
594
161
199
139
323
235
476
115
21
615
90
304
61
127
115
126
309
220
76
1
125
30
357
142
6
387
267
487
119
968
234
4
175
123
13
113
219
621
148
112
126
19
120
251
201
177
116
6
4
161
129
5
235
51
294
131
295
54
42
96
117
180
97
425
124
243
324
250
213
560
115
115
116
164
152
131
56
189
181
38
74
508
180
115
2
126
274
119
332
201
305
132
364
299
106
115
392
123
