3
539
104
14
45
1
223
27
103
112
41
471
36
6
9
15
707
95
138
99
226
107
3
203
1470
269
180
32
889
17
262
81
230
71
84
113
506
31
47
107
34
121
91
50
123
1
26
8
7
94
92
187
57
128
243
223
108
21
109
50
191
162
23
147
50
262
4
130
11
119
7
19
125
174
174
247
202
130
107
218
291
245
292
237
104
225
184
96
116
133
357
104
194
12
21
224
58
3
6
95
127
48
9
75
643
175
563
19
153
26
20
37
219
169
68
104
422
143
153
280
244
2147
11
89
539
255
73
205
99
366
32
146
15
116
103
70
10
8
123
823
177
111
9
13
109
108
102
47
33
133
212
128
117
329
110
1
33
46
351
126
105
106
114
18
50
163
105
159
34
592
6
52
586
211
300
100
184
432
968
93
13
244
126
290
415
239
105
44
10
6
105
1
156
5
9
22
611
207
111
198
138
105
113
252
136
128
162
112
131
132
11
121
118
19
97
541
47
9
114
125
110
139
129
127
269
20
17
298
228
8
107
103
113
62
105
112
247
118
17
259
188
383
379
1
110
244
219
7
313
72
430
138
104
48
34
125
105
105
223
103
1
135
130
233
102
578
116
113
105
105
506
30
105
106
105
96
148
149
172
111
105
118
259
10
105
279
108
467
242
427
107
123
125
208
214
5
252
190
109
4
