39
115
113
243
488
31
220
763
41
28
23
537
329
246
56
126
150
133
216
22
260
5
240
276
280
126
8
44
334
45
20
168
178
119
251
173
115
3
237
20
2029
115
489
117
125
135
173
244
216
275
1916
280
243
282
1
10
121
17
516
19
281
342
111
1812
20
283
15
179
113
62
2
13
443
218
116
53
4
16
115
116
383
15
107
283
115
707
109
115
19
244
115
237
284
238
127
18
6
92
7
127
1
279
13
19
6
314
160
28
11
64
115
130
125
401
255
116
112
307
175
313
281
983
383
604
114
170
115
265
223
7
12
113
7
299
517
32
260
123
24
303
280
264
126
252
271
115
96
67
289
140
249
279
139
159
291
578
121
117
217
116
278
