51
3
2856
339
34
24
375
190
55
70
521
431
55
93
1177
17
102
394
100
56
76
219
77
72
2
65
193
324
51
268
60
9
187
105
2
372
56
114
91
785
190
92
55
183
224
99
217
16
1877
28
683
221
524
15
155
125
221
59
55
50
52
216
90
62
20
127
26
92
159
6
55
90
323
5
307
499
371
105
261
160
476
56
3
56
2270
24
409
185
107
366
55
534
1520
549
31
1230
156
184
52
178
57
190
55
70
20
84
14
55
35
155
67
598
126
55
681
13
30
55
219
23
2031
1
577
23
18
613
160
1499
98
647
56
199
52
5
72
12
189
125
11
122
12
317
259
91
20
433
478
134
32
55
261
4
237
1617
7
739
58
842
998
162
56
129
52
190
852
51
125
55
137
227
247
5
51
6
71
52
51
95
9
51
241
954
70
48
412
83
14
516
52
256
1433
279
47
60
1
283
61
55
