51
92
23
8
338
69
64
95
61
388
49
192
152
25
195
220
1041
14
31
135
302
110
34
138
31
8
24
17
15
193
57
58
12
1
73
178
21
122
159
95
15
93
78
25
4
139
4
121
166
66
89
6
6
330
126
641
209
421
179
167
554
210
328
401
104
95
270
209
371
337
95
172
319
258
213
2111
119
255
523
95
66
41
33
402
5
7
276
31
28
29
178
1
10
228
105
94
86
7
13
127
727
91
4
1460
889
88
14
6
259
14
126
5
117
91
130
7
98
108
124
1
28
119
25
38
1173
209
31
8
12
624
91
463
16
276
59
129
275
122
5
285
95
85
525
108
45
60
383
25
27
5
10
17
6
142
36
97
90
58
54
321
2
77
5
7
150
13
95
8
21
147
15
149
16
44
25
33
122
128
113
125
265
539
95
93
4
38
12
94
132
78
38
11
419
114
151
117
114
96
46
12
159
32
88
9
10
860
138
268
1298
96
100
663
131
833
251
124
91
4
20
5
95
221
117
178
100
216
381
356
276
54
98
12
222
65
23
60
8
173
97
94
115
160
32
288
5
289
19
304
144
634
93
19
89
149
108
119
25
31
20
19
79
36
217
65
100
21
95
93
119
163
124
222
849
107
111
309
231
121
93
29
95
373
98
25
98
264
8
143
87
14
214
