20
179
89
162
548
101
528
15
2
49
47
3
11
20
568
9
11
12
8
5
30
16
1
218
39
24
134
133
12
18
82
2
176
10
878
10268
178
26
121
3
138
428
112
141
123
37
95
222
1
131
18
2129
102
26
13
98
19
30
10
63
11
162
17
73
39
201
369
46
582
9
159
95
277
109
293
128
103
452
97
95
12
202
11
17
24
23
3
5
12
646
100
3864
54
8
13
3
135
16
276
10
168
93
273
102
109
13
30
26
728
99
137
17
376
1017
250
4
209
15
26
158
27
334
61
42
27
13
13
113
89
453
177
6
342
77
117
1
123
72
105
41
30
39
126
2928
235
47
194
737
11
296
670
119
4
64
645
19
776
14
85
7
195
74
44
1
18
1
14
23
13
1
53
3
137
95
253
179
89
129
292
4
82
62
7
9
7
55
47
45
84
11
111
50
4
6
203
27
12
280
21
28
144
681
1082
932
153
94
133
11
277
350
118
114
6
1056
267
17
82
16
43
151
1879
41
5
410
8
194
73
76
26
3
110
2
4040
1
109
11
22
26
356
4
6
84
83
9
33
11
7
359
16
516
79
9
294
58
24
28
20
43
1
12
2
2
1
18
141
132
60
14
43
668
61
2
1
288
8
12
157
198
74
101
97
454
96
96
138
183
106
109
39
102
121
131
19
95
28
116
289
20
20
431
113
1
280
87
274
205
101
88
95
39
