12
90
5
25
1
43
5
297
47
685
157
497
4
40
37
30
29
699
10
54
37
26
392
52
21
311
48
113
215
66
345
606
300
446
441
5
73
385
111
26
275
243
49
438
100
42
17
4
646
154
6
1182
5
1242
11
6
22
639
13
1
9
157
4
73
19
8744
47
42
95
20
5
176
17
73
85
4
56
210
3
37
27
4
36
32
941
5
159
9
25
48
11
4
25
98
12
21
15
52
2
2
29
32
11
1
112
52
23
24
56
110
11
75
49
56
768
6
54
58
27
3
66
201
190
8
279
21
579
7
6
23
56
130
107
24
376
613
21
18
13
202
5
184
22
2
8
10
272
10
55
916
14
10
115
4
4
80
1
1657
71
19
14
3
22
46
21
7
516
173
35
250
188
12
8
12
52
13
77
14
10
1
4
17
22
23
21
3
159
132
160
19
124
27
49
5
69
21
32
410
12
13
16
377
11
29
82
9
65
3
2
23
8
70
14
1052
6
7
43
44
7
92
459
5
5
43
9
129
12
26
3
349
1436
8
1647
22
3
3
23
5
9
44
16
13
43
84
21
9
215
38
1617
26
219
87
146
21
70
13
4
11
11
36
442
11
9
15
1028
101
9
10
95
311
123
17
15
44
10
17
1
514
7
51
41
999
10
27
649
68
28
28
15
4
18
6
10
10
7
115
176
3
183
68
8
27
3
1
19
11
24
6
529
18
436
4
22
2828
10
500
26
39
39
23
86
36
14
40
5
132
7
299
498
87
86
239
62
388
5
95
10
11
171
215
1009
56
239
288
19
120
25
118
252
27
7
10
5
34
48
175
125
3
228
1
12
41
88
23
22
4
11
36
12
25
23
36
41
4
17
4
27
125
17
4
63
67
11
78
5
80
18
12
6
15
72
59
4
191
21
15
65
6
38
290
6
51
74
6
155
16
15
15
20
68
620
665
12
8
1
6
23
45
47
18
21
17
37
269
6
21
762
12
36
61
42
10
95
275
148
42
141
281
75
16
35
9
16
35
160
3
56
36
4
11
84
229
89
254
2
2
6
159
254
13
158
16
245
72
54
4
6
50
175
13
16
5
2
48
23
7
15
38
21
137
23
54
109
23
149
188
200
35
3
42
627
14
9
9
8
139
83
10
2
775
24
35
132
500
18
1
105
131
9
5
51
53
45
13
512
10
5
118
343
87
19
36
56
9
179
100
6
9
49
7
33
3
7
9
4
11
7
92
17
17
44
447
11
496
40
23
1
161
2153
3
676
699
19
9
28
4
75
1
583
35
21
19
175
18
10
1665
31
7
1
2
5
194
68
241
165
1170
14
14
14
46
46
8
3
24
19
6
2
3
46
6
2
36
4
871
42
851
10
11
8
43
52
37
188
6
164
28
6
15
15
1127
8
299
26
45
14
5
98
5
10
8
62
199
59
23
6
10
3
17
10
5
14
39
8
46
71
6
71
75
57
13
1
252
293
38
215
18
4
9
54
26
14
2
218
7
52
20
466
4
12
9
6
84
49
29
7
48
53
23
6
43
30
21
48
6
19
228
4
23
6
32
60
7
31
8
3
63
6
1
14
45
4
155
1
235
97
762
28
359
38
142
26
26
103
6
10
12
5
55
13
50
11
35
7
226
1472
61
90
54
1
22
619
461
1199
126
9
47
60
26
16
15
29
17
66
206
1
14
14
3
6
18
16
4
266
394
19
3
105
36
14
1035
1147
30
237
251
45
35
51
28
194
21
10
5
33
39
1527
14
2421
25
37
27
15
16
305
75
1
17
1
1
2
1
117
767
18
2
1
1
1
1
1
20
18
29
2
130
99
73
180
16
48
47
12
57
4
233
25
10
142
184
3
16
26
28
22
17
1
5
9
14
947
23
21
731
75
87
136
4
19
1
20
5
291
110
23
37
8
10
12
28
5
52
29
23
24
40
53
6
153
79
32
66
92
42
17
7
36
35
172
134
7
4
2
3
26
30
20
12
26
72
20
82
4
96
54
48
1011
20
4
31
7
19
20
898
39
4
23
7
4
3
1
13
66
18
29
9
12
62
17
37
1
31
2
1
90
12
2
346
13
13
243
7
119
4
44
9
14
198
2
84
7
7
88
102
45
5
8
26
139
50
38
58
40
7
137
13
29
13
15
33
1
26
48
32
10
7
87
3
13
2305
47
13
4
269
3
72
33
137
64
813
32
11
9
1
12
93
3
11
7
3
45
44
12
670
246
14
117
90
100
4
232
122
4
41
27
12
1
13
12
547
61
69
5
82
36
131
360
6
33
10
39
27
28
170
1
1
11
3
7
224
46
7
2425
525
3
281
29
804
34
10
33
19
115
13
66
181
91
15
10
27
16
7
198
42
127
527
27
35
1
17
7
20
20
99
42
26
92
52
1
3
12
3
65
160
7
3
14
7
5
45
26
10
72
17
110
151
42
13
57
1
42
6
2
180
17
52
44
13
1567
3
180
51
62
132
3
22
16
11
11
816
24
11
102
20
20
13
6
3
27
2
7
45
13
453
11
24
27
3
5
2
21
89
251
6
5
5
12
2
8
11
514
5
15
49
1
14
164
24
302
299
47
63
3
3
32
204
7
29
41
187
25
8
37
18
17
199
16
108
5
30
7
13
160
26
83
1317
101
8
67
382
95
19
13
65
10
131
87
99
52
33
1
7
26
4
2
10
2
53
105
101
2
3
17
53
16
54
1265
116
27
15
1
12
24
44
740
1
24
10
41
12
4
4
30
18
57
60
2
12
7
19
3
14
1069
176
10
615
8
2
47
28
9
17
67
5
460
30
11
27
22
12
4
102
212
114
369
113
29
229
9
17
1
326
80
21
29
100
17
74
24
8
90
7
241
48
3
54
37
9
151
34
264
9
1
327
103
30
743
818
55
13
17
72
66
6
25
909
79
9
87
20
42
24
7
16
69
161
51
18
5
25
105
80
33
16
40
384
514
13
3
40
14
18
106
31
15
8
90
85
230
73
2
3
3
32
23
100
37
21
1970
4
54
19
699
21
4
162
63
150
2
27
26
2
1
6
160
119
3
911
80
93
290
11
24
14
44
10
7
10
10
157
4
6
926
47
17
118
15
74
41
2
190
5
12
19
13
2
28
26
26
62
21
93
109
126
232
116
47
32
1
50
29
126
25
12
8
74
16
166
31
24
34
8
67
188
22
98
26
5
217
10
11
28
12
9
53
31
3
24
12
47
1
47
11
37
75
8
27
6
8
61
381
1
33
15
34
20
3
21
101
10
15
66
21
116
15
49
11
6
8
26
48
5
5
4
18
18
3
4
148
17
75
16
9
167
250
17
3
6
11
27
84
1061
46
6
6
10
308
40
2
1
376
27
590
242
197
5
1
11
105
125
48
2
106
21
16
448
6
19
42
101
4
37
22
122
5
9
9
382
21
223
13
6
202
49
155
25
315
8
135
52
78
93
13
17
1
18
20
5
11
8
14
2
5
12
1
5
53
7
3
5
57
81
895
5
272
21
53
1
24
21
2
21
52
9
37
156
9
809
3
5
67
23
15
23
15
138
17
31
6
782
326
67
142
15
1
6
26
196
32
68
27
18
181
21
75
160
4
68
68
76
15
201
5
8
13
37
310
32
38
1
14
10
8
3
26
148
2
234
6
205
1088
66
13
211
13
51
15
10
121
508
20
16
66
19
128
15
8
12
31
3
55
103
696
45
42
4
2
6
11
1384
6
10
3
46
38
34
5
14
117
49
86
19
31
382
9
4
35
370
118
10
6
3
524
322
63
19
1
8
20
5
2
14
4
93
71
640
149
27
122
15
60
62
30
16
8
1
14
102
35
3
78
30
13
70
29
20
3
1
412
28
11
17
14
189
182
243
90
28
11
168
8
95
26
20
2
19
20
2
14
36
100
37
89
203
2644
58
85
22
24
337
95
4
4
22
6
129
127
19
61
26
2
34
209
20
3
68
7
101
16
3
32
5
96
28
49
7
80
4
16
29
17
54
25
7
39
28
56
13
40
10
41
2
94
22
11
24
8
6
92
25
20
39
55
5
1
13
262
5
57
189
55
19
20
35
368
15
2
10
32
3
8
50
27
3
9
22
3
29
21
117
2
42
2
74
198
51
9
74
19
19
188
24
8
37
104
14
17
36
14
5
10
4
831
990
88
66
19
9
59
23
24
12
77
1
16
8
234
760
12
20
8
60
8
144
4
10
34
5
3
29
111
9
19
78
115
3293
2498
7
