101
39
129
106
109
288
246
196
2071
124
1
11
88
218
9
193
126
127
955
105
120
270
589
355
1
105
214
110
2
270
674
191
935
125
112
105
165
387
110
111
107
221
232
224
334
134
443
227
222
741
385
225
134
1
111
571
122
102
105
12
105
168
105
811
252
117
49
28
218
121
406
125
101
9
106
137
1294
105
105
110
141
239
621
110
232
1
105
1232
295
114
255
1
639
265
298
131
3
110
105
147
235
105
114
105
109
110
103
105
104
106
109
103
1
311
249
1181
106
9
120
106
248
280
197
123
133
104
104
10
109
105
215
234
4
319
1
105
422
105
254
129
143
1
46
118
232
265
250
112
229
269
108
170
110
327
229
285
110
122
744
240
108
135
155
254
107
324
107
157
91
185
332
102
105
