162
165
23
293
174
293
126
126
695
292
16
43
135
3
64
170
90
253
168
286
311
361
366
294
438
168
382
168
166
360
278
331
167
296
581
11
167
121
9
165
537
203
165
362
155
286
294
29
18
172
206
267
215
8
183
124
45
171
165
170
244
346
448
165
145
193
1
165
167
164
165
164
659
258
79
141
522
163
135
168
194
336
26
76
175
2
857
336
216
1
167
352
170
169
163
629
117
165
345
174
589
672
165
238
154
163
285
139
293
209
84
356
165
167
159
197
68
207
294
184
274
172
254
289
164
165
392
348
529
6
43
27
158
274
425
246
341
164
1
158
166
183
165
307
335
21
305
123
160
122
