454
121
140
21
11
116
654
128
9
33
397
104
30
120
24
242
611
1
520
46
11
506
251
247
1
124
221
578
3459
11
1
37
75
7
462
1
162
521
92
169
1
125
17
426
767
1
11
122
136
22
1031
3
54
38
63
1295
230
29
931
247
9
66
32
564
4
425
21
126
409
279
814
2693
612
1552
249
387
110
1507
241
484
141
224
244
875
268
132
232
1184
249
254
187
569
27
185
251
267
246
54
42
2
10
105
623
114
904
554
18
319
120
217
17
36
485
56
113
420
286
348
23
128
1
131
6
258
56
447
124
243
143
101
156
7
1
512
31
307
1
9
490
25
275
77
3
253
624
163
320
135
952
29
7
706
266
112
1547
10
128
43
34
22
114
2
10
682
30
489
28
139
227
1
16
249
258
1
1
22
190
2
66
56
108
129
9
1231
72
192
589
40
456
1
243
105
19
263
97
288
137
109
107
305
105
2
194
132
35
486
18
2
299
51
15
4
21
11
2
243
28
175
126
124
317
253
103
108
244
228
296
359
61
235
24
32
107
146
1
17
593
366
395
5
244
129
181
207
161
48
147
255
4
373
6
1
1
1
272
11
291
4
125
349
13
122
348
59
624
233
222
120
113
187
105
103
108
120
147
212
58
391
836
31
652
406
323
59
264
158
187
5
128
807
117
9
387
109
90
267
287
63
105
338
105
27
840
305
145
88
143
26
105
73
219
47
