35
1
319
6
154
309
3
195
248
206
43
1
24
102
4950
46
68
4
161
22
206
42
170
334
1117
76
436
17
26
3
485
209
459
951
386
8
12
1112
13942
1456
646
22
10
1866
110
320
1034
4409
7
304
133
1001
649
15
157
6
555
1028
3070
4094
198
3
61
194
5623
7
355
83
8776
55
26
187
1189
933
1728
418
55
69
767
8
499
363
107
949
626
280
47
9
473
536
58
104
53
18
1282
45
26
263
65
271
158
561
4299
208
71
26
6
23
14
149
985
474
208
454
41
16
97
54
98
57
1111
3
2
260
603
179
7
1128
865
1072
966
1306
272
1241
12
873
166
119
5
137
59
205
16
37
743
424
265
62
496
587
96
89
765
62
671
2068
2311
149
112
209
654
71
286
8927
1759
364
19
476
1396
221
213
89
49
44
359
1
236
374
615
214
9
793
645
57
338
17
482
596
8
15
1035
88
23
15
6749
558
266
146
100
235
50
145
298
121
461
49
5477
89
20
117
12
920
65
51
840
235
369
168
384
61
393
4528
499
719
223
2239
879
72
24
703
504
93
4
1248
141
2
290
2036
15
432
412
20
1114
273
221
79
4584
78
75
436
217
64
86
473
71
87
144
48
2311
1
30
1453
65
599
171
1880
483
147
826
1482
64
129
69
1273
396
1438
168
116
596
400
661
36
175
1410
2882
495
1056
171
829
1355
3006
110
678
32
68
9
534
915
305
205
614
1029
162
670
777
987
604
1419
495
1221
216
277
897
439
7108
299
508
509
93
262
1745
470
553
262
299
788
2558
347
213
25
376
313
306
109
111
53
447
218
1676
15
747
143
44
92
424
507
125
25
23
9
96
114
487
212
212
120
91
188
36
234
199
91
236
1184
276
4
60
5
568
11
225
86
9
113
340
1037
211
327
898
15
114
384
291
204
424
563
32
158
207
63
299
989
104
22
282
378
191
58
606
4
103
509
181
489
718
23
1100
800
423
1740
51
2630
82
55
1
1
2322
18
152
676
589
150
529
3
291
447
365
79
603
994
1767
425
925
310
