23
10
11
10
31
32
15
69
34
736
42
87
237
76
183
34
94
200
58
1
8
26
32
39
112
24
94
116
41
153
187
113
111
25
348
19
126
18
20
7
145
124
45
583
120
1
214
40
527
16
8
695
113
32
106
68
144
8
64
32
313
359
74
137
8
200
234
46
1
140
212
196
222
21
36
8
15
150
147
50
3
111
38
130
51
24
43
19
69
82
55
187
56
175
55
55
25
218
205
48
48
471
45
15
181
49
33
16
54
1
75
15
1
55
8
14
122
55
225
49
293
31
1486
91
68
1
175
220
107
119
62
20
13
32
1
189
30
321
21
22
69
156
20
28
126
80
13
20
991
14
109
51
216
22
28
38
822
21
286
361
39
31
33
31
31
49
82
310
179
612
37
1
151
255
113
206
178
26
19
31
29
115
52
52
246
46
59
1
162
50
26
252
857
81
155
164
18
162
99
70
140
147
120
178
560
103
66
1
43
61
21
204
112
406
132
69
34
201
18
21
56
5
7
2
102
139
453
71
110
122
12
3
