6
174
242
11
171
2621
215
81
55
1
581
260
74
159
184
5
322
305
1009
230
50
72
345
1032
34
1080
24
138
213
55
169
14
101
46
1034
73
247
127
31
242
550
2
233
398
200
329
95
825
428
54
90
9
51
179
220
177
58
690
54
58
265
145
95
14
254
34
12
165
541
564
95
158
92
25
254
54
80
255
21
61
1003
187
234
313
64
508
61
243
239
307
195
101
1213
94
56
654
1199
393
253
65
111
361
87
219
214
362
23
248
55
145
22
449
578
331
217
123
207
521
6
97
204
222
214
254
98
276
576
863
441
222
289
159
247
621
130
80
23
110
181
136
9193
277
177
30
343
12
94
256
77
261
1201
103
244
490
124
183
221
539
58
25
62
122
215
558
30
32
93
63
857
205
610
371
51
719
237
21
544
488
7
313
485
459
148
271
307
56
7
56
155
340
51
184
225
358
178
305
127
165
39
180
75
89
24
55
129
14
173
252
374
207
142
282
57
232
103
15
142
55
35
393
55
55
167
95
484
469
18
189
286
312
229
210
30
55
51
63
