48
600
33
195
5
452
145
215
192
556
30
482
127
385
111
250
778
70
18
293
483
128
514
348
231
67
184
256
1
367
527
63
86
390
457
145
1
501
564
393
65
90
242
226
1315
4521
57
371
240
186
189
1672
951
246
260
24
381
11
424
1797
396
93
322
4636
75
68
60
3
581
911
101
19
213
712
286
643
197
4
20
113
6
660
11
683
12
806
2305
1
94
1402
6
1157
72
125
813
41
23
15
132
335
57
789
115
219
3
366
960
9
4
10
9
1103
29
176
2532
8
674
46
793
47
281
3
1148
1096
321
89
157
527
39
34
55
2073
298
397
307
40
385
12
2766
367
3552
400
476
229
708
100
359
60
173
26
217
5
1275
11
135
3359
377
1673
656
570
198
63
150
15
302
29
305
2034
5041
409
438
11
384
375
1155
322
98
21
425
99
22
194
117
583
411
372
368
497
21
402
281
10
430
196
23
160
373
751
472
124
133
114
2
1120
663
71
1276
677
14
1639
211
22
23
346
319
740
569
264
204
233
505
610
128
399
407
2
7
384
25
559
623
249
178
14
38
1
110
11
1608
207
207
11
54
16
59
229
316
2983
32
173
212
15
510
81
262
43
772
162
520
36
1108
22
213
61
53
37
69
521
112
252
14
69
415
485
533
956
124
30
16
100
137
644
21
299
1187
405
109
382
15
80
1353
365
15
7901
370
386
497
430
1946
67
588
4
20
1296
23
981
953
576
491
841
122
169
68
1
258
14
253
483
166
84
62
53
189
18
5
1
424
46
138
610
341
265
265
25
115
900
83
39
49
1246
655
9
159
963
168
472
751
3
9
37
231
556
1039
174
1648
6
704
403
45
97
45
302
29
2
99
269
387
107
486
2
585
358
405
55
295
2743
263
470
26
71
427
926
437
197
822
566
395
17
382
21
24
8
98
543
66
58
88
624
546
740
6462
139
336
719
111
799
4455
2
114
1205
248
127
336
103
1223
66
2725
1683
2129
14
166
85
872
359
347
56
1104
7309
300
1002
123
968
1208
297
919
108
108
299
139
4
25
703
967
2055
86
103
13
963
2555
5
1300
1461
370
226
673
1130
496
20
216
466
8
1189
2937
3382
2440
1079
1497
880
1259
59
704
4603
22
118
453
143
20
1591
8
703
16
755
151
1472
32
1453
15
231
85
348
156
73
5546
155
2423
50
2092
131
1256
13
466
2036
51096
807
51
417
3
3169
246
843
911
558
582
1393
1276
3444
2003
359
312
851
1235
1706
3099
1431
31
613
980
9
402
650
4
391
62
303
98
38
7
499
33
148
597
1
718
30329
105
623
806
454
17
16
105
1364
642
639
153
251
1269
425
517
11
14
1
1100
491
388
435
13
11
518
794
28
6
3749
1162
1355
2412
6436
446
86
159
454
54
2
535
298
258
39
746
13062
1850
681
188
173
6406
74
1595
116
97
1225
116
4028
85
895
1361
1015
9805
210
753
5652
12
19
2106
517
412
2168
1223
573
277
8
143
457
302
16
419
21
623
1101
437
1
1
59
76
748
194
7
3158
1592
160
33
1
26
26
763
384
350
2918
98
50
1063
50
802
44
22
2280
99
181
2225
8
2743
206
556
72
262
94
435
886
121
33
293
4041
1982
239
69
926
22198
441
1091
1045
473
23
8362
31
545
141
21
1905
1018
63
3994
2223
197
4
154
160
92
644
1157
9150
741
157
794
767
614
884
436
354
2558
578
2509
537
4
431
37
195
30
10
172
50
556
37
259
43
25
282
66
1
234
239
896
1098
349
7
31
254
269
425
771
1493
1752
573
9
367
5123
326
27
146
586
330
1910
1422
117
323
975
8980
277
58
44
381
25
898
1400
30
230
18
154
592
304
53
298
1179
52
1750
252
113
347
2022
1321
936
1942
1010
331
99
12703
18
125
668
159
1709
1081
29
31
715
306
136
350
231
869
484
121
355
6
1
820
411
9423
38
194
1164
866
652
305
528
774
4
636
8329
147
9
1143
1167
1386
1318
9732
83
6343
12529
51401
11558
2913
574
57528
3
8636
23086
7157
19443
3525
16034
186
146
1764
1
157
661
1139
1293
481
2
179
10
504
565
12
5541
3765
342
121
3344
628
8026
28
3210
11857
5
748
430
6
62
56
35
1266
2497
605
22
3174
327
2476
26
1
24
112
942
77
29
588
38
47
1
20
10
316
112
86
2501
108
4775
63
922
1
16
334
35
61
47
43
43
166
158
536
980
1141
1
28
9
1
33
426
96
470
3285
82
57
265
880
12322
513
318
1817
42
220
1301
140
1160
1452
107
35
123
142
5
74
23
361
82
1206
705
205
57
1382
4133
644
61
3
361
30
313
122
348
4043
878
186
59
544
55
126
68
789
154
384
109
908
71
253
33
725
1059
197
643
188
233
993
115
21
2
31
53
637
28
67
686
194
27
177
145
331
21
13
1071
144
1755
234
423
6
24
53
1294
489
767
1569
2195
257
75
160
13
3
19373
7355
52
103
610
133
989
11
48
753
402
6444
233
61
716
613
11
162
823
9440
102
38
699
235
278
116
1
346
27480
235
94
793
449
307
101
3933
29
9
502
467
47
21
5768
103
8
1992
13
679
264
886
140
21
31
639
1312
1
50
136
29
547
558
55
52
19943
13933
20
362
329
1058
35
397
613
1286
10
148
83
91
63
39
194
127
37
85
39
1472
164
115
918
2710
433
168
5412
2824
2228
4099
1
124
2499
33
1722
2
32
235
269
690
752
396
659
8069
1089
568
33
782
2204
3682
28
57
83
48
100
13
240
61
77
954
648
3216
69
3193
283
28
38
1023
86
572
187
95
17
633
24
170
372
415
2
1563
81
664
26
543
339
783
15
65
123
536
100
324
330
315
125
477
40
13
236
663
418
1464
761
54
75
157
101
340
3217
1
82
682
406
286
386
1429
212
481
1609
152
852
5
946
367
523
7708
46
21
562
35
92
1041
1101
59
43
1017
161
35
80
11943
3
109
78
462
92
7
181
2418
267
3450
5
280
1739
2459
2581
397
52
1
814
273
881
979
241
9
41
2779
51
3327
17
29
674
164
490
395
140
11
563
5
51444
867
72
6
71
37
1789
1761
26
782
87
2636
137
433
79
327
28
415
888
106
89
23
34
1
23012
1
71
108
97
353
132
440
49
30
1
7
133
3
278
28
80
26
421
2
1
1
1599
290
4
236
1001
17
310
6
1912
33
208
416
21
118
93
10
576
25
344
1050
90
3196
2
710
815
1262
108
109
36
3295
540
224
2322
147
60
57
21
56
77
194
1
312
346
3959
3174
254
2403
1
31
193
327
99
370
1
24
163
96
65
158
37
48
136
37
23
21
276
16
22
9
62
254
22
100
1845
137
2311
1
36
4068
3493
162
2
456
59
6
15699
1260
27
296
384
1
131
480
22
89
730
26
32
2357
11
1082
1812
27
331
7486
161
143
5293
116
130
182
421
34
6
149
2686
2437
37
435
2218
357
108
597
415
29
516
267
3141
999
47
27
58
48
3632
5202
1494
122
120
3
168
251
217
103
14
428
300
20601
303
720
1
105
2277
56
238
857
176
609
221
25
1880
3285
97
62
16
1
149
113
633
11
604
7
285
3282
74
653
268
482
4183
2830
205
1
2394
198
373
444
9
129
815
368
27
620
11
1475
109
2
97
1
75
464
285
210
746
481
591
403
4826
1471
1039
57
369
334
1
80
1
822
568
42
240
195
946
329
1608
137
1
99
755
911
1739
1693
60
848
36
1493
463
284
286
350
552
765
531
418
768
266
23
538
911
301
194
416
103
1801
136
375
3468
1411
66
715
2376
86
1733
514
82
62
55
1
10441
908
256
547
889
63
1643
67
790
11356
792
7315
1237
2324
1
520
2427
457
44
492
1133
70
568
955
59
8
297
114
317
2423
502
595
5
51
927
707
511
30
277
14
2763
250
440
1067
176
1883
662
1567
235
1643
899
193
999
1178
1505
556
174
33
682
82
867
6
359
412
11
2593
2420
789
550
506
16
775
44
559
4319
326
2683
40
204
20
69
2850
550
16
2138
932
2091
122
291
471
60
1012
193
1305
513
1636
716
478
1722
11873
878
12004
22
58
62
920
224
157
29
63
423
509
311
804
2418
41
15072
941
307
1502
110
997
27
55
446
232
569
3
541
48
16
518
745
61
745
103
380
2
553
5
1218
561
79
4092
3171
334
484
990
62
447
411
55
382
466
2878
875
36
8
799
69
1
1426
333
14436
224
2148
27
6519
2
1052
727
29
1208
546
85
175
279
8
500
68
245
162
1638
391
509
278
202
243
707
423
31
327
342
86
628
902
48
470
393
427
2594
13
166
14
4393
11
11
26
423
96
4829
133
10
5397
565
12
486
1581
1126
122
763
420
217
1
393
363
14
7082
1790
928
846
30
147
616
26
119
469
3045
65
470
669
187
8
436
58
30
585
296
134
1708
231
3999
201
1028
109
119
674
230
132
8295
629
2038
42
412
422
1035
39
47
84
1
892
145
596
496
750
110
2906
369
247
1611
4
338
1603
39
130
5
1539
507
132
3837
560
919
1124
4957
33
6137
16
336
30
248
778
5
43
25
3134
1
1436
515
3057
604
59
10
1121
403
1783
29
3017
152
1558
558
2
5395
3431
6924
466
4446
402
1696
995
247
1721
137
13204
604
531
823
5219
477
310
1046
985
6936
370
1164
364
651
317
249
225
27
514
5
910
4
134
1115
190
2435
23554
1524
304
1230
2631
79
1337
699
890
191
8519
52
16828
1700
913
1044
42
31
43
1098
2265
288
34
56
707
140
596
490
1257
281
1038
972
42
800
1203
1149
788
41
929
2652
354
50
370
407
3322
5
338
775
146
256
90
683
26
62
260
898
374
309
64
1
447
2486
1156
255
528
60
744
318
167
608
14
1481
459
42
41
1
1012
1396
274
420
1318
286
1324
404
580
9
110
2015
595
4
3007
17
2942
208
1752
699
558
121
1072
1220
581
2573
387
33911
1498
132
458
1436
416
619
1155
53
34
930
7
151
9
282
561
109
427
1
4
455
95
502
148
340
132
1875
1125
32
524
1126
758
25
1399
1193
652
29
304
116
2056
214
391
795
3921
113
96
20
193
6413
83
47281
1520
1170
113
730
16
4398
111
426
23
741
782
2281
1521
34
95
449
340
3
67
541
611
176
59
326
791
308
207
22
710
121
517
472
118
595
73
249
926
28
293
9731
760
577
646
3268
302
701
909
69
152
803
761
141
34
115
10
141
433
74
23
278
76
2848
734
193
13
11
42
835
1156
66
7
1905
254
1800
251
493
10
176
353
2564
447
1432
200
1
89
19
475
6
25
1552
577
1185
117
1023
433
525
242
402
370
2
372
474
323
280
247
66
128
72
34
97
1514
153
387
140
549
433
433
8794
1948
23
538
103
15
158
104
1918
356
243
117
596
613
164
299
662
73
1993
106
459
214
501
187
88
123
236
14361
537
876
178
896
226
56
1
1034
76
7
782
391
434
1027
106
154
321
4731
980
10
18
109
534
267
184
21
96
501
50
106
113
391
493
237
31
126
22
3653
11
476
598
1114
1106
5
384
1387
252
298
1
67
2430
145
1209
2729
672
60
741
521
1463
160
1469
1430
2954
1305
49
689
48
1381
959
53
63
645
2172
209
29533
105
20
7208
230
113
1075
1
2499
331
4454
10
317
214
1458
22
1
1574
1330
3059
761
44
414
382
150
240
1016
513
83
944
343
1554
14
795
226
555
382
4651
187
133
338
37
463
35
2971
426
254
4046
2214
1408
1802
612
423
36
341
149
633
1193
12
347
3293
453
342
864
36
1894
2929
836
239
10941
2910
41
3650
1536
89
125
7216
14
175
685
126
86
81
2193
533
22
1361
39
71
693
264
2054
1044
1545
39
90
647
1877
1955
596
221
7575
1273
1
372
2574
2721
979
8
271
1877
66
15
18
23
358
125
151
217
545
58
373
3070
1248
398
43
356
248
445
89
59
237
1756
281
29916
290
136
383
49
325
115
161
644
588
266
16
9928
2233
20
47
280
102
38
123
278
371
89
42
16
318
75
21
274
33
28
39
333
61
249
980
1043
1258
380
214
2716
6872
30
31
16
1203
1
79
95
14
656
4172
293
92
512
993
362
357
46
30
18
45
379
283
1
333
182
181
114
150
4
244
82
36
8
30
2191
718
611
6467
215
48
2686
2549
31
1
908
153
122
171
1784
384
119
1138
243
47
1519
6204
426
87
407
334
148
183
388
2230
50
66
36
19
651
590
80
167
771
277
848
147
37
1682
321
723
8823
490
2819
1268
149
398
2362
399
1
2571
167
2
140
936
468
293
40
126
201
52
3858
222
465
187
21
198
4517
948
515
1265
81
7180
284
149
515
424
364
132
21
345
65
1068
225
39
991
1021
213
851
123
354
63
52
561
5
272
239
490
2882
43
81
99
187
836
3
717
275
387
6046
1
217
471
196
4233
16
375
904
11
789
240
210
1
351
1572
21
1
6
80
13
85
1482
44
224
2199
280
216
55
241
39
5
1574
121
54
2826
24
61
68
310
12
32
1319
68
430
1280
689
25
19
33
5
163
115
1
154
50
238
1394
167
109
453
636
852
515
433
21
426
69
489
11725
16
359
311
275
29
107
730
1907
380
376
626
32
910
485
224
125
371
25
4
483
23
675
1660
525
34
47
7
367
150
11
1680
462
398
254
579
363
15
103
826
134
16
433
371
504
926
915
85
277
1304
185
479
837
321
698
175
2019
33
418
2725
423
271
474
351
68
734
475
152
55
19
254
1463
1097
123
469
391
2662
176
3553
137
52
58
1770
1305
1977
676
220
121
136
24
83
421
35
26
1
131
645
2984
1039
55
1267
226
46
912
270
754
845
3376
416
1196
460
31
21
119
515
124
479
724
335
46
1400
3
48
24
2574
434
670
170
484
2773
511
276
117
656
17
2806
346
110
347
136
45
94
440
404
187
125
2531
28
23
709
57
2293
15
615
1641
1700
412
160
36
319
520
23
14140
250
6
1283
162
211
9
69
734
17
1226
2879
109
554
29
3475
7404
104
506
601
688
4
47
1599
25
53
412
10
126
46
370
33
580
921
3797
12
371
49
3517
1042
1710
315
45
71
576
3050
361
2664
55
242
129
1307
6127
361
95
1138
1
818
96
398
259
393
1985
510
629
630
138
503
447
553
1
342
1458
838
766
130414
421
620
10
708
728
131
2166
68
1099
253
33
674
459
323
1
576
39
490
667
743
240
252
350
885
796
1039
4760
2306
1078
26
399
1289
1144
362
416
584
24994
1067
30
5988
3108
551
3775
437
565
603
63
1698
5424
353
3187
3184
521
179
405
493
1931
3725
616
149
317
3743
531
81
1414
1356
3289
3070
44
109
1
195
198
218
23
1
252
5
230
31
11
330
2861
819
1358
75
65
95
565
303
659
329
357
97
3644
147
3326
670
15
24
618
586
79
5
892
906
424
1113
536
261
1323
1936
812
298
994
538
631
261
2196
671
11
2551
603
562
1190
189
779
1584
1443
2346
892
87
85
21
2715
1
302
162
3028
102
188
150
600
58
89
738
1
35
1129
426
709
1441
1470
33
961
284
423
145
2453
13
18
74
160
673
724
16
971
1283
456
46
741
1233
19
146
1189
2443
10335
706
2097
1
1288
2279
4
99
4
597
625
96548
878
256
251
594
12
618
566
487
645
208
1860
3274
2771
738
402
1137
25
101
210
1337
237
4697
138
41
4
78
30
11
121
692
1
4
1
56
1
686
480
1048
333
1083
8
321
1164
1404
143
210
7994
452
256
1914
11
881
171
1187
116
1499
1042
150
79
762
167
3
332
1
157
283
349
2719
353
456
1884
57
308
796
672
2928
435
1663
1041
181
137
195
637
1383
398
4600
60
417
4806
148
1315
1507
961
1412
1
311
1577
3432
913
18273
21042
101
2109
1719
310
2773
514
8758
205
950
499
1255
328
441
68
3
50
37
746
1469
612
49
253
572
592
64
11
20
923
151
427
3747
35151
468
309
22
273
203
221
641
254
150
260
1242
102
12617
322
826
605
693
305
688
169
71
13
442
13
49
757
391
710
1059
193
26
458
568
1423
119
708
439
167
6285
34
2209
1100
336
2279
293
3531
165
206
403
2482
47
491
1078
3
174
391
1082
31
1
729
610
14
104
271
454
207
549
188
1004
81
1514
1279
5891
57
425
56
783
871
441
49
441
861
53
1
619
501
870
6421
4
84
67
3261
13
67
4
26
633
6846
2675
514
779
11
10
291
145
2
519
103
182
1177
94
165
1
335
1398
199
8
611
644
372
8
3649
1410
842
843
736
373
803
892
2749
424
295
345
684
430
2345
749
84
8
168
230
543
328
7
493
364
759
1072
51
291
44
371
32470
2752
215
106
288
1186
8
420
27
317
1075
16
13
44
1009
659
113
786
1621
1
2705
4645
1552
2181
1
5
519
23
671
298
95
76
607
277
161
314
1174
70
2641
64
81
1675
96
194
403
29
2704
562
68
308
26
12
1069
470
149
39
203
27
412
68
607
660
141
662
131
505
597
329
299
484
381
714
42
72
306
324
251
2108
183
336
43
479
682
415
49
300
173
345
865
520
441
668
267
28
1223
1797
11
32
13
64
119
19
88
231
13
156
1277
3007
69
1259
282
46
557
266
1585
174
1047
1582
1115
15
2165
118
510
79
9
2339
95
1741
75
525
5249
883
434
216
94
310
90
763
428
337
58
663
1043
669
20
1
105
692
643
2846
3
858
33
2
20
44
89
2996
693
1100
70
247
656
68
552
180
105
1333
432
420
1
415
128
695
1007
765
426
323
1500
378
286
4610
214
99
61
158
886
178
135
139
614
329
8
5121
642
65
2
555
419
36
483
354
252
933
104
37
72
311
2671
838
1316
66
1206
79
48
1010
128
735
63
37
351
9121
2494
7
99
2606
733
252
72
158
407
1
417
295
117
628
266
47
485
7
124
380
101
703
204
861
89
134
7669
115
658
350
146
854
1815
1979
930
786
5387
2330
100
2481
4643
189
2233
163
1736
42
11251
694
247
1242
124
531
208
166
28
123
1177
61
38
440
792
734
169
130
97
284
614
256
519
626
696
19
58
1
792
552
6
259
25316
1526
241
7
298
54
82
5
401
109
332
615
44
429
237
107
1214
778
655
190
33
1904
132
6
309
371
178
183
10
674
147
37
84
563
611
34
1059
1
1468
23
1084
464
20
4810
545
3296
98
416
13
175
1
10956
601
605
1
840
335
158
20
3
5828
714
248
265
195
1365
848
7
1004
30
1958
3
87
722
111
509
41
2026
2875
117
22
40
41
725
23
30
1
8
52
659
1006
1
22
98
419
771
298
5
116
822
403
7396
537
78
1679
1272
82
248
132
772
284
8
258
144
53
312
249
385
1134
363
157
67
500
429
6
45
2
136
86
223
552
424
4
98
347
70
923
943
1585
45
14
2538
54
805
8
37
337
6
664
574
1575
7
1068
22
71
601
117
629
15
178
47
66
22
252
511
652
330
168
564
1
334
653
154
973
69
318
130
81
1
922
269
623
423
582
297
1353
160
80
6203
141
130
245
2335
261
1172
133
821
91
518
774
187
579
634
34
7
1
240
174
561
79
20
1489
39
275
1422
58
216
594
447
115
598
1494
3
371
466
1178
174
173
52
241
44
118
236
1538
381
1
1
1428
454
334
26
858
1263
18
287
63
1199
287
122
404
3606
33
287
19
508
4215
1372
37
72
76
76
143
169
1
2652
460
218
991
1513
1962
139
82
842
593
210
2879
12
12116
131
515
613
10212
35
52
62
261
404
1063
317
170
17
77
919
229
32
2378
2413
85
236
197
19591
16
1
885
1279
125
5
7
1148
590
65
763
97
363
142
474
65
22
611
106
1772
8
1090
821
2386
3864
47
1119
1659
34
313
254
385
857
222
30
121
849
19449
194
539
4530
762
655
2068
9110
49
1008
3445
739
154
992
66
2912
206
588
455
146
18
51
1830
180
1027
553
16931
490
1242
142
183
46
130
378
81
1
130
200
266
2617
23
44
659
4323
83
4
250
176
31
11
101
776
182
105
39
895
523
1134
314
5214
182
131
1024
813
113
536
229
763
55
833
148
2727
29557
24
962
654
6580
2070
2562
434
619
3497
34
3477
545
80
16
487
10
102
228
7051
151
741
33
11
456
2050
357
724
1669
754
14
844
1
174
739
256
1
1
625
449
716
7
583
392
7
34
59
23
5863
30
105
623
14
906
32
1519
119
437
92
224
1146
1155
284
235
403
1905
6
1304
90
348
56
322
1520
39
284
15
93
27
442
150
128
83
167809
98361
1166
450
463
41028
9778
113417
41531
21
3427
201
335
2290
433
228
426
58939
28851
12753
815
66308
119529
1008
93426
255938
15993
120670
21
21
73160
93
422
2231
58
1270
4354
345
163
848
1088
123
1957
25
17
1518
65
537
205
6
325
158
1
139
128
969
842
345
3383
24
879
380
1085
769
2
244
37
114
46
475
575
20
128
3091
60
303
15001
25
441
2022
736
54
245
13
22
216
286
3971
3202
40
712
9
945
4422
802
54
5923
2
55
1868
3188
2039
18
551
7
5
165
35
1138
2898
1
148
10
401
807
971
6208
1407
975
636
2411
1073
1074
6
462
31
1
72
704
9
2594
1
454
207
729
20
1521
1
181
492
39
2317
312
944
7
568
1
436
568
12
275
57
26
703
13
138
3529
7
2977
7
343
482
1023
326
1232
2088
683
1829
2292
596
1932
127
996
1061
10
1040
30
1642
92
283
125
2380
736
1221
147
1325
154
1034
329
12
54
608
9
1275
7
137
78
20
142
247
196
1391
211
677
460
355
735
391
36
25
37
12578
1
49
337
4
659
396
1261
17
574
476
16
422
1735
719
76
369
65
52
267
797
41
202
9
314
2820
695
1347
10
465
974
570
97
120
64
64
390
513
67
564
620
1234
22
108
76
22
356
1529
213
163
257
130
24
2180
584
844
842
272
771
312
27
2774
96
325
320
530
111
853
1925
5
388
39
280
39
30
88
1
342
2839
279
25
930
210
397
109
17
2110
314
9559
1304
1522
21
920
2312
29
2036
973
100
131
731
3269
145
396
37
27
447
1065
34
2834
778
390
211
5526
291
335
375
46
8
3133
34
76
299
85
900
31
342
3159
1143
269
126
1349
66
775
443
571
339
2819
694
403
1
1298
474
31
615
2259
80
570
13
217
3989
161
22
9
409
249
240
200
434
394
37
214
620
521
1200
412
977
3
37
1014
3
1900
75
21
44
6
15
14
49
104
4
2
658
801
1160
369
164
147
22
1
653
718
366
1815
7
5
35
607
3
513
422
754
23
289
352
1234
392
498
816
28
12
11
449
257
343
774
123
967
3898
12742
620
3995
103
4993
588
627
484
9
460
367
702
134
292
8628
470
3272
6
445
215
349
35
35
340
516
632
592
97
36
472
55
397
440
80
2114
352
611
481
25
52
750
4544
46
198
559
1043
126
19
2045
766
15
124
672
1
326
625
24
4650
34
402
117
1
2215
52
140
326
34
103
251
290
280
374
1640
1574
2143
100
529
147
201
97
38
5742
46
10
508
876
499
54
3
51
85
5
73
2273
941
100
47
737
69
462
27
497
2
631
547
169
52
22
5
16
890
17
397
95
130
17
4
886
1506
233
642
18
29
10264
146
241
12000
398
53
854
14906
222
762
68
418
329
119
374
396
67
215
599
52
51
150
3
309
158
1793
2567
430
4700
95
413
388
1346
23
624
1791
1063
1084
104
3
1466
5
1096
471
1266
291
100
27
10
34
75
561
814
306
959
1296
939
1760
324
75
191
9
363
342
144
42
59
604
290
3684
27
437
42
34
372
74
107
96
481
30
124
6397
96
484
692
111
360
36
1331
405
379
102
2345
9727
48
120
18925
12
133
102
40
208
2466
1031
1899
1973
295
1327
414
195
871
430
1144
867
8871
5
240
805
158
52
259
169
87
2384
441
5142
1
97
447
6559
295
458
358
41
345
499
104
24
469
454
341
2692
866
28091
820
89
317
344
31
34
21
812
4
24
152
7
337
485
1284
1768
190
29
563
372
151
831
4
110
36
1963
98
3
11
4987
2590
8
683
145
652
350
49
43
418
881
402
532
4379
621
17837
28
387
511
727
154
1809
175
877
1
2
1287
199
201
658
452
140
1798
1436
322
10356
63
563
70
3891
75
103
480
529
466
135
7763
170
138
258
197
692
303
122
20
146
35
137
748
35
233
19
2418
2
254
122
126
558
188
19
407
113
2564
1862
383
260
188
40
1385
10096
257
4312
150
341
248
2477
5399
278
223
83
8375
854
38
25183
62
459
367
119
383
286
190
894
354
692
650
2
4157
198
89
161
477
131
2
187
89
181
233
29
79
277
955
207
503
441
1
1152
1070
277
955
79
1970
613
570
83
50
87
147
103
83
228
777
38
111
3527
496
159
343
4
30
253
3
150
390
494
521
719
31
59
98
210
8297
285
794
50
26
1119
672
424
1073
604
15
206
4487
162
3
70
667
20
110
784
377
998
1
43
1597
55
147
290
1
48
561
478
708
248
612
642
117
144
469
1376
497
701
506
36
639
1711
2
598
982
222
1147
598
9
758
54
264
98
615
3
179
454
1244
2
104
48
3214
296
686
12
1622
214
1
63
69
61
148
435
100
64
203
9
908
316
85
20
62
378
733
44
2
2003
496
458
1077
181
1180
390
15
144
294
308
1907
335
297
7
115
1724
322
230
4913
155
90
1183
1400
1
32
114
334
14
781
163
207
626
68
20
1325
1
252
1197
406
6
36
342
22
2633
660
1465
271
2497
182
464
7844
114
199
395
382
832
45
566
4
1531
1301
342
11
1
174
244
3052
29
90
2
6
1837
295
183
819
15
8
31
1
3
1603
138
817
715
3303
770
83
13
72
66
107
267
402
1277
1313
3
242
237
382
630
290
35
3433
1911
17
15
912
1689
57
4
170
103
107
2
286
643
97
599
108
68
179
183
4
8470
11
5
109
50
1125
247
72
669
729
291
72
82
240
256
5538
1633
147
3227
21
501
939
198
780
3487
868
838
499
203
296
1042
1840
173
16
122
155
567
136
147
490
1086
82
134
45
4648
534
1504
47
288
1975
762
408
1800
4
2
2275
532
455
5
68
1009
150
345
947
345
407
776
3
229
23
39
257
1170
1349
3
472
1161
357
3474
58980
270
5553
1
7787
265
17
1655
3
103
220
417
5
371
7368
3858
1824
1308
128
577
350
128
318
1072
1075
2597
195
161
1549
1143
1743
262
95
188
521
90
68
2147
289
71
423
1003
347
111
1996
417
6
509
156
353
299
317
102
276
2232
107
120
615
325
7
81
88
3390
727
293
14
396
229
143
861
26
1
103
773
163
335
1049
5
20
194
65
1112
666
2
270
322
1361
2
2552
1
366
297
70
31
43
133
654
254
338
770
6920
195
734
2
235
2
18
23
124
371
1168
66
40
13
153
72
30
345
2405
525
188
386
6
8
1662
306
509
138
810
2045
76
477
271
25
1
69
965
586
700
92
4945
172
88
304
49
44
1661
1140
2118
52
11
1076
2111
1352
460
154
569
801
254
1182
110
1021
788
477
823
708
300
631
892
253
2014
1491
1923
10
132
111
344
786
657
95
314
22
1288
33
129
965
260
2926
736
13269
390
418
496
751
13
1545
1469
2193
1937
1494
29
253
491
551
478
821
6467
79
13902
569
9
617
3655
2
1306
4
113
34
278
515
4
202
105
124
217
705
408
958
5989
93
3137
52
865
238
307
29
158
2371
716
2141
15534
932
309
5
782
6080
44
31
2
314
276
66
12993
24
78
70
41
155
22
56
26
327
304
148
1593
18
40
13
61
2763
228
87
797
40
70
1
41
22
22
73
3
91
11
1
1
61
205
2443
1
2
44
112
85
84
159
38
74
137
6
15
130
1035
1
313
115
15
2008
555
504
3
1015
21
245
613
843
838
464
1133
597
476
1396
383
16
910
410
1355
1276
94
304
197
621
1252
1370
871
3182
1027
435
10
195
1266
439
1325
194
162
465
927
897
290
522
27
548
401
4432
612
60
14
117
12
3
1391
452
495
4383
1101
4544
1
1047
1451
37
2
1402
90
464
6
151
410
459
38
525
844
181
82
378
456
1126
17
903
475
871
493
65
445
184
857
674
493
1829
230
389
714
836
2330
468
106
862
226
81
919
8041
746
89
1210
460
146
1245
322
185
891
516
1195
1824
1404
22
1247
113
15107
34
497
433
432
919
90
735
3656
800
989
197
6
614
802
7
222
35
868
298
1
99
1188
20
1304
526
897
5
1091
1122
61
686
819
304
4275
661
465
838
777
838
48
108
976
37
34
118
12
2993
377
5754
91
1
632
1
425
4
676
2
1081
6464
364
326
781
908
29
286
1286
3
297
1
844
656
5347
96
2700
202
2867
94
470
91
14
414
662
1707
83
204
277
1519
437
2103
328
1
405
2073
347
4086
660
39
688
347
263
399
288
94
50661
3922
30
1922
140
5
1361
40
586
948
162
4953
766
1334
60
318
109
1561
40711
29
82
600
36
9000
700
1093
4316
59
454
139
761
2589
934
1505
227
544
3279
33
119734
1776
2804
46
2765
1076
53
339
92
326
23
644
1978
33
815
110
2517
8
365
1029
1003
749
2
418
1038
60
1518
65
555
269
489
69
1854
10712
269
159
1463
651
4
39
5
23
586
11
652
1100
234
51
438
1293
78
2500
28618
206
360
59
144
774
337
223
1847
55
285
60920
298
733
1091
1
4960
4924
1058
6806
125
535
175
1245
754
1064
225
4
12
216
10
5
1061
66
80
1024
1136
262
4
72
15
55
43
1783
114
343
62
1
314
650
135
352
369
872
17
7
1243
2
38
108
109
36
911
704
6
518
1378
3394
3809
1
67
6
59
86
436
2040
126
5
972
423
259
673
1917
2098
403
2101
61
352
426
3753
1384
3600
2738
562
302
251
666
407
282
96
717
2
126
602
574
3
712
28
2
218
158
10
3591
483
100
2716
25
998
937
159
1151
1795
169
3
657
3510
691
3007
4181
426
1113
1
3255
3
211
20
70
56
259
899
57
3184
614
2112
2193
446
17
41
1422
203
33
145
300
1837
58
49
535
37
253
4
625
429
133
519
277
344
1530
37
9
338
1
39
97
944
175
1759
2
35
39
299
1917
21
156
29
78
70
508
91
55
1369
3893
4758
4488
12060
262
13440
1843
13778
3144
8
147
1614
398
26
126
1
24
612
113
193
1
27
21
22
135
6
609
1
1
31
135
1078
13468
110
957
123
6699
169
8
1278
87
320
173
71
31
199
292
19
769
1
19
1082
801
45369
862
49
965
383
1532
69
203
233
1148
1
1720
208
1019
221
83
75
581
929
633
169
2242
1363
47
172
5539
1787
892
1202
219
5
345
32
1
182
1138
83
15
1
4
10
14
3171
105
2
1836
23
1
115
119
1254
1849
52
89
479
255
489
799
588
127
12188
2012
2
116
7098
2565
109
9
282
181
99
110
68
68
242
455
68
11
88
203
14
213
140
979
39
60
246
376
520
985
809
10
1068
209
3298
109
403
409
631
46
42
61
202
160
428
770
11
140
379
2309
19
297
25
792
106
414
3713
357
448
23
122
41
51
1121
147
215
938
8
8
315
31
815
28
177
281
8
425
171
1
208
50
44
232
5
8557
467
21
666
8
48
255
507
170
1783
2084
1460
2560
100
4975
88
527
18
29
8
18
70
432
1416
1405
1086
205
112
385
12054
2688
1039
841
1
9
1086
111
338
198
1751
13
3406
546
258
12
92
309
467
2548
4049
542
526
21299
16405
506
8
1227
2
168
3435
620
385
220
469
159
1
27
701
117
25
563
15
353
31
178
137
1125
10528
615
552
723
13
511
625
498
23
872
468
876
706
634
150
60
25
1089
2056
933
65
452
1601
5668
8710
1060
291
546
657
59
48
327
676
240
257
16
29
1219
1290
63
149
4
788
1209
204
7
353
43
79
25
129
6
437
81
83
171
565
3706
34
256
205
10259
361
20
14
339
3
174
1120
1338
3639
1536
56
477
9
1474
145
657
455
71
2683
565
452
676
2185
1384
351
9
2216
218
3878
4757
2584
959
78
472
1213
1718
25
173
532
1046
55
372
306
645
13
38
251
19
451
243
100
178
1
16
36
179
212
646
285
2665
136
4
2195
192
4757
2
6134
689
449
74
254
2079
666
499
344
36
468
344
69
467
1495
468
714
673
44
155
1987
213
1
21
2166
598
64
3
818
378
834
799
3114
195
76
174
1213
326
128
751
548
104
337
8
137
39
18
12
2771
6
17492
58
2452
540
50
149
1039
2
4129
250
1447
4
6
1
296
74
806
244
71
1023
133
11
2741
373
93
7127
460
1839
107
342
235
194
22454
707
554
59
22
42
77
215
1
1
390
66
1
278
202
80
1598
212
395
144
771
162
1809
293
350
6
3
204
13
617
42513
106
452
164
148
795
1270
590
195
222
178
1611
667
530
1596
6
313
399
3867
1240
1003
6309
129
568
3846
542
11
1
1002
56
532
76
10
2351
65
404
165
75
429
550
396
144
212
3304
3816
355
52
79
35
909
13
80
277
770
993
110
1559
84
239
6
47
1138
359
70
115
3
59
22
909
2126
161
335
526
230
678
7672
517
6985
1
354
1
112
1429
2529
1567
775
1856
23
1053
1194
267
77
26
7
378
368
10
1308
361
3441
292
221
259
196
33
614
270
374
120
2266
397
1416
424
4
2819
379
289
900
151
449
593
4373
140
600
2180
232
599
1117
36
5
107
18
236
1044
1276
18164
410
2092
107
1144
47
43
1257
336
94
2709
7129
2144
67
209
58
1180
321
1385
338
214
86
402
157
586
67
653
449
303
238
741
250
318
1517
7257
394
603
40
750
2620
1
11
4
46
514
365
153
327
134
100
156
208
3
12
158
8174
1051
69
140
3048
86
230
29
71
60
505
647
448
1545
476
367
592
494
151
727
428
100
2262
242
1317
114
1073
1416
345
103
38
361
1644
35
37
888
64
55
6513
1568
14
167
2
178
5993
593
247
1731
404
203
99
45
1962
4
340
61
663
485
5
1179
30
929
259
76
1934
1404
1657
228
361
1062
643
487
635
132
367
2188
5
845
2002
26
9084
744
12
529
478
91
185
20
532
683
1
247
1877
479
403
292
147
128
43
80
1251
190
18
44
412
250
492
1139
2334
331
16
317
14
1514
2445
569
26
7
936
133
472
346
42
98
664
732
864
612
3276
410
15
1007
331
58
195
18
572
1
71
505
1691
1560
254
421
29
89
1199
39
2
209
46
32
388
105
39
3136
393
133
1900
632
122
1725
3
200
282
1
702
2714
207
1929
596
5
68
10
559
93
2196
8485
1
6
30
123
872
26
1509
641
71
1296
291
38
246
500
243
327
2
90
104
495
718
628
48
813
27
11
80
453
1
884
188
91
750
461
71
64
1494
1964
568
119
1
54
1
478
262
282
4315
487
2209
514
1317
749
906
25548
1
5945
159
400
270
28
31
2431
581
210
790
465
537
773
490
2515
6
92
455
35
121
548
135
2938
526
122
787
234
551
41
249
110
5
623
357
447
213
723
2234
46
41
50
19
541
1
219
355
423
11
2857
15
86
1
585
137
921
309
193
491
372
21
1381
2715
225
32
408
319
58
37
3
196
364
265
117
7
830
3
214
1164
2991
85
55612
7
240
332
11522
798
2
555
1651
431
4082
245
2893
1118
123
1090
102
147
1204
1131
33
383
22
1244
912
1160
1612
587
190
255
444
85
67
1133
285
134
28
82
594
236
29
396
148
1177
328
1215
594
156
1167
705
5
457
52
799
611
322
965
5
135
462
187
398
53
85
654
226
72
296
43
699
516
505
364
21638
611
516
24
407
1024
464
386
2401
1575
2592
470
271
474
698
15
270
224
841
1478
349
121
6
1078
5517
123
27
456
50
597
443
385
121
6105
2230
84
269
577
60
1
312
135
989
327
92
11571
547
9132
410
558
203
5
173
183
375
36
54
83
544
31
2
15
265
1270
231
321
133
442
684
1173
421
171
37
729
43
326
202
96
50
121
642
294
80
1558
51
28
82
543
53
530
4849
855
911
889
1319
384
440
20
162
3446
253
277
539
2345
759
460
6
261
961
404
81
514
1455
205
425
55
1058
1134
157
1594
800
352
27
341
79
64
40
371
355
5
57
65
55
52
386
182
89
15
167
414
240
200
755
858
310
1398
133
139
127
980
529
502
2606
2316
946
99
408
1720
186
468
217
97
5349
5089
2021
1254
2788
653
62
138
1268
416
462
41
246
117
1094
93
529
2525
171
58
26
2993
644
117
1338
21
70
1505
12
7434
29
229
132
174
14568
60
111
65
37436
17
1213
470
1830
1100
413
1266
635
1849
347
11
322
1362
3
496
93
393
69
470
451
279
57
1127
12
1726
24
294
56
731
974
4207
124
29
2
1
249
1754
82
1053
99
3939
26215
403
444
12
3725
1180
39
242
106
1205
63
887
27
27
12
125
543
962
43
323
107
150
1593
408
197
888
289
1373
253
66
282
6
2318
180
54
1
1
421
33
543
374
721
724
2014
207
55
166
1152
155
3245
1202
580
786
65
836
283
40
2360
779
2088
481
1926
1130
33
639
4
6995
15
380
4
368
2008
5
124
490
691
360
33
1
11
482
75
1220
1
401
1
1252
1129
3197
47
175
2093
473
1103
780
246
3179
18
413
1874
58
2016
557
164
428
400
58
1021
2302
24
3808
1920
732
18384
236
3486
14
12
644
597
251
106
12380
271
1857
1105
137
495
179
146
330
189
1692
95
367
1890
924
110
1171
717
32
13
3892
3577
3198
390
1981
475
60
85
1081
1052
814
13
332
12
87
800
47
417
685
33
41
224
98
54
205
41
4457
451
214
167
268
16768
483
185
4
759
6355
7710
1156
1177
1
3165
11
1220
1555
396
299
143
2
27761
7808
147
517
226
378
3083
15
31
59
3364
109
1
193
350
24
369
5842
1291
1512
6
275
2
1261
1812
112
36
10447
190
39
755
218
3
55
7
9
291
2592
704
39
102
731
300
184
1095
253
422
316
113
254
280
12
182
1388
2234
8
1438
12
158
58
634
192
2
328
33
116
652
333
773
1663
1516
37
1208
325
237
744
33
22
749
36
831
479
830
1278
1035
125
256
92
2
805
3618
801
330
31
398
493
2
699
298
759
47
3
1082
395
76
338
755
125
1361
182
1
13
1839
50
331
117
328
2864
817
1239
89
245
539
650
450
1403
986
1467
173
855
439
122
477
373
490
165
634
100
78
37
1005
174
480
599
171
885
624
629
969
210
203
1437
96
1574
1567
14
1113
729
739
831
57
367
888
500
95
66
1350
206
587
1997
52
1021
52
9297
4187
1846
2096
375
3
192
24
1865
1
140
3
656
137
384
414
552
752
328
437
63
37
301
9
2824
1400
2274
844
201
3818
46
214
261
36
535
440
71
2118
217
12
431
148
552
6
179
1311
198
432
382
62
549
707
253
32
1026
388
3
487
303
16
509
109
991
78
342
126
628
279
301
765
1
25
88
150
534
45
274
751
1891
2
1249
54
350
919
221
15
99
45
313
235
8
155
1157
349
73
1056
75
53
1
47
3
741
506
73
42
33
17
822
1736
83
281
127
408
2901
232
316
249
5
41
465
2
8
559
222
43
1133
7
211
61
8
10
155
2411
1279
397
198
384
156
183
1110
64
2682
35
55
1047
394
26
93
99
266
5
576
527
229
643
995
3577
1
1649
260
17
551
1385
4657
156
744
246
120
678
40
761
561
16
22
5
9
1161
152
301
42
416
745
6301
43
2887
651
13417
3909
349
369
50
131
4833
157
3
210
434
76
18
444
289
189
7227
205
40
9085
817
2465
554
1398
150
137
65
843
260
559
18
480
112
2034
444
116
127
178
9
600
2333
934
67
737
1
159
3
2649
353
165
225
917
869
15
2
177
701
111
1539
232
309
7
72
510
165
401
1063
1709
1
83
2
1972
11652
228
58
7
1
128
65
2382
528
1514
209
41
6
338
333
372
1584
379
1005
978
37
258
1
189
2138
67
57
23
2129
295
19
49
113
670
91
121
16
345
398
2
3207
569
1
157
1
795
161
4
12
1387
412
1
6
1363
655
388
71
447
9288
118
227
394
415
986
23
321
362
583
1078
444
38
599
930
53
2352
3770
1740
296
279
963
79
7
93
4706
9
89
85
1240
194
42
3447
200
977
610
638
4205
104
12187
636
8
135
363
264
32
81
498
447
43
9222
379
110
747
14
34
15
4030
659
2
227
417
213
3065
1085
669
966
70
149
191
2139
3412
874
562
13
25
203
227
911
66
790
488
4
247
88
484
217
1838
4
1775
76
1704
75
24
501
6
3
5
407
48
1
114
318
20
38
34
578
356
820
171
272
104
62
50
24288
290
130
607
732
816
100
169
1036
5
360
624
1013
76
651
19
111
110
40
105
313
6
1224
1029
366
96
516
2445
24
135
987
2703
23
187
586
774
402
366
36
294
5552
42
25
42
5
94
8
1044
1844
68
4724
1748
984
79
600
1
83
38
11
4680
1786
618
89
47
2550
610
77
278
347
294
1670
728
340
973
335
334
1116
1108
3281
27
190
2999
553
216
55
1295
78
80
20
531
13
1068
940
506
594
35
76
15
280
1
6
286
206
26
158
99
16
205
1261
1234
957
894
224
329
6210
1
2020
114
49
5241
1
18
157
331
195
133
58
206
1
1268
117
74
965
550
42
195
30
11
3554
300
956
278
719
120
96
109
109
369
10355
1495
830
69
86
178
56
1153
283
274
5740
635
414
568
808
430
267
172
193
307
972
262
923
172
6
1043
30
197
417
61
13
2977
774
60
174
232
92
26
3
1535
142
49
79
1
67
330
15
439
764
346
259
11
77
34
34
574
116
115
1
484
417
113
47
29
586
143
221
9
2
421
64
338
3644
35
250
723
49
18
88
349
785
4431
5
246
586
332
10
1343
3
818
2010
207
11
84
8
4
368
581
20
689
505
10
67
14
81
332
42
332
65
76
1376
669
2
61
297
15
1711
244
1585
141
527
4443
366
266
1753
377
315
1
2389
753
420
2
802
60
806
232
84
1501
14
268
7
44
849
295
229
2151
582
46
19
837
157
103
468
373
12
372
39
465
1813
2994
410
16
706
434
519
231
5
493
700
7
354
3
412
324
458
376
34
134
225
38
11034
16
248
1048
141
584
140
1
167
175
359
738
48381
1003
10
700
3
10
552
653
1
38
473
850
34
538
596
265
536
75
108
58
1280
290
967
66
23
1010
1
58
1241
27
519
232
322
1
98
106
2
266
2
33
985
513
297
33
268
565
82
101
2157
236
80
3346
7
1494
2898
27
1246
28
135
256
298
30
949
35
35
90
3
307
67
489
42
1373
266
573
1678
187
56
870
26
609
887
227
162
18
5045
229
133
143
3
7
595
788
289
358
2979
266
521
2406
53
196
3
91
732
17
1933
373
535
329
310
3836
459
377
422
2641
7
296
1245
710
1104
53
311
801
259
362
1474
43
452
119
583
766
1406
29
3579
923
877
1019
7
9
2487
336
123
64
1125
1179
1577
1034
382
5
167
7
2294
418
1434
654
542
196
307
5
1521
24
116
470
458
8
1005
1681
759
203
720
120
1181
130
4205
136
759
2386
20
76
152
21
2030
18510
536
4448
114
241
2
400
537
258
2929
114
915
1750
11
5
30
33
1
185
6
583
589
987
9
405
578
172
81
1421
77
163
285
96
428
377
318
21
515
188
234
396
46
384
2238
1143
387
851
1021
200
337
1084
1319
447
98
4084
41
1738
3206
1677
114
205
8
170
1
1
6
573
453
391
17
24
165
7
792
1257
275
4
48
863
4
594
197
505
55
29
246
5
4
47
1262
946
16
11
23
334
336
822
7874
513
9
128
465
319
140
2048
241
410
339
51
147
16
3719
239
493
266
340
289
15
85
383
488
107
294
357
671
254
5289
59
2604
5637
1360
1525
1523
2596
97
225
14
154
1535
1350
2
57
649
175
644
24
1796
67
599
8
110
1439
82
116
467
130
531
258
1972
120
921
195
146
162
414
535
107
754
525
102
598
811
240
532
487
114
907
177
88
250
1545
16
61
2095
492
1
360
379
134
440
514
226
243
647
1778
255
41
1888
66
1724
85
8
142
72
63
60
421
946
433
1028
129
621
64
156
77
38
1377
3
33
34
604
3849
1574
30
165
433
545
1754
6
580
12271
12
422
1
122
75
542
441
25
4370
51
886
82
12552
299
4475
1797
370
739
669
420
828
2500
598
1602
653
1043
382
449
26
280
2312
1341
628
134
1471
28241
80
271
8007
61
1758
611
249
279
106
2834
1857
3749
2771
308
47
135
84
13437
11
73
128
780
1031
10
92
22
46
303
2055
540
601
170
812
15
520
3
1779
136
8
758
152
270
141
297
338
136
18
684
454
67
13
1
33
5831
664
331
348
868
65
591
406
1228
297
24
210
825
1367
175
10
3927
4
288
656
911
37
398
1902
784
728
66
10
1414
869
369
735
434
635
302
1153
1540
2
806
562
2881
33
1369
36
467
445
711
46
705
36
95
65
1201
14
1726
166
119
1222
120
522
66
136
53
196
83
1347
159
1463
147
429
1004
36
8
86
280
802
1146
335
16
415
636
16
28
96
2836
1051
608
2115
120
102
1828
685
807
369
1763
1600
996
2848
477
140
613
445
51
44
382
620
1191
40
1385
16
8249
98
223
1857
110
418
41
1723
550
1487
45
4
741
79
322
22
1120
829
65
1031
786
122
194
22
161
643
156
525
216
38
798
66
116
170
51
775
123
850
123
488
3082
50
28
1064
806
179
2309
52
1721
277
17
1765
49
1080
61
3454
763
1826
240
72
131
206
62
127
197
18
388
222
183
590
251
104
2365
22
1
1413
139
44
1
263
1043
185
41
250
395
969
725
362
402
202
407
5793
60
115
338
1189
91
9
47
4
337
113
60
8
131
297
30
198
1486
126
382
824
528
591
333
631
602
6513
3243
677
14883
576
230
64
515
1160
618
28404
142
264
56
1
320
60
24
53
170
114
133
702
545
1080
64
317
5
242
1
925
5849
774
1969
1619
25
307
536
29187
43
4933
484
1301
23
107
126
1058
66
209
147
778
14744
2604
262
12
89
12
83
83
837
74
2326
34
303
165
124
277
5332
269
8
219
883
192
3648
846
17
339
721
370
1697
360
31
1089
6
37
3248
83
15
74
735
100
475
391
332
234
661
484
876
4
2190
604
447
26
39
79
485
80
223
8838
14
1087
398
3662
17
454
2500
639
540
23
921
479
352
346
1217
127
27
87
60
260
74
322
2853
391
159
535
2
1320
320
1041
325
965
334
49
61
4837
855
35
519
335
28
453
22
155
183
1404
547
244
553
4972
113
35
487
508
26
40
123
363
377
28
148
571
324
1763
42
689
416
2109
524
21
57
788
1916
339
489
37998
548
41
55
2
942
344
299
151
150
2
167
24
559
166
774
124
619
82
375
117
299
549
307
231
1498
2493
526
936
2
528
73
6
354348
32
79
394
82
2073
50
1137
172
153
311
36
846
191
1152
1489
31
380
566
9
333
12
8
17
155
226
47
506
680
516
1233
318
211
1005
702
557
31
2380
1131
2739
35
62
45887
51
228
301
5
1300
15
509
231
86
1231
334
2736
1
300
117
787
2
6570
142
613
147
17285
2659
352
2109
508
26
12
622
1272
1079
3
74
61
1
4
270
1958
497
196
751
1
4086
39
530
8
124
128
1060
254
401
842
28
82
35
768
734
179
4
17
72
16
1950
203
2640
4671
340
82
87
135
188
299
2807
992
1958
1
21
3
1175
719
182
316
160
1119
1802
874
178
2429
18
758
3
79
45
237
84
1994
112
37
121
502
30
119
999
682
515
2031
1
28
435
387
433
11
1215
2
1886
437
15
21
111
1109
110
361
195
2138
30
9
250
1445
1350
2080
590
2
593
13
565
666
82
110
350
28
12028
356
9816
34
137
688
245
26
103
216
136
555
445
19
290
16
4634
140
115
78
312
315
489
3
30
729
45
168
131
1474
44
6
78
1143
507
103
25
4
777
69
1563
1256
13
371
2491
147
611
814
336
21654
122
44
258
32
833
69
99
10322
12
28
39
134
76
10
269
154
900
446
334
18482
305
67
779
27
560
584
1397
184
36
290
260
120
28
476
171
462
608
158
97
3451
1608
428
2919
128
111
270
179
769
2370
1
669
889
73
45
173
43
34
43
800
98
38
1154
23
2535
1615
439
4
933
6415
142
180
2284
1690
7127
96
196
164
1136
11
26
30
500
160
3
38
3
2
425
72
63
1102
32
15
106
23
4
218
184
47
1252
511
20
48
529
800
4
19
2311
3
14
76
203
1054
28
1223
736
371
181
183
243
703
38
48
745
108
1075
594
148
21
1
2
145
29
80
120
1166
926
121
1511
18
490
89
13
587
3
1193
272
779
9487
1077
238
470
444
1505
23
761
104
461
1286
499
5
1
3
76
439
806
18
460
157
35
527
941
22
15
280
35
1
18
653
10
300
1125
42
79
1086
4
142
71
3867
122
357
307
673
1685
2724
270
2
11
279
158
3448
120
149
175
331
6
55
716
450
709
712
206
853
38
762
169
115
31
168
729
64
1968
137
313
668
156
2849
212
185
696
8417
40
327
870
964
362
192
486
559
2194
12
1308
506
1041
1252
63
146
275
76
65
615
4509
63
771
4658
2279
475
210
366
25
51
6
213
11
367
1287
30
11
385
64
65
5
510
913
156
440
45
211
328
29
204
159
26
14
304
504
962
3
89
1212
59
2255
1429
997
178
8
673
475
317
524
91
55
4539
40
19
707
458
45
171
76
124
4
438
77
3
261
34
5
31
531
15
278
7
155
2000
224
10
53
427
337
497
73
133
3
564
445
300
35
287
508
42
1192
471
4828
819
167
480
55
1020
824
325
239
52
763
90
1369
99
17
10
68
213
610
347
466
22
22318
494
13
235
132
339
138
95
908
2782
3673
431
194
647
538
17
250
161
70
181
165
207
236
764
101
1301
516
2808
11
417
652
5232
1885
430
4468
2194
1130
255
1290
1
158
476
6137
31
511
116
3316
32
3791
76
756
200
1629
406
15
222
169
67
1220
2386
463
337
160
3874
1105
437
592
895
854
76
125
2947
30
1172
107
1463
1403
4403
596
4304
127
13716
2425
1389
1471
54
364
787
4528
69
322
13
561
1827
1373
148
38
603
12
804
44
1307
79
829
163
16
150
169
721
273
130
364
403
94
618
38
1495
905
9276
1645
224
40
6273
92
119
112
622
256
64
559
381
1021
2027
728
31
554
33
172
74
287
712
28
1
1106
19
977
27
115
148
193
545
1
1
26
125
62
1121
38
32
37
220
782
23
220
2
82
1291
1
875
172
124
1
1
31
24
7
98
54
671
130
196
300
25
140
178
83
17
460
104
520
312
498
18
373
845
113
96
926
555
1012
284
3960
254
14
79
324
33
620
16
13
4793
721
187
808
77
22
361
28
44
326
1289
40
380
1
865
34
15
372
16
637
443
18
794
11
103
66
2717
179
26
1
520
20
1198
1034
104
40
602
7
104
24
6
1
1
1
11
2
8254
1445
11
129
4146
628
100
29
6
876
81
1
46
40
646
34
570
153
875
2611
43
825
143
440
744
373
141
166
1982
4
181
41
349
4
85
78
643
194
4
50
348
117
103
1376
305
39
66
7
12
54
137
251
406
10
1
120
105
48
9913
1198
78
584
1353
636
61
392
187
309
81
157
103
4191
6654
16288
130
27
37
805
553
1
13
408
13
74
727
332
25
965
38
29
42
34
1
8
32
242
1415
63
50
5
133
104
344
2
41
42
167
27
131
1210
39
301
226
224
290
160
3528
583
1149
513
422
843
20
502
76
501
429
340
3263
284
666
52
5163
486
944
3313
1583
44
1105
448
642
46
989
141
955
307
411
5162
632
1322
151
49
2341
711
94860
13
3761
1
277
92
146
168
699
88
1822
965
117
2212
6
437
1811
2153
2368
2399
3830
100
1697
648
3234
229
71
79
7
468
20
463
144
226
279
656
164
193
4343
234
578
39
76
2775
213
168
1457
128
96
54
505
69
176
704
134
126
3693
797
99
90
473
493
2093
2591
791
5128
274
153
32
105
8527
8449
4
64
1609
159
2290
2364
338
2791
4268
1
40
130
23877
28
240
238
2207
263
45
4
1
242
5
286
413
475
270
117
240
1557
2774
1229
5713
489
1929
87
1286
69
7567
233
2
37
1067
441
59
73
684
103
158
207
16
26
109
8
26
512
282
269
1
257
164
1451
85
123
419
32
73
570
1249
590
5019
96
232
19
503
1449
340
81
606
779
84
7626
539
272
828
214
359
113
980
2
336
286
34
5612
87
1488
47
1324
272
1734
434
737
2851
2711
1465
22
878
487
307
4808
524
129
76
554
236
171
59
147
78
57
79
44
43
641
1
1031
35
13
2029
18
3583
140
485
45004
80
135
319
48
108
597
292
1381
157
40
156
475
4661
1526
1566
2840
1332
1173
130
111
111
1185
1214
8
11
1336
11
218
21
422
94
975
112
74
863
150
112
1
1
2067
2
130
32
455
58
548
365
2613
89
25
815
134
166
396
2
1439
118028
24
81
212
438
11028
5994
1641
32
40
1762
8271
1455
956
1489
314
513
1
43
46
417
105
230
1
376
185
112
30
340
163
443
1044
4
674
91
47
439
1131
25
1543
5198
104
321
50
3
79
9412
1
17
30
2206
47
150
137
816
3
5
17127
106
615
348
2
52
1855
124
1246
822
899
162
105
1
1
429
1244
2667
1086
3106
342
233
135
3
105
916
3
92
131
5899
7038
1751
153667
513
747
24
433
120
335
410
266
2351
290
124
1488
131
16355
400
1196
38
2
6
279
3365
16
207
1628
913
440
23599
31
238
53
3
368
1121
1609
1239
163
295
45
139
305
19
1
144
3582
323
410
481
677
642
14633
90
24047
2476
85
676
78
3966
2110
441
948
21
228
27
639
2213
8001
38
76
1047
2271
19
1853
510
138
1243
303
2
90
44
43
245
216
277
354
15
1075
169
1
1235
3
83
22
85
985
38
748
1
823
890
483
493
6
647
311
1540
306
366
11
908
7998
23
1598
2083
41
2379
364
1134
7
5505
361
1729
17
227
1
1109
228
621
9
156
3728
8176
74
422
1163
42
154
42
1
1
9
356
709
2802
1407
8
3101
452
134
910
69
12
54
5905
1
36
503
12458
80
482
1052
2
840
77
285
11
235
18
219
434
183
256
564
620
847
1
2
224
826
290
32
634
1
7
2326
1
843
18
699
95
1673
241
1001
1146
297
1410
965
131
69
3398
71
378
115
5
1
131
2105
178
56
969
86
344
35
5095
375
76
11
1903
48
942
90
9
234
250
3048
31
540
2025
212
291
477
26
12
32
3754
26
109
55
291
1
28755
492
323
63
18
490
54
124
45
50
31
1
5
230
30
62
36
147
75
40
3119
24
1988
1
10
16
63
46
269
114
13
1
27
1
2283
9
94
42039
1187
383
184
1384
523
617
406
148
27
948
397
1539
9
52
26769
654
83
7
123
476
1
618
361
129
18
4978
1047
1658
582
1615
433
322
1492
890
411
3823
69
21
49
657
2998
311
9
406
77
233
28
136
1
1222
141
2993
431
316
41
44
638
116
247
9
1
629
165
279
638
1
33
138
232
20
1281
18
25
709
122
183
4
14
72
2165
166
35
1582
483
20
114
2
89
12
135
126
7
16822
75
2054
67
1
576
60
71
121
908
5
195
108
1849
882
22
1
74
77
393
1
9
371
1917
49
1
51
80
13
45
129
60
127
155
18
354
3
31
468
1
65
1
157
135
89
153
273
91
1357
418
64
876
1475
1163
14
213
9
454
1361
2139
7
459
122
2961
112
4
1
1
47
321
896
2288
569
642
2186
915
2383
24897
71
4
337
754
55
891
167
50
107
301
5
232
87
95
3293
27
279
103
36
1058
985
2287
1
6
2309
330
7576
3477
206
1455
206
318
1
7
393
74
483
1
982
13
154
1092
575
47
1
16
82
2
156
2980
69
350
556
50
341
299
862
114
1833
389
69
8089
1144
1
2381
125
46
392
213
16
2343
376
211
25
240
410
224
609
141
758
22
123
1444
19
3259
2006
62
36
239
468
1
466
107
1
40
26
240
293
1636
1
306
280
78
42
490
10
3
1233
193
967
2309
939
59
950
13
462
369
7
403
704
87
50
1078
379
931
455
4784
1
1137
627
2
24
117
911
1
132
200
110
4251
241
45
297
43
47
41
20
613
83
46
7
1046
449
299
18
105
36
280
1
657
30
19
7
97
103
621
135
565
1847
1676
4834
68
61
26
411
411
94
84
1
55
88
8
14
1
1313
1
348
130
28
987
9
5186
33
340
337
42
1261
199
1290
4503
1264
1373
1851
105
242
169
340
2825
552
913
2036
1
6568
745
583
735
608
135
96
50
73
168
25
264
485
97
192
1
1
99
426
1
1690
386
22
1378
1
748
4168
86
128
1
376
10
1197
269
21
204
53
57
1
132
1
264
597
5396
1
3
25
162
1061
3209
1081
2377
6
555
3399
1
2306
747
58
52
4777
723
771
761
455
249
6290
188
1512
100
89
822
66
1244
19
1775
408
124
3
12
1878
13
528
204
1132
308
496
91
67
161
144
1481
480
3
1085
456
28
141
136
66
39
435
78
747
67
832
672
1
1631
45
937
61
7
37
2322
470
1
1
8
43
59
443
251
40
18
106
460
182
733
78
2
932
6
168
2122
63
393
331
785
25
477
1098
391
20222
526
1958
182
3
664
4779
188
1
909
12
884
107
250
125
131
7
179
354
1
1
621
2014
129
4853
97
545
166
37
418
668
71
254
203
109
171
13422
1184
1100
2195
51
163
414
885
4759
209
4931
490
531
438
3414
68
55
502
75
1028
29
165
115
285
391
130
183
390
264
255
789
3206
1657
543
846
682
93
177
77
244
33
20
26
868
1
67
694
988
224
913
52
231
38
15039
1045
48
53
59
8
31
1586
154
291
411
1162
86
3286
17
457
1071
160
7
9
164
154
134
99
49
13
1734
580
749
673
563
34
110
40
417
979
45
383
439
82
6
239
1826
132
1
1
181
5
1365
4
1
2556
149
887
34
8
11446
24
2913
247
142
510
3215
7440
33
1529
1
104
168
16
1
1545
559
80
1
1
114
1
1
1
3697
177
1
429
1
55
1
28
1
1582
1
16
1
1
60
56
72
78
78
186
214
1
1
15
1
86
1
84
140
18
5
1
150
62
7
2
703
100
2790
89
5475
101
243
1560
681
62
4
138
366
255
434
56
50
6167
383
32
131
3416
10
75
1
67
106
525
70
148
11
362
140
3041
576
518
376
274
21
17
2982
61
50
278
37
183
36
1
663
60
97
21
12
9
10
4441
180
1531
123
184
67
262
469
3572
1766
275
1
242
48
482
37
174
52
13
21
645
510
6
198
15
43
120
39
207
8
592
597
219
17
1
713
706
28
20
102
32
231
1
66
1674
1
181
168
59
18
27
538
527
557
309
19943
1936
17986
3529
7
1193
6024
15
7
18
7
6
62
669
1
309
122
19
943
1
7
103
504
524
2495
333
9
305
57
21
33
659
774
74
61
2
26
22
60
1
1348
92
3544
1502
348
101
3272
243
148
1
1
23
2463
366
1333
263
8
1986
245
29
656
1717
49
1530
1003
810
221
845
17
333
479
96
812
64
271
1794
126
379
1136
43
204
1
93
1
62
324
1561
340
525
225
474
954
1005
3
1107
78
70
12598
320
2
339
602
264
346
62
1077
33
191
640
213
22
263
31
293
1138
1442
33
484
4
9781
52
700
50779
11
2697
52
1852
424
3967
514
1757
3972
54
26
183
153
204
224
12
17
1548
1409
2
58
145
64
32
2063
40
40
62
3
516
160
3380
7
5
265
76
3
16385
334
55
13
382
32
83
415
390
1260
156
1278
370
45
18
175
50
117
18
9
1452
371
7
46
250
146
5
42
800
339
27
96
8
65
779
299
67
16
1
215
28
35
318
239
367
204
1381
1
341
311
303
143
14
5506
30
202
789
41
3
64
1
1020
2
59
152
1
493
63
158
1
22
3
152
41
12
125
1
16676
317
71
56
1
11
17
171
1
21
1
22
141
88
23860
1090
29
318
1389
32
1
2
436
226
1
42
26
20
42
131
286
43
411
143
40
872
28
1825
79
97
651
125
197
10276
1057
84
167
163
764
2043
27
1075
125
6821
71
935
16
654
43
142
760
337
36
415
259
401
1
336
479
498
749
506
927
59
40
1908
165
611
32
4815
1413
1005
165
130
491
461
43
151
65
34
288
398
1
555
244
264
522
18
1626
66
1459
18
90
14
674
965
156
1703
690
55
23
2430
3761
336
46
20
547
868
2590
627
401
11
304
643
20
869
1917
97
176
357
708
179
1075
28
6
22
593
1
20
255
298
49
9
1
363
88
1
16
70
537
591
364
162
121
78
171
41
99
2446
505
1267
573
58
1205
1644
4
70
16
221
245
2557
1930
101
560
459
392
19
1
100
13
1
1
4
14
70
82
216
238
12071
82
279
752
969
171
220
172
111
164
47
648
1034
1
1
448
488
2
60
580
85
628
261
303
160
496
26
64
122
6731
2866
1661
2618
101
901
134
3958
153
4577
857
1084
132
3078
86
6416
1928
488
44
1296
642
294
1749
420
597
63
47
699
10
56
651
104
491
490
314
733
118
413
18
81
1876
140
89
219
41
3631
1629
127
67
275
290
732
229
1683
335
267
84
496
326
14
383
3
423
654
20
41
103
269
81
206
705
993
1308
479
1129
363
1692
118
817
902
118
527
622
679
711
281
118
193
300
575
849
15763
555
2137
88
2
552
22
1468
77
24563
5
3109
9699
659
316
333
28
18
139
69
13
158
20
2064
934
4
706
2266
60
14
3130
167
566
2341
1167
135
165
1432
643
55
386
1
121
27
155
198
17
1
266
324
83
1
18
1726
1
76
22
233
36
12514
1149
597
106
461
146
2447
1146
1071
76
5947
51
227
35
374
723
51
143
349
415
125
937
456
10
75
724
418
68
391
27
44
119
2987
1
72
2618
171
4007
92
684
2557
11
36
1
403
12
298
1939
411
28
6
237
37
3
1
24
10
849
783
48
80
58
960
100
58
6
750
572
56
8399
14
1
120
75
1027
1
7489
68
75
100
11
39
46
6903
947
76
4095
65
11
6
597
238
167
99
103
246
28
203
9141
484
50235
1482
71
25
15
1
592
930
2
178
1
1
26
597
4
356
74
136
302
4162
8
75
2
1188
2544
104
14
192
45
1
76
56
473
1177
5760
4918
54
1
6
22993
105
160
319
25
186
1
349
734
602
210
1
890
879
4
375
106
112
88
48
281
1
1047
1
21
29
1
55
17
38
1
1098
182
34
98
539
579
876
1
7114
61
417
3443
10487
1806
71
36
7009
589
204
168
64
178
726
1639
338
146
500
256
511
238
21
6
52
38
26
178
1
1
226
41
594
2
579
792
40
122
1
29
53
13
61
59
76
1
244
365
20
642
2
12
108
139
14
68
82
53
550
133
1299
147
96
312
3
58
1
36
8
349
455
85
96
48
1
49
910
37
18
29
60
43
2404
293
1802
2518
64
10
182
270
458
44
5223
2
1
30
792
5288
391
363
56
148
205
1
306
5
33
31
58
28
126
557
331
908
1355
210
3
1123
36
468
35
176
415
21
891
11708
23
73
7
615
413
150
1
107
70
309
907
1
89
50
200
64
21
106
76
49
7
17
35
106
710
1172
826
85
10
14
10
122
712
1
541
2359
1
285
624
3978
8
128
98
43
1070
45
226
1
244
18
5
1
1166
1265
351
272
22
59
592
1076
50
118
32
18
127
5005
1
3243
13
179
41
1171
24
34
205
2
15
32
567
267
3573
7
1
416
40
111
10038
63
19
1
32
435
9
94
23
74
1148
857
34869
1
1
39
47
187
35
4
28
1
25
239
32
500
637
1
151
168
27
1
1
152
6
6100
634
1399
3
886
60
23
19359
752
272
8
1
2
16
45
1
4364
3
15
1
60
1
17
1
4
669
823
636
217
71
702
230
38
1
1
1
343
316
419
1911
875
1512
144
270
3441
1493
1691
409
56
64
71
345
783
16
394
715
713
138
1
1228
551
137
3332
73
70
336
50
38
1
789
45
35
416
3539
782
472
1799
309
105
1
756
76
49
1
6578
21
1
1
1074
1
163
239
1
218
512
8
1
241
1901
2276
115
193
158
411
1286
8
354
1022
598
494
881
82
401
956
485
21
301
115
522
15
43
320
2069
865
128
32
36
983
67
754
481
28
1
19
388
357
13
185
1295
1559
105
56
3862
115
1324
52
618
93
28
960
154
467
1011
444
1935
13
219
1166
627
601
1
43
269
69
1302
20
220
392
1052
677
17
367
2
138
1
82
1235
29
484
1931
1021
2409
339
21
668
172
201
290
1073
287
346
728
7
2105
35
426
8
1320
3712
2681
296
9
1956
6
130
635
6
101
125
1805
141
1
842
385
27
107
94
108
1800
726
466
968
21
102
47
423
423
439
8
291
32
196
453
1
62
107
23
2
279
34
366
2868
116
112
9
356
817
912
5
232
1
3
2245
190
96
540
102
26
607
189
854
80
136
4
822
571
828
1113
14
725
2372
4
2
23
841
92
57
1
361
664
176
729
1
328
1
8
1
2272
11
629
2089
18
11873
261
459
20
1
29
553
42
593
471
3
766
1
2
380
6
66
1
51
110
302
1746
93
29
436
4
6
2017
537
20
1654
722
200
610
1
112
154
584
1
434
12
251
415
1006
254
95
113
610
142
286
376
83
377
377
10
286
36
452
2525
934
204520
92
1570
1600
26
7563
154
6098
5966
1137
469
12904
2286
533
986
331
2556
323
1050
48
184
14
39
36
3365
363
67
49
310
66
414
410
134
1993
633
26
3405
115
86
705
1522
394
177
3346
1284
563
32
3830
265
349
606
23
1
312
196
73
627
180
522
7
1008
792
20617
489
60
2202
643
566
489
3945
118
539
682
1706
352
677
1
110
195
36
837
414
192
61
1068
1192
1596
25
196
1689
1830
1598
765
31
773
4
1912
335
10
16
231
6271
859
950
91
31
134
7023
710
870
695
293
808
224
109
161
79
1681
261
621
4630
283
1356
701
2854
29216
2510
454
13518
629
923
5323
25
8
1
184
11611
151
7148
341
258
84
572
2089
19010
2482
115
667
604
705
3537
17
335
94
67
772
1166
134
1378
273
205
64
24
486
394
190
507
88
310
379
1416
588
3
588
86
1943
1550
1131
695
550
315
1084
878
1076
1872
118
73
2049
1669
1152
1184
11
552
1184
133
834
7392
332
687
141
5
1033
772
116
314
984
20
2088
454
16
674
231
379
785
1112
418
152
76
277
332
2427
1155
552
3867
14100
475
2566
24
229
141
1
62
817
1419
4035
605
117
3273
68
319
652
44
60
4953
3949
22
23
24
103
1560
1437
57
642
12
4
350
105
11
286
4
1261
10
268
657
2694
481
260
530
93
4
54
159
2415
110
1159
8
205
31
87
23
12514
1020
1058
480
1407
3172
318
801
52
19296
859
746
10
466
923
4991
168
7845
271
115
776
288
8715
934
646
68
46
888
604
10980
2683
25
11
1832
52
533
326
374
59
28463
1772
437
446
3534
16
611
91
408
757
253
656
18317
69
386
53
1912
552
233
60
16
63
187
400
970
1542
1253
484
1120
14
979
127
1228
453
645
4094
154
598
1138
245
58
570
23
919
95
6276
633
1963
944
1926
64
120
242
11
349
117
26
435
508
1068
423
117
1
64
365
846
1353
355
955
788
3833
118
1015
491
154
131
168
435
298
194
263
2389
224
71
232
456
1226
599
598
4548
1488
42305
213
202
3
168
345
122
44
774
29
1361
5
764
577
244
1159
42
201
5051
205
116
272
524
443
160
370
51
178
307
519
613
1465
5186
428
2
112
103
511
321
3074
1254
22
228
39
72
4
17
75
156
247
151
75
64
128
85
430
1717
568
779
322
349
472
1288
28
1203
91
13
161
1419
1022
392
122
325
299
54
165
348
439
10802
422
108
98
117
459
376
1
1
14
348
692
2648
1142
1724
889
93
585
15345
681
276
1281
451
5708
49
54
695
2041
448
701
259
3719
7703
7
443
1085
770
886
404
2372
1961
128
2190
42
317
680
683
25
1191
1
1239
61
213
100
2250
1247
198
1067
1764
1420
83
312
143
6905
13098
81
342
327
2
76
38
700
71
41
6
18
592
29
1865
304
125
4
1933
31
872
3376
1442
269
44
1
1012
65
212
160
1019
1009
300
61
5006
331
561
379
301
176
3224
1447
3354
223
1265
66
466
354
18
2
167
20
1
113
4499
36
1254
863
320
122
242
76
70
145
380
257
89
558
1
38
78
925
113
857
81
108
526
211
82
57
311
983
115
434
539
409
229
96
1020
18
632
10
75
2003
394
79
68
76
1
226
295
171
97
272
1994
733
16
571
116
55
52
98
29
247
1
196
444
1
1
20
299
105
254
651
46
331
160
198
163
894
254
4
2291
70
190
178
167
381
212
213
1
10
5213
138
9
301
82
1
358
294
63
1937
1771
7
3
168
1852
4789
1211
431
301
37
8
16
5427
63
323
552
196
17
51
234
221
73
6
648
598
212
61
483
469
