80
53
21
27
347
5
61
374
8
115
277
64
16
54
64
202
102
426
1169
179
563
3701
8743
354
5
220
288
47
13
10
77
99
317
125
287
16
56
1
254
203
1
31
75
265
65
12
1101
435
59
8
17
77
53
23
62
50
50
7
41
822
67
115
5
2
87
572
21
85
25
107
17
42
8
2252
40
74
460
7
183
19
511
100
23
39
6
3
75
26
68
409
26
75
102
523
328
137
10
13
77
415
58
501
767
11
17
272
118
72
186
7
5
405
277
24
19
187
69
313
22
10
723
18
131
442
278
22
7
33
238
2
389
70
9
165
76
87
771
141
183
261
471
942
97
20
172
14
9
124
36
192
46
422
9
237
5
9
1
912
6
325
76
179
173
9
91
159
15
672
37
7
2
14
36
73
264
15
277
296
232
147
37
41
124
68
136
1
313
41
106
66
24
622
34
888
33
4
33
19
108
95
330
1
667
456
270
1
134
15
76
18
173
38
77
59
76
83
521
6
123
75
311
189
289
2
219
482
76
213
108
231
4
76
87
151
1
248
39
98
1044
30
302
372
228
75
76
180
8
520
123
4
52
71
155
3
11
54
18
27
383
16
72
28
11
416
6
206
29
193
51
157
118
97
179
87
172
7
148
32
72
22
185
238
2
42
7
62
185
32
454
380
77
10
61
345
69
64
211
71
78
75
504
4
11
177
457
25
22
44
371
14
376
359
8
464
94
110
19
75
76
46
33
14
56
225
189
17
228
96
75
93
452
48
317
131
458
699
72
85
550
11
65
75
164
98
1
119
119
75
213
1017
4
43
23
256
531
36
119
72
7
184
412
247
201
150
11
115
125
24
148
280
23
6
133
84
20
75
532
24
63
131
419
29
112
79
390
47
55
484
344
286
1291
118
72
16
8
103
1
25
49
140
316
18
7
66
191
81
27
519
18
22
69
19
238
197
22
232
231
34
45
28
56
7
85
90
272
794
9
27
13
370
30
236
3
378
87
263
157
9
140
8
301
61
1629
27
9
124
225
428
37
36
107
83
44
75
10
2
500
230
372
71
731
524
542
104
217
4
201
709
32
11
83
23
72
121
89
102
188
43
158
5
2131
198
273
422
154
347
78
75
239
141
91
767
405
16
155
137
3
52
131
84
502
74
27
11
126
14
215
198
109
77
3
123
8
96
14
79
200
192
79
76
75
75
75
76
116
171
30
214
260
109
75
67
21
210
31
40
84
1
80
76
472
71
3
