36
103
543
5
105
22
6
37
237
92
109
242
49
246
220
7
35
702
31
61
125
106
365
4
521
140
55
165
101
212
243
236
89
1
7
60
32
458
24
203
155
303
111
3
105
2
18
5
157
213
11
175
489
133
7
171
484
44
9
68
31
111
111
258
105
266
641
124
107
231
159
261
114
238
101
3393
246
1367
121
105
108
127
105
9
86
61
204
871
652
140
75
15
62
114
4
281
305
159
287
121
105
234
29
355
102
13
171
114
326
122
215
115
111
30
132
504
976
107
192
108
154
115
93
136
88
243
114
301
538
132
6
780
7
244
148
17
4
1108
835
1471
125
218
30
39
21
137
219
101
81
107
1
105
94
244
15
63
249
118
19
242
220
198
193
254
58
254
106
42
29
56
284
8
176
256
120
105
1004
105
17
151
135
112
218
103
172
69
11
186
71
18
7
1006
17
530
204
482
323
30
352
190
103
168
696
104
47
7
45
110
642
105
271
226
48
191
833
35
102
133
2511
134
409
249
57
202
30
121
108
100
234
265
223
105
228
103
106
156
103
115
114
135
146
441
262
130
107
155
491
1
182
