11
8
11
3
1
1
6
5
61
705
22
97
1
15
87
7
8
29
34
1
83
2
9
13
1
45
1
50
128
1
259
41
1
14
17
1
628
1
42
15
1
43
27
4
202
1
18
9
41
2
37
19
1
9
1
9
2
84
1
4
1
18
1
7
42
47
108
3
1
5
26
32
2
2
71
5
16
1
40
22
2
35
31
61
631
7
1
1
36
70
45
19
2
3
14
82
5
14
52
1236
1
48
28
1
95
53
161
4
897
120
11
2
10
9
56
31
44
84
6
10
44
1
3
31
1
59
19
18
1
1
14
55
1
1
80
26
24
188
3
1
33
23
44
43
19
5
562
1
3
63
11
45
35
101
29
1
28
95
35
1
31
27
40
12
1
6
29
20
92
9
4
129
11
1
2
7
1
9
16
20
1
34
2
29
34
36
13
1
7
23
31
53
55
64
2
76
5
20
5
1
52
15
1
166
21
1
1
6
12
24
1
6
24
3
1
11
94
15
2329
20
82
42
42
37
1
8
5
38
6
2
41
55
58
4
1
1
35
22
76
67
24
1
32
13
71
1
10
40
23
39
2
20
51
7
2
2
76
3
29
1
3
9
72
72
5
2
72
77
56
15
6
14
89
1
72
88
8
119
2
47
2
9
3
38
24
61
75
5
16
78
1
32
4
7
31
1
38
22
40
3
30
4
2
8
9
6
4
47
1
18
50
5
429
70
1
1
3
76
28
53
38
6
9
19
46
16
27
6
15
47
17
26
30
2
17
53
13
1
22
1
15
187
2
3
82
3
3
1
247
101
49
18
3
236
1
14
7
1
1
82
35
1
21
30
11
16
65
1
4
31
91
20
9
8
1
1
4
10
3
2
5
3
24
1
14
16700
25
20
1
25
3
19
2
22
1
13
54
12
33
1
40
2
1
66
1
1
1
18
24
94
16
24
2
4
20
6
4
94
1
13
22
6
1
33
1
3
10
3
3
2
11
11
3
7
1
6
4
41
15
1
49
21
67
19
8
1
4
159
1
1
2
19
28
13
8
46
31
18
10
25
16
52
5
1
1
1
15
42
20
22
1
1
6
26
