71
203
79
200
75
80
88
5
145
635
270
126
198
272
183
147
164
200
174
200
217
201
236
1
76
125
1
258
184
698
71
135
203
185
204
247
63
197
259
1
114
80
1
76
283
202
121
186
277
266
979
70
3
250
122
105
295
204
126
73
76
782
211
75
75
246
314
195
71
240
275
239
291
390
328
245
205
72
190
202
196
162
207
190
198
1
1
203
351
247
251
179
121
66
90
507
189
196
186
71
85
271
223
245
75
409
208
36
71
911
84
195
202
212
22
192
311
202
204
543
4
74
197
200
71
83
193
480
370
82
75
75
75
252
200
317
127
192
197
75
76
75
1
211
313
202
673
11
1
2
75
196
3
280
556
2
245
205
257
1152
854
429
788
259
1
641
998
8
198
71
188
124
380
75
94
185
75
76
187
540
461
191
75
2211
273
284
198
91
123
218
247
125
341
273
245
4
3432
284
215
291
266
78
351
264
95
122
177
190
76
131
150
8
223
139
127
303
76
73
4
71
115
71
125
90
75
75
248
188
202
87
303
575
211
218
600
78
285
120
191
185
185
406
14
195
237
205
20
93
194
240
247
6
205
186
221
261
199
2
80
1
211
252
249
135
198
204
199
8
82
193
212
187
299
241
254
190
203
75
412
117
128
31
9
75
98
81
75
188
202
352
78
857
75
5
278
533
1
193
237
75
185
125
27
196
123
148
121
186
585
240
263
127
122
218
64
294
248
271
200
263
123
233
207
479
204
270
116
124
123
2
325
