639
49
465
940
3295
41
62
110
8
103
730
1
84
15
1
1751
115
111
1911
223
236
66
246
46
52
222
67
1739
310
309
298
12
67
1210
461
849
452
3664
25
17
217
443
235
2897
223
1408
1634
1864
6815
194
182
159
48
188
60
55
20
309
85
42
291
573
208
1010
439
49
248
135
2340
179
345
1717
299
74
2895
16
939
110
46
77
716
1
52
924
93
1
280
1552
83
292
35
32
48
722
2608
922
94
2084
27
245
92
38
206
75
11
93
140
545
1465
681
75
284
29
227
26
324
24
59
387
27
21
130
142
104
3008
1209
1
68
143
2326
246
701
54
6
399
178
529
564
19
95
2747
164
333
148
301
373
247
2151
8
161
18
5
1273
550
64
858
293
55
326
8
13
1383
932
20
277
1
172
1452
30
1243
41
429
75
49
237
638
15
164
475
81
2
70
483
657
130
47
111
