75
32
16
708
855
331
12
115
753
143
184
179
1098
348
106
552
61
681
485
1285
306
30
231
15
328
1941
1122
50
1312
320
944
798
1505
468
524
606
238
768
44
157
282
2343
369
268
58
506
37
106
829
17
975
100
88
58
2510
687
144
2131
1135
751
159
150
1519
7604
298
294
1099
77
222
11
1871
66
95
2029
1168
133
70
103
356
147
342
36
2
1115
89
959
1862
1157
194
1124
125
470
1934
51
54
47
414
814
288
166
281
1928
32
22
526
461
245
4843
314
174
491
833
35942
53
739
758
85
1818
294
1133
691
573
208
803
1120
493
55
60
278
550
697
88
1758
7
624
584
795
1313
205
468
2092
1161
7
268
382
184
10
273
258
678
160
235
2715
518
355
116
260
93
16
316
640
301
1524
190
15
74
466
992
3140
1614
69
438
2
60
3147
423
53
2240
181
55
24515
22
41
535
122
329
906
2756
3563
40
333
417
77
114
1095
174
1607
1025
2
54
653
81
292
65
525
51
1850
192
52
1904
1
17
2060
843
143
9
61
586
542
1269
614
479
190
872
30
1562
87
297
1415
471
257
2350
321
1319
289
1
1829
530
27
669
5336
115
765
174
357
14
382
197
197
313
991
16
701
387
226
507
566
890
204
756
1161
836
1
962
235
173
14
246
482
1348
1437
105
687
129
37
77
79
565
101
28
170
499
464
122
2243
1986
38
190
327
220
167
39
139
163
944
1323
660
298
304
602
398
590
835
1062
172
212
547
404
860
595
505
214
59
700
38
693
1158
48
1331
67
642
685
7
371
79
287
145
513
822
170
182
4536
64
2584
1744
23
67
445
1
63
951
75
586
3699
368
344
1178
350
9
341
283
43
252
93
879
147
709
227
188
36
115
5168
1523
455
1488
687
45
89
1732
253
87
32
598
560
242
19
145
242
93
1318
120
283
70
65
7
211
2791
3204
1266
154
2
8
209
616
559
4080
1013
67
136
5
372
10
411
1264
273
719
133
790
21
854
1484
1075
81
54
123
239
437
536
128
15
2211
66
4460
1412
5319
2270
2005
2392
7381
1747
234
576
4535
975
348
707
964
203
156
744
491
110
981
739
1064
269
171
3076
690
1886
44
51
542
317
1726
618
1422
16
41
484
324
1397
148
54
13
762
108
2156
1687
1191
170
184
1070
2524
551
56
52
1275
649
420
360
210
52
24
243
193
20
809
749
2482
1129
984
1679
194
32
10
15
758
57
1409
1499
463
806
1047
2433
8
398
709
9328
1012
439
852
1348
1742
1489
555
5517
95
625
156
900
2344
8355
234
893
94
100
1258
47
68
175
250
1734
244
861
3126
494
39
130
75
195
183
284
82
1426
314
826
1
107
1642
3064
691
153
700
418
607
241
206
1120
3209
1713
603
721
3397
102
229
41
153
1333
559
291
747
920
244
11
28
17
101
403
1066
103
219
340
21
1168
338
1173
658
5
2908
95
236
1823
411
2024
11
49
52
1096
371
103
30
339
932
64
108
31
689
947
1585
33
29
135
524
29
255
75
643
2559
1275
217
544
161
2621
3542
1402
519
439
32
316
42
521
698
146
141
83
70
2868
97
266
1214
1991
564
1612
124
209
1229
393
199
12
548
102
11
1182
843
199
4589
120
85
2297
6558
106
1796
97
30
1560
1944
355
4
246
522
3839
850
376
491
32
14
314
683
186
777
169
984
201
136
82
276
16
760
985
738
