365
7
59
82
484
207
29
227
46
34
221
18
143
840
239
10
78
185
494
33
162
347
92
1057
547
387
3
1286
19
56
44
29
45
917
202
14
16
1110
23
76
3
228
1826
115
297
953
97
259
843
50
625
16
46
313
437
411
310
101
107
727
253
8
186
173
32
54
262
285
157
18
63
44
281
127
157
879
20
112
308
2151
19
319
252
195
43
455
337
14
222
159
112
332
261
339
428
385
5
38
18
82
94
19
46
46
436
178
673
308
40
229
228
140
2
10
41
8677
416
211
403
370
10
123
103
41
169
4
163
750
50
75
137
212
577
96
574
7
55
1402
2
71
629
286
41
275
426
60
98
69
1476
75
95
174
20
3
490
136
270
222
340
774
95
359
342
54
1251
94
385
111
255
56
15
159
350
164
172
1748
40
2719
254
2
1594
937
42
3
119
1093
33
29
860
540
55
185
667
188
270
1471
16
852
159
2772
128
167
547
215
853
500
3494
79
318
70
145
814
146
950
297
25
124
843
484
413
93
326
22
7
1850
341
4
660
58
47
11
141
12
40
1811
232
389
254
758
134
332
1810
20
101
151
313
1352
171
30
1227
1204
790
89
645
329
15
648
667
132
441
1429
324
52
470
101
1
237
44
1330
68
83
2161
3
148
112
477
543
38
60
123
162
903
95
13
15
396
47
624
61
159
352
100
1173
70
616
225
863
230
108
376
548
31
169
1466
6
455
240
562
261
385
322
684
1797
54
2297
823
84
483
36
41
89
376
1398
640
371
658
533
601
490
1022
165
69
21
6616
12
389
101
406
668
169
29
574
172
1647
642
153
95
17
295
17
35
536
91
2297
192
560
737
464
3669
577
111
455
836
568
260
719
1525
46
21
101
308
208
675
3
99
756
368
701
192
1173
26
327
301
95
158
5
113
29
243
844
91
212
1069
25
15
210
23
9
53
3
1562
77
224
108
43
261
3663
104
181
15
270
2
115
428
414
595
540
444
120
1
772
139
224
47
145
996
112
377
5115
111
60
300
87
359
337
23
382
19
168
250
90
254
301
426
169
1
72
48
297
332
1830
1
21
527
453
341
982
81
102
27
486
18
3
107
71
299
125
57
691
23
601
253
329
459
927
28
261
217
22
349
633
290
318
93
617
157
71
780
123
90
173
968
41
907
61
128
39
668
260
88
11
196
62
353
26
139
204
366
1
2
1357
202
1780
364
217
196
303
128
94
190
1458
138
132
256
25
55
2295
453
974
493
38
141
968
166
50
147
59
1252
230
336
974
24
1393
59
715
193
404
445
2584
5303
319
163
547
28
156
77
34
504
368
355
605
332
720
811
541
283
191
552
93
240
949
8
135
844
49
108
590
1136
137
21
126
741
44
249
291
229
1489
174
814
492
413
5
2298
453
858
6
139
542
1337
112
1188
158
72
789
46
239
363
1694
166
15
278
124
3128
58
204
32
986
52
172
5
17
59
133
390
303
283
874
215
2833
518
3800
34
27
331
1030
78
234
238
756
544
369
299
43
89
24
128
2905
65
733
605
125
661
280
5110
87
603
407
151
331
600
43
222
219
11
356
74
144
95
198
357
61
439
348
53
116
10
142
46
1210
264
527
154
480
548
52
9
4814
330
382
759
158
192
587
145
267
248
128
737
539
56
520
379
83
660
1025
518
530
129
161
57
121
380
138
64
6
238
203
135
694
1264
98
1161
878
479
856
623
83
503
283
1206
2
1087
131
695
198
212
2714
31
101
178
26
554
137
432
1647
85
528
5
92
172
146
377
51
88
5
272
143
260
87
426
416
106
120
33
1777
282
17
764
491
489
1470
117
425
403
729
203
59
7
79
194
116
332
11
504
3
440
127
149
213
336
506
333
388
49
37
97
155
84
103
82
215
19
325
86
12
240
710
74
202
214
1841
84
397
613
20
35
258
764
713
411
355
214
73
226
52
115
149
1683
312
12
172
2345
491
430
144
7
82
237
425
648
7
130
341
407
399
32
47
313
1423
442
176
315
31
538
461
236
1
458
25
18
148
249
190
151
532
97
1134
342
50
85
176
137
126
205
89
651
2237
179
682
493
197
8
199
576
420
128
586
337
399
35
651
285
340
351
561
28
2301
394
142
1897
1048
74
200
134
87
296
58
214
256
192
362
95
514
179
668
299
57
988
656
130
146
1543
1374
1
414
452
504
73
4
142
194
899
344
385
514
843
85
79
453
265
640
1624
92
744
110
911
7
7
28
73
78
144
883
3845
27
8
84
93
250
206
64
811
203
272
1281
599
256
94
260
94
339
59
535
881
60
251
252
467
226
13
11
82
183
1831
214
136
429
62
2988
96
174
423
39
1193
42
246
184
925
621
460
250
74
29
556
231
915
323
56
140
273
285
21
299
660
459
288
332
51
431
77
82
42
95
78
430
844
749
191
235
1
613
1257
77
368
139
57
101
490
63
630
437
298
3
139
104
191
201
203
180
1724
19
686
44
289
97
696
596
446
614
274
479
1065
604
140
384
641
563
57
1
3059
286
51
126
1187
343
178
424
126
539
244
635
96
395
1370
115
7454
278
16
613
66
243
285
663
43
205
92
741
894
320
205
162
465
47
109
324
27
72
175
90
408
194
514
433
120
2676
10
24
49
284
138
29
24
188
642
75
116
583
569
161
140
189
103
7
146
326
447
116
644
2109
17
43
352
2401
270
116
90
461
29
72
169
512
659
22
718
588
33
46
382
124
448
117
412
218
17265
740
490
553
267
386
660
176
371
850
430
506
319
65
19
29
95
42
85
208
438
107
19
347
96
1
82
193
6
52
60
346
60
26
24
66
92
149
1101
48
19
239
378
449
157
8
112
533
160
419
1572
124
24
737
16
160
432
292
62
1
529
4
1272
776
764
56
44
592
107
3
419
515
789
37
13
320
453
46
159
10
869
24
364
933
8
668
515
634
390
334
501
71
5
246
362
262
1290
25
202
693
172
715
16
98
183
276
1
648
19
39
14
168
809
31
102
98
3614
7820
633
220
326
225
107
324
53
12
545
221
217
28
207
564
340
846
297
215
309
117
120
269
4
272
196
508
212
685
195
237
136
91
734
161
55
79
230
1003
7019
457
214
150
562
364
20
1014
1165
1122
4627
867
1948
392
5
190
307
813
170
23
481
92
376
957
2356
263
85
58
56
272
387
374
304
810
133
772
743
15
74
677
30
666
39
98
1510
1325
430
1101
57
215
41
120
56
128
769
336
31
1340
24
270
278
203
63
1019
175
1171
95
90
380
147
39
1317
1188
50
18
11
350
770
119
410
466
470
42
58
36
13
25
437
433
432
2
2042
291
222
600
168
18
652
18
303
1213
782
74
152
12
47
75
244
2
156
198
1509
21
334
173
97
9
430
1417
39
15
21
109
675
1779
2685
304
38
235
642
2223
94
14
237
1310
14
188
296
70
550
472
65
291
460
129
49
343
559
73
456
26
439
80
805
890
824
717
367
145
62
91
766
37
80
2019
342
13
1058
8
401
42
112
1419
1563
3565
149
23
585
200
81
287
312
2406
173
53
73
78
465
14
23
141
694
61
289
16
66
660
1209
199
476
1081
218
341
458
19
865
9
103
112
174
2213
189
165
282
61
23
3881
233
1455
564
90
81
660
25
801
249
168
923
413
77
385
39
641
610
216
92
745
441
470
27
532
479
702
91
85
351
402
568
482
9
199
46
238
640
208
1527
821
57
148
7
243
231
332
5
23
949
160
630
398
6
210
58
401
123
603
65
308
99
43
19
98
987
367
531
5184
47
1237
266
130
336
76
25
1007
1732
511
28
637
2
69
345
165
183
176
95
422
206
129
506
48
224
128
108
31
289
35
82
74
324
309
1220
168
1131
14
150
201
1
95
20
317
82
1002
1960
199
176
158
102
197
20
465
612
273
359
112
79
443
51
172
29
948
4982
23
426
180
89
70
64
884
1203
727
167
196
2150
685
902
32
25
323
45
105
360
17
67
344
473
995
7
112
67
206
162
494
18
12
29
164
590
58
455
296
1258
362
534
130
18
462
14
2526
632
608
105
33
152
158
223
330
32
1871
242
109
662
376
270
43
105
42
259
85
50
288
55
36
801
24
296
688
118
156
191
256
657
748
255
453
468
54
154
3090
272
696
129
95
35
1269
814
536
304
186
2202
13
46
126
62
426
3
463
1178
304
231
113
515
188
193
8
137
1465
4
35
82
262
385
127
1799
186
704
425
59
121
178
8
1607
1903
21
112
294
948
9
105
54
717
412
1049
1143
274
5
117
109
374
582
23
54
249
354
679
602
2
827
319
603
65
368
863
85
12
211
12
159
170
9
644
251
308
806
421
6465
25
266
773
1
5207
99
81
228
97
43
832
769
28
460
126
158
79
89
423
236
264
196
480
328
215
137
203
5
68
188
135
647
26
117
396
69
12
55
32
1153
199
2660
898
805
247
18
203
61
864
60
277
495
168
5341
242
86
312
756
762
38
34
2203
138
1328
129
1836
126
913
234
179
30
304
88
420
47
53
33
208
93
932
241
94
97
27
213
548
442
4
259
89
134
1032
444
64
460
117
22
757
134
451
217
75
609
314
701
1128
68
1
253
126
1739
332
3014
3276
566
49
103
126
372
17
154
82
171
111
1202
27
516
808
56
120
460
51
5
953
192
88
8
258
485
45
171
272
64
4
189
27
27
645
12
305
709
417
478
127
93
583
799
29
82
9
522
8
134
64
218
467
65
63
111
16
62
231
141
88
3
84
74
3
202
93
217
791
17
367
42
74
119
283
171
573
132
344
205
620
8
16
103
269
11
1
144
616
243
121
363
113
162
11
162
36
464
33
150
202
16
323
72
9038
911
850
211
62
426
87
137
88
141
62
4
91
98
404
9
211
161
578
284
57
66
63
314
302
1233
203
24
287
166
99
752
5
85
191
129
597
928
142
81
41
6
802
216
500
74
47
303
1105
539
213
458
116
813
217
231
28
378
280
997
243
19
25
188
223
32
456
7
333
499
279
116
559
808
189
522
891
451
283
193
805
39
558
279
1134
98
477
46
44
785
1
3
7
474
15
35
145
17
175
307
445
4
220
220
931
27
12
335
2061
519
70
613
852
678
184
77
76
143
19
450
660
331
147
1027
119
611
12
438
600
97
3286
156
1519
56
1557
187
175
769
328
499
565
688
203
228
1301
349
84
183
62
11
621
259
322
474
102
193
207
570
395
162
495
56
88
128
1001
6674
3444
302
270
96
45
912
141
501
88
162
69
1490
1109
858
420
1294
348
142
148
171
191
558
138
104
702
426
1
1317
257
490
493
877
504
149
261
158
353
395
672
86
1140
528
220
872
603
616
668
92
529
330
731
45
89
188
395
1114
294
465
220
272
97
487
454
2420
3463
300
49
1084
250
81
581
50
219
850
1108
10
721
10
272
157
354
159
29
151
77
352
32
159
3242
40
2432
526
449
5
701
144
1331
236
240
213
392
688
341
442
217
730
1859
17
280
431
72
110
280
19
298
139
1020
919
628
160
130
90
132
138
6
74
1115
724
231
78
339
17
307
814
57
1010
1907
764
99
674
625
917
472
222
232
85
344
922
128
232
216
321
210
38
123
161
105
185
531
229
32
438
81
1150
608
1
339
113
1084
335
285
100
28
1391
225
1002
39
4967
87
105
135
880
164
471
1398
3350
3914
2782
1175
2097
968
599
681
232
20
137
398
49
661
190
326
518
559
348
1372
1030
368
295
487
1116
1321
1293
881
896
497
302
1987
4181
446
530
8
125
269
277
61
344
530
1481
28
54
377
136
35
147
316
2929
85
664
1820
1154
12814
128
123
754
331
185
627
171
475
97
69
449
1284
22
807
202
448
1403
783
453
174
1
96
402
142
28
871
135
369
251
1088
232
397
327
876
542
833
887
1271
1112
1184
368
43
1302
677
476
281
476
51
92
740
254
274
497
1754
749
67
130
36
144
142
79
41
281
1432
85
97
94
154
458
24
115
624
18
205
431
304
1031
935
164
72
12
188
637
44
215
355
635
100
7
317
133
327
424
7430
1853
525
930
177
385
137
1158
161
563
520
128
617
1062
333
897
601
202
996
123
302
371
337
1371
514
13
425
429
438
79
3240
4
51
82
36
430
2358
1311
528
27
505
314
95
44
1
739
1102
987
3403
397
67
391
259
1145
142
223
302
444
12
468
1430
839
1530
2318
83
883
1118
487
151
1616
12
430
347
313
6376
299
475
61
198
15
462
232
1029
536
74
263
1140
1796
1109
214
82
283
142
328
58
65
158
50
2028
596
673
1337
104
120
68
841
65
275
12
2901
31
594
1024
91
104
171
189
320
313
96
291
174
752
109
600
93
60
682
94
837
40
21
835
677
39
3642
3
593
170
332
1590
14
675
242
128
59
502
74
319
283
291
51
165
87
52
720
142
111
237
45
449
169
532
3489
551
782
230
43
141
67
177
153
247
466
249
797
12
96
777
537
449
377
3
582
281
464
46
74
214
1671
41
196
21
75
966
656
68
110
18
437
153
119
593
125
88
1061
534
494
1075
1705
278
2119
110
248
452
367
1031
1394
1257
218
1
452
496
127
303
553
1064
389
526
609
475
446
21
416
572
314
34
149
86
104
908
178
691
358
525
22
1967
1504
123
671
262
238
604
23
14
31
86
345
104
1664
570
13767
160
427
157
168
1271
1192
250
1138
412
105
1245
314
1224
818
10
408
6
40
3953
27
268
368
273
583
995
6
143
31
112
342
61
359
226
76
1489
487
53
620
988
171
29
55
1948
108
83
71
40
869
266
865
24172
432
35
10
290
356
243
762
272
513
137
376
1893
419
170
313
2
908
261
450
447
387
160
131
78
491
170
415
3931
578
452
991
698
89
71
223
466
30
544
543
659
66
123
66
28
33
140
8
23
128
1532
373
59
175
821
120
224
59
633
460
209
318
123
246
1212
138
391
150
1823
437
337
100
274
242
346
1747
552
579
69
1406
215
2462
418
401
1100
7
459
42
187
42
528
53
235
974
31
164
238
914
11
211
501
922
579
3068
243
414
1104
148
349
407
82
392
419
3039
21
163
832
52
271
80
481
382
57
78
66
148
290
336
410
40
665
143
585
488
336
26
640
108
362
864
40
728
461
1109
767
2104
1911
1525
1605
757
2044
566
172
159
156
563
543
538
162
189
454
28
480
96
990
400
3928
11262
495
165
357
1927
377
863
897
259
920
307
61
136
878
10
642
75
658
163
2122
526
6
512
353
1090
377
235
80
917
457
656
68
114
67
198
165
2
435
195
417
498
