241
131
276
142
115
134
1
173
112
115
115
210
147
1523
126
2
227
110
221
280
222
114
22
3
323
834
115
112
101
117
115
229
124
117
10
113
108
378
114
277
8
291
156
162
155
27
8
141
656
106
58
1577
286
190
123
184
133
156
128
233
115
115
923
3
113
669
147
110
960
550
559
5
116
400
528
1
168
7
203
117
238
450
400
140
9
2
1306
2
22
114
148
5
45
122
116
61
116
1
109
551
14
10
281
193
115
10
114
629
242
145
280
168
129
112
115
768
230
114
115
161
248
114
111
294
1
169
611
162
235
162
198
301
155
115
257
354
60
661
122
106
1283
142
434
115
259
117
111
127
117
79
187
359
358
104
65
306
282
1079
121
303
115
105
3
17
3
528
129
1125
1
8
199
3
1
117
100
66
123
1
115
147
113
49
330
1
330
115
196
116
39
543
178
284
114
364
205
243
342
129
118
134
115
313
230
11
3
147
136
729
292
114
310
99
366
102
517
126
120
1
10
99
627
4
70
645
648
113
234
195
17
9
12
279
391
7
450
130
9
1164
115
123
6
117
280
122
105
121
77
90
296
11
5
132
35
276
115
116
82
112
119
132
3722
4072
134
116
158
208
117
3
39
865
241
115
105
348
120
276
875
1
115
295
115
106
233
112
246
117
29
5
284
288
1
609
98
13
253
632
117
399
558
42
22
4
128
134
65
2
115
156
240
71
16
353
115
107
114
218
315
262
117
370
1
116
428
614
139
130
347
114
113
312
109
117
183
141
135
92
225
116
26
192
121
78
14
232
120
113
152
304
417
118
106
273
14
1
7
341
1
115
228
1
117
110
8
221
1
122
218
14
190
31
113
134
277
136
31
112
112
117
1
48
111
18
65
344
309
434
140
103
112
363
115
244
270
125
1
377
546
423
344
289
115
3
114
607
117
37
121
112
1
126
115
117
65
48
11
112
125
116
115
114
122
118
137
3
255
597
1
141
3
235
145
119
97
118
2
142
115
357
112
124
773
140
290
1
341
262
126
406
34
728
117
158
135
100
118
9
186
115
104
242
296
333
282
649
118
103
24
13
112
281
350
127
129
219
718
126
97
113
351
138
2
156
106
432
125
8325
115
222
237
368
341
106
112
118
141
40
156
14
75
162
16
117
115
367
145
12
74
243
70
7
332
13
5
324
79
114
122
116
117
197
116
1
1598
115
120
114
242
131
150
263
116
86
120
297
115
359
243
247
129
115
117
121
117
252
134
1
185
42
232
73
516
169
1
279
80
115
105
114
116
112
239
120
282
114
122
402
128
9
12
114
5
108
109
198
105
279
101
298
7
112
104
7
6
112
116
110
169
112
231
127
243
48
154
129
128
112
106
141
236
234
122
126
128
20
85
128
1
101
280
698
422
514
1
182
116
107
230
50
132
151
47
162
434
319
326
1420
129
256
321
111
117
349
108
123
140
112
115
113
80
146
155
116
118
290
114
119
774
288
115
142
111
958
219
122
20
115
114
10
119
109
112
139
232
65
241
109
