15
271
319
3
123
1
3744
5
67
52
848
21
1012
64
1516
1409
377
1483
86
427
6680
401
6
312
421
15
181
190
34
181
644
4
433
139
3082
44
230
1302
2
39
744
18
2
230
290
4
6
341
101
96
240
4
9
1743
1115
217
308
2
127
1
226
15
138
7731
1532
3
10576
237
1128
3572
446
310
899
517
72
125
334
8
3493
4820
67
996
208
1
135
94
7
982
1030
506
5
1876
181
241
26
9
5
278
3041
311
46
2507
532
1059
31
171
9
109
122
5985
69
3
540
642
28
27
1145
8
37
121
1
2240
51
1035
1117
732
197
1775
91
77
296
13441
44
147
44
99
59
69
9
10
5
1236
5
2
49
137
93
312
229
256
263
71
113
47
114
27
293
224
2929
2199
8
586
150
52
168
1686
1062
1254
23
39
54
69
15
2
8517
189
10
114
3
32
416
60
76
784
10
1454
158
2732
1934
297
354
1
3173
11
429
633
384
387
27
1098
110
3
287
10
864
12
1
109
512
120
77
1519
101
580
66
1203
298
1
133
1513
185
2205
249
74
435
173
22
77
733
33
95
27
77
7
2556
137
58
145
194
68
7035
36
16
331
3716
1407
176
8
1719
358
13
98
33
115
277
276
710
10
7
5
3834
3
1
9
1
6307
919
103
2118
1745
120
4357
34
96
2353
122
17
315
13
266
310
4078
96
6
325
8
7701
11
198
5
3748
183
29
196
3
125
77
24419
1299
507
262
95
182
19
657
115
72
1123
28
270
725
29
46
295
1583
4198
962
242
90
2546
472
3
7311
333
14
411
190
25
18
688
319
883
53
439
215
622
104
182
917
49
757
264
64
3691
8538
679
837
67
1248
2116
367
5317
706
39
6
9
1465
63
41
2021
309
575
1196
67
648
148
41
176
198
1498
150
185
3239
6
4939
245
1
5
11
174
3965
46
247
67
95
265
38
547
331
354
27
1
325
13461
31
75
96
8
10
7
2275
192
127
72
252
533
1746
301
205
114
1436
79
746
340
5
15
13
702
298
402
37
2
447
313
339
305
365
269
1099
149
187
15
393
287
311
170
206
123
103
194
3101
132
19
248
23
366
1706
602
126
115
300
75
315
205
342
1087
29
354
382
210
194
184
882
123
277
407
312
109
1401
1253
18
1186
111
123
696
61
1215
64
1452
1464
1346
32
6
392
4
1
15
206
206
3
2
122
7
1066
1073
395
52
248
327
511
1
64
307
10
479
79
12
572
1397
78
37
765
69
118
8
633
242
186
1237
6
851
3397
155
958
383
33
492
1
13
19
718
16
622
2467
3443
65
123
1680
1
156
185
4618
57
2
84
183
551
160
2039
41
451
7
1
54
1
33
18
91
54
173
13
569
108
145
8450
16
5792
45
177
596
1190
31
139
445
5944
1136
16
234
1264
254
2373
36
1044
38
106
8
300
307
1205
181
3
99
345
428
94
144
30
4
1282
606
311
141
122
970
234
183
2
157
20
459
192
3378
308
36
1306
87
412
511
41
233
6999
304
1406
56
291
631
282
1268
1416
10
107
6
96
2144
159
11
54
26
368
9
31
403
16
1913
23
4998
95
187
1
15
69
158
267
39
183
371
228
27
1
2385
52
800
41
27
143
17
5905
227
23
3127
314
152
989
32
2
110
7
306
48
601
89
7
397
5
238
1
1
71
92
361
32
104
48
40
69
1
179
3494
156
17
50
877
10
1843
891
1043
225
9
7
165
804
64
1281
3258
80
40
113
14
149
1
1646
1628
76
550
248
1
91
1072
42
32
17
139
4332
7
2
81
343
121
65
6
29
185
1559
29004
869
19
8
56
69
950
2
129
49
2
302
183
16
1293
1393
73
7
1
320
14
177
3
331
50
5
3
14
18
94
72
98
191
34
1305
97
293
685
19
148
250
269
115
43
405
1
56
1143
382
1084
95
23
313
310
211
397
626
126
12
359
78
12
28
316
121
33
181
119
123
1
2301
10
2148
9
79
304
1096
1341
73
1114
243
118
45
395
38
1310
50
701
892
92
180
23
344
188
29
249
238
689
131
56
85
116
26
6
979
2880
45
34
860
970
53
25
6
99
2439
693
3080
3733
2646
5
1389
251
21006
36
3
63
571
525
68
40
354
1992
195
437
21
4497
660
40
14
2873
1213
5569
1023
25
122
165
62
492
98
283
4490
41
4892
283
133
3874
3
160
240
4090
10
18
251
24
5
117
1172
4519
2392
3
1489
375
1
1223
180
4144
307
302
19
130
159
4
9
1630
957
232
60
677
391
50
74
144
114
68
2
8
649
18699
1
5
149
94
219
934
115
342
367
65
714
70
333
37
1510
601
786
133
79
720
200
130
59
4
2390
1342
480
73
4573
18
1355
19
916
1
48
183
467
90
81
48
29
26
12
506
40
14
133
1315
2988
1
84
344
63
3
50
1785
547
185
120
5
2
30
70
121
38
248
313
185
68
1352
569
520
2204
24
451
1609
2516
60
225
3
28
412
4786
2
419
419
19135
346
238
25
328
6
6
30
48
548
419
545
1755
47
6
318
1047
954
3
1890
13
706
2
12
56
308
1656
61
56192
220
438
21
242
386
460
401
1
257
31
282
23
2
379
72
183
6
186
54
1027
26
16
115
8
2416
19524
1
33
4681
42
3
65
3
1
358
125
33
10
2215
171
1399
139
541
2
3
637
72
34
211
42
361
1
15
123
41
3
2438
1187
45
28
212
898
165
53
171
387
81
85
546
148
125
231
118
354
129
196
122
1288
212
14
8
457
4
142
112
1
222
230
4
577
890
42
130
3
803
44
329
44
7
95
610
293
212
436
239
56
573
269
68
119
483
31
168
1
71
83
24
1951
183
24
34
100
38
15
311
5
5
124
158
13
214
20
216
1192
1585
794
2
145
695
288
338
277
105
26
11
2
231
1781
54
11
1306
16
175
207
80
84
52
3
385
214
13
238
77
1662
87
284
3
111
10
3
14
519
209
318
990
752
389
13
14
641
45
40
1
231
28
65
12
317
13
1
8
49
543
1
11
83
21
12
121
1065
70
297
214
12
202
18
302
744
630
118
866
6746
1
21
259
299
212
688
122
116
16
312
216
189
20
103
14
3
31
2
7
175
1433
121
373
286
186
27585
5
3254
276
28122
10
2063
119
254
17
21
2
543
905
44
53
12
6
10
148
109
25
559
1433
16
2
80
10
109
1
658
269
190
757
589
1093
90
767
1
3
278
286
19
14351
71
293
190
1
41
31
281
195
59
22
168
162
92
2
53
441
3
432
3473
351
992
23
365
115
16
8
2
41
16
1009
75
170
12
1
51
31
26
2214
17
2
62
9601
263
159
236
201
9
82
37
14
5253
158
1
582
332
125
9
40
1
349
292
1
48
14
181
135
716
240
147
149
185
352
1
408
25
3
33
1066
484
870
46
201
27
458
64
36
107
339
48
1040
31
1
52
32
1127
62
1056
12
97
1058
119
961
1
2031
30
344
542
4
8
374
219
185
296
191
24
284
15
30
518
123
2829
33
304
3904
27
28
26
529
61
20
1292
349
1114
77
2
655
773
78
969
203
76
754
58
39
6
182
499
981
189
148
349
246
20
1060
777
57
3929
763
51
3754
149
2
764
589
32
375
2282
2
428
1789
1
143
5670
25
116
254
333
26
6
1
1498
2329
809
1845
115
197
292
322
185
648
131
114
287
33
1814
196
323
128
321
135
367
24
173
72
1010
448
320
606
1035
206
28
302
246
134
1259
1225
115
502
722
34
277
465
221
87
252
34
552
32
9
28
350
276
11
101
54
23
79
222
240
150
311
78
2337
214
149
202
2228
1558
19
875
457
308
184
144
250
119
246
230
90
265
2757
57
98
104
46
436
7
39
541
21
622
124
201
335
