51
97
19
5032
479
6
54
384
126
69
311
215
13
29
106
99
96
9
123
220
23
95
172
98
139
223
18
16
12
1
68
41
102
273
40
1909
26
92
147
51
533
52
215
56
183
130
245
56
59
253
55
237
219
380
402
372
184
266
51
191
322
84
51
187
93
178
1764
127
288
94
470
52
55
2
52
218
134
52
2
218
199
6
287
193
175
401
492
71
1
145
55
55
60
443
216
362
340
293
165
4
147
95
248
62
1
8
228
221
415
1
2
17
112
248
56
55
50
167
172
223
153
166
1
1167
167
55
221
248
55
64
56
1
56
409
51
55
396
224
183
235
268
104
51
331
95
696
426
182
100
177
209
143
166
55
89
60
168
337
125
178
6
165
259
287
387
5
179
96
484
165
55
211
220
655
56
55
243
205
