11
9
3751
19
203
38
166
73
25
18
10
27
192
21
21
18
23
105
26
50
768
50
44
72
11
57
134
157
298
33
356
4
106
142
5
66
247
1505
120
31
47
129
94
10
91
43
92
203
35
54
49
8
34
287
154
136
422
272
32
4
92
444
1147
331
76
231
87
237
246
115
212
238
213
19
202
132
35
128
201
239
31
219
13
6
6
218
8
129
25
461
6
25
389
151
268
76
46
9
75
207
202
132
314
206
85
1
4732
124
3
289
12
64
219
101
36
31
10
249
29
200
29
9
354
57
21
235
15
21
641
230
30
51
265
87
289
121
202
67
28
171
145
91
246
79
202
77
206
250
227
229
349
31
518
169
440
80
300
30
211
23
29
34
14
510
339
202
135
200
