202
287
13
342
73
176
50
9
218
637
816
157
384
23
232
747
64
167
7
209
196
228
31
2
33
174
10
59
1
2257
8
278
348
356
72
195
403
112
24
267
13
159
22
23
609
572
227
87
27
28
123
117
310
58
98
12
689
491
1
671
15
352
38
30
108
579
200
86
338
70
846
1
883
217
213
298
852
339
34
5
456
201
10
1053
177
701
72
216
126
1523
187
139
187
408
1295
1709
108
86
161
293
1726
27
3
846
1878
215
23
390
202
280
524
195
324
219
201
580
341
223
196
243
385
82
334
244
203
146
189
528
118
103
121
219
84
52
665
241
246
72
282
279
242
829
193
748
124
63
197
397
302
72
196
331
386
274
536
35
376
10
932
226
347
339
222
333
127
129
90
1185
143
650
770
887
735
1
235
188
93
7
222
555
236
1194
42
1
138
342
25
82
870
637
584
447
1090
429
313
326
1664
101
313
342
523
55
48
16
545
183
138
233
471
364
89
404
203
937
441
2720
532
561
716
609
699
109
313
641
2839
130
190
575
493
355
51
113
693
209
1
261
1
34
200
73
451
301
257
294
417
24
1082
44
198
214
200
196
28
1693
85
19
632
13
292
2
288
235
325
363
78
521
384
826
421
448
87
8
270
856
339
564
195
199
225
55
188
10
358
379
187
684
1
114
745
306
32
215
2030
406
371
457
160
32
90
209
5096
43
645
144
335
157
916
359
70
527
498
16
694
344
101
947
2
1
444
267
26
403
698
129
528
183
22
4
243
282
332
724
73
49
202
202
195
211
275
205
174
159
195
84
59
211
