125
1068
405
532
105
37
16
166
26
643
309
319
901
11
29
1
10
246
105
123
956
146
202
124
856
112
170
1004
822
61
429
126
3
667
313
165
374
32
160
62
842
12
96
176
16
1785
107
269
104
71
360
115
28
56
182
2
355
3
209
20
337
492
60
132
3076
248
103
724
394
8
2
486
252
109
810
696
42
21
67
393
20
49
116
1
12
386
239
33
739
91
697
15
358
15
387
558
1026
275
173
205
196
693
172
272
1056
63
406
39
7
259
208
25
90
667
601
55
1190
6
240
32
169
695
275
734
1121
53
33
6968
199
203
59
823
42
200
2014
215
146
5
476
49
215
95
6
315
229
272
136
336
144
34
397
245
822
7
372
346
8
252
22
547
299
2
631
731
963
565
1399
93
1173
415
21
58
78
764
137
92
252
327
549
852
266
1534
149
242
312
199
31
13
115
136
262
189
77
321
222
3
4
498
2
14
48
277
418
925
240
572
651
522
1816
11
112
3002
41
647
236
58
226
83
496
1
29
611
44
141
3
15
27
248
210
7
71
373
153
363
457
180
275
203
404
28
149
12
547
150
417
871
4
13
251
240
15
69
6735
104
1839
238
150
377
145
3
135
5
3
143
55
6
340
20
170
1148
83
201
95
45
44
483
3495
246
5
7199
128
41
175
8
364
995
767
195
79
66
175
1
649
18
210
22
292
386
33
135
212
1392
221
4
292
1324
146
2
185
11
3195
2
19
1
3
254
808
76
175
259
65
155
13
104
259
3
652
33
153
141
332
577
221
23
50
48
507
111
2262
47
37
245
71
3249
172
93
380
115
2
2530
1045
3
112
316
484
95
14
12
436
805
176
30
857
1
780
740
1200
193
1076
473
141
1
547
350
340
67
757
91
3
59
117
591
136
840
100
158
194
10
109
35
665
350
78
523
64
72
42
862
171
328
968
344
86
183
415
830
28
2
388
221
70
60
231
365
22
75
608
34
127
678
116
209
111
124
41
356
106
7
3525
9
466
405
784
322
156
633
756
60
8
127
109
602
14
1247
55
117
468
57
403
215
1
9
7
604
52
549
370
3
231
90
539
1122
127
1035
300
122
1082
8
496
1214
80
715
295
49
254
307
598
26
78
947
73
92
27
10
15
907
219
255
745
204
129
439
40
35
5331
249
112
26
225
30
91
265
193
75
123
196
38
6
142
1093
80
35
198
23
279
536
66
494
7
11
120
86
7
21
988
428
4
4376
24
120
1
1282
217
42
40
69
47
41
1382
36
530
13
231
514
378
43
335
272
211
32
180
210
2
10
52
6
205
250
91
135
107
908
61
255
1360
248
12
274
37
95
337
143
147
245
256
2
235
184
217
257
3
611
95
27
102
116
215
4
591
287
996
2
181
206
1
334
221
262
332
201
46
99
219
235
20
229
125
4
2742
316
21
53
134
274
170
1901
255
3
120
179
149
125
1992
120
501
127
515
265
357
190
277
66
593
1564
262
36
1
1
39
1005
156
197
13
673
474
4
724
562
505
435
108
114
93
2086
105
171
24
97
98
6
6
745
73
19
289
33
841
428
20
873
228
45
234
681
3161
3
26
79
134
65
26
60
428
91
133
137
183
759
112
19
860
24
234
280
37
175
1496
1135
573
741
8483
105
296
265
104
22
313
242
4
780
31
76
224
10
51
17
268
104
445
678
56
103
47
97
9
70
14
552
183
78
51
43
453
103
246
115
114
216
239
39
127
244
237
7
102
414
56
352
174
44
216
194
630
51
68
153
254
649
306
84
190
180
761
17
742
588
12
470
379
187
181
220
238
2334
69
74
389
346
202
45
29
242
26
347
52
29
6
54
95
51
40
16
129
511
857
91
46
124
238
582
173
382
369
680
692
81
91
654
89
47
277
8
11
210
8
207
219
37
31
78
161
179
318
220
26
67
314
14
321
125
262
376
31
367
913
60
18
404
1080
55
72
1810
1133
7
29
266
25
350
23
604
1115
362
763
54
1
76
68
4
161
13
289
64
1236
175
668
122
257
552
680
19
430
191
59
214
382
53
251
9
231
719
164
183
196
286
294
70
79
647
539
266
566
156
1
490
22
859
219
1
246
4059
214
33
1034
98
45
1219
105
753
9
135
4
17
420
68
31
297
621
90
8
1
216
17
249
119
284
698
185
204
90
706
68
246
617
13
32
18
71
655
126
5
298
17
659
121
102
707
182
90
14
843
98
116
33
3686
878
433
79
8
282
295
33
293
12
58
6
402
224
70
616
204
85
7
150
193
1150
105
909
100
34
8
405
33
52
33
2
898
634
328
1316
59
815
1324
27
1
246
66
11
688
1
243
463
343
11
561
222
57
66
847
604
79
1151
615
554
399
221
22
857
277
142
89
8
288
861
851
71
312
16
422
319
1060
209
14
8
818
568
5699
1352
13
688
22
19
263
1
65
303
882
34
50
33
106
669
2
4
147
39
66
1482
106
3
89
1074
27
325
1151
239
122
59
248
11
1975
79
1178
273
5
1
27
969
58
518
3
304
77
568
796
2
350
42
157
1
251
37
78
249
266
801
248
130
1
739
245
320
164
136
112
21
267
22
2
974
6
180
24
12
125
44
197
787
128
149
10
162
1
58
639
4
1263
13
362
158
76
239
19
214
16
226
829
1208
1
204
18
121
686
212
289
379
201
62
246
224
325
201
251
16
28
768
50
652
392
349
737
245
93
586
3
344
826
124
666
20
1527
254
137
74
84
310
227
833
142
169
58
285
1418
14
25
804
38
222
641
1701
778
1141
307
288
292
287
175
245
30
97
6
105
184
155
313
90
44
9
123
393
666
698
910
253
37
390
21
2065
473
650
10
330
143
23
40
633
44
346
238
30
167
41
384
244
888
311
60
294
56
549
223
35
395
165
282
100
16
492
12034
76
95
64
215
184
458
412
786
78
176
838
278
99
135
129
252
17
135
105
203
665
573
682
29
55
5
276
486
473
28
261
60
1
503
477
38
272
55
172
15
18
340
24
302
189
10
1
2634
248
126
1072
5
502
29
193
149
562
270
9
189
8
3
2256
265
22
726
234
110
54
10
9
50
240
122
95
401
23
1
239
1067
537
188
862
185
98
10
247
35
27
150
217
2388
532
1
8
20
633
51
10
77
1
440
205
42
209
211
149
272
115
142
222
428
3
199
244
177
155
2
353
174
278
653
1266
259
183
4
23
229
41
270
5
3
95
136
368
580
120
852
162
392
857
240
294
127
296
12
501
307
6
131
13
302
145
44
6
166
26
53
73
5
119
424
711
133
216
236
192
64
33
2
445
85
534
1180
29
111
41
95
6
308
516
210
122
245
247
26
134
83
48
801
48
2619
70
333
196
241
50
541
126
3
7
559
30
643
997
6
632
215
212
262
222
915
862
212
87
192
322
8
345
108
67
200
12
604
813
296
204
11
23
4
75
257
215
216
6
56
241
333
139
238
103
212
127
212
1
181
55
247
117
470
96
855
54
238
18
43
179
63
260
174
125
544
2
299
107
159
283
33
14
255
181
142
243
33
144
223
6
252
1003
218
181
