461
22
172
298
110
102
24
461
7
10
1807
4
671
300
425
302
155
242
404
92
29
235
129
174
6
280
648
62
131
4
83
332
279
347
482
336
381
121
155
568
293
280
395
302
340
397
292
327
394
289
184
160
353
377
483
282
322
1229
207
325
5513
56
296
10
364
340
318
133
49
213
2390
561
218
63
184
702
4
1
2009
203
279
262
83
116
306
629
253
48
36
273
185
580
477
39
36
186
8
4300
200
2
278
80
82
33
3
230
5
51
476
631
252
905
234
1
395
235
160
425
337
330
7
71
225
463
857
1856
1447
293
213
63
168
293
1
170
379
294
56
389
67
186
213
24
62
288
435
367
1539
590
46
1599
152
252
341
342
973
387
331
310
316
338
347
555
