154
34
68
7
32
24
168
2
78
419
71
3
1
3660
165
156
141
1078
274
722
632
709
20
810
636
2756
284
179
674
1142
1238
27
235
467
87
558
999
149
554
7
750
4
1
732
25
102
1437
498
419
430
560
438
126
643
628
809
134
495
1075
40
70
39
928
330
1167
584
1429
779
56
369
838
419
760
412
2
29
303
106
280
322
309
113
617
123
621
319
398
780
196
573
58
300
1108
589
315
1150
326
4191
1001
915
634
807
76
20
4230
220
33
460
145
2682
678
28
308
321
239
186
583
124
458
1397
2138
4654
126
78
19
69
628
802
199
1970
709
725
1981
3
2048
3305
310
78
1064
424
955
1605
709
334
285
616
909
1086
31
265
1140
507
1170
751
600
64
518
168
557
472
82
187
443
5
93
460
109
52
1
44
804
1062
127
738
691
183
2338
