150
52
119
218
1
697
1042
44
1
544
52
60
22
719
9
5
289
898
32
1
4
165
338
5
70
25
60
379
466
1
2
1
521
229
3
125
619
37
183
45
6
400
398
128
622
334
47
196
18
293
19
206
6656
156
164
34
3
173
195
1071
2
1
69
6
461
247
738
145
1
518
6
36
107
341
5
1
853
424
2
2
779
149
217
398
127
13
1
250
55
119
1149
150
531
123
395
172
9
10
28
732
1
205
1666
27
11
2397
299
406
146
125
830
216
435
340
247
138
19
15
904
402
616
304
137
1287
142
357
15
1221
213
307
66
633
72
373
435
3
371
423
143
181
339
425
741
490
200
11
6
110
103
22
905
605
2465
15
110
38
7
278
488
184
274
95
22
16
1
397
121
171
233
130
79
15
4564
2537
39
162
590
23
209
64
2
237
217
125
430
220
5
100
149
106
352
107
644
12
110
676
248
1
427
155
395
583
59
397
39
5
1
63
1
203
334
171
1
88
101
45
2
4656
688
1218
395
1413
432
143
7
356
191
3
56
15
44
179
97
1392
11
26
1
123
1
402
1
276
38
133
25
12
191
77
74
612
1280
4
118
627
925
270
22
3
396
13
3
530
172
721
5
400
394
458
14
1995
53
338
5
168
21
179
60
59
602
2
1
1
45
292
57
4
543
150
48
193
124
158
403
13
394
6
14
416
435
250
300
380
581
383
17
133
7
1
3
39
8
350
46
50
398
403
362
83
44
86
974
286
42
339
1845
275
275
315
22
2
277
