101
107
7
55
115
9
203
135
75
11
47
379
12
75
82
117
24
125
38
10
3
81
8
49
115
49
17
78
7
7
477
24
24
75
34
125
501
144
82
74
110
166
6
14
173
117
3
9774
7
219
15
69
6
6
71
53
741
81
18
3
159
6
71
86
24
75
316
83
224
3
5
80
5
84
81
82
64
24
122
137
79
171
48
229
34
11
79
30
756
506
76
118
22
303
74
318
220
559
75
539
72
305
183
76
285
94
333
221
39
2283
307
86
13
241
74
90
741
281
2
79
243
100
151
3
3
767
8
47
18
102
1
361
56
54
191
7
37
1026
34
219
137
121
5
36
75
82
1088
75
143
26
35
95
125
114
8
24
77
68
73
8
2
39
21
1003
72
13
31
98
34
12
42
32
72
190
184
9
13
6
232
82
367
56
131
34
3
260
227
224
75
768
10
133
96
53
168
83
44
73
85
4
108
16
9
75
26
36
288
36
85
281
187
4
12
29
83
228
42
1
75
13
2
77
26
299
54
5
98
220
183
134
1173
6
1714
197
3
18
143
189
176
64
143
33
6
84
82
208
3
136
4
21
4
310
214
1
98
644
85
120
97
84
15
247
3
133
78
14
196
200
22
27
126
28
89
81
96
77
69
20
220
76
51
4
45
80
82
14
154
15
124
18
20
171
198
746
280
3
480
127
72
125
72
72
209
164
44
214
90
33
85
84
76
116
15
3317
56
242
19
78
853
3
27
276
237
67
96
75
88
76
77
125
3
2
6
422
195
88
106
84
40
35
8649
72
198
160
162
220
139
3
202
11
235
107
110
121
71
75
152
161
350
85
76
61
202
105
76
75
125
187
75
167
5
92
24
96
91
10
167
166
171
686
184
63
6
75
301
76
88
213
173
251
7
2
