109
8
162
8
24
380
28
262
212
17
21
12
61
58
51
103
12
9
1
8558
167
37
112
91
141
12
101
6
25
94
25
100
33
400
11
44
24
400
16
29
32
116
14
304
83
108
282
34
58
42
94
157
16
92
148
3
7
27
23
45
38
448
51
19
28
37
169
92
35
112
170
151
11
28
13
23
37
129
7
350
310
3
14
11
13
3
125
11
9
50
48
27
1422
25
62
219
78
3
79
7
146
435
1
110
18
174
14
79
88
74
8
169
24
87
63
122
98
13
157
38
24
353
219
20
38
16
160
16
39
167
267
313
8
21
225
740
230
6
150
20
43
39
614
106
5
1
13
27
106
146
2459
250
32
68
5
29
102
241
203
34
424
25
13
129
48
6
30
21
8
180
5
17
126
147
730
28
171
13
83
26
80
9
4
112
38
138
1584
31
22
173
28
8
54
11
19
36
27
48
266
7
1816
123
89
31
38
28
15
125
37
277
22
11
14
30
30
87
19
36
148
58
120
36
14
338
368
41
4
97
139
31
53
168
277
1
2
71
691
23
1
22
282
259
62
186
7
3308
14
61
44
31
476
32
15
30
17
23
45
18
77
29
9
119
368
76
7
187
3
33
209
743
362
26
124
182
28
222
203
1
29
350
125
12
111
28
671
69
47
27
137
120
71
6
236
808
9
434
206
133
209
40
135
1239
1795
716
452
2
768
10
18
59
25
226
268
9
64
18
24
1
126
54
24
178
193
13
27
400
1
135
145
162
8113
910
76
64
297
27
12
109
135
123
25
87
55
12
98
25
111
153
30
10
120
82
75
202
24
24
74
111
75
27
149
350
221
23
1
105
233
133
138
43
7
168
130
31
19
184
30
241
29
409
147
95
1284
558
244
90
242
248
10
11
169
122
213
86
132
37
117
173
92
385
394
20
184
19
65
16
11
281
22
132
14
115
31
16
182
1146
24
698
105
68
446
67
48
66
63
16
108
13
124
1
231
135
72
74
183
32
169
4
30
11
49
24
3
37
