4
105
55
2761
13
213
677
252
126
225
228
121
268
123
136
245
105
105
122
990
125
113
391
469
394
380
109
627
521
621
295
876
230
262
784
251
107
553
234
240
259
234
658
333
796
232
232
580
506
248
105
225
524
125
165
412
375
607
1
258
239
174
215
397
612
269
105
342
168
95
276
105
106
111
117
101
253
770
144
231
413
264
373
249
110
648
110
105
1094
137
252
47
1484
269
106
250
835
1183
170
686
1097
433
261
37
256
11
557
428
238
130
968
227
545
653
272
113
410
107
121
92
221
233
213
307
105
253
222
114
2
291
228
817
112
218
652
105
126
402
106
250
752
455
247
235
280
2033
59
415
410
189
105
105
299
115
95
220
123
108
198
280
558
232
120
103
207
220
468
125
256
249
782
109
401
253
251
105
467
105
226
293
208
228
121
241
105
450
167
127
394
245
292
317
238
250
241
2270
