300
1
70
184
51
134
17
281
170
244
124
62
186
77
314
310
276
140
230
1
28
600
368
65
291
11
65
358
996
311
30
249
316
72
99
779
808
306
170
673
3
478
65
299
227
284
644
243
96
588
183
197
63
310
384
499
349
342
202
299
474
682
307
193
1269
345
330
313
70
317
154
552
95
278
300
94
72
123
61
25
255
330
313
328
272
307
65
93
185
282
111
261
221
1
331
307
393
129
316
65
497
403
70
144
314
186
578
259
69
188
200
1116
644
462
310
244
171
147
65
79
468
78
126
65
946
65
301
292
73
176
48
231
357
166
142
1
67
1046
183
118
307
296
351
258
1
8
35
344
65
173
1006
1
864
290
62
66
61
183
61
65
212
70
308
129
474
68
649
293
250
269
132
273
186
105
450
68
71
194
366
217
351
65
156
210
311
58
1288
66
390
182
269
319
209
332
375
311
961
68
284
68
83
67
62
349
334
176
211
280
325
45
422
62
137
244
185
1943
322
186
233
356
218
423
161
266
62
540
184
248
260
181
434
278
173
302
623
777
127
177
53
190
302
285
65
65
61
60
157
823
202
185
168
277
261
32
274
310
140
65
453
200
414
186
306
279
65
61
199
300
1869
316
134
357
170
