212
20
75
241
95
570
528
207
78
333
81
91
290
7
68
760
200
68
1
765
55
72
91
75
47
99
104
44
725
610
266
72
189
75
244
271
75
485
76
506
338
227
217
73
346
208
416
45
75
2239
491
197
35
74
68
75
421
585
200
174
215
335
83
255
283
198
180
927
658
215
179
75
76
967
205
176
201
421
297
122
247
75
75
134
722
369
75
263
245
358
432
75
382
171
559
94
32
75
102
81
75
75
72
250
86
269
135
195
73
186
87
196
369
182
180
144
84
23
72
74
76
331
241
321
8
72
56
130
142
64
202
85
75
400
90
378
168
7
71
75
233
159
