1120
65
167
9
7
279
624
95
121
32
2
217
96
67
7
446
100
75
876
12
48
73
649
96
9
1
187
365
23
532
5
23
224
78
450
1
97
52
23
175
1307
149
53
118
55
4
18
475
40
399
285
3
128
5
158
159
10
97
89
718
16
277
989
921
387
372
142
198
135
584
155
604
622
8
385
404
115
2
84
138
604
2474
193
1586
49
23
119
54
256
38
669
6
419
220
535
893
26
2062
126
420
4
76
33
6
121
19
213
315
117
58
67
313
735
53
182
624
485
58
1278
565
723
664
75
587
637
242
1
75
11
40
388
185
289
339
358
337
52
207
74
163
182
615
141
126
507
64
94
27
1661
95
132
738
762
111
522
63
410
79
9
602
70
400
72
618
422
739
272
430
434
1954
8
634
426
534
667
222
1691
244
639
13
32
612
136
23
723
436
280
427
68
125
206
1
726
231
4
430
17
12
197
1006
231
504
768
434
631
13
2341
858
313
197
38
565
47
300
13
77
445
979
17
1
578
7
127
189
1018
28
334
75
421
35
1855
620
840
1177
429
40
335
65
658
268
2
662
771
1781
20
77
614
874
197
57
19
200
1276
363
5
153
2464
1
3139
270
1
683
699
566
773
117
1527
478
6417
44
2087
12
75
46
562
333
36
561
36
182
484
37
119
961
1278
28
917
870
787
139
661
31
360
405
66
10
10
127
823
604
374
243
1310
14
915
334
739
852
505
3010
2212
181
470
194
22
43
1
514
504
353
567
11
450
1
137
132
264
413
21
22
363
480
782
1
373
924
229
73
837
250
1850
550
597
403
166
41
1553
649
68
32
159
664
477
314
739
44
10
131
1200
611
485
117
9
10
609
329
178
60
503
42
251
11
11
51
122
5
213
5
971
156
6
718
431
510
206
62
12
143
75
775
1316
13
1488
473
239
206
468
576
2325
319
722
1243
74
604
400
87
744
137
21
434
278
206
103
275
641
171
94
647
55
675
50
82
3326
496
187
67
97
8
182
475
79
710
604
1120
34742
477
763
408
1775
85
868
339
22
645
49
94
165
897
218
486
568
1768
2
786
52
38
812
76
499
463
18
570
76
514
537
442
35
4013
79
155
39
214
391
221
111
470
275
140
3
636
35
674
147
60
103
255
5
419
11
456
699
15
130
334
179
308
3167
701
228
48
346
151
205
45
1
11
302
9
424
15
4207
1
647
157
1382
1165
685
39
201
28
132
618
1192
1013
819
100
2973
302
2143
35
15
71
693
21
24
320
20
567
75
475
11
458
528
200
271
127
129
474
160
122
535
463
448
359
414
1156
33
339
258
346
537
967
289
125
1
249
43
717
1116
30
557
140
1120
623
71
688
16
509
9
567
150
46
330
34
490
475
510
573
202
2733
350
362
440
42
553
140
535
803
65
224
11
135
1
529
504
96
246
140
63
25
539
1443
56
3319
254
145
44
276
162
386
866
772
76
327
295
2
412
419
594
34
208
150
525
237
192
500
39
441
208
85
433
359
26
114
262
746
613
39
610
37
25
817
32
20
839
308
74
277
1015
496
513
131
337
106
420
14
319
960
942
683
540
4
96
157
5
638
123
652
126
10
868
21
131
83
71
11
1037
1
777
600
27
1409
228
1718
3
287
134
162
738
137
2
506
252
222
255
188
634
149
104
1
376
1015
676
135
527
59
1046
218
717
15
856
121
891
38
943
1512
277
819
1017
182
151
222
1247
280
92
659
234
1769
294
1764
155
403
1486
963
223
226
822
162
676
39
426
204
664
266
799
2498
1269
104
533
363
419
1240
896
14
404
278
94
1443
270
279
686
8
409
42
33
389
107
121
119
379
6
101
465
59
284
131
282
540
787
273
480
52
151
1924
57
2048
532
379
288
1906
228
1054
86
4
461
490
528
673
44
39
137
343
374
133
29
785
64
127
11
311
128
571
127
82
251
513
41
42
159
132
960
69
5
176
26
224
3
898
381
469
52
552
567
297
153
523
455
67
113
633
40
154
658
18
255
150
367
34
37
181
432
104
1
50
253
82
1347
311
878
381
715
695
30
170
392
34
9
524
353
265
7
465
12
1
96
5
345
863
1877
529
5
273
65
44
77
85
13
217
3
436
83
68
136
40
574
71
16
976
636
218
380
268
267
123
778
92
709
620
228
54
141
1068
521
9
216
688
56
141
854
76
1128
271
719
2583
3996
474
488
425
147
610
637
109
20
245
131
594
202
710
24
2
46
307
265
432
556
439
2
575
688
569
112
227
108
5456
78
29
94
89
301
8
600
35
1259
502
11
259
18
336
1239
4
565
32
1
310
354
17
379
294
4773
567
613
10
455
94
542
2159
719
80
827
47
237
2288
71
405
17
78
143
618
15
932
95
918
379
120
92
10
1188
48
211
386
56
444
346
29
430
16
18
564
1
72
423
424
930
102
23
622
510
223
421
394
23
9
15
1
65
436
1
37
555
290
418
225
57
146
1586
289
656
87
112
385
663
337
834
563
11
17
675
24
558
27
65
569
623
752
1302
14
883
430
165
69
73
305
247
417
1761
502
189
432
512
639
420
28
68
50
65
545
504
145
155
393
170
766
304
163
600
396
62
78
569
78
43
5
107
81
111
403
7464
56
128
30
76
30
215
6
29
797
390
415
605
127
384
449
154
529
20
74
416
745
1108
158
47
523
914
194
32
159
4
120
181
193
585
10
126
585
3
2799
652
697
330
45
515
969
144
185
535
14
365
30
299
825
984
154
8
537
493
105
277
25
359
60
116
249
99
444
69
934
1822
473
212
357
487
281
333
601
26
89
77
432
57
693
144
751
214
302
27
484
29
97
46
276
888
497
83
96
225
598
506
575
931
42
28
42
37
597
309
509
162
608
641
1098
388
141
486
1879
313
6
22
9
115
357
52
83
187
532
90
73
1127
358
13
72
1173
1046
621
356
81
402
32
3
971
164
2020
551
879
366
64
59
62
1118
233
21
428
225
690
400
492
480
29
594
4
611
340
713
227
405
730
153
149
40
36
639
834
428
30
1
82
114
11
974
376
12
11
239
1169
415
206
7
155
562
273
113
4
80
264
565
11
197
63
63
119
330
122
899
68
20
210
524
213
21
551
451
305
86
416
814
665
14
43
463
86
238
1647
464
110
27
135
223
151
95
36
1178
47
218
46
703
232
2946
351
116
23
839
902
261
261
456
295
231
415
613
1
154
220
583
519
36
24
366
360
166
317
755
492
539
415
878
6
476
665
456
1
71
308
1745
339
381
135
531
2201
12
545
18
613
682
448
95
248
417
80
69
119
9
522
2417
28
432
2
283
6291
431
24
36
313
141
528
449
15
42
600
37
77
39
596
492
387
393
713
254
70
299
1656
188
964
924
139
713
1616
644
979
16
1609
341
57
44
19
247
203
120
452
699
22
568
609
585
20
32
33
491
71
1127
1013
406
809
20
706
15
150
9
1
46
833
377
80
1
1775
59
184
415
40
563
636
96
1638
164
39
652
503
15
39
198
2754
2038
106
403
278
809
839
529
860
87
324
695
488
9
640
35
129
619
250
836
1104
65
143
144
414
9
209
560
281
624
4
6
43
564
163
214
24
53
62
871
2
12
1711
742
679
823
740
406
338
164
6
66
602
92
12
380
519
546
429
243
144
714
118
779
441
182
440
87
1
490
189
12
1450
1
22
146
572
21
37
527
175
650
9
140
71
75
657
1365
148
27
216
1615
46
101
76
703
29
1964
179
161
8
178
138
681
15
1027
598
433
371
535
734
83
33
580
220
694
1906
55
44
688
93
55
43
188
61
180
568
1811
92
366
14
393
423
201
953
801
507
8
223
89
1277
55
1023
818
535
480
1307
205
67
1
664
12
470
253
32
952
559
89
583
81
68
1
331
469
126
193
201
2071
210
388
106
11
92
94
63
756
49
144
95
3877
306
571
583
344
718
49
830
32
682
656
5291
217
325
1175
10
738
102
184
316
896
18
889
791
63
30
139
51
8
5
207
1348
658
1215
1382
384
624
590
85
78
191
407
10
23
803
240
193
41
25
232
772
361
102
205
17
16
46
766
160
492
307
282
316
69
85
557
164
344
79
5
16
9
719
422
426
681
678
533
244
503
319
39
387
96
63
451
225
314
33
889
424
578
655
116
508
924
615
1050
1246
662
96
744
687
280
599
8
238
128
310
29
29
61
409
637
19
194
169
589
130
470
9
26
872
961
122
587
726
69
394
162
276
1
13
346
290
395
85
380
1144
884
816
329
15
746
334
165
134
14
298
65
79
91
1
14
100
592
486
273
757
341
191
27
217
92
501
597
1956
24
54
182
2
55
3445
1633
1060
169
352
680
40
143
2
711
128
1360
553
78
174
826
452
78
436
201
60
366
146
487
662
34
471
386
479
478
375
211
1
357
314
2
38
109
298
124
99
476
45
22
745
611
128
2859
92
480
657
492
411
979
662
251
705
542
850
721
514
66
827
432
638
89
10
186
702
119
44
10
7
485
921
375
516
497
274
70
233
314
3
63
28
25
208
327
157
97
37
398
445
17
46
1619
1184
2
52
457
532
393
165
1056
216
439
17
454
369
278
213
53
46
7
362
592
1
180
846
564
226
466
743
79
501
288
710
24
220
66
87
554
2
638
561
617
10
94
811
12
96
602
784
67
229
769
304
469
821
93
1
338
159
345
149
146
427
426
386
12
1712
85
57
1
780
13
87
41
91
1578
681
258
44
983
55
929
437
574
867
1279
623
787
124
319
1251
259
469
131
18
10
616
124
71
171
325
206
2615
118
1312
450
456
260
1332
296
9812
121
241
306
731
502
29
10
136
194
676
161
75
96
159
37
20
910
610
834
815
295
10
409
52
249
1243
204
231
118
12
448
617
550
551
1406
213
540
1483
468
766
4431
420
45
318
274
23
200
391
487
497
93
101
494
695
427
1193
152
50
15
138
10
391
98
138
23
28
15048
395
267
32
591
1571
54
251
196
4
369
113
1090
665
576
87
441
332
197
2
94
1016
697
96
106
34
202
78
106
1312
535
515
171
715
412
507
3
576
557
83
950
17
650
71
718
241
143
153
268
1877
110
120
954
1027
91
21
205
12
156
45
68
137
682
107
264
611
484
18
146
225
174
724
69
37
5
873
464
12
70
166
239
1648
278
22
60
284
544
1
594
30
862
180
727
48
163
646
697
469
136
27
11
706
149
112
46
197
9
472
460
48
1710
638
553
80
195
522
871
867
168
51
16
829
489
422
75
124
554
611
829
245
1674
270
96
1
2332
449
91
287
1641
657
5
786
83
2480
89
728
4
1038
376
509
130
110
721
729
234
205
299
341
815
102
529
640
449
18
1549
499
37
1618
120
937
20
531
871
670
32
713
149
895
704
1388
501
425
232
892
443
96
754
52
96
242
1529
579
48
546
119
317
203
123
20
800
10
244
134
137
281
205
1120
106
115
1683
134
682
673
271
508
1379
3
87
201
561
980
152
17
268
760
247
1552
755
465
576
592
191
580
251
746
22
687
1119
341
616
656
47
13
1461
19
556
11
1
8
10
907
487
99
234
214
465
224
421
1303
521
111
122
340
529
379
144
92
332
499
65
340
1
215
86
921
607
6
45
349
404
1121
254
5
43
379
686
69
20
64
121
155
125
1705
335
28
78
544
551
554
103
44
247
200
634
416
568
182
18
158
314
50
52
96
538
998
540
82
82
12
493
205
67
131
25
82
24
1009
725
90
598
926
142
53
731
14
12
955
836
827
297
182
193
216
21
827
8
8
279
305
870
52
684
927
591
392
38
23
11
493
360
580
156
150
325
1
351
14
492
183
528
172
425
259
91
335
56
1477
84
164
22
41
153
1063
55
98
270
371
220
37
654
313
435
306
433
472
777
237
670
297
1002
624
36
540
157
1737
294
357
125
1295
464
184
1
707
1237
3
14
93
967
92
285
156
865
126
156
237
23
290
22
857
1
908
100
488
399
18
1825
135
444
450
264
649
323
57
547
218
296
332
636
281
533
307
878
523
12
514
836
741
21
38
1138
1364
23
751
538
91
494
376
303
333
5
504
286
219
813
122
194
39
155
530
106
3
1935
909
487
1043
118
68
477
336
2221
577
107
573
136
23
580
6
594
485
295
840
754
163
269
2
813
38
175
604
732
147
64
26
218
457
414
486
438
309
510
374
36
272
877
96
478
629
13
183
260
404
555
28
663
9
308
4
116
53
96
566
595
415
373
7
594
385
21
9
353
1119
29
436
862
560
404
377
417
154
654
73
711
592
831
36
70
508
1091
162
1660
351
51
196
1397
390
531
221
437
502
49
171
33
120
65
683
54
294
571
632
466
66
62
124
905
976
1329
163
99
178
118
219
467
531
904
131
1156
852
991
18
197
83
290
95
616
813
505
95
665
630
1074
176
203
156
415
7
614
443
111
269
1053
392
88
232
162
359
326
31
894
163
245
249
303
42
276
1122
492
676
219
61
1105
215
12
509
300
776
521
320
602
543
19
2343
514
217
338
1325
787
1446
19
686
1887
135
176
691
171
106
40
102
482
140
73
316
1089
584
248
325
293
6
112
236
21
43
936
344
383
49
260
32
108
653
297
216
11
774
519
54
135
2105
477
968
632
232
208
528
280
9
26
123
250
663
413
433
157
151
622
95
523
336
823
400
1098
25
7
45
139
760
19
282
780
3
297
