60
2467
3
1
103
18
4
3
5
291
183
3
146
613
67
774
839
1
2094
629
118
5
32
76
58
408
7
19
35
136
83
48
30
24
586
526
714
25
26
119
235
34
102
173
938
11
98
381
330
151
3
28
71
106
24
51
4125
60
91
996
353
365
23
205
5145
95
482
296
27927
450
34
2729
155
184
505
1099
170
5
136
140
1427
37
147
123
398
298
509
94
101
25
260
508
370
159
165
26497
152
1186
92
152
88
6744
17
511
261
228
360
198
266
277
518
226
487
318
74
118
22
93
2
179
84
610
68
92
597
1455
116
4
1
182
208
25
298
578
266
780
174
289
161
3120
855
1548
62
145
1425
234
297
758
111
409
12
3380
75
114
124
1595
44
505
1295
1405
486
488
124
235
729
610
397
60
225
829
82
56
366
711
42
391
1425
383
34
192
2925
243
1832
70
230
74
176
1191
275
80
825
155
1088
756
287
219
215
49
244
848
186
51
228
3506
96
126
60
249
1445
72
226
1041
311
425
227
36
391
29
41
124
644
283
277
243
194
234
412
24
359
57
235
5
147
121
44
17514
2783
119
23
1701
1668
492
854
1185
166
150
49
2140
477
91
423
58
31
141
158
631
660
331
925
3675
43
19
799
869
522
921
385
101
600
3262
492
677
4
164
214
1
77
1663
95
94
216
575
363
171
91
661
240
1154
91
332
188
600
5
287
380
130
408
351
418
553
7089
358
575
572
1388
487
55
656
577
168
73
335
391
181
44
3346
355
77
65
6013
302
5
222
186
369
219
216
147
147
286
2
191
107
448
174
4115
156
103
813
202
153
1225
364
146
216
83
93
743
217
161
238
149
125
33
162
91
162
137
101
221
157
91
642
120
219
195
1
20
654
178
221
352
267
309
1278
280
215
159
210
153
187
300
162
115
5
153
225
4
124
123
145
227
56
164
20
140
156
203
276
224
77
223
2
2815
1579
712
474
43
518
121
738
199
1071
628
555
79
44
10
81
26
244
196
488
195
13
62
1018
11
118
39
570
48
1832
235
1275
559
1806
839
238
132
322
214
4959
83
324
12
38
4
936
298
593
294
154
232
471
3846
1
162
19
633
493
666
41
243
145
1208
1205
150
360
119
1196
1113
862
35
59
81
82
224
892
361
231
21
6
122
149
52
399
9195
8884
2777
283
854
268
41
482
31
1
178
274
260
14
881
143
469
3
118
71
246
1
31
55
265
3
246
2
116
787
15
214
255
674
74
3
238
203
147
450
164
852
751
488
182
87
546
1350
6
156
5
38
163
74
328
216
37
217
194
260
693
2410
2235
4477
108
18
489
740
141
386
117
838
227
2060
923
117
95
428
364
804
40
4
2
3803
221
2490
995
100
281
181
198
4472
26
231
3
287
249
16
1
3
664
418
258
2238
367
160
433
253
77
128
115
724
2476
51
165
142
14
19
222
1
7
21
6
23
372
220
148
1287
174
196
82
58
2
128
148
275
1753
378
84
770
372
352
179
465
1006
291
803
473
154
131
195
7
791
135
27
211
162
80
426
1
1
3031
194
824
337
633
2067
31
10
4
197
1224
2
18
1057
40
798
162
112
180
554
183
126
95
978
439
114
1443
938
358
3
110
2
256
168
184
667
273
167
3795
299
18667
228
28
257
257
751
4861
127
33
192
1189
5
99
483
358
738
214
1489
1418
18
14394
102
239
627
466
216
121
141
446
152
1
27
230
481
89
907
948
581
101
1296
88
951
1496
1691
167
4
985
110
121
766
89
8
333
21
950
820
238
168
143
60
762
28
78
1
10
79
172
73
140
762
117
1806
114
339
1297
34977
899
261
932
1
361
42
751
1
1789
87
350
1051
121
108
341
20
194
726
134
80
104
16
729
171
71
1488
430
329
1332
2406
379
1892
17
295
736
803
461
1755
396
8
14
464
378
433
231
3310
676
162
180
452
335
530
4586
1
166
941
178
203
184
67
217
275
372
93
3
868
95
64
453
754
99
1472
92
33
7171
2
155
115
321
206
91
188
888
123
42
436
1863
305
130
2294
19
667
863
390
80
1993
263
967
93
185
10
11
241
192
402
70
209
120
627
429
8
818
271
80
212
2707
130
5850
88
296
802
7
234
1
2237
1536
192
74
21
4
653
13
491
280
142
153
926
232
54
311
134
403
11
742
651
662
12
197
88
2
3058
794
376
272
80
140
247
45
1260
268
570
413
76
760
149
403
232
223
222
877
386
605
8
650
866
163
119
226
16
7
5
5
489
524
5
1223
2957
76
424
939
130
132
13
518
111
2416
120
12
260
275
196
381
437
13
569
195
422
270
282
145
133
161
147
431
219
224
109
123
220
190
227
223
1
125
93
2
219
128
158
218
1
174
96
21
170
195
121
7
574
226
309
433
1
71
216
841
1376
232
1556
222
966
593
10
1955
167
71
924
569
155
9
247
655
152
218
2625
456
4
254
152
818
74
244
178
2704
433
463
704
96
1308
246
227
217
158
14
107
3
4
25
254
22
185
981
192
19
30
167
23
21
857
95
91
1067
120
205
191
228
1901
21
9
198
399
374
386
57
147
61
383
302
216
14
212
541
196
48
281
216
90
273
249
713
110
195
119
684
95
20
220
25
438
214
1227
80
402
158
691
961
146
367
150
3
5972
199
10
202
21572
1895
100
159
100
233
906
1169
4187
2592
124
239
6
725
647
1934
75
122
9169
87
1
18
29
214
45
765
671
212
687
139
203
53
217
213
215
1362
517
351
476
1
250
81
1407
1294
569
183
484
648
211
141
157
439
10
29
196
145
93
749
246
996
217
813
192
20
142
220
59
162
3
193
1573
1215
193
162
235
157
67
962
739
434
595
78
962
1444
33
239
5894
253
8
5
242
4
214
165
126
717
31
414
185
150
414
162
6
151
91
176
508
948
732
759
124
318
211
4
1
185
72
8628
45
2
121
78
217
80
48
208
208
141
558
202
36
81
113
648
107
237
1233
47
14
187
95
153
173
19
75
61
95
3
217
253
151
129
350
544
176
224
175
1892
5340
160
141
5282
23
204
229
435
262
6
772
541
8
157
117
1210
1543
3356
697
57
618
315
245
112
558
513
1630
497
3586
116
214
122
132
437
36
165
593
16
121
82
97
54
20
299
321
159
2941
391
82
13
193
211
51
26
138
598
25
6
64
122
678
74
255
152
181
235
143
56
1743
157
299
155
388
4
14
95
226
215
153
147
7
21
182
1
483
188
210
319
192
496
249
194
439
368
148
209
462
148
217
216
3
170
188
157
112
4098
163
28
164
313
254
154
179
200
95
136
375
125
221
108
211
131
241
161
128
281
183
132
327
166
145
73
5
112
210
330
158
264
195
128
225
167
611
187
272
187
