5
184
79
31
133
104
731
85
1453
163
113
20
955
11
45
325
9505
163
115
685
3
12
84
1
203
66
155
163
910
1
577
47
120
239
241
16
219
19
1306
33
133
55
416
69
621
321
111
20
134
1316
318
56
85
210
246
19
161
3523
306
131
445
282
803
210
28
176
244
1
19
438
237
343
20
1442
161
22
1155
3401
29
66
10
337
34
2443
184
25
232
351
1475
208
1343
240
120
295
144
188
219
2
231
392
530
89
211
210
235
155
112
48
48
57
359
66
120
263
15
30
232
518
622
239
41
94
2790
108
46
12
12
253
45
495
101
177
149
446
348
133
326
99
544
167
372
657
12
123
282
355
621
411
72
317
4
7
500
711
280
415
47
18
3922
519
122
854
25
130
22
953
414
285
102
1522
5
366
815
297
47
307
362
94
582
641
299
435
895
406
15
152
89
48
18
129
78
142
153
908
90
147
2
272
508
12
106
1062
315
2
445
154
516
25
633
30
91
22
229
858
68
406
187
61
13
306
761
16
152
189
771
194
15
796
100
24
8
1190
176
75
105
166
84
212
62
225
75
14
235
464
3
311
528
9
322
545
67
89
187
99
2687
22
343
108
179
15
1114
333
22
118
90
433
148
345
767
59
18
48
602
2
277
111
174
10
1513
161
283
90
664
259
60
13
248
208
25
51
32
52
15
251
551
83
684
215
21
94
494
527
106
1
173
202
185
325
296
321
107
283
68
1723
653
74
23
24
8750
96
576
36
483
15
296
279
220
44
832
104
679
42
57
280
189
231
76
526
40
95
42
1117
43
442
390
249
1633
193
15
254
9
55
177
147
186
212
185
128
186
138
9
195
298
104
12
28
271
98
49
892
245
23
739
181
1255
1089
102
1452
250
112
2
219
280
124
14
450
1051
68
5
92
4
563
26
59
7
411
113
134
138
125
484
61
1039
1
12
78
38
35
275
281
1242
289
175
46
327
515
255
152
2
10
184
65
198
312
441
23
77
1563
751
123
151
939
529
33
648
183
26
248
1272
34
369
34
76
14
839
444
36
18
25
22
5
997
4705
5
169
278
89
1
742
1483
16
189
10
1275
29
194
50
101
967
275
3
11
71
193
237
43
664
314
3
68
200
233
304
371
571
11
36
217
217
178
161
108
146
8
8
21
398
281
14
4
801
25
685
1
206
303
1615
141
5489
135
402
62
13
106
48
49
84
70
25
226
177
131
203
353
55
268
293
20
20
750
121
33
132
2760
348
73
102
124
53
121
205
57
633
233
365
383
263
97
152
154
1313
1
6142
264
46
56
1054
169
27
401
3833
67
235
46
626
311
179
75
8
276
14
456
96
219
1158
33
219
222
14
133
39
332
82
64
902
153
11
584
300
154
99
164
1352
34
1940
3
113
650
305
397
108
69
224
40
83
276
13
114
25
140
890
428
496
273
256
62
61
269
162
552
263
42
27
108
143
46
308
96
165
56
28
151
59
295
50
704
79
29
266
1808
45
620
305
30
281
35
96
1037
90
174
2
47
132
84
23
88
134
81
67
152
126
1125
280
326
219
48
175
614
63
157
1
61
389
184
92
147
120
132
103
912
159
43
1301
139
152
191
48
402
320
372
62
338
967
32
14
822
210
824
107
299
53
12
73
336
302
22
201
220
16
637
282
257
120
65
125
582
202
182
1769
46
170
473
909
183
436
616
271
21
136
1426
16
55
401
121
78
151
35
36
156
83
80
791
481
154
309
171
98
176
182
124
496
21
276
419
4
706
954
1048
675
74
175
279
626
859
58
84
1202
58
367
5
172
827
41
223
498
112
275
5
572
11
1000
36
288
45
290
