30
929
45
231
300
366
232
126
251
151
84
387
141
451
144
156
283
218
113
1
118
114
544
653
663
114
113
125
127
113
112
116
286
340
5093
184
307
121
270
103
303
78
296
8
138
123
124
283
155
11
111
236
117
337
115
117
435
139
276
115
124
101
575
117
265
409
112
111
115
115
21
292
126
115
417
242
1260
48
72
292
135
1
125
8
294
313
115
400
172
286
104
723
344
113
111
117
235
320
217
296
113
776
148
226
115
115
1916
210
20
7
574
122
117
135
115
115
302
294
238
117
187
91
113
119
91
295
112
176
129
246
151
241
115
117
191
286
240
554
120
84
276
117
326
155
987
291
171
151
117
247
202
115
