79
1
22
39
18
7
16
247
153
204
113
1
14
30
215
183
10
69
112
12
1021
709
60
291
177
34
115
13
19
9
27
730
36
191
2
51
281
235
22
10
963
119
191
34
59
2007
8
2
852
68
558
6
2308
168
421
1086
125
844
1142
1533
23
141
293
254
140
29
503
14
334
532
42
172
611
185
85
276
104
608
13
522
1015
66
1
763
14
23
26
798
138
15
51
3
169
41
70
15
181
91
162
69
209
1272
1
1701
146
49
1321
107
11
129
972
38
13
207
447
9
3
313
39
4
8
754
515
15
157
135
134
226
610
1349
205
22
2
218
72
816
15
83
664
21
12
63
338
163
62
733
2082
15
27
8776
3
86
5
20
745
539
2
11
274
904
61
230
768
215
160
19
115
103
387
1995
1421
9
145
16
1673
178
536
433
1113
7330
36
493
80
32
1897
335
95
7
652
142
12
42
56
21
701
444
6
377
1100
620
709
18
13
396
83
100
664
186
66
1963
221
179
345
8
104
292
112
52
41
22
144
9
228
954
378
26
8
22
19
2499
149
259
34
44
167
32
212
668
135
36
61
113
142
55
40
7
1
26
20
245
3
173
168
79
53
10
838
26
1666
30
53
541
10
83
72
95
15
309
5
6
25
111
136
18
144
31
289
3
5
31
298
177
37
163
10
137
1
33
222
307
25
1685
135
814
18
25
859
84
125
243
5
266
35
235
795
78
9
2682
463
162
260
992
26
186
429
12
12
867
230
218
187
21
76
30
25
2448
28
30
27
1230
48
129
14
165
33
386
10
549
34
14
229
16
7
16
21
3907
83
969
24
87
2005
155
44
618
288
704
322
30
52
18
24
132
234
878
20
43
47
13
2143
218
97
45
4
728
2640
355
828
966
143
18
22
629
53
1510
245
9
115
52
44
19
311
32
497
1115
39
210
6
41
70
13
97
2
96
86
72
12
15
2256
444
69
15
21
370
101
23
58
12
74
29
369
4
420
66
5
940
208
686
112
4
310
23
887
15
496
29
1027
84
286
4482
8
27
68
135
25
2
134
2832
40
328
132
107
1141
260
216
124
54
82
4
651
51
374
2023
69
94
12
194
56
38
34
46
19
12
110
22
51
370
249
189
8
304
2
1
10
13
165
612
686
20
33
10
1
1
59
95
12
714
119
699
1709
19
99
693
37
42
59
33
56
17
43
12
57
68
105
664
1
147
1311
6
568
12
17
35
106
39
13
636
5482
377
11
506
591
27
2795
106
5
187
261
44
4501
15
8
7227
87
326
91
229
1006
26
1941
3
272
109
186
64
5
571
1477
145
60
403
32
1
196
21
241
14
3315
94
164
610
11
446
146
13
116
790
71
16
31
73
225
50
13
977
47
112
2106
2251
1793
23
1
114
326
1120
45
281
1487
86
14020
260
1530
43
1618
865
408
30
53
51
25
166
14
65
14
66
12
478
5
124
16
203
124
2213
19
476
28
610
229
2
23
49
76
23
173
671
906
139
20
20
698
53
88
84
2
98
140
19
2168
1174
717
202
724
1398
329
1907
12
119
125
11
568
3
292
1710
204
328
698
71
12
28
42
55
438
1
67
44
63
7
1633
6
17
11
92
19
9
55
12
4644
2795
1304
640
174
26
350
327
149
2106
1474
691
1073
62
914
20
73
330
532
29
1697
16
342
352
568
1004
260
70
2567
67
1
111
151
98
76
10
46
37
183
6
533
4
34
541
2656
748
68
1262
239
53
2211
8
10
15
14
24
8
209
154
6
8057
49
532
167
700
136
2131
65
117
186
227
2151
16
33
38
1
1795
15
97
109
1767
803
26
18
172
3847
1079
251
172
17
17
1726
60
320
33
58
540
187
1555
84
243
8
598
156
167
1736
13
14
28
65
1103
1127
24
101
1210
32
2026
646
39
16
96
63
17
457
64
21
2
441
80
11
2458
21
51
91
1
149
690
1841
150
2194
47
166
326
497
917
10
82
17
29
5
364
284
14
2057
794
552
422
34
2100
73
11
25
1242
133
1832
3800
21
121
13
1256
5
68
698
16
10
123
1053
522
12
21
107
25
39
383
2
232
185
398
467
171
9
107
589
27
277
5
49
11
252
87
80
37
5
22
134
174
31
84
27
126
427
132
18
12
9
329
166
4
87
79
2
9
20
12
390
5
224
202
29
32
12
184
1213
75
18
564
2
45
138
7920
15
51
147
241
133
27
345
11
164
38
55
35
6
167
4
10
300
51
32
448
22
26
310
34
12
73
877
705
85
154
13
88
77
56
304
12
616
37434
126
1
12
26
66
621
3144
3704
51
673
330
35
40
10166
345
9
18
37
16
118
313
15
4
83
35
147
216
25
30
36
1
260
5
37
421
1102
1346
127
8
7
6
575
141
15
17
103
68
741
18
1572
42
435
199
12
20
110
152
83
6
13
10
11
19
55
8
12
22
849
28
4
54
163
42
10
15
21
305
11
525
546
648
39
33
6
55
625
212
1387
41
839
1283
16
445
359
5
14
315
48
2
424
2
13
486
12
7
27
479
208
246
239
1
4
185
179
1
187
4
3023
22
5
731
24
17
65
32
2
3
62
7
550
20
6
16
9
375
88
185
95
3416
68
333
1
15
1817
203
34
3680
317
268
56
726
368
175
544
448
29
646
1722
379
7
421
34
54
756
49
1242
5
11
869
7
1236
26
28
12
451
39
61
231
252
69
66
496
3660
453
122
23
1883
88
367
8
14
95
24
390
286
351
14
3379
117
148
113
64
90
52
1589
4479
158
379
35
267
62
20
39
13
30
41
130
3
569
72
16
37
599
222
80
698
669
53
74
81
194
9
5
67
1702
27
12
85
38
38
329
86
109
95
34
47
32
20
399
24
119
114
239
26
111
93
12
11
4
27
2001
505
11
22
107
59
18
146
49
31
93
163
6
40
6
29
34
61
21
291
14
9
3
15
1
1508
56
24
3
12
95
73
63
130
73
244
12
3
262
44
235
40
193
16
114
8
13
200
33
96
333
69
199
611
416
1
4
104
12
911
54
15
1
1383
4621
28
9
61
55
1669
85
9
27
38
218
72
4
58
238
373
1216
306
98
33
10
954
31
87
17
714
14
29
6
68
5
3
42
749
840
36
117
17
378
210
23
249
155
580
13
21
1
1
46
10
87
34
714
330
22
10
1249
16
141
150
795
621
203
66
237
36
791
117
2239
716
4480
147
174
1003
1696
1
11
704
1362
13267
9
111
14
46
1
450
2
266
91
27
279
1062
671
1001
124
203
1459
544
411
12
186
277
130
448
1
1048
541
20
9
159
35
703
676
357
757
56
95
11
48
611
90
1701
365
75
559
34
65
148
76
2343
24
421
68
13
15
789
27
2492
269
17
680
188
274
45
110
841
64
76
150
1551
230
74
916
2
15
249
76
500
36
39
80
11
824
798
521
68
50
102
115
815
4389
46
330
106
7
471
7
63
52
963
55
64
515
504
25
201
93
134
39
27
46
211
121
495
191
176
59
775
63
1547
121
24
478
344
367
1
11
5
1
27
5
453
395
1127
9
68
114
957
53
326
231
4
656
114
31
114
515
136
25
6
610
536
25
164
6
262
5
864
11
117
29
484
28
5
140
49
298
81
1038
870
2
28
743
414
392
15
470
42
39
24
263
226
852
11
213
490
89
22
90
35
2
13
3023
12
46
15
57
572
265
850
7
16
372
12
449
565
13
45
1704
174
498
759
6
719
73
973
464
3824
3
25
868
169
54
178
20
20
20
25
311
91
53
887
17
16
183
918
11
198
110
9
328
284
15
381
12
1555
216
1642
4
123
49
626
15
81
113
57
67
3
25
488
268
1
45
12
82
185
629
291
2809
98
496
18
92
706
904
101
106
202
143
308
1194
941
19
19
9
165
20
27
491
52
5
424
6
53
107
556
65
129
2386
27
3224
4244
66
561
21
273
23
415
65
71
62
29
49
35
13142
112
168
70
128
1669
190
2209
355
1817
84
1638
144
328
20
58
17
58
402
34
182
2432
17
50
6585
116
6
253
9
4
29
219
22
7538
196
8
83
126
286
20
405
6
219
343
705
240
43
71
4
1872
93
104
76
233
65
19
60
2828
11
642
37
24
58
181
10
273
1
144
1294
69
15
552
228
8
180
1
4
4736
143
774
13
64
31
353
12
64
7
144
97
344
9
32
32
112
91
28
101
41
446
54
76
979
975
1
7
1958
57
43
19
840
405
14
211
49
14
19
29
3657
4
60
127
35
43
447
2026
394
856
39
1587
43
42
305
425
1169
22
34
1024
550
98
110
41
43
1082
108
579
27
49
108
223
361
628
39
1279
2728
14
1
2500
69
1018
17
3239
91
675
12
27
45
3237
1
50
9
21
73
35
165
280
103
1036
9
2122
2
75
47
11
549
11
55
245
43
68
46
13
388
549
1175
241
1223
52
341
13
12
270
1442
92
884
241
1
232
16
418
32
400
2820
481
447
177
29
889
13
90
93
206
10
1724
215
67
13
6
33
3612
188
149
890
531
146
13
252
155
104
476
23
75
347
66
76
4
31
313
82
114
555
37
596
46
159
43
81
77
60
253
195
41
288
56
185
104
1152
167
420
21
18
135
2
416
162
23
349
368
48
14
127
66
493
87
258
49
754
23
2
5
186
444
354
224
6857
16
32
366
310
225
15
619
38
229
17
2277
369
2806
408
307
65
256
58
812
207
111
213
299
1016
24
28
239
220
289
37
3
287
20
47
22
603
71
35
39
10
2308
311
169
2097
12
800
868
137
68
4292
187
141
1
163
557
1766
252
41
343
176
2740
830
112
657
11
39
29
149
1848
50
12
239
280
14
1168
69
840
817
100
206
51
78
183
11
4
330
9
8
178
1478
2076
10
88
300
2723
2181
888
181
6
1314
280
841
15
98
1424
408
121
263
934
253
56
30
37
128
21
12
18
91
258
31
594
479
29
521
105
231
42
20
36
13
129
70
250
17365
1162
535
33
181
359
118
6
12
592
245
44
379
263
255
1600
376
84
216
1594
2016
64
102
46
11
3348
717
733
504
62
1091
200
140
10
33
272
104
430
90
243
45
938
233
225
189
250
44
7
47
330
20
295
108
679
13014
1181
25
1790
94
164
37
78
31
66
146
23
1856
299
1053
14
806
319
3410
143
1356
310
17
20
9
695
31
1042
120
3298
165
725
100
135
797
155
627
749
20
451
39
51
51
17
110
93
37
85
59
103
782
1
296
986
384
157
1002
32
19
1772
67
74
14
212
36
231
14
315
34
1674
1199
12
1414
12
12
3826
110
733
126
619
5
2086
786
26
82
487
1426
136
567
173
209
195
68
18
17
756
45
319
73
1034
6
13
57
3
6
757
8
6
67
18
7
1
89
15
131
1
72
1235
281
295
89
3
29
717
11
3
528
155
1651
20
3936
55
282
5788
245
240
109
208
196
621
96
535
172
250
181
1639
873
64
130
802
109
121
6
344
817
311
232
204
526
8
44
350
170
350
415
5
93
231
418
3650
385
22
566
51
5624
23
82
20
538
25
33
13
94
45
18
1906
1748
61
335
1027
72
859
401
409
75
833
91
2885
491
288
671
578
5784
333
28
91
288
1297
136
449
59
2344
43
253
9
360
84
37
9
199
113
169
66
309
1759
479
138
209
272
1074
73
46
8138
1732
2122
89
16
362
200
365
337
461
7
65
168
356
2170
989
2840
4084
64
923
10
17
8
360
5778
3524
635
41
342
276
4
45
5233
169
482
3998
69
6
152
636
70
104
216
114
169
718
182
859
357
128
2537
1153
40
19
14
243
224
13
986
586
1019
1349
13
582
2422
110
5472
27
20
409
63
858
320
88
41
256
75
1225
6
596
306
161
4
20
345
63
28
11
1379
176
17
32
12
3
221
36
6
775
2
23
26
45
15
19
2
11
70
44
724
30
1200
45
60
62
13
14
27
4
64
95
234
529
30
5
61
16
17
155
19
121
3
208
124
169
1
8
2489
1497
307
35
37
193
13
61
22
1
9
10
39
18
86
3
76
10
17
84
3170
6619
11
45
4
12
406
436
34
12
2
14
16
7
207
119
8
50
1243
116
29
13
307
18
31
76
37
858
151
1176
2341
15
7
264
159
17
42
25
159
121
475
358
836
144
5
3466
425
20
78
406
33
377
18
896
823
1191
178
1412
69
192
46
50
893
39
484
589
9
2588
472
702
208
199
575
3
282
241
32
1518
501
598
64
624
1736
718
169
118
72
190
52
520
1553
293
45
235
17
20
122
43
339
424
45
492
79
75
69
318
189
154
200
454
1122
1918
67
111
14
258
206
75
79
28
2527
2
5
486
1460
106
12
3435
110
127
178
330
2
74
173
12
24
172
358
1
261
198
3
23
5
1320
47
310
27
558
322
150
6
175
2590
125
8
453
2298
56
226
146
994
314
1
69
4932
2
85
129
83
43
484
70
115
375
430
1070
15
296
45
3
622
437
14
9
332
219
3655
285
4
417
103
27
7
315
93
2536
77
25
1
23
39
12
9
661
94
35
5
782
20
30
892
100
59
160
51
1390
30
193
53
28
386
247
161
2
18
52
8
78
339
463
1641
33
1034
772
1756
28
2813
854
284
42
47
48
40
7
15
1882
119
26
34
1
12
838
37
157
267
408
72
120
3
8
120
2
82
24
156
118
10
18
133
27
12
56
331
40
123
86
556
19
556
114
45
173
1655
16
64
86
145
91
43
1023
1407
475
107
109
28
26
1268
707
10
25
44
74
444
105
11
32
280
49
7
272
21
53
10
528
979
1549
272
12503
4207
10
153
183
44
53
37
14792
97
284
171
764
102
64
511
119
1162
368
131
75
119
450
626
12
31
115
700
56
351
115
24
9
28
39
5
324
40
78
270
10
11
39
2348
200
514
143
406
23
441
930
1048
45
343
2646
1980
81
7
239
290
178
163
230
485
23
894
21
134
616
12
2861
11
19
26
77
66
185
66
521
443
3
81
241
560
73
19
243
5
607
20
29
644
2
17
43
25
471
509
449
1854
1355
302
29
3
10
12
90
257
5484
148
253
21
2311
108
33
299
1
18
344
135
75
2
31
2179
58
131
76
4
82
229
233
2031
2645
51
80
179
225
1012
23
153
129
3709
1149
411
64
466
319
19
17
78
16
11
104
1396
9
15
6
831
4
13
22
95
231
512
163
16
20
120
864
21
5
74
546
4476
21
1466
40
24
29
36
208
205
149
325
589
35
192
206
30
70
21
4
3
41
58
18
288
16
449
1
287
964
19
151
165
455
53
20
689
489
446
542
31
101
78
12
183
492
1709
2573
51
47
255
138
10
91
6775
7
7
23
1741
231
3
25
78
55
1
328
237
10
32
5
54
13
16
103
43
691
47
1040
438
17
169
353
22
60
942
642
62
8
944
87
33
109
34
624
596
452
691
574
9
271
15
88
15
113
66
1215
49
390
868
10
769
33
108
55
62
19
612
108
649
14
67
52
15
1242
340
307
300
154
725
125
99
7
476
379
32
192
1441
25
585
116
120
189
449
464
37
80
129
3085
185
119
51
58
75
73
283
14
81
13
790
116
12
285
1
1246
142
9
1385
12
2084
26
55
14
1
130
58
45
53
11
33
22
1435
945
1335
94
221
393
189
239
14
7
48
1
11
41
13
211
158
17
103
458
128
327
1348
12
720
5
189
99
1937
435
298
10
524
11
193
16
432
93
8
168
1151
85
856
92
292
10
193
547
200
18
955
1
5
19
23
810
43
2556
23
23
277
1
13
1264
14
2697
401
27
69
97
19
45
498
12
101
16
232
175
535
2
17
80
54
10
24
38
51
422
55
441
92
82
64
19
94
3188
3262
2879
5
1
50
214
251
4891
11
10
283
90
9
117
40
73
102
54
573
1317
186
1379
266
13
16
272
214
69
530
236
860
393
984
32
47
312
135
959
730
146
1760
4
94
101
3490
156
170
209
95
38
232
4454
37
97
124
144
60
69
20
11
15
126
183
58
1790
105
286
444
118
388
2335
1273
39
354
120
875
2241
89
359
48
4
2098
52
13
14
306
480
9
6
30
10
15
110
5
42
19
15
72
39
5
2759
41
13
7
156
62
187
637
7
18
417
41
15
128
82
445
97
130
276
8
23
10
77
101
8
55
44
235
206
26
2
91
2041
19
39
107
715
10
18
1276
251
3
159
175
28
70
286
4
87
151
816
52
1337
376
153
66
9
28
90
122
19
52
78
1606
1951
570
136
224
211
38
1414
111
83
678
957
58
49
578
16
555
27
1
142
107
1816
233
80
318
205
9
2
13
10
23
186
356
5
817
13
13
10
53
410
19
404
65
126
210
14
40
20
25
432
3990
10
199
102
148
49
63
245
16
36
19
146
64
63
12
135
14
13
20
353
258
2596
143
12
204
80
80
19
58
53
92
97
494
79
13618
31
99
130
1506
2587
19
7
29
37
93
12
24
1412
2056
170
81
152
5
176
42
128
1
179
152
20
7
172
625
17
32
8521
11
110
61
5
468
12
140
360
99
22
12
3
639
110
162
2
1
82
33
134
1058
70
90
305
374
17
395
270
40
76
39
25
164
2
4
8
48
38
15
1
313
73
10
24
15
117
126
1
23
69
1335
20
12
11
101
236
15
177
12
12
11
4
10
29
190
11
7
17
158
162
10
7
47
56
34
17
516
1
20
109
34
257
701
174
38
92
153
1047
157
16
26
881
204
4909
353
10
316
5
1112
114
39
35
114
16
1636
78
124
310
512
1
2465
268
182
813
17162
3
53
172
1
784
8
224
27
256
7
94
81
308
245
1369
36
153
43
16
9
78
998
18
34
43
279
259
338
22
381
341
697
8
11
101
116
540
16
197
428
461
251
328
1
823
560
3
267
42
74
41
60
360
2
42
115
37
381
5
128
34
70
84
148
22
1
42
193
8
1824
32
1
1003
18
248
4028
123
333
139
8
171
828
39
9
38
2
13
132
103
1
1004
16
37
483
406
213
34
36
3
18
38
22
981
48
237
10793
22
240
7
20
21
15
13
54
502
1
11
12
79
52
239
4
113
1
13
3
23
41
1
60
293
315
18
4
71
276
6
89
263
2017
354
377
36
9
90
473
23
112
1
25
2309
145
195
186
9
10
20
4
5
250
84
28
392
48
144
1119
39
46
11
172
28
47
30
547
3190
27
11
429
2
69
64
332
82
39
146
164
163
48
5
2
262
8
135
81
147
262
14
18
56
48
7
20
220
82
21
1
896
11
111
1750
62
14
47
121
409
660
81
44
8
33
1970
3
5
47
76
47
18
1524
72
1376
662
229
29
653
7
434
12
185
25
1064
14
15
105
81
276
2
74
137
105
50
48
11
8
14
12
80
196
22
83
1003
296
38
14
39
22
1
12
45
102
35
7
58
9
13
84
41
14
390
84
693
689
751
1
454
2
9
129
17
38
44
6
6
1
21
107
19
105
1
129
69
11
270
34
139
4
267
75
212
134
56
270
21
3
401
106
88
9
326
91
13
1457
504
978
31
41
193
31
29
858
12
14
14
194
115
93
122
18
174
82
182
254
150
18
22
296
404
876
24
29
37
51
58
314
150
1
144
431
26
815
37
280
71
41
2
8
2959
53
3353
14
261
12
2
365
341
30
18
35
32
9
175
12
1425
307
2448
55
45
13
243
505
1421
103
374
21
39
117
460
5
20149
57
37
13
28
1795
28
173
1417
4276
67
161
8
107
240
1472
9
119
61
15
2
117
50
105
4235
10
2
41
17
53
27
19
1777
23
15
150
38
740
546
5
549
6
1556
472
2
981
2488
150
408
226
190
126
16
469
395
81
5625
38
27
15
450
51
10
13
222
846
1542
42
167
2
177
35
88
61
223
95
12
138
79
136
15
260
15
10
43
443
345
9
164
59
17
527
3167
11
21
91
166
33
3876
7
2742
3
92
18
9
91
28
6
112
71
858
817
15
119
36
92
33
120
4
95
1573
825
86
10
32
153
53
658
413
224
45
199
41
39
79
1445
61
1193
1122
473
7
76
112
651
96
163
231
802
146
10
295
3007
75
34
115
138
53
165
16
48
5
271
175
38
1172
343
71
98
32
94
816
120
374
365
93
754
267
10
37
68
4173
321
140
740
8
26
440
44
1161
50
403
59
629
29
13
88
7
13
4683
26
91
90
678
21
45
106
105
191
48
200
1136
48
5
446
27
758
65
12
386
1363
39
23
90
21
41
23
35
577
227
321
122
93
86
32
2240
205
165
333
220
110
331
196
655
1135
248
290
192
243
588
387
349
420
146
3380
10
175
33
20
41
457
552
20
10
1360
1059
110
19
8
124
314
141
207
1104
28
636
165
1256
127
456
35
34
710
156
115
1338
19
54
136
59
16
57
22
39
140
11
70
184
8
62
115
40
48
69
76
283
964
88
402
26
9
35
258
35
460
2
7
539
59
185
46
39
51
551
338
22
20
15
165
1978
6
209
139
82
81
507
1227
174
72
526
17
24
4
20
211
22
137
1229
3184
396
88
282
147
7
19
12
58
1
16
26
211
62
47
30
80
370
50
82
78
34
73
198
129
659
128
51
39
120
22
33
60
26
39
9
15
58
98
107
459
277
121
91
116
16
7
30
28
213
1087
46
4361
99
1114
203
1680
67
663
51
54
47
126
12
683
3
898
30
8
305
7
128
94
14
2476
416
972
30
233
30
12
1671
33
114
1019
76
40
49
58
2440
13675
95
292
202
32
5
6647
638
295
8
367
78
302
1079
93
189
99
310
7
626
333
1
29
203
9
2020
243
118
1354
492
61
136
66
52
850
107
135
131
117
164
24
23
73
19
39
39
80
9
120
152
40
119
54
165
1824
229
172
413
1344
113
171
1047
431
120
63
93
291
54
483
37
129
206
94
36
80
31
1057
1416
143
11
260
1101
5
330
3472
20
306
696
458
242
237
214
994
120
960
202
250
6
1
638
439
45
2
532
46
121
1023
54
45
7178
73
135
93
5
265
2019
37
164
446
98
211
164
41
861
40
3
150
85
123
16
292
1569
790
135
21
7
89
14
255
43
29
93
116
122
104
607
193
601
6
57
414
383
174
43
5
75
9
23
5
18
20
13
83
1024
92
539
105
88
2
456
92
15
1349
558
17
22
404
610
1088
334
7099
565
18
101
38
46
29
2
398
159
45
13
318
15
58
174
237
54
14
12
24
35
62
1559
540
340
501
3076
1763
2682
15
123
77
8476
1185
216
59
32
5
57
73
44
83
511
1480
1018
794
57
84
134
22
35
455
30
1602
77
164
222
2482
62
423
93
2299
23
443
76
16
1501
155
225
199
102
187
28
15
977
46
98
22
36
307
313
4415
55
1
179
1
190
18
2
205
10
551
55
131
19
3
58
5
1359
898
803
418
442
97
1225
146
32
35
997
29
104
842
150
26
18
261
653
150
73
1171
15
44
153
32
97
898
24
141
314
30
441
75
8
42
245
391
54
205
44
34
32
472
52
14
19
279
158
1137
30
49
138
96
73
75
12
17
1643
134
15
11
79
1634
490
25
3
120
34
279
41
180
4
319
22
212
34
441
534
50
448
8
397
6
10
21
90
680
15
9
76
22
10
1
430
245
108
959
2
26
79
91
1443
227
400
75
686
7
2746
5
29
17
274
97
4
21
151
152
238
20
446
65
95
20
656
78
309
160
3
64
31
467
2466
86
7
154
890
1779
269
363
442
95
558
9
36
14
11
27060
91
263
513
4
31
82
26
251
40
4
29
51
84
65
9
53
251
21
13
35
84
3
29
30
82
217
44
19
1706
50
56
926
1
188
10
159
17
35
136
104
275
172
5
17
573
9
694
21
2
1
21
225
17
374
19
279
24
9
125
11
12
28
673
17
132
175
58
623
33
27
299
5
7
330
216
10
207
62
4
3734
381
11
132
32
433
169
123
71
155
95
198
6
157
2761
20
3393
35
1637
15
170
38
171
43
10
488
139
9
42
21
9
38
29
16
233
2524
56
7
31
111
245
114
89
9
6205
138
4
843
152
48019
87
78
92
207
444
814
69
30
35
22
67
1157
1830
850
446
149
78
1644
13
1
13
470
198
72
37
110
13
169
2438
126
283
289
48
78
44
277
86
280
38
221
436
139
9
193
111
28
52
1
127
142
1120
99
75
51
35
446
749
15
50
340
53
256
1027
9
15
4
14
29
9
2
47
13
30
7
16
114
5
103
100
751
442
73
622
112
68
991
297
49
832
51
529
26
138
358
433
20
613
88
181
2082
20
14
46
10
8
16
8
1240
305
109
5534
48
14
298
10
100
18
181
11
106
103
110
15
220
494
45
585
24
679
890
584
34
74
4512
98
95
659
552
2
300
4
34
66
39
322
288
728
991
474
54
569
42
420
10
156
48
74
161
79
23
503
226
1
60
1
71
4
83
349
2662
83
17
17
105
30
89
25
90
98
40
8
21
17
66
138
322
42
160
14
35
101
55
5
9
461
316
192
21
478
96
21
1
11
67
132
7
171
59
179
62
357
11
3
9
25
78
988
704
35
47
39
575
1197
1056
1
183
1785
153
84
222
891
32
259
97
168
330
688
45
6
3745
107
172
23
22
38
63
6
60
34
1
117
1334
39
109
96
174
199
20
45
226
928
4
692
199
2283
19
34
10
1
32
5
356
1327
251
4040
1591
2179
70
17
342
10
54
55
1356
89
260
107
602
622
12
224
50
350
21
82
10
212
1366
567
12
156
516
37
109
110
361
42
46
20
327
852
163
139
1
1181
13
294
51
49
82
92
118
1
137
9
249
269
99
456
11
141
441
963
1210
9
121
4330
294
24
35
1399
11
221
1
18
308
4
83
38
2184
99
9
60
302
19
10
18
563
137
49
37
158
357
11
99
18
5780
8
47
536
614
11
189
38
2683
9
1237
202
28
255
70
10
128
61
310
16
30
3551
52
120
39
39
4534
566
493
414
236
14
18
62
84
13
228
25
7
2341
248
1
147
221
4261
322
76
27
16
211
32
32
33
11
154
346
1130
9
101
329
33
627
11
405
15
1
62
211
190
149
23
9
17
240
3
21
1
1
55
8
69
122
343
297
534
11
132
637
50
54
18
25
1309
382
63
721
181
1141
5
1417
677
14
32
143
10
596
59
28249
10
34
853
20
54
6
90
353
376
268
106
212
25
383
34
58
31
48
88
367
54
15
101
23
2
219
12
13
341
680
120
353
13
245
16
81
8
7
15
911
37
46
3
13
6
1573
99
10
31
4813
10
15
27
331
16
132
317
338
2370
3177
36
73
282
2277
128
35
206
117
59
135
19
302
34
1
18
37
61
61
109
4180
9
14
15
31
18
30
323
3555
143
1359
131
92
100
3
13
33
6
17
30
25
22
424
1527
1
176
33
48
216
16
172
16705
10
8
145
807
88
11
29
84
216
523
76
13
903
11
11
26
2374
62
122
4
81
13
135
34
64
398
64
101
6
12
271
167
1333
6659
35
8
879
103
15
4
43
25
1591
1544
12
120
32
4
8
73
7
306
219
486
730
608
66
285
3
179
4
9
1826
87
128
3
90
428
6
9
7
14
16
34
39
313
218
30
16
13
136
376
151
25
7
10
58
2146
29
21
211
21
40
4
50
1320
80
11
21
594
93
72
85
7
9
5
2864
26
14
118
78
76
51
421
12303
322
120
454
280
334
17
13
84
86
75
58
546
1453
45
18
11
10
219
24
342
97
34
58
25
30
1
269
451
8
1915
4
142
173
12
7
12
338
18
11
658
9
243
258
12
203
320
37
23
437
90
113
30
19
27
44
59
33
15
6
529
14
65
1
83
1
1
9
40
910
27
22
69
1775
45
41
1
429
454
22
49
4
920
3
31
879
475
15
4
15
53
5
8
867
62
1762
2295
1338
3896
12
56
22
851
77
14
11
11
22
12
289
100
10
26
15
198
12
120
133
40
1177
21
55
346
162
12
1234
1787
127
632
6
133
860
24
758
138
9
198
841
1022
50
574
29
1754
6
189
10
246
42
73
416
43
75
23
34
202
113
102
29
71
33
247
125
42
28
559
129
112
1
109
450
207
1140
38
13
28
945
423
70
14
22
83
70
34
25
140
18
54
53
200
355
4
1040
25
2161
7
217
1009
237
186
16
1721
2463
100
136
61
21
425
25
5
1915
153
255
116
142
3
335
8
80
328
47
4
1913
286
15
531
316
1
32
64
906
82
66
772
174
189
1275
356
23
51
157
83
23
55
2192
3
199
18
15
816
80
106
33
9
71
38
50
188
51
21
15
384
242
448
207
40
92
76
57
1153
46
87
744
46
49
38
8
234
3
80
180
6398
3918
141
49
146
10
180
2854
340
98
89
41
256
1141
8
9
92
224
3506
30
37
2677
59
829
15
8
66
47
401
22
7
11
208
253
144
19
401
370
507
92
9
3
34
40
331
22
605
718
2031
257
548
254
9
171
94
58
119
5
1044
86
258
406
13
48
75
468
71
53
1806
10
98
47
1517
830
4
113
26
337
78
2396
1
617
265
327
19
1484
62
20
168
154
105
30
272
8
321
9
23
85
518
10
4
46
279
219
133
60
50
1
95
45
402
253
15
192
344
317
3
468
49
23
1
7295
154
403
43
59
30
101
957
239
3142
20
25
227
216
206
303
40
104
204
831
71
20
40
62
115
28
13
41
12
62
21
2291
84
878
2121
1699
262
2603
404
270
21
4630
188
983
106
313
94
292
1443
48
3200
329
67
10
94
68
85
317
4882
1031
9
114
20
26
34
129
25
189
12
134
576
10
45
11
2540
45
180
39
53
451
91
1123
67
1297
125
252
388
113
22
45
729
167
17
207
11
120
588
46
396
429
60
65
156
387
35
1552
276
14
252
16
66
156
54
18
1
4466
24
306
39
16
52
89
195
29
52
401
34
136
3985
12
340
1867
170
91
53
152
17
315
202
98
1
131
65
3
994
335
5
32
407
78
1867
27
219
54
14
26
14
420
617
16
16
17
544
28
119
10
30
41
77
441
152
70
366
3006
8
817
2
199
506
332
77
149
352
91
2509
46
29
619
195
9
73
422
867
10
12
327
4
2375
8
77
322
1867
288
62
153
7
531
10
20
299
164
1317
98
36
14
705
1906
350
71
31
113
36
12
494
400
9
371
29
258
67
779
33
13
400
261
172
590
91
231
122
29
114
69
87
687
1715
27
107
1338
537
229
2
1239
610
14
547
113
207
154
99
324
36
40
711
180
540
554
131
221
77
438
11
178
32
294
140
19
689
333
37
194
579
27
506
46
1295
203
132
31
2547
1560
228
114
200
1482
22
17
20
582
1
82
700
13
1044
177
62
25
8
99
235
34
140
21
1313
709
81
1
567
42
26
77
580
52
10
110
227
88
69
2094
79
19
28
85
109
4397
567
572
2546
410
2672
216
24
1134
124
552
937
308
1177
1162
2878
23
3
21
405
111
107
196
10
43
16
24
201
186
36
1077
13
160
1
400
487
63
367
97
1304
80
931
520
268
223
104
13
39
1999
282
4
288
334
75
97
106
6
628
66
36
15
3
12
306
222
354
27
199
465
583
49
339
27
14
49
163
84
58
818
145
1288
45
312
2691
419
820
90
54
404
96
542
717
2426
38
2
200
88
307
738
311
110
36
745
130
65
106
7
68
3566
121
565
949
150
186
7
5
110
1372
20
38
6
21
11
34
6
54
18
51
265
59
7
2868
6
89
65
225
17
40
193
159
242
164
511
308
426
1217
73
405
26
185
249
2568
142
13
191
1505
242
13
109
11
167
9
9
463
116
10
16
92
114
34
39
22
8
296
121
9
3
270
56
1342
684
913
18
108
748
132
184
187
8
13
162
28
26
596
11
26
2367
57
68
78
21
11
1043
225
1166
646
1749
6
149
1079
4729
653
648
72
1740
7
84
272
318
24
78
2
1
3457
145
85
6
30
377
38
1804
7
62
625
136
428
2
171
694
159
73
302
131
95
236
3
204
89
34
282
179
974
12
19
11
2610
98
25
267
35
759
131
1682
47
1109
201
152
34
2692
24
57
102
65
90
65
751
802
22
275
2971
89
1139
1
45
246
294
390
6
58
8223
208
37
69
513
321
274
203
7
5
6
65
448
73
17
38
223
13
856
917
39
13
541
199
98
10
297
13
1209
1657
106
13
19
252
151
63
364
88
170
46
860
46
268
236
115
20
113
38
254
722
145
1807
23
285
1714
320
37
508
63
404
195
94
42
168
255
32
81
5
642
421
250
4567
74
15
99
167
43
1
1995
1679
112
4
350
104
12
14
609
4992
1050
21
154
332
769
10
1609
658
15
147
348
114
20
64
225
28
162
46
13
148
10
172
76
253
191
41
607
39
334
106
94
580
396
801
569
124
384
290
18
74
219
446
1
270
249
32
5
320
254
15
246
28
1457
92
18
386
31
9
2351
9
423
334
41
535
1
300
365
597
128
16
3
3
184
207
751
657
72
438
201
30
31
86
258
21
573
236
262
163
235
34
182
14
73
18
305
274
46
133
9
62
42
758
3
12
452
3
1
115
1
121
54
15
90
118
8
9
41
65
10
240
10
111
12
40
64
140
189
12902
53
8
315
191
7
836
226
373
20
182
100
297
803
3267
78
22
45
675
50
324
38
7950
2146
16
631
4
95
19
1409
107
210
268
116
471
764
148
158
21
42
108
405
11
14
120
73
733
420
377
77
27
5
29
604
329
13
153
215
35
242
36
443
320
36
32
214
10
124
390
137
29
62
273
40
704
143
70
84
238
127
569
34
10
1234
4
233
220
80
185
157
71
197
475
457
667
507
1356
40
297
507
302
2633
438
226
58
53
20
38
37
16
300
122
435
307
1
340
1565
81
40
618
15
385
24
341
226
404
289
34
85
1096
123
382
886
90
796
845
12
657
358
39
12
10
75
78
166
14
11
41
271
1402
847
57
56
59
307
306
222
55
403
33
31
614
17
441
604
1717
57
37
1359
358
975
336
3905
45
424
35
123
573
11
139
168
47
131
26
412
60
34
378
13
427
78
93
71
12
24
461
1746
410
80
4740
1683
1154
111
951
805
141
535
33
13
37
843
475
134
19
10
4
2780
444
418
1218
10
19
103
26
49
7
3575
30
155
82
106
1716
4714
2240
15
146
119
23
22
22
55
60
2280
403
164
184
4
205
369
17
347
490
2362
1733
71
263
338
144
345
3
83
148
26
288
49
5
2816
53
342
53
74
55
1002
88
78
26
41
9
7
191
249
7
68
27
582
1
282
41
12
52
19
1
3997
47
72
356
22
213
201
852
69
637
76
196
4
584
42
59
206
600
470
39
121
164
110
12
10
320
33
435
43
69
109
835
1064
745
33
442
68
51
20
12
19
149
404
224
45
33
512
54
66
33
78
143
23
86
532
221
236
59
12
8
8
95
397
558
180
4
79
7
2180
485
25
25
143
19
34
3
9
369
1249
357
435
133
113
75
54
233
29
65
389
1
3
109
95
227
13
135
21
230
61
313
68
115
212
25
3
1813
98
19
97
15
2
16
77
269
12
1456
1
97
33
1803
5897
482
74
492
20
170
12
212
115
2775
93
374
31
31
348
37
118
23
1200
1467
45
34
53
70
2197
824
920
33
4
19
67
4227
58
37
2090
5
22
59
31
550
312
15
281
47
331
206
60
540
1127
32
410
37
12
66
88
30
12
9
42
2208
86
33
304
41
37
530
10
17
999
39
180
18074
114
109
474
694
490
240
1175
340
416
476
64
719
493
17
290
136
71
234
11
295
683
872
73
1
2
27
4
14
18
1
1
59
21
5616
43
13
2799
40
383
36
139
385
37
948
26
276
96
12
130
67
1029
93
2766
62
1055
324
67
58
166
288
498
39
5
15
151
119
92
290
19
54
5
1113
50
47
133
70
95
13
22
41
269
455
46
1051
118
23
223
85
21
808
2151
9
76
406
211
108
12147
1506
60
454
48
5
12
10
23
329
10
76
122
26
711
143
206
6
6450
20
694
40
62
60
149
8
122
303
25
43
32
1152
1837
50
18
1108
559
15
982
381
12
2
92
32
18
9
58
112
289
895
181
311
21
76
37
127
2768
2701
4
2128
99
448
25
72
53
536
19
40
24
165
62
57
683
19
10
214
1
474
148
473
48
49
9
431
73
171
18
83
11
60
54
1
374
116
720
702
425
2308
14
73
116
117
34
320
28
153
219
32
17
154
46
2
81
208
89
8
1504
46
337
45
58
103
441
33
217
2294
271
97
28
2361
252
1641
10
96
55
62
1745
663
87
54
21
1462
10
229
64
40
943
188
10
139
36
9
35
47
4
68
49
30
80
94
5
51
1
56
68
13
653
65
61
2
65
37
557
98
160
1475
395
125
466
773
82
1036
11
628
325
182
104
1457
216
203
361
30
39
4
1
30
411
55
33
169
11
1133
83
24
6
27
159
230
360
10
43
31
380
7
10
413
264
33
18
452
11
19
21
176
26
2183
89
14
2332
56
14
211
183
114
32
137
41
12
7
55
174
162
19
66
35
14
275
505
2968
6
316
1
24
54
28
34
545
90
1853
10
10
1204
1156
17
22
129
126
1
270
13
236
596
36
24
1016
53
12
602
68
21
8
6
1
23
19
50
227
123
36
2784
133
5
270
264
69
769
312
88
54
14
46
14
22
1484
629
35
39
14
370
101
51
525
3678
679
20
2
5
189
295
256
56
200
224
163
1611
388
55
785
302
35
23
120
90
98
41
3
24
259
13
417
8
68
23
3179
12
3956
118
82
22
38
140
627
228
33
8
204
345
35
31
569
491
187
781
366
12
114
263
16
17
27
61
27
143
97
48
510
308
24
86
170
26
217
881
13
14
25
634
163
759
149
2304
66
71
2332
160
34
4937
2113
94
29
4
9
187
19
54
42
23
22
327
293
35
452
204
179
22
34
65
21
175
18
81
35
33
1
101
5
292
23
761
16
75
39
37
31
6
689
58
31
51
12
95
18
573
44
21
2799
11
85
42
142
1335
169
84
1
22
361
381
13
1
325
77
32
19
21
208
449
375
31
471
28
22
519
26
18
22
11
22
62
28
3
23
105
39
1123
90
65
415
16
23
671
2
24
15
5
53
228
337
10
52
44
130
2
51
295
23
59
3
5
1
20
12
14
30
441
21
16
1570
173
66
810
688
19
1
81
179
51
41
275
22
28
2023
271
4
89
63
216
145
468
680
259
56
186
782
272
1441
8
128
36
23
364
163
3561
1189
1005
2073
28
51
357
62
207
123
9
1755
484
24
53
17
19
140
13
364
221
14
162
45
47
13
1254
102
969
303
41
24
411
33
39
678
156
127
40
1625
822
47
236
16
6
35
79
289
11
34
33
2762
1990
64
13
3209
28
13
248
377
131
89
533
8
156
1337
4
28
669
4
622
35
42
24
1530
31
55
74
151
7
982
15
226
493
6
24
78
165
124
38
19
41
1048
313
42
50
457
9
204
1612
14
2040
225
569
34
131
61
757
246
94
572
22
1348
1015
13
1
18
1650
637
2165
2475
286
399
7
13
45
11
136
18
85
332
132
25
999
14
91
174
82
2
3085
98
698
17
10
13
224
11
20
1651
1915
69
107
194
34
24
52
14
15
9
36
180
28
24
33
1
11
41
1378
13
262
100
107
189
79
207
281
865
264
35
53
58
183
236
6
49
133
1256
148
271
63
2
201
99
4
25
9
52
13
1
238
109
108
270
431
3248
2
21
21
79
8
256
17
59
1504
82
3
32
466
35
13
1179
27
561
52
87
1
443
12
36
85
1
1646
127
27
132
27
32
17
26
81
565
136
7
770
9
313
163
4
37
24
302
11
101
56
106
1645
210
15
320
223
43
803
70
29
28
68
5
4252
148
550
13
5
9
1
25
50
1048
229
17
47
61
1655
2
21
25
7
1514
1246
222
4
3008
65
127
1048
38
46
18
10
304
87
100
260
403
10
1
326
769
1090
715
7
14
29
278
788
17
64
7
11
121
304
35
23
535
9
5
6
27
32
1
3
109
5
29902
12
15
1
289
110
72
889
49
8
144
12
5
99
27
11
9
3383
11
33
1242
42
46
17
8
109
14
2
40
36
76
9
56
16
16
11
1
749
169
7
326
298
36
32
53
61
387
180
10
110
5
503
10
14
305
308
17
5
204
121
7
12
1223
49
752
465
169
150
254
14
13
309
5124
75
179
3017
19
1
47
1177
635
27
36
911
35
55
30
18
1124
33
72
572
165
29
1
45
22
32
1259
179
46
270
171
33
302
63
418
901
653
213
123
34
724
401
333
93
60
188
11
34
23
308
477
955
136
14
15
44
66
175
1643
1363
91
145
42
414
117
32
131
261
419
7
1
192
2
187
185
1325
147
345
130
7
1260
239
44
250
5
102
8
658
34
114
115
85
803
811
12
9
578
86
183
655
682
18
1764
66
913
27
20
3
2
504
6
10147
45
2914
23
88
29
16
157
266
2
66
32
18
415
27
9
357
57
2764
7
128
15175
54
80
562
318
150
180
293
1002
312
163
483
19
567
6
7
316
32
558
490
4
555
24
1674
11
574
55
17
13
431
397
51
1234
1998
51
1536
38
128
12911
31
154
2564
48
38
21
35
107
389
104
11
157
14
21
252
33
2
551
38
1044
2883
9
669
24
28
70
371
41
1365
14
57
204
866
142
2
33
384
38
57
143
3
23
57
109
14
145
40
31
94
58
68
31
50
18
86
34
739
198
29
234
8536
12
1149
25
49
220
11
436
23
93
209
304
22
33
31
263
133
125
24
89
38
135
23
2183
21
50
539
648
283
728
120
209
11
336
372
2
188
8656
57
89
88
563
462
62
296
11
157
214
135
22
48
26
110
2291
21
148
39
114
197
218
74
455
237
116
365
403
43
14
32
46
114
558
309
80
884
104
19
234
87
71
6
96
391
25
216
54
27
40
230
414
426
81
56
43
198
233
36
58
109
192
142
1454
25
1
96
15
79
776
7
44
4
18
65
60
137
10
232
535
3228
338
18
1066
296
53
36
24
109
55
5
18
18
924
17
16
1
20
123
27
756
128
12
668
64
2
12
385
2
176
15
12
103
111
305
202
46
75
100
359
8
13
146
20
1166
3
334
21
121
165
88
11
3
5
238
25
42
46
24
46
11
18
1
141
9
9
15
185
7
123
91
101
3
87
14
814
569
105
565
188
1067
81
131
5
9
5
14
12
43
2
84
45
11
121
93
32
39
224
1845
68
114
401
658
2060
90
1015
19
652
2
586
12
1818
410
28
44
406
210
31
94
76
147
25
43
34
17
27
12
320
21
374
4
13
320
266
255
55
14
758
41
202
34
27
20
46
204
6
11
544
92
232
75
126
1895
13
259
233
8
12
64
804
23
72
470
103
68
147
192
146
11
22
306
107
363
6
531
24
324
20
44
96
1018
296
219
201
802
55
322
109
131
13
52
282
2487
33
1
33
527
10
177
73
13
3582
27
769
2191
836
3686
9
199
6
18
17
6
543
2585
142
22
1645
12
34
69
10
135
83
879
8415
10
16940
363
47
42
183
326
88
225
566
49
16
33
100
204
58
8
225
147
5
24
3
23
13
291
9
425
8
2445
119
42
106
106
2
66
638
2354
607
19
14
73
2221
1554
171
154
42
16
42
8
52
7527
65
32
618
53
139
21
188
383
27
4
219
8
836
77
224
222
636
143
720
89
12
1
9
11
267
1341
126
22
6
14
49
114
26585
9
10
33
43
51
19
543
1
229
106
3
550
67
59
116
3
434
10
16805
1
114
1
240
76
47
81
58
66
95
5
196
2132
90
64
944
3
49
55
1
31
120
30
204
33
38
48
27
11
24
23
250
495
89
1
21
223
86
170
15
904
101
749
282
87
753
216
97
5
71
42
108
13
3
258
23
21
165
65
30
107
79
56
19
1771
296
70
1111
414
1
341
12
130
17
36
399
25
7
14
348
33
19
1908
1382
20
557
274
784
174
39
62
56
8
277
14
29
1
1
760
1941
2325
2272
9
724
348
574
4682
74
453
38
18
112
10
424
28
17
1
37
24
44
197
23
47
12
6
422
102
21
56
1252
53
155
187
37
103
70
421
96
20
89
49
194
27
9
19
75
55
638
1871
53
110
173
18
909
159
540
55
10
60
85
634
975
1803
5
66
259
824
22
7
90
23
71
20
7
210
229
163
1741
206
831
932
113
762
587
589
4
250
623
113
20
180
82
177
158
142
3578
29
432
794
176
71
45
14
677
720
16
70
102
46
213
16
1035
2
12
41
13
143
886
111
150
45
14
41
21
13
628
233
196
17
178
1
42
771
57
2
75
147
16
241
257
44
260
10
81
12
763
1
294
159
344
101
735
77
1
11
130
12
500
123
125
35
317
621
4
69
309
396
16
36
395
623
1
13
398
79
320
12
169
108
219
18
132
12
1
31
110
18
22
161
20
1839
10
415
11
460
14
73
170
1
79
253
75
12
2075
62
113
57
469
132
1165
5
10
606
102
180
33
129
44
1678
22
31
376
52
3
4
29
15
827
13
22
205
270
36
26
2096
8
45
128
25
241
28
1942
250
16
164
256
393
410
33
32
4506
299
16
7
940
394
188
151
203
80
220
277
10
20
11
3528
41
2924
30
40
74
23
100
8021
15
176
11
71
2382
19
333
170
180
13
2016
763
42
20
25
20
55
21
4
898
27
145
25
1
9
52
113
11
255
244
746
155
15
708
6
1
25
22
20
850
622
35
81
153
435
217
78
69
267
3144
338
46
624
1
173
110230
103
49
79
14
88
273
1
684
28
7
114
8
20
162
66
27
231
24
33
213
9769
139
95
741
30
82
37
976
37
1036
36
957
640
638
1
39
24
1
212
12
46
47
1
102
11
35
27
245
4
57
22321
4748
23
7
290
14
20852
18
219
690
151
21
19
12
31
37
1
717
8
1963
575
16
993
1539
1
755
2992
243
412
1176
5
3020
2215
8
20
692
73
245
477
227
337
156
1150
9
3
2960
28
28
15
22
34
39
40
22
22
113
193
13
132
109
14
153
39
29
297
5
193
8
2854
651
383
113
2191
3607
287
62
87
63
34
39
631
69
187
10
39
10
204
18
13
22
1194
24
77
29
758
332
36
13
76
18
1483
2
14
540
87
41
33
4
18
26
56
819
198
56
207
240
156
23
14
150
91
11
42
1
52
74
26
22
52
1579
22
93
838
35
110
79
13
714
1267
5
3
188
41
134
26
109
23
327
15
38
1851
7329
58
646
37
1425
1841
50
1748
42
1859
99
2596
8
224
1588
13
134
86
84
17
61
17
396
9
16
24
94
34
19
26
60
58
1347
32
319
18
171
632
266
87
488
328
1596
109
20
72
307
116
382
369
49
474
703
470
1080
29
298
928
54
15
86
1863
1805
49
35
130
75
865
23
238
128
60
470
130
226
48
3222
248
549
206
896
198
191
4
99
34
113
19
825
1
9
9
49
34
391
51
32
103
455
11
1
129
15
749
349
277
5679
11
1019
275
152
159
322
4061
77
177
140
1429
869
370
3
102
35
2
1
78
2572
564
1258
1334
56
45
52
241
62
28
269
108
5
290
677
1
61
11
1832
398
107
185
10
235
6
33
319
61
9
473
158
174
64
83
1079
19
1185
130
57
63
3
46
84
414
1106
532
5
89
391
76
489
1
33
6
54
2
948
545
37
45
19
609
121
75
60
28
288
78
192
922
5
20
105
379
322
125
30
10
182
122
31
129
57
87
12
15
80
93
15
160
48
23
43
1325
40
201
173
31
2604
28
47
393
40
5
104
121
76
25
593
20
5
485
9
63
25
387
83
101
1410
14
26
26
1236
7
16
33
3
1962
48
122
1436
1557
439
618
3
72
63
8
153
11
22
160
1362
20
12
1113
1
39
115
16
111
198
2
88
19
55
7
61
3
93
375
15
3
42
60
32
5
2355
117
7
167
86
99
24
15
6
222
415
10
432
20
78
205
3
50
703
303
1756
1
23
36
342
11
17
10
520
82
994
19
69
84
567
12
1
6444
1
135
9
34
16
10
691
136
208
55
151
283
53
110
12
339
34
190
1
17
70
916
11
3320
119
69
276
71
96
63
81
10
2
403
26
2190
121
12
1034
500
21
18
1054
1351
105
305
33
244
19
26
11
16
16
416
209
15
3
632
39
36
979
180
15
79
230
34
10
999
1042
55
207
56
5
35
132
3
11
12
123
105
122
191
18
30
100
507
74
2
2831
12
1
41
32
288
10
157
3554
685
2633
3768
40
260
2
1204
16
13
151
200
23
222
120
1582
750
320
6
86
116
25091
5
124
183
7
48
534
9
25
172
50
13
37
375
6
37
87
16
13
1
200
12
203
1
368
104
484
331
54
56
354
272
3
615
8
523
15
66
496
207
29
37
13
1509
12
8
46
16
65
34
37
155
1
818
27
52
5
16
100
226
3
31
11
1
3
13
4775
179
16
630
5221
367
22
561
1137
4
1999
12
222
4
908
84
16
1
1
716
8
341
65
15
246
21
57
7
629
48
1237
55
210
18
113
38
26
122
317
18
62
49
29
443
285
17
55
4
7
49
92
381
640
14
3
264
13
46
28
545
1
632
124
678
4789
14
191
55
20
21
63
30
33
33
1
1
11
398
287
343
20
81
2387
18
2
8181
95
612
684
1
127
21
65
1016
41
466
60
32
131
18
15
1
124
13
2
9
69
950
19
204
1018
13
6
725
104
23
128
27
5
2264
8
215
81
4321
61
32
75
31
14
392
31
55
61
723
173
93
19
48
29
77
44
341
8
267
89
98
43
175
15
69
14
55
267
21
86
910
4
117
133
28
149
14
4
39
5
8
161
10
213
110
284
22
7
271
12
50
4
12
326
79
80
20
96
44
29
3
9
8
10
873
48
14
34
28
273
12
14796
150
20
24
24
1
223
29
6
170
10
49
5
20
162
16
26
30
34
306
27
8
86
62
212
324
24
13
10
99
90
9
663
27
51
110
561
219
29
31
14
219
2
8
1317
139
681
16
2
280
598
27
84
158
9
29
208
7
95
5
1
77
366
47
128
303
13
781
77
92
11
18
476
335
217
16
253
122
11
99
49
159
11
38
61
14
1
16
624
4
74
19
133
17
180
12
12
39
70
489
160
23
178
34
114
13
101
21
13
836
2474
220
9289
112
128
11
395
42
18
216
10
381
30
1
40
98
501
148
146
18
8
244
216
17
87
129
7
3
16
175
19
25
26
49
14
33
15
2
105
342
47
30
2
482
660
365
139
627
545
96
121
248
74
144
24
887
26
1398
83
568
352
13
67
236
301
99
195
1
22
106
176
138
170
39
8
61
92
15
1240
35
5
38
1
3
24
352
60
600
119
60
44
965
53
106
103
8
29
16
14
198
20
38
116
177
19
38
1
24
1
14
112
3
850
116
508
3764
33
15
44
852
428
46
168
50
45
130
6
11
1
374
29
237
5590
193
198
400
932
300
3
38
2119
11
10
105
1437
31
3
13
38
115
260
184
42
56
18
1
43
1559
426
428
30
5
507
115
108
741
15
142
34
12
9
81
11
10
109
12
24
5
22
2787
37
21
37
589
281
26
117
126
26
12
12
129
173
547
78
5
29
19
24
29
25
239
146
39
54
9
1087
6
20
1257
81
21
1
85
31
73
351
1
52
2601
36
48
106
89
3
17
353
4
5
13
10
40
7
10
3
138
334
93
26
116
34
19
8
1367
73
246
189
87
605
11
3870
508
106
243
3775
1
1
955
51
1
6
1127
35
74
6
11
15
299
397
560
591
20
52
7
106
86
38
5
942
3913
45
262
239
47
181
123
47
113
171
8
732
5
483
17240
21
87
248
10
589
24
4
116
36
22
5
2415
35
313
6
1
442
11
13
10
2211
13
143
949
4782
24
8
22
560
1
42
134
227
28
47
3
112
54
46
84
96
85
2352
8
44
2
84
28
126
145
1319
41
11
4
172
128
68
70
290
1499
18
259
37
8
8
943
980
28
401
18
4
10
79
216
60
12
6
16
316
393
23
291
305
783
274
2056
608
192
1427
1645
26
12
65
723
842
442
12
44
5
130
41
764
23
171
29
1304
12
7
254
47
56
14
254
762
265
29
9
9
8
12
248
37
27
126
21
10
159
2
79
77
113
74
118
3097
207
40
11
41
488
69
173
1310
108
196
1
34
6
35
116
86
1
29
26
31
30
92
42
158
7
12
26
99
8
6
4
1
246
1
1040
45
420
300
109
10
162
321
115
178
31
1
515
16
83
16
48
117
51
153
186
6
75
12
76
1
1723
161
14
12
698
7
820
5
527
336
261
32
18
16
5370
19
69
793
26
2
1
266
41
2
509
3890
30
627
23
261
6
11
27
23
32
162
16
533
457
155
48
214
166
41
132
847
5
150
5
74
22
287
61
33
23
41
30
117
114
185
88
69
21
14
20
10
15
24
36
39
2
9
2
5
17
171
73
24
70
12
103
10
12
10
11
1
15
37
22
25
36
16
12
64
11
31
8
1
100
231
104
1609
50
9
274
61
26
202
67
52
1
92
4949
44
47
19
109
26
67
72
24
1101
10
47
186
16
11
332
1
54
30
36
8
77
30
1
96
5
14
3
135
99
81
27
12
11
281
101
13
305
216
10
24
61
36
13
8
12
14
63
10
2
135
824
62
17
39
16
26
15
11
239
21
237
52
52
16
103
6
90
10
1
8
3428
54
39
92
30
44
185
24
4
36
97
145
12
10
452
31
1742
287
25
55
9
236
44
40
1
40
32
57
45
502
47
43
40
115
3
77
63
59
9
1934
1999
127
274
141
598
120
146
2363
21
6
26
220
444
6
120
117
66
105
85
38
13
7
29
128
12
1
3
127
16
345
336
323
528
91
75
57
333
231
704
321
43
49
59
48
376
42
1
13
758
73
83
23
1
67
14
1
96
278
16
523
3
108
14
582
92
4948
47
63
420
65
303
49
55
40
5
13
128
9
439
91
9821
207
164
3
414
198
14
517
2182
9
949
42
13
351
28
5
103
733
107
36
45
167
406
859
2
13
812
52
122
273
168
44
123
7
58
113
1620
28
24
440
9
40
105
104
3540
347
1998
13
91
407
418
128
403
100
259
1179
421
10
18
14
3721
82
21
27
93
461
23
158
37
167
86
9
293
1976
410
144
613
26
79
606
23
16
70
294
136
530
62
19
60
18
63
146
59
1542
148
220
2066
331
42
3353
2705
88
15
79
5495
31
200
402
305
170
93
15
342
1453
69
559
34
102
7
40
862
13
53
14
1
13
10
8
10
19
2012
77
33
113
152
51
71
2241
752
135
2268
190
204
2478
36
110
640
93
41
276
42
10
51
91
14
1035
1044
75
16
541
290
345
30
61
16
11
130
284
249
90
1
1589
46
50
38
23
767
3
46
999
64
65
101
14
27
10
3083
7
280
88
2202
48
118
3
2
1031
69
190
52
468
109
1185
32
12
220
724
334
15
8
2117
212
2146
573
16
20
26
55
8
40
227
497
2
3216
638
59
85
612
19
177
643
196
1625
1465
72
85
206
84
124
3478
79
486
18
27
192
93
4875
40
104
183
71
651
1
32
245
23
239
20
65
39
1
4
21
268
383
57
216
12
84
11
1
522
200
73
2
93
15
38
132
110
171
57
233
87
27
17
217
323
73
87
116
73
1846
64
258
10
429
28
1
9
4170
476
176
99
143
155
24
14
12
35
635
2726
33
124
17
60
1483
36
14
525
121
15
278
22
337
808
1686
117
51
376
12
28
48
581
71
30
22
71
2
96
26
6
21
346
23
42
15
56
43
396
211
1280
9
29
5802
143
6
220
13
36
565
1849
43
1474
36
52
26
166
1573
41
205
18
274
53
38
72
319
214
8
1946
5
144
58
12
300
170
1868
1009
79
3227
269
28
418
51
2909
211
44
13
184
324
56
24
13
7168
470
33
437
352
277
13
5
108
62
27
5
1096
28
187
66
1
20
27
74
1
30
281
160
8
32
5
4
5
9
19
52
23
14
60
2
38
24
17
7
61
65
249
11
54
2
20
249
26
153
281
11
181
22
77
425
42
5
160
58
59
9
187
35
1
88
46
40
41
6
66
62
18
735
15
86
87
257
158
1
95
9
22
18
58
24
72
293
77
152
52
440
2686
481
34
21
20
340
408
1552
44
219
257
7
43
135
813
111
21
15
3692
2740
238
282
365
978
28
38
23
50
48
1460
272
60
290
124
90
203
737
354
128
1585
36
52
568
152
187
738
21
65
124
369
17
52
300
8
64
28
69
16
99
162
10
15
588
39
553
2143
1309
432
111
1185
129
5097
461
276
40
40
672
2
57
94
32
6
94
117
21
14
2
122
34
48
75
17
54
922
4213
455
306
2
7730
16
9
275
37
33
63
21
151
90
246
17
17
11
46
11
105
486
185
17
1
96
1
301
1
674
117
45
17
7
21
21
90
228
260
490
8
223
5
126
1
493
13
106
63
120
6
41
100
29
22
14
10
18
11
1
3
1041
47
559
284
62
41
39
340
12
102
569
78
248
56
186
13
137
20
75
2
4
93
12
14
12
16
10
109
98
43
36
28
28
109
12
15
54
1462
10
90
667
36
46
65
177
16
9
21
38
22
68
21
10
80
31
27
145
15
31
75
134
204
10
24
119
85
18
65
3
1578
3
3560
26
18
35
383
12
183
356
14
469
10
162
16
308
9
19
11
1529
24
89
12
9
2
1
59
497
225
30
23
167
450
355
45
8
3
215
247
113
409
10
49
134
47
195
31
928
5
12
748
292
65
18
94
7
1
84
7
3
75
247
13
117
20
50
6
14
16
878
29
25
781
11
1
359
2353
113
157
17
39
95
40
222
39
65
191
40
28
91
144
399
112
28
1221
895
16
14
174
35
5
3
214
21
837
26
16
1
161
56
24
20
1
96
97
14
1
23
285
26
149
71
79
16
4
23
1
30
3
1
1
69
27
76
22414
