71
6
250
75
84
603
11
270
272
14
163
260
502
292
28
188
13901
73
3
635
183
1258
4
130
75
1
204
274
9
121
449
278
251
23
394
76
154
76
548
98
275
75
80
155
75
284
109
76
79
268
75
228
289
128
588
257
88
249
228
72
82
1
122
319
24
172
19
565
73
90
76
75
114
78
277
836
241
5
77
77
84
179
447
75
102
340
90
278
75
3
123
257
290
1
159
81
310
75
73
120
72
768
263
75
4
75
75
135
181
274
290
1326
4
76
97
91
61
75
108
113
75
246
1
87
72
82
3
602
252
74
75
151
73
127
105
8
125
324
275
249
15
142
72
385
352
280
72
72
97
160
78
75
310
296
416
280
730
13
439
75
17
275
158
21
277
341
5
271
369
161
73
284
155
207
21
296
160
15
7
91
492
289
264
289
79
96
112
75
77
76
261
187
75
216
129
75
125
73
10
92
74
50
280
76
113
74
61
79
