155
164
33
95
163
159
214
3
145
5
53
625
32
651
23
177
13
71
35
151
25
98
50
6
139
136
17
192
15
33
120
35
205
210
580
127
16
247
34
223
51
35
4
8
25
147
528
90
1
9
2
7
127
50
44
108
48
127
137
17
57
268
196
683
14
50
75
9
21
87
121
123
5
4
31
13
378
28
50
31
14
35
53
3
41
184
121
212
57
19
151
4
21
221
137
154
26
18
161
24
27
110
7
159
275
95
217
43
263
7
4
14
254
35
31
35
22
11
15
190
7
307
95
129
30
91
42
217
31
33
35
124
38
35
33
148
218
156
35
35
238
48
40
59
35
157
44
92
210
38
95
2614
150
216
7
91
37
215
1
178
33
230
39
225
209
31
31
463
153
518
47
9
4
13
39
212
350
51
125
23
41
130
46
248
35
217
147
153
246
146
212
39
142
42
36
147
217
43
32
217
32
497
860
38
21
7
470
182
80
48
95
162
75
296
34
216
95
15
78
13
181
249
159
33
2
34
233
93
30
7
35
16
49
147
26
26
580
12
263
35
35
210
145
230
326
624
163
145
374
35
147
219
180
795
158
6
197
149
30
162
1
35
75
2
2
5
6
149
31
21
59
4
167
2
2
260
192
120
2
91
35
185
125
1
7
31
40
53
29
17
89
17
55
31
630
29
1213
238
53
13
8
47
906
38
13
14
164
13
35
35
35
35
32
225
128
183
66
16
35
111
9
2
47
509
7
147
9
3
59
148
8
181
17
1
35
126
221
31
10
8
161
3
219
2
60
273
194
216
11
33
28
10
236
12
283
221
218
16
8
24
36
19
3
18
6
34
214
6
1
27
32
1
146
162
613
10
35
1
294
127
17
11
5
159
44
19
2
20
21
223
9
95
41
94
28
18
219
261
165
47
116
35
35
47
32
214
220
36
426
31
6
31
6
37
232
190
32
963
38
39
14
210
232
4
48
507
241
99
238
5
222
221
147
65
3
326
158
145
188
118
32
90
34
11
37
243
218
39
764
57
108
304
156
123
35
19
72
38
13
7
95
66
54
19
21
147
147
7
15
27
247
19
7603
1
12
128
164
108
35
657
6
19
22
253
223
151
82
14
49
93
23
228
158
34
31
35
42
31
56
16
101
122
35
24
363
121
47
1
35
35
221
520
40
21
513
2
52
3
30
11
156
4
1
30
302
218
35
2
657
4
17
187
186
12
20
212
160
9
20
188
305
652
38
159
11
118
35
35
7
16
2
153
65
40
507
202
37
682
215
2
145
162
43
173
283
13
170
96
1
18
12
4
49
12
10
12
237
41
124
283
131
164
126
309
95
146
18
12
117
138
208
11
131
14
153
122
161
24
196
2
222
4
172
21
27
192
226
223
92
156
30
1
13
4
197
1109
113
95
27
69
133
217
261
280
19
1
6
31
145
233
3
910
95
3
168
125
35
215
19
82
54
28
698
145
35
35
129
105
2
42
215
14
7
3
183
216
41
213
90
31
35
35
30
35
95
216
35
30
276
164
171
212
177
35
35
272
101
71
126
7
11
145
157
235
39
334
8
20
23
2
9
3
163
112
222
35
95
27
110
205
45
36
5
268
91
35
155
52
35
37
209
199
314
35
218
161
32
185
35
46
8
4397
234
117
156
35
126
14
35
233
245
246
151
146
218
30
78
130
22
88
