67
2
7591
430
2586
51
190
2557
216
5
1
3353
153
234
117
668
16
1505
117
35
69
27
77
4
7
23
1778
59
2
6
102
7
13
14
3
46
1
33
623
171
723
40
211
568
34
222
1
4
4537
19
129
679
92
77
68
436
69
14
34
82
300
5
171
243
150
68
28
281
1030
74
4
170
24
27
68
12
18
17
25
10083
56
95
98
6
8
837
285
42
9
42
530
113
26
20
31
193
18
18
142
2869
238
283
104
52
33
752
477
109
10
226
8
147
1309
32
82
324
2157
899
2077
1
1445
8
1
5
11
1222
33
15
164
60
58
139
76
6572
553
19
9
13
1
12
1
3769
46
102
2410
352
16
1915
37
194
1008
10
19
1730
16
5969
62
326
5
146
150
113
21
146
5
114
2695
68
31
42
301
1828
42
25
592
85
160
81
30
1830
33
1408
823
13
610
484
166
666
556
67
3
4141
13
21
24
35
75
85
7
557
1087
4
1531
41
63
71
910
2072
307
15
122
1
753
8
21
48
1083
108
244
15
45
192
4
1080
60
13
99
246
154
6416
89
830
5
508
120
26
2388
17
79
97
13
1457
36
37
89
4
24
147
1766
4
28
200
195
2234
172
3
50
13
29
4
12
11
109
83
29
540
407
35
308
2243
6
97
33
373
1
1358
1852
53
71
1369
6
2471
191
14
6271
48
372
1012
2906
17
86
978
787
61
10
1326
118
23
31
81
35
418
7
116
2
21
64
455
546
240
610
293
21
226
132
79
53
168
181
19
12
11
58
22
55
290
117
39
169
42
17
3
8
444
128
40
8615
3
141
13
12
3
2301
22
479
144
5983
1851
9
424
614
26
408
33
257
623
2326
29
3
112
23
238
445
7
19
12
1
234
170
16
34
90
11
573
140
146
46
4000
68
80
11
235
520
22293
277
54
40
854
41
363
971
3496
1006
33
3255
221
161
674
60
1902
81
163
43
6
190
4
256
11
1760
51
112
35
23
5
46
24
167
20
235
58
794
49
881
146
66
15
428
443
197
8726
77
40
3
234
386
3011
2044
2317
261
206
69
88
121
699
16
30
11
38
34
841
1418
83
127
643
95
370
10
13
948
19
3784
252
18
5
16
47
44
112
10
1589
12
983
2115
940
106
57
14
266
1213
29
365
695
2190
13
68
687
985
112
80
129
40
42
8
18
663
9
170
1438
77
39
98
1450
1
287
34
45
669
68
1
816
46
102
351
1076
263
34
531
588
175
429
38
7
146
81
89
466
1
225
681
263
449
52
1145
413
2594
87
57
20
760
13
22397
235
56
5
26
491
9
1
297
433
51
187
66
1
225
16
2533
132
123
11
28
159
8
33
1
58
20
14
1767
173
46
707
574
66
1894
140
51
766
192
11
238
8
119
300
1883
34
205
35
5
1133
424
8
346
24
655
10
133
846
29
310
102
9
690
34
161
27
209
72
64
550
231
27
68
2901
47
2
4
13
43
64
375
2
23
470
247
138
876
8
12
1170
14
27
74
80
11
73
200
126
628
215
43
2210
104
474
377
20
191
2016
116
143
3
1597
528
571
12
5286
115
41
110
628
1
212
63
14
4
907
1301
149
1181
79
38
9
83
10
96
146
14
23
8
1
3
81
1009
1290
1206
386
923
9
132
77
1514
473
26
39
157
106
58
1
23
150
9
688
418
1
18
2
595
34
11
93
95
483
1
36
18
477
40
55
1179
374
7
23
396
217
8
29
62
84
24
14
26
363
413
888
8
7
568
1476
87
28
465
42
18
605
178
429
345
421
3700
20
225
4
386
1044
197
761
4
2125
351
43
1874
374
218
223
503
54
7
574
84
92
28
205
1778
101
42
1244
67
321
90
943
17
294
1155
16
52
34
20
488
122
573
384
133
1
500
611
190
101
23
2
474
102
28
4
95
4
648
223
22
67
7752
404
79
102
38
31
132
83
1956
235
295
5
109
508
5
6
3
2068
192
64
1680
552
750
20
35
1606
6
154
17
165
14
9
16
213
9
5
101
206
24
72
38
94
18
72
16
26
25
4232
73
83
203
733
42
5
11
35
3
1012
61
14884
103
153
102
1251
151
53
1547
24
11
738
15
59
2411
28
19
22
6599
324
166
86
36
847
34
102
216
74
199
7
84
57
13
42
2089
5
686
179
11
374
9
77
553
1
65
7
810
1
71
384
499
618
8075
653
2
156
9
500
32
3937
140
17
49
219
49
140
374
125
340
755
59
68
2
112
6505
33
30
2614
9
266
87
44
74
2
13
37
151
105
76
165
6
1
484
19
9
6
2095
14
13
42
1623
62
