72
203
187
55
233
197
71
185
184
205
227
2
146
219
100
229
82
13
198
82
89
2
64
158
1
1
1
2430
91
75
1
192
186
51
1
1
72
75
2
509
1
2
223
107
75
106
53
1
112
14
82
204
90
715
9
123
179
80
121
1
71
185
75
4
94
92
71
188
76
77
96
186
71
105
196
725
258
305
206
2
190
1
1
3
1
26
3
75
91
22
227
74
82
87
120
95
1
1
564
74
443
75
219
271
117
76
75
202
44
226
183
204
208
76
75
52
78
75
182
74
91
685
321
200
71
75
237
73
419
76
259
76
72
359
76
183
333
75
82
92
185
1
158
670
73
185
214
581
76
12
78
1
83
115
109
199
120
3
79
1
76
235
210
2
76
299
72
14
133
766
113
72
74
246
329
76
81
5
72
3
76
2
198
75
75
22
874
396
222
79
217
561
198
146
76
1
1
71
3
75
94
90
201
199
407
71
186
82
211
66
500
2
73
72
269
1
1
3
888
2
220
80
45
75
75
301
72
76
190
123
75
475
232
3
73
207
1
1136
93
917
125
5
95
85
76
76
2
78
100
75
93
76
162
252
1
219
203
226
205
122
72
249
226
776
1
7
238
1
1
143
190
75
21
189
72
202
81
128
199
75
191
905
1
193
122
76
401
75
77
79
80
52
581
1
98
75
1
72
73
83
77
96
33
162
206
72
89
75
362
79
248
274
66
207
2
95
71
384
5
4
249
2
143
76
71
128
2
516
155
426
88
121
2
109
195
73
7
115
74
255
76
75
2
73
71
93
72
73
162
301
98
220
243
1
1
94
573
162
205
794
75
77
4
72
120
73
81
471
66
71
88
154
73
1
241
135
233
68
401
124
96
223
74
223
75
7
113
1
264
643
83
195
211
205
75
84
449
199
153
63
93
104
1
75
1
460
3
217
315
1
38
73
87
1
90
75
140
1
96
185
75
1
64
1
22
213
201
240
2
528
104
267
206
225
1
2
237
75
9
196
198
137
71
373
1
207
79
127
95
4
324
3185
288
101
664
198
138
1
220
14
124
94
74
111
75
188
71
97
297
203
87
83
296
13
159
246
382
100
72
76
200
1
75
79
263
121
95
75
9
185
250
75
1001
134
71
164
76
71
205
108
73
187
110
80
20
69
76
433
96
136
196
71
148
98
187
75
149
541
77
84
2
84
73
1
80
72
185
129
55
193
125
113
146
51
86
81
205
76
132
430
83
225
75
86
201
96
47
158
1
215
71
72
402
1
506
186
230
79
125
276
210
76
138
73
195
95
265
247
71
73
121
72
77
100
78
209
79
72
75
83
75
76
74
155
216
97
80
116
211
149
187
1
75
340
84
1
1
92
5
71
74
74
3
215
4
23
61
12
107
251
