218
653
198
539
233
60
266
275
95
147
91
6
145
255
397
35
156
1
5
148
220
3
123
30
221
117
4
121
317
247
125
202
249
25
221
18
126
64
222
221
185
214
21
304
286
217
235
379
206
100
4
162
206
226
125
216
220
182
53
23
257
216
8
31
84
197
9
1
123
439
178
127
52
270
141
255
92
234
91
28
1
248
128
95
12
1386
11
14
140
234
503
38
145
123
117
5
196
4
96
2170
25
149
192
95
326
98
3
228
227
376
268
187
103
235
227
26
3
187
312
216
220
475
238
217
90
248
221
126
130
221
337
267
224
242
366
218
214
222
207
93
253
220
224
691
95
91
184
126
113
212
241
90
157
272
280
224
155
209
236
290
488
222
227
225
418
481
2
294
217
226
267
217
110
280
37
160
262
219
1
266
210
28
226
264
107
199
236
145
254
3256
222
157
2119
72
328
299
214
272
10
170
165
224
215
13
160
182
353
154
142
23
215
151
240
91
161
356
215
247
308
13
246
239
489
260
130
26
2
225
3
236
348
36
217
219
251
148
184
218
123
158
221
837
233
215
214
155
117
236
213
145
117
213
7
29
157
12
144
112
214
6
124
90
221
91
5
381
325
305
224
71
126
183
484
203
373
23
833
263
229
159
220
207
74
1296
12
183
299
296
235
95
238
124
126
235
344
137
210
118
26
275
214
224
216
620
125
120
36
2
90
284
18
247
276
121
609
126
5
19
217
11
1
218
214
41
222
228
4
219
217
198
91
1
236
235
1
4
770
275
218
218
121
311
87
192
229
222
185
155
9
216
220
298
216
283
240
121
139
185
1180
30
222
214
22
28
249
244
124
244
540
258
231
103
261
218
222
142
668
222
3
243
119
398
253
249
159
194
95
90
216
226
1183
248
186
217
238
226
141
204
100
2
243
288
120
221
51
739
279
750
261
329
447
91
1245
210
239
114
242
954
15
95
233
136
226
246
217
263
212
279
83
63
193
787
46
91
12
178
188
95
172
1
217
10
31
220
217
20
5
100
146
234
121
177
214
116
1
114
35
36
142
321
132
17
226
365
22
92
119
59
124
370
216
213
219
151
306
213
164
252
95
219
125
90
26
5
221
178
228
132
8
93
199
241
91
206
666
296
199
236
624
590
169
36
19
127
5
214
320
8
18
1
124
134
123
107
3
21
1
249
26
223
109
121
337
90
862
204
25
216
149
217
222
1
311
21
218
225
151
217
265
222
173
245
195
164
493
324
4
227
247
224
174
100
95
28
230
258
1709
123
429
200
235
68
592
40
209
26
108
49
245
201
2
20
13
303
1271
4
99
138
217
128
149
248
185
187
23
150
184
41
30
333
110
5
12
175
16
42
151
220
260
246
223
233
189
215
143
1
215
115
9980
127
216
40
93
218
185
304
57
30
232
212
219
494
204
184
168
104
31
59
123
226
232
38
228
620
65
29
171
642
18
325
256
263
186
222
313
105
43
259
122
222
92
20
67
233
13
240
131
85
211
90
201
299
215
225
868
393
151
95
247
91
389
212
210
357
228
125
219
109
239
107
539
23
233
66
222
1
274
192
81
130
181
442
36
316
322
211
217
126
349
994
120
177
233
118
211
43
218
6
259
18
11
123
216
47
258
223
133
109
413
191
84
233
425
246
203
125
406
214
384
90
10
275
220
242
141
386
199
228
91
122
99
63
170
236
241
190
249
215
216
649
254
90
123
350
95
181
19
100
280
135
130
216
218
238
19
123
233
183
226
237
1
6610
91
290
123
235
184
135
236
227
304
190
