408
1
12
80
17
14
176
30
67
416
291
78
4
25
2
5
15
36
44
22
626
1120
157
15
19
16
83
223
38
88
6
7
22
108
13
9
1
235
27
17
1
19
40
34
15
223
4
4
58
7
29
15
6
3
39
106
15
307
5
2796
127
16
90
362
98
63
36
346
3
12
32
481
13
13
7
83
28
22
170
64
22
47
28
25
1476
6
731
48
14
40
8
4
18
196
124
1644
87
102
2
9
287
477
17
5
16
1101
681
1
75
15
102
67
97
33
1
12
393
14
14
98
10
7
1
5
9
865
8
29
14
6
27
1023
85
3
7
1610
15
8
11
62
54
46
361
1
80
667
3
752
9
26
6
20
12
1
6
29
230
96
19
7
7
15
6
20
11
1
1
8
1
34
12
11
3
7
264
1545
104
300
16
10
28
188
21
3
174
29
8
33
68
30
8
30
5
7
364
165
2
12
9
414
10
76
9
24
52
8
51
1
11
8
1
51
1
3
47
10
17
44
9
40
11
13
14
29
6
6
558
10
6085
1
34
27
25
151
760
14
1
90
10
6
2
9
18
1
30
99
27
17
3
2
56
6
67
18
12
1
233
121
73
16
35
744
23
12
249
305
41
49
79
13
60
192
196
13
53
223
2
8
28
8
7
6
3
14
77
10
41
9
32
6
35
16
60
5
15
21
10
12
43
10
48
117
94
45
47
9
54
8
89
14
1
41
815
8
4
38
16
381
8
78
10
86
74
29
5
64
53
4
13
1
35
63
94
273
15
187
18
88
169
3
5
35
1
23
1415
15
430
44
65
12
6
7
999
8
26
944
160
184
93
31
18
157
3
45
4
12
1
4
126
3
13
12
97
45
44
28
239
7
40
4
44
5
6
5
30
7
633
5
213
9
3
2
12
37
14
143
57
18
1
4
28
56
4
45
37
132
7
810
8
8
9
62
84
4
46
4
6
13
5
6
7
4
81
14
8
6
14
38
41
1
11
1
15
316
136
30
1
19
37
82
419
34
1
3
18
9
67
121
8
24
48
1
1
17
1292
9
5
113
22
10
12
289
789
7
1
946
5
18
51
9
142
41
27
2
18
57
25
290
10
49
593
25
2
1
128
41
40
7
39
7
69
40
61
7
11
60
7
148
132
2378
271
6
15
196
142
36
7
287
90
7
343
29
592
527
5
2
15
12
473
17
94
20
7
440
176
22
8
13
21
162
26
102
27
35
23
1284
2
165
73
5
29
6
144
133
26
15
562
58
12
517
19
3
12
197
101
307
65
3
15
4
2
189
136
46
29
40
2
39
158
126
38
174
6
20
7
11
18
51
1
11
80
85
7
12
864
11
3
65
10
11
16
155
15
18
44
8
4
12
6
39
57
181
28
690
1
2
39
29
21
138
30
161
1
5
6
43
9
17
3
5
175
20
70
37
35
12
18
26
197
11
138
52
213
89
6
90
9
19
3
495
20
42
14
6
2
11
242
294
60
34
10
11
59
22
11
12
51
4
2713
4
5
14
122
13
7
29
3
32
14
45
4
168
77
15
729
1
17
3
20
15
1
45
684
78
38
73
430
9
177
10
12
10
3
10
65
20
12
44
5
1
1
1
3
21
8
153
214
1
3710
48
567
1205
1249
8
4
23
63
6
10
51
52
1
1470
10
8
9
96
9
9
5
1813
1
7
12
8
7
17
10
53
22
297
171
24
7
5
171
14
554
29
2
6
609
17
5
233
2877
12
17
36
7
339
1
18
6
135
1
376
65
20
13
2
12
4
4
3
49
240
242
25
139
44
2223
5
32
45
7
11
27
1
56
617
31
3
28
4
6
22
32
2
36
21
57
4
2
220
254
3
249
90
98
18
72
326
61
343
8
539
285
32
96
2
314
46
9
62
10
207
80
103
25
53
1
12
195
30
4
154
20
4
471
444
9
37
24
1
1
31
12
11
29
411
14
564
4
1
768
18
332
268
157
25
121
69
35
2
1
38
32
28
34
132
5
6
227
409
10
15
4
10
