9
14288
19
28487
3972
126582
2233
2595
2
11250
142
29703
3372
31849
10605
35434
2160
2694
781
639
189
44761
9366
11006
19
5723
250
649
26164
214
90627
25
65612
4121
11886
37610
479
273578
204670
170
99
3599
62
11827
25343
118
52
44540
2535
36287
198
50131
19538
49374
4359
2
3521
3
2915
5402
40353
56458
66818
3227
7
347
22860
6615
8705
11792
5540
919
428
85
2302
3721
221
990
27064
9163
231
2431
88
400
1352
37971
10258
23932
8500
3270
3477
628
2500
86004
2515
12516
20421
6381
168
1591
5654
88143
27009
10867
40306
1686
28513
66609
569
24569
6533
1251
964
23875
28662
889
11939
4303
2003
34941
13297
36947
70193
14756
46033
4024
22892
852
110842
1355
150
1340
34617
40495
12750
23820
2145
1908
27961
490
175
7340
53806
7692
48700
16340
24624
2688
13088
24112
955
6106
27
384
71
103
20280
161
1513
352
2967
609
13590
2251
30266
11549
73
318
16687
536
13490
2817
2252
1113
3110
5241
7987
16807
10785
50559
270382
14078
120
12
89937
1477
3128
5041
11363
26302
488
921
5546
1850
126797
14827
188
27383
43009
194
112
14885
6923
328
6699
861
35381
94
1568
2828
15745
3768
738
7730
2783
52
303
776
13981
3429
1473
2155
11969
78
10589
5261
3009
7810
12026
10609
11616
5138
485
492
5716
30992
1614
99
12782
132935
21272
72145
94
3570
74577
3314
2647
49
24673
16191
7831
8431
9320
15116
45053
29536
1223
9276
39362
12954
65859
3624
14714
1249
20026
50454
29818
26680
4718
19782
8980
2788
26122
4620
115536
5673
18503
573
628
3679
41871
50706
320
360
37
7
23453
52
24950
982
531
45475
7610
887
38627
8779
15088
2258
16946
40005
2556
5832
3823
13150
526
26035
2703
93
10646
4401
4086
38096
5059
8066
137
5870
383
5477
104
6152
42716
6742
16676
45835
8347
82479
5339
1252
16366
