238
189
18
250
167
385
254
209
91
263
236
344
91
272
371
1327
4
353
280
189
133
267
108
305
274
221
575
396
213
224
283
258
122
10
266
235
120
296
254
230
13
613
278
496
249
111
302
176
224
404
263
11
239
464
95
227
446
5
118
256
66
230
199
289
505
376
285
286
303
221
101
81
171
293
55
1096
314
334
278
92
214
265
346
281
225
298
245
287
959
260
180
224
353
29
211
267
215
707
273
100
321
595
379
242
256
319
100
59
734
222
119
416
72
154
5
60
99
295
4
539
142
7561
323
243
581
273
283
4648
239
252
531
313
240
234
2065
240
453
343
323
321
252
95
407
220
226
225
346
14
257
446
255
318
1
248
215
211
233
65
79
221
236
280
909
239
32
253
168
225
258
782
211
258
3
1
147
245
15
236
214
119
3
745
343
240
214
285
137
221
134
245
233
241
440
372
74
96
464
203
235
485
193
12
75
382
228
16
5
174
239
442
3
228
233
120
258
315
220
538
237
217
125
107
43
379
239
3
297
238
305
89
536
286
264
235
393
243
422
270
160
292
221
398
270
296
259
234
134
16
121
234
485
224
22
246
222
304
225
37
365
408
219
305
278
257
267
310
15
223
148
22
543
153
1130
224
246
185
320
373
219
2519
220
323
258
158
217
83
222
527
42
3
259
391
207
324
294
274
257
86
292
342
78
119
219
224
315
326
224
261
228
240
206
356
398
492
11
149
430
34
317
262
273
295
398
559
266
22
