60
25
48
136
22
570
6
116
161
242
286
90
4
11
43
121
1
140
37
343
120
1
340
265
174
20
91
93
88
61
2197
114
897
32
53
38
9
25
49
79
24
97
200
1
5
142
20
140
240
368
255
305
205
19
31
113
13
64
46
54
4
40
11
53
1
306
45
67
17
300
229
808
314
9
104
384
85
109
716
122
33
65
11
178
13
413
1
99
35
5
242
40
1
79
11
1
627
116
214
1017
80
199
120
188
76
574
718
111
96
15
151
7
599
31
69
192
174
37
286
64
116
5
48
28
183
46
25
98
34
257
8
129
989
96
89
31
343
266
268
27
285
168
63
456
32
22
72
109
109
190
136
115
86
6305
46
985
334
5
173
304
13
114
75
756
198
9
58
217
2
24
92
34
21
82
14
64
66
98
517
92
284
10
84
493
67
55
129
26
74
13
75
19
36
381
252
81
363
31
55
1
60
99
54
43
2
145
76
44
10
14
51
109
40
70
83
15
16
26
51
19
133
152
702
214
70
7
66
37
65
65
432
81
159
199
306
33
743
106
194
26
3
165
450
386
72
200
4
55
122
127
465
149
117
1393
50
45
23
604
312
1
297
322
139
1802
326
73
852
14
363
234
180
265
153
388
9
55
27
690
42
138
12
325
372
72
231
226
189
76
920
127
36
128
413
25
50
261
105
70
1155
47
62
602
136
140
195
143
115
177
219
7
906
232
24
23
134
11
121
226
63
177
387
23
144
202
258
142
270
127
584
500
55
305
40
139
85
240
103
192
478
136
121
250
106
41
1052
41
252
184
17
192
80
3
31
69
1
954
292
310
49
6
32
17
38
187
188
37
529
14
98
11
4
16
378
136
601
257
190
99
20
546
8
39
208
52
8
62
11
18
115
84
118
282
165
389
64
59
151
3
46
218
239
149
284
497
247
109
44
18
133
8894
37
346
19
89
129
157
104
284
185
320
3
189
664
38
203
173
84
958
208
26
32
60
73
45
820
138
159
170
368
3
56
22
172
71
1
84
511
127
52
470
27
154
217
154
362
51
110
38
106
163
68
532
204
53
134
50
187
46
178
284
121
433
61
141
67
126
237
14
71
148
141
44
40
143
170
791
128
241
203
73
4
99
2
179
135
138
75
6
16
113
315
75
74
15
199
233
94
178
133
554
1304
2
111
259
55
55
170
47
189
427
80
1088
302
641
120
197
34
92
37
187
125
1
842
98
778
1012
259
79
553
476
68
439
241
74
210
23
135
391
276
134
13
357
29
6
277
31
102
15
40
80
299
50
115
218
21
399
20
348
27
119
335
367
9
108
6
25
233
56
210
476
403
49
10
170
3
64
100
381
469
250
404
108
1
11
14
6
29
1832
9
182
266
143
1145
98
36
71
234
33
88
338
338
255
46
99
52
171
1017
201
27
305
430
260
55
352
332
1
423
49
87
349
280
21
73
118
31
22
129
17
226
155
230
41
261
166
231
393
75
161
144
1
132
38
1
4
205
41
39
81
89
6
196
26
37
719
281
1131
39
133
48
1067
271
127
68
136
1451
182
40
280
109
32
7
186
76
2
136
18
254
410
97
658
39
43
36
78
87
48
458
52
804
806
14
93
71
105
291
7
66
367
535
60
92
388
21
596
93
25
653
44
22
53
149
212
47
71
691
55
128
242
37
36
275
258
45
8
739
120
137
5
147
259
43
46
111
269
42
633
151
412
51
143
79
209
2
38
234
42
135
63
79
184
542
5
236
241
184
203
26
61
1427
17
142
18
54
67
61
378
39
46
270
271
108
45
132
67
28
209
39
121
14
173
92
91
77
432
402
156
1093
95
31
161
14
1270
310
55
70
90
524
5
23
20
12
142
611
733
193
1
158
121
47
72
2229
107
299
100
393
75
7
16
386
88
40
146
25
117
169
137
90
630
191
26
1
133
216
543
410
41
46
48
33
281
132
189
1241
102
125
21
92
186
55
64
167
210
188
88
131
4
22
130
168
180
15
499
288
71
168
81
75
22
50
130
58
141
258
31
8
55
117
17
463
5119
10
71
18
124
55
70
113
301
694
153
251
355
374
42
162
33
161
115
38
179
43
51
227
195
245
132
324
228
128
1459
155
82
294
767
81
39
253
115
132
46
6
240
70
122
92
250
46
209
477
245
29
109
115
68
300
197
85
52
421
452
87
103
98
1
5
88
3
102
63
212
18
19
3
69
237
78
26
167
290
193
384
207
90
220
34
84
211
128
40
44
54
205
77
269
25
823
530
1369
261
168
141
80
703
21
266
18
110
20
50
492
17
147
193
18
734
49
92
83
1495
121
739
88
47
942
25
168
44
231
1
69
163
1116
26
10
196
344
3
6
82
332
75
120
52
45
171
577
67
26
187
160
814
135
188
35
225
63
15
11
113
35
23
637
162
184
493
111
405
492
453
67
123
198
13
473
40
166
2
143
156
645
310
74
340
134
240
69
108
283
60
31
73
31
142
84
63
140
109
166
56
21
268
258
7
134
120
2
1248
339
186
6
243
189
572
64
4
88
382
47
75
32
67
33
20
106
16
166
409
116
34
208
56
315
560
153
72
568
11
122
72
4
123
199
123
223
61
55
141
44
238
187
496
10
309
88
122
48
46
22
286
29
24
889
33
168
254
28
155
310
50
181
300
219
121
600
218
84
321
8
41
34
247
52
30
18
213
104
29
1
96
254
201
105
1604
94
60
7
192
82
294
372
185
129
103
163
122
227
10
268
11
213
185
166
46
231
1110
192
298
16
25
28
140
1580
153
12
289
1541
5
468
84
234
271
86
34
46
403
122
117
93
132
252
171
323
169
154
96
267
138
156
287
118
48
260
119
15
670
27
50
29
78
786
187
22
1143
674
51
173
426
295
65
869
6
132
78
129
203
18
316
101
339
24
85
109
117
365
27
62
111
48
90
58
363
37
146
1446
75
50
206
195
25
223
192
8
113
50
92
13
56
616
127
139
232
657
344
161
129
496
52
1420
24
395
138
2208
92
7
107
35
204
93
522
450
144
177
887
50
104
178
41
11
261
117
13
311
37
149
2
388
168
22
1
49
883
366
368
27
46
54
1223
76
231
10
41
50
238
69
274
191
53
93
330
138
85
30
1
205
24
6
9
366
69
75
131
67
127
99
308
34
165
74
71
157
60
78
645
461
268
193
246
370
104
9
8
1
216
229
352
217
791
9
107
115
77
196
49
125
7
30
177
68
84
110
120
49
64
287
270
54
1
1139
63
25
522
49
3
130
325
111
249
212
12
97
25
182
852
27
77
240
120
443
103
201
138
18
42
40
192
12
149
771
120
194
45
103
100
91
111
353
50
47
234
504
46
69
51
5
11
208
96
391
210
370
1
120
39
64
130
53
427
66
93
58
436
300
6
230
57
235
41
1
40
105
353
304
65
83
35
240
154
57
440
43
357
31
7
42
339
26
241
395
319
235
2
184
1125
3
292
148
85
154
10
6
742
41
117
78
70
16
107
472
519
414
733
5
123
198
313
136
44
54
107
44
37
458
7
156
230
967
465
272
131
90
163
22
260
11
356
5552
88
87
90
93
316
290
131
10
203
49
311
1136
196
1
404
67
64
43
450
52
1340
61
2135
61
115
122
2
119
1575
40
152
59
1
45
285
43
117
130
149
38
352
54
44
251
638
92
20
117
4
34
2
51
156
491
108
28
419
19
162
60
18
594
91
35
146
201
237
308
27
947
229
115
8
85
268
203
34
37
91
219
45
39
4
90
55
305
75
28
46
119
8
211
171
402
132
93
195
323
52
541
18
50
220
627
207
5
63
124
16
30
146
473
6
161
16
102
151
44
157
43
1470
79
1
244
115
79
237
40
49
168
47
125
43
85
62
82
24
167
277
50
82
142
12
52
11
47
67
71
34
61
342
234
463
12
232
39
35
230
158
164
41
269
104
2906
89
111
287
253
131
6
101
168
345
9
137
58
584
31
115
6
192
197
130
88
272
99
53
697
347
6
115
93
684
33
52
91
105
25
40
134
1800
16
26
7
179
672
26
83
164
131
558
196
672
22
78
50
65
168
261
430
330
232
138
778
87
34
125
50
29
90
262
31
34
123
296
133
46
87
32
604
79
148
85
15
38
209
259
22
258
377
304
414
75
121
3734
7
52
121
240
163
12
165
386
163
88
1538
14
16
15
55
14
534
30
95
285
182
76
23
244
110
136
14
447
16
130
27
202
40
14
67
17
87
123
702
289
8
16
44
59
172
35
74
31
252
197
690
316
814
5
18
151
168
268
102
82
53
1
30
50
104
482
101
286
2
20
30
95
36
139
103
40
84
166
26
10
32
29
187
173
62
218
23
48
144
117
1
95
239
229
443
56
59
15
69
114
136
102
59
380
49
133
87
288
37
14
424
74
294
144
24
52
34
93
269
43
115
31
123
253
71
150
28
192
51
80
3
458
24
702
238
216
246
223
31
88
144
9
295
26
62
36
1
134
2160
278
165
74
1
147
483
76
9
152
338
230
24
25
237
333
399
274
10
189
16
15
165
26
449
114
192
189
57
197
183
87
15
215
154
27
8
44
119
28
249
158
317
124
51
763
19
263
343
34
406
56
43
340
163
119
184
4
197
436
1131
63
394
42
271
29
249
104
414
43
110
108
45
6
36
79
64
27
38
29
9
367
30
329
105
152
39
41
968
36
166
208
33
49
11
55
158
80
22
5
146
618
687
127
272
71
312
67
130
273
39
686
237
156
8
13
166
10
75
31
245
61
53
170
36
134
58
26
152
191
951
407
78
49
7
115
671
128
667
40
433
752
5906
596
92
75
117
321
19
114
73
1
626
276
53
176
122
1025
420
79
2252
64
231
808
31
136
364
81
98
36
210
228
58
73
58
426
92
36
229
125
73
319
237
296
683
146
352
81
559
16
59
490
29
87
68
142
56
202
20
90
75
74
375
1
789
8
3
217
75
61
122
225
353
37
96
223
803
3
105
117
817
93
88
195
66
62
212
105
44
1
89
207
144
77
57
52
231
4
114
438
13
8
66
72
11
121
131
80
27
194
33
162
171
35
75
97
39
154
574
112
201
108
416
119
1601
311
41
37
299
47
610
903
306
167
255
4
179
146
109
9
7
15
256
200
60
47
104
526
10
893
85
560
81
253
40
133
110
149
33
191
14
78
83
66
386
340
197
38
152
118
24
59
161
296
64
81
167
137
1
156
1
155
122
261
18
46
89
13
23
58
1
2
59
277
39
370
373
404
181
95
483
46
101
67
590
49
1910
302
82
131
260
306
704
278
52
94
106
61
1071
37
563
15
179
1265
46
45
71
650
3007
92
363
63
596
391
134
281
82
60
14
14
66
246
594
83
155
124
126
106
97
296
162
38
22
600
6
415
27
226
46
141
134
515
32
183
213
464
98
10
362
90
246
9
314
378
110
439
63
54
241
494
201
11
41
225
481
702
181
66
177
202
45
116
89
24
45
48
45
88
6
212
40
77
110
273
143
140
360
121
284
89
10
152
24
113
121
113
21
47
270
20
107
92
141
78
115
147
398
113
31
21
4
166
245
342
132
157
202
428
277
122
397
538
175
112
3
274
225
70
208
62
5
62
278
94
89
215
70
3
215
6
101
4
28
27
119
37
124
83
261
89
68
46
9
202
1579
136
845
900
67
278
44
92
103
212
191
25
21
80
1
464
342
95
244
12
308
626
28
104
493
322
160
1
334
144
36
59
40
129
280
132
190
81
1375
31
473
47
69
271
208
129
147
491
50
334
14
692
256
264
61
283
123
127
10
397
35
209
460
627
92
177
255
1
39
123
201
152
9
76
114
303
576
89
7
33
733
122
236
3
1246
1
69
96
48
73
174
181
56
123
160
108
148
59
61
201
17
56
34
22
183
14
78
214
277
321
254
59
440
30
181
68
99
74
476
272
18
118
80
68
57
110
65
13
110
17
112
127
207
350
84
13
98
17
85
128
284
218
110
71
95
52
224
105
16
75
544
271
219
42
153
48
65
137
40
311
292
416
402
98
266
219
74
333
276
212
257
1
439
2
157
145
47
283
478
227
429
138
130
81
27
308
27
253
32
137
75
20
29
49
86
100
74
38
18
79
38
3
427
80
110
208
5
385
30
27
360
339
287
84
363
112
188
286
47
323
228
26
115
465
14
674
89
462
26
283
72
194
224
30
68
49
339
67
828
6
10
474
80
17
278
45
61
78
308
464
161
48
3
221
50
262
24
46
302
618
11
46
114
75
237
207
265
721
149
136
224
51
41
31
78
70
3
56
215
32
1
192
42
17
239
52
79
91
63
28
24
202
98
366
198
47
6
158
183
208
434
418
26
47
17
701
81
51
74
294
49
55
75
69
114
189
116
104
40
36
94
91
370
96
406
330
28
306
146
164
41
122
55
427
90
166
108
451
482
198
181
60
687
15
145
42
24
264
172
365
106
1
37
136
14
78
4
75
195
252
318
60
722
2
89
465
105
292
45
631
45
89
264
145
93
356
145
12
47
30
90
116
214
34
54
31
69
99
433
68
51
70
54
661
29
120
75
109
356
52
234
21
124
203
311
51
20
120
256
60
15
557
305
533
17
17
30
38
249
21
123
63
113
754
60
88
34
38
63
27
41
18
501
98
254
304
102
286
41
228
194
360
221
205
274
130
91
23
170
159
426
527
204
62
30
27
32
102
370
393
51
188
65
82
34
183
123
24
157
25
98
37
77
1
12
10
47
206
218
5
4
24
518
167
79
106
10
384
10
250
64
97
104
57
7
38
55
7
120
163
5
667
91
37
705
52
100
13
1
26
88
368
61
238
79
43
107
7
286
410
4
116
234
106
220
45
259
360
82
59
189
28
33
119
77
72
48
32
30
111
163
335
90
96
268
134
81
238
161
144
156
36
10
64
55
90
26
24
302
61
272
8
399
572
94
75
438
142
637
11
92
5
383
1
211
161
249
189
123
460
443
271
215
46
13
1
248
60
62
33
266
26
72
18
50
66
25
33
288
78
4
275
14
60
92
27
47
22
273
151
14
6
106
183
259
36
56
9
463
160
289
272
2
171
312
4
39
30
2309
492
69
564
66
94
144
669
207
233
151
36
63
38
622
460
422
214
172
73
308
163
12
109
167
62
192
283
60
1488
4
123
30
307
71
2
303
1008
32
114
238
41
35
124
85
297
165
261
103
48
124
231
92
95
21
22
23
153
497
209
347
178
65
73
404
181
69
137
65
26
64
328
171
205
557
84
105
37
8
603
77
111
131
29
192
207
97
300
83
175
123
33
40
116
374
111
176
218
11
104
70
200
271
311
163
1074
287
80
205
13
399
220
85
51
224
120
143
34
43
26
15
148
785
491
69
169
116
