1418
91
4061
2969
1489
51
285
4905
3472
2429
1751
515
6
1287
250
20
5640
155
124
187
2748
74
281
95
56
250
3285
277
46
795
1260
283
423
3
1149
36
2190
14
440
233
125
2566
4
131
580
301
186
1277
1292
3353
122
11
96
1
138
421
21
2834
970
67
3186
941
6
86
1995
2706
844
360
416
4959
650
9
156
2549
367
86
246
365
275
3876
7
81
1084
5
3
398
1738
379
5
492
10
7562
141
70
532
119
67
1194
113
43
1061
151
47
52
317
145
37
140
588
69
1253
26
787
5453
13
305
6
154
272
945
218
1
199
11
400
5213
4627
23
8
4470
8
190
153
276
289
153
297
178
126
689
277
418
3744
3
409
821
2419
189
316
279
25
190
278
641
155
63
3
1555
282
297
385
56
380
4505
318
29722
36
316
141
598
283
8172
3724
235
239
62
1923
12
300
36
13
8460
34
113
7
181
299
61
94
17
18
279
1087
249
943
82
250
1586
33
1196
1479
15
33
208
275
74
10110
12
2075
468
287
14
4401
3
3
1063
2731
155
176
263
327
3224
322
21
3055
1330
4631
386
914
147
275
539
172
1569
6465
934
48
204
4
15
1677
44
1022
304
277
25
605
39
16850
307
5
904
192
212
61
11
318
1837
170
4
287
585
41
3993
91
307
11
6184
295
29
5052
72
356
369
631
2984
74
1308
150
32
225
1333
1592
45
270
114
820
4
322
67
260
1011
3296
1072
15
458
15
750
1815
852
240
274
2215
39
384
44
277
322
60
859
38
20
2495
1401
84
22
34
27
132
425
589
142
2
36
13
106
23
6
14
163
925
159
19
153
302
9
71
32
253
276
155
596
99
550
139
429
268
720
562
763
318
3475
21
322
153
7604
4784
42
195
277
449
3077
120
195
160
48
306
146
631
282
169
11
249
279
221
140
150
337
330
1730
224
7
108
6308
37
415
4385
1110
558
337
277
539
26
540
375
32
191
40
760
23
307
719
13576
1426
280
873
31
226
4566
166
264
95
276
5671
300
422
32
305
287
451
2212
9117
4411
286
36
275
662
184
769
139
273
307
912
2
897
3
293
306
4822
1039
293
665
348
287
272
341
413
