11
49
25
20
11
85
3
10
24
43
24
50
28
17
26
88
16
17
4
26
2
44
543
328
53
10
34
89
123
56
1
7
26
43
20
149
24
24
159
1
50
3
3
38
75
83
126
20
418
54
118
47
103
14
2
13
128
22
20
69
28
69
13
121
11
9
22
30
12
38
19
6
70
17
39
4
36
32
3
148
46
392
5
12
78
6
113
17
10
45
12
238
13
25
55
23
199
78
3
28
11
11
156
17
11
87
8
26
21
20
66
307
84
5
89
24
7
15
23
111
14
14
50
14
16
19
187
5
75
26
9
86
13
4
58
7
26
45
16
20
365
135
14
233
80
63
83
8
140
42
54
60
12
42
6
8
22
14
17
64
28
118
2
86
36
42
150
4
74
26
26
53
1
255
25
148
77
106
24
