62
55
20
183
63
55
203
55
52
274
409
55
56
48
121
65
9
15
45
312
17
181
62
55
238
91
55
42
257
74
56
61
65
14
55
55
223
186
124
55
66
595
179
324
218
144
55
305
153
78
11
197
105
62
6
231
55
55
979
51
1
24
12
28
131
51
54
56
11
1
935
55
218
55
171
1227
121
579
839
265
875
450
91
56
190
55
151
161
245
13
218
8
40
77
185
4
42
55
55
89
59
55
53
55
10
66
51
55
19
188
55
52
217
46
22
63
758
184
41
165
52
50
60
59
223
11
47
613
6
122
8
78
321
21
11
52
181
55
55
55
125
53
59
14
28
177
100
176
165
225
381
81
65
94
11
