136
29
817
423
1540
1
424
408
9586
1784
173
355
747
641
58
1018
1280
1334
2156
541
64
1
4253
3
479
154
1477
62
5047
2057
6278
4591
1802
1680
29352
510
583
3407
1993
1
427
588
60
125
545
320
202
1901
135
6029
1896
123
2397
41
44
265
82
1733
89
332
361
21
1799
452
91
1016
2641
580
458
1331
1412
198
132
180
184
75
4953
496
1187
619
1384
30
545
1519
43
2221
511
306
637
20
1614
20
211
125
2854
794
97
799
986
759
1061
373
2562
7
2850
739
1280
9
592
1347
1185
388
78
53
10073
68
912
296
22
1814
1073
112
1055
72
5755
290
818
32
373
671
132
2462
2717
42
1229
974
1322
887
11314
9010
70
730
1068
480
2122
6
184
8144
1175
1230
418
2357
634
898
355
228
611
2515
6336
1387
54
648
3077
259
1171
12
2426
3358
5292
45
2516
774
2033
443
697
4422
545
698
5192
1106
648
868
1366
431
4379
165
610
499
304
125
15565
55
1246
2657
3359
1834
1618
557
2472
4713
669
69
24
1372
4817
1232
519
923
13
1719
3640
2228
252
1202
436
176
95
21
163
1577
4738
396
9144
591
3
18
777
901
381
274
6923
2351
545
2165
7082
1132
7012
26
7
185
706
5844
1164
257
9
11964
3025
979
48
1325
594
176
3965
259
899
2224
23
2637
62
1438
33
594
1382
1004
3047
1744
155
1943
855
671
4878
