215
257
21
1249
135
293
139
73
216
402
11
248
54
21
161
362
31
9
110
84
145
279
241
34
258
91
269
11
30
368
24
11
254
174
296
76
153
334
14
105
60
11
126
136
104
175
6
393
259
69
175
36
35
3
329
28
8
302
236
24
37
22
4
137
282
66
3
253
8
206
20
74
95
92
43
2
60
112
31
85
285
143
27
137
1
23
7
84
217
33
1
8
154
1
63
28
63
283
37
126
12
7
139
485
375
48
140
21
5
306
52
245
156
14
151
21
4
135
13
48
142
1
69
45
135
16
20
11
6
24
364
61
4
213
5
209
950
30
106
256
147
125
62
170
28
20
1
38
43
393
703
6
276
21
3
76
12
133
152
289
90
314
125
132
121
317
466
291
140
508
514
435
153
139
137
138
260
324
168
251
138
151
278
172
722
7082
292
109
268
344
75
308
147
774
420
22
242
80
9
214
324
302
283
1
124
368
198
196
144
16
17
5
54
347
19
293
49
250
279
32
7
7
56
1
33
46
135
4
27
1328
26
213
4
2
29
259
16
5
49
21
171
401
71
31
366
450
85
303
80
272
139
2
4
25
10
266
14
76
31
136
133
1138
248
259
410
245
514
26
44
608
1
25
270
263
464
165
290
116
267
293
67
134
3
46
135
344
12
113
238
8
68
82
3
10
39
193
203
34
230
107
73
80
134
14
3
143
432
203
28
26
54
307
40
1363
570
116
281
85
6
33
262
29
276
17
3
141
163
744
25
129
193
31
21
820
157
162
32
122
298
3
8
8
843
16
331
42
2
264
23
1945
86
271
28
26
262
49
184
11
112
5
47
7
248
12
31
2
35
10
51
64
12
2716
135
36
49
1633
34
23
5
8
49
23
94
52
1
42
135
700
21
22
224
6
18
22
277
7
5
9
279
333
6
29
14
28
289
282
13
6
768
26
12
28
286
4
97
315
307
3
22
7
48
263
8
11
134
2
77
261
28
128
6
50
146
259
95
34
138
56
155
6
44
22
32
137
249
201
190
135
141
131
304
111
135
168
135
136
83
167
272
215
104
173
154
161
302
278
291
150
59
202
3
18
304
17
40
10
4
821
140
237
143
252
6
197
205
127
132
81
20
93
111
5
92
140
122
3
188
264
11
13
28
496
145
749
8
17
448
218
397
8
107
21
10
23
152
8
31
286
34
71
160
288
72
106
51
35
291
368
157
36
51
454
23
4
27
132
270
347
136
10
145
229
132
140
1
265
11
199
350
281
277
487
140
73
62
150
248
245
9
143
13
376
79
350
37
29
150
3
209
7
3
139
83
83
157
2
5
277
11
1
214
267
52
134
7
65
148
371
22
346
140
125
5
4
364
101
22
4
171
55
144
297
249
141
189
232
103
4
32
112
307
13
515
13
135
122
31
272
4
4
123
137
40
108
27
1
85
208
11
302
319
281
268
122
4
4
4
145
143
139
135
2
284
130
147
263
147
128
135
449
264
262
26
634
105
283
4
25
15
50
139
50
9
15
30
68
56
169
47
275
317
133
140
281
1
145
125
144
150
136
75
20
8
275
82
269
122
152
9
9
208
297
142
133
139
171
137
136
331
451
4
9
30
12
135
212
151
143
306
