9
124
17
45
876
186
147
1
106
3
4
2
25
4
5
114
243
130
103
8
441
54
14
14
119
14
1623
29619
811
12
133
4
15
1
242
187
1
145
247
20
21
553
47
325
79
20
17
47
368
87
9
18
31
125
14
83
59
28
246
147
58
240
52
4
225
11
163
11
507
53
23
20
81
250
8
214
62
129
75
15
11
40
214
8
16
62
4
657
144
7
87
68
218
1240
18
45
13
397
237
426
30
300
21
32
532
6
8
237
401
1
6
40
486
17
123
29
138
2
128
153
91
1
38
75
245
5
211
224
249
31
33
135
84
17
177
2
122
17
10
245
120
579
25
3
278
215
221
1
32
83
1
17
71
270
5
36
356
12
51
67
247
113
12
52
13
116
21
3
112
125
30
252
62
342
3
237
68
268
802
2
19
27
10
126
63
128
240
242
241
242
254
126
131
107
255
236
232
248
147
348
229
67
125
214
15
289
280
258
147
226
262
297
278
28
112
250
271
104
232
123
242
368
335
137
138
19
220
248
275
217
151
246
3
6
456
121
162
334
53
259
45
180
14
2887
24
91
73
105
782
1
54
40
15
234
56
514
146
19
225
61
72
298
214
348
244
321
9
14
106
355
245
53
35
203
18
7
11
243
105
121
69
10
107
2
146
26
68
175
141
22
5
56
76
399
59
126
135
111
14
7
391
44
16
106
32
139
20
538
51
125
190
252
52
517
20
52
45
380
37
109
190
195
43
8
11
249
62
121
11
285
8
212
447
3
15
30
123
105
106
105
12
25
14
13
251
255
105
98
652
130
309
285
25
240
224
36
106
159
112
101
105
76
158
84
240
97
60
15
366
149
45
8
189
103
206
34
131
52
343
239
90
96
78
166
234
302
227
2
79
83
158
951
69
65
316
52
66
47
17
395
24
114
27
32
122
34
4
107
246
375
149
104
52
13
266
13
27
215
11
241
265
61
715
120
24
164
521
101
267
342
152
155
258
262
255
296
78
16
17
24
27
46
21
102
214
579
5
126
83
126
725
106
213
19
262
555
103
22
27
16
43
358
224
112
3
216
110
110
1
746
252
129
139
105
140
4
221
138
2
127
265
583
261
6
36
191
121
39
101
8
217
208
342
18
669
272
49
49
1095
67
118
284
143
44
16
40
596
263
17
105
253
218
213
216
17
1
291
332
106
6
37
116
58
354
243
255
12
125
180
339
39
334
219
114
1420
8
35
8
124
243
122
16
66
18
247
237
404
107
101
201
103
13
23
81
255
335
1
123
109
26
1
231
93
311
150
335
43
264
66
636
7
37
7
106
239
319
119
2
258
21
252
361
79
20
216
125
14
35
488
697
161
106
78
98
267
33
120
47
6
232
79
38
642
12
144
231
136
104
16
151
108
209
48
57
413
120
185
116
76
247
45
3
131
32
267
125
255
301
281
98
106
14
302
254
248
233
71
31
16
49
15
32
277
13
106
105
233
111
354
120
234
404
406
216
120
243
233
207
224
307
241
234
17
155
127
1
4
245
122
146
345
260
271
154
178
141
234
10
213
243
264
226
131
211
105
281
59
120
254
