703
16
86
3
18
719
28
56
73
121
239
1
130
252
170
355
55
58
119
39
500
16
8
9
14
6
3
139
9
31
2
97
8
59
231
24
38
281
487
233
101
290
1
27
137
36
455
10
484
64
5
46
34
941
266
92
412
12
435
122
49
41
40
10
248
43
46
63
266
144
178
260
70
11
685
3
156
127
632
7
267
43
225
254
65
31
34
789
98
591
382
27
787
30
101
18
3
47
69
7
186
102
177
56
171
230
298
80
64
61
4
402
1
663
266
982
585
456
279
135
12
41
31
135
58
145
48
847
65
59
551
153
75
252
41
390
34
242
34
1
78
61
24
224
31
90
31
294
358
145
280
596
59
2873
5
197
85
241
218
28
82
1
490
238
126
35
2
15
