119
355
185
95
192
262
271
6
231
86
682
12
215
126
220
5
125
276
91
10
458
555
33
341
15
259
776
2
216
106
1123
433
699
223
2
222
267
95
91
238
3
190
137
14
5
218
224
211
20
61
1
2994
347
95
215
91
91
149
18
218
254
217
226
246
184
95
685
127
229
219
328
245
95
201
218
270
428
133
265
128
98
385
957
91
213
377
95
95
634
260
233
209
298
244
236
215
3
267
225
185
256
232
186
304
128
208
347
1
215
166
4
315
96
213
239
91
177
202
219
244
387
216
1
241
22
187
195
91
433
228
157
95
120
199
250
122
222
210
213
125
388
95
245
576
185
187
102
222
245
214
186
240
225
1416
1237
8
30
230
11
205
644
3
91
1
211
218
232
223
150
124
22
5
362
22
128
11
24
308
16
218
482
95
247
219
219
95
295
215
281
191
133
74
233
124
329
108
214
286
216
112
218
593
217
4
184
212
195
8
4
203
80
28
213
217
875
166
172
16
90
459
257
209
92
19
203
316
234
121
120
9
1
9
222
41
226
365
215
90
246
224
10
211
1
2
652
247
95
351
6
219
6
197
292
82
13
211
6
256
231
287
127
125
1
187
195
52
319
7
91
224
11
121
212
197
213
6
95
508
228
14
44
216
5
19
150
236
282
190
12
204
272
199
246
245
77
214
91
290
2
94
784
3
71
186
242
80
2
417
4
768
25
70
215
377
125
91
1
215
225
204
77
112
234
1229
558
196
259
95
245
132
318
277
212
802
229
254
225
276
189
520
224
122
97
124
218
293
208
