310
483
30
17
1
227
9
30
2
8
1
2
73
18
8
16083
30
61
3
53
8
23
59
497
44
33
26
2
49
334
2
6
3
29
91
308
58
19
182
621
20
1
1
49
338
61
10
101
7
219
52
13
15
37
14
1
80
2
28
1
22
6
15
17
17
328
26
104
46
30
718
496
1
23
1577
95
7
25
6
24
3
24
25
21
126
1
56
98
13
10
2659
11
221
11
25
61
10
10
82
33
30
321
1
33
23
45
58
50
105
36
12
303
1
11
37
373
42
11
34
19
10313
1
64
145
54
137
242
938
18
117
29100
82
120
23716
67
16
9
34
16
25
2
17
3
44
31
51
1273
15
22
21
175
67
1
99
1
169
229
12
19
163
10
1
412
68
19
16
9
1
421
11
135
24
4
1
64
62
16
21
54
38
9
159
7
60
27
1
685
17
3343
32
24
8
148
187
100
6
98
18
3
21
804
28
1
908
61
12
1119
128
3679
79
40
43
234
123
74
32
5
191
192
11
2
42
4
24
91
520
68
3
15
41
441
26
82
15
11
29
37
172
1
1173
2918
12
234
42
21
147
16
1
216
47
848
543
125
33
44
95
83
23
46
9
87
29
52
98
57
1
1
23
323
650
61
6
23
115
110
1
26
17
36
1
129
7
19
95
16
24
15
99
1
41
37
173
116
30
11
2028
5
137
152
2
95
12
21
512
8
7
9
142
9
30
27
9
77
12
2
1
557
309
63
16
412
24
113
17
4
11
3252
181
9
160
581
5
4
1170
6
173
1
43
47
60
27
4
23
928
44
41
26
1
70
15
16
29
156
575
8
2
10
6
14
27
47
10
19
28
9
2
4
97
16
36
310
117
30
4
1
20
152
17
240
172
45
2
1
183
18
22
50
34
3
40
69
1
92
550
23
22
18
13
69
17
1
1
11
