55
682
4
221
253
273
26
483
1227
1124
616
99
395
4
114
346
64
50
21
269
103
57
121
213
61
87
400
484
621
110
15
134
1036
211
26
602
443
170
30
3586
1346
1808
1046
25
222
1079
1597
201
46
670
687
248
162
102
1597
12
725
344
568
35
2433
52
172
4229
4003
297
7
59
22429
49
108
50
505
12
34
120
131
76
9
26
232
96
229
326
38
935
5413
294
980
522
368
238
363
159
3
37
173
197
27
67
2523
3
665
13
99
76
11
3
24
132
15
34
4
63
63
28
19
31
38
5
13
12
1184
823
75
32
5
37
648
930
42
3584
1
128
8958
509
1165
16223
75
1162
33
592
212
272
11
504
1
38
65
4
76
22
33
248
1126
135
28
289
377
195
35
13
494
32822
21
86
16
1096
1323
88
7
418
1
932
9
629
53
363
2873
7
1
558
806
11
19
578
36
18
46
229
1049
145
564
954
1115
23
274
6
80
205
11
148
375
33
2362
1586
386
86
17
284
9165
2478
40
107
22
1363
234
30
60
1
28
32
24787
482
41
4638
29
280
31
380
4
6
231
391
138
369
679
11
14
89
347
6418
329
53
14
735
30
35132
99
1964
2546
30
635
326
1061
317
15658
629
38
20
2626
6
20
140
17
43
90
169
32
147
989
4
6374
813
140
13
4735
2625
974
21
21
17
27
29
41
25
342
15
2
297
4142
395
464
2053
706
29
142
112
26
19
19
5
200
578
380
3287
10
319
105
355
14
192
52
474
1783
6
615
13
8
40
632
33
8
614
8
7341
475
305
6
14
70
36
2680
259
101
472
53
1501
128
43
350
26
15
24
284
198
419
47
114
93
420
488
306
74
1
1771
640
297
144
31812
104
5
9
11
7
191
359
128
302
9
65
755
4
1013
46
4
146
37
1435
374
159
8
76
12
8
15
249
173
116
878
63
22
564
2
107
51
67
247
16
369
14
243
128
7
5104
22
8903
87
18
23
33
2
498
305
50
713
86
74
308
17
76
2342
57
82
102
44
53
17
1
118
2617
298
494
19
113
1232
21
15
524
89
134
2246
153
477
151
54
31
47
416
752
5
2820
27
4376
257
53
193
313
7
188
2508
32
876
638
262
132
15
65
70
1010
144
16
12
246
675
645
1
5
4155
66
6
7
485
165
30
744
63
17
8
266
144
243
942
1165
39
251
68
459
3
102
43
13
15
63
80
45
40
534
388
173
6
59
34
144
17
47
107
13
95
287
17
10
34
34
131
1456
146
526
36
9
12
1
845
25
952
21
16
8
23
1027
75
295
494
27
1352
45
6
205
46
47
10
5
23
122
282
279
16
420
1
12
31
36
1
43
40
101
529
35
31
17
71
21
1920
220
240
5
116
10
74
157
26
260
588
10
103
559
54
32
45
2
106
961
32
6
341
376
71
7
9089
57
1471
15
211
86
2456
11
3
158
241
2332
2006
1222
265
2326
582
91
4
41
97
232
63
477
16
104
1597
1620
10
75
3
28
866
433
1
2
2117
20
413
31
80
112
19
1
25
620
333
188
97
8
304
208
15
3551
1281
4451
66
981
294
53
326
98
11
129
1
45
29
840
661
14
28
3151
67
354
7
208
8634
1243
313
10
595
1
15
464
230
807
671
1669
15
32389
232
19
30871
277
10
48
8
21
1779
131
541
28
67
251
242
373
71
64
37
1384
817
150
3785
276
5110
1395
242
270
186
260
127
983
44
60
17
1668
553
13
142
23
1
14
13
212
137
24
2536
24
11
142
5
599
1978
6
3919
25
562
583
88
62
558
4
187
20
376
19
232
200
123
18
331
20
22999
252
29
8
19
13770
143
622
21
4666
378
943
7
10
437
340
30
792
67
17
43
8
1168
60
113
39
147
77
149
14
23
8
28859
572
570
199
29880
1456
7
2114
88
14610
16
67
89
166
36
12
7
236
305
129
211
86906
9
6884
186
153
7
450
15
86
72
479
6692
605
117
7134
71
531
339
364
43
2604
821
191
12
135
589
215
5072
37
43
11
48
84
120168
6008
10369
84015
96439
7507
1989
351
299280
475
423
449
12688
62
27
21
380
92048
118
16
2827
33
413
210
226774
51
28
48062
1252
1256
1364
4280
1323
118031
6
63
247
987
789
921
208032
392
953
10099
89932
377
18845
1481
322
206
86
99
2567
1728
7
8061
15
11
19
72
1777
1
6
385
5643
75
1
33
614
94
3245
370
1
593
4651
5
1108
308
144
10
104
194
432
1
23
22299
22806
1030
657
35
3160
3626
9
57
431
9
1507
18487
121
140
26
66
9
125
310
634
180
2421
691
225
2176
186
169
470
2768
656
304
155026
78
168
97
238
33
272
8
1
112
124
58
35
508
357
56
67
1408
246
1259
52
43
310
2262
218
673
2
249
130
128
1595
443
37
46
5
130
1745
2
11
4
47
74
154
12527
97
791
164
1387
85
30
31
41
994
1
98
98
1099
9
723
33
805
10
10
888
297
32
93
393
4
447
664
27
77
13
1204
36
2770
1145
534
15
1046
17
261
1251
7
304
182
21
3418
20
113
180
595
946
1768
75
62
30729
9
92
16
422
45
94
4217
9
233
73
50
81
27
583
197
949
210
258
1311
8
1953
88
235
75
9
734
58
7808
36
6
502
162
1264
3414
49
53
1783
209
575
3
12
267
4
398
262
110
91
1734
17
54
441
1126
30
205
49
2
88
565
64
7
977
128
383
13212
207
7062
38
27
21
2064
9297
9
683
1475
216
93
1795
389
21
169
101
118
121
6617
31
38493
11
152
242
5
239
340
90
4
81
2335
271
136
341
21
1523
1511
42
221
27
9783
13254
138
12903
120
5
2833
1
71
5613
97
827
501
458
2647
297
40
95
4
7471
35
123
64
13
1818
82
3
317
29
93
920
124
9
3
901
69
923
9
419
292
70
38
10352
31
52
763
329
228
84
1
166
65
65
678
444
10
68
1016
60
92
154
60
1121
331
4
536
54
41
205
802
90
189
241
18993
365
7
1158
138
71
165
84
205
10
919
6014
58
160
643
617
2695
64
10
552
4
119
9
62
172
384
19
241
593
116
72
161
1754
157
144
305
2225
1
91
7
252
738
57
2774
3812
1446
1619
159
57
161
241
39
40
491
5
909
729
1896
96
11
45
3
37
1124
354
155
133
33
114
161
64
102
139
166
1572
428
103
26
14
3107
2558
17
1694
2190
129
48
73
87
13
228
19
735
627
30
3776
116
147
6736
825
43
33
418
264
50
212
190
4171
985
84
186
223
831
29
57
180
1749
66
960
450
79
72026
353
72
20
247
963
275
562
433
307
21
975
18
333
50
755
1
13249
989
7
3259
13
255
2624
14124
17
18
10
1091
68
4189
111
66
5315
11
670
409
38
157
5
3982
34306
2
680
417
138
8
812
134
322
76
119
31
423
137
8
220
1090
66
884
209
46
716
681
2208
430
3
6
9
13
3195
112
1138
148
30772
22
10
36
40
5
17479
26515
300
217
10734
35
2
441
144
361
59
1
223
1295
3328
3979
37
40
11352
323
15
69134
1006
2204
22
45837
673
20
18002
1177
427
51
40
193
158
22982
15
475
95
16
157
11
3375
594
2382
21
1382
50
95
6
46
31
283
70
12
49
53
47
28
8
45
3132
10
39
114
111
2
546
1157
17
4
164
26213
16431
5
1955
928
776
680
20
1189
117
553
359
3
37
91
11
972
63
47
122
466
116
83
19
239
1293
492
6462
557
49
1740
3162
1183
141
3
502
99
758
142
37
157
1757
2736
337
1434
2149
3
444
27
64
82
12
186
7732
302
4
82
300
112
216
59
54
5609
197
27
3
10
228
30
11
70
7
787
298
8964
605
103
26
218
19
48
1035
639
7845
75
222
21
3570
1667
34
77
72
28
394
3358
372
1015
21
128
21
7
267
155
79
221
402
6
47
21
197
22949
6
2904
9536
34
53
452
503
113
10
1
138
116
358
1
382
506
3
70
20
425
269
40
59
9
22
30
725
137
19
1
23
44
34
422
8
11
75
33
906
4338
1
38
49
260
66
208
82
7992
145
513
719
90
136
18426
21
234
223
199
416
52
6551
362
458
875
648
232
34
521
89
1706
135
47
700
94
135
20
702
16
1554
4246
132
15
480
7
68
478
24
33
3
268
18
186
670
109
489
85
25
727
373
1558
396
226
718
61
78
115212
14
47
499
4
3
238
521
141
234
88
119
7895
127
28
127
105
78
361
88
6
40
466
9
13
27
14
3727
541
2745
53
1330
36
25
41
4
32
74
19
137
498
1371
495
62
65
123
667
448
1405
156
3448
8
291
125
13
5834
66
416
21
26
412
817
1799
598
335
61
3449
5971
73
1079
18
1120
2811
2234
4
254
22
152
501
322
230
12
18
4011
69
218
2
125
952
169
126
35
316
76
1
2569
145
151
535
269
885
102
404
280
70
41
5
53
29
669
4420
8
563
28
30
1190
359
103
4723
878
1
64
15707
104
2334
143
34
14
295
139
3037
56
82
1
138
213
358
24
235
15
4671
277
759
1
56
17
2448
2565
17
2
22
11
6025
160
1
3
1367
254
474
772
169
123
78
48
14
1
388
3104
2225
5754
35
159
24
1
50
1431
139
6272
153
10
89
77
1840
1
1031
1
1088
62
2
1169
54
15
212
99
68
631
382
41
10753
2698
3527
3403
32
6
6781
246
325
242
99
25
46
111
2705
148
136
164
211
509
827
95
182
79
321
1
116
220
49
941
48
1355
25
26466
141
1147
25
14
221
8
896
20
930
85
492
2
76
857
682
451
66
245
605
18563
7
66
1053
12
1526
143
726
2907
707
4732
135
212
100
116
9
401
24
722
568
231
259
808
11
281
244
628
987
24
73
36
447
3175
802
10
707
950
1
3643
3217
3421
4956
1400
1
199
930
89
90
235
4944
252
24
96
467
418
5359
1145
38
1
1
117
17
27
1081
12
1
47
6
40
2
243
17
146
123
78
2
5
2869
3723
2983
6
734
20
211
207
157
1
319
3
1
111
274
160
1250
45
13
63
1287
167
109
561
45
22
13
179
61
65
2607
69
1337
61
2211
4923
5061
32
4
21
8
16
82
400
35
3011
3
85
38
425
1073
18
260
2245
219
4
357
7
272
18179
184
419
953
25
130
4
2644
36
6
20
61
169
159
137
692
1362
143
459
11
45175
39047
7857
22
1
1583
69
832
9
18
4927
3
1326
3746
70
45
917
39
643
25
2122
156
219
441
1459
1986
323
431
368
55
252
151
1244
26
44
105
11
349
525
264
112
277
551
913
22
43
3558
949
720
36
491
412
1736
21524
366
2604
337
79
187
73
13
3
294
104
1244
1
194
102
11
13049
1291
16
906
2
1665
210
155
33
176
16
269
79
1444
4052
399
1
6257
29
471
373
1567
15
3765
228
211
1863
17
60
4432
24
1
559
351
1
8
148
4878
29
51
1827
16425
15711
35799
19
551
498
38
57
31319
84
848
329
118
877
556
15
295
4
61
1574
15
22
119
280
30
835
9
531
50
21
413
50
1851
170
47
383
4
1291
220
172
94
59
200
154
10
26
98
1456
80
479
2
9171
810
46
187
94
412
24
826
16
2
394
4
4
18
25083
1145
146
3
755
9212
87587
77
1
38
35
2800
365
187
371
579
470
466
8
7
634
138
552
45
2119
1050
230
315
235
61
3
46
10
46
4483
347
502
432
17
62
567
64
2400
15
1235
165
1
24
544
4387
1553
248
922
54
95
2579
383
475
9
528
909
359
1377
725
507
127
33
1230
227
25
503
17
414
617
583
23
135
9
129
123
23
410
2
584
228
282
4
248
5
726
1122
59
258
123
86
20
106
4
127
3
1005
1071
44
55
117
19
1
188
15887
52
307
2316
563
1043
1255
604
10
44
85
2586
957
20
121
279
1
149
20
578
35
109
4
3498
153
1
1010
68
186
158
21
460
518
507
1255
499
203
1
384
1
2
191
20
2694
6
365
1051
1062
7
14
128
759
139
102
29
74
1857
12
6
47
200
256
1169
10742
99
197
797
264
31
10
38
272
324
44
517
10
41
3115
25
49
91
7
1970
76
322
95
6
181
111
69
68
74
362
116
58
13
465
88
1720
22
22
512
242
60
3
1946
546
64
678
431
30
182
142
267
61
1129
26
2444
770
138
57
145
326
357
41
88
22
182
7
323
169
180
2251
80
4
21
170
10
1
3868
2318
201
9
1483
4
5
587
2316
16
236
5
1
640
7
162
500
374
41
2711
122
1027
21
313
257
37
11
284
458
361
221
76
1
773
265
428
7
261
558
88
16
991
5758
6
106
1530
8
1
44
75
106
567
72
1
33
1287
6
1052
517
55
211
15
310
417
4
208
302
1
329
369
297
19
123
1
7
193
17
19
552
11
99
1585
98
100
75
16
3697
18
5
745
559
18
85
1068
160
1
492
40
88
215
169
12
218
5
1370
453
192
255
511
841
281
768
954
64
752
46
89
185
56
7
1278
347
12
4157
15919
22
391
1231
618
26
1
26746
107051
9802
31240
218
689
639
12322
7
3196
876
27473
18141
222
22033
118049
1714
76565
2404
15197
29384
36428
266
107534
5158
153
11660
29922
5751
500
187
3147
1034
142001
164425
22
64961
304
17455
10260
7944
18195
4894
4475
3189
18374
12029
17697
13556
81134
10534
696
1344
69472
2304
492
37287
1109
180288
40359
31687
48206
1422
16624
14472
5240
532
298
48486
15057
19600
4
28363
1718
224
19158
24099
7348
32674
2682
75
2179
18675
18
963
60
931
4409
1720
1702
62796
20536
73
109160
622
739
5752
1679
8343
38290
25106
24129
43
8885
10667
21
385
486
658
37
458
5
30884
101
66
37
68313
66
6782
517
9337
271
15426
4009
16340
445
1796
32688
1153
23019
2208
10241
12
771
148
120034
6360
3883
256
4345
497
42238
64
173
7143
67
146625
1
408
75449
884
113
128254
6818
27
16953
13603
106
1
33538
172070
122
85
4742
150281
3
5755
2341
13393
2879
99
85160
27850
1342
667
129754
1037
6
40110
38669
81144
6178
171
158819
372
218138
18
74470
1317
63
386470
29
62838
77047
29701
11
631
16557
20098
88297
639
27163
80334
2
89
22887
359
23531
3158
2895
2745
476
9015
985
26845
36679
275
65
442
5
75306
2801
9
543
47071
11619
615
284
6136
8
33286
11571
13560
12648
16181
6954
1792
2695
7929
39118
4887
94669
49290
34829
166387
334
1540
129860
2026
13489
32455
8
106684
14488
74336
14551
29
88280
26046
259011
73270
1696
68151
324
7424
1071
531
29237
1037
107121
8706
4698
276
39655
8234
61987
2823
8907
64
11028
24408
13
5392
29131
284263
3288
17
31937
10675
10357
319
282
4244
2770
10878
18046
14816
81626
60231
9046
359
41274
59555
15
47114
2076
6114
19348
6313
7887
2765
1973
475
147917
70
45302
118842
39504
40431
991
44416
2172
167
114694
137013
295478
16
20174
151784
15023
12272
69847
4889
2082
8110
73
223
112
8107
26694
23
235506
42725
1710
54355
164
85
75087
53626
15188
104061
7953
92241
70291
12307
115
4
185495
47052
9998
154965
16964
28959
10608
71651
6
27351
1018
374
1
193
2069
37
196
5
112
42
9
11
219
1462
307
3073
4
767
745
2863
39
1518
307
280
129
447
86
559
210
60
71
17
1275
1
996
75
1789
24
54
102696
91302
2
10140
71049
151
50
78172
37049
11915
51194
11305
146
4973
12479
25066
95
98167
37242
25483
104
89464
332
22956
18653
26305
5007
105060
135867
129657
1
179
210
16360
14990
3038
10355
4821
14
77828
227
73649
10242
98681
12240
6996
12849
50165
79673
4458
1801
10055
37
1918
38250
74381
32
4031
10168
131
4072
19
544
62
39
56434
4
105
44571
76
14636
269
21
432
72388
8975
1341
20
6830
13523
21795
15239
142
1985
45080
2776
3359
13
7189
14
36615
2252
9333
4347
121691
3333
2303
745
7892
415
1039
19
451
53
2
301
672
3420
74
46077
24288
44003
10159
269
140814
159
1332
19
5247
2
68
252
40844
1281
21591
1063
15575
5352
57864
664
27729
4110
1622
14569
21824
11111
9387
51978
3313
242
26593
129
111
3584
6192
49508
36482
37947
432
8554
1451
752
346
115
345
14203
3
173
60
276
798
1
93
30845
135
1648
105
20
726
306
6536
5576
113334
848
351
20
3111
1761
2380
1589
2696
2697
6523
2794
145
4232
1842
7
472
288
708
963
880
546
6451
2958
1051
9
863
598
159
234
1527
10835
13772
37050
21371
97
59
22577
43999
5995
1548
3937
22
69
73670
7471
3507
3219
25048
3171
6
100
83839
171829
8891
8312
6018
3576
205950
35031
11671
5273
25
597
20
2377
5843
19680
198130
36908
15365
4437
366004
7432
29268
14864
2273
119414
702
578
2933
16
617
86879
204
356
278
90315
396
5
51483
119190
150
9371
688
16025
248
29442
149
69040
1
495
48188
1122
39135
168
53537
102
175
697100
269378
367
180571
4017
137
5
143
341
9808
128
26
9936
1
28719
1539
19745
41073
11
614
81
140
45212
12041
2
726
41
58
129827
346
935
10270
431
14
3317
1795
17007
6
50
1826
288
5705
5077
224
94
196
8
188
542
296
105
982
173
6
52
319
495
82
29
812
596
159
201
4318
371
1761
222
1541
7387
105
591
953
301
133
9
571
413
196
22
13
74
18
3324
179
150
4746
20
155
2434
2327
6
5
16
176
187
2213
76
728
4368
74
48
35
104
26
15
2344
156
3023
62
2233
25
208
10
743
458
94
1030
38
441
67
1419
97
198
8
10
17
616
10
27
445
7429
1
485
309
19
161
524706
27
38445
12743
1127
250
44477
67
346
3
593
159
657
34224
137
1833
771
610
54
725
21
122
33511
231
1979
746
380
151
8
317
102
81
6400
6
289
13
361
168
471
1344
835
481
2001
51
193
12
1244
1032
16
800
802
2417
922
1299
38251
1237
1394
4305
82521
53678
2446
1964
4647
3749
19208
27
1312
185
24797
17191
84
14666
3750
25665
114
4097
27
741
296
17022
418
183
45
8
95
11
574
12
80
24
95
153
9
99
679
51
33
506
520
262
2
4396
365
708
883
1141
206
770
570
152
505
30
290
920
284
559
119
328
68
89
27
58
165
1
394
71
7
53
578
2820
416
3659
23
76
364
75
388
8
587
1085
7
18613
9129
192
36620
41620
40074
3790
14525
53
25390
26507
1941
97539
58397
29592
20476
316692
258
193694
49193
447
143593
46524
304
28668
35454
1045
12
731
29400
59072
4278
34176
443
8752
23024
19950
122552
43901
43670
556
236243
6
10355
622
10392
355
102954
369396
558553
105475
2454
24571
593
55944
117280
142968
65304
288269
56738
1236
49
67073
275
43147
36323
542
74076
69141
75051
77456
8339
34
13
6565
190
34
683
567
25
70
137
16
2898
107
15
59
220
16
38
34
52
2042
24397
1267
1445
85
97
81
253
26
419
30
6477
594
50
708
41
22871
319
105
13
520
712
51
209
591
9
442
43
883
231
169
1944
1096
260
15
49
86
76
653
49
166
128
1472
252
5713
6390
18
21
32
655
213
24
38
3
51565
65910
1407
435
365
49447
1986
47150
146925
29346
58015
11213
8142
130
1765
133963
29328
5144
10846
6158
9175
5776
23428
2470
3754
3141
3448
86
12042
34584
148484
1154
8031
204
6862
4855
302
9949
461
112233
7789
31137
15078
7635
419348
67207
28
107657
561
75852
372
311551
20198
260014
36965
105
145
77311
23186
21279
67
164413
5067
107962
18046
251
39311
120
28822
17765
18
323
9437
25933
1092
6824
708
210
23149
11008
81338
7565
34061
33009
5785
261
10759
26331
48
215
266
161
16
11
2397
1
102
11092
163
81
570
2
97
43
24
6
18
1
325
674
13212
4804
169
134
886
185
68
296
123
58
24
38
2
28
28
146
35
519
25
6
1027
74
1103
6371
5838
2540
8953
1860
11909
35
8
62831
11
71774
97912
7000
519
21
23032
150
50
7934
2067
4239
745
4937
47
645
17
449
354
2091
9597
1594
3318
40
42
3601
107
194
17
2561
999
327
9
13
937
1720
57269
14042
12841
874
102812
2140
61365
24621
42350
2
35
111
36
699
69331
81994
23675
21188
1
274
46974
72415
5720
920226
3667
118058
58
99245
22499
67924
7873
104825
5218
59328
24328
431
86488
48949
46950
4130
3379
9
29
20106
75625
58421
1347362
21774
73885
22117
92978
21411
23315
71318
20
16985
165
17
69
62
1938
940
19
10706
14595
1049
36183
69
10033
385
326
32562
105
56072
24445
3979
6427
106852
605
5072
7568
112
832
12454
11787
17
72212
237
5300
71
7211
1351
8312
1116
37
48013
45121
5841
113
2082
2047
1969
20
1490
495
3783
10788
2843
4883
31361
41330
938
1018
797
8243
8560
83
19
92
503
309
2682
4875
3029
250
365
51
90
235
242
3787
210
1
120
22
7472
31
998
45
246
2262
47
209
3053
2374
178
12
2886
877
447
187
31
15
5
98
2043
318
60
324
342
12
2395
1251
70
421
7
3
851
6
963
218
98
27
22
199
34
2445
47
16
3883
4822
3
689
3
424
62
3810
8
9
7526
48263
1
8
47
166
88
68
22
233
882
170
342
525
1221
138
280
79
792
2178
298
233
1
1456
160
24
142637
61949
39
36457
1057449
64
41
259
6
39715
5
659
194
1096
37361
356
913
43
16997
49804
56220
7203
5792
58781
138834
73
128079
13680
1526
185
22
3911
69816
13
1276
26127
76062
7013
20558
37
1890
121
26
146763
85169
68
168
23373
83
15033
43877
53
33
246
9322
5944
35066
1122
4527
213
5
57791
75
356174
71
8
45725
1
58
64
1235
16
24635
37
91
49815
12280
180030
40
62805
57
398
2812
40
35
16203
60005
51025
11480
6228
1
64626
21444
276
120
1271
690
281
20138
26410
81178
469
9
11800
284
53300
190
474
378
12095
7
307
968
54027
640
70
6760
116
2
180
13811
463
71
25
21906
11
59589
545
1377
50
96
39
273
25
333
5
3254
1327
261
8843
88
487
48
60
394
41
51
22
814
106
202
5
1646
279
1049
64
75
8
133
1310
3023
1148
112
14
252
2
6578
26
25
19
15108
64
3078
2658
193
502
15378
1092
64
21
3826
1522
599
19
37
1132
88
827
31
1932
642
10
656
963
5
573
283
24790
47
298
134
637
20
547
117
895
204
5
1096
639
402
469
1822
1712
21542
168
1666
117
9
365
13
5600
40
286
5
490
4
268
816
759
208
30
17
195
182
99
2
72
46
861
683
456
16
2029
1221
51
43
531
238
723
51
24
88
1
1056
16
2654
63
39
38
258
296
117
40
220
423
814
14
429
28
10
67
293
135
25
59
20
596
7
49
948
1554
123
121
598
85
12
153
774
129
2806
561
355
75
904
61
15
55
521
127
248
14
132
335
550
1
392
3119
17429
83
3373
1743
228
90
1762
438
228
18
127
334
2
15
902
2
8
835
231
79
74
515
8079
1023
7
34
658
41
42
8
54
3
21
365
10
289
668
34
115
141
6442
4070
2849
251
145
103
124
1845
5263
29688
73829
59165
81
1130
49737
3670
4430
18
103
150
5398
500
9
1
172
38799
3723
185
21
100
74
72
8
2314
3
12
41
1095
76
279
229
71
1366
49
80
295
4945
55
25
631
170
3888
5
925
442
102
912
180
391
138
76
26
1991
486
3495
46
162
58
2161
9
982
1
839
5
173
179
97
111
11
190
1792
7525
647
189
1954
2
214
22
226
128
1801
124
21
157
30
284
125
1050
30
49
223
193
1113
1
157
1641
209
72
206
16
108
52
59
18
12
452
10
643
3529
4461
875
782
16
15
97
496
41
207
7084
558
179
69
73
58
152
134
340
5
70
437
146
57
512
17
90
1519
13
85
48
5
14852
7269
1
80
44
143
111
155
12
54
196
25
365
14
20
9
23
77
37
268
34
94
67
59
1
479
17877
863
131
1163
117
99
179
5
22
751
1476
355
15705
8689
108
54
180
15
876
6507
171
235
294
312
320
2456
32
179
60
48
21
448
4
79
240
22
52
92
287
1756
45
355
28
10
332
73
230
5
3
1406
26
233
10
154
1287
673
594
31
128
652
810
372
969
52
12
10954
910
34
1
399
96
815
2520
55
11
920
200
6
8
1056
219
350
1
14997
394
668
264
258
444
117
164
69
169
39
1003
2579
2511
3914
1044
1992
1330
327
4232
489
117
761
42
8979
658
2476
120
1864
376
11797
2576
108
24
30
1420
96
109
22
1
2282
705
62
14
1467
99
360
48
227
19
3
1086
41
4
1592
417
17
653
7
768
120
466
90
103
29
51
1
165
170
571
42
190
147
162
4
130
31
955
29
1737
23
9
999
2602
2438
2800
41
71
7
39
68
2638
1634
453
201
519
3
2
62
2245
2046
71
172
216
1729
491
37
836
233
22
59
325
157
4327
12
5367
2584
6
13
90
259
6543
56
196
24
528
17
374
34
304
33303
42
719
27
178
2227
543
1293
30
59
523
40
357
36
248
39
9
6071
17
27
31
509
891
418
36259
23
5
33476
133
231
41434
283
15
7315
1084
3
339
1
652
10
362
211
2467
66
63
938
34
6
25
14
3
1
11
152
1175
151
898
543
31
2905
278
15
223
48
2544
56
302
157
9
35
127
1
3
27
1216
855
379
7
10
5
81
5
3
3756
9077
1320
34603
499
34
3730
268
1004
20259
159
305
1247
768
364
44769
20
184
82
492
12219
5311
14004
252977
320
41
94301
1618
15817
294
55192
52575
1399
44169
600
9955
25
11266
34
51
106416
326
375
56118
27
77
16757
142
494
3617
9368
7665
14
3282
1116
1034
10
103
23459
76
13935
854
722
20310
2
639
11203
8211
9797
61964
2099
48917
197
1550
14713
212
56
1
1247
18
113
64
34219
1966
243
456
12
189
116
8
489
3
182
152
76
67
7777
21
9983
3891
2244
114
5
26
57
124
473
14
162
77
158
48
49312
68404
138384
175
5042
9813
119
13646
61115
3598
15829
6493
745
461
3104
18
1085
1
202
899
589
6152
26
509
21
1962
74
296
153
49
921
130
797
137
1092
38
162
16797
250
90
118
168
376
1
539
1515
696
42
162
143
5
138
89
483
381
118
171
547
25
21
27
36
48
789
1149
80
40
176
55
1
37
786
193
985
5
6290
1179
46
451
11
19
22
7
1348
230
1014
142
161
121
4113
3148
1435
22
95
66
83
5
79
18
19
544
736
733
91
4379
285
160
1008
17
178
73
14
13977
157
21809
172
33
86
11
1341
80
220
756
74
94
72
455
1417
3
12707
12
40570
71832
11632
12735
15
165006
275570
49479
24456
239608
188167
70684
43
32949
613
14878
35943
43005
82274
3
59702
47351
27174
34686
10
1001
59857
66922
634
21223
1051
49
1292
19492
140
15
47431
41163
714
3852
25714
106
36
24696
91708
4
54136
16664
37
309
1203
32519
4422
1197
4143
16
43465
10182
15487
151
7262
16152
7005
9094
61005
15
52
25425
9208
3553
7707
2957
5047
199
611
15
11542
16002
70825
1850
12084
26
141
4502
199
235
674
403
1280
269
211
36
36
23
110
113
21
4794
42
53
21
49
190
948
261
56
11
20
325
11
2867
494
2672
556
1001
622
764
94
73
47
102
50
40
514
475
19
495
425
189
328
11842
27338
475
18664
855
411
475
13
5625
69161
740
54824
39002
66409
134367
20
70412
192372
44878
4066
112151
1854
84210
610
3621
88673
189
83470
443
79318
76283
151066
85
55
75
34408
83
399605
102184
752
13760
3897
91
8544
114
276917
3460
578
78687
76510
837
565
191726
135717
141933
18857
1515
143131
6012
32648
10486
68913
137168
48977
93
3
60
366
7828
2918
53835
47398
34394
252
1
5
247
119168
26933
8675
674
33633
343
36
22
83354
144
1425
374
103
327
57552
6
64
582
10
466
26136
12046
6507
32930
753
111
708
816
9
1
199291
23
202
29267
42186
71136
242
1
10216
21546
746
1590
2830
35
43034
868
62507
1056
50
1131
159
2075
876
211
136
2099
403
27
40
331
2
263
93
5716
220
2258
276
346
5
4906
47
173
154
49
947
791
595
9
1961
405
357
2793
5
73
26
2
16
2
1693
224
170
1105
380
6
1
1227
202
7
1
22
588
5
948
731
5834
437
94
838
170
608
85
19
150
44
832
29
56
3
35
2
6887
9
6173
12
16
325
215
1430
11
212
2
33
16
1
1090
20
2199
579
9
1401
2090
327
78
13
55
159
41
1583
326
324
2
720
1
79
2
16
513
58
34590
15
511
5398
12
1
8582
219
16
256
43
244
1349
210
1566
331
515
275
18
65
457
1136
3
393
829
539
4144
2376
17
43
530
90
49596
2062
337
30
2941
420
8107
92
154
1257
5
551
3
514
719
1496
436
225
67
788
320
113
31
1
143
38
30
4
328
122
706
2223
213
1
354
113
88
30
14
27
47
8751
227
97
3165
202
284
9
80
1351
79
6138
16
197
4
27
729
13
4376
1183
99
873
127
86
14
123
9
12
1014
108
2060
259
60
215
9722
2451
2499
556
925
16
723
36
137
1609
188
596
1231
16
52
33
204
38
64
259
50
27
657
605
10949
53
17
44
238
2167
1028
122
9
10
354
652
142
4919
2948
2061
160
233
70
3448
878
475
39
64
3
1095
3212
18
3188
1
14
7
6700
33
10
594
213
16
48
1295
26
24
115
816
13
58
2523
22
55
117
81
440
2205
11
269
118
29
703
747
3
258
279
649
1
12
300
1812
47
1236
664
180
561
1335
53
5368
107
62
136
148
17
355
817
1183
81
63
2487
73
184
262
21
315
166
83
257
1795
42
12
48
171
701
3
654
137
22
1924
91
4066
45
59
1245
63
10
6665
4
1080
632
875
1
470
8854
59
138
17
9
684
87
332
227
92
1113
476
22
416
17
550
1
234
212
24
1043
40
1863
36
134
302
494
81
272
87
172
415
65
4641
37
30
70
200
419
4743
430
2380
7
3098
219
37
5281
3
25
108
51
39
221
11671
905
2384
10
43
171
2
552
4990
4
310
1362
1739
20
41
23
162
58
23
856
393
20
251
26
8127
52
420
97
4375
301
9644
32
28
38
239
19
4919
560
2788
466
449
207
1567
94
25
29
8
80
3
22
687
74870
262
1145
29
45
377
72
10647
444
172
3800
2
378
68
4283
1034
86
91
1313
2274
23
1199
1284
304
981
3985
36
2580
481
14328
3924
96
1789
22
560
2
3529
97
131
1421
1340
132
177
333
45
72
97
6096
148
165
15
54
603
135
154
1
2685
19959
3555
905
1784
993
36
34
48260
303
139
34
28234
115
11
4392
54
740
5292
715
64
599
64268
94
252
91
18987
540
25
1513
1033
140
65
1
181
27
28
42
291
135
331
43
128
365
35
18
44
8
1633
284
237
147
11
277
27
598
1299
4015
447
13737
64
6
345
41
1
22
10081
7179
196
2081
1242
23
2606
242
6
7
999
251
1156
7
127
1645
617
4274
697
887
26
154
254
1410
68
191
8
9
13
267
223
1099
3
882
648
547
108
91
635
52
4227
10
164
477
684
477
334
16
1642
34123
45
20
394
2
2056
2090
263
2
115
46
574
58
40
42
198
344
1948
4
661
1336
7
114
639
12
63
176
22
419
646
24
15
120
11
99
1373
396
135
421
171
569
12
47
15
12
1113
5893
72
793
176
966
2
1
535
425
33
46
1339
29
91
103
2553
35
452
456
55
922
62
747
3
57
62
529
159
701
6
13
737
8
19
11
4634
478
99
50
24
84
15
6315
241
18
149
124
274
14
404
2319
381
558
6
65
498
4404
133
538
7
11
39
209
59
66
40
56
413
21
45
204
497
56
110
5780
2154
11
134
121
15
29
84
42
249
2527
445
657
43
455
560
35
1431
23
123
71
284
3503
22
153
59
244
467
36
37
20
6
86
1483
505
1
12
246
9
66
741
24
3
297
105
597
272
19
14
6
504
573
500
682
796
49
4885
173
39
584
4
12
44
114
238
292
302
998
1
605
699
117
198
1926
7
670
192
17
206
90
296
11
4
31
1593
5032
125
48
30
8
413
451
322
15
141
210
415
48
401
532
46
17
210
85
4683
280
5
222
11746
311
50
234
1
276
15
389
434
322
94
51
28
45
649
180
48352
14
401
335
31
104
9615
189
763
161
1035
1980
373
85
48
637
191
12
2693
3
13
4930
8
84
80
341
860
1
79
1
353
4341
451
61
158
394
17
24
381
83
5626
6442
50
80
178
792
32
202
42
52
365
1
1516
10
346
190
3185
154
395
60
890
18
244
123
315
62
28
501
101
299
278
7
403
158
802
875
128
2
200
3253
555
9
30
130
632
801
1837
86
56
3170
175
1792
8
917
22275
152
288
26
383
9
160
1800
3756
89
147
87
137
173
53
126
201
6471
185
140
31
172
49
594
467
1227
1688
291
142
1069
351
2270
3069
53
209
850
367
976
184
2
13
416
71
145
4
75
115
4678
214
1353
3
55965
93
52
242
7
146
1104
113
4
68
10
126
2277
96
613
12
8
160
5
2258
10
175
477
3
207
1530
54
3510
520
1698
942
20
375
682
138
1116
1885
48
659
433
645
28
893
3028
14
2048
7
121
9
451
90
24
1304
5430
1
87
2090
183
13
563
827
2542
104
241
29
1080
440
126
17
158
53
55
628
18
101
7
120
5
5
119
98
30
129
1
18
873
6113
1
462
1
6143
147
197
24
82
432
41
407
181
48
266
76
16
2
294
54
496
18
243
15
1
139
12
169
28
1244
314
4
65
3
80
909
172
269
19
452
56
15
26
404
671
1430
8
463
472
2
10
1400
386
16
1048
1
1
39
234
240
12
7
48
447
9
117
4846
190
447
79
13
561
435
1
84
274
5
1
337
21
39
64
109
376
34
45
358
384
1122
2
39
2366
2007
3527
7482
39
520
6
193
35
26
732
280
1
1086
27
81
20
57
41
48
22
251
100
1
814
147
1127
5
29
318
1387
1
99
10
288
7
525
1
117
13
5127
13
308
149
207
259
826
3
28
89
66
495
920
73
20
105
4711
9
66
26
29
1000
925
34
5508
438
1062
2054
88
22073
4
3811
2258
958
641
94
3097
5710
182
305
1272
14008
139
31
4394
113
1
1368
1229
186
916
8
169
13975
867
1399
3
56
450
17
2
265
16
3
311
72
35
6
25
10
51
111
1
3376
89
22
567
12
4914
4342
1
16
301
853
411
826
67
1193
220
3511
2638
75
351
18418
136
160
114
34
159
62
149
241
1960
716
902
634
557
27
64
472
64
5273
8
339
33
2
105
8
336
616
649
2766
102
40
96
821
10
1126
40
5
172
188
10
9435
487
61
259
7
1
129
1271
118
2
18
1533
122
14
579
15647
2350
42
83
421
47
210
185
1713
436
2865
60
1563
12
1022
27795
58
408
38
181
39
297
17
18
220
110
10
3797
388
47
749
61
38
20
13587
55
1530
1479
5478
627
1
274
1
351
171
209
9
234
353
21
18
1
1
373
11486
106
365
188
343
289
77
194
27
152
4
3057
4
568
550
27
562
2223
40
114
1652
27
58
1039
803
226
167
2376
101
4133
373
5
832
217
819
42
6
1132
15
57
260
13
226
606
1042
51
26
583
496
337
3
66
136
561
483
42
430
44
2
13
21
132
1172
2595
306
9
19
593
87
54
23
601
100
2
1503
269
160
1
2850
220
141
552
2051
52
34
6
13
171
124
396
3127
66
2312
31
940
70
5
165
11
93
14
4
188
11
19
321
3584
359
22
273
46
86
17
55
180
77
1828
269
13
109
766
556
145
33
3743
4
265
49
20
184
427
17
44
121
120
1
62
124
1650
277
600
1206
1
2750
7961
7
74
126
1
136
47
1
693
18
54
8
580
159
319
211
413
156
66
17
1938
606
507
64
94
206
29
4311
1262
28
549
8202
1984
16
42
21
14
1621
4148
1739
22
7
172
1876
3
71
922
2258
12
2584
17
4887
154
396
1315
101
790
873
2967
26
517
8
33
1309
879
8
3
20
1221
159
88
106
717
7
127
1585
114
43
7
131
596
10
295
854
1
255
272
883
611
40
555
185
381
3579
433
667
376
1654
299
1
216
354
1
6788
5135
886
74
435
842
69
4
30690
262
1620
525
337
72
415
124
68
283
327
289
283
5
389
1070
381
6918
1524
51
256
81
175
40
32
269
2368
616
194
1468
140
381
3
26
22
1
127
78
560
129
122
100
78
41
27
22
876
283
3056
1085
15
432
3
493
10
17
7
6747
34
138
5900
3194
43
8
321
142
6923
500
700
1
21584
1586
182
457
6
9
8
1
54
1103
24
2531
101
315
749
372
17
188
604
181
121
35
4
17
25
252
108
1
2
6
264
60
17
110
12
1
1713
880
6
128
167
22
1
10
14
38
1
3
635
3
9
11
1
853
1384
56
1
23
3
467
507
261
41
11
81
37
490
235
232
49
116
6357
11
1
461
865
917
1969
3244
6
59
206
417
2286
1124
212
181
60
59
136
46
3
14
31
1
91
8
3697
71
7010
2479
68
25
528
70
308
82
96
1
1
971
532
883
50
555
500
18
78
647
1698
50
477
11
73
31
67
113
50
68
83
11
30
1700
514
21
20
1784
6213
482
5825
10
63
251
298
764
12
7
10
2561
492
30
98
3303
79
32
443
600
371
55
264
55
45
239
618
369
728
289
103
339
5
143
1
1019
1
394
36
1679
2
81
929
3448
509
95
30
421
1113
5077
117
24
358
1775
111
1184
49
28
3
604
301
140
482
590
21
7
887
21
4
265
89
6536
13
26
201
62
17
329
22
700
1776
1007
61
1
187
1847
117
447
150
324
3
1247
4
1377
145
389
9
140
161
275
379
137
32
532
192
380
149
530
428
3
224
95
411
131
54
26
846
348
7
281
7
7156
156
711
1727
404
93
299
26
516
90
41
10
100
50
291
5
275
12
215
468
4
9
2
58
92
95
1845
98
34
163
48
10
295
265
46
1158
749
198
20
668
179
30
662
24
83
96
154
3
620
54
187
11
17
18
500
1979
24
2489
1
22
1018
3536
13
2830
216
145
105
153
48
34
213
1014
1689
5
592
738
42
6
334
88
1310
955
7276
6641
278
25
28
30
528
150
11
808
201
2
235
471
1
190
433
25
376
2
8
28
52
98
547
85
241
38
166
17
356
1
1854
430
46
35
13628
360
1800
11
106
22
3793
624
1
72
328
1110
408
512
46
328
2545
430
2708
1
13
652
711
11
262
558
45
269
2
5
370
2513
175
881
5
143
10
494
79
1015
423
1252
35
36
585
4
138
1
1
119
7191
6
8
459
1
52
32
5898
86
484
72
86
1808
310
103
1095
2561
824
89
1
9
262
121
1
14354
16
34
2866
284
376
40
133
978
56
18
19
305
201
71
161
4
1
4
76
1206
188
130
5554
168
451
262
259
135
16
1
85
7
624
59
17
10
1
356
208
5
131
86
25
15
28
96
9
32385
1211
215
13
9
69
342
314
1483
84
1053
243
31
319
257
23
194
192
1266
102
18
304
192
289
54
202
5
4991
45767
114
226
33
1
31
349
292
75
1
2361
18
221
15
125
1016
335
30
4130
25
9
1445
21
16
25
876
260
63
93
594
3
38
5167
412
3220
2202
1
1
1276
1
29
76
7
1465
54
100
34
72
8
49
21
606
124
30
155
3218
3
9
3805
4554
1075
52
191
238
3879
3726
658
78
631
11
120
128
57
3
6
415
102
764
576
28
25
127
1969
208
7
1
351
261
88
5
7
4
1672
2038
122
557
266
107
121
8
138
2
2
128
179
545
122
159
1308
55
63
420
495
5752
3166
574
3188
171
199
88
35
367
8
213
130
2432
794
250
20
14
385
24
131
21
20
224
899
224
18
89
140
3
282
502
72
2472
115
237
411
441
55
10
1
146
168
2206
991
205
133
16
141
793
156
669
712
32
155
289
924
642
651
70
30
60
22
207
1589
198
106
752
3225
351
4347
278
217
39
473
903
780
895
476
1024
87
2
69
34
286
45
416
156
212
704
440
80
203
102
157
14
188
1698
260
14
30
712
129
377
52
155
19
1467
99
23
3
24
293
97
5
219
5319
1569
824
12
1831
125
796
347
202
657
36
7
34
22876
317
23
70
28
13
1173
5907
326
122
1049
108
2162
61
2
340
1623
273
28
1
1
91
439
354
402
701
7116
28
335
113
5
119
2
764
80
113
76
525
231
476
5
14
173
779
3815
496
16
6
3817
42
19
35
26
134
507
24
3
2841
941
5
83
1
1218
2003
667
239
590
99
28
21636
1
943
49
157
26
6
2829
62
18
11
34
60
1
192
1430
168
75
103
89
339
1382
115
24
921
30
197
182
50
20
332
32
26
137
77
1
15
25
280
883
20
143
196
652
63
203
714
13384
60
1632
28
451
4619
688
35
128
31
17
779
1151
195
40
883
1
1
597
30
3559
80
266
95
36
144
146
478
251
979
5
66
164
1427
86
1119
67
285
9
163
1
22
63
99
1481
737
97
81
556
307
1259
64
502
208
57
71
4
29
34
5
187
432
104
156
479
93
25
4
2424
298
224
91
191
200
121
185
29
4934
707
63
38
1229
506
42
122
98
255
1
9
112
407
42
845
6
814
2927
1145
148
149
67
18
35
111
3
909
3204
1124
35
63
1034
41
73
2
31
113
225
50
4447
5
125
591
3
1001
1534
251
401
94
51
429
2871
38
35
1228
2
13
162
27
5317
377
1901
11
63
1
10
586
96
2
140
14
35
98
46
135
19
1
460
5
28
123
2744
13
1173
168
153
327
41
19
281
131
289
156
337
39
812
10139
2
103
350
107
80
7
117
81
68
713
367
50
102
3
1962
1
60
36
3
546
584
77
637
1085
194
1148
71
285
289
5227
125
932
127
66
3860
46
443
45
29
8
32
54
9
1943
5
432
1329
361
42
4973
49
245
36
30
3
269
1
3138
262
302
25
3
1353
3
584
244
2
7
10
156
10
112
517
1273
46
232
7
431
3
1
5
11
4
1673
1
778
18
70
318
1428
18
2356
921
3027
3778
1925
2
217
547
183
7
1
269
1127
2963
17
6
3996
178
6
1
184
750
8
135
82
102
171
395
12
1
67
18
129
46
55
21
44
305
2888
4
592
3953
135
71
621
505
42
3073
19
1729
44
340
879
491
159
34
1175
166
35
666
135
90
3
432
899
300
1
128
177
3733
24
401
12
635
527
36
2956
43
5967
307
4360
1372
232
20
212
3473
31
66
2
2
138
11
184
878
33
4454
799
1411
3424
801
1804
88
4
2038
200
6
791
19
39
193
38
117
661
2351
2
876
328
90
113
10
113
300
276
1602
2777
171
513
17
435
44
2209
121
113
181
1060
36
76
479
73
273
8922
6330
1316
497
935
36
1131
707
184
79
115
75
158
773
341
18
15530
24
1202
62
182
3607
308
246
4343
26
116
650
10
1138
29
519
14102
578
613
10
81
90
56
21
321
611
200
8758
47691
705
1173
20
11
1762
2
104
30
5674
136
13324
2965
609
2126
4
345
16244
3532
4664
412473
70
1092
6315
7471
5013
124
2471
160
315
104
4325
32348
401
93
14
666
15377
228
1321
24
250
57
1215
3563
6
25
47
71
51
447
149
786
94
3294
3
418
304
1
324
42
902
753
228
2934
2063
671
20
429
121
489
250
62486
3884
268
44
11537
32789
999
13
28851
35
266
458
764
454
1232
153
100
1
218
211
1935
21363
7954
10
86
17
133
47
1070
1013
90
3341
690
848
1290
322
5550
363
166
626
39
35
41
99
39
12092
9557
4990
81
32
20
10
11
597
57
12
642
11
1023
80
8045
36
2
7
8
751
301
87
194
30
72
32
19
1129
101
384
42
203
1274
130
22
2407
83
245
230
21
13111
15
258
1515
815
268
89
15
8489
590
182
150
835
14
275
217
823
55
7
20
123
1652
95
1105
170
6069
6
81
5
189
878
104
52
3
391
183
497
812
17
106
68
288
556
342
11
116
132
7866
2317
734
28
54
22
14
126
332
326
173
75
10
957
93
1896
55
61
1070
1161
1911
2379
474
692
1955
38
27
19441
46
562
1776
437
113
1871
565
3343
393
96
17
294
1
19
257
2
135
2977
23
109
38
244
275
2317
564
347
11
574
1
2325
34
77
3
216
2474
110
135
75
23
297
154
163
286
4
419
977
3
2453
98
115
59
14
47
1136
83
2
4287
2676
331
341
105
36
41
740
434
24708
104
33
945
11090
188
46217
412
2807
198
15489
2038
8
492
262
8151
876
707
6140
158
23
787
189
49
190
8
1621
104
2
173
1466
12
81
53
59
156
6950
10041
18
980
1184
643
425
7
98
8
2
8680
65
184
224
362
1311
203
127
420
57
598
1741
371
1
83
23
521
2568
11
68
21
31
40
42
29
313
621
1046
32952
15
105
305149
560
2520
168228
2554
283
246
3311
808
289
31284
42
171
563
129
339
22
4020
136
421
425
7
392
1008
370
1861
355
20
1
405
1
110
726
221
1626
1162
61
47
216
32
28
38
79
10
821
100
132
25
132
408
473
53
363
30
77
10512
4256
1082
128
89599
27037
5165
3172
38
75
160
358
155
560
774
676
88
4233
3845
11
2901
1510
323
1
299
251
1753
32
1155
801
243
243
54
1004
5367
17
1629
29
16
232
6
52
76329
898
179
2196
697
171
34
443
440
520
622
162
77000
505
458
1343
164
602
87
155
54
754
859
38
627
302
10
69
2
522
945
15
1089
1072
111
224
414
57
30
8
46
6
60
146
97
166
46
155
131
181
211
477
22
3
388
52
28
44
64
2337
2035
18
176
286
6
212
336
556
689
1353
3
2336
1208
412
30
233
1363
135
26
120
1012
94
417
405
73
6
98
1545
76
2869
392
429
556
5
156
1726
590
418
4079
6077
76
11
121
35
446
5
154
45
9
13
28
412
13303
63
174
30
59
26
6486
14849
2036
941
3
138
7
26167
5003
6
1830
63731
10
118
25
12374
19
611
11
13
18
223
125
5
23
3101
32
447
4
53
108
5213
222
6
20
1068
41
1
17
1361
4372
1244
940
17
119
1714
6
2015
357
2
92
3482
5445
106
3
384
728
57
8
10
75
28
1
1005
25
30
43
1
85
192
87
1
18
392
613
296
93
514
5444
497
11
785
3
537
542
659
16
747
1
288
10
2547
411
11
20
383
509
242
226
123
81
2920
59
7
17
486
699
5577
16
11
51
81
36
33
4079
575
73
117
143
88
1089
4
2600
3
302
8011
711
88
422
1065
12
233
344
7
271
157
8
171
31
1466
2
34
53
8
7561
185
5
296
13
67
3
432
32
186
141
789
1743
14
12
279
107
3
177
49
517
49
41
63
181
1432
442
1
8408
615
32
1409
3766
439
760
44
42
3879
300
916
302
134
102
10
5345
736
14
848
723
873
587
12
566
436
51
28
93
315
42
4
65
28
131
843
53
12
45
137
24
19
2
283
14
183
30666
2
76
26
67
46
4053
432
117
504
2
12
1730
852
269
1292
587
11
3390
521
14
115
5
861
10
55
3
33
23
8
649
51
3159
9
59
555
82
320
7311
759
775
431
764
328
843
6112
435
122
384
27
389
3774
330
123
5364
44
100
2428
1284
26624
3968
26
551
117
10637
290
351
20
23
1
1623
10
130
473
16
479
494
199
102
1228
123
115
56
290
6450
17
12647
1687
334
1
482
119
1
652
363
3819
24
2402
11802
318
284
171
3472
3596
30
526
113
141
81
24
51027
11
385
340
525
175
2761
273
3
4
245
76
32
18
162
8
78
111
1
73
20495
11
24
181
333
22
286
316
11
76
109
139
385
1366
36
85
98
328
216
52
2117
4871
1663
304
1337
305
11
7468
119
106
701
8846
261
724
53
32
13
218
17
42
36
181
118
2535
5
91
263
342
126
17
166
285
77
118
154
220
646
43
294
581
13433
86
123
400
27
6
1
90
54
15
53
59
26
440
8
438
129
50
44
266
42
1
39
1050
7
127
55
69
21
31
78
711
743
103
78
8
2408
896
4
2443
1
804
98
409
204
897
1891
100
80
1668
1
10
245
1704
7
1211
8185
15
2834
15
361
23
5819
114
93
50
344
729
927
8610
7
427
279
9
294
42
101
63
164
83
9
173
256
98
177
2399
3030
116
1691
52
108
180
137
514
320
625
25
1272
628
45
8
526
9
511
112
230
1154
352
46
1144
41
1976
5297
742
1
190
700
6
23
69
94
136
455
704
242
304
169
999
857
37
161
334
181
14894
543
8
2989
56
621
39
24410
312
30
2287
464
19
685
30
132
25
16
73
1271
1870
800
105
2352
2618
10
11005
4608
38
16
11
13
52
13
2
38
296
53
12
6439
123
1
736
11977
143
76741
8998
110373
88300
953
26189
1
67
117150
91
352
46926
248
33384
28786
16138
108160
81
97931
11805
6026
34194
148697
157335
36355
25005
87777
1242
235992
195
45238
778
146511
243
11933
549
1765
18
21882
3520
26758
76448
54902
12580
296270
4799
312
39751
2652
87556
112494
808
97147
89890
40582
64
81497
55
3952
19821
9768
2118
1138
49654
210
71303
2350
21033
21556
53505
42657
23361
81924
109
25687
58425
104
625
49323
115532
422
36
159
203
96263
3798
117829
19
11020
80546
43457
37505
13585
3664
1536
19182
705
101100
24941
3161
44287
70464
14568
38637
36
17428
64
26
197
134
781
805
7179
1586
184
106
244
620
397
10
1763
177
6
26
641
192
292
20
640
527
21
70
8
1140
32
60
13
117
7
381
17
1922
56
486
8672
18
22
903
1
2408
5570
1042
19
61
2308
534
324
27
2138
152
1436
3286
195
140
1424
62
100
28
378
391
925
18229
25110
1273
3305
114
732
190
33
2478
444
5609
529
31
58
1376
300
10665
753
25
344
3
676
1046
284
9184
4147
122
1115
33
48
5
1
238
13
930
208
23
4176
581
89
358
123
2
519
484
64
49
7
384
676
33994
126
574
541
115
1
313
7951
10742
15
1
2300
666
2164
2321
7
22
533
71
22
284
1759
2103
92
11925
5917
1203
55205
217
59
88866
853
222
174
120
860
1
3
67
16
99
388
549
1
49212
763
799
5
504
28
17
396
663
747
39
15
102
135
13
741
1279
57
75
1241
10
568
375
1464
700
175
1938
84
182
128
22
39
219
5
3367
46
19
7
120
1225
16
11
199
109
21
27
382
2177
404
332
905
33
1061
20
31
281
7
56
3559
38
3669
338
1144
38
16
5640
232
10
10028
1107
1004
377
220
53
6
7
335
7
249
219
1942
81
48
58
3908
43
17
172
173
504
133
70
781
18
290
8
25
1502
46
6
12
14
5802
246
408
2368
79
129
6
1543
1894
3258
748
110
60
21
178
24
1
776
221
2004
18
846
305
55
97
160
781
52
51
323
36
137
23
955
11941
2828
150
6561
326
66
187
155
111
1560
913
48
488
8
32
3
3238
10820
119
2777
4737
168
774
2504
833
13
3
843
8
68
329
490
9
323
645
5
362
1406
183
474
395
4
2211
404
1909
315
4
1713
10462
521
2557
11446
1217
344
1595
53
23
684
106
93
70
5
421
49
290
834
116
267
19
11
40
62
1232
25
94
3
73
127
688
7833
479
497
481
1335
53
24
68
6
1
7
106
13
40
159
1881
479
20
3963
116
11483
98
551
376
554
841
29
338
160
25
141
1000
55
85
97
451
8
49
86
344
216
361
78
65
365
18
76
815
376
75
1195
457
16
50
122
29
76
77
40
20
199
3
96
14
983
2631
26
8
809
3873
58
11
927
272
153
1093
632
8076
8
731
4164
171
753
32
233
40
249
85
15
78
4
7
49
3
33
143
1187
1202
1634
66
100
7
48
2
244
243
645
4203
2
482
275
8
579
92
1070
38
471
27
50
193
614
144
473
45
173
23
584
638
6
459
128
240
3
63
1
4
136
2228
64
527
21
129
94
445
18
44
120
129
6
281
239
1287
4084
263
11
137
170
66
179
60
1521
58
100
10
744
105
56
18
14677
528
229
61
322
337
84
39
998
35
30
10
63
16
34
1504
41
7
55
279
93
1292
27
4
58
185
2
1357
4109
66
5903
1
551
753
5
41
4
1445
685
455
16
2636
4511
1870
104
522
152
47
559
403
1013
13
16
183
52
145
39
52
41
265
177
965
401
1405
180
1045
181
63
6
11924
343
2059
1221
1
3739
391
13
62
97
615
69
46
436
6399
117
2110
3
17
26
11301
2628
58
8
16
20
34
302
48
28
8
11
217
299
1
59
1
1411
1
231
123
22
55
4
2917
79
1589
195
289
53
69
3
27
129
307
71
43
722
61
498
729
10
17
13
1752
330
41
163
16106
220
150
486
4
982
38
5
846
1741
15
113
1225
23
638
40
366
5
11
33
160
915
43
408
3
511
918
512
5290
1
314
4
30
3
38
1533
151
170
69
14
2
103
1602
853
47
221
54
19861
53
53
47
770
97
53
120
1
103
285
304
3766
728
100
2680
7
15
21
24
907
9
337
318
3
36
38
13
1
149
1
103
105
1074
12
62
667
4259
318
868
536
2
1015
19
747
481
266
5
471
11
1436
2594
2338
472
160
1952
161
61
41
1710
4
70
59
346
5
2156
76
518
48
289
70
2972
15
7
111
121
78
64
1123
2
363
1
4713
39
263
2
398
4976
2331
3591
60
136
171
7989
14
324
315
1
225
9
10
1
10780
93
38
167
96
183
11
68
33
1977
41
25
638
3659
1466
11
308
6142
122
4
21
124
791
155
893
21
3238
505
692
213
3
370
751
265
333
282
173
35
1611
386
18
364
131
409
2
552
9
217
154
105
731
424
352
3643
820
2
3403
888
8
3
170
923
323
7428
309
3445
280
266
29
18
187
6
141
4909
47
329
626
524
362
880
343
211
3778
95
970
19
1
282
99
56
20
52
13
9
40
88
167
126
63
421
75
1791
8403
152
341
55
292
140
3
166
278
2735
704
963
43
230
95
23
16
115
254
198
34
30
290
6
41
7
21
12
373
200
2
129
240
6
15
6
68
9876
127
1
314
2703
187
49
83
525
357
1
539
94
182
763
727
319
22
691
114
25
2032
65
201
592
332
86
5645
42
718
118
5
426
398
1058
2920
2660
1094
203
2656
7
175
12
252
78
8223
437
11
213
113
27
1163
939
887
5
730
1
33
72
52
28
185
43
151
181
28
1954
4041
59
126
272
356
54
149
403
47
26
62
4065
43
819
6
1310
4
162
1874
4529
11
102
29
26
151
252
394
69
235
1480
37
13
9
817
1310
899
1578
353
24
12
127
9077
231
1958
192
52
105
21
24
24
981
4230
8
7
565
60
193
8
1189
29
7
175
63
9
7451
96
370
1507
525
5
143
1934
102
299
136
456
143
121
59
1
1
12
205
250
70
66
9
1084
237
696
738
19693
36
41
2068
212
21
714
49
8
10649
477
1014
141
155
1
619
25
274
1891
118
66
88
1652
334
5110
615
43
294
319
4653
1068
10
16
259
2268
231
14
24
1
24
353
980
66
41
280
111
168
2489
258
57
59
55
130
978
55
57
399
331
6
11
264
33
182
719
1051
299
130
30
257
48
108
1052
460
97
48961
435
652
98
890
2305
1
272
381
809
392
659
9267
162
93
218
317
15
778
40
660
135
1
680
39
905
14
220
1851
174
33
1621
53
64
973
91
54
10
19
1
388
162
489
7
513
2551
656
417
6657
586
116
355
423
851
114
32
356
2
50
392
177
32
616
121
71
197
73
259
7
386
84
173
275
1383
584
178
691
330
262
718
3883
152
2
89
1
52
652
34
261
1
47
500
8
41
26
52
37
747
505
240
7151
16655
92
1035
1989
395
582
104
1068
31
90
182
7
211
11
189
34
499
360
16
94
36
685
2740
625
33
70
1
522
7
244
30
365
2511
2582
2666
637
2596
56
9
627
10675
2894
50
589
51
31
64
65
1506
378
1970
38
336
9
27
882
12
2
44
177
52
502
346
75
476
411
26
367
714
1045
10
1805
24
95
12
83
99
202
36
394
56
380
137
113
57
909
3821
202
81
533
218
6228
25
13
243
42
47
47
6407
2249
228
14
23
193
1273
613
44
271
517
356
2
76
432
920
57
31
193
236
47
887
645
46
269
6
4544
4680
67
4274
3
154
492
2427
305
6
87
35
93
8
397
500
9
1450
1180
36
3
27
332
27
4
27
144
10
81
532
1087
25
1
856
222
172
1281
148
194
1
506
123
4966
543
6318
1
158
2307
112
494
353
39
58
1
1383
442
56
259
252
148
673
121
47
21
23
3132
41
53
5
120
747
117
997
21
348
103
34
7095
10
462
702
229
55
58
55320
305
581
203
51
645
416
221
52
57
7
159
312
136
23
1105
15
192
387
1640
230
49
9153
1
3357
482
132
1
2433
2486
66
14
23
939
985
4493
962
448
2474
102
83
137
3010
100
54
834
57
536
4295
64
7
305
83
378
353
19
3
38
324
3238
812
1
466
1874
446
33
457
349
1
13
1
2
4759
1503
7072
4
321
48
143
550
137
117
1
36
52
297
73
87
3
3229
8
72
613
2
1761
485
222
21
197
90
102
73
68
291
163
65
99
505
20
87
251
5560
310
1449
17
6
14
20
133
1
50
1080
351
1114
60
300
356
34
25
60
136
974
34
254
177
298
5
26
6
419
45
31
101
876
3482
58
78
122
9
8
502
557
73
206
8
362
2227
275
653
1341
593
409
3702
290
846
1523
48
100
141
672
336
1598
8
1420
184
557
5
46
13
332
70
41
1487
443
74
64
642
424
9
1708
671
11
351
2646
270
92
57
50
889
1289
7465
257
641
1283
90
73
1037
2124
42
15
1708
488
171
394
145
17
164
2226
116
134
369
461
486
505
1796
1114
3419
72
3281
71
37
312
228
179
3
360
78
42
20
25
242
133
328
4671
42
47
1034
2175
5755
1575
418
1726
89
3
350
197
2012
148
44
7798
6
2211
336
252
524
141
371
5
14824
11
10
477
32
474
295
70
59
61
928
486
882
191
211
29
33
16
9
1
128
45
6
3
34
93
516
237
107
61
200
13
1026
1124
10353
37
40
34
826
2
5
108
13046
1
110
50
59
106
62208
166
1614
12
6365
1908
164
901
31
592
8
59
13
228
69
33
2
830
32
2084
3779
2
721
4
109
10
10
4115
216
623
92
1068
937
4296
13
1141
212
17
86
16
145
194
628
21
1664
87
397
3
40
358
22
685
74
5561
8485
14
58
2
732
106
245
24
150
542
29
680
1947
291
16
460
1063
437
1
114
354
6
1463
45
495
155
836
207
827
40
536
51
8
2662
9
49
674
24
101
343
107
199
9
16
141
5826
355
44
56
195
2
306
168
141
3068
282
135
620
92
50
274
156
24
8
5
637
8
1
1283
74
632
1
326
3
28
69
27
1448
591
1
1195
100
19
13
17
27
268
127
43
323
1
15
1628
1190
5
38
363
19
44
64
430
105
39
23
194
634
7559
48
32
45
2580
283
74
167
59
14
43
8
17
76
888
19
20
1033
3
6741
1136
535
36
984
26
1458
177
277
1650
513
815
6
29
89
11
2292
36
375
8
77
1017
4
13
595
61
239
447
1904
36
101
3324
2105
218
788
1181
37
22
162
32
4949
339
15
37
82
130
138
13
117
582
7
29
36
120
2242
186
112
1910
1526
1674
37
119
55
39
281
32
11
265
906
329
3964
26
47
51
57
6
154
3673
620
1
64
161
638
437
3795
40
28
1933
1003
179
12
186
97
705
1158
207
339
10313
4135
653
102
16641
222
967
140
87
415
591
907
29
77
102
44
1
496
610
2600
242
1065
35
8
22
5476
1
635
147
754
114
190
73
2004
2
2
56
2782
15
8
320
35
134
342
17
185
45
747
55
2178
8
28
3965
5
58
11
53
1039
111
198
803
234
214
4
531
508
79
2875
852
386
382
43
1300
286
2200
6022
2
61
512
4
1904
1
16
25
50
284
19
1727
215
210
484
116
91
2
34
66
12
1243
47
56
41
71
142
447
748
9
45
163
2998
2597
5
849
123
439
24982
116
1663
1481
14
384
1
950
724
62
368
71
5
166
24
1
159
105
2294
56
87
2201
960
27
34
2981
3
794
9662
11
1
3452
1081
242
228
107
8
3974
386
48
111
321
43
553
54
1135
39
249
218
64
3668
3176
1134
87
21
253
7
234
860
682
885
3
318
20
107
106
63
31
9
271
515
675
347
42
116
23
93
85
106
5
706
106
1491
204
4132
2171
2086
215
116
1385
330
12
100
61
18
1629
210
91
310
32
1187
19
2341
39
65
1585
51
4
314
138
218
80
1287
932
2
16
1578
126
17
1
351
31
207
2
138
18
4
477
169
1
219
86
484
10
5
31
478
5
3113
6565
583
2
65
1245
119
891
244
211
129
294
1155
17
300
344
3582
264
11409
2590
731
983
87
14
123
414
70
26531
237
4
5
1
1259
267
191
557
728
104
96
11
216
13924
1229
1036
249
448
48
797
9
63
222
416
134
39
155
50
31
1400
2764
192
890
5
568
8
245
13
117
50
14
127
99
87
554
1330
80
147
61
2003
10
333
160
2494
194
1158
163
40
50
2
143
6
74
630
69
1029
5489
310
120
68
256
4935
52
6
4572
351
145
375
24
20
65
9
2
9
252
35
44
106
142
55
4
479
8
218
210
1382
249
87
35729
34
36
28
208
390
291
596
10263
284
219
54
259
198
349
288
377
944
210
32
3527
369
2690
284
1
9
845
267
11
115
321
199
473
2764
1142
215
461
40
98
1630
4
13
77
2999
3700
533
343
892
73
11
147
21
252
28
353
940
10
252
185
220
25
9
11
8577
960
1
26
112
45
399
173
1528
17
417
75
29
2312
224
330
46
90
1
1
228
13
3
183
66
2889
543
6041
17
35
72
450
132
2450
1382
93
95
45
18829
1602
2699
187
119
10
60
23
620
11
7
500
5
740
6807
269
77
5
1
622
126
1269
536
57
5538
19
28
498
91
227
185
2343
180
30
49
60
35
1
1891
13
5
4153
323
19
9
20
628
271
79
1851
171
682
116
3061
8736
68
3240
2632
646
442
510
25
45
1691
373
42
140
62
132
3348
1610
583
257
48
4
246
188
193
69
285
629
70
7
7
130
677
308
1
14
22
100
77
2
277
346
116
12
12
67
59
129
1654
193
70
130
320
422
3846
553
364
748
16
12
1963
66
561
29
121
4
914
799
3415
168
7189
130
1377
47
1252
590
16
6
1298
638
121
694
119
1
266
345
947
469
908
4114
446
330
46
335
176
1
268
1561
4
552
87
1
1129
565
142
74
134
15
1555
25
11
604
13
123
27
189
151
38
391
95
708
22
94
133
29
1943
83
985
2006
17109
135
507
4
86
1374
505
1248
25
2
1445
285
1481
1
48
695
83
17
146
261
2
136
61
654
545
7
96
13
81
607
11
69
529
78
13
18
4186
21
26
823
628
725
111
228
156
400
5
102
4
19
6
8
15
81
182
1
260
60
16
497
6
1
1565
101
430
39
4203
7
795
7
391
11
1349
91
17
366
35
1
1
9
29
282
1040
1
2
2164
1364
183
218
145
23
45
12
117
25
584
4061
122
1656
2453
18
80
4430
235
235
1186
94
25
121
19
130
481
17
17
1033
48
20
100
6
1
14
93
44
189
4248
1
55
14
1
1
397
205
99
5522
1
320
1
6344
25
414
235
2898
12
1242
15
465
358
29
2
1
29
2315
68
279
120
19088
22
31
274
188
1120
2384
1145
794
1710
406
8
232
301
42
25
69
62
3026
17
336
1
17
7
27
50
26
1093
4
17
415
371
207
1020
1291
1034
34
55
370
337
102
179
36
92
768
1037
100
186
631
28
286
9
56
82
1872
683
928
517
3915
159
932
52
29
84
15
1
470
6
16
102
2344
318
27
1344
32
157
361
655
3801
31
9356
5
1251
531
56
39
193
2
69
9
6
830
56
349
58
550
152
789
128
4
13
23
23
46
7030
1
33
171
14
10
682
59
106
194
102
228
159
4878
48
253
192
122
57
149
292
23
21
27
490
176
101
3643
75
122
9
1092
947
564
41
9052
930
564
66
32
288
51
1572
2876
8
363
903
22
3
11
635
917
1854
1956
250
32
8623
11
134
1499
156
2011
1904
209
15
66
890
967
8
306
4069
2313
169
184
177
7
254
237
768
26
1265
501
81
190
61
165
715
2559
830
241
19
47
69
15
18
614
171
68
26
3103
21
23
1
15
280
195
135
1727
563
11509
1170
361
20
308
110
18741
80
209
7
80
473
32
2
11
52
199
34
25
1781
28
1937
15
262
168
134
369
388
1094
29
38
83
32
296
264
1703
1
653
517
10
209
1959
279
484
57
418
75
253
19
29
224
715
20062
2
801
3809
1503
604
215
10566
5017
652
13
50
53
915
8899
595
1688
15
5422
1716
52
10
405
160
2055
1750
459
2
1196
22
67
22
340
155
15
2134
10
104
18
59
1051
807
1839
33
415
130
188
979
197
166
2176
76
723
622
5
29
287
262
637
388
140
950
42
6544
91
20
65
64
1776
768
25
566
2
96
143
7
281
574
43
790
5047
137
531
1469
19701
297
2193
25
103
147
106
249
2
3952
88
11
2
6141
7926
5
35
230
681
5452
1572
1509
43
545
1064
251
11
175
43
284
75
790
110
43
105
43
132
2100
1061
90
60
332
380
172
31
13
193
489
1
87
259
52
367
3
822
9
1
430
46
33
151
103
34
118
765
713
156
29
17
414
645
503
392
13
250
21287
4
559
6
93
47
60268
2350
96
169
409
424
438
42
7983
207
139
524
32
7
8
207
1656
154
4
517
48
97
3
207
40
45
2369
220
161
1066
314
58
90
38
1690
2
561
3
73
154
120
823
4
10
300
301
26
55
12
4
511
61
1
53
8
2303
578
276
497
17
33
503
88
70
823
321
1170
751
76
56
11200
45
1
32
381
680
1
43
184
74
235
87
179
3270
2208
54
19
2955
1641
45
5
1059
8
71
56
99
22
3186
59826
103077
5679
19217
7
96
616
251
43
141677
63899
8047
3779
18412
474
62354
113
479
1720
246
3
339
1101
2882
10
696
153
66
312
1023
465
851
75
146
595
292
6751
13
1963
58
781
840
105
154
51
42
36
515
13
4876
1204
73
163
379
303
4
44
31
4963
197
210
830
41
8
36
810
28
372
21
1108
303
46
9
369
180
6686
72
53
16
286
249
34
259
2193
535
62
39
192
2212
1
471
8
86
89
93
160
13
9
632
1363
104
585
339
482
2883
2195
4251
164
3
13
74
1289
63
403
7
99
1560
36
100
9
29022
79
168
625
28
3624
48818
130
418
177
2495
1468
97
76
225
1548
23
46
128
380
6
2
13
861
20
121808
28
40
352
126
17078
565
67
692
852
53
26
13
357
278
428
163
1991
2246
514
129
1265
10
1784
50
82
150
214
3
734
317
203
1614
1456
230
7
179
28
12
25
539
313
194
213
405
43
12
504
113
6
5
187
521
114
12903
8
126
207
207
159
627
2099
194
125
228
318
178
299
175
237
158
34
153
2216
1
4
51
6
2
254
6302
128
33
866
430
38
106
77
140
691
53
242
71
1
37
6069
93
7
611
320
176
443
280
2931
2530
251
191
1
833
1405
993
385
22
696
33
29
98
68
104
10
1098
4408
504
58
612
239
12
2317
147
40
15232
19
42
3940
2608
1922
686
170
507
497
1119
485
72
26
8
309
25
193
159
1368
40
226
54
310
17
10
27
19
32
1110
31
86
1467
2087
98
90
473
8
968
3269
550
7
110
639
4095
142
1034
937
301
117
359
249
89
96
24
1
1131
65
30
3429
163
48
7
781
272
423
48
115
2408
225
30
36
77
8
2854
154
2036
1868
12
23
360
1604
139
468
8
144
1495
49
18
94
241
143
56
483
18
632
7
2839
9
1009
26
48
40
286
464
3484
330
266
63
5411
35843
387
803
2
118
51
617
17
13
1447
10
9
25
88
1072
9
3419
5
1
430
3868
141
300
121
154
7
371
9
372
90
2405
35
27
343
66
39
82
42
208
179
159
180
1294
13
232
5
14
772
217
753
85
93
94
560
6773
149
733
281
437
5
45
1961
106
11
5
1233
10
14
7029
746
228
96
98
176
61
4442
1034
2894
162
325
29346
20
32703
1893
141
556
141
267
240
636
27
911
12737
3048
1
14
724
33
282
1453
10
319
62
13
850
30
45
29
4462
46
99
408
12
2012
311
157
3038
17
54
622
2794
1930
1657
627
1600
9
55
165
135
112
6
140
16
1372
207
101
260
558
235
196
1167
334
97
19
30
1
130
255
624
244
47
17
4
1072
5762
4
85
16
28
8
102
4365
10
48
36
792
136
1
448
82951
530
7
240
38
647
5
739
1
36
193
51
795
34
18
1194
39
342
182
64
13
1774
31
5609
2511
259
664
16002
453
50
43
63
119
28
1159
380
24
27
26
375
3
76
2949
410
43
10
744
1743
139
78
61
29
770
3578
53
97
410
448
23
17
68
20
7668
1
28
12
130
4297
748
50
447
306
327
5
110
75
68
7
5
590
19
340
164
1
415
15
1423
61
168
4920
47
37
1469
652
22
61
1173
70
153
1821
530
1
173
8
692
48
272
3
284
5
1815
64
449
3
747
118
2642
523
29359
16
99
15
580
16
22
657
1847
126
6
110
28
38
514
107
466
77
656
163
50
104
2
221
797
109
257
1090
4
513
180
3370
128
2006
3
26
30
2281
8
11007
9
22
10370
6238
1006
1741
2527
6194
5
388
46456
47
1702
44
34
21486
48
9948
1
1563
776
176
1616
29
54
2
96
86
462
740
360
92
101
422
68
11
645
402
79
1474
157
70
14
614
49
207
448
662
10924
49
1377
24
12
384
470
1
39
684
45
545
80
8612
27
1265
5
346
1007
1694
53
89
25
58
368
75
654
2789
123
1
12
45
465
15
39
57
947
471
8
37
513
9172
2426
459
51
80
15
18
7
8357
58163
56
196
405
83
239
55
265
3406
172
8
117
9935
46
2
9
26
1607
486
2027
23
446
566
113
1498
104
7
1441
225
1338
14682
4
311
120
144
94
14
212
142
699
48
6
4904
975
9658
181
10473
22838
252
60
4434
39
32
1557
63
106
19
6667
97
1157
70
81
28431
63
1
18
478
470
31
112
2645
509
484
42
29
1532
180
383
3148
24
321
6409
6
333
1
5939
14
2635
3410
1837
225
79
6
5
40
518
136
445
5
55
1486
14
424
1408
103
81
10
4882
17
5
11177
134
347
6
2
3
1
64
34479
756
59
74
1175
338
84
116
242
65
2
134
33
13
865
1
114
331
25
154
36
514
911
68
57
68
947
531
56
10
3713
1387
42
53
405
82
26
15
374
7
4
49
1
777
620
872
1564
1213
385
1534
354
26294
73
488
1828
108
194
3524
34
23
167
27
52
92
96
975
751
55
279
16
3883
225
41
45
23
75
63
4
2657
118
62
84
33
447
7178
967
33
14
47
573
3
854
66
3
232
3
467
14
2780
6
547
386
606
394
387
3385
44
97
61
93
203
65
1268
583
337
11190
9
545
1352
30
506
1
121
29
58
614
93
48
29
614
228
173
43
10
162
3
142
1182
4761
248
407
6840
12
2947
65
389
42
97
269
66
94
126
15
489
369
2579
19
623
265
2
52
8
121
22
20
295
764
328
52
522
316
15
5463
100
31
271
238
488
460
443
290
23
72
44
450
700
8
7
36
1
376
125
17
456
1631
73
101
833
507
1
22
4
64
6
324
30
1
16
294
468
3175
24
33
45
404
316
837
331
531
71
94
1975
88
965
40
7427
98
304
18
214
29
1545
35
1231
3366
792
6836
1654
1
1379
96
25
163
71
1217
715
1115
92
68
207
404
1546
26834
445
9112
4168
3
590
60
868
974
43
1164
2
1580
9691
345
233
180
10
23
8
3425
13
145
605
330
371
48
3
43
378
30
44
3743
66
39
125
6430
1946
42
743
194
113
55
249
1159
202
598
1042
1
98
711
177
61
51
2643
332
339
3
7
17
79
42
359
277
306
641
279
7
23
18
823
396
1653
5148
267
1636
72
172
43
5797
24
88
229
7581
704
28
56
123
2740
16
1599
70
13482
304
496
5235
15
1375
518
236
67
1971
1
54
79
299
10619
1716
21
616
675
3568
289
541
85
9710
11567
308
362
314
55
277
51
342
1790
16
4788
194
270
4
1097
3035
32
54
7
3801
17
115
113
311
1249
860
55
347
141
142
16037
58
46
269
91
29
157
20
26018
269
41
160
21
12431
395
319
84
6
21957
156
539
140
415
91
46
257
869
1062
50
2285
54
31
367
366
228
736
865
96
24
8
386
222
1572
51019
200
298
748
156
35
142
113
131
6117
9
84050
42
7
21
464
1773
81
2080
372
110
33
30
41
160
3135
620
3552
4119
69
128
437
1
30
119
284
11
194
498
4
348
3419
1
187
34
362
477
21
24
794
1423
365
9
39
98
46
81
1734
1076
25
2
58
1089
194
6137
7875
73
277
62
505
46
8623
69
682
28
365
112
33
776
530
3592
118
127
301
91
3739
15689
15
1
47
39
57
4813
1980
24
1
10347
21
39
57
125
24
11
258
51
1667
49
176
38
1854
2523
2017
45
530
30
6
17
89
16
91
10149
758
3027
214
4
55
901
157
68
1698
115
91
5
840
13
60
31
425
26
122
324
81
787
57
290
270
16
2308
284
30
59
1774
1257
137
247
214
132
11
57
673
16
301
24
38
103177
35
110
10
213
3
1475
43
20509
548
23
477
1273
96
144
40
4
1
7
303
5
756
3438
138
455
28
50
197
3
180
24
2059
11
593
1703
2474
1
1882
1321
698
259
132
1
1320
175
20
90
205
165
136
191
10313
1115
7
9
1461
24
100
260
73
3258
36
1574
168
4
7
18
3
29
15
1403
39
151
66
119
6
21
4087
437
1058
14
16
3722
63
155
58
208
113
454
483
415
1045
1433
166
595
12
976
154
235
33
62
402
425
50
4364
17
86
2395
77
208
13
4895
778
118
222
185
49
6514
32
2785
221
33
762
17
51
1250
558
68
132
24
746
51
59
1408
61
12
59
20
2802
434
2
5889
2
79
7194
37
291
26
110
1209
32
265
113
8441
30
3
9
130
111
1198
616
64
56
5870
294
410
109
29
33
205
10
1199
154
198
332
16
485
9
43
266
497
8
2815
6765
52
568
11
42
845
203
1579
270
5
61
341
66
46
6
73
3535
132
62
1617
707
82
451
333
55
39
245
375
8507
61
23262
256
151
72
464
9
55
130
738
52
10
5
765
36
1759
2700
141
901
7
1446
185
764
21
47
145
1188
4007
245
199
330
2677
489
664
2603
403
1414
117
832
7
20
907
27
448
643
101
456
6085
114
4
330
65
1327
1293
89
64
43
9
1
58
134
108
96
692
9
226
334
1677
415
436
48
5629
118
3348
326
3611
323
893
911
7
105
1572
462
43
41
82
1384
945
16
111
293
10
66
13
19
50
1641
116
258
162
523
181
19
639
227
2152
1843
151
91
5
5
87458
1349
87
2480
2424
50
920
169
1
56
3038
1
1003
74
2884
844
13
105
106
5
460
440
419
302
21
7
103
146
27
42
6934
66
1028
416
178
567
2268
515
49
17
1843
687
58
1299
660
618
425
1489
999
1469
1398
101
612
494
200
47
519
797
1927
105
13
57
39
7
79
2
2
94
13
363
205
199
9194
211
18
1204
18
759
1
133
350
125
507
2412
14
394
241
912
28
3
289
80
1
187
3215
274
206
110
1
304
118
8371
21186
226
141
4
472
166
7837
711
344
3228
38
64
75
172
694
2251
6
83
1160
936
570
6
848
228
201
2
61
44
1325
1385
501
1398
323
471
1
3
172
20
94
3
15
1270
492
127
18
1668
172
21
694
26
67
226
369
63
5257
299
48
602
780
96
3109
1
8
3268
539
103
10
807
3361
9
5049
338
139
20
954
354
263
34
403
654
1
17
21
345
841
78
64
30
84
442
18
170
144
150
364
285
5
400
52
103
82
2333
324
57
275
11
25
215
12
149
41
279
1081
5
214
3
42
53
63
3619
60
153
747
1
101
256
121
835
6
61
220
156
563
1
24
1161
69
73
164
20
167
7
2206
163
193
146
13
2396
90
682
305
170
8576
75
127
107
877
1376
51
207
142
231
66
190
6
79
1370
4
60
9
625
178
70
659
40
451
514
139
27
444
328
1313
433
749
1119
44
4
30
14
5
243
101
37
44
473
31
1402
310
135
1657
639
13
57
2764
99
9181
27
938
139
440
42
6683
757
1934
9
1109
8
4059
339
21
20
6029
3
411
843
358
381
92
497
31
13
337
520
172
826
40
143
138
2
293
165
691
5
92
3624
644
742
5006
303
197
529
160
157
284
1368
27
62
460
105
224
261
359
1
129
6403
181
142
334
1264
11
16
28
44
64
446
139
60
2557
294
614
16
1
38
321
7
781
52
1
91
913
432
8
74
475
624
172
482
378
8
20
28
527
1851
788
636
2400
502
44
45
6963
12
135
36
393
6
6375
9268
12
679
1679
8
61
3
84
231
62
20
363
39
202
33
144
5
324
3
1
88
44
231
18
56
12
19
370
674
100
891
13526
506
1038
51
294
153
624
15
152
60
5593
5614
59
661
454
69
232
262
284
110
117
5
151
2
347
751
336
110
759
7
105
274
83
365
1196
7201
2006
52
833
695
42
28
431
58
11
45
5
153
1
35126
209
8
84
80
25
38097
371
82
973
789
211
572
647
1
864
65
566
3
285
462
5
47
78
157
887
1081
6
22
1
175
412
12651
105
1018
247
5
168
130
45
144
15
32
4596
8225
57
200
239
330
78
70
199
4
24
261
33
501
4
507
233
927
91
335
550
22
982
376
680
1049
95
2207
2125
140
883
61
27
125
381
7
274
42
239
824
6
4467
554
10
120
259
2
13
106
1366
825
3424
147
1
185
1257
6
54
1312
83
1513
2
18
150
61
238
2142
271
88
293
3271
141
1212
44
337
974
325
23
506
145
3646
42
43
702
982
371
6
7
17
21
30
26
166
4
7325
77
21
580
26928
164
13280
22331
5141
386
9303
502
51
8000
33616
42
5185
153
17534
17
528
3747
74576
3189
14168
47
8672
5216
2927
22236
33110
5649
75
8091
20
1412
21405
5085
210
225
5825
4583
241
1977
953
7985
13299
24460
38342
313549
1451
58179
71
93285
37747
6438
76811
6719
8442
11
13211
8189
12
24
91
83
402
8
534
28
10
69
72
269
22664
113
25
57
49
742
934
91
53
156
397
161
369
425
313
3
554
80
418
4
4630
243
10
6
86
1822
6
28
334
25
3285
1759
643
172
3749
30
56
253
91
1010
55
742
178
67
395
2932
1646
1198
135
57
271
1796
536
1328
106
730
598
579
186
35
40
70
2671
216
5056
160
8724
1049
106
256
50
283
873
3273
68
149
21
15
2466
271
12944
550
333
131
226
199
385
4042
1021
22
164
742
8
400
5273
452
1753
385
291
70
4
8
69
286
68
37
148
47
331
35
340
70
212
3
391
4
35
110
15
77
63
11
29
1126
1
1627
60
124
480
250
25
91
2667
117
20
8
131
231
654
9
150
1266
1438
173
19
27
8
235
421
24
308
3920
3
44
482
6
1216
1548
42
3171
399
25
8
664
199
1068
19
14
1333
48
22
1492
1
769
261
2523
53
390
237
1
259
33
478
75
34
7
9
246
157
4
85
5
1277
335
6
6
494
60
24
2430
137
530
395
979
633
19
2
1
1458
4
91
154
1
30
4804
2793
778
26
195
657
46
50
3
167
1407
1273
580
21
8
2
72
96
1510
44
11
33
595
1167
56
694
10026
5330
161
1297
9
1141
308
225
112
393
295
45
639
130
1175
454
5
11
453
186
217
18176
105
54
520
628
1239
1198
846
143
8
20321
774
283
751
18
32942
2626
991
7
130
928
30
3004
136
213
764
1217
11
430
42
68
638
803
192
37
100
476
298
6
516
177
23
35
205
257
2405
174
285
1279
1147
6
2380
188
123
174
1627
88
9906
847
86
1420
193
27884
139
359
3877
692
21
1819
220
49
108
1
58
583
47
1286
525
2782
2079
12
1
181
57
4
53
785
6
255
56870
332
11
154
24889
348
243
518
344
9
488
30
76
1275
3
508
2772
409
81
264
2230
726
255
12
134
376
1103
165
24
22
1373
14
57
40
4
28
663
9
709
260
55
1
3
1558
176
3998
12
7
27
1235
40
49
256
11
3
307
310
76
690
91
3787
64
1198
114
1562
2546
1592
49
27
7641
173
455
29
4
163
310
572
30973
2
20
105
2179
369
15
31065
9
118
278
30
44
11
166
153
529
211
674
894
44
33
7
2455
3161
3146
60
20
129
282
102
328
28
198
2244
51
1
56
867
269
124
1294
2045
1
47
22
529
707
424
168
38
274
759
1018
13
365
300
189
121
688
14
99
21
1832
347
18
2
486
165
7
46
4163
569
106
227
181
151
30
15
22
56
282
1
1358
4128
426
4
261
3436
3
31
1014
85
130
130
7
17
46
436
174
24
201
21
3
594
57
117
326
38
63
222
119
48
463
389
4
561
12
525
25
50
166
25
134
82
2
346
26
107
153
1668
540
35
10
180
162
52
49
96
29
75
36
177
242
157
425
8
4011
85
105
82
889
275
755
16
437
131
523
1277
29
980
1908
2795
36
1
158
32
29
113
6442
1639
17
14
134
3
149
8
29
7
449
22
532
349
15
73
6
9657
1
37
1
127
517
394
1
5
1790
697
3
380
5360
935
229
164
1458
361
3
5
293
125
740
363
29
401
190
641
164
366
439
201
5
786
147
3
74
40
917
6701
114
3288
1
22
2084
47
54
961
46
25
26
702
199
115
337
623
41
81
557
136
2316
5
45
80
98
77
4
1
848
831
56
125
33
25
20
75
121
39
5879
827
4
566
852
13
29
178
1
1777
12
64
161
1
18
158
4
61
3515
12
3971
642
108
235
1
11
9
1
4448
9
1
382
56
6
47
345
69
3
36
321
506
1482
57
145
6259
3747
23
1590
91
62
6373
518
2787
471
3509
76
231
2025
370
144
145
134
3
1812
6
77
697
21
53
422
482
68
11
90
2267
49
426
74
1
159
954
131
9
4
316
48
12
1156
13
50
1943
161
286
286
413
464
13
18
22
51
58
96
247
658
25
907
8
713
9
4681
47
311
49
24
1440
59
389
317
401
29
743
417
79
902
3438
467
4581
344
279
540
6
51
700
188
46
161
476
114
807
203
154
335
91
133
34
2406
28
4779
196
6
48
44
11
1144
418
11
14
13
53
3392
122
13
179
64
730
1028
6291
248
5546
198
152
104
5
250
89
20446
277
65
4115
133
5
1176
855
177
72
406
873
1
2758
24
932
149
15
59
29
153
30
96
278
796
366
182
768
197
465
140
7
2520
203
2624
1770
42
5
176
9
66
1765
6
14
203
389
518
13
16
14
668
64
434
305
25
3
405
176
93
516
325
67
3104
379
502
553
68
675
8874
9
42
14
235
35
445
3882
865
38
3
193
201
3
23
31
46
341
433
10
110
37
30
114
2009
1523
340
12348
48
14
67
29
1751
93
529
2825
85
16
40
76
7433
40
429
100
1544
2636
144
701
35
8029
105
9
171
568
110
3526
1330
144
42
26
788
3829
1130
199
73
5096
546
1141
75
260
287
24
36
62
3633
54
560
262
348
847
1010
39
65
11
49
2167
143
57
4274
546
173
78
132
66
45
595
981
3794
47
1
65
2
155
1026
21
287
55
15
239
792
11
6
319
81
49
257
1054
185
1
7
13
144
304
832
339
596
101
65
4453
939
35
4679
658
445
101
5466
868
114
2016
1796
200
131
178
9113
2
155
193
1327
6023
103
8
160
1
41
6
19
61
23
41
2425
40
1087
10
1977
1470
6
34
83
119
39
39
51
402
215
35
235
615
86
16
138
724
583
461
32
194
65
227
281
11
2164
400
813
972
318
1
32
2477
653
134
1862
140
12389
185
329
3
662
38
44
187
1707
619
156
2712
289
778
11
803
154
4426
7
333
22
9609
869
82
354
60
3256
2004
653
3077
469
605
2
22
267
27
3
1123
3641
24
269
956
15
8
48
53
27
39
203
56
2
387
112
916
280
138
408
17
575
83
192
4
1663
36
115
62
12
4
456
1556
2767
788
452
796
374
95
23
8
116
342
280
30
8
1
2564
51
87
109
277
60
56
2633
10
13195
1810
98
34874
502
833
10
112
5
16430
43
5
19
447
1669
103
4
81
126
4
8193
9135
1
28
3038
516
122
4941
62
1025
421
379
571
2310
1
1252
43
796
754
34
19
48
87
1365
42
58
37
205
87
1056
387
2319
11
868
50
35
64
20
45
638
106
24
208
407
44
78
20
6
205
176
162
304
1224
129
19
46
1479
20
10
17
48
2
6661
160
328
1673
41
845
587
160
82
356
464
368
9
93
423
97
175
166
71
70
1089
1
78
819
90
14
76
48
326
455
2
911
13
489
1066
591
14
416
606
3
1037
150
64
95
133
29
139
868
363
73
4100
2845
5
84
258
21
24
29
259
408
142
59
865
19
485
131
43
198
1013
4379
220
47
41
322
20
21
21
166
56400
140
337
2
546
4085
280
83
623
39
1592
2457
507
3
962
11
26
105
1052
672
244
322
1
2
173
1
438
411
16
15
24
153
132
36
24780
75
351
83
309
18
2999
361
6006
242
47
606
596
2259
7
149
125
15
91
4
86
7004
201
46
46
299
802
72
343
905
98
144
39
13
10
16
143
102
17
6853
63
120
3052
150
422
831
122
1445
397
152
127
19
296
246
64
2
11
1307
492
43
180
12
371
6
745
265
150
28
491
28
246
200
43
22
14891
91
7
17
97
27
34
1449
31
172
1
300
31
1831
264
3887
342
583
16
1014
12
45
561
1074
347
50
313
23
1592
924
3012
325
1546
1760
115
206
1
410
343
264
19
22
4
516
16
234
402
420
1043
226
64
15
702
87
874
1277
1
55
55
203
88
144
572
15
282
389
438
41
32
23
2763
480
141
135
345
56426
38
302
111
647
194
115
19
382
91
495
651
25
1563
115
29
22
12805
4185
54
229
1130
71
99
291
31
321
10
98
4
616
249
235
21
160
95
2158
81
90
1
227
54
45
2952
37
892
6
732
742
303
677
283
151
280
543
14
15
14
1
188
1
7
267
1
55
41
92
828
30
176
197
48
3340
526
18
158
33
6433
15
30
1063
715
279
65
1
323
5
2056
10453
17
2016
587
3823
499
1339
304
156
22
48
86
392
5
49
36
139
18
7
522
229
196
99
277
29
221
161
8
12
234
1589
1
5
1336
69
1407
35
87
729
116
4236
543
540
2482
3461
65
3
84
278
47
877
392
134
2
346
472
1575
402
275
60
827
598
1
174
297
2301
28
287
380
224
728
480
2
200
9
48
373
9
1
64
760
19
1815
14508
2
5988
57
185
34
798
12
203
253
442
42
2355
415
140
1055
507
244
7035
310
1525
74
150
314
39
553
144
89
16
375
1410
48
2933
76
404
316
57
3
85
33
98
12
2293
3
8267
504
5962
254
6972
10
1
660
130
26
579
547
256
23
2125
35
38
463
13
1
2424
552
199
77
11
32
935
363
20
43
12
114
537
1
36
3
442
133
17
379
1555
14
976
365
483
973
48
485
122
16
28
16
452
294
72
693
600
524
104
1162
8
20
99
511
1094
100
122
880
228
99
3693
512
1359
201
146
137
233
111
1285
13
132
1794
190
13159
43
26
1
56
47
6
86
2745
395
439
11
328
2213
257
429
22
136
380
65
651
168
23
200
51
266
1534
24
221
160
447
1421
740
358
1138
223
91
298
1343
105
2504
3247
126
3
4272
653
103
582
402
17
171
3180
96
2690
15
23
9
614
3400
336
68
28
2
145
6
6
12
830
1061
84
1211
34
819
3244
521
2
47
11
67
556
60
50
1062
3638
3778
1013
347
6838
297
1503
753
10
26
698
8
553
10
10
1375
120
114
2643
43
2
59
88
23
119
259
398
307
508
1
1
57
440
91
10
1873
12895
8
46
102
1239
35
1
302
146
36
399
30
601
65
26
5073
126
176
181
311
526
208
75
49
52
41
6
2715
259
298
80
23
93
1769
593
9
1380
13
6
491
217
59
17
8006
23
920
146
452
127
26
1394
64
124
358
210
15
1
201
63
591
12
228
14
5
861
12
15
154
59
376
26
1897
26
13
1
448
285
7
2070
29
51
28
43
1
770
88
2196
56
1445
104
384
525
3589
2
15
7
225
157
4244
871
2393
15
763
37
548
1758
162
35
5
581
135
424
25
77
129
91
59
538
653
18
108
1
313
731
40
1
1708
3793
344
130
700
1118
246
702
1
13
182
31
4
2355
7
83403
550
40
19
36579
1
1897
48
523
2567
12
70
988
46
479
45
107
17
402
46
8
13
339
9
4681
6
47
264
1023
1
2259
167
1554
9633
5590
5817
114
38
2594
1239
216
197
257
1628
22
113
146
85
154
653
372
72
646
4989
2047
914
967
85
74
1022
112
240
521
13
258
1145
31
51
13
197
218
15
1285
6287
1592
54
21
5
115
999
7
126
179
1056
3861
37
15
2
3
2995
854
2463
2371
561
14058
51
65
6189
6308
8706
332
27
1
16
1149
10
8
108
543
220
708
252
609
117
23
6
62
489
87
255
660
102
4
1
11
27
86
510
125
41
96
148
570
11
93
78
69
27
10
1219
81
4
26
2
19
3
811
594
3048
8670
1
296
8
499
209
207
2087
448
15
60
31
11
89
1042
56
17
326
74
32
23
1081
67
1211
3307
551
401
44
104
11
8113
970
2026
177
391
211
1
77
948
155
1558
236
400
228
190
25
519
168
40
2002
606
30
104
18
246
313
250
10
162
239
146
36
1956
5
51
1010
101
227
329
719
875
71
51
128
2571
145
156
6
20
55
67
938
145
566
28
15
218
338
111
26
342
1
138
2589
178
13
112
792
34
19
95
240
1891
1
845
73
26
22
33
67
7
409
2257
503
544
131
1
1540
16
217
436
10
46
80
11
2
103
112
414
40
69
1
28
45
277
15
8204
25
318
14
662
5942
11
374
3874
24
835
2008
42
51
20
37
2819
10
104
1
2141
59
218
11
717
416
962
3
118
59
910
126
2396
49
522
16
121
5
1858
53
67
3
1830
12
1775
504
3841
17
953
2924
314
3272
26
55
98
12
162
21
427
7
15
2448
1
12747
1
3468
269
768
10711
364
665
7622
179
42
73
4
11
159
85
11
436
4081
1155
163
1
53
4
53
112
23
592
399
21
646
276
184
92
1061
1
6050
1
25
174
36
32
54
3064
4
454
301
765
7
316
96
138
4
51
2166
20
211
55
632
122
22
303
302
1
82
48
74
386
137
446
1
4
1737
65
11
57
17
1
64
27
156
283
2996
685
1
524
26
690
8
353
10
174
2819
560
11514
70
656
172
48
42
356
830
2672
123
57
49
382
323
6
86
156
456
1
504
29
55
2
1158
115
870
1945
2713
18
602
146
197
1
6
17
781
1
289
12
25
44
10
2
18397
28
815
374
77
4
19
361
373
68
675
5
206
1623
16
1731
1454
3
556
85
19
549
4232
108
138
126
18
84
12
64
2678
1032
126
63
501
1
218
10
13
268
75
3
209
559
86
44
19
1361
809
183
205
63
392
142
20
558
24
387
2891
7864
49
23
15
949
14
42898
699
63
613
946
392
929
364
2552
176
697
17
11
506
199
38
6
1
29
196
195
355
1441
27
134
35
3731
53
179
47
76
93
1
2225
44
140
55
77
34
236
42
23
1149
634
739
1
447
807
12
411
106
598
1345
48
1
700
1
50
563
2415
56
16
1559
1
96
65
1
7
230
539
138
6806
908
10
655
599
3230
128
34
770
1
163
45
105
1448
295
390
1185
116
70
344
270
25
4
436
144
6363
61
162
943
1282
33
350
289
7
459
20
2
24
14
7254
531
99
152
316
38
206
2383
26
278
66
195
4860
324
31
71
53
181
66
40
367
1119
4
138
237
1768
4
49
3
12
11
5
5
258
61
2362
15
785
22
4
299
91
2
405
3901
2176
3
2891
655
2030
118
36
608
695
80
4
1039
4
100
723
317
1
1133
37
43
748
14
6911
53
90
1527
2
156
25
2358
725
2896
49
8
948
527
37
216
1155
4874
3416
26
809
332
407
19
48
186
15
160
3387
1
105
2209
6
476
531
41
28
2949
2337
862
61
4
344
436
130
17
1
177
52
408
332
9
37
41
44
97
89
6
44
111
374
810
663
501
648
933
365
99
204
531
524
270
117
25
29
229
2
38
5860
220
77
41
150
418
16
130
1784
537
15
16
1427
106
1100
129
97
194
314
366
1140
55
383
1651
51
152
136
3
29
550
18
640
239
2303
1175
675
7
718
321
74
7554
598
17
6
159
1065
493
1
1005
5
59
434
48
141
230
1834
779
1
8
447
305
13
10
39
34
365
29
249
8215
22
21
4339
44
117
33
400
284
96
28
595
118
1460
7
122
867
116
397
140
3
162
2
48
32
432
342
10
12
63
14
1450
8967
74
11
348
1385
8
16
30
24732
65
1446
170
1
43
53
22
66
661
623
102
173
2
84
21
10
3672
1220
169
69
9
3129
1652
175
319
1382
46
549
587
649
68
22
12669
4571
202
43
8
3926
1310
381
1102
23
148
270
1093
123
92
1
1570
2224
1161
31
716
6551
440
41
775
20
1119
119
1575
4
20
1512
153
283
3159
749
101
55
268
446
275
132
441
15
211
81
9
36
744
61
135
106
28
355
1562
1645
188
151
82
8
194
499
367
251
6
968
490
4288
515
24
2421
1119
5
723
157
1442
141
280
95
622
88
37
31
30
564
2
30
1713
576
173
98
678
10
947
201
293
174
145
242
152
120
185
12146
1009
32
125
583
563
13
33
330
1
6
17
68
899
5490
21
76
1057
44
1256
467
440
1266
28
1044
4191
145
1
1
1929
852
436
315
6
23
600
677
5047
1
3
91
36
180
677
1
11
30
278
137
578
75
176
64
175
1704
71
35
14
21
28
18
1
4981
62
40
145
144
1686
194
1948
319
784
85
396
76
16
6
179
6
320
41
1527
9
784
152
239
2197
649
2873
33
108
88
401
62
223
1
681
197
16
1353
842
85
5347
43
531
65
11
409
236
627
148
2217
135
199
197
84
17
2715
936
1424
1134
82
19
8
6176
106
25
736
63
5364
73
21
156
69
5
242
2
77
186
56
72
133
357
84
1
20
42
7
2267
798
477
135
389
2406
7
5
168
9
183
1785
769
14
2957
9
297
68
7
123
9830
13767
1638
12
438
25
5038
45
21
5
1170
27
1
57
171
74
3
9
411
40
1813
175
58
39
6600
14
198
124
10
47
2534
10142
52
686
48
3304
29
529
1
271
280
97
5
657
1
487
436
46
155
1874
2343
543
1155
330
257
218
21
598
367
7
5
3931
57
161
288
104
320
12
100
15
435
29
1983
459
217
1
485
10
29
214
175
265
6
334
102
328
433
1402
878
36
28
39
104
888
10
318
34
374
426
101
207
1744
78
331
299
1975
104
1748
280
51
245
415
5
124
649
6
34
1029
37
65
149
104
11046
6837
280
471
54
35
7
670
20
2598
69
1386
63
35
34
13755
93
31
771
759
418
2
30
724
176
1100
350
407
116
858
1768
3
26
738
498
827
213
335
153
2881
435
108
34
306
116
278
134
1757
26
3
1
385
1241
196
14
23
829
30
1315
292
103
2
1
16
202
339
315
2
400
204
987
263
3713
98
58
690
822
582
2909
2738
219
174
2
1219
118
709
65
5090
7
6636
360
103
498
1171
6964
45
141
1
88
211
20
903
876
221
3547
30
405
64
662
2
79
893
39
238
3
484
136
40
675
370
201
344
1463
63
544
190
660
419
24
430
99
3069
755
143
918
430
16666
1670
125
498
626
367
1168
133
297
918
938
347
696
54
138
44
271
1034
577
14
476
42
190
1017
9927
24
154
265
712
30
1
3585
319
225
268
166
660
174
640
1083
3420
105
86
1748
616
26
1223
122
258
15
139
110
4414
3756
8601
1959
83
2142
293
228
10
62
1797
425
2
2264
1
5263
2713
8031
50
7449
216
3075
3139
191
274
882
56
84
1168
64
5686
706
657
5
10
105
163
302
48043
17
1307
46
1699
5727
988
20
12
14
36
4
414
66
312
167
2189
11
110
134
36
1109
265
18
295
9
93
1135
4
54
723
3482
150
27
169
3
17
156
193
141
44
3
191
23
227
5
76
79
20
989
141
34
721
155
173
193
752
65
448
541
85
2324
131
223
63
860
770
1
264
29
9
2265
411
39
1548
3072
93
129
37
2427
4
89
2159
31
1177
67
1
141
78
155
338
58
91
83
108
2
1170
171
186
327
2541
132
98
686
3398
520
15
230
199
56
30
14
156
4012
5
382
113
4530
306
402
1
392
7538
23
226
20307
32266
175
2628
5
28
40
56
16768
138
125
39
6
222
1282
35
292
537
1234
1
4666
10586
214
5889
749
162
39
2158
10489
3
6214
18
1462
1184
26
734
140
3070
1
298
4364
505
1253
724
716
59
95
108
39
3
161
1636
7
14685
50
16
12
21
1787
3365
21
1
7315
34
146
27
3284
630
25
5
1
78
13
67
886
433
124
56
928
2495
1923
13
21472
154
67
34
28
52
3
1
22
124
1018
1606
2966
255
495
142
50
51
620
358
34
6
66
147
309
35
1540
1798
2298
4
24
430
67
226
17
123
937
280
904
259
97
10
1185
265
21
105
19
1119
564
752
110
356
3339
26
16
40
307
422
138
266
62
19
65
96
54
3378
253
247
45
52
11970
14
26
455
162
309
19
3649
33
6
223
68
101
2433
2689
166
875
12
113
1269
33
411
818
17
1543
32
85
1
20858
1
337
571
49
122
88
74
5
16
47
215
652
11
25
1649
14066
306
138
409
249
107
196
805
332
333
133
101
2425
92
3
256
35
204
131
560
869
15
8015
1
551
325
190
192
309
78
259
2063
1138
1646
14
32
266
17
4385
252
53
653
355
508
1372
140
20
985
67
28
28
950
72949
563
529
11
36
204
16
10
589
4308
68
4
4669
501
123
50
2259
587
462
17
605
340
30
1041
29
30
60
24
17
774
19
243
214
37
48
1720
1325
1220
357
991
7
5
13
538
106
255
739
7
26
597
1024
1
1071
500
1066
71
30
25
6
1763
11
1289
710
34
149
60
238
60
3
323
3
34
3
202
1312
93
206
154
7654
4274
6
73
661
2439
429
282
61
470
86
954
1099
36
344
12037
1313
4322
183
1745
61
1
546
421
45
237
2380
4846
16
64
2057
18
427
63
149
855
5314
9
432
853
4
1544
601
1
255
50
3664
2
1
147
416
6
41
227
4659
2719
325
69
11
28
103
317
377
1
650
15
91
12
81
46
2
190
193
13196
14
546
269
4
1841
1695
11
18
47
1
3257
6404
239
193
106
1520
149
1134
1010
1271
255
1480
9
25
10
564
13
1
179
265
17
472
79
48
1187
22
6
101
73
963
136
147
42
590
31
49
377
11
21
39
1010
4
4
284
240
758
171
1221
31
63
1533
293
15
64
387
1
249
152
1508
18
30
63
72
196
286
215
1957
85
62
30
1
7152
125
1408
119
65
291
7641
412
1
3
465
3
1090
6
2
495
8
142
4
617
1
218
4
13
218
8
1
31
5
131
134
182
3558
552
28
100
77
97
81
555
4048
154
19
9
201
168
22
374
76
737
694
9
1349
4723
1408
56
2234
3435
1028
1285
136
96
1763
73
31
97
1780
2101
864
1573
28
1089
646
787
299
3414
276
2307
35
10537
19711
4447
4
533
829
289
103
8
399
925
238
3966
232
91
33
42
1356
106
56
56
29
253
49
572
256
20
4
65
146
258
495
163
61
15
1901
2266
923
94
201
181
257
70
118
2477
293
305
1184
887
144
2002
9
27
16136
5132
144
835
7072
58592
376
246
4018
1451
248
122
179
152
50
819
46
695
1730
103
154
1293
462
318
17
149
45
265
149
1
605
364
375
40
4
1753
1164
327
38
414
9577
25
301
1289
2
366
61
293
10
1902
178
2550
46
1
56
40
92
5
1224
58
77
1939
29
106
694
11
198
44
172
525
66
274
368
693
957
1407
260
301
13528
4384
537
26
1339
3663
117
9
85
231
1
388
718
3
298
197
2197
461
891
4
31
15
39
1
4438
5
679
30
196
2
15
25
382
10
24
1308
376
1178
1266
71
14
32
8
627
26
1
206
1058
5
5623
25
38
268
1
75
645
3
103
491
2405
816
60
295
213
11
821
72
1008
285
64
58
352
1189
2
7
6
797
764
529
117
2588
500
717
53
1027
32
2625
487
376
1235
65
1
157
74
76
86
56
339
149
27
174
25
88
26
42
16
13
7862
111
26
4175
81
5
15
36
1
779
645
53
14
861
1529
94
190
3201
923
256
92
403
23
155
1596
3
365
977
1293
935
11
18
710
210
19
774
3805
3112
1
171
105
73
24
3
276
31
139
74
522
50
316
3
1
1594
678
2203
8
272
541
1
2701
79
564
97
3
26
45
155
460
389
9
1
800
5153
229
4434
2501
28
14
347
4888
7150
6
615
789
29
346
47
374
39
2319
6
30
1236
9
835
201
420
85
616
45
73
204
64
2902
1174
616
2565
8
20
10
2253
21
8157
14
6979
28
270
8
242
92
1343
14
598
441
179
112
1590
239
6035
1268
48
156
71
58
81
120
2
67
1
128
373
435
1090
3684
1
71
16
34
259
434
25
483
3
1761
47
1134
8
13211
58
3669
163
1396
37
1566
90
3416
265
10138
1953
3
1193
265
176
1614
744
1024
32
259
1924
243
554
252
334
5143
254
2899
209
56
499
737
24
750
239
99
438
258
4972
725
16
53
841
84
51
398
385
272
349
127
249
27
1013
415
394
716
1
1313
550
158
2893
623
834
1
1778
1365
2
479
38
416
221
2568
478
867
39
1305
47
443
270
1
34
6
132
125
25
22
142
11
188
28
368
474
162
173
46
14579
3
314
161
517
320
132
3726
1
376
14
73
174
367
1
235
167
1282
312
156
8
5
662
238
214
2092
81
60
136
86
1685
4
18
7
25
123
56
243
6813
10
10
929
61
228
180
846
23
336
45
129
825
401
26
643
52
253
11
77
5341
369
347
2246
2296
477
850
94
639
89
134
4950
68
1233
211
96
774
143
47
81
1182
4066
43
58
34
15
3
384
91
5924
243
454
5
438
60
10
122
145
43
485
1853
409
7
5
1
1
2117
222
2553
937
7
57
4
230
109
2215
542
62
123
39
14
19
44
242
2
35
1
3
8
486
39155
16
194
4
2339
1307
969
4688
602
491
585
20
11305
297
912
310
27
111
1054
49
513
471
20
390
111
62
1305
23
8
2
2036
4
18
152
10
412
186
214
553
61
321
265
42
85
12
6
1523
202
481
149
32
336
59
262
10
29
581
82
1
223
273
19
399
39
5
596
75
1355
22
536
222
121
204
29
11
601
410
546
41
1254
701
7691
3221
265
72
55
619
20
2162
78
1487
108
2923
1288
7918
9744
422
6747
3788
36
150
92
202
105
307
5
1437
251
4830
191
41
27
1138
6
10
2846
592
75
209
935
1010
24
19
560
2443
1515
3614
41
69
75
1296
2
34
168
172
54
355
28
237
806
2
94
745
6
743
152
21
14
1
41
142
59
123
912
10228
626
6076
1274
441
43
85
347
126
1006
203
8
1406
6462
227
387
377
215
321
5
209
1418
22
9
213
73
281
1046
67
752
106
17
51
334
451
2041
10545
117
78
402
75
439
3468
22856
179
1201
27
108
113
12
24
255
3
66
8609
33
72
326
630
8055
31
72
2199
1
3161
37
4221
4
212
1565
476
1083
767
5258
83
31
3
11
6
113
407
127
402
89
731
2109
2
1469
950
304
166
137
63
412
363
5
37
4574
39
13
461
57
33
1814
123
120
87
532
460
43
167
399
2444
65
715
105
97
1317
146
145
42
541
5366
72
31
5
293
526
251
300
69
186
712
43
5
805
959
81
1984
160
729
778
149
2497
60
433
2847
491
41
1105
29
99
314
87
13
90
192
2359
139
1
142
397
70
744
33
142
27
1764
14
283
1219
988
275
48
2614
5745
397
725
161
528
746
101
160
759
3
180
154
2
20
16
2008
4292
1579
378
21
4887
334
25
1296
76
318
14
10
133
235
187
26
2627
187
1209
4
54
2
3706
8764
88
3206
31
719
2677
355
1159
634
245
33
1645
16
10
151
7
1808
463
10
459
39
37
1308
28
38
6
2
118
561
717
15
112
376
8507
66
1135
978
1193
120
4
1288
739
2
480
10
32
249
616
42
243
112
7610
17631
49
329
126
227
21
451
366
367
30
686
37
95
1019
3371
291
155
24
353
177
1295
71
859
483
1250
400
8901
120
323
362
32
733
4
28
37
572
1586
48
1
6730
378
219
2831
277
585
29
1021
223
1339
88
739
291
72
46
45
26
279
80
9
481
100
658
2
243
584
263
12
1
190
11
1
811
346
22
7
1
66
1874
11
1660
232
67
58
98
779
4
37
5037
4
448
65
9
171
126
20
122
2980
95
1165
23
5
1080
52
2812
1829
6934
18
7850
71
3276
77
2403
46
2851
288
8
4907
398
813
602
264
10
5405
208
15
73
74
155
41
55
35
33
535
364
2200
61
81
96
4089
2304
60
1272
78
3044
4549
11
1860
15061
57
201
120
1383
312
1862
2561
64
1371
64
245
381
81
402
29
23
3
276
5104
914
520
121
29
1
229
86
533
5084
5833
377
1
1324
1143
405
17221
3
324
6
61
608
175
483
482
37636
245
4294
247
1141
515
237
1658
342
288
11
201
816
112
65
5201
151
75
3201
7
579
536
1193
119
115
34
768
21
499
268
53
277
11720
83
1
82
157
6
56
395
2087
34
14
537
8
8
58
5255
8
1637
229
26
392
52
103
232
2
1889
515
55
835
1587
108
249
298
296
3
401
7
9
475
154
8
85
250
774
135
76
18
282
470
596
179
7338
412
193
528
145
487
299
223
389
3825
16202
1436
377
4
3947
3732
2008
9930
15
202
324
963
239
2
148
305
118
536
380
5
496
159
24
55
14
149
460
5
1
13
118
93
19
243
13
261
4
15
12
86
248
68
1124
1446
389
10
2
121
30
2246
14
17
210
450
2269
7
136
3197
497
244
62
3626
508
34
25
673
6231
69
1783
52
14
12
54
1056
2003
4742
35
7
9825
3088
1428
91
841
517
3073
2397
5
391
3150
1319
38264
4145
417
2985
100
2053
8135
40
2864
2848
1270
2
3393
35
79
355
114
15
233
3062
220
1
1
144
220
15991
807
121
8
1445
2060
1371
1942
8239
584
2108
14
98
14
621
510
8
43
186
5889
15
1402
537
41
3011
37
3310
422
1042
99
34
455
4251
1
43
2516
549
125
71
105
27
772
2103
189
197
3
213
4149
7
76
5273
7179
10
336
10571
148
5
137
513
92
67
136
529
47
5628
192
82
779
49
58787
345
186
213
117
34
1378
4163
18
31
930
1741
544
20
32
1272
1
1417
1731
1
38
1241
556
18
816
3494
1
249
1335
83
25
156
325
42
50
243
7
33
116
7023
2269
3851
8
130
65
23
21
10
113
256
48
273
189
6
23
267
142
5578
3510
98
680
630
113
370
369
180
2748
23124
325
5907
228
817
3663
9
1734
52
47
2
289
330
1601
56
183
34
117
1261
675
862
60
6
110
1128
1444
611
234
544
50
136
79
262
36
1214
233
341
78
37
48
111
1
251
2751
4703
1
4
92
62
7625
6
408
142
1381
1
60
483
76
1
785
1
183
38
1713
2008
1353
1738
1
8
774
72522
1370
285
25
634
176
240
427
161
30365
6415
250
18
14423
415
26
46
489
2680
8397
109
46
858
241
8590
2
81
70
23
23
2829
9157
767
57
2734
1
147
23
7798
205
770
477
763
45
3633
327
205
22
1493
35
103
31
643
557
981
266
90
134
44
882
292
5
365
8
25
67
367
18
15
92
7856
9
1319
259
21
3765
3908
103
34
2793
914
700
672
493
1814
41
13
540
247
144
1363
190
170
893
45
1
916
1853
101
64
597
139
203
932
1116
24
949
1011
724
27
42
4170
1
1130
161
8770
106
351
1693
689
4
1323
351
2089
14
3200
14
3
356
425
117
189
92
250
73
216
66
19
3222
29
167
116
361
46
4
37
868
6650
758
4
140
1360
2110
4190
122
57
361
615
262
1966
562
92
1310
9
31
938
15
157
4
75
54
12
99
68
34
813
68
91
47
1107
2515
632
675
5523
48
1828
327
7406
236
396
520
93
314
27
82
42
9348
63
1290
202
483
38046
10010
121
1
885
1128
866
1288
2
9
6966
34
942
37
64
1686
548
217
999
15
9264
1
136
277
81
2961
18
240
121
385
868
292
90
734
64
1
107
61
43
1
43
280
3
1179
2167
1027
588
701
3934
138
617
959
247
29
468
79
10
2
40
15
1481
6
413
101
329
43
115
629
130
57
717
11
175
1039
488
6
350
43
8
38
57
11
1046
1023
4
120
4
30
5264
70
847
49
392
841
395
8
90
55
313
260
2
8
2
104
15
6
1
12
1
22
94
825
13
930
92
1
6
54
85
2488
714
453
223
15
8
651
193
36
40
3
17384
288
124
357
21
1465
423
147
62
1
384
69
2496
256
224
111
5655
999
932
753
273
105
187
18
29
1398
99
623
237
52
22
3
1
126
185
73
182
751
96
569
430
494
155
1
21
758
2379
60
2298
472
509
10
74
8705
7
377
196
35
33
56
1
42
49
2777
64
1
21
18
84
276
248
6
32
218
36
37
9
16
364
373
24
5046
3
51
163
59
196
5
7
13
1
237
69
70
240
268
29
42
1
199
410
3457
241
32
1906
854
521
7750
886
13771
16
44
269
509
109
52
459
96
4
410
1035
2997
113
5
68
268
19
23
213
43
333
26
181
3103
451
5626
152
219
41
56
12
649
238
345
6
16893
12
151
9
262
796
518
957
11
399
1101
414
12
4103
307
495
751
1327
1787
86
3111
4
14749
1112
233
669
3
34
2200
726
300
41
46
358
496
26
640
38
1
147
49
463
188
10
1
141
599
372
3
29
2285
580
65
462
453
193
60
360
1758
274
522
62
693
9
866
13
19
8
385
30
131
1
220
592
2147
523
412
20
5452
1
2269
8
150
1046
19
10
10
4499
32
40
138
33
35
9
3
1
1793
74
9
2144
51
21
351
337
159
13
199
216
70
100
29
59
477
104
42
88
10
38
102
4
22
61
478
508
4302
2299
165
21
1543
11
171
203
522
309
58
1
58
764
17
4
134
93
314
184
11
3
19898
351
325
5812
41
1061
69
6731
45
27
10
5143
209
188
10
454
791
19
578
1
2514
437
113
492
346
16
198
28
525
11
907
184
820
20
278
180
369
48
300
22
173
18
5
25
1
135
1509
105
85
138
26
2
60
19
1333
273
1967
553
221
402
3172
10
82
22
451
765
94
138
141
1
192
7
109
235
96
65
276
20
26
608
520
39
24
34
407
1926
85
5945
16
4
116
16
7226
163
18
29
193
1375
42
143
79
37
19
842
127
12
91
16
1057
1551
340
2506
376
25
27
11
822
35
2092
17425
203
16
116
523
1777
1236
3406
4
252
3729
14
800
6249
3
410
527
138
176
107
41
1325
2725
101
3152
1522
388
58
335
1782
167
127
1962
3943
208
70
212
746
15
12
407
1638
13
2848
2497
62
10
15
163
3
20
444
1
87
573
1455
298
39
13373
441
19
60
172
1866
1248
627
24
845
564
34
751
1319
11317
26
94216
262
51
201
2336
22
7336
13
25
531
4
1620
210
171
51
304
13
930
34
199
22581
68
3
141
3
1304
521
122
79
227
72
24
1
1
1414
5
228
288
3
202
8003
1225
58
205
37
877
841
16
442
249
381
209
296
54
33
267
104
1827
6758
68
1249
5710
14
941
572
97
22
43
128
4297
2958
733
1383
6796
3749
699
450
184
1
2
1
3
55
3288
3643
29
308
195
785
1
1
1729
10514
8
76
522
17
2405
58
1482
174
3
1339
218
17
971
26
15
17
674
92
732
31
128
4233
12787
1099
57
388
6
1910
4
241
94
115
76
47
125
44
781
22955
45
289
667
290
832
199
415
370
33
59835
519
349
92
1218
1045
5255
53
65
37
84
12
254
9
1
2029
3597
1489
5
118
481
44
5
122
96
5
161
115
141
27
94
202
234
42
1997
709
1216
2191
22
214
160
3
105
166
43
107
40
234
77
18
854
1201
184
976
136
5
470
1669
21
199
30
933
2232
155
808
309
233
135
12
83
473
26
65
1
72
19
14
35
548
278
774
756
889
32
212
384
4079
1
4
1472
1
31354
428
362
3937
631
461
1569
111
44
484
35
195
453
2105
6
18
436
136
124
8
12
155
379
490
2050
3
43
165
1643
96
46
35
52
3286
723
414
60
2146
644
1631
65
326
1064
68
32
1580
1
4206
77
55
267
1434
32
216
220
154
1859
308
13
2132
76
9
55
26
312
278
871
1
647
6
79
253
1
46
91
387
74
90
1
3
119
11
696
2
427
312
564
198
71
5
192
65
122
179
422
135
313
6154
247
3874
2546
613
22
19
704
114
2821
377
397
94
328
951
67
281
79
80
1487
32
9167
481
35
212
33
119
95
1
56
1
30
850
4
199
190
1306
989
396
65
10
209
204
405
337
94
390
5
274
4852
31
150
395
363
49
136
22
2750
114
35
307
147
531
446
22
27
345
1
13
340
482
73
678
90
89
435
580
9
231
2
524
70
733
25
11
36
26
758
12
231
1766
46
13
6
395
883
718
21
5
41
8
430
5
198
1016
29
41
11
1120
328
1328
31
789
18
555
164
63
235
489
1893
5
1
87
672
14
687
76
424
21
1943
1030
123
1109
4741
293
539
99
186
993
2905
1
682
445
33
17
951
178
4
1051
2509
140
2042
261
602
764
110
49
141
148
190
3
37
32
84
3
34
261
9
244
503
1911
848
985
189
31
602
19
607
411
116
159
197
880
1099
222
13
23
1326
1082
62
79
48
1423
150
224
148
13
1478
2
181
1136
1997
4566
6892
223
376
772
235
25
51
24
873
28
1
246
283
471
307
1
213
16
299
392
128
76
14
4124
33
255
81
816
17
74
63
394
102
381
203
114
63
154
299
291
308
8783
12
555
841
3608
421
5
159
43
574
22
21
641
193
182
1238
4607
63802
13
1033
2
1030
523
920
80
8610
26
24773
39
4
318
877
2
1
2769
478
1
9
213
82
32
26
214
136
145
287
653
2
110
315
457
11
84
25791
9646
187
5
247
22
1
91
31
46
76
800
109
78
199
7556
68
321
5484
10
19
117
8294
35
313
738
123
146
144
71
1495
583
112
148
102328
71
180
255
27
7
58
466
1271
80
610
2206
329
211
74
833
1127
1598
171
5286
569
170
327
132
6708
136
131
351
147
743
15
846
3829
4249
1253
2339
785
810
966
1
17
237
303
1
1197
119
390
33
465
1187
3
5478
7
324
258
91
2852
694
39
46
66
7
3
1
1
18
96
1793
22
22
12
17
1
321
1428
974
50
101
818
1259
13
673
2
1372
262
7973
4
135
457
126
520
2511
220
2975
1998
1
34
2584
325
120
10
3
294
49
34
306
447
309
100
674
130
218
832
379
255
350
1235
401
682
4
29
92
751
230
1204
168
53
463
420
66
9898
194
244
845
1
426
2637
25
604
313
71
14
1421
18
471
19
372
3872
184
174
378
108
78
1146
168
2729
90
63
1
200
19
3832
276
190
114
61
943
52
42
2507
126
83
1264
13
51
139
2
222
39
66
1
729
8721
106
54
4
1
186
1
752
1
2113
559
47
178
79
251
986
308
17
62
1380
179
11
2807
833
149
109
2469
168
121
703
50357
85
8
24
91
1618
1199
13
501
2108
156
16
36
189
5252
9
175
1932
6387
1627
6760
853
506
2395
31
31
57
7
9
8
466
483
255
37
148
143
40
24
135
264
1149
1854
16
691
66
1495
150
13
108
8
14
101
29
165
563
751
146
64
1964
83
751
55
839
843
287
15
7
1133
236
522
17
117
253
308
7
15123
208
151
23
4644
1
249
14696
3
2619
32
155
45
26
440
2489
22199
1015
9190
2379
8
388
163
1283
1665
1817
237
18391
2
1
235
2
1876
60
76
12637
23
252
123
12
1215
392
348
94
289
108
108
1734
113
20
860
657
166
582
29
117
105
217
15
13
36
176
67
1
1391
2
441
645
199
329
375
748
604
11
164
15213
2532
241
43
1585
415
384
787
3407
525
1389
44
3761
62
138
26
615
3036
315
29
2
31
198
410
602
97
5
38
15
9
104
68
39
44
108
1079
19
71
221
7612
11394
10
1649
488
55
178
498
12
21
21
576
685
1253
73
616
26
864
7
330
27
286
141
39
639
30
49
1385
474
425
18
58
1253
22
339
72
53
95
27
8
3
586
23
2352
998
1
566
1770
164
11
5
3
255
797
460
14
161
3293
6
20
16
186
1447
8
135
32
230
273
55
15
5671
9
43
453
347
25
30
3382
42878
8764
2291
157
3178
1555
5890
71
83
367
4
49
711
108
372
158
18
79
230
125
34
677
164
40
57
44
425
51
22
615
3337
171
170
8483
102
1680
4
285
317
7990
2
182
1219
98
6
1013
60
2682
235
21
31
820
8
1149
218
20
1141
194
893
118
492
48
171
47
2851
30
11
80
1777
27
2
210
1016
482
15
3883
602
10
7397
3
2542
39
209
121
2447
498
44
2260
1093
1978
83
23
310
20925
91
46
33
84076
124
541
389
347
3
869
44
37
3192
5
4949
1340
1594
225
33
34
12
20
2298
3
54
25
829
226
151
613
387
16
347
1027
1656
110
76
10168
1085
76
346
105
267
53
391
1
257
3
1
472
1385
619
847
198
6
561
807
64
121
430
71
3217
34
199
13
463
1
1
138
959
15383
1329
286
1131
610
1
105
1251
140
75
23
198
3817
7
259
1272
2483
31
185
5
11
5
243
51
43
22
234
6
6
35
216
23
894
106
5
8
814
320
5517
11
99
30
240
276
98
762
42
3819
7
15169
78
513
9
1088
171
3
274
13
17
81
730
99
16
1247
155
670
231
16
216
228
342
273
1757
975
175
2175
645
217
583
6933
4
3053
107
704
28
1
873
505
578
4
6
4989
1
1185
4366
301
546
49
775
26335
27
10271
16
3771
1598
303
1215
255
39
1478
97
72
1971
41
3
4048
252
3086
62
22
7805
930
903
54
907
488
2332
268
23
656
570
21
13
444
4570
187
144
1189
4676
34
8303
5435
104
93
24
764
518
8538
1640
305
18548
86
1533
249
5841
1324
216
1165
42811
3
295
115
4132
6
3666
2806
397
72
1
3551
3645
3285
13274
1578
1044
268
543
396
1133
525
183
430
643
103
96
9
498
2214
19
50
1
28
252
113
168
657
733
12
37
2466
216
65
1245
384
462
136
17
734
46
8
198
6
81
315
2372
10
2348
19526
20
1
2704
936
3871
92
1
1
835
7099
849
433
22
4
301
18
33
26
235
445
49
30
198
397
6330
473
6
128
383
8359
3008
75
10
2
61
105
905
293
89
323
262
3207
25
25
888
18
470
140
14
383
9
225
281
1633
1
20
127
92
6005
194
46
333
144
21
77
198
183
7068
289
145
2131
392
326
191
8892
20
1796
212
330
5
588
23
57
30
415
850
191
17
34
4
89
56
39
2559
66
1
14
398
5046
71
222
521
28
89
496
238
14
357
14
126
269
157
1179
84
813
957
304
177
422
9
21
611
64
218
79
79
86
29
373
419
255
12
7
107
713
18
434
106
330
505
610
57
387
646
306
518
2340
140
7
241
1631
490
31
693
2350
460
768
3443
101
244
338
281
37
370
1921
62
29
210
8930
1479
605
6
139
112
1038
1127
212
1331
35
52
5
525
359
59
4
170
701
1066
2
13
174
32
51
50
87
188
1022
94
204
94
440
116
8450
230
518
2177
1149
275
1
37
1810
438
551
1035
49
8899
374
4569
1116
66
146
838
231
6
99
29
3543
1020
356
68
3713
183
34
525
575
756
900
1
440
603
32
40
10
8850
1
108
2312
55083
1415
351
2
6665
1393
4
200
776
19
442
549
80
86
19
700
191
77
200
51
270
3325
55
291
7
149
2170
323
207
1911
415
3208
535
266
416
14
20
6951
163
68
412
51
557
852
2177
881
234
877
244
54
207
42
550
98
5
4
1075
10511
359
40
16
334
29
55
18
63
2182
184
108
9376
377
58
626
413
1
97
9
123
8
1077
573
112
615
486
423
370
43
27
38
318
17
276
1599
9
1530
376
76
333
3
190
5
99
96
1
11351
2396
6857
150
308
480
546
34
6198
7
53
142
4
2949
1219
242
21
73
197
2229
354
3940
969
886
1118
285
1421
25
376
2307
885
88
21870
4757
118
197
969
24
37
469
64
35
741
617
17
16
123
312
470
16
8
140
2397
6
100
183
1139
740
289
32
634
700
1158
2
9
2192
4
38
742
57
127
65
1005
14
755
441
13
3481
2718
606
21
489
1
949
138
538
795
1901
34
5
295
268
41
1284
684
1
4
4
365
45
7
458
8
11
24
9
10391
49
1143
19
196
18
42
2110
29
8
663
805
26
803
264
29
98
4280
5886
39
6697
204
76
675
350
1499
2688
2720
644
139
90
879
540
110
40
3664
1098
6384
131
22272
9021
610
537
316
19
1
62
79
2
713
34
10720
245
32
316
617
3
294
2613
2
2181
433
256
4799
68
582
934
6
446
12
7
115
839
1
481
363
5
447
139
903
2442
175
119
2166
12
3222
37
518
55
130
37
12
86
6
273
4225
1711
85
20
17
158
1085
153
3553
369
901
2593
2447
789
3065
1
44
275
168
45
6
67
217
138
772
14
580
752
156
655
120
139
2016
31
180
109
1
196
29
29
34
178
245
142
71
169
104
1443
4531
611
181
167
3298
109
248
7
150
1005
540
1440
48
126
60
193
24
83
322
33
11
65
404
326
760
135
1066
30
587
3
1511
242
414
835
415
12
21
6391
112
2
110
639
129
2307
580
3
262
360
40
18
20
519
31
367
5
68
246
18659
399
469
97
955
441
123
945
701
1
6844
32
20
789
944
88
2154
40
911
128
117
1353
10
352
1795
191
484
29
11
20
355
23
21
3249
354
389
10
1673
315
370
44
4
18
167
71
3
64
646
503
1
11
1939
182
483
126
131
792
1609
356
439
570
462
218
358
118
69
8
289
686
124
5
12067
316
4
1111
46
34
39
24
16
21
19
212
6354
22
360
748
410
245
2
256
276
76
103
262
156
162
145
783
2734
75
393
131
59
1
4
147
69
698
30
6
447
21
241
49
177
75
407
231
364
3966
77
1
1134
158
96
378
145
23
221
101
891
679
1288
194
33
283
50
125
20
376
9
2080
1075
7
206
6026
31
138
34
1335
157
1089
89
1421
21
633
2636
62
125
55
2
883
185
3331
139
17
89
118
70
442
566
34
322
1
43
2
533
133
1
1
10256
1665
85
626
9
82
202
481
4359
2102
1592
25
635
37
15
89
1495
15
2344
71
331
97
1133
879
91
550
301
16
40
312
184
71
462
220
18
514
1
2530
1236
311
97
4
163
6
17914
121
269
13
119
102
472
30
26
39
460
235
734
9
119
16
7
15
32
1142
92
14628
589
160
270
10
659
1865
10068
22
4
14538
45
765
3
34
3141
121
189
1092
65
378
294
38
169
1
956
16
92
574
105
1516
495
12
147
4181
1368
2884
414
2652
183
33
66
1
5722
302
673
12
172
42
25
351
196
7
249
272
234
34
299
71
44
659
22194
827
170
138
402
151
1
499
180
177
23
116
31
28
215
653
39
202
184
401
192
302
55
464
5
261
2630
338
367
47
9
321
27650
352
31
36
997
732
305
569
145
15
32
39
302
614
503
232
54
226
655
172
4103
1312
203
358
985
299
695
152
656
5484
5285
79
110
50
1240
275
104
15
60
2445
467
194
1656
530
8
114
38
3071
845
2144
412
36
59
53
2
145
84
595
1697
298
6575
3
718
6578
835
483
49
926
35
451
12
1307
190
735
211
870
377
248
156
109
316
1799
507
129
31
41
319
510
3
5219
339
531
6
195
33
73
5
11
498
6
5757
154
30
41
1
61
438
42
15
548
69
101
725
39
731
411
264
27
163
1
98
146
122
592
313
644
115
127
1812
82
42
38
27
1445
74
658
528
89
217
44
209
10
19
561
1022
111
622
233
689
4
10402
368
1344
17
514
72
809
1
233
8
3460
2
214
13
675
126
5
455
17
143
48
15
1679
824
2285
10
50
103
55
589
3301
361
99
316
55
184
2
78
74
984
388
17
134
134
505
108
229
7
1995
1
29
11
75
3
805
132
9
1533
195
1061
227
1087
83
15
537
190
504
1179
809
1688
53
130
87
740
4517
1299
3
15297
87
236
96
441
906
480
656
1719
966
465
9175
366
29
9
504
161
1
18
1987
7
254
639
629
54
11
101
6
26
1951
479
17
75
1155
2275
70
27
325
501
123
210
379
253
311
286
137
202
338
141
653
401
90
304
164
309
5
24
96
785
35
186
377
663
360
356
94
968
720
42
151
506
774
104
43
334
4
217
480
122
1354
393
127
76
371
163
100
1
83
396
1359
937
18
143
29319
286
1
5266
27
784
160
4
1
628
41
119
212
649
274
383
458
818
64
167
295
156
440
5
178
1767
320
12355
221
460
17
116
241
69
23
96
4
365
438
55
389
68
87
1096
21
54
144
381
16
116
51
51
1976
132
154
105
1643
240
179
29
1358
288
18
2
241
1296
273
29
233
22
734
220
205
2
479
14895
118
199
44
852
3598
62
2218
159
6809
15
150
15
231
91
189
238
327
152
136
569
666
5
