143
40
27
224
18
7
6
45
4
32
598
128
9
27
31
37
20
27
151
60
24
148
3
276
45
32
7
54
203
34
86
105
37
30
100
48
31
15
28
12
28
19
6
735
121
62
163
129
251
13
37
50
12
7
60
22
80
34
59
11
25
121
147
652
11
113
1155
359
59
21
41
324
5
36
8
40
14
35
39
38
37
82
744
27
5
9
4
1
51
10
49
262
25
2
13
384
38
30
173
43
20
69
64
9
12
38
16
36
21
142
232
36
23
7
11
15
335
37
8
22
130
17
5
8
13
9
226
35
30
28
241
36
116
42
9
91
185
24
1
31
49
135
33
64
38
90
52
9
94
21
5
27
42
40
18
1
118
21
8
7
44
6
2
80
24
132
798
46
6
30
58
393
21
155
347
43
42
165
35
19
147
26
39
99
25
20
80
474
