425
130
13
394
107
31
2
177
21
74
24
6
2
27
311
347
17
30
1
5
13
1
303
2
22
2
120
28
3
33
164
8744
1
69
49
64
195
170
27
871
155
291
166
22
61
66
71
14
286
14
14
144
26
14
67
35
4
244
104
84
571
38
40
13
281
36
65
225
17
63
78
800
179
13
19
2068
138
23
30
55
612
177
51
20
17
68
13
159
166
39
29
51
108
32
110
33
69
38
68
385
34
57
29
1
74
3
16
1
597
54
17
46
5
27
241
128
52
3
35
39
18
2
183
215
13
5
57
11
13
105
19
32
11
36
583
353
324
421
42
326
23
78
3
16
409
5
1
5
863
2
57
16
27
84
213
27
12
61
33
56
129
46
26
64
108
332
37
9
27
26
198
1
90
151
332
279
76
248
147
17
1
137
74
694
70
10
88
100
28
92
417
12
6
293
2
6
13
111
25
19
122
3
14
86
2
58
38
32
21
563
113
43
28
25
5
6
33
25
13
3
4
6
23
436
3
9
1318
17
30
42
378
62
33
4226
319
62
239
25
195
202
22
421
13
150
174
169
31
54
13
4
42
97
152
175
43
1
26
26
598
25
9
6
2
113
5
42
135
2622
390
40
684
283
114
28
342
7
67
29
1
242
173
45
125
62
18
98
75
15
41
27
44
338
614
33
101
28
137
51
32
125
104
14
514
382
708
696
57
3
11
12
29
269
24
483
2
84
68
16
157
1
4
138
274
219
5
50
18
28
250
169
37
75
26
15
52
53
22
15
71
5
13
30
167
571
7
29
14
831
28
88
7
145
111
14
20
4
1460
23
9
13
2
3
237
263
34
77
647
34
772
28
241
401
35
281
171
127
41
387
13
29
13
273
822
59
51
69
9
311
50
28
121
13
42
13
40
44
419
15
4
63
55
65
7
13
223
154
48
33
48
23
28
27
68
8
259
24
1412
14
51
754
117
67
164
19
129
34
11
291
275
53
759
30
20
12
37
82
9
133
13
39
64
88
406
224
34
43
246
431
202
402
3
59
12
91
16
587
15
15
533
27
186
141
265
19
73
275
157
30
191
38
46
248
27
38
3
338
41
30
216
13
138
23
9
55
18
36
4
112
20
459
40
21
460
80
248
9
123
326
1192
42
178
3005
15
2
213
26
12
63
141
9
552
980
741
207
302
331
126
14
42
19
794
313
2
1034
1312
261
586
343
51
15
8
347
43
237
48
260
84
44
499
13
573
203
70
155
12
350
87
64
15
189
138
265
4
200
28
129
27
2
148
9
29
2
18
23
11
55
9
6
130
1
24
423
120
2
1
57
15
13
63
3
495
147
566
317
215
1058
215
255
234
118
1297
648
40
221
54
206
386
39
276
336
26
1
16
12
4
23
6
656
29
218
255
3
2
691
24
1
1
9
553
3
53
1
138
8
177
686
21
59
15
13
346
83
9
47
286
24891
208
64
496
16
20
13
1
24
450
708
1
1412
4
185
124
641
383
13
103
1387
21
338
28
329
47
168
17
82
128
407
54
58
142
326
77
7
9
74
15
31
60
9
3052
66
26
697
45
6
27
17
62
66
25
10
42
4
58
314
7
28
66
16
7
13
14
141
414
2
26
1
735
17
568
118
17
11
11
8
32
26
251
44
20
52
28
16
84
37
31
200
2
57
15
181
84
255
38
44
105
32
1
13
28
28
187
104
220
10
35
13
73
6
5
968
47
22
61
118
3
2
6
22
16
88
220
24
52
29
11
13
1
5
3
69
451
171
27
413
110
5
22
61
4
10
1
88
114
83
14
25
30
52
16
14
107
36
57
14
725
8
2
384
13
79
14
73
333
81
8
3
13
42
17
18
205
807
25
1
376
320
27
57
16
18
212
37
1
6
2
238
2
41
2393
244
5749
3
6
6
1
13
14
12
4
188
50
158
14
271
25
20
46
467
1
14
324
29
874
399
124
1
105
39
29
87
16
137
18
15
686
14
23
782
132
35
31
334
501
11
13
9
40
13
159
27
70
138
499
15
1
21
3663
64
1450
733
63
952
34
101
4
469
28
41
293
84
15
86
55
129
128
465
35
42
16
27
43
80
28
96
11
1262
437
1968
113
58
49
14
176
81
16
375
280
2
30
1
214
29
14
62
65
22
215
4
72
475
8
430
15
33
15
141
112
11
327
24
27
1
39
261
158
19
54
4
132
1
2078
41
364
656
91
15
74
5
89
18
338
4
71
489
77
57
23
135
258
30
484
31
47
686
276
826
16
33
25
15
28
3
198
318
58
343
217
64
60
40
3
117
183
1
13
203
11
26
266
58
12
22
17
443
171
28
42
5
8
34
38
100
98
4
52
90
475
1
59
139
23
170
47
111
131
118
848
221
620
27
497
81
232
16
29
88
139
126
24
46
15
7
81
27
217
3
11
2
292
1
251
12
40
622
20
41
5
14
468
141
6
5
11
16
167
245
199
5
53
14
392
174
79
11
191
3
223
2
189
217
8
697
6
114
195
58
114
3
226
212
56
92
21
448
13
40
59
34
146
44
138
7
91
45
1
661
107
359
136
20
10
5
84
36
19
178
34
16
72
61
183
1316
367
45
2
29
119
166
25
70
585
207
701
58
14
149
263
8
248
182
8
26
9
120
58
4
4
3
18
27
151
645
158
175
1
57
23
358
87
26
49
66
15
13
17
46
120
33
8
2
4
14
255
172
4
27
58
10
97
711
12
1
4
138
12
15
294
72
11
3
9
11
26
149
12
54
22
202
106
17
26
34
182
576
4
182
70
294
13
84
138
19
101
807
50
2
94
476
13
76
174
25
51
21
9
512
12
654
50
53
133
15
185
15
182
183
12
63
8
28
1
27
20
85
333
3
56
59
39
1448
1105
65
122
16
40
124
105
55
98
282
52
70
258
119
990
133
55
17
716
71
20
22
14
55
1
14
240
15
17
95
14
25
520
3
15
17
219
3
10
57
40
99
302
215
44
58
537
360
14
5
22
819
107
14
106
90
21
12
12
17
543
26
303
213
527
1796
228
301
58
415
43
30
22
89
78
8
17
16
16
281
83
39
18
1
7
584
335
1
6
29
19
132
319
280
183
245
2
10
26
24
8
12
18
13
50
53
335
399
66
192
96
31
21
6
466
58
4
441
15
22
510
289
125
54
606
91
13
87
218
180
21
123
56
9
33
30
108
915
58
304
59
33
118
789
415
2
15
46
122
56
34
3
200
62
163
8
95
22
13
53
11
12
122
37
218
150
31
123
52
214
10
630
82
164
183
209
48
6
29
265
4
18
7
95
163
31
1160
193
157
44
49
94
32
54
47
14
20
22
1
7
20
277
15
215
2
135
13
9
71
59
46
238
88
591
57
11
31
198
19
24
60
1123
13
421
1
8
2
260
14
10
9
11
6
7
23
25
423
59
140
476
20
695
158
26
27
38
6
213
41
144
34
5
13
185
5
33
612
41
1
5
1
33
253
3
2
115
15
12
5
9
16
7
2
1
6
39
54
288
379
229
31
45
1450
476
32
14
45
178
26
27
18
35
83
160
14
5
672
116
34
421
406
380
15
316
1
578
256
18
342
106
18
578
111
82
18
5
20
99
3
119
804
653
19
416
359
467
14
355
25
57
15
728
72
6
215
26
431
222
136
15
5
17
36
137
199
336
65
37
26
145
5
372
96
9
70
413
221
57
345
70
25
407
215
211
370
125
758
400
216
211
7
250
15
17
3
