60
257
244
135
351
145
356
477
244
132
365
136
243
445
278
148
139
145
94
117
705
90
146
158
1
374
137
103
408
4
141
135
123
132
133
135
10
578
146
135
15
144
152
135
130
135
511
285
135
193
1
271
1649
440
137
135
462
160
166
1
221
134
140
838
597
133
135
76
262
153
133
162
198
398
137
159
135
135
215
641
145
519
146
433
141
157
135
146
144
138
105
123
2
399
191
155
104
141
136
146
145
154
141
135
164
11
99
320
6
134
155
132
138
3
393
2
136
121
6
135
99
72
123
120
135
381
1216
244
124
145
151
135
12
274
25
280
1
1
21
147
135
135
142
433
280
231
237
143
135
133
139
406
99
200
149
125
167
163
142
135
5
142
136
1
268
138
169
249
17
168
208
147
157
336
297
821
83
147
179
151
147
132
519
132
280
212
639
135
261
299
310
65
393
358
288
267
140
185
137
200
139
2
132
142
599
182
137
472
264
117
143
121
289
167
141
142
225
127
82
149
263
261
636
251
135
142
140
260
215
135
400
148
138
168
188
1
302
348
437
158
212
148
132
273
146
308
136
1
13
145
