25
16
48
739
3
25
4
29
28
10
43
2175
30
1726
993
93
11
129
515
630
28
29
495
405
79
379
30
127
117
181
860
70
46
14
49
191
16
12
39
34
51
689
14
125
431
29
465
34
467
57
730
370
68
31
120
15
153
3
278
666
90
30
69
743
517
684
22
790
34
170
12
275
112
84
246
34
74
302
5
83
522
12
25
14
376
1348
64
229
110
913
13
627
519
684
860
251
126
125
651
925
565
514
545
645
604
1009
300
38
545
143
518
156
537
753
32
121
25
396
639
916
642
61
512
1269
25
33
62
13
619
46
67
28
711
912
1819
100
118
674
850
621
924
493
136
29
1
13
10
7
12
9
529
600
98
177
22
139
38
49
166
57
168
6
1
17
27
26
314
663
636
657
760
11
10
644
678
57
515
415
136
816
12
3364
96
3
443
19
53
23
184
973
27
10
147
10
219
45
219
15
414
36
23
660
4
19
817
128
70
54
700
519
53
531
159
374
17
31
5
10
21
39
80
44
1102
430
386
82
12
23
107
25
31
124
530
1
96
11
773
544
2
35
47
1264
373
574
5
752
562
766
30
141
867
538
524
518
49
290
127
401
14
552
641
666
184
526
562
238
609
474
42
43
9
32
1052
26
267
588
671
596
800
139
10
26
17
20
726
126
19
669
538
11
79
19
4
77
14
3
114
24
472
843
342
106
285
649
307
185
557
553
315
28
126
262
668
520
493
8
672
35
75
556
622
563
687
