30
120
497
145
256
1
63
407
235
310
58
251
160
123
34
72
221
150
230
35
761
35
11
123
221
136
7
123
194
145
13
345
152
1
231
35
168
35
5
73
215
21
51
169
1
32
92
246
35
130
31
35
35
219
35
33
35
163
149
35
214
469
150
35
157
98
171
155
200
296
65
294
217
90
87
173
71
145
223
39
39
9
182
143
31
167
54
147
120
46
191
218
131
126
35
39
35
31
129
35
441
214
990
163
63
35
29
146
35
164
1
35
35
35
58
56
1
213
164
12
139
240
240
106
238
159
3
19
35
35
35
92
35
35
167
77
122
76
150
124
121
35
28
218
577
47
18
872
31
35
30
35
31
200
198
225
78
159
39
463
162
129
32
6
460
35
61
33
35
80
39
21
211
145
274
5
1
160
198
391
93
35
35
45
59
35
128
104
195
142
35
30
165
171
213
229
150
317
241
45
150
95
216
125
30
148
35
213
228
290
25
30
31
35
36
158
