330
57
414
53
150
277
91
8
187
127
198
7
131
106
184
56
3
475
17
1
4436
66
159
136
55
55
90
369
247
95
135
55
222
230
267
55
53
55
284
277
185
180
55
55
309
56
172
274
55
233
185
174
64
123
173
1161
178
248
180
368
158
412
177
92
115
323
127
325
14
219
45
124
148
586
99
590
194
224
74
167
332
102
55
50
769
174
95
368
247
53
142
86
78
8
334
220
60
55
515
561
16
222
223
705
55
228
53
56
65
56
184
83
122
218
122
223
180
55
8
193
162
56
549
53
65
12
55
66
152
60
90
185
224
76
127
96
148
56
401
126
73
56
113
61
259
113
109
207
310
157
511
94
176
401
176
8
52
4
54
59
68
124
53
44
55
184
8
50
43
2
62
267
55
1
1
314
262
126
169
60
318
209
91
230
4
218
10
2
56
177
202
387
181
240
55
55
95
56
2
195
127
239
91
227
42
90
62
200
471
183
65
217
55
64
218
86
51
90
550
231
147
190
629
2
6
