794
39
611
71
512
97
43
343
1
230
212
431
96
330
359
260
46
144
2
947
257
356
163
465
47
48
588
1116
21
1303
123
879
140
109
590
323
99
128
181
485
812
522
71
25
312
4
817
288
123
143
1304
542
404
429
773
460
66
548
446
793
327
124
285
769
533
104
38
359
226
1712
231
636
147
588
905
1298
65
1738
30
740
20
437
606
183
318
162
1776
265
412
945
398
246
413
499
860
1509
30
98
27
1206
117
881
306
37
106
776
83
1981
90
297
72
715
386
300
620
278
4690
1487
429
464
75
1140
677
842
306
92
2207
3126
276
239
404
1924
622
191
953
318
95
539
1088
1190
64
51
108
759
443
794
1306
97
59
376
507
228
1049
101
131
90
365
107
378
61
359
27
39
341
1307
230
55
37
694
300
499
45
300
372
41
95
207
902
456
99
259
839
47
358
882
283
164
399
158
28
268
765
725
127
445
345
324
914
266
153
1525
945
249
660
286
224
120
472
634
1242
216
91
227
557
67
287
227
257
440
448
155
845
238
426
24
540
595
235
212
1
246
224
254
164
412
321
489
86
71
328
451
16
2361
271
126
6
375
356
332
277
556
33
309
1435
405
309
1833
118
1465
818
130
1638
271
1240
77
2094
2241
489
502
450
175
98
173
1
246
326
1041
229
276
545
1236
247
229
251
1469
249
382
1433
95
735
135
642
311
71
144
182
193
161
377
232
43
270
4
591
179
1054
95
427
494
401
132
70
146
1001
130
791
307
743
21
296
133
279
339
404
151
21
37
132
573
741
484
92
119
613
109
356
509
23
66
1364
90
197
391
41
175
260
207
284
591
383
296
423
37
242
459
1120
98
42
633
324
61
93
331
488
100
835
460
514
98
122
10
35
220
1461
206
575
12
356
133
309
563
286
628
475
249
44
215
39
1
417
450
1303
143
681
765
49
1198
139
243
317
42
377
756
227
64
269
24
582
29
225
46
566
777
664
320
192
831
230
480
70
196
260
296
14
107
757
83
272
210
1189
996
1436
296
102
148
382
26
57
467
441
52
292
913
1
1362
567
1835
607
546
17
969
145
109
279
298
638
146
72
39
95
477
105
265
508
80
64
31
33
126
551
777
1761
56
70
131
63
54
388
1127
3940
496
469
70
1
51
1100
38
660
233
89
111
407
4983
979
313
357
44
3957
610
989
875
363
152
132
318
535
570
255
436
658
612
827
583
112
384
455
84
115
122
559
367
60
757
1036
8
156
41
264
523
421
265
264
140
8
285
396
241
326
1585
481
20
161
36
1151
149
1
114
87
646
36
223
298
176
405
22
324
404
484
406
199
201
751
100
1562
149
398
478
686
292
317
516
2
398
259
200
28
129
525
260
268
366
578
402
258
1110
395
252
29
351
347
152
328
585
62
27
82
588
1528
101
569
37
590
662
1154
107
684
254
586
912
782
534
107
435
336
27
48
29
71
1630
477
51
95
491
34
82
508
86
391
618
34
1768
597
813
22
164
1032
211
134
208
141
37
187
594
632
1479
237
658
10
1062
396
1073
96
564
299
149
945
135
310
474
671
76
289
3634
611
170
90
73
398
105
34
243
61
409
407
731
29
364
1146
360
905
359
540
307
825
222
47
287
983
175
37
286
80
428
222
770
184
420
438
326
60
153
571
512
107
552
54
67
587
1418
7
389
599
3353
16
306
158
293
419
1003
16
877
384
599
679
700
223
461
205
1023
241
495
612
122
405
1089
258
510
114
142
16
33
291
192
164
42
343
1
20
234
401
287
363
379
1629
141
704
96
320
69
219
1494
1733
246
298
482
35
371
507
57
688
1019
691
26
317
253
324
510
159
412
3
561
520
659
48
333
225
834
190
313
130
292
239
97
166
38
62
245
770
466
1792
638
939
769
227
4
500
451
437
238
386
94
165
2317
486
184
636
278
427
16
292
339
223
76
76
189
183
519
40
880
14
19
443
624
536
305
174
410
1042
191
518
70
1023
753
902
23
841
927
33
730
361
82
336
687
261
196
418
24
287
187
628
260
769
222
137
542
321
82
278
1093
117
876
475
281
577
159
335
20
143
283
452
253
682
399
261
348
38
305
316
792
279
533
478
621
15
565
67
349
1034
907
711
395
59
63
499
488
24
284
165
694
293
79
443
1108
148
121
1473
16
1560
543
783
178
402
233
59
289
320
555
522
979
518
294
685
346
745
209
1641
599
702
33
296
291
275
614
47
20
213
346
309
168
54
318
40
214
256
334
259
744
393
1524
177
92
57
2417
277
427
211
60
558
112
25
63
78
1501
1040
280
271
510
246
253
39
649
347
347
314
142
275
698
284
318
9
306
159
220
200
283
713
24
178
