12
17
303
8
215
89
165
56
62
2
198
563
219
92
124
86
803
85
355
511
74
494
202
8
17
1206
487
108
650
126
55
20
37
59
300
55
117
122
133
304
185
706
53
104
55
66
659
504
217
312
169
192
6
307
433
124
51
545
221
55
52
479
173
59
408
55
213
55
191
88
175
183
57
5
624
56
102
473
55
191
6
53
598
29
19
456
91
104
291
170
167
183
80
8
1322
1418
369
18
67
43
77
168
5
237
98
544
866
129
176
35
55
59
184
6
55
222
183
73
201
58
5
266
104
35
76
175
57
557
172
190
19
287
6
119
152
8
44
42
198
378
108
6
55
463
4
1005
165
4
55
55
27
55
234
218
127
55
607
612
1288
243
435
183
95
11
55
370
14
168
192
1
55
29
67
691
213
265
185
187
442
289
223
195
185
326
116
9
45
7
200
171
599
4
79
51
161
55
163
55
169
56
51
182
75
630
74
5
194
9
76
227
183
22
11
17
36
125
80
54
123
655
152
290
22
415
65
179
50
167
115
71
46
3681
79
248
187
3
1420
25
278
375
46
28
55
610
4
51
39
125
91
25
180
185
20
20
23
247
244
238
231
527
51
990
10
803
3
78
29
344
59
520
56
64
212
249
72
22
18
78
52
55
216
90
38
140
79
11
8
172
182
9
328
241
4
297
1
128
181
142
3
6
407
262
78
355
145
102
163
61
166
520
165
194
182
212
54
55
67
52
55
55
54
2083
169
185
184
54
100
5
62
179
209
65
167
162
339
214
179
53
2141
135
215
15
187
734
55
