3
208
1746
1141
136
114
102
247
873
451
526
249
1
56
1315
57
146
723
952
1
34
14
1071
3352
23
210
532
407
738
175
260
111
135
111
41
79
31
1845
62
61
702
121
245
187
1
40
9
16
830
581
67
11
2
197
334
1243
89
898
654
1
89
39
123
1297
152
6
30
70
1415
187
944
47
29
85
11
565
291
6
758
18
704
396
363
1454
486
20
21
203
564
111
9
53
88
577
7535
107
535
588
2
245
493
163
363
55
279
210
294
1209
419
2109
1410
406
2558
233
106
109
100
46
2116
212
152
41
19
49
645
244
32
1116
232
384
97
174
553
55
224
6
456
663
41
52
7888
243
1429
1007
133
222
152
215
152
554
470
751
670
1173
390
453
72
365
60
1151
756
16
213
261
12
322
1063
771
706
15
1133
684
1518
226
284
376
48
259
114
181
30
196
148
112
42
44
533
577
122
419
113
240
463
4
525
277
490
332
766
683
150
28
175
94
33
16
3834
19
869
27
2121
729
3
278
72
791
14
389
301
49
170
80
158
382
683
357
4
958
237
273
77
1181
161
218
344
266
383
4430
95
19
162
306
6
232
62
1444
323
233
3050
264
18
37
142
1023
56
31
690
3779
7
345
1
46
281
914
527
108
4
1426
592
30
52
551
564
185
341
734
1207
329
163
887
6
363
1
276
20
277
1262
179
97
3041
265
33
20
15
317
14
910
1
23
58
115
64
982
111
124
267
79
540
35
15
271
183
942
375
288
316
1209
256
727
239
330
182
20
959
71
1612
126
184
117
1
831
20
724
367
252
109
40
51
419
497
67
100
75
710
4
39
3211
417
31
40
156
303
83
244
15
181
671
63
111
10
1356
127
