92
94
52
9
434
1
18
662
288
248
98
413
43
286
58
406
110
95
501
27
281
1
125
273
325
65
152
1
311
373
479
257
10
89
169
534
174
96
345
95
1436
1080
217
1
172
353
1255
192
167
224
96
44
149
179
177
96
19
148
71
192
1210
142
1148
311
90
2
1
40
727
92
282
88
96
95
133
97
104
289
239
102
296
103
96
303
380
257
95
851
309
152
282
527
29
1049
248
71
98
292
96
514
95
226
337
92
38
648
2601
44
96
124
533
167
121
416
91
449
1854
176
2231
174
30
10
1
103
12
7
76
95
104
95
95
1
54
297
319
233
95
13
412
3407
28
1236
2542
144
1
479
197
1783
2999
258
175
35
540
1568
280
229
295
3
9
25
67
490
234
472
996
64
91
100
80
98
8
95
3
250
127
118
95
241
273
32
157
1087
1005
126
95
202
118
219
91
15
77
101
1800
96
22
95
117
303
295
128
324
11
372
222
122
96
336
330
115
1
312
151
102
140
120
859
113
256
468
604
106
2285
166
7
101
156
292
186
122
223
29
95
125
95
310
152
93
97
151
255
133
271
284
97
23
97
394
271
13
