3
252
114
414
110
219
15
1652
1
9
63
82
7336
10
196
4
18
21
12
1
12
417
607
15
91
244
8
285
30
185
258
12
31
49
14
7
46
1
58
19
6
25
6
36
26
6
71
203
1
18
24
11
34
120
48
879
3
8
1109
1
174
12
19
25
30
27
10
148
23
10
40
173
150
2103
154
296
3
3282
1
583
15
139
399
2229
480
21
234
60
600
293
27
4
2
417
1356
1
106
67
142
28
5
64
62
15
14
117
183
59
128
4
45
65
127
11
24
13
3
34
288
2
2251
6
11
11
27
10
40
5
22
47
189
622
141
1
7
5
14
395
189
88
78
239
10
55
273
26
177
47
85
103
137
24
41
6
34
27
12
12
116
2
6
5
33
11
886
11
93
1372
90
264
421
303
45
16
11
1
10
124
51
33
23
8
15
49
26
55
14
32
100
1
45
224
40
273
8
130
208
2
250
375
98
9
50
7
18
72
38
555
653
21
414
1303
1
4
12
575
189
208
31
216
2
2
630
45
173
11
67
12
20
15
1370
1930
1
25
130
4
46
200
2
38
44
6
63
27
13
23
106
243
11
152
4065
1
7
19
54
107
717
410
1930
17
52
1386
3
26
79
202
560
59
493
1
1
344
81
178
791
451
20
8
2
795
96
308
8
243
5485
106
1
6
52
18
1198
4668
17
237
260
301
94
6
165
1246
4
4
30
11
3
104
2
843
56
60
80
36
26
624
148
1864
531
45
69
40
25
4
241
78
75
21
40
919
2
67
1
8
21
11
30
4
104
6
129
48
590
75
53
4
157
20
14
2
8
3
71
5
1
33
702
548
22957
20
15
78
19
9
63
104
122
6
135
66
16
1
6
131
7
13
96
88
58
24
810
2
1
41
22
108
28
160
446
294
459
323
39
44
1185
47
8
1607
11
1
49
9
222
1
64
32
1
6
1451
514
12
26
1
6
5
4
70
197
187
51
199
4
247
47
38
120
170
1
247
20
3665
5
110
429
4
571
7
407
51
1
72
34
49
36
20
1112
87
3457
91
1
118
959
1
1
394
1
34
2
28
21
7
202
13
18
14
65
50
3
35
23
6
95
301
981
280
730
58
4
3
338
577
28
15
7
24
1
16
287
46
3
37
15
23
81
59
8
883
253
739
11
27
33
18
2
61
60
1
1
188
9
69
12
61
317
3
234
3395
1
31
145
114
8
417
135
93
1083
1
131
454
1689
17
619
558
1
304
1
2
10
12
168
7
28
185
207
5
322
14
677
111
42
36
125
5
597
248
15
601
43
132
212
219
5
429
22
42
86
486
14
8
349
1
31
58
12
2325
47
622
16
6
1
1
31
349
5
9
74
24
115
80
504
2
2380
43
70
9
23
55
24
148
184
71
148
12
16
120
156
139
2050
16
1
23
247
76
175
349
283
35
601
81
251
347
17
16
42
1
8
6
690
503
5
1
284
16
88
38
12
1410
297
7
1
47
35
30
66
247
443
23
139
372
72
193
5
3412
10
1
9
207
11
9
27
4
55
7
49
24
191
23
15
190
2
96
26
36
1052
55
1461
8
11
31
417
7
97
235
409
425
9
31
17
192
389
24
26
25
2557
54
37
8
15
206
16
1
158
50
1406
14
69
5
1325
46
579
205
2
4
256
203
125
29
20
766
27
746
152
1
334
67
336
53
235
757
33
99
23
1
74
12
30
142
9
146
105
1
47
31
44
216
64
24
4
30
40
310
92
35
553
2217
26
377
102
20
3
19
149
21
1520
69
32
25
2
2
25
607
55
194
44
5
32
42
1184
7
52
162
20
103
1050
13
12
26
499
3
4
562
1
20
1
12
10
61
34
85
1
180
1157
28
4
3
450
1871
7567
5
71
659
37
11175
63
50
3
12
81
1560
6
161
132
424
283
8
61
15
16
358
689
132
21
29
130
163
403
591
7
9
7
61
5
203
719
331
106
5
2261
216
132
41
36
9
257
1
131
7
18
48
85
63
194
21
3
45
160
434
955
232
1
16
277
24
1
479
225
602
687
9
1276
149
84
178
64
120
24
91
253
320
71
190
1
27
45
116
1109
536
2
1
157
2
1
300
475
31
311
4
89
347
173
1
2
51
16
5
19
2
2
25
21
262
382
127
21
16
18
164
177
27
64
89
10
57
14
28
36
127
53
566
12
660
545
439
470
885
945
53
10
19
290
2908
16
460
15
194
628
96
108
13
119
41
2055
166
28
133
11
39
199
26
9
98
150
12
6
19
185
127
5
46
138
5522
238
799
886
15
125
5
167
51
1425
1
552
13
9
13
102
17
14915
177
5
203
204
62
5
161
16
78
56
145
584
10
83
276
28
77
62
1
9
529
12
128
65
8
20
1
70
47
7
46
63
101
23
16
6
29
580
19
26
20
611
118
66
241
2
79
1
21
641
2
13
57
295
18
2
202
42
245
1
8
99
452
29
15
244
1639
190
4587
853
7
1
29
398
55
10
44
27
286
59
26
192
46
22
6
41
1089
8
17
6
777
6
97
1692
13
387
3669
303
16
12
12
10
1
301
403
1
53
71
133
105
205
1134
935
4397
2
37
142
84
44
7
44
17
56
28
13
1
163
15
3
28
3
1148
278
4
54
11
599
3
49
1
39
155
5
661
229
1
1
62
1
746
10
34
50
734
445
385
34
409
42
5
55
1
6
181
159
11
908
3553
674
1975
458
43
1
1
1
224
206
5
29
11
10
37
3
19
20
2
909
19
44
1
179
99
261
11
45
107
801
54
4
105
128
208
12
6
38
3597
6
11
474
84
6
55
101
32
121
218
178
94
754
1
4
4
299
152
332
900
15
3
12
3
4
410
4
431
333
27
64
366
953
235
141
120
62
34
21
22
69
4
22
4
79
85
2
85
55
58
3
31
73
1025
125
728
860
33
13
51
143
18
14
54
1155
610
71
12400
4179
35
3266
41
31
28
228
5
651
7
447
387
56
12
269
34
71
201
7
79
165
81
1
11
26
16
956
9
196
79
28
1
19
760
224
99
250
299
131
108
1
727
69
236
27
20
23
55
6
56
5
252
545
135
75
13
340
21
86
146
37
117
1
69
14
55
50
779
1
9
1312
9
20
172
15
4
95
3018
1
1326
2
22
71
391
507
1307
19
4
64
8
304
166
68
36
597
43
68
19
277
60
75
76
130
31
7
1187
3
2
422
4
4
65
1
51
11
14
11
2
293
1
286
3
54
1372
52
5
295
207
4402
5
22
34
17
17
13
80
56
259
2
4
611
91
1
462
493
800
191
19
192
477
7
33
1077
122
1
707
11310
18
697
61
71
276
88
17
185
6
11
1199
967
134
604
1
58
18
87
67
609
648
173
107
4
165
107
29
348
584
140
1177
1490
31
54
9
13
19
8
180
997
10
458
62
16
115
90
82
186
628
6
433
497
41
381
321
591
260
10678
571
165
308
1
397
4
156
1
847
5
189
21
5
361
76
409
919
162
14
367
1329
36
17
1
1
38
1
1
5
380
2
35
228
12
5119
357
9
13
5
153
4
34
166
3624
50
6
4
112
1084
4
88
908
1
65
84
6
117
1
72
43
220
3
46
88
64
109
196
3
7
3
72
85
172
104
33
17
1886
20
170
1347
140
19
78
785
545
105
127
126
704
31
2
451
949
24
286
11
23
4757
976
2348
100
369
215
1280
43
79
123
365
2
63
29
475
1
71
125
1
72
44
154
482
2097
40
80
184
45
1541
57
34
1
1
44
2
5
445
113
29
5
22
1137
495
1690
53
1871
10
7
23
35
231
14
51
35
2
20
15
2
169
14
53
245
138
90
210
89
578
23
460
271
48
140
4
73
20
23
297
12
30
3
35
21
2
51
18
77
370
1
1752
786
223
9
1
69
30
1212
58
86
84
4888
16
53
739
6
1
19
1120
8
276
80
1
414
4
37
1
23
11
9
8
1100
14
4
107
52
502
11
81
627
118
1
1
20
1108
1
116
4
792
22
1714
82
10
54
13
110
134
13
1
7
169
74
22
7
2018
28
1
24
212
173
20
177
4
1
275
68
121
66
7
317
395
167
196
24
19
14
1004
155
8060
231
12
615
14
179
2512
269
8
1
42
1618
111
434
42
873
853
13
506
6
5
333
41
127
762
73
7
1753
6
2
3
26
3
193
34
449
3002
98
25
60
54
167
227
7
2
187
406
26
28
228
513
1
63
56
443
44
259
2
31
11
854
151
187
650
28
6261
66
195
124
5
19
4
2805
229
20
21
46
168
28
3470
23
58
70
1
204
354
1813
5
45
23
9
127
15
63
172
184
355
35
246
69
116
637
23
29
468
522
173
601
707
21
1702
649
23
38
153
321
21
42
97
1
33
608
106
65
6
813
11
34
78
30
905
88
237
7
37
61
8
399
1
8
510
50
356
440
48
156
12
79
53
14
727
654
50
34
95
140
887
48
1
478
56
73
255
227
141
450
990
6
529
123
29
69
11
640
90
3
16
478
84
235
37
30947
1
236
18
132
10
191
14
4
6
1
23
52
29
13
341
1
2542
226
145
80
497
43
15
8
1
2
135
35
6
1
18
219
86
80
2
18
147
2
30
28
316
9
9
141
3
13
6133
28
112
1
353
57
114
10
4
81
18
245
1164
59
159
15
1306
1156
2395
794
10
1072
107
2098
9
136
2
42
13
50
1068
4
1
74
23
140
11
224
173
15
317
69
2206
56
1
8
12
16
196
265
231
225
2
108
447
84
105
348
11
1
6
13
2122
138
15
702
2091
4821
8
50
79
58
158
4
82
333
273
117
2686
31
1
22
82
6037
20
175
134
492
2819
86
4854
318
1987
8
115
18
1
4
26
669
24
42
129
72
1
71
300
51
55
367
1
26
1
831
535
488
6
511
159
23
29
14
1
10
15
35
66
1291
366
834
538
97
1661
11
5
3
1
251
8
71
109
14
703
25
1
1872
639
981
49
2127
1
1184
21
31
182
123
90
37
5
16
555
32
682
47
122
135
235
104
5
6
26
201
1232
361
48
7
48
35
10
17
409
723
110
132
373
36
26
1
816
94
1938
33
445
1
1
1
35
180
48
1180
45
26
6
5
10
1
268
24
397
189
2122
8
21
1181
20
128
13
94
57
96
1
47
1
34
46
1332
114
23
12
320
28
4
36
159
542
2
21
113
20
29
1
187
80
4
1
127
75
16
72
51
147
68
68
30
368
473
20
106
192
953
60
213
278
69
77
19
101
1005
9
17
58
1
9
3
1476
25
38
134
4
18
16
50
8
72
5335
61
33
1747
171
143
26
23
2616
17
490
1
1802
1422
28
60
3039
22
61
40
9
32
3
13
21
15
33
7
28
822
1
28
