137
2147
1969
87
660
1
19
454
1601
37
67
8
7382
268
104
1
32
65
950
104
2446
313
604
4140
561
180
983
12930
19385
442
570
43
261
1061
85
278
717
4245
94309
25013
24
991
654
11321
48809
393
1
254
327
132
28
3427
715
409
267
10730
26
1356
84
1836
39867
173
829
9912
5431
282
384
2603
72
46
263
8
3712
153
292
188
1154
337
414
166
1
128
72
49
1598
1
18
196
35
29
3378
571
442
1
355
17
5826
624
19
38942
25
57
5848
447
466
31392
1070
115
182
224
1134
661
33
34381
265
1155
355
1377
169
76
70
51
23
44
3637
191
352
4326
109
595
260
31
439
266
73
87
41
363
1203
1042
51
52
326
100
88
1872
253191
1585
8029
80
848
98
30136
69
279
146
1241
183
3
4
2243
5158
155
52
89
2581
239
39
16
108
890
178
705
25
6
809
74537
1750
7480
32
907
3515
2469
242
48
377
4930
83
1
33
79
4
20
73
8204
486
53272
11355
144
3
4782
172
55
53
6
100
3156
39
84
253
97506
10127
795
2399
4586
1
180
38
364
37
162
862
10733
81
548
42
23169
39002
182
37
38
37
610
33
103
57
306
159
755
354
3712
4
16
1564
133
432
397
19803
13722
100
141
82
132
92
55
3892
4656
1
83118
4923
92
1090
223
1
257
131
35
28
3
2194
32
28621
4639
3236
948
18
141
29511
131
106
5183
316
202
62
70
374
1777
101
6715
11753
21
15
43
212
1670
94
919
11
2374
157
337
6
291
43
29
473
1726
516
15
1346
379
659
695
581
20
204
945
8807
985
4695
158
211
96
551
1
7687
543
423
208
88
6056
34
210
100
582
142
93407
57
100
149
2322
243
17
33
110
34
202
12623
25
10465
58
170
12319
175
8705
319
13448
71
1112
523
698
466
28
73
51
59
340
5
14109
63
2362
352
405
113
54
2828
41
276
91
119
9
684
205
356
10
42817
55
14750
58
91
53
12965
200
696
618
133
554
1769
1
1698
1104
116
1213
1228
6148
19581
1362
37
97
77
2645
204
211
1117
16868
294
31
38
4961
63
18841
1493
271
246
6416
1835
1
7464
6
254
117
3213
446
231
18284
2343
320
41
1055
1713
1517
1498
170682
1391
51
2818
27
60
84
149
28
249
1025
841
71
419
25902
62
216
3202
113
169
474
2361
506
1
43
433
592
108
2042
3277
138
244
329
3388
160
1833
118351
4
3396
1269
561
81
13288
51
3671
19
191
9
10
1
3528
239
19
1037
1020
843
3391
20
381
36
73
538
1403
15
260
1786
15
9851
447
281
373
298
79
49
1
9
254
645
1700
249
610
3439
9208
109
159
87
116
12804
1
1103
23
7
529
251
6412
34
139
37
52
167
787
453
639
5
144
62
43
178
905
53
14393
56
749
81
1497
22
453
5069
688
15317
473
5007
1107
224
513
474
8486
1417
168
1728
1
18237
229
3300
207
531
484
42
9337
500
178
918
121
12010
24
132
68
256
21
187
28
57
57
266
98
166
516
152
182
1
413
85
154
11049
1803
68
16
504
17438
359
51
78
623
30
5
2
96
95
26
1531
1245
1
775
8
732
43
10
27
380
841
180
1098
2140
172
1268
426
56
4345
1028
44
114
1016
303
528
2909
3614
730
26
1495
399
18818
200
87
13356
6798
70
1525
3460
786
63
423
123
21
1326
134
8366
3416
4
702
789
207
54
7840
363
9902
42
20
50
10398
5799
43062
60
131
24
3
9521
1361
150
184
5897
429
6622
281
24667
272
4105
90
422
145
57259
2
3254
2447
1863
61
79
35
113
1493
5875
43748
138
5
2975
55
42
3491
198
30
188
73095
78456
15155
239
1
36610
158
341
1825
79
44391
266
840
467
1548
23003
148
888
91
1218
328
1880
646
35
1671
43023
25394
976
976
205
2393
239
23669
5514
60
224
359
94
117
167
46
598
142
60
1
44
722
184
217
95
202
3
73
453
1
1263
141
204
410
10632
204
103
11312
43602
788
1627
63598
2273
43
1372
20
7070
54
633
740
1201
465
157
828
2231
248
1529
6766
352167
80
69
236
299
12
23
596
1253
606
182
47
81
1830
8
39
7843
2801
1674
541
211
16707
1575
72
22274
6432
135748
27
6851
142
61491
21
52
126
655
95
33
6144
660
46
11159
215
1164
664
123
2761
269
66
1717
42
172
1554
3884
10
31
261
286
1191
35
1823
416
199
216
565
4
1216
64
2615
455
36498
19862
96
62
93
339
1128
18530
47
37
59269
28
1527
20661
66
1
355
823
74083
13
36
15
184
320
122
190
34
9
312
304
1917
20
194
216
22610
25
223
147
84
1115
17570
39
47
201
8925
30
469
43
1662
54
248
134
265
801
1
1
51
1207
31312
281
2920
62
3966
5784
83
258
21354
390
32
1
59
59
115
10125
1559
3530
3187
2395
46
13848
250
1206
10586
163
84297
415
50
649
149
313
1049
335
1
4
283
2430
10346
322
61
59
29
72
795
1368
230
35
188
24462
716
40015
100
137
24
90
1
66
458
123
44940
32
1156
6
8709
92
1224
255
1054
1
12
10
3476
469
577
4
8
1
1581
89
63
4704
574
1
47
20
1738
301
110
1122
285
52
415
46
854
18000
2412
3357
267
5554
341
1143
2368
16
67
110
273
693
605
71
2734
231
2145
3312
674
87
70
414
313
16
642
1
94
76
2972
11
3280
2982
683
1214
1036
896
3131
213
17
120
1141
7374
49985
27117
6296
79
3420
1632
37
117
71
156
42908
521
389
1
440
42
124
1103
5881
7
22379
415
546
10373
1230
57764
947
552
1536
76
274
33
272
164
236
1
1355
40
346
500
281
548
79
4537
1483
538
46076
42
586
867
127
155
1833
2660
212
34
23601
491
313
1068
4548
1980
1400
258
314
159
2544
44
70
8
836
500
37
1457
635
310
20483
114
398
1141
5582
19
252
13859
70
88
9
78
64
806
57
139
113
74
3
875
1299
167
197
309
1786
283
3358
3236
1817
45
6
154100
74760
699
9718
766
6025
8
975
644
1517
10978
914
5925
606
22
462
814
37
1808
32823
28
72
1
49
5475
1
274
474
249
223
51701
1401
1776
1892
65
23736
785
23
953
151
2
5248
7689
1
46
615
69
20
2357
434
19
1640
23846
16
5226
57
74391
20
213
236
19319
6
30
33
1454
1640
58
58
1
1195
77
75
165
209
4
244
1851
240
155
172
1132
133
10389
3750
649
957
26
257
82106
1608
11045
140
122
2276
154
11
136
9270
130
322
367
197
52095
274
2807
7143
155
217
42
23
21220
123
1
259
38068
1294
200
80534
650
24
38
93
51
139
28
38
17706
1
62624
208
138
43
102694
1216
3017
364
93
109
8050
1
166
144
98
4962
26041
695
284
49
249
2380
1662
597
41
1181
1135
18
37
1227
127
160
140
833
7099
1206
7971
19
68547
1
732
889
117
158
101
4467
2961
1443
163
38
434
18
89
2687
2462
230
161
2414
1998
120
2
165
603
18767
105
48
4718
44
262
568
201
807
20
5280
22119
262
131
48
168
42
49
137
147
299
986
819
765
75
153
2596
280
3647
1683
61
288
299
22
589
200
952
32
107
407
15599
2253
21299
17719
17349
814
10105
316
594
26
403
2153
107
1353
1224
205
23
40
175
34
363
6
2208
26
1
68
91
747
9732
81
145
334
506
261
1576
1
95
4070
2303
164
54
8117
4
2148
7239
4141
256
15277
12102
240
55
63
215
106
482
108
965
1887
66
8378
52
562
76
11778
26
77
1150
46
695
367
690
20073
1
1232
45
1929
1057
282
52
76
315
48
317365
55
1
275
79
766
568
2399
9
478
536
56
20375
54
914
397
4
292
194
8925
8131
19283
146
402
107
116
36011
16
15
654
276
4396
227
1084
12080
526
1534
686
12553
6
735
532
175
190
779
49
16
349
31
3377
576
2711
238
2
30
5819
1411
151
1998
87
81
1751
46
234
252
5
18
1774
1720
1438
2916
23
1
206
123
152
108
1153
1832
95
390
304
1279
26
44
9
4661
2745
185
101
349
49085
154
455
76
170
26973
11254
615
841
1
104
69
299
9523
100
2
1329
84
24
376
147
27755
29
16
54
102947
73
150
60
7169
27
350
545
33
419
65
2743
407
366
42
173
72
632
387
958
599
125
221
646
872
161
206
3812
551
2476
1962
320
12
331
138
235
131
962
118
1
136
154
68
109
26
455
1871
378
11428
87
649
60
41
18
123
133
138
14638
22
1535
468
26
920
73
13884
90
62
41
75
19
170
278
1385
3030
63
273
5
303
103
49
206
226
137
122
46
100
157
1005
38
155
84
4
44
568
181
2
100
176
131
41
100
87
71
8880
46475
180
27421
771
21477
10
740
7565
8
7109
442
944
1731
275
892
40157
2851
626
5485
5
2775
28
12007
122
281
4
55
47
48
69
781
136
45198
15
589
820
37541
53617
171
1352
191
1926
1
94
971
54
343
156
1
3475
26
828
539
340
1208
157
202
88
51
82
336
18496
8
1304
308
3
8
16
295
255
262
1
1
24
3503
157
139
1273
111
1637
356
58
150
13
29
103
40
12122
8560
12
1
238
1137
2425
671
3780
957
688
295
144
1
102
111
58
811
3232
129
41
330
134
106
278
10232
4508
58363
44
3986
1540
105
1098
590
107
46
188
397
5343
951
129
969
351
2687
1
133
225
301
478
50
8212
2
73
609
28
8
135
4
429
249
52
134
361
607
948
2751
200
485
123
39
11
306
1104
409
273
172
13766
909
4919
3
1
82
47
4155
37
490
281
84
16334
350
1
138
62
3
5087
2977
33
669
103
1754
1578
4
5158
146
1786
38
26
82
205
2
1708
113
19
19
211
1735
7
59
57
32
40
25
61
1
58
91
431
1169
1
53
38
18
17
83
210
88
913
8549
2066
3426
320
48
45
2549
1
1770
47
3
240
139
14
42
53
15
193
44676
10
1475
759
2165
408
1034
74
10509
2418
705
549
348
594
111
298
1418
150
125
2621
393
49
58
72
13
830
49
662
75
307
8
1446
248
797
2
94
329
5682
136
334
1
137
87
331
26
7071
64
246
71
2060
97
80
23
212
575
610
101
1732
132
67
1
126
42
2232
86
82
256
174
1
57
9503
7627
140
391
1186
1122
2985
1213
92
547
52
24
371
623
64
1111
203
36
9
154
31
1
648
7655
277
145
44
40
60
66
1666
1411
2710
903
1578
10034
85
80
17321
96
865
98
2152
526
14
2443
102
15828
12805
85
103
547
92
601
515
597
9
7099
1
9
569
544
1313
73
135
126
1
44
161
665
43342
175
181
1658
301
127
168
5168
13
486
322
3
93
1386
660
1123
106
783
212
7231
329
3
329
41
54946
199
133
451
1109
1610
251
7573
206
147
8414
172
243
81
35166
434
3765
450
460
517
1863
129
95
952
19
2952
18293
3439
35329
409
42942
24821
54
1053
2855
191
265
2524
238
119
159
53
1662
1207
41
13462
683
187
61
11
4440
1
1314
1183
393
63
28
398
7670
2
4
3018
159
12518
15900
