108
106
184
231
2
1292
1
222
95
20
1
69
129
236
263
144
9
185
17
274
574
49
26
39
4
38
5
19
338
1
14
13
1
95
314
338
4
30
10
5
1
19
15
237
2
126
192
1
108
1327
1
9
10
14
20
181
112
225
5
31
95
8
82
2
12
3
4
1565
1
37
25
637
1046
15
18
53
130
26
996
4
19
1
11
78
193
20
6
28
8
2
20
9
911
6
425
268
1
3558
3
195
26
5
368
5
8
1
32
120
16
62
129
23
12
4
71
215
2
376
7
116
6
3378
23
10
1963
4
189
9
4
125
14
311
222
283
207
127
9
130
194
196
213
5
424
22
188
155
2
128
110
156
1
7
2
126
70
580
40
2725
1484
142
1008
35
87
69
146
26
7
3476
17
5
4
8
3
30
311
5
359
343
91
4695
76
7
403
336
17
303
98
442
110
86
79
12
92
37
304
6
5
13
606
104
3
66
6
330
14
1
1134
14
894
50
1217
5
47
222
188
17
926
243
195
27
213
200
3
215
464
323
27
9
17
4
66
17
482
22
324
298
1171
13
25
52
490
109
21
3
274
1
33
6
45
22
7
230
383
1
10
3
48
925
29
137
1
21
73
429
185
1
4
2
15
12
76
250
89
4
1
4
1
52
3
1988
8
2
2
8
4
224
78
1
10
7
2050
55
25
141
3
17
21
204
661
229
27
199
160
254
374
185
110
2
142
24
308
1
166
946
10
32
6
105
21
24
387
4
14
15
1
2
307
18
1004
4
198
370
483
323
211
317
210
11
15
67
163
117
490
6
104
35
27
32
46
90
7
465
19
12
17
212
1
1
21
572
543
1
230
453
111
18969
1031
34
2301
14
1
1
7
10
188
467
18
1292
6
3
258
674
20
1767
6
355
1818
37
962
203
65
190
926
3
118
119
587
377
25
6
8
151
184
767
1
368
3040
5
203
229
7
2
211
