520
227
116
703
116
209
81
212
635
216
204
150
149
189
173
169
437
838
956
7
247
333
387
197
923
212
206
194
210
95
80
183
243
30
205
172
194
334
170
353
186
189
220
13
185
107
304
1131
200
96
97
59
84
171
207
279
492
596
1321
355
533
30
222
126
87
466
167
332
246
53
19
163
229
311
168
250
420
258
242
201
48
176
250
299
237
174
309
331
478
232
205
135
42
474
185
228
1492
241
231
191
397
189
247
914
280
1200
246
184
351
93
332
195
310
448
251
191
187
202
643
211
259
571
213
302
587
2
79
280
277
218
247
234
251
56
253
301
240
205
180
184
386
326
205
116
259
233
208
260
196
324
121
177
201
273
288
241
494
215
349
194
189
626
122
148
64
189
318
234
233
265
249
201
230
165
3795
363
213
14
332
209
150
199
46
305
342
782
34
54
207
695
89
277
295
568
388
3476
242
622
172
224
140
355
132
193
74
4
345
224
631
3153
310
442
122
553
184
238
550
33
241
43
232
77
281
246
188
1193
339
182
181
61
241
369
86
182
28
178
581
185
240
197
233
2559
236
58
239
353
59
553
147
33
41
160
287
333
201
318
266
256
69
343
338
236
186
188
118
183
227
252
384
276
151
164
228
325
175
188
392
125
4550
209
184
174
273
773
1054
348
243
118
549
466
272
191
12
1620
470
344
305
214
501
267
346
230
180
203
819
182
349
205
241
305
198
144
184
326
130
180
291
211
81
192
384
867
258
842
220
238
143
1
305
280
61
285
297
396
242
63
1376
246
214
296
615
221
169
31
288
217
366
5
352
230
200
183
192
372
209
131
228
1643
317
1
196
292
205
234
841
184
257
144
220
307
208
181
126
1
210
36
81
316
261
136
357
323
193
168
164
208
235
356
249
279
248
8
220
203
159
195
149
271
211
320
185
611
57
171
788
374
315
279
190
287
213
122
225
206
173
157
159
2857
304
139
3316
160
207
233
259
193
245
362
428
347
347
198
221
64
203
481
1665
183
250
194
222
216
38
331
2
36
348
75
101
152
253
30
255
80
840
260
84
291
193
225
183
211
497
284
214
595
306
4
406
213
180
78
451
365
279
405
256
402
712
254
917
288
367
16
234
658
366
268
285
157
308
220
258
177
127
231
435
201
63
214
117
196
154
343
492
84
408
240
91
88
1452
197
271
69
171
78
425
374
311
184
151
159
302
462
431
187
489
226
130
472
64
204
222
201
254
364
190
371
163
107
210
272
267
197
240
113
64
232
249
191
59
23
175
252
326
50
161
225
182
229
493
169
214
441
210
319
201
927
203
30
139
306
292
180
328
141
257
293
190
394
32
242
154
553
91
160
149
225
252
69
904
168
194
212
172
8
204
681
211
332
266
202
261
276
324
497
240
328
51
25
413
175
176
58
64
67
50
177
265
337
289
2489
94
235
300
314
246
203
276
770
63
326
286
152
280
341
271
262
159
268
361
244
343
309
268
180
10
265
89
226
216
279
191
175
159
264
109
2282
419
33
110
605
232
307
1458
210
340
337
11
241
246
2464
228
403
155
355
206
453
114
302
3393
276
213
146
207
252
506
377
100
546
183
513
317
240
138
183
490
103
280
51
196
322
167
300
159
230
310
273
361
259
318
494
736
208
203
2
258
158
224
70
179
100
265
254
306
77
388
188
115
542
200
103
388
11
319
336
68
161
165
284
198
391
790
150
118
52
243
335
211
385
331
375
168
361
302
318
217
567
174
198
117
133
215
287
774
203
98
268
295
176
349
593
164
1
77
1939
320
251
179
123
347
