72
189
95
61
196
9
81
57
69
1
131
9
236
66
360
49
93
223
63
206
224
148
451
92
54
9
61
59
10
224
40
197
11
142
214
103
144
167
221
175
66
556
221
123
684
61
204
230
238
319
91
6
48
74
35
213
268
213
39
216
210
135
34
52
32
22
145
54
51
1388
59
157
94
46
91
185
127
229
164
24
55
164
35
68
208
691
404
223
165
194
202
369
133
67
119
135
55
218
98
204
164
59
221
196
932
55
140
333
88
6
153
98
43
159
48
30
163
31
212
218
8
12
67
164
547
38
282
278
6
103
66
82
156
149
65
419
218
218
194
59
214
63
55
202
158
117
101
53
263
35
152
147
233
1
94
236
327
192
165
165
99
104
108
