9
160
150
357
35
39
57
55
261
45
39
563
218
65
1
124
1
132
166
38
54
3
35
828
74
195
35
43
35
35
35
12
95
510
138
149
160
35
71
98
145
230
35
1
689
35
37
51
33
121
35
34
195
142
31
35
1562
35
30
35
35
41
35
140
42
232
138
30
214
39
322
154
31
35
104
42
145
39
36
866
97
270
28
45
35
20
34
565
30
38
16
35
67
5
236
35
35
247
43
31
32
157
40
41
38
40
25
51
61
252
9
30
102
233
84
1
226
339
35
35
35
353
82
31
56
45
161
4
35
35
3
35
543
213
145
254
19
36
35
6
35
162
3
35
40
30
35
35
9
31
35
143
118
43
1
31
336
55
1
1
475
33
35
54
38
49
35
32
34
214
53
35
18
35
35
70
80
170
218
378
299
101
163
67
39
59
35
30
38
91
35
39
88
37
5
222
4
37
50
31
35
230
114
33
33
46
35
35
162
236
88
251
73
70
47
82
163
30
141
52
130
3
35
221
161
94
34
35
34
35
305
30
35
79
35
31
35
168
128
97
152
127
35
49
34
4
500
1
145
276
35
35
46
35
214
87
1
57
35
637
39
84
524
35
33
129
30
208
40
41
57
49
215
54
35
50
35
35
30
35
72
122
20
44
35
123
35
