257
167
32
58
165
12
275
40
13
425
128
71
91
4
100
52
229
5
410
51
158
566
100
263
1
142
7
63
456
283
222
405
187
49
137
1
673
94
57
1159
1
48
664
374
2421
164
609
279
52
115
552
2752
7
230
884
319
18
898
28
2
274
399
167
253
46
483
701
287
39
429
880
1091
58
140
1
224
42
9
404
86
1736
51
104
249
260
312
457
886
1
243
585
1089
275
213
75
84
3312
27
498
47
1019
162
367
227
660
728
134
153
199
57
1055
51
340
32
227
7
29
2
288
5
214
223
171
666
13
318
405
59
132
55
226
400
400
330
432
809
204
64
553
393
240
293
208
32
403
1070
142
64
664
759
69
15
835
250
1889
142
113
411
2364
5160
957
475
387
673
120
1053
140
112
973
48
322
3156
233
183
1
369
180
62
53
14
1
68
148
758
33
1076
8
564
243
25
121
272
294
88
127
324
40
84
167
582
673
1219
12
9
237
460
3
330
30
27
78
96
474
149
255
80
81
22
356
687
224
477
94
122
204
1
92
45
305
70
10
173
