91
12
5
168
330
8
225
17
22
130
456
101
15
17
92
3
341
206
166
159
5
311
16
11
57
174
71
93
1
180
2
5
28
72
8
9143
1
1140
1006
2
130
233
20
42
46
1073
176
359
365
382
1226
125
57
1152
343
94
112
536
6
19
122
1079
236
5
336
597
113
1177
430
185
378
159
646
983
27
1492
902
367
190
1636
418
181
678
38
91
1005
18
597
23
492
2098
76
389
42
40
437
94
54
49
959
486
48
271
456
114
3
643
147
3968
312
1909
54
79
3950
43
62
12
6299
57
361
51
317
35
168
1285
18
54
240
36
20
7
69
27
67
24
12
139
68
242
77
36
123
88
22
144
22
183
57
52
578
10
68
9
38
273
320
284
24
48
412
9
207
637
449
1553
29
978
1
7
27
12
8
163
71
79
67
1083
141
58
140
63
1140
2716
790
1305
574
11116
49
31
14
10
132
194
5
161
69
21
915
307
114
21
130
50
9
133
476
16
193
10
16
261
7
48
93
567
68
1383
1938
44
218
428
153
129
420
39
29
215
2173
75
63
151
66
97
12
67
87
26
51
32
24
37
47
6
140
20
37
15
46
53
2
45
413
19
26
27
180
238
19
384
8
31
944
1
46
111
1464
14
281
34
14
87
130
228
39
119
80
344
7
57
8
102
14
343
145
5
82
3299
176
9
998
15
399
985
61
95
93
55
20
31
487
12
143
23
26
78
1342
547
101
55
303
140
17
13
634
261
1
42
72
146
245
84
15
375
334
90
606
140
5708
15
