4
76
321
73
80
243
374
200
191
40
8
32
121
125
125
365
208
156
1
220
509
187
65
205
34
128
32
90
239
76
220
219
226
238
350
240
219
431
423
254
195
434
266
71
218
85
128
71
228
75
214
96
75
216
190
199
266
185
75
273
238
218
252
477
239
220
466
212
186
75
21
22
556
72
196
75
14
188
208
75
369
82
858
209
428
1
89
300
103
1
135
197
198
51
75
75
71
589
218
223
75
207
75
146
75
187
75
2
192
1
1
4
75
201
1
220
215
55
96
246
271
75
200
98
402
149
414
72
153
75
195
216
202
95
124
262
255
58
1
234
872
269
4
198
59
176
17
224
77
76
75
310
131
198
72
258
107
95
208
1
125
75
200
241
204
88
82
331
734
190
219
257
23
232
127
220
274
205
22
306
381
196
68
185
210
209
75
75
766
80
90
91
201
201
228
6
196
118
188
250
93
77
117
220
186
215
85
234
262
90
268
243
148
228
197
201
75
218
174
