1
178
190
225
7
216
1
1
166
120
220
271
196
195
198
258
137
30
72
141
163
245
161
199
301
74
295
222
228
229
207
14
179
207
194
244
177
108
487
15
240
550
133
220
149
287
134
269
315
10
121
124
5
382
158
405
234
132
52
157
47
38
117
189
332
68
1
55
31
215
225
238
169
249
181
199
117
84
291
949
245
1
204
175
145
311
60
131
213
180
72
157
169
297
1
177
280
186
66
290
35
93
294
432
230
170
315
246
152
97
139
191
1134
870
6
218
242
1
763
54
165
437
235
601
1217
166
333
394
47
12
172
68
192
417
1
316
121
173
1665
76
149
90
237
332
533
89
15
81
258
157
69
137
341
337
510
118
179
81
213
1
1
1
162
1269
31
165
239
300
293
225
168
133
28
1149
263
154
238
230
422
173
29
285
115
67
1552
145
163
53
51
166
323
295
485
142
14
462
361
400
42
45
169
1
163
100
171
293
220
206
221
189
292
106
210
202
191
18
188
15
32
101
346
1
1
193
2
197
228
413
1
217
139
168
178
186
317
157
187
225
215
231
430
363
522
152
138
145
3341
75
329
387
45
27
137
59
209
17
176
145
33
145
73
15
1654
31
116
167
156
397
266
377
1167
1333
153
235
81
264
131
1
55
20900
967
130
378
226
16
478
1
75
56
66
204
209
201
132
59
218
144
174
484
197
109
