1
5
10
5
8
2
3
69
7
37
3
13
81
66
17
17
32
2
4
3
6
38
2
11
17
19
6
1
7
2
2
11
29
27
41
37
3
7
5
28
2
4
200
3
31
1
74
53
58
14
19
6
4
1
1
143
5
8
5
29
5
3
5
56
261
24
4
38
3
519
9
23
2
93
29
11
5
19
16
1
27
9
53
10
45
2
1
444
13
18
26
31
11
2
4
2
18
3
26
5
17
2
9
103
7
2
12
3
1
18
8
5
22
4
3
2
19
23
52
23
5
66
1
225
3
9
196
24
9
5
250
1
15
16
55
6
25
5
3
5
14
4
5
145
18
16
3
16
6
190
10
7
16
11
37
4
3
15
19
17
7
2
21
207
4
3
23
61
33
10
15
1
38
1
52
12
116
81
10
7
2
6
8
3
31
13
7
11
3
1
18
33
29
22
6
51
4
4
3
3
46
2
1
5
2
66
4
3
9
170
48
4
178
13
3
3
28
25
3
1
8
70
25
7
23
27
17
4
8
21
7
7
19
31
222
4
8
6
215
121
174
8
4
248
12
3
5
21
31
12
39
95
7
79
286
528
7
30
22
7
1
15
2
1
53
5
51
10
373
4
15
19
14
12
105
300
3
33
1
8
48
2
77
5
11
86
5
6
3
5
6
7
106
21
152
2
9
17
29
30
6
3
24
3
28
4
54
5
2
9
5
61
55
18
110
76
5
10
1
5
3
16
104
29
2
510
5
3
15
7
