243
207
219
214
34
96
282
234
371
177
200
244
186
595
13
117
8744
62
111
281
78
262
239
236
185
227
93
1
257
202
222
190
76
182
210
263
391
305
583
66
603
354
188
91
272
184
223
322
287
275
245
98
120
323
390
238
194
292
232
240
72
208
573
113
464
13
203
183
270
94
222
41
249
159
444
208
466
476
91
293
121
195
251
259
187
228
51
186
265
73
248
161
126
315
1
156
144
90
178
68
107
211
12
490
87
497
38
196
26
213
237
149
268
343
207
159
214
168
123
262
1
277
198
178
362
247
1
185
443
235
214
206
290
419
217
301
35
364
1346
133
193
295
399
181
338
213
167
272
430
13
132
40
312
155
218
537
422
344
247
31
159
105
198
213
60
180
25
102
216
180
140
205
300
397
374
355
368
613
205
242
308
538
372
182
250
227
182
230
183
213
143
615
2676
223
320
80
1702
1
218
260
352
237
145
102
186
480
323
391
372
1
240
115
126
170
90
58
154
201
13
197
109
170
194
238
258
43
210
4
1
