98
121
334
172
63
171
282
436
193
134
59
127
134
163
29
157
190
128
185
185
161
43
90
170
1354
1
62
89
113
47
80
356
155
77
145
166
3
155
252
75
124
169
46
148
268
200
54
181
98
75
250
264
169
100
1
23
161
209
79
133
57
117
186
83
37
125
146
103
84
162
316
133
3
186
10
105
48
87
28
197
68
160
110
21
251
13
212
170
63
247
25
1
178
404
263
23
152
102
102
550
147
139
113
40
178
163
121
175
349
27
1
49
144
25
9
205
345
71
168
4
23
151
146
185
18
11
141
337
5
64
13
1
170
32
124
52
118
345
174
136
227
188
147
158
404
19
74
262
216
379
157
124
138
19
65
72
192
103
9
146
175
225
160
20
15
36
92
162
7
153
186
89
184
32
43
194
124
183
195
164
173
165
206
179
29
74
311
52
142
37
211
186
183
267
10
722
178
49
98
29
70
207
73
189
83
38
46
92
150
72
185
117
204
146
1049
2
238
48
218
143
7
101
181
1
140
156
172
159
45
647
194
87
125
161
137
11
57
171
124
158
14
384
78
141
64
156
248
6
75
74
201
191
52
455
159
152
218
136
1
914
69
4
465
11
56
52
26
197
354
166
208
1
143
99
161
127
42
185
187
1
133
105
49
232
26
60
11
89
143
69
170
46
1
52
469
223
55
157
201
153
51
70
201
173
181
9
35
65
46
45
174
1
1
81
154
10
176
14
122
77
180
43
171
257
1
219
73
9
253
1
9
331
40
54
215
276
140
679
6
288
175
306
120
311
180
366
1
14
309
4
301
310
4
281
996
227
223
340
176
102
316
336
18
102
282
11
154
72
1
1
5
172
5
98
7
29
124
68
16
126
166
193
77
46
151
169
54
109
8
5
183
15
108
188
195
81
66
178
309
188
84
186
25
156
6
1
166
92
58
290
263
43
159
406
3647
75
95
370
59
149
59
171
22
49
300
15
139
159
88
54
141
2
210
54
150
16
196
162
124
78
951
207
40
1
447
32
35
183
167
183
1
229
137
93
330
195
177
40
118
280
315
20
78
151
14
25
9
88
194
279
473
416
142
144
46
253
202
185
5
456
224
150
10
132
123
121
219
198
14
50
36
58
57
134
461
16
17
121
20
49
38
142
136
22
17
22
47
208
2
109
79
364
6
36
19
166
311
183
135
58
196
149
8
619
243
119
137
9
99
55
4
1
166
26
179
378
120
60
122
188
16
1042
159
2296
11
204
135
83
90
174
34
493
27
9
24
133
8
9
10
259
261
207
186
136
109
33
37
171
5
273
23
151
226
39
119
48
155
7
302
134
126
63
1299
141
8
396
19
238
80
1
184
159
159
7
144
151
141
172
30
202
353
145
194
113
148
350
496
170
142
28
264
75
363
199
184
1
45
106
414
146
113
21
1759
284
183
156
161
458
9
60
52
313
161
152
148
279
186
298
231
17
149
202
167
188
8
323
157
90
66
8
9
844
39
134
193
439
75
51
154
124
154
198
122
92
140
243
8
104
92
162
515
188
53
130
132
85
305
7
24
2862
185
125
137
198
26
139
114
142
182
28
127
61
315
94
4
53
8
21
135
223
207
45
161
5
108
169
46
212
20
180
173
14
156
1
36
125
1254
38
10
250
189
212
242
51
191
77
4
365
239
34
275
181
415
82
196
340
326
181
520
93
5
268
202
144
11
17
13
187
98
149
45
159
198
195
23
99
10
207
59
68
1000
48
44
119
28
144
6
168
314
24
198
324
82
242
173
26
8
26
422
37
90
19
341
20
134
68
1
12
393
27
130
311
181
277
181
121
9
162
43
57
86
196
79
222
147
152
57
311
29
187
47
108
75
1
126
281
122
54
5
123
106
94
209
334
186
160
28
66
18
134
41
1
200
156
131
2
61
7
73
166
271
138
46
1039
136
3
70
114
286
1
6
1349
18
227
29
253
154
124
185
170
228
141
2
191
67
15
317
304
143
210
177
14
39
123
8
23
57
280
64
112
47
247
1769
103
125
123
1
120
472
504
273
45
3
298
168
25
400
