8
4
31
30
22
62
42
101
19
26
217
195
79
142
29
1
47
1
19
30
1
94
10
41
50
4
200
5
77
78
9
9
19
20
1
10
14
19
32
59
54
759
27
36
29
81
4
33
8
115
117
68
6
1
2
6
57
121
1
3
6
45
151
386
33
36
1
19
15
110
4
6
16
1
48
8
3
60
24
39
123
23
19
7
78
95
68
35
132
35
74
33
79
146
46
113
2
46
38
50
94
29
1230
118
367
178
77
81
1
200
69
8
146
13
88
428
229
85
58
130
74
225
218
139
43
200
2
4
3
83
1
24
120
161
8
146
4
17
8
39
210
1
2
287
167
14
195
141
18
115
105
72
62
604
110
188
61
117
67
218
6
10
275
45
43
71
5
92
1
54
476
1
74
134
33
76
88
58
290
72
7
81
22
2
33
39
182
1
67
3
1
2
139
26
46
15
6
18
113
11
67
125
30
3
15
557
1
41
17
2
13
8
187
31
1
45
1
432
28
50
138
370
51
104
16
235
82
256
236
8
201
24
23
1
3
1426
114
83
73
485
96
102
28
51
22
8
45
45
10
2
3
71
8
90
164
36
143
84
7
56
26
66
78
36
23
102
65
6
2
225
3
21
3
16
6
8
86
16
154
8
50
23
9
97
32
107
96
4
21
33
47
60
27
24
57
101
244
11
83
36
28
1
1
22
14
43
4
45
26
1
83
74
3
38
69
89
3
100
67
126
23
501
5
16
49
63
44
1
303
18
53
63
8
10
33
108
27
1
135
81
30
114
124
184
12
321
70
20
35
2
100
37
1
2
92
5
107
39
317
69
16
81
45
45
1
7
70
341
127
19
50
38
73
68
34
55
94
334
60
1
93
59
3
349
429
61
7
57
40
79
29
283
12
72
2
113
273
2
53
92
361
16
30
22
15
10
70
3
31
661
37
3
133
1
13
77
86
15
131
104
188
15
295
648
25
127
23
304
29
7
49
7
12
1
144
58
135
7
12
46
18
7
17
63
37
88
2
89
7
18
78
77
6
161
116
78
74
2
204
3
21
26
334
152
38
23
49
57
42
20
7
5
6
72
40
3
79
92
146
36
66
56
4
18
5
46
41
60
95
113
7
7
78
66
28
51
1
3
7
16
55
32
32
92
1
28
54
290
7
55
1
108
57
23
1
66
138
77
45
60
6
71
24
193
24
48
9
7
326
117
2
3
15
1
1
57
49
8
256
20
57
31
55
54
40
12
1
23
34
39
58
75
232
2
22
11
42
55
66
61
38
1
17
59
63
65
856
39
2
159
80
93
72
14
15
183
9
58
2
2
12
53
48
30
25
55
117
135
2
13
2
35
75
17
30
182
41
6
4
32
12
56
3
229
37
90
6
1
19
98
2
16
54
69
88
34
19
97
44
214
40
63
354
5
1
33
4
191
48
73
37
7
11
148
291
114
957
79
2
74
13
113
62
118
71
206
98
35
10
82
28
18
16
1
2
140
21
31
257
1
23
13
77
5
7
29
43
23
144
138
491
127
4
50
9
82
3
915
46
57
2
18
67
26
308
8
79
43
195
126
41
15
52
3
68
62
6
1
2
43
125
4
40
339
33
44
41
6
29
267
56
57
29
7
49
6
12
10
1
124
56
81
108
9
62
328
159
7
11
150
14
2
18
133
134
35
83
96
361
107
146
48
20
25
2
1
42
12
538
71
249
52
38
43
105
193
102
13
10
94
9
88
64
97
32
159
66
64
97
215
84
109
64
49
7
35
7
46
78
2
47
12
4
39
252
1
254
82
32
60
314
68
26
2
52
45
6
1
42
23
6
73
86
5
74
1
48
1
123
17
19
58
1
102
50
31
51
37
3
29
59
305
1
6
11
9
148
47
45
92
105
46
48
46
39
229
15
31
5
94
7
1
76
1
16
1
197
2
27
8
56
1
7
14
125
43
52
25
86
1
6
26
40
89
5
9
113
124
109
2
60
25
1
42
34
167
49
4
9
2
669
26
210
9
3
4
19
59
218
1546
73
1
17
130
4
966
57
121
45
5
10
100
27
9
5
15
4
1
86
12
47
1
29
7
89
1
2
21
7
6
28
5
97
16
40
75
26
47
234
129
56
58
167
172
333
243
418
321
122
3
3
6794
12
30
76
1
1
55
4
58
69
29
98
105
50
23
44
7
2
49
96
1
10
52
15
385
101
114
23
172
197
197
15
225
44
12
41
40
52
8
9
178
3
163
4
18
4
8
2
49
46
33
2
20
8
1
21
32
112
9
75
90
38
38
28
66
87
971
1
17
1
103
124
31
29
147
1
138
54
25
44
102
283
168
39
216
39
2
158
49
31
99
133
26
27
6
36
6
3
71
18
1
1
27
38
154
4
16
88
2
36
21
627
4
55
29
28
178
1
38
8
28
2
25
1
122
3
93
642
45
22
1
235
140
1
195
156
25
75
105
23
2
141
4
7
27
5
30
90
1
1
24
32
73
1
65
15
119
2
99
76
57
16
17
8
73
23
21
59
36
57
28
108
9
102
6
80
185
6
148
68
80
76
7
131
87
2
62
144
4
2
2
1
54
70
13
60
60
60
158
67
41
29
4
72
48
12
34
94
4
27
19
35
51
214
46
326
7
8
5
27
67
21
30
3
42
64
163
66
372
14
19
78
60
337
6
96
88
2
20
100
187
7
20
30
10
14
27
51
66
3
5
1
73
48
7
26
2
45
49
44
62
63
66
136
15
2
34
267
35
2
133
95
7
10
1
15
4
15
240
9
11
26
17
11
48
52
31
4
148
54
62
14
73
98
28
47
20
27
29
136
4
260
34
2
57
13
37
45
1
8
8
69
33
4
32
224
36
144
1
209
29
9
31
36
6
5
14
72
53
2
21
1
4
9
16
123
18
41
94
46
1
76
95
126
39
2
117
1
282
112
7
8
19
10
3
244
18
1
3
9
3
59
116
311
43
64
34
90
39
8
43
126
186
35
198
2
41
19
161
7
48
19
177
140
25
126
3
17
8
43
26
159
94
118
59
30
66
94
60
21
4
19
25
2
229
464
23
148
28
1
47
90
32
103
62
5
49
35
89
7
5
7
161
21
140
55
99
4
2
15
4
61
64
95
15
16
15
103
109
66
70
4
26
6
52
34
17
23
1
60
35
1
3
7
1
12
112
28
3
37
51
7
43
27
35
828
11
37
132
64
2
28
81
78
258
547
18
37
31
35
156
63
180
74
30
279
4
28
57
49
47
33
32
67
6
33
7
41
1
42
557
65
1
63
5
29
48
49
36
17
47
16
58
93
1
55
29
82
57
5
73
86
3
4
161
2
71
43
56
14
212
174
2
4
49
189
31
17
240
69
45
36
129
26
7
1
4
93
25
182
20
69
5
137
40
262
2
7
65
33
2
12
7
34
17
27
68
35
239
195
58
117
10
14
6
204
10
283
28
75
1
26
166
1
6
10
75
1
1
23
4
35
109
57
56
11
44
5
55
36
56
44
1
42
86
41
43
54
293
40
18
5
56
14
2
82
63
4
50
71
10
164
31
35
6
90
50
22
3
8
177
103
3
150
26
108
32
94
53
86
771
577
78
135
194
268
81
143
61
104
24
1
30
118
316
50
48
176
7
5
178
93
57
24
1
36
38
18
15
22
5
220
38
142
7
53
101
66
50
55
276
4
89
203
13
4
11
52
33
326
53
55
10
102
261
31
2
2
117
4
879
105
93
20
874
21
78
33
82
2
37
111
161
208
69
4
395
983
948
46
26
31
1
94
8
49
77
35
82
14
34
2
449
26
39
3
33
26
40
26
9
4
34
58
13
104
98
111
136
23
148
80
70
53
10
23
91
34
924
63
32
444
9
7
3
4
34
8
127
163
16
75
41
25
3
110
1
23
36
29
83
7
9
89
142
1
56
1
17
9
30
10
24
280
11
17
80
451
9
143
2
69
115
47
110
1
4
31
22
2
182
4
34
47
49
192
91
77
9
33
53
174
207
7
4
2
4
70
4
228
66
7
74
41
25
1
545
21
15
1
1
14
8
32
31
26
406
112
1
83
138
7
7
40
120
58
59
1
48
77
50
445
64
102
59
202
9
1
90
1
144
38
72
39
8
85
37
1
41
14
31
12
20
345
109
62
65
107
141
1
94
49
69
59
1
73
83
119
10
3
3
1
4
120
177
3
47
42
105
36
71
48
98
27
79
62
318
9
19
6
18
103
379
23
69
8
47
351
402
95
53
96
44
10
6
53
54
59
127
73
39
1
66
6
322
149
38
40
74
66
12
25
52
18
4
76
91
64
21
3
24
33
6
12
71
3
36
4
24
103
70
59
45
22
205
531
35
141
201
76
38
135
13
62
54
107
38
43
45
126
231
1
412
66
125
18
117
306
310
468
184
11
97
190
46
433
76
178
96
529
10
40
223
5
6
295
78
27
21
40
8
76
32
33
55
93
11
12
165
155
96
133
30
6
496
233
155
59
5
15
89
6
259
63
832
115
35
4
158
14
60
287
86
260
90
1019
46
36
6
3
14
92
149
3
1
486
97
245
29
75
31
7
28
229
113
103
128
41
48
19
23
76
180
117
100
2
75
95
128
42
1
180
151
163
15
5
219
3
133
23
96
106
114
86
142
271
90
114
129
13
52
127
143
30
200
135
104
157
36
64
116
3
5
66
79
3
1
39
202
1014
161
13
184
10
156
107
78
1
86
41
149
65
296
39
6
36
85
190
13
233
56
169
45
6
11
7
2
5
55
3
1
45
11
610
181
3
57
44
3
7
15
222
9
90
99
73
203
999
241
38
30
40
41
401
152
4
1
94
80
7
66
44
2
1
42
1
137
19
47
199
20
34
43
16
51
326
26
712
52
47
42
83
30
10
13
80
365
48
152
88
294
238
301
83
5
10
30
164
77
1
226
337
35
49
190
85
510
849
170
18
6
500
84
227
30
25
300
1
2
74
99
25
65
407
38
6
240
2
13
4
93
28
47
1
161
201
321
2
7
24
21
1
11
2
227
154
127
121
67
3
4287
29
81
8
182
6
146
30
5
226
86
58
10
56
37
75
1
21
86
63
321
47
125
1
112
27
2
31
80
131
1505
63
6
12
56
38
75
23
30
95
527
231
345
338
33
155
181
39
3
18
17
121
72
73
10
51
72
119
96
84
56
249
85
84
125
73
68
23
76
218
1969
39
123
38
96
174
71
123
59
164
19
368
1
77
29
66
20
280
7
21
37
2
167
8
2
4
27
3
168
100
1
3
99
48
98
22
4
5
208
905
159
113
222
27
20
5
128
6
261
11
459
451
109
123
14
176
387
118
1
97
18
47
1
240
232
32
141
14
132
4
69
196
23
5
71
25
118
419
115
32
190
127
17
4
1
78
85
21
99
22
29
53
66
8
121
55
9
104
4
12
54
24
25
88
3
85
75
48
89
10
170
27
2
134
111
94
71
72
129
9
407
9
83
119
112
58
3
257
127
6
10
168
29
67
105
176
28
172
19
8
13
3
56
121
274
53
102
24
32
205
36
126
36
187
44
45
140
105
49
48
16
64
56
28
62
424
42
84
639
115
60
2
22
105
17
2
17
18
82
42
61
4
861
10
61
88
51
5
205
4
226
68
133
417
192
119
339
4
590
89
1992
9
1
74
98
178
165
1
129
117
68
111
136
74
53
132
372
82
324
272
166
11
118
140
85
36
47
227
1
37
214
5
62
215
20
286
66
129
88
143
109
8
56
84
38
67
7
765
102
76
272
470
340
48
26
5
145
6
264
69
14
20
43
2
19
7
145
92
105
100
43
400
1
166
42
105
30
178
321
65
3
225
159
110
18
209
182
151
203
6
31
140
639
7
92
19
13
22
412
34
46
129
78
97
115
50
249
1
13
22
6
53
12
165
163
89
270
5
70
3
85
57
3
514
55
6
3
4
50
49
69
1
65
24
151
253
22
47
75
66
128
50
95
82
12
81
11
17
1
423
44
22
3
1
7
272
319
33
160
11
16
709
84
4
11
56
183
2
18
73
424
98
100
270
56
7
23
29
4
27
76
529
636
102
73
62
26
479
24
128
171
741
56
106
963
516
167
146
51
57
6
165
35
40
3
30
158
74
80
62
8
29
85
439
45
91
175
18
110
54
1
73
142
2
65
82
41
3
78
39
5
71
1
33
100
18
3
76
34
21
3
32
112
41
38
7
56
10
45
320
207
163
47
7
42
12
19
36
65
15
24
57
490
25
125
463
74
90
3
220
105
6
285
36
35
5
65
121
7
49
227
125
12
62
100
18
26
7
68
38
39
30
41
4
3
16
219
191
76
62
83
27
38
1
3
22
40
27
118
12
60
4
230
83
75
338
88
84
75
33
127
8
62
25
90
68
83
375
120
44
35
29
114
248
435
33
1
6
11
20
22
11
10
69
47
114
162
1
51
21
206
96
1056
15
72
63
139
116
38
51
61
75
265
97
74
1
28
12
18
2
125
305
3
3
111
191
132
30
1
36
155
68
2
5
604
20
70
226
2
39
38
2777
43
205
432
421
40
103
281
2
8
22
82
1
267
38
262
59
1
80
162
346
30
84
57
20
2
87
73
11
31
76
16
34
17
194
111
49
25
114
180
116
18
8
10
166
29
9
68
78
1
39
55
170
53
117
45
31
107
3
194
64
24
84
101
60
63
185
58
66
123
10
70
43
22
205
11
152
87
3
134
20
24
77
3
303
24
97
14
56
12
101
122
3
162
23
