63
6
232
91
5
50
34
127
137
139
134
59
44
17
46
301
6
111
87
308
405
387
403
57
125
442
6
7
132
143
35
25
7
10
58
28
137
5
17
42
301
124
132
207
4
13
287
137
46
298
2
257
7
1
394
389
24
88
7
19
356
313
12
108
272
7
134
1342
589
135
17
139
147
140
28
364
431
110
125
138
86
135
346
11
380
484
587
78
11
20
367
140
1
9
5
123
63
1
9
34
13
3
234
2
15
146
1881
53
56
16
8
132
10
7
21
135
285
134
135
121
12
101
1
36
12
62
4
134
68
10
1
4
144
6
210
11
79
27
1
102
8
43
1
5
1
14
33
25
18
453
726
1
41
22
8
6
175
144
135
135
158
63
60
15
9
27
26
1
14
411
135
190
444
10
34
387
4
8
13
94
135
90
12
8
3
36
35
10
10
9
1
6
85
36
16
57
135
258
8
28
5
9
68
13
19
482
30
158
357
15
22
39
5
380
6
79
235
45
137
57
5
407
85
22
6
6
188
137
105
270
137
143
167
220
605
4
115
128
20
11
5
584
461
71
346
137
97
175
219
175
5
47
682
29
218
63
12
5
3
135
17
165
145
182
137
133
190
139
276
1
126
368
386
150
129
1
6
8
25
18
182
296
1
28
38
8
6
21
433
65
390
177
10
135
22
374
11
17
4
34
427
19
140
89
614
1
52
45
414
98
92
5
6
67
18
492
3
11
6
11
21
15
1154
408
18
18
1
142
135
35
423
361
422
133
11
1
359
101
306
236
80
11
136
399
1240
36
400
137
1
