51
21
5
192
2823
228
221
95
55
747
3
212
594
206
1
177
126
222
51
175
131
2
7
58
56
4
4
154
71
482
65
55
42
90
66
56
567
165
1
55
43
316
54
242
229
95
56
686
1
190
55
54
50
280
364
1
91
219
56
50
55
126
333
56
51
55
216
55
267
58
50
192
119
55
184
174
231
181
51
52
145
214
188
143
51
173
228
59
5
179
82
240
56
51
115
55
51
212
55
265
152
56
125
371
189
4
103
184
98
139
175
1
9
2
51
70
449
126
1
2
690
239
57
55
100
55
336
210
55
4
659
39
170
95
66
55
7
1
1225
6
56
1268
45
343
173
18
7
1
250
133
59
214
779
227
3
241
51
2
51
194
159
175
56
76
106
55
55
86
56
74
708
55
66
52
251
85
13
79
179
454
90
232
287
95
914
58
63
211
2
1
153
10
176
66
5
1383
4
108
55
218
96
171
1
55
143
218
55
51
183
118
124
15
407
307
56
56
91
42
54
54
1
55
221
51
81
6
219
571
182
206
165
72
508
56
184
4
60
237
234
150
90
59
550
284
4
120
494
172
166
73
2
176
630
55
147
227
5
146
61
51
137
55
215
272
310
51
3
60
51
238
63
176
8
232
55
108
55
55
55
357
51
58
55
183
69
63
365
177
1
68
429
54
199
55
465
9
1
173
1
177
235
126
58
96
32
87
64
52
70
7
174
136
728
55
409
185
165
81
221
56
221
58
526
109
148
140
55
55
1
26
104
55
128
124
52
334
74
51
55
215
2
271
19
21
207
3876
