14
16
8745
15
2
267
10
20
1
1
276
122
492
1
126
24
53
2
399
35
3
6
19
10
11
407
150
33
98
157
17
518
34
156
942
34
60
18
28
2
288
1093
19
6
1
25
1016
15
548
3
5
525
4
1
8
141
1132
4
432
4
4
10
3
559
102
137
135
556
6
107
6
8
523
2780
27
564
48
10
13
749
4
439
44
11
429
4
5
6
2
9
6
116
423
3
180
348
67
3
43
58
91
169
7
108
20
1
1
1335
233
11
80
3
893
429
3110
45
439
182
73
1103
97
31
7
616
2
144
11
9
4
4
150
23
470
14
1
93
28
125
2
127
147
19
4
43
40
1
2
1
1959
362
473
318
694
2
431
451
539
1682
697
529
419
10
434
3
11
632
6
186
281
8
6
600
247
2
3
6
323
192
390
2
5
6
522
433
1788
57
6
8
36
86
380
1884
193
209
3
104
14
105
732
417
1468
121
1
107
588
12
9
4
2
159
56
1669
445
907
56
129
16
4
2113
1
784
23
193
1912
13
5
1
202
557
9
4
160
4
193
1
1
1
16
222
8
2
5
7
