199
75
195
10
155
203
75
70
80
561
80
385
211
225
7
55
75
119
2250
75
62
517
34
156
1
76
185
25
549
127
76
284
7
133
165
80
77
71
275
324
129
80
73
76
215
249
74
337
76
255
122
170
205
75
82
60
351
75
134
74
182
236
188
657
360
75
76
75
139
75
72
147
269
203
144
84
211
76
75
75
75
75
281
78
86
5
75
274
71
1
131
212
247
128
246
75
214
252
75
152
85
203
80
84
204
32
205
146
1807
99
110
80
126
272
155
123
120
201
249
208
89
39
644
269
24
122
76
2
75
400
76
151
73
249
221
71
87
190
18
103
77
209
267
252
442
75
1
152
70
54
240
76
75
75
75
105
80
82
83
75
213
79
160
266
271
76
90
759
25
102
