10
2
15
2
10
81
1
13
4
31
144
27
5
10
11
11
48
23
4
51
70
75
42
40
17
755
10
396
72
28
46
56
88
6
10
6
16
6
49
15
3
110
51
9
11
12
14
4
6
28
10
55
9
24
39
77
20
8
14
17
7
132
8
53
45
21
17
66
61
18
15
26
30
26
14
54
433
14
112
2012
13
21
29
3
1
4
8
18
6
11
5
14
10
153
5
64
35
4
7
1
24
29
30
20
11
7
19
149
23
34
1
28
1
46
108
31
6
7
3
9
25
87
10
48
28
54
22
28
14
8
23
11
6
22
108
8
36
88
1
10
12
55
21
69
39
74
10
12
61
207
44
61
25
26
24
1
6
35
6
18
16
48
190
4
26
37
7
428
17
76
58
666
17
25
62
7
14
45
594
108
18
12
37
18
13
65
299
27
9
76
77
7
1
48
108
86
8
14
12
3
12
28
13
65
22
15
177
15
15
1
109
1
60
7
5
41
64
53
51
1
42
54
10711
3
86
7
141
90
110
24
7
4
46
35
16
26
22
144
27
18
7677
37
47
36
12
12
1
15
31
14
85
77
64
3
33
3
3
34
5
86
4
102
23
74
1
15
61
3
602
26
4
8
9
18
5
18
103
28
1
1
36
6
14
66
20
382
54
65
1
5
41
9
18
20
36
5
14
3
32
9
2
88
33
74
10
51
48
77
60
20
26
148
53
23
15
26
81
110
28
10
26
53
28
36
1
7
46
28
94
11
18
1
77
12
14
42
22
10
22
47
22
12
41
5
16
30
20
1
47
4
35
35
377
14
134
23
4
6
1
38
6
1
15
31
22
133
23
3
54
11
4
5
106
89
16
150
126
14
19
12
14
19
1
2
42
39
6
54
2
58
3
94
10
55
70
17
48
6
15
19
25
37
157
68
1107
17
37
21
12
4
13
16
384
5
25
27
28
14
48
5
56
40
116
9
94
29
10
43
35
17
18
16
173
15
9
1529
90
2
38
46
46
180
17
81
1
12
21
16
21
46
9
51
36
4
20
63
1
32
1
17
8
3
5
39
12
39
18
17
35
5
9
56
195
175
3
1790
21
688
14
25
49
1514
24
4
13816
54
31
146
75
10
5
5
15
5
15
13
1
37
37
62
16
41
63
1
8
28
20
816
30
179
7063
4
3859
17
40
5
11
74
11
11
12
39
7
14
39
14
18
40
59
36
21
38
16
99
21
17
32
6
7
23
1
12
8
7
28
24
33
50
9
36
6
5
8
57
89
37
14
46
13
24
16
56
20
5
6
7
23
42
53
24
48
3
1
22
5
23
7
15
9
29
1
1
19
4
6
587
492
1
612
36
6
1
7
1
38
14
8
31
14
16
22
4
27
9
139
13
2
20
85
4
43
14
17
6
41
4
59
113
4
33
11
93
5
28
2
4
17
42
47
47
97
70
9
57
53
28
17
978
12
6
9
6
6
12
11
120
86
10
3
10
14
110
27
12
44
6
11
2
48
68
1
19
22
31
15
6
37
26
177
21
63
128
59
209
6
102
90
7
15
7
53
144
12
6
1
17
15
23
12
21
6
5
6
36
30
10
5
33
87
12
56
7
2
2933
57
8
249
2373
14
16
46
85
7
57
169
2
3
12
14
1
16
57
21
23
10
32
41
1
76
16
4
4
8
22
11
50
35
21
30
11
21
15
1736
3
10
13
5
16
13
69
23
101
10
77
37
29
3
35
2
26
14
3
15
221
87
13
53
184
114
28
63
43
15
2
329
14
13
70
8
4
21
35
11
100
10
20
5
24
20
5
50
1
18
266
44
12
19
4
54
1
51
11
5
34
30
486
5
7
20
2
7
15
14
58
50
29
82
20
38
11
8
11
57
8
36
54
58
59
271
8
19
7
10
33
36
39
23
3
1
3
13
20
137
32
63
29
18
6
283
1
4
15
13
9
163
6
126
23
6
4
7
244
13
24
26
4
8
1
7
37
12
17
9
78
41
14
10
53
107
87
34
6
272
93
13
57
4
57
22
586
50
22
70
8
4
8
40
12
7
19
7
6
91
21
1
75
17
22
8
16
16
49
14
91
12
34
43
12
13
9
19
8
35
43
1565
248
6
7
1
30
15
12
48
20
16
28
34
4
20
16
5
27
21
3
23
3
12
4
73
256
223
25
1
21
36
6
1
52
11
4
1
16
10
49
26
10
57
19
122
11
12
145
41
21
21
2
5
12
22
23
63
7
9
19
23
95
7
30
1
39
14
73
1
20
13
1
51
25
2
13
253
29
29
72
67
1
19
10513
42
20
11
1
9
53
27
6
1
12
57
27
3
34
30
15
21
28
88
114
14
99
21
27
10
25
19
26
4
12
54
10
12
9
56
15
6
38
106
50
7
14
11
28
25
40
62
91
3
5
59
28
521
2
24
36
113
22
21
8
21
245
41
9
3
7
20
25
17
33
7
32
21
81
38
37
12
37
6
33
1
151
35
22
13
26
67
37
46
16
1
31
33
16
16
9
55
22
24
3
25
38
59
27
7
1
14
3
8
11
13
6
10
56
2
7
43
10
1
15
18
9
18
10
31
1
37
825
67
15
40
8
47
12
19
13
11
27
4
49
29
10
4
6
56
11
41
17
46
8
28
55
28
10
25
30
10
1
83
16
8
1
22
32
462
4
25
32
9
26
28
25
9
42
9
88
13
13
62
605
1
3
5
37
48
11
63
41
26
115
66
34
43
50
11
9
16
550
1
61
4536
4
322
10
4
90
40
80
44
76
52
1
45
6
11
13
52
7
16
6
23
15
4
10
10
19
27
58
14
12
22
4
170
19
1
6
18
15
5
158
6
23
16
63
9
8
36
8
20
475
89
13
8
30
34
16
191
41
11
3
40
3
78
8
27
2
11
3
56
37
3
166
10
5
2
10
66
2250
1
5
19
25
92
9
20
149
14
77
64
11
77
10
16
15
5
37
8
73
17
12
82
22
1
99
164
10
2
401
18
196
25
6
62
5
16
57
19
59
12
15
8
7
54
62
8
150
12
92
5
36
2
6
13
7
12
19
21
1209
285
41
87
12
1
113
29
20
7
28
1
74
2
19
11
26
6
9
15
7
5
40
24
29
5
8
20
62
18
4
3
21
52
54
43
22
26
14
147
129
59
41
25
41
2
8
37
34
51
24
5
50
24
21
11
72
9
18
33
5
19
1
32
37
119
16
14
10
30
14
10
1
34
48
13
113
36
50
153
21
6
16
36
6
29
10
6
31
9
33
17
7
52
18
25
24
1
28
15
312
39
31
1
20
19
8
17
36
3
6
146
41
19
45
6
38
48
24
15
18
28
118
12
7
8
189
5
73
9
17
40
11
77
4
1
10
12
2
13
30
18
13
1
50
17
18
52
21
10
53
73
34
3
59
2
60
24
30
17
16
6
16
8
77
6
4
47
16
16
11
67
12
8
510
33
6
56
48
9
27
43
19
15
79
5
14
11
12
5
12
23
9
9
37
26
90
25
39
59
41
25
20
17
7
36
29
12
31
75
35
9
9
1
8
18
19
19
29
6
13
1
15
12
39
41
11
50
14
2
45
34
11
1
6
8
38
2
44
9
45
289
3
48
7
10
24
5
13
37
13
14
28
20
32
18
20
26
19
18
1
17
9
2
27
22
22
25
10
31
3
332
512
18
37
7
13
6
15
24
13
52
15
24
9
1
63
23
74
11
41
7
21
9
71
9
9
22
1
6
42
13
15
76
45
8
13
4
14
51
7
34
71
58
170
19
10
58
187
6
34
105
8
79
5
22
7
250
18
11
1
20
25
15
13
113
61
25
31
1
22
17
114
160
62
508
20
13
82
42
87
34
42
29
19
224
7329
15
30
3
18
21
19
14
72
44
8
35
1
62
20
11
13
63
52
26
15
34
6
20
20
13
