1515
90
120
18
4346
7
38
565
847
414
10
1552
1955
33
38
620
9
39
17
52
1324
39
78
649
203
306
78
365
399
446
395
402
9
282
37
702
1629
1199
189
162
1
76
70
635
918
4
267
3799
31
1024
1060
1645
89
111
11
889
2027
1067
33
1628
56
108
2
8
122
43
581
16
1379
505
398
429
103
543
241
14
93
38
2976
165
208
132
2211
75
864
3698
6
78
634
412
4411
34
1635
2607
1873
1551
63
1
234
170
2109
923
135
2357
1099
1580
2241
284
412
404
128
314
409
3383
1162
7
224
329
29
1
956
12
75
692
9882
16
115
171
367
1173
2
196
1519
342
1502
118
2741
464
3023
577
26
23
5
548
26
817
4267
821
2065
89
58
33
12
66
