11
4
176
91
210
95
91
6
26
17
219
16
189
22
1
124
435
1313
1034
95
174
138
4
20
28
21
108
33
17
4
8
90
19
124
192
8
133
8
4
4
212
19
1
222
210
37
247
576
5
10
123
24
20
76
128
195
10
690
82
26
91
6
216
240
248
103
184
231
160
139
24
191
214
121
51
148
272
1372
2454
995
327
227
246
134
415
222
219
131
211
310
153
95
107
12
144
95
202
248
219
38
89
203
207
172
165
124
515
232
4
123
314
226
17
293
244
8
211
23
3
4
1
48
303
37
13
216
94
52
26
215
239
327
14
10
230
231
91
92
557
91
153
19
557
91
216
253
6
250
126
74
10
77
229
1085
7
65
13
91
31
3
8
721
30
251
7
88
8
1000
22
12
6
236
218
4
5
238
306
10
215
13
6
3
238
121
141
913
218
2
23
12
259
134
72
13
95
92
17
2
1
173
23
193
192
28
3
31
26
73
217
25
175
219
26
1
23
1
213
86
7
989
5
9
23
200
218
136
234
128
208
130
90
74
176
218
262
49
126
376
136
12
563
1
313
138
187
426
278
4
154
55
93
199
66
9
103
95
5
123
145
219
219
34
140
88
22
10
784
113
219
6
11
6
175
91
189
70
216
124
95
2
187
22
170
97
220
207
318
207
10
15
24
344
43
213
87
231
194
7
612
120
115
10
205
303
409
202
14
6
31
118
30
187
218
47
345
4
285
5
12
219
10
28
269
472
129
318
95
186
215
155
36
1
5
7
12
659
216
29
213
34
74
198
1
34
5
163
95
70
131
23
6
31
171
8
235
121
84
216
12
17
215
235
17
7
61
228
172
181
91
90
124
229
91
216
60
90
216
183
20
31
223
188
211
181
430
6
182
213
144
226
223
218
23
215
584
169
215
237
12
92
185
320
23
176
118
786
219
221
146
220
92
187
184
162
6
210
208
271
241
159
6
217
216
95
195
115
14
