535
83
16
71
21
12
85
604
203
10
207
49
534
14
174
81
75
336
570
1204
5
63
220
166
119
830
820
49
4135
8
361
198
254
1216
1
75
153
453
66
15
63
316
297
21
82
9
492
5
117
119
184
205
84
29
511
48
3
15
21
883
186
501
24
37
43
83
710
12
701
1562
29
46
233
1194
1
211
3
210
1
91
512
110
58
176
64
18
8604
61
19
190
985
79
101
8
433
96
1
9
604
1115
1332
106
140
721
372
787
15
1162
109
126
584
6
73
21
122
161
265
5
7
367
598
217
13
5
278
72
6
271
23
5987
9
27
461
5
338
29
12
126
8
1200
206
3
2648
241
242
166
1396
595
77
56
671
1
171
69
147
247
267
899
1567
115
71
75
37
172
144
1233
202
24
96
799
3
441
8
185
2
44
104
1234
139
55
85
1474
68
55
1
15
234
737
1224
34
790
125
54
827
4
200
24
100
543
73
46
100
189
1340
75
862
168
38
133
396
793
417
5247
3
11
125
867
19
55
75
4379
38
158
23
84
167
27
120
563
182
97
204
155
242
148
91
79
205
1151
59
2195
6
424
1751
75
1693
75
90
651
222
413
448
370
355
618
51
18
32
6
83
763
44
128
308
1001
256
2
200
157
370
80
202
155
147
6
146
227
197
27
281
121
55
75
32
637
75
60
67
119
432
405
1
198
158
6
83
9
303
529
85
442
86
5
271
28
1155
65
280
47
1237
898
89
95
136
219
308
1090
234
880
163
82
895
248
186
75
6
438
3
472
993
215
1553
76
301
72
95
210
179
201
269
80
127
210
80
75
272
396
224
104
209
223
358
416
76
210
1150
438
362
76
210
74
179
293
82
81
675
75
180
615
660
1
117
75
77
127
982
1
308
1
325
94
167
223
849
895
52
86
304
60
833
947
11
79
215
75
778
157
324
16
10
532
3988
1051
208
115
130
61
120
286
1592
271
1413
242
395
49
8
120
37
3
1742
58
236
2002
14
190
272
76
21
153
71
2022
73
292
103
1232
594
575
64
1372
657
405
461
9
273
3
41
378
163
331
3122
76
91
109
97
681
589
321
261
118
381
151
86
165
899
154
73
75
3787
46
19
24
189
288
75
57
24
596
32
218
337
149
266
1721
22
45
75
468
5
1479
210
330
451
60
79
829
233
128
185
66
249
109
536
39
85
115
2509
482
326
75
514
186
1017
787
127
69
148
150
910
195
785
261
5
158
243
273
6
149
298
1
233
963
154
1
191
15
30
1037
1447
42
561
99
48
2210
85
145
707
75
5
1
9
430
403
19
344
37
302
122
823
359
504
203
1896
448
188
134
169
573
200
459
847
91
626
233
27
185
73
219
464
36
739
218
749
473
1241
95
508
268
5
17
178
67
62
23
20
24
75
647
200
455
440
1619
173
154
10
9
154
224
143
81
11
2
42
9
75
522
82
24
2
129
205
1009
70
17
202
268
4
14
20
113
430
88
292
95
4
118
97
734
407
136
323
119
39
610
128
231
270
793
81
7
1
1465
303
1
231
71
346
69
1533
1118
360
166
75
392
268
813
2
939
769
1465
136
7
434
335
243
33
71
285
3
191
77
5
75
1
266
179
94
63
434
217
21061
426
114
396
30
1
533
97
4
300
37
2
74
53
278
201
584
1309
156
16
655
58
73
1389
1493
307
213
77
106
2
218
263
459
235
265
881
35
16
777
85
582
224
683
222
698
3403
8
106
226
390
436
119
2247
3
18
291
2
1143
438
288
96
1191
98
169
4
11
710
1582
12
1153
20
100
83
144
86
18
435
1
84
138
750
29
1237
515
761
161
108
77
25
344
48
240
166
268
375
102
884
58
101
394
59
1271
355
30
115
577
267
254
37
646
119
1824
545
122
688
624
895
93
895
76
57
1027
78
373
75
106
106
155
72
52
27
72
95
127
44
37
1077
162
91
74
144
9
7
316
86
55
229
26
230
73
68
84
4793
97
15
932
184
202
193
627
124
88
86
76
191
106
610
354
83
375
215
119
86
1485
744
280
20
83
1145
263
79
237
23
1
148
178
11
591
47
348
665
108
127
60
1970
3106
167
7
208
95
79
175
449
620
284
923
579
118
71
95
1958
457
84
97
72
73
273
106
77
86
72
5
188
2
88
223
71
228
59
3686
198
74
110
538
335
324
24
100
107
73
30
3
75
821
2
166
338
28
75
102
232
71
62
82
3
72
101
520
151
207
1101
200
812
115
376
253
900
6
540
92
124
1
2
2
312
126
1117
71
1281
234
128
154
2445
367
20
1154
85
303
428
734
206
78
7
1026
83
151
138
557
18
19
253
296
223
1719
152
182
55
22
75
9
1147
260
534
117
1578
608
122
32
654
740
694
666
424
192
728
27
173
552
26
243
92
206
4
79
40
882
401
91
807
138
76
137
247
78
131
236
265
84
796
99
251
1640
91
76
72
407
118
105
67
75
469
1713
3
75
140
5
2070
255
292
148
71
159
477
97
76
405
561
12
440
91
213
1
34
76
217
75
204
141
432
1250
200
45
1310
123
31
65
72
928
186
352
678
75
1062
71
424
128
8
74
218
74
306
806
71
185
98
346
76
90
2
160
283
57
77
191
72
179
688
566
43
226
79
988
30
10
31
76
137
