978
34
523
155
30
64
3
104
5
353
18
5483
5
3
10
612
162
1310
54
1
10
61
278
238
598
45
14
45
61
3
531
154
86
921
238
7
18
795
153
49
1831
3189
1130
111
71
56
9
34
72
24
14
69
20
27
32
124
1
400
662
2838
19
11
76
480
9
361
67
9
199
3
13
535
196
282
11
251
964
82
1
131
483
29
24
20
79
612
275
4
75
18
333
51
125
27
69
1733
237
62
1440
1056
65
141
13
205
455
1730
2404
3946
210
1046
2730
352
167
489
659
510
50
185
2933
7
6
36
73
1196
896
971
2417
431
4
249
34
232
21
1424
1607
1566
91
50
28
653
172
212
31
46
629
268
1
1017
1
290
430
48
968
615
2383
763
2327
7
1496
7500
7
257
168
7
13
16
420
46
279
3
694
1839
1559
54
1979
697
41
274
27
452
136
1822
20
927
5
36
187
26
47
287
292
1189
9
31
588
21
67
1266
121
40
1646
542
1367
819
152
445
171
642
299
586
23
196
172
54
149
322
218
2639
1043
25
166
1723
1351
73
639
114
447
755
255
210
595
1220
662
61
162
159
8
13
244
94
237
417
281
75
40
77
241
10
947
2114
426
2696
563
57
37
736
2451
457
106
200
616
50
8
65
62
373
380
185
122
765
15
525
211
29
788
40
214
244
8
84
209
277
2137
2732
436
1526
402
1700
20
54
2474
232
2233
61
2898
209
672
1982
205
544
1829
112
21
8
2116
487
30
121
19
10
1478
210
1593
420
44
8
9
225
1700
603
1518
63
206
674
76
43
92
2
2033
418
241
20
656
71
496
124
238
203
11
527
252
1259
416
1
643
48
95
11593
469
70
67
1020
878
480
40
1811
43
1455
5
499
5
31
487
884
191
228
429
68
581
9
285
971
156
182
181
87
196
6
96
62
2
342
1515
280
541
124
224
2
136
647
55
106
83
13
482
237
103
65
55
1523
182
129
13
226
142
103
217
107
59
20
819
38
28
230
839
30
109
1761
310
75
35
1022
79
99
11
1066
741
4770
1980
105
530
480
38
301
1921
86
1215
20
2824
17
1883
401
58
182
43
458
362
1239
3553
27
1083
216
771
57
1418
41
1688
1405
440
326
437
1233
120
2091
180
289
103
98
115
12
51
313
96
164
54
3490
862
490
278
3
16
4011
4
96
85
1031
11
334
262
152
5
3183
67
6
277
24
230
427
104
326
51
219
612
167
21
512
17
214
77
97
662
43
66
70
1845
67
107
381
871
188
94
1211
714
215
53
216
1472
21
40
43
471
2
402
28
476
119
757
242
881
211
11
162
5
129
659
252
491
267
1176
393
52
541
579
493
989
426
2008
793
1506
1004
25
163
95
32
102
6
2143
735
216
69
243
249
91
175
44
1151
441
555
99
153
1243
312
1774
2504
487
103
46
460
17
8086
171
1915
756
375
1987
1970
124
1322
137
1206
1167
1162
44
109
20
275
334
1391
219
241
240
77
11
7
40
452
447
167
83
72
143
432
52
91
170
45
129
23
439
202
175
32
1
3447
328
118
13
508
1651
874
8
44
10
59
165
2461
19
5864
12
458
85
2555
5360
64
4
919
8
889
138
522
17
476
1739
250
662
419
186
510
54
222
97
128
3125
384
7
182
314
59
112
235
138
389
819
11
9522
1064
16
874
786
3144
1697
267
7007
132
277
103
12
5
286
67
129
262
133
457
89
118
338
318
101
4
22
1091
44
727
40
744
241
147
75
64
138
853
1146
210
2066
65
773
455
411
66
142
55
493
365
65
1
115
53
103
518
95
48
41
269
94
204
473
749
410
606
347
10
93
1236
838
42
82
1447
188
278
64
22
699
591
16
1043
1673
5
37
244
24
53
208
5
1448
362
258
10
551
260
348
187
112
2304
2257
122
4
8
48
68
60
13
760
6283
36
86
802
25
349
10
102
1498
194
24
2187
18
18
28
129
44
33
128
89
222
24
2269
61
7
2085
131
543
182
187
30
86
624
18
71
435
19
32
354
358
178
134
7
63
424
404
172
10
182
165
319
232
279
198
383
132
5
679
2
971
371
55
1130
325
388
68
852
451
32
214
193
42
32
25
5058
1040
35
274
188
1349
417
247
497
94
16
26
952
503
150
92
280
3
133
281
260
583
368
6
1489
30
740
222
14
2065
17
172
9
53
5
350
250
1079
70
234
1633
33
28
229
205
276
8
1
113
132
1911
74
91
21
335
506
776
68
17
936
59
391
433
113
562
1086
12
744
233
1891
41
385
14
2
1878
653
53
1
416
158
1157
33
1093
1175
1712
957
122
119
291
141
118
334
113
436
7
455
842
16
450
703
67
30
272
376
247
25
82
37
1
247
261
373
287
70
13
1133
546
534
34
407
415
71
14
153
120
72
189
40
171
45
672
86
128
551
521
9
16
1601
175
22
101
59
1
1824
586
127
4
249
75
110
41
408
27
31
1572
259
9
142
129
306
425
605
244
71
217
79
155
574
130
1541
279
1242
215
8
140
22
4
50
432
23
9
302
57
322
217
180
11
95
178
676
157
422
480
79
71
32
365
193
88
172
19
521
39
1116
159
238
1462
4
1897
1539
324
2144
47
100
1
2867
456
373
1
428
4
41
184
7
39
23
687
903
1
95
122
275
1438
375
133
323
218
5
720
574
1623
18
181
18
37
17
97
5
3
414
703
458
176
314
1036
94
8376
448
8527
2
73
13
2985
5
1589
48
89
1642
151
487
2160
126
102
83
137
32
12
3
190
4
31
37
214
242
14
522
93
1987
1202
2420
8
1455
408
282
168
1871
2775
2165
14
2
545
1422
85
107
104
348
52
16
3123
85
45
6
96
181
41
167
2164
663
466
31
2
321
33
1
527
254
74
44
60
1690
3
967
11
53
158
24
29
165
63
95
156
91
71
1051
6
128
75
323
81
182
19
187
214
173
102
54
209
7
37
1414
395
57
180
220
429
67
200
134
663
8
149
266
443
440
1660
102
196
284
119
168
1204
194
1052
468
278
371
555
