52
178
239
189
280
241
203
194
96
368
96
56
50
155
175
213
2
165
4
231
95
170
919
505
4
3
183
55
91
167
267
521
666
184
173
268
236
180
51
417
157
55
195
95
170
56
55
178
170
218
52
212
88
187
170
180
55
56
55
186
205
54
226
235
242
170
193
142
233
125
208
460
166
177
215
242
151
3
180
314
1
95
99
168
240
287
256
74
189
225
55
223
74
52
835
180
7
185
143
178
1
437
214
7
253
178
178
388
83
182
226
168
55
55
55
55
656
1
63
175
185
239
216
692
180
183
101
174
1
221
168
248
160
127
267
90
228
1
393
236
173
56
247
100
657
167
173
52
219
170
165
163
179
91
231
218
295
95
2
243
267
56
118
177
197
97
4
238
4
86
469
180
219
15
218
11
238
162
27
268
3
216
61
70
46
4
55
53
51
55
223
513
293
234
236
174
167
221
242
5
39
65
199
25
45
212
52
63
430
126
170
17
179
179
1
531
445
25
9
220
3
120
196
230
174
154
177
224
178
182
348
468
370
218
199
329
190
182
156
56
293
188
37
185
214
53
55
243
52
389
55
189
166
167
123
172
55
296
250
184
483
1
175
177
228
113
209
185
165
158
142
100
230
182
121
219
180
175
182
76
56
127
784
55
60
61
827
11
226
225
57
1
252
273
