9
8
235
1
125
291
11
22
178
337
109
217
18
166
55
55
31
244
106
311
33
4
3
244
4536
121
64
115
233
12
257
278
12
271
716
256
126
125
604
231
247
105
243
2986
378
379
190
73
210
342
825
217
113
103
238
240
314
217
120
30
24
232
18
226
286
283
229
222
1
46
439
247
156
254
139
290
30
191
221
108
3
258
109
18
120
249
105
276
105
197
15
57
36
127
263
43
227
302
5
122
22
272
505
273
489
310
262
1
8
245
254
63
311
222
233
105
1814
109
211
116
219
162
1379
139
117
242
120
251
219
126
178
640
301
248
193
86
105
106
118
121
3
251
313
314
112
19
29
86
108
216
1414
141
244
340
227
228
30
49
29
130
121
8
239
3
336
266
19
125
105
236
109
294
239
142
177
225
107
239
139
150
276
105
243
767
293
404
20
5
