135
1688
49
7
72
3
298
36
122
203
70
105
71
76
2174
18
33
11
11
305
76
337
45
65
20
394
9
375
12
203
15
9
277
574
2803
70
568
41
372
19
197
76
10
106
105
57
115
312
31
85
31
265
28
748
1
37
1112
121
26
52
98
302
945
11
532
133
207
1
371
95
1
75
1
46
52
918
44
76
82
330
735
361
207
98
59
575
20
16
75
69
399
523
269
78
501
32
7
313
175
405
20
224
29
51
23
63
70
77
142
1168
188
194
134
5
155
23
55
157
21
219
490
391
206
1
169
7
9
1
41
222
741
506
4
397
31
86
92
479
51
293
9
20
36
158
19
123
403
772
55
12
117
15
20
9
10
69
200
44
90
9
53
605
14
10
38
76
2945
126
721
41
689
5
232
8
541
302
1023
13
494
285
203
216
23
541
163
351
16
103
154
1699
100
46
29
49
2164
8
32
312
1676
288
45
72
1290
515
430
39
1097
38
87
48
12
62
79
8
31
1101
26
125
88
32
146
219
76
366
136
152
25
208
5
2
785
11
63
7
8
24
125
365
174
728
118
55
48
48
22
125
2
38
84
70
1
6
123
24
5
82
606
862
472
23
9
141
19
6
81
18
71
98
20
155
100
36
1
11
398
185
300
251
46
32
589
49
129
20
285
243
41
44
16
53
283
233
65
1
553
1142
15
286
111
50
73
101
15
159
120
103
137
48
53
35
252
142
16
45
217
31
24
144
29
89
56
11
75
141
168
1166
2
118
182
674
109
13
369
253
7
9
131
32
95
31
1
1
3
20
788
20
290
50
32
132
1
241
1317
33
128
193
10
13
1
10
34
93
12
176
103
519
212
15
19
1
22
1090
546
1
20
158
53
5
13
12
29
267
164
423
184
722
8
4
14
241
23
31
237
1983
239
331
11
13
32
25
51
1
53
801
168
31
38
62
1224
532
53
132
226
242
162
83
6
8
149
270
151
11
71
55
69
53
135
43
1
10
950
169
2754
43
37
79
22
46
57
71
18
564
3
40
399
39
472
271
86
513
5
14
215
23
32
506
59
5
498
163
19
9
724
76
214
366
482
86
216
55
28
10
199
152
51
388
112
170
26
72
101
24
507
33
133
1485
210
206
1
664
218
742
30
40
9
1
77
129
191
179
235
95
924
17
136
12
868
37
624
69
19
44
95
35
556
11
76
160
739
106
1783
25
1322
52
34
552
261
116
5461
441
2
193
1414
71
11
184
29
362
269
994
11
13
2
38
227
16
101
7
181
340
64
192
105
24
62
52
549
172
22
1
12
180
6
44
6
3
366
169
38
40
171
598
1024
63
498
15
46
216
27
95
194
35
55
824
77
1
12
6
1118
427
42
130
78
690
19
127
388
94
9
73
58
1393
12
7
6
10
57
10
40
17
1
139
1
41
155
35
39
68
120
627
93
11
21
11
83
217
290
23
155
29
419
76
78
2801
136
157
737
20
70
131
196
107
14
214
191
79
214
23
26
48
105
20
177
248
91
4
14
29
22
1351
254
16
372
1227
13
191
221
8
485
1380
313
404
1130
202
132
223
11
226
137
27
216
76
111
79
935
27
1
316
35
6
50
134
84
221
23
74
75
39
497
566
166
298
118
4
51
82
360
4
9
30
539
888
15
14
15
17
257
38
1421
219
2
1756
280
73
49
70
67
83
17
15
97
1
5
15
229
161
245
189
88
3559
101
225
5
54
40
140
24
8
24
17
128
1172
165
302
109
843
1401
656
220
64
59
786
219
7
1470
295
24
13
10
6
99
166
54
1
27
50
129
23
1
9
153
35
677
29
153
431
385
271
46
72
12
32
41
42
402
221
45
24
12
270
425
106
89
96
347
121
68
131
320
96
100
6
36
8
165
1163
49
96
35
20
7
291
1
485
62
1
81
500
3
16
12
392
192
429
107
87
15
81
24
8
554
220
236
216
111
128
107
21
108
609
235
370
77
147
83
289
30
36
252
22
252
20
23
129
563
1
14
543
31
318
3
825
1002
8
307
39
76
11
78
201
705
248
178
7
75
247
981
1063
36
14
16
63
47
173
584
1275
32
237
16
940
9
16
49
2115
148
1
100
359
85
1361
113
99
180
192
8
588
61
8
85
30
963
131
191
422
40
312
14
841
111
218
1562
434
251
99
166
879
149
20
229
257
35
357
42
21
12
730
530
394
292
131
358
438
633
473
469
20
19
104
86
300
31
151
19
322
210
24
94
62
286
1941
13
117
127
213
482
963
201
235
165
213
72
218
172
76
97
75
127
918
235
77
2334
84
153
238
188
233
179
205
77
214
158
75
124
622
2628
56
104
237
124
104
119
325
15
1346
368
1799
91
125
24
56
164
2895
122
1
4
639
222
55
265
234
230
106
18
38
92
4044
3400
891
21
917
181
37
114
5
73
105
36
119
297
210
71
83
844
1
920
202
579
374
188
123
165
192
182
1398
118
13
186
232
337
87
22
186
257
1348
536
46
131
639
15
146
109
312
2
161
104
58
406
12
93
293
164
8
155
21
60
247
74
21
128
49
32
35
192
1
35
62
403
60
2286
611
3905
412
48
19
6
192
66
461
34
482
5
1028
183
228
9
128
452
63
48
61
4
124
472
1
1143
364
4
6
731
564
219
81
299
87
126
829
127
82
335
19
50
165
168
69
149
107
16
200
30
215
1
86
17
1310
207
616
86
202
155
1878
160
545
10
15
470
43
391
10
81
192
99
257
57
265
51
186
22
67
37
497
11
21
17
2
523
14
19
86
46
118
23
20
40
208
251
115
826
30
1102
5
206
1318
652
6
57
11
84
518
99
2003
997
476
88
19
4
18
370
48
9
229
11
208
1
549
101
184
235
1451
173
116
73
2134
805
75
44
649
34
133
1516
147
182
781
127
6
16
471
207
22
246
29
1
258
127
36
1206
198
118
21
151
51
16
874
121
1
100
20
96
482
4727
17
84
117
136
39
85
76
95
55
73
16
80
112
68
7
34
49
178
194
53
93
51
586
64
1
97
2
259
11
132
266
1166
1
475
3
20
36
62
86
8
15
539
414
351
25
195
15
691
229
139
35
1
20
27
1009
480
136
215
5
145
60
221
217
32
12
50
180
19
547
236
49
28
21
22
265
79
134
312
12
1598
1522
78
94
200
3130
6
191
117
283
1377
505
190
48
36
14
29
95
8
1
163
7
345
30
146
48
6
677
239
120
234
2439
267
26
201
91
43
15
8
15
412
121
8
30
185
84
141
647
12
612
37
51
46
238
6
183
88
62
30
23
121
68
183
975
8
1
37
117
2358
225
15
6
60
119
515
640
338
751
143
54
75
429
420
12
213
307
278
173
195
44
519
239
19
198
398
75
137
332
1921
119
520
20
22
1
13
32
197
32
216
125
1
10
277
11
76
223
72
339
121
12
81
293
14
209
270
23
2348
66
213
130
129
352
20
22
111
213
222
80
364
1198
820
546
235
3
184
14
34
57
42
60
2038
6
45
1426
366
203
153
76
307
670
38
12
183
106
168
1
91
25
510
381
187
10
13
40
30
7
2
104
40
247
34
295
225
41
16
221
1
592
89
103
75
1269
17
389
10
147
101
1
1
220
21
2271
23
221
150
19
95
178
35
64
1191
35
350
401
114
16
81
35
334
277
20
106
44
1
1396
20
39
56
63
142
1131
135
25
4
118
74
367
1411
158
23
4
610
238
72
129
150
957
192
192
13
27
106
217
6
133
111
1
4
32
466
9
28
16
708
12
333
1594
44
117
182
1271
6
185
37
17
157
751
331
28
293
9
171
346
359
161
71
11
110
620
446
115
79
33
24
140
189
92
1
254
694
51
6
278
3
30
1
155
893
7
30
86
61
23
277
9
209
192
73
230
1672
10
121
10
8
67
32
263
2752
15
335
10
119
159
388
7
30
78
72
81
96
436
132
683
97
435
1
283
552
643
158
27
367
55
324
181
152
20
95
76
8
1798
258
58
24
2474
69
1
27
10
27
93
665
98
23
177
63
72
47
270
261
113
862
324
1
33
7
161
57
364
52
123
185
26
1388
44
54
54
25
14
98
390
81
13
188
57
44
75
1744
47
105
130
137
15
258
63
20
755
268
19
12
1002
589
142
20
251
2274
43
20
673
1079
7
66
34
106
335
901
393
43
29
442
901
24
27
87
48
848
136
136
13
302
63
9
55
58
40
84
196
377
368
259
29
188
4
89
231
110
24
6
70
918
243
64
109
176
1097
909
238
64
207
64
17
9
255
12
66
83
246
10
28
41
631
89
523
20
111
11
207
70
89
88
1
64
1018
1
49
838
40
385
441
413
4
965
1
60
57
93
124
14
22
18
63
21
22
35
135
116
26
139
445
35
1266
99
18
11
71
185
269
7
42
13
186
295
38
57
106
322
366
258
171
222
26
210
100
238
200
131
5
164
11
323
27
47
292
819
677
163
127
55
8430
75
102
72
375
412
85
75
87
58
176
38
136
1979
8
217
219
1
61
755
197
195
170
597
105
15
38
8
96
64
85
25
334
7
1
122
50
66
206
6
30
36
423
6
206
590
460
105
237
130
433
181
1
6
1
601
23
75
7
1
145
17
6
102
87
64
21
66
1441
250
1555
35
193
8
75
10
226
43
40
364
132
102
19
257
177
19
153
1207
19
17
12
32
73
77
10
221
29
336
80
1065
48
1
136
38
243
422
24
282
404
9
12
30
219
18
12
41
151
166
30
200
709
86
107
51
1956
123
813
75
107
1
211
14
132
14
15
23
25
7
20
65
89
5
43
1702
3
22
77
1786
1068
9
45
202
199
19
138
338
200
196
478
4
24
422
72
63
284
736
353
597
1
168
1
14
652
1
90
391
214
79
75
143
12104
4497
173
141
42
1390
66
231
32
15
139
48
148
162
95
53
15
44
22
28
537
1
503
152
24
201
16
98
25
5
212
87
75
545
935
1258
27
8
106
234
170
91
1
15
212
250
104
282
260
232
15
39
106
132
76
8
19
202
4
333
12
21
40
273
39
12
14
26
225
999
40
246
230
1
13
386
466
36
176
2
20
2
317
86
350
56
52
747
118
14
126
87
102
482
150
24
41
109
2710
438
883
137
42
59
986
636
689
75
534
215
54
96
113
75
816
817
283
1886
9
31
66
14
115
186
95
15
823
85
102
30
1316
15
17
41
100
364
87
391
20
133
43
183
95
14
316
3
211
152
78
137
1
353
22
1
883
22
255
17
198
220
1057
48
697
214
144
38
555
12
75
8
60
245
144
243
21
62
1
7284
69
20
49
155
402
247
93
235
1
68
25
1
36
70
8
281
502
25
229
214
220
115
318
4
185
48
517
76
188
79
136
19
228
5049
1
75
116
29
277
46
158
903
112
175
24
364
45
144
100
1717
42
45
219
93
1
80
4
44
25
1
11
146
15
224
8
29
41
147
2
115
170
8
15
1
280
1
29
133
196
1666
136
1150
33
217
197
110
511
168
54
160
9
217
236
7
217
375
566
169
20
77
12
75
515
803
93
160
314
30
19
125
25
5
12
34
158
47
484
97
7
53
8
645
85
1046
91
477
5
27
79
145
299
1695
85
388
170
19
339
91
93
213
2
180
26
12
23
93
165
68
228
6
35
6
23
96
34
28
8
22
48
113
504
25
25
21
133
2
6
46
24
95
4
261
1223
438
46
31
194
45
807
265
102
7
9
7
13
52
253
212
940
207
29
559
265
1
1073
911
325
24
77
389
68
77
886
107
77
4
10
116
12
784
261
532
121
20
800
56
157
98
67
1597
43
312
68
1
251
264
96
22
52
7
16
145
49
45
76
173
8
89
72
1203
47
21
350
178
4511
285
142
30
60
420
61
55
236
637
736
193
299
3
255
232
2667
196
277
31
8
113
89
44
196
605
1093
1
13
13
176
1
573
76
29
23
90
16
55
435
35
35
209
29
115
1613
568
197
23
391
33
191
123
210
51
25
181
868
32
95
90
72
589
28
675
259
1435
57
144
111
1267
182
469
149
81
41
220
40
34
559
11
476
64
60
3
154
285
18
131
21
160
18
210
124
56
1
51
34
88
1
42
115
1
95
104
244
46
230
315
19
371
95
17
74
22
661
4
16
44
69
8
1
721
21
10
12
24
184
68
45
18
160
125
229
156
351
78
193
25
227
388
285
117
326
131
91
150
8
122
144
32
16
36
29
19
123
130
409
579
15
676
8
466
1
188
37
44
40
39
202
17
306
45
8
287
75
226
56
162
27
29
2257
170
524
284
216
51
30
14
39
1213
55
103
1080
26
15
351
2
246
124
12
80
69
803
18
85
23
89
26
82
54
168
113
18
4
210
14
188
262
13
12
303
353
5
22
100
18
29
109
70
99
431
238
201
112
403
160
1484
11
141
31
260
1738
168
6
43
71
17
40
16
58
14
958
48
242
43
69
270
24
428
135
22
308
632
508
73
5972
21
176
1
35
34
24
62
71
106
77
109
31
30
40
1552
36
284
16
41
1
281
9
71
158
938
298
31
123
1257
38
364
74
15
10
6
123
1585
333
41
35
73
1340
176
235
23
600
96
165
8
112
1
75
9
800
365
608
43
8050
594
237
8
71
25
17
313
50
203
21
129
86
136
378
234
39
76
364
488
148
102
274
402
158
155
125
118
138
86
100
146
1090
15
75
77
1962
17
533
52
111
1004
286
26
432
1604
70
201
426
862
245
93
40
45
80
26
82
198
40
82
84
1063
99
62
12
107
474
65
521
71
178
377
163
404
2010
842
48
66
46
5
191
316
215
228
1483
841
200
435
282
84
993
231
5
1222
192
264
90
27
47
16
168
81
214
31
819
143
117
1602
163
6
44913
191
177
440
517
21
8
223
23
248
2762
156
106
18
75
60
38
593
170
3
28
153
116
110
368
90
197
394
141
14
8
48
91
261
141
18
500
84
61
24
74
230
70
182
848
1
57
620
553
349
708
1557
164
10
268
34
195
13
224
4
40
58
18
1
635
176
5
771
29
66
608
131
964
117
781
44
43
29
22
128
8
217
10
18
374
163
55
30
57
266
704
410
7
48
534
126
21
327
39
147
1071
20
113
147
331
3395
230
5
46
605
1029
213
583
344
96
190
44
17
292
268
30
93
113
263
37
320
996
924
460
1
5
124
256
75
190
436
15
47
128
28
264
122
35
33
21
83
36
62
43
222
94
186
122
375
16
231
47
43
29
85
67
7
242
42
28
236
14
2
7
3
16
416
1
130
445
75
272
70
123
549
578
95
127
80
17
440
209
740
118
83
112
26
30
111
433
40
11
855
72
63
22
3
95
35
109
6
1626
91
32
1
67
26
66
17
252
633
736
131
5
16
25
37
173
230
212
192
93
408
42
193
2
3
1098
70
189
820
116
11
75
26
11
59
82
467
52
219
359
124
62
69
100
92
5
213
25
99
79
31
122
13
264
106
131
26
213
11
218
521
26
79
76
2802
1
365
24
5
47
121
20
552
37
40
630
21
15
8
41
90
500
23
9
12
183
109
48
81
19
213
12
15
16
20
1344
50
6
325
161
6
130
119
64
123
88
167
75
2
90
189
75
78
217
3736
23
1541
57
11
6
480
48
19
18
25
324
19
206
7
38
88
635
15
216
7
131
73
208
12
253
18
988
25
127
36
123
51
183
162
85
201
483
438
16
122
84
164
264
88
128
159
34
273
12
193
561
298
189
91
4
10
235
793
234
29
206
163
221
52
1066
9
35
62
10
814
5
25
1
16
413
458
915
1
8
334
9
33
20
117
12
113
2239
206
140
91
262
169
47
183
76
87
74
28
308
82
242
162
817
60
72
261
321
1
730
81
1187
1043
408
59
716
67
46
104
188
200
60
483
51
1
33
368
575
888
18
1078
747
548
56
11
7
324
65
73
1
336
214
209
48
167
883
152
748
172
1
720
139
1657
264
4
480
845
63
652
736
905
3
59
552
1681
615
66
4
37
806
75
126
96
242
699
199
54
1
117
121
91
99
66
322
90
229
130
22
277
381
181
165
601
3350
355
114
199
176
235
34
365
45
99
176
194
28
37
1514
18
156
110
87
832
207
41
41
88
4
340
107
64
712
118
222
82
12
163
222
116
6
9
22
264
30
119
185
72
298
85
1587
163
734
1
66
287
187
247
247
1
124
51
424
69
427
171
38
249
209
80
230
9
122
14
88
216
803
18
8
13
376
50
324
83
17
537
180
17
9
36
29
29
2
98
843
122
668
775
21
18
121
78
21
182
31
135
237
62
9
668
197
58
33
141
4
335
61
296
210
214
206
745
876
46
212
78
7
134
1228
467
657
380
12
298
497
19
28
32
96
12
407
406
1
140
116
127
592
10
58
42
24
252
18
8
4
29
140
395
273
96
41
8
1572
60
92
27
520
1948
212
44
1266
75
1446
188
22
813
2112
86
369
222
119
314
267
125
363
1675
77
369
38
78
37
350
22
156
15
939
1027
391
185
736
474
86
78
40
145
92
84
50
741
1049
91
141
617
145
81
1736
258
72
33
131
656
124
42
268
2392
49
17
11
440
103
845
231
514
46
100
1382
75
148
18
5
252
27
285
623
719
90
74
335
2141
168
115
32
69
48
113
44
60
487
94
324
94
200
121
460
265
872
82
119
217
360
67
43
21
378
522
31
113
1138
9
27
2
37
330
164
74
115
1048
56
3015
128
70
7
61
1114
29
34
34
170
1
316
284
165
90
342
222
221
870
9
1392
55
1
66
251
193
1601
224
503
340
776
74
717
2603
1264
830
20
631
247
741
299
27
96
58
529
233
236
1
113
155
142
134
90
603
128
39
213
132
372
426
72
1
219
211
168
211
17
544
166
417
36
280
58
1
147
18
192
191
425
11
62
220
643
280
24
7
44
1
100
119
1736
66
45
625
19
77
12
54
3
124
119
10
137
37
60
955
82
630
35
676
442
494
387
13
937
5
54
45
9
1460
30
140
66
223
104
53
92
235
102
11
205
704
47
836
406
1
4
223
18
9
715
543
530
28
38
643
5
1717
74
15
1168
144
100
53
269
187
229
222
41
404
413
2595
163
130
38
421
875
619
365
1010
972
512
265
25
55
23
21
32
641
29
107
85
1
152
215
462
74
276
346
200
251
288
14
743
27
8
105
315
34
127
1868
254
265
23
85
95
1
10
95
174
282
853
28
59
871
15
861
976
9
19
222
2003
566
81
2411
88
54
53
355
62
35
118
483
470
95
34
32
67
61
302
156
1576
28
21
63
170
14
318
1693
82
148
117
462
187
5401
264
18
279
100
276
222
349
356
47
22
69
398
519
91
207
345
434
66
40
232
1
204
15
327
323
275
39
18
123
161
50
467
82
13
872
293
344
39
123
56
45
390
23
7
30
1246
167
390
96
403
124
298
269
242
1112
252
369
78
254
56
57
156
49
15
6
36
326
117
39
8
7
328
92
1078
149
91
27
41
51
171
94
124
324
108
1688
64
1
34
78
290
231
13
33
98
125
65
166
212
259
1814
1224
115
12
511
10
37
192
174
15
141
10
78
5
44
669
23
465
195
59
351
116
73
294
420
219
71
66
118
124
1493
130
267
10
67
141
175
9
12
43
62
25
781
405
77
573
18
45
15
211
240
40
205
646
667
14
9
815
1052
184
37
60
5
221
53
66
737
160
114
9
241
547
104
24
1
119
14
612
923
294
2611
366
35
47
33
61
36
142
375
42
104
13
42
73
111
141
22
425
667
151
7
77
136
90
86
41
634
153
259
103
320
176
121
16
300
37
57
95
5
13
97
301
192
99
4
5
31
20210
107
130
18
79
905
176
14
1036
12
229
167
17
11
69
6
6
600
145
29
205
1
72
2142
50
177
150
202
223
69
60
94
28
1160
56
10
267
30
387
1171
249
1
334
1325
246
22
127
106
201
102
19
12
18
153
20
63
495
519
129
51
37
99
19
21
40
222
208
183
620
54
28
357
39
75
300
25
87
184
211
47
402
90
17
76
28
490
27
75
21
10
90
274
13
83
283
23
163
364
45
82
75
163
15
110
62
119
73
30
484
36
377
4
84
87
307
90
15
96
27
131
55
1218
228
38
99
186
303
184
341
207
97
430
145
10
474
237
242
40
162
1136
6
2069
117
168
307
9
281
31
135
77
97
16
207
72
148
103
330
61
773
951
17
385
734
77
21
113
68
26
119
444
806
62
430
255
176
90
140
3623
230
318
211
127
111
1539
246
24
293
33
84
30
72
30
735
157
35
654
20
167
157
161
249
192
20
22
237
226
212
2
152
1792
17
217
13
3
145
128
205
236
1
293
29
166
85
9
404
107
194
99
287
21
29
4
1
74
234
122
230
1849
1
276
108
124
276
344
16
139
148
24
40
601
44
213
19
123
78
76
186
270
631
53
579
213
38
45
4
222
401
44
428
31
85
185
3
501
172
189
174
21
9
431
30
62
131
60
73
4
102
23
454
38
179
10
7
191
179
231
214
241
122
44
22
124
156
230
181
27
182
21
84
157
155
526
39
21
90
90
245
1
122
564
99
228
122
172
360
155
251
182
977
60
120
24
240
46
346
24
276
278
10
217
196
10
571
155
148
140
390
217
191
6
123
78
461
42
25
76
16
23
55
12
481
13
186
80
384
33
216
73
948
509
351
75
415
241
76
27
240
224
105
140
66
270
252
899
211
19
1174
129
169
218
372
133
115
82
168
70
129
79
157
9
39
20
3
123
587
65
17
611
27
33
925
206
30
97
145
1
288
194
117
210
224
71
205
15
469
66
939
142
4
269
15
103
784
98
214
85
193
277
90
10
66
386
670
54
152
181
1
43
135
18
38
29
28
107
89
84
215
