512
58
1
162
54
2
26
549
170
757
240
127
165
125
212
4
229
25
4
191
497
2
41
1
166
625
63
3
126
122
43
4
835
37
126
27
1
47
289
119
292
309
3
41
205
458
184
123
38
1
270
299
285
307
13
635
301
127
289
848
166
168
165
129
163
167
166
215
10
188
1744
194
210
164
451
117
190
1
4
942
208
52
67
552
43
11
8
4
21
70
168
11
170
36
122
1
173
377
178
147
253
48
706
41
16
404
291
48
75
17
168
14
38
661
29
340
57
38
516
216
230
188
171
3
165
346
155
774
20
31
325
64
67
1629
82
476
232
162
3
176
204
310
1899
29
22
39
167
26
34
228
139
234
175
182
189
241
35
52
311
6
579
199
257
177
290
331
250
265
506
167
168
52
218
374
12
166
25
121
78
12
11
172
37
480
812
5
457
5
262
192
13
207
172
326
344
93
20
213
177
162
167
201
178
174
160
180
206
165
118
168
320
5
