842
176
182
442
40
4
131
100
18
192
41
82
195
139
35
269
66
187
158
40
200
129
56
24
263
251
212
45
170
10
9
68
150
218
131
732
25
10
1
259
55
36
146
335
264
386
124
6
720
27
158
210
294
1
46
264
223
191
214
146
897
46
120
137
217
61
159
243
158
7
254
211
225
121
550
7
184
6
158
179
41
120
31
291
18
188
32
50
12
23
843
155
181
346
138
48
43
8
16
1964
948
137
122
978
277
253
125
125
1040
265
132
26
23
17
95
224
103
25
154
406
9
273
311
62
30
363
36
2
10
125
128
106
255
181
509
250
245
36
314
60
31
66
12
13
32
290
355
51
21
101
43
69
295
5
22
220
27
61
25
80
21
122
124
69
120
47
43
39
1
306
81
76
3536
121
37
249
12
33
97
574
730
11
1
31
1
170
123
66
216
428
35
265
49
412
206
181
143
32
129
16
85
551
145
211
767
39
148
11
117
252
68
1
1007
1
20
136
163
202
125
56
122
30
122
144
118
16
124
60
210
4
66
55
14
296
41
136
54
241
187
18
15
8
268
124
251
399
146
25
43
35
268
250
98
189
39
249
121
243
119
41
214
81
26
246
42
36
6
11
187
16
299
176
42
185
375
1
173
10
38
53
103
121
251
120
190
342
214
140
175
14
50
53
275
80
252
207
120
12
250
64
56
2
235
20
358
27
98
208
184
13
31
28
14
2
141
125
320
62
16
218
17
30
259
155
141
41
19
376
58
121
216
61
71
237
278
187
213
1724
24
140
247
327
151
56
121
147
195
136
240
254
251
19
345
222
155
199
201
424
199
75
121
134
201
126
123
49
60
123
1
156
