30
1038
66
143
950
57
74
40
1723
12
643
3776
960
450
391
277
250
475
405
1330
28
3643
8
100
20
3
3868
19
1585
77
639
83
1040
140
46
104
2859
21
16
209
44
689
1175
18
233
183
276
1186
207
37
103
43
335
155
178
89
801
1792
924
780
138
130
552
22
2744
932
172
219
549
39
166
321
26
44
88
433
69
618
184
72
1378
878
52
6
412
87
130
177
330
51
617
86
198
916
171
117
31
79
49
66
22
2227
72
197
227
203
437
821
116
1481
2981
23
320
11373
8
122
83
124
193
1855
159
375
75
46
1558
317
781
95
13
96
1075
16
474
259
4920
123
68
252
63
338
25
4992
171
39
1054
127
1678
451
293
891
47
489
2226
453
184
109
569
242
230
891
455
129
275
48
84
832
208
120
670
1
395
1279
109
25
2030
118
175
888
217
781
200
944
382
4551
348
76
239
3459
133
133
813
356
166
151
111
480
55
27
6
132
487
39
106
540
314
458
56
