216
7
11
26
36
1
133
72
80
44
84
18
199
3831
380
35
31
328
90
24
39
102
179
13
73
256
21
117
158
109
285
6
56
98
134
4
220
56
29
219
304
629
59
601
84
243
41
127
129
60
104
131
39
67
6
94
456
28
1
220
202
180
115
36
33
48
221
25
109
571
84
327
157
314
114
725
414
185
102
223
150
38
60
34
462
300
25
280
328
36
2
30
240
209
259
30
143
76
68
35
138
473
113
8
168
243
228
7
120
240
137
37
71
30
84
98
39
25
152
84
74
132
82
269
38
133
354
25
11
19
49
237
220
146
37
74
249
64
115
51
107
143
46
33
176
5
29
155
58
267
27
165
100
47
177
225
11
39
120
130
114
231
166
86
28
73
333
188
39
53
65
232
134
93
74
177
180
91
142
138
98
327
386
46
254
91
435
120
76
159
137
137
30
39
185
20
156
81
8
407
53
16
320
131
503
79
100
74
50
25
64
153
49
22
20
171
12
3
232
120
377
121
44
45
28
159
37
31
384
171
203
1
170
201
23
195
88
46
18
98
495
570
106
189
196
51
558
173
199
61
32
54
163
97
37
94
120
59
72
55
150
188
75
142
125
113
32
61
83
258
140
184
350
44
81
93
406
221
422
16
6
67
147
104
106
92
69
114
153
41
150
78
318
180
64
166
184
57
154
152
110
367
141
82
262
132
49
66
334
23
66
49
105
368
542
14
183
36
33
22
25
39
28
77
87
115
100
137
143
39
149
221
320
38
241
200
422
