199
421
47
4
223
1278
115
5
21
9
341
4840
56
304
16
49
841
268
46
113
215
33
43
16
86
316
29
7
1
159
42
36
563
18
15
422
366
343
70
316
335
317
770
220
577
41
221
463
8
96
77
73
381
39
663
416
349
333
67
50
68
60
804
164
36
28
8
294
28
531
22
188
56
11
1
4
33
8
658
76
316
300
37
6
32
7
468
60
159
17
314
106
423
3
338
621
582
409
7
1
1
20
170
22
13
278
60
55
5
27
353
6
17
50
925
2
405
51
17
7
702
679
759
341
36
166
343
471
1
2875
875
397
2
34
285
7
11
325
238
687
59
830
791
9
319
264
3
659
435
6
8804
172
136
436
591
74
95
52
498
63
7
16
215
11
669
361
168
261
417
334
94
530
2
5
52
11
91
40
199
170
1413
21
23
306
309
152
264
367
388
1601
52
515
546
5
365
45
30
668
194
3
9
226
167
719
14
13
41
98
17
2
233
360
619
523
7
334
23
423
32
29
1
61
314
1091
27
171
4587
128
741
326
2
37
8
11
187
342
267
12
7
106
244
252
858
386
393
45
30
11
6
49
639
482
258
23
445
31
446
485
248
30
4
366
358
22
436
478
562
30
267
263
426
5
264
180
21
4
312
52
13
14
277
41
53
26
171
79
40
428
10
576
258
86
13
1
443
40
208
75
293
24
55
35
42
440
863
388
770
167
425
24
16
344
489
300
5
418
26
209
535
22
89
341
53
117
24
358
46
23
65
693
380
325
409
40
6
1444
1832
570
23
319
32
15
487
44
941
270
10
332
429
7
38
4
382
10
93
39
150
265
1
15
1044
1
1427
2
1
24
670
1043
34
218
5
494
190
370
397
68
112
358
85
481
1
70
1
526
667
1
37
214
56
96
116
38
756
218
1
262
1311
1
4
91
58
242
8
9
453
93
10
5
309
19
216
11
165
76
18
275
160
92
164
134
275
12
16
13
379
1
1
224
499
87
97
320
887
16
79
30
353
15
2
352
434
235
1755
81
27
13
395
66
142
2155
56
1882
203
1
40
224
355
30
447
26
2
123
295
474
540
93
40
62
14
68
15
449
169
18
10
1
738
33
2862
347
60
56
1
130
106
434
7
99
1
186
516
71
31
230
30
198
192
2
38
177
127
11
4
18
333
39
75
25
8
47
664
17
147
12
42
453
406
571
8
342
155
13
10
219
25
48
495
24
489
29
850
7
431
307
12
12
121
128
439
8
119
1
24
48
595
226
422
384
448
301
337
723
66
8
30
13
231
348
2
4
63
622
12
233
351
883
24
104
13
65
83
563
10
566
1
216
46
10
1038
860
6
33
461
82
754
1667
124
49
925
78
89
81
177
35
43
109
7
241
37
439
6395
22
19
30
1304
8
21
2
269
27
41
1041
74
6
135
315
15
38
35
219
260
16
134
231
205
531
29
624
493
47
28
407
14
8
2076
413
23
1
187
16
545
146
457
23
331
918
4
10
378
93
14
150
27
124
37
72
293
1
1
247
23
1
314
8619
361
184
34
39
3
48
64
5
478
1
61
102
253
6
7
7
6
43
10
59
210
46
419
7
128
32
1
230
58
8
12
766
109
448
2
36
260
505
185
186
4
60
1
215
21
1
36
289
474
250
10
487
80
5
16
290
38
179
10
401
4575
855
9
163
35
65
3
194
5
58
82
36
432
1
264
19
369
180
416
399
640
5
37
402
190
261
317
83
339
501
62
383
99
14
82
573
24
2
807
159
73
29
24
370
386
460
5
1
186
13
350
182
1
334
410
185
308
369
7
1
884
15
52
247
6
712
347
620
168
40
88
482
142
277
123
158
126
31
136
34
23
408
38
401
2398
25
720
19
231
7
530
9
10
14
123
76
20
989
9
465
63
421
13
7
456
270
93
6
8
192
1200
1614
907
218
579
6
31
381
396
1169
294
51
215
2711
19
608
651
376
369
271
52
2508
6
574
26
292
63
14
394
57
9
444
188
1778
18
376
746
108
612
48
866
1245
170
345
2
2
705
11
1087
37
477
9
25
500
499
6
9
23
4
298
601
331
577
2
215
1
227
243
1792
1
2
299
231
405
6
40
78
14
330
207
318
1199
405
7
322
429
26
17
327
2469
584
15
390
65
15
43
28
822
47
163
372
133
7
495
800
103
4
150
437
29
562
367
1045
9
368
21
12
448
551
718
78
356
17
29
65
37
743
699
312
62
163
89
26
496
16
75
39
36
27
4
21
555
13
4
246
75
8
788
53
270
482
417
352
23
26
10
8
5989
1
70
50
554
371
186
1
25
429
8
293
13
448
5
6
72
7
608
171
124
12
41
1436
90
18
1
124
153
293
270
61
48
49
2653
1
855
12
6
6
7
3
1
88
14
282
192
7
82
457
50
406
3
25
45
10
777
92
3
143
186
29
245
13
5
290
794
10
3
406
21
678
42
263
288
51
9
90
199
126
200
56
501
47
267
39
8
5
29
66
22
6
401
1
57
323
22
1
239
184
156
124
1854
266
139
6
1
327
209
422
36
235
21
280
39
6
175
427
185
12
1
91
530
43
616
547
382
76
918
37
29
140
358
1642
36
479
21
19
2
80
202
28
87
213
317
1093
13
216
116
300
11
356
441
419
513
1917
265
258
397
121
316
1
554
208
96
598
606
530
46
338
1
68
1
301
172
50
113
52
236
24
36
598
130
634
103
56
1
264
13
185
11
437
191
13
321
139
129
25
42
541
388
210
20
57
375
205
868
440
391
315
333
95
253
380
75
295
83
205
4
7
125
