53
38
17
33
9
7
1
605
12
188
1
807
1
653
11
1
8743
29
18
20
15
2
1
22
1
18
209
286
25
109
4
57
6
47
90
6
34
23
4
25
34
4
15
9
7
1
9
1
87
276
10
4
127
29
1680
1
509
17
1
13
26
36
207
1
1
4
16
18
5
1332
4
1
34
2
1
10
34
56
129
31
17
13
14
112
23
1
2
13
14
6
7
1
2
12
7
46
6
58
188
58
8
331
42
69
204
446
2
8
12
29
120
202
1
4
266
10
4
51
1
3
4
8
6
1
21
10
12
14
14
1
116
7
107
871
21
23
327
131
293
2
4
127
26
569
215
34
53
1
167
15
23
6
1
4
172
1
23
13
67
392
263
100
8
15055
21
9
3
2
1
17
9
20
6
11
58
7
1190
9
57
9
5
16
1336
5
8
206
2
22
91
1
16
3388
2
3
5
64
46
24
880
21
2920
1
38
1
98
628
27
1
9
1
7
3
6
11
10
103
332
2
4
21
10
8
8
7
8
32
3
1
1
834
42
5
6
12
63
44
295
22
1
1
298
4
4
13
12
220
29
1042
11
168
6
6
701
1
54
14
8
2
52
5
50
6
6
20
6
15
1
6
1
5
14
5
50
1
4
182
1
21
20
720
9
74
62
19
532
256
260
13
275
1
1
1
4
3
18
11
128
23
3
27
3
6
1
16
130
12
106
2
78
401
7
12
35
3
5
549
21
10
1
2
8
195
2
28
46
36
26
18
1
97
172
120
5
15
1
1
828
74
2
78
1
3150
1
43
341
1
1
21
1
1
1
13
55
548
5
1
1
6
3
130
2
28
22
9
31
1
127
11
26
8
20
16
260
8
7
11
11
14
13
150
9
176
5
38
1
2
137
39
15
5
2
31
24
712
64
2
29
1
8
1
270
1
67
4
435
11
33
6
7
353
40
113
12
3
832
19
14
33
8
612
41
7
20
237
7
7
36
285
2
110
47
8
20
243
1
23
2
301
28
508
2
18
10
10
102
77
66
490
1
3
2
6
876
9
1
86
153
39
5
113
18
2
34
4
3
1
344
38
19
82
1
5
17
628
1
3
43
7
26
2
7
1
121
274
13
27
7
16
1
1
1
314
69
192
24
26
14
24
515
11
25
70
781
17
596
70
40
1
6
4
13
1
117
650
19
113
377
617
68
28
42
547
7
3
33
428
6
5
66
143
1366
14
12
17
6
1
1
9
2
17
37
590
10
1
4
7
432
18
9
46
2
1
137
48
51
370
24
1
5
27
4
15
4
6
4
10
1
4
23
14
1
347
2
559
5
7
3
1
745
9
3
126
8
8
25
404
2
19
336
3
13
7
23
2
4
3
8
950
138
774
35
66
1
32
200
1
1
7361
5
52
8
15
439
541
33
202
4
51
5
115
105
10
1
60
4
10
6
2
10
179
8
105
147
408
7
7
30
1
539
9
1
5
1
1
222
1
1
238
185
14
4
830
32
26
394
1202
159
756
38
1
5
2
251
2
4
14
1
288
8
99
94
47
2
357
5
134
11
63
16
12
540
660
35
1
96
71
1
14
9
1
37
85
157
24
1
82
7
147
760
67
379
892
23
1
22
45
2
4
8
1
48
3
25
1
7
11
3
10
53
2
7
101
256
14
27
10
214
13
92
2
7
1
36
4
1
32
12
24
2
8
20
133
38
1
6
905
31
7
15
1
514
20
2
14
16
7
44
5
1
10
1
1
2
15
25
59
1
35
10
36
6
1
71
3
3
1
1
1266
6
77
26
93
257
37
2
8
35
5
21
101
10
3
33
9
108
4
1
1
1750
23
18
23
7
13
9
13
937
11
6
5
1
57
1
40
2
2
431
968
1
14
18
14
9
3
1
369
6
2
1
762
1
6
15
1
1
150
5
4
1
40
170
179
628
2
217
48
194
1
3
15
10
2
11
33
25
1090
6
55
22
1
18
11
1
189
1
1
17
2
4
20
312
285
587
18
11
2
