221
467
25
58
142
178
12
27
44
273
208
207
29
359
463
1654
3
2
87
125
49
1651
30
1647
9
98
77
353
17
8
93
345
180
50
36
90
41
1
3044
63
10
79
352
13
5
493
30
67
115
80
21
14
1
1612
92
97
321
214
3304
171
1000
629
2625
335
42
358
1112
20
101
343
364
62
134
307
209
92
307
36
170
211
18458
123
1092
3
578
48
342
13
507
48
58
1
9278
1620
161
402
132
1720
1237
336
100
455
76
164
13334
559
65
9
10
1561
617
36
20
524
28
1119
30
16
463
2
140
206
367
10
5
156
302
7
244
206
311
52
825
4253
44
46317
737
21271
2280
4
234
1149
1
14
27
65
314
82
59
475
1039
103
65
2
54
29
128
358
214
361
618
451
59
4
4027
70
555
1
2306
2817
299
1174
8
17
225
72
568
106
470
212
7
426
76
276
1941
1169
322
261
124
1019
64
24
78
1968
93
9
19
6820
375
201
104
305
444
289
4
1090
1
117
815
10
370
668
114
48
52
367
169
71
459
79
2377
94
659
6294
3477
47
64
38
980
1781
89
299
2341
1511
10
2089
13
92
10
615
7921
655
702
65
504
81
19
1
119
23
63
54
77
388
59
25
23
23
3
12292
278
5312
598
621
57
147
2702
66
7
10
221
38
14
73
76
15
182
15
94
337
2135
153
3125
54
3008
243
126
1001
873
15770
126
34
23541
260
439
14
193
12
34
103
3
52
5360
2
10
10
229
2173
392
139
1243
95
393
2475
118
5382
107
406
388
121
18
3267
40
254
671
260
466
1993
66
1496
287
593
6249
144
4
3629
1
18
1643
61
27
3803
354
361
56
41
323
75
62
2118
219
42
1902
1
46
351
198
11
1787
1315
79
2089
458
613
116
52
89
127
682
3
98
2068
58
231
140
44
6
40
4
188
197
1941
50
42
1
53
52
10
263
152
41
18
50
589
1
7
541
73
3279
105
1355
33
9
103
21
2
202
37
8125
810
1712
76
127
6
4829
26
1665
27
29
3829
469
159
6
217
1303
135
59
55
37
55
183
10365
124
116
4
342
76
423
1346
1018
215
6
1887
6
138
765
825
173
37
141
50
189
1
10
82
933
22
177
175
68
53
46
33
97
89
2880
3787
28
33
1804
15
4
59
79
103
1
7
571
26
9
18
782
1236
52
342
904
48
2802
259
9
55
10
54
214
1038
319
128
103
248
413
60
75
931
29
35
51
274
1
36
38
23
55
608
19
1030
828
289
19
42
199
2735
43
5
181
49
3070
1113
2068
2191
66
279
140
4
1871
66
7455
4
12
236
21
447
47
24
9846
1924
87
1071
34
1910
33
1918
197
77
1172
590
278
4771
18
213
2775
10
37
792
579
91
771
26
25
1282
213
401
243
1089
2810
322
43
91
29
247
51
113
458
745
11
1704
511
68
51
35
6675
315
245
131
5040
201
86
1455
44
1217
923
367
73
565
1
20
1115
39
2421
155
42
2360
360
44
174
29
5
20
34
789
1175
3
42
1527
376
79
1346
490
741
5
2224
76
1974
40220
51
4775
3
128
50
12
401
6
3399
127
10
299
16
1806
67
19
5
13
968
104
51
79
1
25
273
23
338
50
3515
190
292
215
122
127
239
37
212
12
316
905
10
306
200
217
272
12
331
471
67
252
2162
64
125
555
246
145
36
66
10
232
186
101
466
344
2160
119
1
26
192
24
4
44
63
602
35
1301
20
2848
89
41
11732
524
113
1840
62
11458
17
583
40
1289
176
53
1339
70
201
57
17
71
224
1
20
69
76
51
10310
1692
74
61
466
804
220
10301
740
10
649
144
2
13
76
365
33
54
109
8954
48
8
9
836
45
889
989
7855
10
58
48
20
1951
1
50
220
6
109
100
8641
1
2423
4
97
1251
9
88
805
18
52
23
735
13
801
38
156
1403
12
19
3
127
192
3
4450
22
198
354
21
210
1
10
24
21
833
6546
101
8
7279
34
83
7
20
3758
110
1192
606
2154
1106
1551
75
29
8
9389
1993
59
17
285
3
86
18
210
826
11
278
143
906
379
57
43
890
1305
22
451
244
8271
2174
840
2182
113
413
1831
33
1
80
674
9
577
16
1481
17
2733
1038
1222
1872
341
428
9
106
13910
882
24
218
446
48
21
120
373
118
227
15
144
1077
160
142
5
222
142
559
279
517
235
154
113
13
1538
282
4221
63
34
436
90
26
107
20
1025
112
17
35
106
93
4
187
337
274
1658
1386
989
515
902
86
73
1
40
36
62
1091
135
97
92
147
613
8
19549
176
125
245
40
677
1168
829
1120
47
29
520
3984
983
115
40
231
46
82
30
12
373
6
1085
264
103
759
22
1926
7
303
84
12
293
109
24
7
11
10
57
1
768
1207
40
3850
5376
203
181
733
2987
101
18
277
176
20
15
32
49
610
6
84
183
177
77
682
680
14
2131
84
118
381
52
719
2092
1250
6042
2057
629
31
44
209
5
1229
12
28
1505
250
173
3
1888
71
330
9
52
15
212
3038
156
186
4
1
20
363
140
481
36
147
3
238
12
336
9
203
105
428
165
5
359
70
144
894
22
45
37
432
298
1098
1285
3
439
85
2
95
4
1490
6
213
17
7
107
136
45
212
21
172
126
675
2984
1650
73
2598
101
14
32
130
18652
5
780
39
37
2
191
125
3450
368
7
12
26
47
190
1516
624
21
95
55
15
556
2595
499
4
1227
481
1751
17
5980
102
144
252
499
1
4
1963
86
2887
55
135
4
74
167
403
1776
314
97
145
114
211
308
47
2996
30
6
43
153
2
61
231
1809
1057
905
50
26
92
117
3
3549
77
95
1964
7440
590
153
465
1781
1015
230
56
52
7
4
452
57
3029
4132
214
18
10
339
177
42
3839
913
9993
1862
68
283
1064
220
184
109
2101
86
1295
32
1
9938
761
302
51
16
349
8
129
119
2043
121
230
27
645
401
9
1
142
9
311
32
43
18
169
6983
19
19
264
369
1082
547
117
48
7
140
2
1988
471
2
243
103
66
317
1
344
164
3
327
491
172
2
27
30
314
1794
3375
1
106
4206
277
2914
655
127
51
147
124
377
152
77
106
444
415
6677
85
158
2328
66
71
51
21
8
203
198
40
224
4249
908
3
31
84
301
19
60
27
29
21
213
397
1
1
343
11
19
1350
258
1
65
186
71
100
557
1508
295
147
158
1558
816
16
13
8
232
69
151
2
5852
73
1
427
3369
753
60
13
507
1158
6
1316
4
1736
1743
32983
4168
73
148
146
3222
99
1963
132
464
109
5
58
81
1761
10
8
2050
79
2421
186
940
9504
21
905
131
235
10977
179
95
117
54
22
332
153
19
222
62
633
1
360
273
42708
48
4602
70
85
147
829
55
146
46
2331
19
15349
17
1460
3
1240
268
157
196
485
134
1618
27
284
8
562
107
9
7244
4
934
54
983
59
65
5
1975
949
247
383
8
678
76
170
52
1361
69
16
5
36
63
406
1237
49592
27
4
13
103
825
11
605
79
161
41
11
264
1716
43
2
547
125
20
71
9
6
739
32
12856
842
21
642
115
122
528
3037
68
282
792
24
307
65
133
243
968
59
918
51
91
12421
1161
9
12
321
3
668
533
853
110
24
9
4
19
212
585
77
5365
4943
10
4
117
1326
2892
4109
11
19
344
86
1
41
456
2426
21
561
347
1815
228
120
134
1336
29
1812
69
61
4882
484
13
4647
85
10
26
109
1593
9
40
80
1071
581
1018
3702
354
3004
389
1770
2580
118
9
125
550
4336
21
2
31
5
200
62
1
3782
781
12
41
615
878
1890
7
1487
335
71
14677
2047
69
2566
471
92
118
2276
212
75
1
16
63
399
185
28
502
34
1624
34
377
1469
82
333
218
328
55
5762
704
180
39
616
188
34
72
28
9
38
3024
656
169
1498
424
164
80
718
90
1030
893
60
65
15
244
3
6322
10
12
6
634
2
63
1430
294
15
6
258
421
292
27
279
2
295
14588
2521
96
45
32
87
245
87
43
185
34
43
641
129
1
638
152
76
572
248
105
6380
110
96
4862
694
2406
243
302
64
382
5
902
12
10
353
4
1441
602
831
466
303
34923
70
394
1828
26
255
177
2662
1104
552
1117
250
1294
1551
2017
1406
5
1
149
66
241
945
45
11
116
21
11
791
1765
195
21
257
848
977
10
716
2428
38
29
1195
16511
30
356
385
296
3941
132
12015
157
86
388
567
7
80
11
140
60
239
54
131
377
215
151
865
74
5
2067
46
2869
223
1390
13808
2
33
735
338
218
46
51
710
8313
77
504
39
23
3116
1085
39
1
37
3
94
1
305
19391
1
1738
144
1
1267
59
207
699
535
18
1210
80
6568
26
115
24
97
92
38
230
13690
7329
575
468
957
112
6065
2
603
28
831
1162
88
100
131
2
878
1501
1
4
2643
571
50
2708
48
3
67
1202
483
7
80
27
225
5718
6679
764
70
263
21
2488
133
6
6
20
157
925
1091
4036
2
426
30
606
5032
1430
161
114
348
48
647
201
1677
13
66
286
1107
33
1
35
188
240
3048
30
473
71
510
428
212
3353
413
60
22
191
623
131
450
427
954
137
9886
2
2173
1698
216
39
719
3147
21
11443
161
95
716
120
318
895
1754
6292
7866
840
2189
5
940
38
2604
505
758
68
14
48
466
1750
214
148
2329
138
786
660
74
136
17
201
16
187
163
128
28
1173
5
83
502
1070
3137
425
10
19
284
185
881
1031
307
1436
10
154
4429
2001
1620
1
274
174
3252
3310
13
205
4531
2
125
68
32
164
591
997
343
2636
18294
19
923
16
33
573
36
8
412
503
714
11002
238
36
1
52
38
13
6
347
4
37
267
869
538
235
5552
14
2493
36
349
55
74
1648
344
1329
281
8267
71
1971
1
69
206
1049
201
543
194
766
1522
656
215
42
1830
251
703
22
231
5829
133
3143
18
1819
132
31
1
108
459
1109
200
17
1771
101
960
1440
502
5896
6296
445
2
773
5
26
313
32
97
3689
270
163
6
21
35
48
19
512
185
203
37
904
3
266
65
13
309
10
205
3
29
25
52
436
2694
7
943
216
9
29
108
10
116
34
116
164
49
4
14
2233
1940
2319
711
1023
347
21
17
12063
9
51
2475
2
7429
4797
494
1641
117
69
404
354
930
3696
36
545
222
1165
978
319
346
23
349
97
374
1865
99
18
281
40
96
713
32
14
2239
721
395
67
34
194
83
39
22
48
47
983
331
1375
755
149
187
2627
4700
4
368
713
3257
950
274
255
3495
99
112
857
1347
386
1384
1433
8
478
1
40
220
22
102
1
11
36
1165
405
4
102
1807
1785
2624
469
131
2023
1776
303
8832
148
15
60
99
107
138
1947
989
197
7753
1513
325
89
95
1343
379
54
13
539
1832
402
20
252
70
371
30
10
21
10
31
1263
4
