5260
2116
856
18
4
1666
3813
313
2298
3870
3201
1
306
28
24
582
44
417
1121
341
1705
23
31
118
15
2470
630
135
655
1788
627
350
860
189
598
1228
1444
392
43
37
22
43
1
1528
1119
54
950
167
145
1755
4824
1159
2506
78
2753
278
57
1181
1
1435
113
176
1
2593
47
15
995
1702
1621
28
718
490
1025
203
89
4
132
150
2885
861
20
1712
3039
298
36
101
27
169
606
18
61
50
282
765
20082
549
81
439
335
23
1866
42
561
580
1262
1689
2492
3620
763
47
671
10301
95
971
247
14
26
150
412
958
120
1317
59
578
1185
1053
62
119
81
853
5
1127
107
639
1444
436
2375
232
100
288
57
322
166
44
1082
345
1378
1219
73
1
143
2410
666
25
19
255
31
84
115
16
1002
3989
160
1384
75
976
199
896
902
73
316
260
566
312
245
1060
1159
275
4228
19
207
1
1824
82
97
29
966
230
177
3377
2696
1119
869
274
187
164
106
231
1526
872
563
27
122
1
426
93
144
65
189
1657
441
29
893
219
133
772
224
111
21
194
992
852
729
1722
23
2093
6
148
10
126
244
7
