7
1
149
27
10873
398
121
1
758
276
151
194
1363
89
21
16
134
207
1676
910
295
292
590
3342
116
1527
619
3094
240
10628
13689
792
59
52
101365
311
4722
304
7347
3162
3135
368
216
8392
2983
3384
349
10410
305
620
920
2702
347
752
33
16
6795
1501
917
152
4240
4
956
857
44
5651
807
2392
85
699
5052
254
6300
772
395
2091
1709
4434
329
1107
3707
33
5430
5428
14
456
1925
262
737
251
11969
16403
3898
10103
3075
897
639
2237
67
112
11307
5
542
1306
713
762
272
47
21898
517
929
1609
2531
1861
55
176
100
2460
846
79
603
17
363
2687
5085
3701
263
12247
133
1505
2757
120
8151
14987
17586
5124
829
139
4183
631
15710
11945
70209
3283
5362
32
3599
836
5264
7744
4
969
93
1544
395
13816
1
18661
40
197
428
39
151
126
212
10541
200
3974
1199
9411
1867
3871
312
420
79
55
18753
3969
172
4446
2945
86
8
212
1880
476
11741
1588
103
212
2711
330
4945
3931
3072
1987
12608
754
1644
1064
1785
982
4871
19
3194
704
121
1874
1653
1568
2712
18097
90
1810
9937
1876
27
1350
458
2590
33
1566
779
2422
1211
8421
8203
2023
52
6720
909
248
2905
10683
4323
18
572
8543
143
2533
1270
12
104
379
2576
3084
62
984
4092
41
2020
12597
7190
322
959
14199
350
3413
31
909
661
1557
4346
4605
4541
19
1
793
254
916
141
2482
5920
4292
3056
439
646
5922
3590
241
2855
45
2402
278
696
3965
4595
160
87
1430
1838
756
5426
78
227
16
1093
3093
10691
1999
3282
13064
20
13722
197
2390
18599
5726
284
1595
75
119
5225
83
20
53
7475
4483
1735
52
3236
20065
42
1358
121
6386
2247
4376
2956
2925
470
1433
1840
6509
21885
553
1937
1424
140
13278
2529
5446
141
2833
1122
726
112
154
400
8621
438
1704
5542
253
98
596
214
26
403
407
220
163
1985
4
5636
1530
425
184
940
44
657
4969
2374
29
724
4203
987
278
4662
827
109
12199
111
8179
46
18485
578
498
985
976
6951
96
573
14302
3166
1022
516
58
6060
17766
2682
1404
287
1323
648
20
43
2327
606
260
3602
1795
43028
251
1951
8815
12022
14007
5319
1308
141
1970
423
95
3067
581
1206
2581
6633
85
3820
6797
1459
5751
541
30
492
5715
287
533
2961
2737
38083
216
1928
2600
344
7702
3232
10580
6793
4244
1387
2375
12960
675
17
6714
23
12
10315
4601
163
4539
8410
147
517
1056
813
2440
150
13
40
2211
1480
5425
7287
3587
143
1364
3945
3475
2630
157
1406
7824
203
27
85
6319
2203
685
17841
27528
1906
13213
20
2200
443
13
2093
2470
415
628
6235
22565
66
1409
4009
90
1110
155
835
1584
135
996
5936
2410
37231
559
2427
3241
70
2790
8082
2076
2072
14858
44
13
185
700
1
5503
8330
3408
141
802
566
158
536
345
2796
1317
206
571
174
479
30763
5153
364
15760
6806
301
425
2454
1252
3314
14
13413
3298
1318
3653
65
1301
746
539
2492
210
12932
4525
140
8615
5311
37
3307
3369
6167
86
123
852
2382
1604
4330
4542
7695
3591
1712
1056
782
6013
93
24567
2560
2731
46
151
2997
442
5789
6232
2093
119
25
6647
1001
1484
1331
2852
59
9705
69
910
635
4418
19044
939
1583
2495
54
152
4804
982
705
5890
5216
1142
188
2075
235
2063
38
1688
129
479
2899
3224
6899
8
2877
1837
184
128
9115
3546
519
2141
9307
423
21227
3722
16887
952
1347
11221
296
443
137
564
1768
171
109
546
295
1823
848
1130
462
1557
821
407
424
77
2317
1035
123
518
2147
476
2967
507
1458
2278
1605
50
421
1732
7250
8799
19
4249
1502
4730
955
5272
287
2793
114
6280
4120
4173
866
622
194
1920
7674
33
21
1743
1190
3404
15154
1277
30
370
156
4314
174
91
5408
6034
186
16359
2921
1306
309
9701
44
171
1384
313
13113
1876
2248
323
1865
153
803
37365
8681
3647
4618
675
271
5748
2465
258
5708
7082
389
274
13773
10561
1097
2842
68
2913
1084
6327
3529
4476
2391
942
407
3917
428
1175
304
18178
1493
811
5472
1939
712
40
1869
1490
4009
351
14501
2861
8239
2731
848
721
4547
394
403
927
275
16075
421
12371
1192
608
533
8333
1231
5617
483
24
351
160
845
3159
4056
217
22
2027
115
3621
3790
195
4753
9569
861
882
3411
411
695
624
301
183
1026
450
59
3043
5537
4418
26354
196
117
2842
2328
14143
1643
1044
1114
393
14286
2166
49
100
4618
4545
1453
2031
228
4633
16485
4189
163
985
837
929
3871
1513
89
4028
232
2586
5676
36167
420
794
410
11750
2094
13591
5520
3051
126
139
5
324
3139
183
1768
231
692
7425
508
546
330
779
32510
26
215
511
2812
41
5535
73
1355
1184
165
12719
512
48
1077
445
9549
1568
455
12816
86
3848
1882
108
2637
151
2249
1337
3141
46
8456
30
3283
3561
457
93
132
23
117
1307
562
5948
310
80
13844
255
36
115
1003
209
861
2396
11782
53
5225
41
189
3341
4785
1448
2554
3751
2228
360
792
853
182
23095
380
108
1521
2142
23626
180
44
804
2174
684
997
2207
12359
664
167
2421
127
365
127
1510
478
412
87
616
5936
2988
21719
6894
3460
698
296
165
20
65
5492
1840
4134
2754
333
254
1702
207
38
15542
902
487
566
4035
4854
416
302
16
1822
4147
8843
477
529
887
11307
860
17104
4291
252
3312
2214
992
359
1139
259
1741
2997
23542
24743
270
2719
401
936
3079
2975
1312
5324
896
533
98
205
8525
1317
1285
25
31
406
5079
1757
3048
277
203
1065
188
25
6623
119
480
819
1527
4672
55
1047
101
657
1660
6174
136
5768
138
1936
7844
1743
344
8213
34561
51519
1281
1774
163
382
1872
8341
232
165
112
2368
258
673
450
11551
302
810
3087
3879
10661
3495
589
315
2300
3844
1538
471
3919
1621
762
341
8382
454
6306
780
2190
172
6221
186
2035
11464
2093
713
358
1842
757
7
557
5770
15
3520
141
6192
235
543
542
53
302
169
431
417
538
70
651
826
309
186
536
125
2105
267
5746
1036
423
222
2885
7429
38
340
732
182
292
5821
2933
1816
42
982
3514
164
4334
1639
4876
107
239
89
188
234
500
2907
291
5341
2598
635
2373
2562
474
916
962
3417
2257
1349
249
811
1504
885
2300
2285
3822
5203
682
502
952
1623
2774
10166
4789
4658
9405
9548
15235
108
626
1416
287
651
199
974
12161
2305
1756
63
91
2824
14546
327
4971
73
8414
124
1832
189
455
2863
10374
1519
973
7636
56
519
16623
847
419
91
3
188
1342
394
15
4980
5802
4945
4460
3120
4434
20337
18941
857
294
309
2573
484
741
1197
310
6548
1500
2232
232
25434
12
618
223
1080
904
9654
1
7607
1185
5533
519
1450
36869
2885
14143
2791
273
114
9805
89
1181
79
10604
1580
283
9126
445
2498
3751
1423
2016
44
1609
520
443
168
1317
1296
1125
1072
242
786
951
2378
8341
167
3954
2764
1842
4279
1079
437
153
53
393
986
9314
422
10802
4995
1859
2269
2
2162
345
759
4569
49
347
181
10826
7221
7728
3469
354
2015
954
3710
408
9542
41
6204
191
350
641
2417
22722
2001
5257
22993
3150
544
832
1279
89
914
26028
4585
519
521
173
230
3177
2681
3581
12589
6175
774
7160
2892
535
3844
269
1832
5236
212
7563
8834
27
47
499
1941
578
863
234
1776
2154
2285
2717
129
259
4043
4308
16834
376
1935
514
4343
2943
539
3093
9583
2021
385
1723
2019
6132
1057
2386
517
985
2163
2547
13552
3898
