750
55
158
23
704
47
746
8
417
34
40
37
57
319
325
357
17
15
33
487
71
6
37
148
183
2
43
30
338
115
217
19
808
2381
122
100
751
162
933
74
213
492
114
108
866
707
137
400
473
806
907
375
1587
455
139
267
355
940
4365
362
336
1328
21000
1606
121
534
12
260
567
1784
66
19
1817
90
844
620
114
3167
306
2202
783
1614
306
394
1735
2004
163
364
351
508
1877
497
96
1558
3638
130
68
1442
8326
200
44
305
334
741
1229
40
87
1694
354
371
193
1096
3352
77
1471
805
362
497
3527
227
1067
267
2935
2654
113
62
25
60
13
2450
2061
763
549
291
504
278
726
176
1347
933
542
353
17
19
73
1904
26
367
523
79
610
5357
450
156
976
3410
2756
189
276
1118
432
14430
82
670
455
179
402
7
1402
34
143
4905
924
1055
578
1680
4063
52
811
397
114
1670
1177
567
42
412
746
1298
271
774
50
11245
887
76
230
7
170
523
9488
469
10613
450
561
96
1628
52
1413
65
61
2557
96
53
692
129
2709
14
129
560
166
615
1488
751
922
32
266
143
204
574
934
388
1694
5761
2575
193
316
77
1744
2924
515
288
380
2635
1268
1779
37
5565
1346
314
2393
104
60
136
1863
23
206
175
999
600
657
152
240
3712
368
653
129
5559
6329
1257
459
570
74
1054
249
269
4007
149
1410
418
215
1528
558
776
95
1670
667
883
9339
74
255
35
789
453
19
230
6332
1189
231
958
347
45
343
51
1481
322
30
46
1164
2152
624
1194
1201
577
737
120
259
19
402
1151
181
560
3
82
282
71
331
848
294
1105
1618
189
446
873
723
732
393
148
68
297
459
869
20
4
3010
209
178
575
1045
1280
61
4875
31
166
12
367
498
49
2614
778
5428
286
2511
356
1095
576
123
4
3416
238
42
401
322
82
44
256
678
182
754
2047
3717
254
347
196
358
3750
49
2195
144
52
6
1013
261
327
1453
708
5410
362
2369
1648
1172
1403
1683
62
366
196
102
26884
291
7842
434
62
62
52
1272
730
234
1959
36
549
258
266
77
97
57
1351
57
251
56984
129
2717
885
705
115
509
41
578
12
279
12
85
2737
175
74
312
344
415
164
1241
615
275
80
1216
3490
872
45
4035
52
366
597
5184
458
2330
40
149
208
293
521
61
358
2301
405
269
300
1529
124
102
201
215
29
91
1396
148
198
3
989
177
479
726
195
86
30
354
208
655
907
118
3390
370
2970
122
159
620
199
76
26
560
1071
127
2621
1045
677
1576
368
103
1107
748
2619
458
528
206
1333
2683
5094
78
1068
6
1623
151
487
315
461
35
1208
59
131
1615
3112
913
132
1019
221
139
234
268
35
83
1702
666
16
804
75
1653
1554
1296
1219
75
440
533
474
727
431
550
449
592
1568
402
3354
724
1005
948
212
506
102
394
1265
108
94
17
168
650
2488
128
131
42
185
432
414
96
197
808
107
103
289
3
374
85
52
537
395
83
254
931
216
490
456
39
302
169
486
442
624
142
330
142
867
769
2931
181
214
1178
180
1170
163
58
969
366
767
122
1232
560
2
30
50
69
847
54
1086
2940
149
447
74
3439
615
265
51
17
244
704
350
125
51
1499
146
530
63
239
184
1231
344
1970
158
169
31
1021
751
594
89
410
312
92
837
419
141
3436
111
2568
827
1506
420
2209
39
1056
171
521
228
6036
161
570
865
350
487
50
1095
710
181
109
96
373
690
128
954
429
952
280
7
1892
1012
569
431
207
330
168
583
190
2
81
436
18
264
2161
2040
772
216
188
298
3425
1105
785
777
32
1881
1211
181
943
288
632
158
756
120
3247
452
827
703
52
944
1011
121
162
269
178
24
79
477
671
955
860
595
1627
318
606
944
1627
18
109
3722
167
1408
411
441
638
847
661
149
223
728
148
467
220
428
271
11877
1113
2981
246
41
56
4157
1939
2936
402
777
560
150
304
3964
5096
570
108
120
126
518
370
573
2584
250
10
330
137
42
14
590
1572
24
110
193
209
3104
220
38
119
17
65
99
239
317
328
392
324
1722
937
476
13146
798
99
1102
656
31
8
66
40
21
12
1264
953
323
896
1414
75
430
206
3
320
1604
1148
2120
2439
138
719
104
335
155
324
205
2
310
44
5
422
1139
1049
281
274
464
732
474
706
57
3808
2129
612
677
41
217
3572
3
166
296
2631
149
194
316
58
49
5716
18
71
3380
900
1983
532
414
378
24
422
910
718
247
556
61
218
118
1005
1669
267
601
2110
660
973
1698
452
107
1201
701
848
2488
2747
3
1073
3422
2497
1172
851
48
345
46
67
214
225
525
60
1591
500
6
1652
1589
142
808
18
1127
15
90
770
2
76
330
1280
21
146
33
189
26
196
983
251
980
1798
676
24
109
531
72
345
404
3213
1163
18
523
2511
516
2112
1535
85
904
1225
2605
470
221
124
117
560
4071
33
276
1042
558
122
326
1247
75
529
230
1890
562
262
39
434
1
707
125
288
297
5
17
337
397
6942
324
389
5112
203
338
4522
1735
99
110
882
1
188
496
211
833
1568
107
71
118
455
377
429
547
81
619
1077
515
417
495
226
536
6744
128
676
234
804
93
1353
47
137
719
273
1083
9
141
73
667
325
282
200
225
31
992
448
660
1796
234
1074
624
457
58
716
125
1282
1918
574
12
830
4309
746
39
5847
139
93
399
1678
1232
8
2226
3034
38
114
3337
933
182
416
264
535
1185
876
6075
380
145
1000
619
2431
1182
2483
672
2678
1283
2182
155
112
790
576
2068
107
360
251
3849
480
395
1418
869
190
92
81
1126
718
635
2707
254
538
53
151
1142
173
413
186
44
98
233
1433
810
71
244
1184
394
197
7160
500
969
76
66
139
3467
86
6421
1290
8292
46
7362
13561
136
1056
81
1014
3344
4822
289
13835
7058
586
67
427
235
99
1512
235
187
31
947
495
9
249
60
259
242
405
169
47
1573
238
125
1724
236
994
132
231
111
445
1196
54
232
287
80
530
2015
2123
1342
638
1558
310
308
691
7
88
231
1618
181
72
133
54
229
1
11
1307
244
64
894
64
1469
454
126
959
631
786
57
63
1040
14
7
166
280
62
57
207
1321
44
92
1683
2967
717
78
2853
14
534
524
54
24
101
886
358
74
225
113
55
379
142
180
770
432
99
52
485
764
997
1184
126
261
138
103
29
1172
181
495
4766
235
350
1115
1367
819
1191
66
433
226
256
126
1836
385
1
446
674
4
164
295
431
893
66
133
491
891
366
431
306
2
4529
232
969
615
21
85
21
225
221
36
159
88
7
1926
1042
776
111
70
156
27
1676
245
196
359
1235
85
45
59
2156
99
224
115
329
1307
47
6098
17
1510
19
1055
4
874
86
1849
734
104
207
311
53
129
31
24
47
236
1817
505
43
1358
5
1451
404
288
4
31
302
58
516
24
286
160
776
92
952
163
1703
304
172
2136
1858
419
1390
809
30
1780
160
295
453
541
254
1649
950
39
17
214
142
5
549
290
339
102
449
72
506
460
4275
72
105
15
740
78
3
204
323
112
104
660
3
2502
1557
1457
1519
199
2424
533
1610
82
96
309
484
13202
120
2655
996
519
2626
1017
401
815
903
115
3457
352
191
152
68
562
3042
4
5
789
199
38
1069
625
255
128
3
296
2444
23
23
630
30
21
466
184
127
92
539
1015
29
4
834
261
5416
3506
933
337
473
233
738
292
1351
260
155
1501
258
204
92
19
49
74
274
266
24
1115
758
18
181
4028
29
238
73
814
74
2312
318
161
191
22
552
264
3092
429
1075
55
498
721
691
1471
331
330
458
1509
438
99
150
134
1
155
2886
347
581
621
295
2214
218
304
2516
235
158
92
117
56
166
2255
326
115
2514
294
248
381
497
771
361
416
194
199
2629
2377
938
287
123
50
2626
282
131
122
249
452
43
285
230
827
48
55
103
848
4160
527
163
622
242
110
115
729
278
1151
117
3569
199
192
1250
3
210
55
725
159
1569
25
96
405
34
1118
332
28
788
24
61
386
216
1827
84
3438
42
137
124
208
244
177
159
723
129
482
1782
241
1576
280
96
309
1198
1621
735
93
801
1804
261
447
59
388
1746
109
269
59
11
491
225
131
14
178
51
52
112
38
410
930
591
685
108
134
383
145
478
442
483
99
2114
969
1148
569
292
44
2753
3504
470
526
536
596
850
631
500
1393
973
634
92
105
4
130
317
372
196
399
321
19
3549
386
229
138
1587
1266
287
240
538
254
726
189
106
76
671
1056
332
1099
2788
284
40
30
6
5872
47
93
152
178
350
1131
52
91
98
107
80
786
5
135
53
256
471
372
4491
124
1498
960
383
563
4440
110
81
252
1128
44
215
277
973
109
166
1434
795
29
49
177
422
12208
386
436
752
22
9387
917
611
475
9
403
1772
416
653
789
669
525
616
468
65
55
2447
2581
322
894
3236
20045
1041
1445
1498
476
468
2830
60
372
4060
1418
59
341
818
645
537
1635
2053
224
733
385
2148
52
3320
667
92
313
305
78
1729
259
245
175
3043
141
245
185
4125
526
38
563
3
97
363
611
255
423
608
15
236
52
312
441
8821
3414
392
86
296
25
327
300
420
561
119
2504
590
302
238
1212
321
867
633
6
155
103
303
2177
874
174
1382
520
912
245
566
1119
154
2866
2165
2351
380
194
1601
339
130
274
1771
61
16
289
21
187
1973
511
425
448
3381
8246
394
172
1659
1255
509
1565
186
812
528
3650
312
692
4048
27
35
1306
1685
305
23
74
1410
326
2102
1144
5680
728
99
123
158
1956
1728
1615
19
71
225
458
2851
227
1559
218
4291
22
402
111
894
6449
71
554
173
150
82
720
519
1131
2090
1723
304
661
1707
219
1024
16030
107
840
3099
176
61
321
668
313
223
1987
1438
48
1702
74
1560
746
534
544
1105
114
15
120
95
18
141
992
488
130
231
1302
199
433
120
1894
73
245
1962
656
44
2
276
414
87
446
151
135
277
243
5
545
236
751
28
360
215
518
175
510
1384
747
577
749
183
72
2940
172
105
410
224
164
487
460
2014
14
23
180
732
569
40
206
1592
1202
861
325
442
9
273
166
665
107
418
786
121
628
812
1081
137
381
53
1411
11
152
27
298
1936
41
782
661
435
61
475
76
1663
844
391
1193
8298
532
5226
392
631
1207
192
2376
851
190
341
1056
719
967
1391
182
1
28
447
319
395
547
1433
77
445
157
7
130
63
94
3178
127
182
708
146
765
803
255
515
970
328
1354
67
1053
55
83
317
246
5985
179
1289
105
775
1385
157
923
825
207
904
890
569
2062
383
324
90
88
475
1113
766
842
1846
53
49
109
73
1014
52
137
739
345
3411
789
72
3841
29
637
121
252
288
2288
104
76
14
324
173
382
69
134
22
527
99
350
1284
2083
340
340
262
1482
2020
268
431
1767
210
2700
471
484
281
336
2242
159
97
859
171
383
90
224
483
810
52
4787
7157
190
1127
104
691
111
480
7
555
2463
445
763
285
357
145
158
2714
140
183
749
40
2405
520
331
2684
371
1110
1344
546
456
395
1613
605
459
204
1152
6
524
2337
776
163
705
104
1127
4267
2439
484
314
67
53
93
284
120
357
119
539
674
479
656
986
595
4
2581
1298
3349
208
25
149
209
296
540
1517
275
296
118
794
392
1338
192
226
373
2102
31
859
4235
75
34
161
213
4126
594
697
797
43
7350
3343
308
1484
125
1385
1537
223
1133
5
749
267
3711
2006
894
5574
954
169
583
382
182741
478
74
539
1074
261
898
556
4986
8923
579
284
587
491
154
2182
347
299
6424
92
521
553
163
335
229
1306
643
228
1178
997
3552
154
123
1161
79
616
1572
225
1470
421
52
167
3971
361
150
48
560
150
413
2317
1253
158
3613
8326
752
2927
596
291
1765
3170
52
41
3052
207
268
340
26
108
62
444
233
1100
29
410
544
147
5995
1948
1405
2212
138
137
63
423
2422
704
359
53
1873
581
409
61
267
310
110
301
3743
12087
72
1269
209
138
386
9
127
459
238
210
154
640
630
574
2624
565
225
157
344
113
1202
186
13
431
482
1435
12
115
5058
266
83
744
335
802
386
131
3276
1489
1531
973
492
964
303
25
641
250
72
64
98
2060
869
121
37
1433
13
654
294
2248
36
817
54
141
36
547
988
1718
704
1100
1038
106
374
717
3153
1080
29
453
18
221
378
77
196
6
3245
930
4640
556
463
75
2467
100
916
505
107
529
61
38
1839
1406
2156
691
1156
1412
185
109
6
23
85
100
65
743
84
379
1726
88
988
158
66
745
29
47
84
685
681
719
2089
2180
131
2349
398
206
508
152
199
1712
1594
24
1230
924
360
44
316
253
1917
328
970
580
327
166
1320
149
195
228
204
1156
687
573
79
1031
261
1165
939
387
1016
46
1242
22
464
37
811
745
688
343
1544
52
95
540
272
274
2816
2085
147
26
328
1931
728
519
