626
7
16
127
220
125
351
204
1094
49
248
25
1232
78
9425
49
22
285
229
102
1075
390
317
3825
1663
21
889
224
155
91
382
122
343
1282
214
396
844
2292
1285
19
504
1193
18
7
8
274
132
417
169
49
294
26
351
243
1
270
287
316
84
604
241
859
182
30
390
3
57
1238
8
578
3964
2292
1
532
7
279
334
358
304
407
484
74
858
1058
190
29
66
670
75
61
56
141
399
32
988
656
488
26
2471
10
290
340
356
9
166
967
739
3
12
306
45
53
178
204
337
1
6579
2
160
1
90
488
556
212
58
88
8
2625
515
291
314
49
17
137
1142
161
440
150
409
140
4
285
452
1
7
215
10
327
111
130
24
212
135
143
228
1705
2763
619
222
186
276
52
24
474
1134
12
239
72
6
283
309
1395
36
192
844
711
246
421
56
33
11970
12
2361
331
7
14
263
59
211
2946
95
123
309
122
349
224
85
877
