46
25
1077
562
475
80
105
569
809
856
521
145
117
1479
870
171
408
329
52
1113
64
25
85
214
23
829
1096
102
2275
95
869
2049
1786
149
1263
67
40
34
693
425
506
42
61
65
71
113
35
4840
305
405
14
81
3359
175
1089
13
2650
54
9392
3614
81
1115
1449
53
260
730
3292
46
2463
1132
283
33
779
40
180
204
225
125
70
17
2385
155
92
36
394
217
18
1038
2950
31
332
119
710
105
17787
36
148
166
1223
25
152
33
57
4876
184
254
196
5369
13
443
24
31
67
320
104
17089
375
6215
42
29
279
132
326
103
2605
246
56
244
151
42
39
8
84
46
137
214
1891
1188
30
538
66
1300
762
21
3121
65
114
258
54
225
188
184
186
797
7
965
9
5166
50
70
141
47
147
741
79
129
362
1742
65
2714
29
707
184
36
235
278
488
332
1147
372
1027
1536
645
35
1505
45
857
898
583
128
119
227
67
238
12
319
1232
416
2735
255
3668
132
92
153
149
66
33
26
465
2890
623
97
8
245
2758
1271
