138
186
753
342
62
5
32
504
66
178
801
335
270
111
221
231
56
196
1
4
17
25
323
1454
2604
1
66
17
5919
1
626
27
691
182
182
347
18
267
486
273
68
63
157
864
145
222
25
123
292
10
12
359
29
17
20
83
103
1
103
32
742
53
8
13
285
483
1
91
1
355
741
302
25
668
5
1
50
1
190
59
1306
3341
1328
266
841
586
50
32
65
122
136
578
35
567
282
433
262
671
1796
16
3
489
337
476
57
50
115
337
173
233
231
7240
28
65
1141
35
30
1404
104
274
653
400
81
169
138
98
330
498
44
5964
259
197
169
37
141
573
70
314
2
35
167
287
46
107
45
807
15
67
5486
644
513
2728
106
22
69
89
43
758
70
1596
654
637
2177
355
82
31
1995
4
421
176
497
21
2439
1
67
72
22
81
4
143
136
261
325
51
246
15
244
33
94
196
285
42
19
135
1
66
182
3
656
537
335
1
18
32
465
12
766
1
154
36
982
55
628
50
133
77
137
22
878
9
77
43
1378
371
1604
53
163
184
34
1
230
180
356
2
147
67
1
14
59
211
123
144
300
27
692
224
1092
25
144
62
2
150
259
379
426
130
5
257
219
19
663
122
18
662
784
72
75
59
692
111
71
41
1
199
935
519
462
508
15
854
197
145
20
1
286
600
8
2584
1
1278
463
3339
359
1
26
231
2819
769
72
50
509
63
336
21
166
113
20
148
485
1013
136
58
96
462
481
32
300
436
595
360
1239
709
176
26
4
712
84
208
632
82
928
11
102
984
88
18
101
343
2
600
240
1
655
76
246
162
328
215
80
610
1
276
380
32
758
220
89
11
40
54
2671
46
577
206
82
88
936
75
358
490
21
75
1460
131
84
157
31
167
1913
715
340
43
228
226
8
116
94
105
40
34
140
791
314
396
831
1
3
201
361
604
4
1
1638
1
343
1
154
661
3123
546
439
1634
106
48
67
144
626
215
1
5
635
92
1307
90
295
440
686
124
25
135
264
71
737
342
1
400
32
50
57
3
164
1237
402
30
896
321
547
31
1
53
51
280
13
883
37
136
56
4
1
2
1264
206
343
410
669
453
67
321
17
15
183
1271
405
19
90
86
120
215
390
2034
1379
141
50
412
86
45
420
14
216
1
123
381
217
1286
769
296
125
30
1
301
77
82
506
372
240
2344
26
540
6
1
379
64
1535
742
12
129
885
314
95
175
17
1679
2
24
16
14
133
302
273
1
229
661
174
3
631
25
4097
147
135
28
1426
402
184
590
1481
127
96
172
305
424
7
681
64
608
351
40
1
660
1190
8
7
63
78
2
609
1010
161
630
132
489
85
1558
63
56
589
395
228
59
23
89
244
920
445
135
413
57
163
141
151
546
91
1
516
381
2
322
217
49
25
1366
374
350
28
68
187
118
64
215
14
883
178
297
470
836
33
53
267
71
1342
997
9
186
111
35
1
2740
18
165
717
1044
2428
1379
245
98
1
562
88
111
92
1
1054
238
76
2
82
16
39
33
1
213
7
22
68
607
1124
22
178
679
75
120
11
26
84
367
132
196
642
792
213
1
379
492
1330
520
39
191
175
1078
44
280
244
665
12
344
268
922
1292
118
60
145
641
396
1
482
1
70
958
175
810
314
272
613
1
506
688
4197
1177
487
188
1
137
117
175
65
2
283
504
148
38
2126
82
713
3654
284
132
217
428
53
564
429
674
460
134
243
5671
385
48
289
329
57
1040
1127
84
943
103
599
4
128
60
170
14
123
89
1332
28
500
36
47
61
393
290
372
333
86
218
4394
51
3
40
8
98
18
47
38
63
816
141
1418
8
84
1257
219
74
142
1059
17
52
125
89
394
81
427
574
51
744
536
292
59
30
844
274
8
38
21
1293
906
66
1089
772
144
883
569
90
174
2854
306
870
115
3
5
120
477
906
450
221
124
1
362
342
734
56
977
30
762
15
431
912
24
250
479
16
25
144
418
412
232
305
1802
205
1410
177
13
7
15
482
824
73
44
32
20
1293
312
274
43
1145
41
19
124
393
196
1
106
265
367
3614
95
1719
480
2699
649
317
112
567
20
64
473
158
1
22
184
1015
21485
225
839
132
1712
376
13
1705
156
763
5
65
106
597
912
60
40
178
74
78
419
485
19
532
250
147
14
179
330
374
192
385
44
1031
1540
484
19
126
83
532
75
409
240
99
174
133
18
41
1452
213
76
34
96
1
81
267
570
746
4
165
139
850
332
30
1
863
162
228
46
2373
351
334
245
91
86
105
100
68
17
1
137
24
178
2
605
901
216
15
558
23
131
121
65
1
415
360
1678
181
73
58
269
1349
68
571
661
810
427
157
27
305
85
96
137
746
5
326
14291
51
1131
545
71
330
1
1
980
431
345
363
432
23
68
62
23
43
15
37
14
347
84
3
250
378
16
37
233
65
166
326
80
670
113
71
721
1290
343
1
382
27
507
222
77
311
93
1749
46
881
671
366
804
39
69
22
162
203
1
253
107
545
107
113
197
622
141
134
347
29
24
83
24
98
642
15
687
92
272
84
1673
49
94
22
123
62
462
1
402
221
148
152
1
1162
1
512
259
249
52
213
395
2506
3
451
28
1
83
989
155
223
90
238
1
957
224
371
2
2
18
49
84
1101
83
116
69
301
79
196
296
114
685
195
753
1
291
380
35
19
747
120
39
422
91
572
66
368
382
308
1108
64
20
350
80
2179
712
67
1
22
8
122
97
135
217
37
3
291
302
249
32
7282
590
97
231
247
63
137
42
37
47
380
499
132
128
81
44
462
465
661
119
100
148
19
71
1010
71
202
194
185
127
151
66
20
74
237
191
341
463
11
1093
69
244
802
1700
372
806
13
436
105
184
269
140
56
750
55
61
187
1
2537
56
72
165
214
55
108
72
230
153
737
24
75
396
75
589
163
90
112
224
835
611
18
1
73
64
268
78
100
203
156
48
121
212
182
2
74
1435
81
145
273
100
697
237
71
90
207
440
73
206
149
195
104
142
356
130
207
212
62
17
164
70
86
20
32
1460
309
482
59
94
22
60
77
29
592
75
55
34
157
1
546
59
1
49
88
176
260
8
25
50
2857
51
267
394
98
563
357
10
1
11
372
222
10
183
105
227
104
3
45
4
36
20
588
24
239
52
245
3
20
515
102
273
34
111
15
28
2469
294
576
32
330
335
467
103
162
127
246
5664
142
270
697
244
84
923
1
73
88
890
6
1214
28
112
440
97
774
580
61
115
23
145
1
98
1159
278
50
96
152
15
902
841
34
670
180
379
18
303
732
1044
311
684
53
79
1
181
203
149
586
386
691
237
373
13
161
473
2486
478
1
92
1
361
241
649
60
70
434
1
197
5
3826
407
93
120
8717
321
79
12
126
531
38
131
833
273
1003
118
165
236
65
705
100
230
557
35
98
36
1
202
370
3185
987
1071
440
137
335
443
768
235
1852
261
1112
1054
46
1536
310
602
56
1927
1
560
500
874
1
285
527
137
51
160
124
256
35
85
487
90
23
355
379
31
27
223
484
241
1165
155
529
8280
1
76
92
333
60
77
506
2
104
48
31
717
19
211
196
37
39
115
89
21
1182
1184
4
18
21
67
84
36
704
54
335
121
95
379
23
39
311
105
10
363
475
292
66
68
385
2
10
156
795
222
181
152
221
273
102
333
1
496
136
1433
1112
1422
18
578
83
169
24
100
331
69
65
133
125
14
7
102
134
75
497
423
63
72
34
9
250
1
1
806
61
1957
49
1065
29
146
101
110
89
907
34
368
28
12
354
1
74
177
15
23
80
7
248
292
24
15
561
37
417
895
211
114
501
51
70
225
317
490
408
1413
1
14
65
353
101
597
24
454
303
26
255
2
138
40
745
292
18
457
241
182
22
852
838
56
216
1279
257
80
15
702
104
2508
425
69
4
3354
13
55
262
80
100
1
43
190
337
41
287
616
1351
1685
2
162
112
1
238
155
1242
1227
1
1
120
63
148
207
992
964
2090
216
44
5
54
277
192
70
125
380
239
102
282
5
797
696
72
20
97
1
25
241
23
40
15
11
810
8
988
56
22
142
185
169
112
1270
150
712
22
437
101
63
13
519
346
168
34
2742
341
115
876
46
584
195
564
948
3473
356
524
10
86
358
271
57
51
637
8
428
110
30
3567
111
21
49
80
252
1
188
39
254
266
45
200
58
282
126
10
153
75
159
28
44
110
4094
328
166
879
1288
679
127
25473
200
2
76
1000
47
131
126
230
1164
108
888
54
33
124
78
295
15
1127
8
498
636
6
193
469
250
306
22
110
32
384
388
100
162
907
107
500
412
251
14
1
194
4
318
1192
1028
29
86
1
145
659
153
159
2
469
87
97
20
29
1085
89
665
129
1
78
373
3035
682
182
1713
188
450
100
1
434
20
2834
591
1
5
203
42
5
142
258
925
128
59
163
15
1
356
251
89
240
11
237
451
157
504
320
13
388
2316
28
267
25
582
785
33
587
65
130
777
159
852
121
1314
336
35
470
74
9
697
27
87
23
1
1
1
156
290
1184
155
404
110
1794
1
656
59
16
1
276
719
41
68
25
65
40
2141
212
84
54
131
162
261
680
67
23
644
11
35
57
246
54
80
635
9
2
404
766
287
86
48
67
5
367
79
148
227
929
479
374
13
326
353
19
137
93
340
6
733
191
353
519
95
1
52
769
122
357
1
324
288
538
32
78
53
672
1
235
44
76
218
709
75
932
744
71
8140
44
21
1
248
228
5
68
1991
469
1
100
256
229
44
72
38
1367
141
866
256
57
143
739
596
714
116
38
170
42
40
201
188
93
358
7
486
175
542
225
16
1
102
364
639
154
387
1115
314
61
1
568
230
499
367
34
133
2409
30
499
5833
46
25
409
40
396
9
292
178
1394
103
218
41
182
270
379
110
1
48
195
81
380
332
209
283
605
120
635
365
55
1617
22
2841
109
221
319
661
341
3643
2
391
60
219
14
66
4
457
6
1
17
546
205
563
241
59
1236
25
12
25
7
177
245
7
26
57
713
2552
1962
662
1
1463
3861
79
2433
854
315
2
396
69
1
1369
1
61
460
228
29
282
652
2
319
196
139
883
5
1
450
219
142
822
343
586
3015
973
264
1030
51
7
18
230
210
1621
17
673
155
8
401
21
21
337
91
1179
1200
3291
355
395
59
9
1
22
482
15
16
34
219
44
701
112
358
145
168
154
457
196
30
245
751
467
2739
686
1267
1135
600
439
655
3
1
2287
609
491
243
17
41
368
68
499
509
423
667
2120
76
33
1
34
1
127
698
155
326
462
63
194
238
1110
296
40
504
128
26
504
1
560
1
417
1
100
669
29
361
776
396
249
55
9
277
592
843
383
28
497
55
328
135
28
122
1712
54
923
148
129
1
59
2776
2189
109
216
1
81
111
125
525
722
1843
1
388
21
299
483
126
5
94
580
75
1
601
718
1465
61
89
364
301
184
143
23
619
253
695
438
171
18
468
391
1
115
618
42
405
586
19
40
1260
934
90
174
38
79
752
34
224
702
1156
778
53
75
364
79
536
26
8535
383
2178
36
169
50
1
371
96
180
131
438
1027
489
28
380
377
823
82
305
80
60
73
799
536
392
790
101
35
515
197
10
75
257
72
6
350
283
562
1160
42
684
1061
50
478
429
266
1
27
25
2
856
78
2675
559
1742
185
951
73
138
232
13
25
4
59
645
1
126
56
807
206
162
63
48
12
403
869
394
153
63
506
207
1
205
508
3
55
498
13
25
76
362
53
81
22
251
130
1
97
4065
117
406
1003
310
1006
3
94
91
164
83
118
123
227
74
395
549
323
2
40
999
69
52
1690
268
581
96
510
185
32
1
1
1719
448
278
138
109
122
188
1
53
206
16
1435
32
24
75
770
176
42
28
39
64
1
24
379
770
91
517
62
123
609
604
458
1
4288
108
73
865
161
99
225
280
310
629
189
172
687
24
126
64
3
26
76
184
191
13
247
1691
54
48
209
82
1871
52
431
5
1343
130
80
960
518
690
196
119
23
551
321
312
26
405
1906
322
1
406
60
57
22
18
79
29
173
3680
4629
534
2
110
1663
394
15
4
126
1
557
68
194
55
44
644
125
710
277
1
93
326
82
26
55
522
958
68
251
7
91
521
283
52
201
39
1
37
107
67
861
2
359
129
399
18
54
246
39
2
307
2
257
3
288
83
55
96
1158
35
239
16
12
240
103
147
234
614
203
609
246
346
48
157
277
26
118
1153
555
64
104
136
23
67
58
113
468
237
45
512
529
120
1804
35
75
498
250
653
166
514
1260
315
62
99
12563
723
289
522
155
30
516
23
28
306
160
170
18
482
9
281
167
214
2992
7
81
113
166
438
22
28
93
31
144
214
386
28
21
871
555
908
2291
626
55
328
239
224
10
84
55
569
258
6
732
1797
946
35
316
795
40
38
520
149
209
2195
94
68
334
48
35
1
338
123
1
401
71
19
95
301
312
1
256
489
1
470
1381
4339
671
844
185
36
1142
253
117
166
23
84
248
72
420
264
29
1
337
197
531
460
5
11480
243
182
1
125
155
31
503
88
2068
41
119
476
7
63
298
667
62
93
168
301
19
432
211
214
155
121
813
132
696
549
586
1
111
374
284
18
147
5
109
1
3128
1462
185
341
586
68
169
27
36361
775
1224
15
168
211
231
3
1
313
117
49
41
39
1692
38
211
718
1
292
529
2746
81
1261
1005
366
2
838
416
374
30
53
217
30
185
120
13
838
860
18
58
248
134
1
135
4458
11
2510
55
1
78
177
36
96
790
13
270
81
7087
245
769
1
24
306
95
38
2169
1
23
1668
87
44
1093
449
410
96
383
251
170
13
20
2950
1493
478
32
33
386
259
29
377
931
32
31
90
444
20
781
129
179
1
4
178
65
446
4526
528
165
9
60
179
886
1517
1894
1703
256
803
501
145
128
52
376
19413
1
23
91
427
590
902
233
986
307
366
147
1599
16
107
80
251
302
100
77
447
569
7
405
1
842
558
400
261
2286
438
812
176
39
261
135
657
122
817
208
1103
25
123
323
15
67
272
30
424
2362
20
160
96
502
247
138
4505
1336
26
355
512
276
284
69
122
257
76
89
369
355
2
61
213
55
287
46
327
178
133
5
213
158
236
326
454
126
308
1
404
607
509
120
322
230
99
83
125
109
43
10
778
59
68
40
294
533
346
122
27
931
12
529
1029
447
532
566
149
64
624
132
1
1961
72
103
154
355
1032
27
2
960
17
452
443
258
490
330
447
1748
238
145
135
49
89
162
797
434
2
235
42
1
471
148
1055
30
138
87
1
119
577
4
160
35
1136
42
574
16
9
799
381
1822
947
35
73
65
858
3
179
46
451
2056
1136
799
1050
91
87
127
74
1340
1001
1
50
192
202
517
106
239
55
4357
2
20
61
568
14
85
229
252
449
14
1743
19
1
83
65
220
101
55
190
75
285
186
7
3284
1
729
22
290
1130
267
515
864
1555
543
410
57
368
281
357
52
10210
507
38
8
2
308
123
694
296
571
567
47
300
185
1781
1
343
1
284
50
40
525
54
47
98
111
34
2652
32
440
277
49
143
60
178
59
61
596
1
29
499
882
227
926
1014
11
215
674
1185
664
53
1157
130
620
5200
374
275
512
334
465
589
365
276
85
688
134
148
663
43
606
43
184
342
1267
424
344
123
634
145
1500
180
72
56
90
320
95
1282
42
1
367
22
200
232
66
314
1157
47
83
227
385
38
140
127
37
270
1021
581
40
67
799
451
2
439
146
48
25
1095
189
334
25
169
64
343
283
32
72
75
498
30
221
107
460
102
186
38
101
51
201
7824
884
339
515
439
457
379
2393
90
2738
478
1
261
277
10028
225
75
16
13
583
20
53
55
111
101
979
50
273
380
135
171
19
527
146
1358
417
858
527
166
222
116
401
1
38
143
224
740
31
155
590
136
65
220
534
233
499
73
1
1409
26
467
703
245
18
212
537
141
24
5
187
96
2002
2887
116
341
47
1
1084
88
90
1118
38
511
29
259
70
2197
448
430
33
148
944
387
293
158
14
1223
71
1404
23
81
1420
3191
502
82
903
360
47
6
157
38
8
357
102
295
14
1
498
66
173
325
771
123
112
130
41
118
70
148
204
1
132
88
141
191
74
361
72
402
45
448
150
77
262
496
63
499
89
457
309
1
895
9
633
344
330
406
226
120
386
116
184
34
520
825
1596
29
69
615
15
225
442
95
146
879
207
1
969
193
29
143
146
69
780
30
719
21
279
743
59
14
684
63
6
113
595
131
278
1285
929
401
112
39
23
20
388
323
169
57
263
366
233
581
1065
1039
68
638
12
1
104
443
65
3
128
35
189
522
504
21
87
335
520
40
250
280
339
518
456
421
23
1033
994
960
24
30
4323
96
555
188
547
50
46
3360
1165
18
75
198
569
471
542
126
400
851
188
49
345
309
157
1
26
30
688
47
465
118
68
566
2
217
97
394
40
574
6
46
533
48
41
48
372
310
574
345
370
60
361
234
73
1
114
768
293
547
41
105
147
208
20
424
115
27
697
395
759
761
100
1
48
73
7
475
21
354
301
120
672
138
205
340
2552
540
304
10
71
317
125
433
2
55
18
98
308
629
46
308
73
49
553
34
161
34
496
46
1076
21
259
273
647
99
330
56
59
249
371
364
72
266
539
241
505
470
26
190
103
124
169
95
1004
327
80
89
508
177
24
1072
167
45
382
407
363
271
8
18
520
295
43
583
60
267
1
307
171
54
695
411
42
287
293
2
26
124
169
60
133
901
792
21
223
23
52
124
90
749
128
384
141
15
24
358
544
167
52
198
141
13
208
1088
96
351
3963
1603
75
198
22
531
59
1496
72
48
3
73
218
219
512
510
1
142
649
74
50
213
1012
660
193
70
212
269
2
158
337
747
265
452
947
844
51
62
657
59
364
452
1076
367
119
1647
64
6684
196
200
3
71
575
402
226
1
71
372
100
36
140
98
110
630
26
8
57
489
151
468
44
85
302
1657
24
125
168
361
573
310
972
1524
240
51
604
76
217
198
75
109
314
267
75
183
534
1
37
932
79
13
78
1
98
543
100
3836
97
48
564
14
59
140
401
53
445
437
28
13
362
66
66
75
826
