35
122
127
90
124
105
336
47
13
375
12
28
4943
6
24
78
22
194
44
15
298
16
16
174
109
20
50
49
66
26
30
39
28
103
18
24
948
13
142
379
50
40
27
29
25
1475
6822
110
1394
67
42
112
1
350
197
14
45
1
602
1452
98
1304
859
619
242
567
630
151
30
395
92
62
188
1076
155
210
183
300
544
74
241
935
394
476
406
339
59
132
1099
14
28
33
95
27
182
27
1931
475
237
45
641
420
325
146
121
113
68
1565
1296
84
30
32
161
279
24
23
25
35
634
220
217
701
948
37
90
123
151
107
254
128
301
21
419
254
37
217
28
70
949
33
875
215
216
75
710
14
28
23
73
1
3
93
215
19
54
17
38
108
649
182
378
34
37
26
91
48
124
5
163
27
34
38
7
65
132
66
220
75
576
335
151
865
37
266
245
493
122
230
214
213
619
1320
726
95
647
339
1990
246
1
132
214
38
22
376
833
20
12
236
61
349
6
237
50
116
588
40
55
518
1086
169
812
442
1088
228
5
79
274
477
169
922
25
41
641
766
211
61
143
34
259
197
141
390
290
