4
2
63
78
6
34
2
20
12
4
5
2
1
2
1
56
21
59
30
75
2
16
1
90
7
113
20
14
7
2
12
21
19
149
16
2
5
26
1
16
194
11
1
10
32
28
19
17
4
102
13
259
1
57
1
1
157
193
25
14
33
131
26
7
9
21
7
18
4
58
1
26
2
9
71
1
74
3
48
133
48
20
63
1
3
10
11
1
17
26
38
12
10
5
160
2
54
4
26
53
1
20
3
198
23
1
40
4
11
19
426
1
4
76
2
13
4
1
1
59
1
8
28
1
56
3
8
8
32
16
9
1
46
10
1
11
9
7
36
2
35
33
50
2
1
18
14
6
4
4
600
6
27
5
67
163
58
19
6
4
25
5
187
8
1
943
7
2447
49
16
3
4
761
3
3
2
7
6
521
11
1
43
11
55
9
41
113
12
29
24
74
59
79
