152
289
1
159
665
407
373
16
134
39
148
75
131
30
309
337
241
280
334
8
2
2467
245
276
372
125
61
165
670
160
846
330
208
17
242
136
284
150
155
343
3
35
23
42
31
1433
144
140
48
167
49
401
150
157
155
371
359
156
246
1853
2170
692
416
251
465
359
324
338
338
376
362
151
388
111
2
181
210
2
279
39
372
409
583
157
237
25
124
595
419
523
484
390
127
528
244
173
338
271
281
587
154
324
37
22
155
155
156
111
237
155
834
123
1
22
3
13
613
19
2
155
155
42
244
127
478
368
442
420
17
369
317
399
241
1
295
38
24
291
442
346
371
252
10
402
238
171
415
346
380
12
122
274
608
181
1
198
250
206
406
4
118
428
114
18
157
157
399
219
431
371
406
216
2
154
8
137
414
279
284
384
32
397
3
428
5
153
20
701
15
22
290
385
371
522
100
1
283
161
33
441
10
155
383
262
154
420
328
1
278
257
171
159
61
334
318
384
239
366
553
