145
8
338
2
215
32
336
10
31
433
144
278
216
12
49
224
47
3
318
362
1
341
340
455
322
332
357
229
341
302
556
373
322
524
636
311
123
549
231
301
21
185
363
351
31
319
373
121
11
344
315
341
335
250
337
155
133
388
336
809
22
351
37
187
80
73
430
1
298
316
128
7
381
343
18
10
8
41
192
18
52
165
338
585
322
322
316
340
321
258
348
359
1356
342
466
331
363
161
43
106
318
492
18
290
311
324
324
212
22
341
315
18
307
394
378
338
343
379
318
78
244
341
417
338
358
321
60
332
39
322
317
387
377
351
542
339
320
327
4
321
292
327
241
342
306
327
268
323
26
475
45
329
259
318
326
123
