11
173
50
994
1407
5
30
7
1246
9
341
4300
1143
93
131
658
3
69
11
205
3394
1980
536
89
1661
293
1420
10
513
344
166
1316
565
186
215
1386
2083
9
2771
1057
3081
9
125
212
85
1127
26
911
71
61
44
2874
457
16
3
835
459
500
1603
1026
243
513
2738
214
140
559
4099
612
231
122
102
573
165
1893
101
3339
95
4
442
679
1269
220
169
886
604
913
4044
15
183
1176
273
521
650
816
748
10
82
1779
692
140
1
50
225
39
220
239
196
186
556
611
501
1576
5
383
2121
303
24
40
7942
5
73
21
210
259
411
630
154
1169
220
1410
377
224
1104
316
9
221
1652
17
518
2094
2138
1488
25
839
2190
1181
129
917
1267
91
2
16
297
13
4
153
61
430
1766
12
71
166
55
130
31
611
1115
1
63
2648
538
565
731
76
92
5320
203
11559
2977
3136
2900
12
1185
5
3
4620
403
400
112
2303
249
64
1088
2238
1517
422
461
915
1066
1025
399
255
1156
194
263
2856
27
4319
168
620
174
86
2095
165
109
872
3471
1579
1226
927
1177
209
2296
687
1
1343
8
266
463
10
1101
13
1
16
57
7357
4018
3606
302
370
2276
5007
11
27
14
275
109
1169
182
6
1224
313
280
2200
111
20
5108
1216
132
1165
1023
502
1264
3070
96
1388
2176
423
81
190
1592
13623
1545
42
584
753
1141
528
535
4795
1071
13
223
162
1196
3925
1568
3597
695
85
270
1831
665
2217
983
156
1364
37
1680
4189
351
27
51
2673
9
409
453
1244
8
528
3480
717
685
154
567
1325
1827
22
544
246
8
135
121
590
2641
51
232
