8
195
706
229
38
102
278
170
100
241
238
155
9
242
258
1
217
1
1
21
278
240
269
17
1
282
12253
19
237
131
234
94
18
244
18
1
63
1
267
246
268
8
72
244
1
11
87
1
1
282
281
177
1
278
2
25
165
19
6
6
230
235
19
12
80
40
421
13
225
35
13
18
39
118
3
694
14
155
945
297
300
372
28
123
35
5
18
248
167
25
288
4
230
39
8
1
1
228
16
126
155
153
236
162
4
214
128
37
275
306
123
25
113
38
1
43
1
261
8
288
131
200
283
14
149
10
71
8
243
1
729
81
155
156
14
242
155
395
33
266
11
301
1
13
12
321
491
124
230
283
301
240
223
286
6
192
270
244
395
233
221
244
236
55
211
228
1334
231
278
299
24
117
357
304
236
250
60
308
388
225
247
24
242
1
74
258
269
263
274
275
243
155
243
1
10
240
284
74
23
1
123
1
1
326
277
5
72
37
30
1
41
278
238
6
84
32
32
300
242
242
269
243
241
75
17
663
57
59
225
1
357
15
15
40
276
55
1
242
476
239
1
2
277
15
4
230
833
242
19
22
339
331
272
229
242
244
285
226
95
1
1
48
594
243
52
514
1
327
40
24
345
6
1
7
31
246
3
134
123
217
21
277
127
23
235
284
204
25
42
111
274
4
4
307
230
5
18
1
179
21
12
1
14
217
242
1
7
1
22
38
230
229
1
243
251
22
134
237
11
51
12
215
14
126
241
21
225
57
394
1
354
242
218
1
11
246
19
296
1
1
125
1
24
2
30
13
27
31
314
18
31
93
1
1
47
115
30
251
1
1
6
219
14
1
230
1
1
241
32
43
245
77
230
256
1
130
1
31
1
319
288
6
57
4
153
384
293
343
1
30
7
33
288
315
291
233
269
8
43
232
52
276
309
23
7
15
7
228
21
1
4
478
94
277
285
280
124
27
46
21
286
236
3
188
25
286
38
23
35
14
506
1
5
1
7
225
9
475
19
628
3
1774
1152
59
61
90
239
128
1
33
283
325
290
294
260
306
225
239
236
14
1
298
244
48
253
279
141
151
13
422
237
5
155
130
505
245
19
238
56
164
122
128
1007
147
232
124
28
283
37
121
1
268
242
46
304
135
261
1
1
22
274
232
27
246
244
155
140
21
400
389
23
265
12
3
120
13
43
1
28
63
1
272
310
18
167
18
601
46
153
242
265
1
16
1
1
240
248
243
17
265
232
264
241
230
122
146
179
302
302
149
285
214
280
222
394
12
254
582
132
234
9
1
8
127
66
1
17
409
5
46
252
1
34
44
1
280
347
231
8
64
398
43
391
277
232
74
227
1
4
66
5
1
29
243
21
67
244
234
3
263
282
259
293
239
392
237
18
265
204
219
37
310
241
1
1
15
284
1
38
235
229
229
362
300
293
283
241
26
122
143
126
146
296
108
277
125
298
32
1
25
157
120
220
2391
143
6
171
154
8279
251
115
1
274
430
231
155
1
1
28
1
342
231
154
698
272
44
357
1
2
225
639
29
226
245
242
223
54
1
1060
225
32
138
236
238
155
18
18
22
1
245
28
1
62
282
127
186
287
230
180
243
232
243
322
230
228
155
271
245
134
341
228
234
123
283
236
132
571
39
303
4
271
272
22
225
225
277
1
211
673
1
1
144
264
241
243
220
155
284
113
928
11
78
317
213
1
225
125
225
1
253
83
232
246
209
1
244
241
10
45
145
254
241
283
30
238
336
25
322
46
18
251
239
231
183
169
264
242
236
153
228
34
123
244
274
287
38
305
1
56
27
216
34
293
