3
28
22
356
30
29
18
19
386
93
778
8
2
246
203
62
2
80
92
134
220
407
44
6
2
65
115
1438
3
759
8
81
201
126
911
452
65
187
113
15
426
28
25
39
718
202
578
18
31
95
51
542
22
252
2
56
150
47
85
327
18
22
5
97
193
91
33
245
105
45
203
17
1
269
2
12
394
552
3
301
27
54
7
247
263
300
9
63
115
39
236
187
36
28
28
57
214
88
86
15
6
138
8
169
244
29
288
86
185
189
206
267
97
210
201
221
62
263
138
181
208
4
452
9
26
25
61
82
90
11
64
335
21
37
199
95
99
14
65
16
75
421
204
9
33
215
16
70
4
218
59
206
186
203
159
99
366
76
18
205
393
323
576
91
3
122
96
33
40
44
26
351
2876
6
307
222
51
13
125
302
67
233
1351
13
123
124
44
121
427
104
35
2
37
14
1
192
1
87
196
201
36
75
157
127
29
542
133
1506
72
40
5
75
32
331
4
14
919
1270
11
66
91
2765
3
420
2
32
66
110
213
1
85
1185
94
50
102
1894
6
257
199
204
20
329
78
2
267
10
193
146
334
706
338
106
14
217
155
4
173
10
38
32
68
210
68
636
35
725
62
308
209
213
483
474
14
64
801
490
1260
10
621
287
336
186
201
330
38
10
40
41
42
202
87
552
115
51
251
1103
840
44
96
123
82
131
164
10
699
253
51
339
131
616
34
327
679
216
268
335
109
231
190
76
200
222
44
235
27
140
18
90
33
37
185
127
8
103
316
188
1
126
69
472
34
217
90
64
154
35
25
91
71
265
340
79
202
15
39
1
19
112
221
44
84
186
928
74
354
230
190
211
627
185
75
23
93
123
91
740
128
163
159
304
212
118
223
231
30
