889
901
810
335
497
8
60
138
384
916
411
458
71
625
70
146
1
111
134
156
816
169
709
102
707
2
83
333
88
708
699
926
645
696
381
612
106
160
736
135
651
10
855
812
136
972
809
1
159
6867
2360
106
848
1017
218
918
6284
149
288
142
58
35
107
164
872
296
683
191
1884
40
307
159
596
589
50
1
272
705
812
64
366
2
783
665
2057
794
293
36
631
1291
258
304
618
216
587
894
679
618
1478
56
695
859
550
69
1
165
187
565
32
724
762
363
29
1466
264
510
623
1147
783
2055
711
1030
784
22
258
964
742
395
105
479
145
703
599
400
1
242
789
689
666
1711
740
335
782
32
770
1
1038
579
605
718
451
538
265
961
601
277
1
674
340
793
772
21
299
670
1201
618
116
697
12
405
620
638
381
618
1181
235
159
100
1104
465
6
522
172
452
149
87
147
2
92
364
665
660
294
413
1120
128
328
103
634
55
684
5
610
886
55
400
1230
75
68
635
618
495
663
802
1353
589
204
528
719
1285
351
608
1222
642
965
52
27
1021
202
30
33
881
798
368
611
719
976
1338
220
581
568
116
1083
156
364
2
620
70
516
767
291
1679
707
877
82
593
1002
716
480
425
925
1
55
48
1122
496
25
25
1464
1923
715
501
476
1331
905
50
148
369
965
153
649
123
294
474
1130
2026
834
776
311
1014
2560
1243
596
125
577
3329
896
253
178
748
646
589
470
645
694
2
1304
1193
1036
584
723
196
28
599
666
464
216
309
751
899
733
12
134
753
543
606
314
1
53
1109
182
672
57
89
23
1
192
137
870
137
251
286
166
652
785
3
817
100
307
657
817
365
68
90
646
114
749
611
641
164
321
1026
1067
818
1531
976
1
63
1
262
348
76
289
287
190
1242
711
115
86
551
1328
2057
991
682
1318
850
1101
2
246
785
393
79
1175
33
347
147
94
132
655
1389
795
1019
193
865
32
853
660
155
191
795
693
50
438
1313
296
50
575
339
53
435
1
1178
4
718
37
287
24
52
25
565
286
87
1021
707
697
158
794
13
779
659
663
616
7
667
583
607
1127
1258
22
48
630
1182
695
495
682
606
2232
23
2779
668
609
63
319
633
795
824
61
2112
2257
801
692
2
493
3
515
28
57
252
259
3988
30
929
775
6
575
46
170
59
144
476
208
465
625
696
739
1824
784
1232
249
660
282
618
493
584
585
238
582
106
178
69
992
695
1538
426
381
1594
1
782
795
167
608
41
593
1
830
4286
17
861
297
1559
604
189
144
472
362
137
160
623
43
76
550
149
618
908
2327
1116
14
636
674
600
1176
994
1584
152
665
1051
624
667
586
638
533
1007
637
601
810
696
37
121
769
194
83
189
1
41
1368
590
304
139
714
294
458
808
1
976
858
152
295
583
147
645
141
23
596
168
6
2741
2
2087
571
1709
321
720
597
394
26
953
894
572
648
3443
342
525
577
579
596
1171
634
224
247
735
664
2
797
406
2078
1280
656
800
320
1118
107
430
1701
212
359
1049
744
24
1082
642
637
687
629
45
969
358
692
775
764
314
587
681
619
54
55
255
130
422
451
70
426
626
59
708
173
697
698
895
141
661
257
225
740
738
476
906
313
150
90
974
164
25
161
1810
516
41
35
225
442
3079
1160
660
572
1
307
140
1401
285
130
139
324
25
58
772
301
856
42
698
728
677
111
1633
340
350
427
708
697
144
597
525
1392
38
83
33
10131
819
6
1
8
1059
832
863
1406
10
607
631
597
28
453
1068
267
4770
40
1256
10
894
67
644
334
859
443
24
164
139
752
247
682
1
599
650
623
257
238
253
2201
286
703
392
305
872
21
524
1009
137
816
97
16
172
70
571
664
95
624
529
1695
68
750
44
2294
245
278
25
7
90
821
1013
760
175
16
739
944
655
184
6
724
1116
2276
37
305
808
1
655
133
606
9
33
14
152
377
661
552
89
647
509
134
215
195
3
461
67
724
1515
634
13633
1827
218
725
152
147
90
6
1170
405
213
4
132
25
696
695
93
1654
1393
908
700
241
19
158
1006
41
452
636
155
539
128
37
61
1002
12
625
25
748
838
694
1015
615
1065
769
559
1373
75
578
1031
40
315
149
598
317
660
90
1108
633
138
832
666
775
190
58
55
806
138
717
24
955
611
141
1196
1322
172
646
811
1368
699
2704
365
1241
679
725
8
816
3836
6
4
228
922
1
249
643
710
208
39
129
673
1159
129
156
672
682
309
531
1402
643
1080
661
810
596
134
284
26
62
668
100
264
563
146
50
3
20
34
418
369
511
653
130
755
70
648
157
112
725
57
912
27
460
396
1802
492
492
476
724
96
448
801
600
615
116
2
5
55
750
791
947
237
106
183
700
1401
5
563
116
811
64
741
553
1473
1160
870
352
338
616
618
37
663
128
583
1555
138
864
839
419
471
916
33
617
658
917
909
378
138
829
142
704
1068
914
723
63
607
197
362
66
55
147
684
2
58
916
779
9
324
122
7
62
609
604
613
626
55
217
46
220
968
183
1068
141
256
518
1
421
2021
871
173
510
205
173
152
424
753
40
376
46
975
288
314
893
655
5
1125
130
390
64
223
67
99
758
904
1043
166
43
446
147
561
55
60
1
480
251
613
56
204
720
294
451
99
635
895
852
27
47
1
743
669
19
1591
2160
3478
790
750
1104
613
597
1100
956
261
2025
537
434
610
91
1143
633
692
158
1096
696
661
1
1261
985
1092
727
1110
1962
1849
621
1032
750
1010
775
29
1097
679
811
1225
744
727
246
162
663
248
879
871
917
756
478
926
629
116
643
1515
412
798
1081
275
451
228
1089
56
822
762
388
272
352
84
764
110
272
634
413
459
711
228
648
1425
57
406
697
76
482
685
708
937
605
703
1638
466
750
195
211
708
474
25
926
700
705
665
577
647
104
811
1182
1021
866
267
182
631
76
829
790
1439
740
160
425
1986
587
737
149
137
1626
31
857
615
284
647
709
1712
809
238
808
131
1784
684
630
127
68
2707
578
129
873
1424
175
719
1
144
580
1236
416
6237
690
314
1186
156
1094
198
61
208
73
4
86
1264
615
134
21
1043
6
379
137
68
4272
672
436
52
17
135
675
1150
664
629
746
620
640
503
719
506
527
395
816
74
645
568
490
14
448
1767
486
692
853
1117
705
1
713
743
684
1534
731
563
1318
1349
1105
726
1000
779
735
1361
1545
1793
637
469
106
1283
51
669
149
75
544
1634
304
213
363
837
615
934
833
148
34
114
495
1324
78
821
17
647
641
177
2
33
4
691
767
38
1048
931
47
624
331
495
765
90
783
64
1
31
660
54
6901
738
1466
231
754
27
144
242
717
590
8
1311
101
686
668
724
136
1055
602
565
267
151
628
77
620
354
590
423
634
267
360
528
696
722
493
700
2992
1190
1120
229
1187
302
656
738
672
725
607
622
618
508
1005
52
1165
746
241
657
597
106
956
2232
855
339
256
444
630
582
813
772
663
1254
638
1022
290
162
472
125
1014
1
944
869
478
334
523
2
1989
690
635
