31
271
116
3
100
17
348
40
5339
23
46
284
202
20034
26
1034
124
41
142
52
1988
8743
1
105
6057
3
93
3849
17
7
17583
60
1798
87
2128
1877
785
2636
2
9610
8543
162
1836
26
7
75
20
1252
4171
4645
10184
176
668
208
5896
201
827
48
119
46
1
3116
16
1488
32
459
36
20
19
1067
48
15
19
26
5946
217
8
1
460
66
177
1258
25
862
57
19
8
2274
35
4794
1143
127
10
5654
401
18
239
17
2656
34
14
48
88
1518
71
517
34
1360
2290
2301
147
3
304
2010
1841
42
1560
27
6
177
24
995
548
20
19
27
371
18
20
99
122
6
1921
2
121
40
189
12422
13
791
127
12
19
651
161
47
30
3360
624
10243
860
3474
22
409
21
554
312
623
36
25
362
1
1843
829
38
2315
3650
16
27
81
3
20
63
60
48
32
20
1170
4202
68
671
636
37
829
1757
58
822
1
5706
5184
560
1
50
20
62
150
2
747
51
10
1
92
47
80
656
38
123
82
339
8
170
1
555
20
74
165
816
1
3520
114
17
173
9
112
116
360
8
39
2891
292
958
3892
4656
3564
662
56
138
44
8
95
1
21
19
2009
32
922
46
1715
30
133
154
724
1
48
47
2622
3191
15
20
10
31
6
1916
27
141
24
529
197
109
270
1
4489
664
13
298
2746
172
212
7
323
127
1196
127
426
71
2181
60
19
36
2272
242
165
67
107
1870
56
28
713
13321
45
7
1485
450
26
51
112
8
533
37
6
4004
303
2234
2
531
87
37
342
861
268
9906
11259
1123
47
4
97
87
138
16
174
44
36
1
85
320
15
82
460
466
17
184
28
59
19
127
642
154
3980
9
16
33
190
2775
532
32
77
2118
970
478
86
3058
294
156
2
3
250
745
25
29
17647
40
4214
25
11
9
2
414
57
155
30
549
8
60
3181
1212
149
32
227
3208
975
22
4468
313
19
24
82
1
22
41
132
187
7718
40
128
1081
2
1829
41
1124
2
47
57
153
500
23
193
40
32
148
56
955
157
912
204
247
8
30
125
39
26
29
2178
56
74
2855
15
75
85
1088
66
65
23
45
4120
54
40
410
256
58
19
510
514
552
56
41
201
55
1027
12
437
93
98
13
18
9
1242
6165
1
11
75
3145
77
20
35
1401
2
298
28
46
19
220
166
29
25
50
99
3
439
187
74
53
182
60
89
35
372
178
162
168
6
41
8
37
2029
52
84
27
8
1522
552
105
279
5173
17
172
105
20
42
2690
62
3344
48
1033
729
34
769
440
3916
19
40
3076
39
7
744
106
29
168
21
60
200
16652
4303
3
17
517
29
21
21
157
425
18
47
4
993
194
85
471
711
373
27
61
4938
188
239
1147
159
10
47
1
3400
79
61
193
332
3
19
31
3
161
89
382
73
900
1287
19
744
419
11
8
22699
539
28
178
785
16
904
150
221
133
899
67
283
65
16
6
1557
1284
8
73
217
47
58
104
132
4721
3700
1
438
168
730
385
39
15
7
137
124
8
460
1309
84
144
4067
371
40
5021
621
13
2669
1434
1771
52
212
12
63
885
8
174
11
43
37
219
4
4
7337
78
3510
4635
4
13
22
723
17
1344
60
2605
84
61
1
6090
15
1922
52
10
10
1092
21
83
88
71
39
194
253
66
107
395
800
8
442
263
19
3287
45
2332
7
43
542
130
149
1234
5450
36
21
9
15
138
346
15
64
1095
1613
5
47
861
115
639
62
338
1867
55
728
906
156
7
835
281
8
126
33
2
117
335
14
233
45
700
2147
74
587
852
31
1781
79
1891
1417
3915
59
2785
124
82
638
1
4
90
3520
1493
1886
91
921
298
2867
123
2
233
51
8
8
2
2478
33
30
91
942
26
55
6
84
98
308
49
111
304
3951
13
23
123
1006
6
12
43
285
1014
1290
105
57
40
21
81
3070
709
262
2609
19
1994
11
450
27
291
114
26
7
8
2831
2
1256
48
403
83
159
32
4
82
86
416
1
106
5753
1
27
52
20
47
39
34
68
122
167
1648
131
3440
109
1050
989
11
63
1231
21
42
5994
83
14
9
91
228
951
610
425
195
5814
116
118
717
242
25
890
116
228
256
1136
3326
88
20
3046
98
1944
5
8870
14839
207
20
1
57
13
881
1
5050
49
48
124
397
1495
8
356
52
264
63
2607
14
68
969
3867
3132
489
31
485
30
20
105
5
16
11
39
9
164
143
32
328
840
66
4546
57
33
137
2
72
2
87
203
161
374
5192
4488
99
16
320
39
37
197
3
13
119
1
52
716
726
18
682
159
72
22
79
15
1556
1513
18
30
79
11
628
1054
42
19
294
1383
1092
72
517
595
343
94
69
3176
228
77
58
434
100
1024
27
35
1136
942
319
739
40
10
42
1326
59
1
173
243
1
114
156
742
750
12
57
111
7
736
4891
2344
2199
6024
170
370
18
6218
34
42
134
5020
161
46
154
40
6062
11
35
23
25
247
563
20
164
29
594
1
700
1335
45
463
218
54
867
5697
27
17
20
71
309
614
83
120
937
435
69
2625
4
1
27
1
71
583
27
11
1007
5961
5297
39
704
1
8
94
35
305
163
1491
14
1
4759
34
15
6
47
100
393
37
342
675
758
1145
89
253
44
169
2297
441
1092
132
3444
1292
120
12
2710
1490
26
110
9
13
80
21
189
94
47
48
2827
39
590
1377
43
1847
220
149
182
4879
148
51
107
659
8
443
14
221
305
169
6
20
24
87
13
3225
4815
27
101
93
152
32
761
81
2298
20
946
136
558
44
1874
129
19
543
75
102
1510
126
849
27
34
24
1814
1145
35
8970
2898
26
73
104
8321
61
1071
1416
2752
109
25
353
53
303
3454
60
30
48
14
45
1
41
259
35
221
1493
43
191
2247
1
1567
34
25
642
31
30
130
190
545
83
102
22
75
4895
3
188
56
535
176
70
578
1
1
575
88
60
162
21
466
11709
106
28
1
63
676
129
21
11560
130
27
41
11
65
19
109
31
38
20
6
94
1
56
35
1162
1122
21
53
45
7103
43
57
34
6207
27
29
6
10308
8511
3571
112
163
58
69
2
67
363
1926
1
114
19
63
61
9
1846
20
46
24
129
194
1516
816
986
6
15
2112
29
21
15
67
115
1300
21
29
6
28
6
1
32
2
9
1113
13
67
17
51
845
1878
7518
76
590
79
3785
207
451
148
2891
657
464
11
843
90
27
439
346
97
23
1749
2
256
303
128
331
6279
1045
1845
4
51
12679
68
1097
81
37
345
8874
5038
14
2626
58
27
26
26
128
20
143
52
1
32
327
267
91
181
7
1092
11
223
5121
264
281
46
1
28
4973
716
47
37
875
227
1
2
8
27
2753
26
337
19
259
722
1040
3
1049
196
108
266
6642
24
34
34
256
38
371
875
10
831
53
11
342
29
46
