242
60
227
218
120
235
119
246
533
273
122
256
272
233
576
231
446
222
251
273
122
257
262
256
223
218
5
275
5
124
73
490
217
557
50329
969
234
428
159
308
11
216
247
17
1
219
218
287
247
131
206
5
7
288
238
121
273
216
63
7
227
258
124
306
604
145
11
246
7
125
95
123
107
8
132
106
121
125
106
18
4
122
1002
243
240
219
136
223
25
120
6
221
237
105
105
9
245
74
105
107
230
365
8
1
210
3
224
111
342
267
105
280
271
110
279
153
344
130
236
103
105
106
123
1
133
392
128
224
122
546
346
517
122
122
152
241
118
185
343
184
254
538
368
84
211
376
113
230
360
114
219
131
293
250
406
258
129
105
220
229
237
13
314
225
107
124
229
123
490
5
266
135
287
189
11
2457
137
487
6
330
15
321
364
106
215
155
180
234
120
143
186
1094
137
348
216
122
246
329
4
339
911
11
117
276
251
105
247
5
152
218
591
130
78
128
256
65
105
216
269
5
1030
124
369
151
215
102
218
6
653
254
209
105
119
227
224
240
252
6
120
5
6
179
243
23
691
12
144
121
235
334
139
195
146
193
218
122
220
423
240
301
245
213
121
109
235
441
5
12
172
15
7
265
247
105
217
1
105
105
105
107
71
122
122
239
160
315
1167
9
246
210
257
106
853
193
128
17
395
244
243
129
101
317
245
225
120
179
248
3
105
195
140
226
263
154
126
122
203
117
260
81
248
446
245
210
321
137
216
275
8
263
251
195
114
242
126
105
1
245
4
94
16
126
223
454
306
252
14
30
200
231
759
102
229
511
287
126
98
49
279
124
1013
244
102
109
106
235
214
134
273
129
103
601
104
220
291
436
239
261
12
221
141
120
239
251
134
172
114
160
813
524
132
294
1026
141
151
234
125
131
1618
53
1051
215
137
107
315
336
115
212
451
105
233
1560
2
224
92
591
327
225
123
117
256
377
197
237
123
174
122
126
219
116
243
429
261
232
160
124
123
133
242
203
274
173
107
33
612
134
184
226
125
422
250
95
5
228
226
5
220
125
219
14
110
23
53
358
145
208
215
264
274
611
120
121
246
119
127
253
212
1
247
125
519
108
9
503
169
123
173
117
234
126
126
176
107
110
1
249
313
234
316
135
280
1384
255
214
209
2
223
175
226
301
283
181
117
263
87
252
118
665
1
5
19
121
812
145
285
10
204
223
107
15
226
390
238
216
120
145
268
105
268
938
103
345
125
111
321
236
105
123
253
7
244
515
339
553
137
250
245
4
3
174
244
254
167
241
227
101
261
535
230
494
273
225
20
240
1
222
266
123
335
215
372
128
144
142
344
125
217
109
178
576
49
144
229
6
122
382
21
12
2
219
261
1
421
91
213
303
22
126
294
246
279
533
291
6
288
9884
193
134
110
54
245
144
270
123
254
137
302
28
303
126
16
271
291
186
70
546
124
511
131
247
292
52
184
156
215
112
307
253
6
376
148
755
333
263
254
120
298
62
324
242
4
98
2
79
248
289
269
107
252
112
105
255
127
236
74
282
216
2
248
278
286
296
146
218
120
241
98
253
464
145
115
585
166
144
121
9
92
315
108
128
273
225
152
121
265
116
283
236
241
141
860
110
269
105
1
304
224
124
158
578
107
155
336
215
262
5
5
224
274
346
755
122
141
367
827
1
8
391
119
423
145
125
132
245
125
105
281
56
138
265
241
105
1
1
470
256
121
115
274
72
221
712
107
307
1369
130
102
200
363
244
7
266
164
215
254
270
281
357
125
265
112
236
143
148
403
212
202
141
287
228
188
249
105
16
105
221
168
245
142
123
264
278
218
220
157
38
290
82
260
127
306
223
245
340
136
