14
1
167
6
22
30
6
148
9
161
11
6
42
112
897
36
45
39
18
667
34
36
1
261
322
315
274
299
667
2677
92
514
229
20
1285
3
834
378
1014
316
766
528
316
64
201
67
60
167
414
242
19
260
186
32
128
16
120
33
584
2379
427
944
53
146
65
23
8
20
51
14
271
52
6
1
27
207
29
38
181
14
467
4
72
457
129
486
40
173
273
11
199
220
24
839
44
80
29
274
145
18
1606
14
25
27
196
13
64
56
1789
875
35
1091
39
209
287
10
1207
211
8
27
16
183
64
30
94
63
1454
999
470
20
26
197
173
19
93
91
446
695
546
190
65
237
193
226
48
925
182
1778
399
458
357
448
494
177
70
2190
59
3
811
42
422
225
27
89
47
118
246
438
247
173
979
56
18
28
6
152
118
105
160
77
702
88
46
45
35
18
19
370
69
233
82
42
3998
1020
587
1797
298
1754
108
1984
179
191
344
112
71
2121
33
9
889
17
82
1188
171
176
989
4406
2332
464
93
433
779
3424
145
292
80
2395
138
61
366
535
361
773
64
549
232
42
39
6
1
2982
705
1323
35
457
2209
2924
1046
618
135
497
34
945
386
451
1
58
90
332
168
1639
49
503
74
149
282
112
29
1964
488
411
276
3197
34
8575
156
43
3837
859
1404
8
531
120
60
291
47
256
537
364
49
43
383
1055
477
503
269
43
6
148
115
2991
610
245
227
250
330
1
127
501
211
56
95
273
104
500
726
40
113
33
259
1425
24
364
255
8
312
78
794
630
81
28
309
1131
349
30
190
398
232
303
14
388
1277
63
15
15
429
9
2371
93
25
5171
905
27
1009
25
39
521
701
489
2634
3585
848
47
852
1209
1695
29
69
2266
1767
1535
431
626
706
20
128
1
15
95
586
176
1044
363
68
1993
66
2208
446
602
701
388
2
10
336
130
202
976
374
163
95
598
540
723
15
521
8
1037
3426
68
2156
735
99
20
182
3
179
2167
110
337
18
226
11
301
9
434
511
1318
476
58
62
60
3259
2932
42
568
2952
24
90
104
89
85
19
52
1833
17409
71
778
84
1308
641
184
73
585
613
6
196
1525
345
407
46
138
24
188
101
1213
74
130
10
161
19
265
927
5064
31
123
823
615
2659
3390
437
1
572
36
85
272
391
309
12
19
9031
2355
19
10
342
1336
1998
835
68
182
356
1877
104
188
352
1703
125
1
11
674
189
953
448
2587
214
36
335
212
267
11
16
243
251
5059
1081
251
340
672
3775
17
3293
16047
2211
108
437
593
391
69
74
30
156
236
186
359
1367
644
369
754
2448
387
869
4264
217
162
135
580
703
1355
107
1411
1121
35
2016
193
2653
23
282
38
556
115
23
56
40
1123
4684
2416
223
83
260
2866
212
237
40
118
83
36
123
590
1220
88
1742
136
119
628
74
11
874
169
4269
2338
388
460
156
743
26
115
1026
76
4145
582
97
259
38
1888
28
274
58
518
325
60
2833
12
886
230
83
341
522
30
7
12
124
926
47
250
612
219
247
226
1287
346
7
28
716
689
237
26
656
10
224
298
2381
149
1009
171
502
301
520
262
345
99
202
328
18
39
213
118
320
189
46
41
494
432
15
1379
24
92
73
21
79
1022
45
1793
3735
351
2
1393
185
390
196
1199
674
464
812
45
1447
444
771
103
319
225
1922
545
128
902
55
12
188
138
33
374
19
10
502
178
172
16
94
82
196
4867
33
961
352
4836
187
1323
1
21
66
5
303
72
214
22
29
10
315
1287
382
544
39
66
208
3584
153
49
178
312
974
1140
173
163
72
183
65
731
23
460
345
56
7
152
128
34
591
446
387
331
623
123
105
2180
26
24
337
18
487
536
3851
14
120
242
66
38
100
475
674
4
233
729
1044
740
733
1324
2
321
86
528
1208
42
1624
1247
181
30
1519
46
29
72
24
5209
1217
2
524
83
38
6923
530
945
16
343
1796
73
102
27
1219
16
904
405
69
2551
912
179
612
1342
863
33
4
390
1
462
41
2311
6086
1745
752
402
871
1778
3
1295
152
238
121
265
859
408
3473
233
309
472
105
48
14
3600
482
473
399
4174
5301
1013
331
428
634
366
35
168
4
95
124
13
257
610
108
310
36
49
62
349
186
78
390
670
1776
774
16
305
179
1604
70
1073
38
202
66
150
215
423
97
2479
11
3786
29
8
1
215
30
15
132
64
291
40
178
1382
1606
75
62
368
567
278
818
2023
5
559
6
437
275
701
146
2499
523
42
9545
11
789
47
61
166
132
22
2022
334
459
6
914
1221
87
342
111
361
126
926
1618
324
543
281
21
121
514
68
30
1016
101
110
482
315
1476
1435
614
410
1458
406
200
531
377
121
393
159
471
4595
74
51
327
2308
2092
421
287
585
371
74
595
329
119
401
483
27
12
470
41
191
533
145
26
175
3452
18
190
53
3537
68
348
125
321
442
479
513
32
462
320
123
438
368
1098
327
446
224
80
356
20898
4
748
335
467
33
461
573
486
517
253
478
523
634
2234
481
447
29
662
385
104
507
603
411
145
533
337
466
120
119
481
73
192
287
212
792
107
471
23
40
629
368
409
942
436
1358
15
174
1
444
539
80
143
1236
16
96
322
233
694
544
2314
59
498
267
420
537
96
526
99
691
67
2315
1096
817
1363
543
186
5
3997
165
511
324
3
2426
4318
1362
652
336
3
1735
165
398
49
226
481
31
972
322
432
85
17
534
274
87
143
2298
456
145
60
77
200
84
36
8
1282
46
365
95
1864
459
370
215
2758
9380
82
1
416
180
665
335
13
642
9
230
337
55
12
34
753
335
20
3964
23
202
36
767
66
105
336
98
350
731
498
1773
18
90
18
292
20
112
2242
139
160
180
40
87
744
72
1
99
1469
503
482
993
364
910
1670
2
384
26
210
249
43
201
76
61
173
86
11
331
354
815
42
53
737
24
3
537
590
525
111
62
54
245
914
58
148
208
382
1580
74
123
44
35
184
3
66
51
196
95
81
418
35
781
527
52
77
217
514
580
528
39
10
54
564
464
79
755
308
686
799
1067
254
22
62
274
7
77
146
34
444
172
672
1152
186
5805
70
126
13
9
1652
70
27
631
285
50
11871
42
30
49
31
847
673
165
370
158
5122
211
2086
192
177
3000
931
24
12
4542
451
522
689
310
76
97
190
2
544
3704
248
324
318
1920
158
664
42
13
1598
116
432
20
325
456
34
30
3
8
43
4075
725
822
704
468
13
7
11
286
29
27
107
62
48
153
250
163
445
995
77
275
430
338
41
97
9
33
49
8
164
1551
291
55
660
381
962
31
431
37
2394
491
1560
971
34
321
7
17265
236
405
486
1477
337
148
15
177
44
707
752
1295
162
1423
318
20
642
13
1328
177
4428
552
87
455
1183
57
2465
123
3179
486
505
699
1
249
63
2477
16
36
123
193
360
4
2277
77
162
38
2
399
185
28
31
125
179
254
90
109
606
117
197
4546
43
1240
492
1765
104
70
572
353
1535
274
304
213
203
150
288
977
49
825
484
1969
651
1351
641
56
392
2
164
5221
236
58
311
386
444
251
971
77
213
18
26
4623
1
774
21
44
761
327
9
166
1554
279
235
125
143
425
6
38
7
879
1378
624
322
725
18
444
461
635
506
147
1590
652
785
333
900
268
97
101
170
128
526
359
99
375
1186
110
2210
1143
2775
1474
475
2667
113
447
283
942
213
731
5283
988
1818
31
8031
13
387
26
2350
233
187
977
1186
110
102
4180
404
296
1144
33
187
131
60
486
773
41
43
276
89
835
134
3
144
344
233
80
1113
14
21
63
821
208
1054
101
366
4
92
92
54
22512
283
1998
586
328
150
45
459
1059
1468
578
20
358
2089
3388
10
545
67
582
4402
75
520
1961
6
19
23
67
395
25
555
888
325
233
8183
348
587
2031
179
6
26
806
258
736
299
35
923
1980
150
993
59
16
234
389
243
1111
88
1052
389
5758
85
920
748
4
75
302
2721
1450
55
55
829
14
519
98
1328
255
2
61
44
10
12
332
44
437
185
319
324
1
29
930
734
48
695
25
416
36
415
120
12
700
13
235
44
461
1093
36
644
92
300
19
113
103
120
2817
1043
1401
157
40
632
11
38
1
56
380
235
167
5
45
2270
29
26
34
687
172
13
215
417
185
1562
1360
72
654
1046
122
33
375
184
25
1798
130
2013
167
217
179
661
160
163
200
1186
102
166
132
179
268
269
275
714
112
697
1239
33
628
777
176
118
58
204
737
71
1404
194
272
10
88
3401
19
425
274
45
177
2213
101
45
293
2293
226
29
1812
52
351
13
742
42
179
3
625
46
93
202
1488
27
6852
1912
643
3147
34
4
261
89
487
2804
3
148
112
61
1909
126
826
320
117
2236
28
859
142
892
127
814
106
261
176
156
1221
209
14
145
513
292
3
873
207
11390
597
4448
222
67
18
528
152
7
24
408
398
1106
50
16
5
7
882
301
1852
1104
969
30
106
408
11043
149
398
85
845
27
69
175
10
1055
686
46
90
5673
38
492
389
427
48
171
409
25
60
650
550
322
588
419
12
282
9
35090
591
1383
1010
49
45
7
15
152
113
89
98
92
347
172
16
142
90
22
58
127
27
45
518
218
186
724
1349
495
965
877
78
328
174
73
92
1618
320
298
2412
2017
380
31
132
320
406
182
1
1001
90
115
1280
275
58
319
142
1404
633
5097
135
37
1326
1740
29
1163
138
182
99
4188
259
48
23
37
144
260
31
9
77
51
24
72
48
890
1141
2807
264
515
53
45
122
139
11
68
4
2138
45
225
197
99
470
166
164
52
154
142
693
11
193
12
635
32
180
214
1965
426
279
493
118
72
619
494
1492
130
4
25
11
475
47
32
648
190
2351
1
1534
79
3190
380
1969
81
24
70
416
92
541
517
663
2377
22204
5728
174
1140
1118
475
233
300
188
1256
46
30
454
480
97
46
5909
136
2744
501
314
85
75
1443
164
140
17
855
2466
1018
1695
136
107
131
25
867
288
221
8823
33
360
110
110
971
30
45
422
134
47
390
638
212
821
231
1429
963
249
37
1185
522
38
4909
168
334
407
116
198
87
19
107
290
389
13
2050
1394
10084
1824
921
255
94
25
8
1808
406
955
357
114
104
115
320
454
975
329
632
328
713
9
25
46
123
361
1131
1669
104
14
4
713
94
131
99
347
1628
1
181
634
1
85
505
790
528
2278
239
4
385
283
236
780
11
11
44
92
690
58
1642
1595
1576
4483
87
21
2
141
60
56
6
144
495
41
444
146
2845
30
861
669
442
1241
102
485
7
375
1362
154
39
582
26
205
101
83
11
663
15
155
634
318
11
710
410
907
20
272
14
154
18
21
5827
27
59
811
180
20
133
65
28
93
321
381
3123
132
206
18
2424
564
89
531
63
217
154
234
37
1859
48
2673
536
1185
1080
5
86
30
729
3675
3139
135
879
159
766
27
141
141
1131
162
173
72
116
116
517
287
742
101
1551
206
13
29
434
383
47
974
161
320
50
863
10
114
3619
327
30
84
132
1597
82
585
30
1878
1029
904
491
695
7
8
353
913
391
36
331
347
629
3027
233
109
279
63
2599
129
1345
110
196
2061
53
1709
1340
2777
441
19
317
979
267
38
750
528
172
2
548
135
853
631
1616
21
1
232
63
637
23
590
35
1222
2249
432
12446
107
850
579
213
96
3326
34
1261
1
853
216
551
237
458
199
42
11
1
143
125
394
31
307
458
517
2308
248
401
3
185
517
2201
401
27
388
398
1036
24
22
1195
27
278
32
700
2685
41
458
156
95
64
4193
813
473
3040
482
114
19
111
216
14
732
312
291
2010
707
269
60
881
130
357
11014
43
28
640
8165
929
389
3
71
109
149
434
181
128
18
3960
109
34
2028
12
3964
755
121
255
1
910
50
489
523
41
532
1303
129
3443
125
90
406
108
68
1
220
735
1973
1333
3233
3657
420
10
323
248
119
1533
3010
768
1886
648
516
2294
407
14
511
2098
224
994
81
28
666
631
1
1175
4702
701
309
228
133
14
51
330
192
57
516
468
965
406
35
47
1
21
428
634
18
33
47
50
17
297
252
236
48
93
25
1142
4
152
811
664
100
345
258
1329
427
29
498
217
257
36
324
42
36
39
1062
69
61
118
413
26
10
112
54
1505
437
15
2857
48
56
51
427
58
161
4
230
500
36
295
71
169
55
703
594
663
421
133
96
1793
648
694
233
484
1
206
307
223
2072
84
860
2758
219
4203
71
134
23
630
951
456
1023
880
317
28
449
1
881
44
38
1531
86
32
103
138
84
47
6
865
29
16
2656
1274
272
454
1317
2606
3445
3021
299
4557
710
9493
34
550
386
193
445
453
52
1675
126
106
4045
16
50
524
115
795
529
531
6
178
1137
1526
1142
7
3080
372
174
988
32
142
40
337
18
199
1200
515
187
171
484
106
45
28
1279
907
911
32
180
7
445
531
2229
117
47
65
1285
1447
3523
141
537
459
80
418
62
220
117
83
176
74
450
43
123
80
30
392
2100
414
74
570
413
330
37
371
527
224
40
123
343
51
570
770
519
518
771
138
665
120
137
507
476
210
123
67
224
14
114
462
89
512
469
256
1265
6
465
13
103
479
615
47
262
14
1549
927
32
52
173
648
255
307
3103
57
890
8
1007
29
463
4808
325
2538
1517
3888
3132
377
579
140
493
374
2146
1092
10651
1272
26
177
19
2132
145
16
119
77
479
71
54
550
95
718
29
546
96
201
1067
29
135
84
139
729
5349
362
383
1027
225
169
64
466
1
3
427
17
258
548
376
226
32
32
1222
17
163
773
64
445
384
3
75
801
3694
3
43
681
82
9
279
1481
454
328
860
793
2761
507
454
5676
266
651
240
2929
395
42
549
186
5452
51
637
13
944
292
25
85
25
29
4268
37
62
479
92
491
120
479
285
5308
133
6523
633
391
386
497
108
315
747
761
49
249
363
750
19618
56
52
791
40
17
259
500
487
32
20070
279
11
234
2
134
1661
1795
25
278
378
21
114
579
47
504
640
447
1389
1724
921
272
7661
363
31
282
169
18
355
79
514
61
401
295
18
333
615
1439
122
355
1638
2
105
419
7688
469
13
2408
19
7334
663
85
236
2
71
554
33
299
618
128
398
840
294
340
4149
119
25
274
74
419
1172
476
988
506
778
9
42
123
609
401
104
9
82
441
386
344
1447
1580
179
42
61
1034
25
275
11
461
726
63
165
280
328
15
1119
688
235
265
359
651
231
4085
385
338
409
246
752
451
119
213
276
504
3392
2180
84
1142
339
37
100
2123
8
458
1093
521
380
145
453
694
819
252
388
1
149
8646
1236
247
389
1340
393
286
81
1850
52
1112
94
482
465
1797
141
20
3
573
15259
478
4313
2339
10
1073
18
265
171
68
244
15
965
707
446
59
1
923
3767
70
1120
1177
359
779
981
989
1519
485
2045
66
63
1296
46
893
227
2056
8
3315
626
2
686
1464
470
1127
1155
5
832
892
323
1031
1010
1151
1240
221
751
337
88
270
1917
1150
549
498
830
1653
181
429
904
132
136
1396
273
277
426
334
458
55
358
612
361
529
5030
2670
58
703
12877
657
475
63
391
1023
2523
583
520
1293
80
553
68
374
135
477
10
35
96
9868
1
170
1699
91
449
974
357
70
42
8
507
96
1078
80
341
13
110
226
482
30
370
2739
440
280
163
2
69
400
1089
514
945
151
1134
2418
33
535
365
11
168
440
1
473
182
1437
158
908
1583
25
24
17
118
73
163
781
86
164
907
1785
256
57
454
24
2582
611
576
233
2372
8
639
76
4
1
54
968
273
4084
6
309
463
413
1764
162
1251
3290
743
1490
4059
15
31
1099
29
30
1175
1120
457
432
165
127
761
31
511
365
238
104
37
18
1712
100
323
2137
88
27
469
344
792
49
9
18454
538
320
20
364
18
53
2989
868
1261
1423
167
3658
230
149
1631
2575
465
15049
482
8
188
705
313
11
147
2782
55
458
823
1245
6
76
21
63
196
63
416
937
78
742
5
1355
274
76
105
397
99
1466
81
118
552
126
37
478
33
47
118
58
211
61
244
136
376
97
19
421
487
369
2
541
363
25
734
32
156
272
367
771
457
328
70
52
518
147
27
111
100
4111
1445
45
263
172
454
558
622
143
3
198
120
238
757
57
24
12
1307
311
124
236
292
16
526
3147
945
275
113
2050
506
808
326
2
2448
465
544
203
71
145
308
1
413
229
1094
343
72
4
16
80
615
135
613
380
23
495
214
408
376
24
1377
1066
1740
166
63
1113
193
1823
28
67
352
39
9
365
124
149
569
54
920
691
63
669
101
173
46
47
1010
154
15
379
1152
323
210
477
334
12
1845
539
2280
88
31
942
144
2702
24
3348
1585
48
320
6
226
43
543
179
338
16
1018
62
47
563
50
509
212
301
15
8
51
23
204
1267
1020
438
103
21
539
856
148
4371
334
484
29
109
344
427
99
967
113
710
376
34
86
1177
3594
197
25
23
424
50
403
487
673
96
2241
5197
198
274
115
1015
1016
461
39
162
494
2129
1331
2349
564
1311
174
572
107
632
145
101
304
493
461
230
101
338
143
229
627
370
620
4827
503
601
1891
3424
575
31
731
1798
1196
41
34
113
143
119
412
238
2176
777
349
128
450
64
148
1302
604
37
15
193
699
575
251
16
68
463
487
331
12
14
408
602
290
7
566
533
442
331
352
325
5
108
442
2489
1033
1
1106
229
4
481
431
16
433
377
77
11
127
169
507
444
763
370
1068
289
973
243
440
983
18
615
54
336
22
778
732
24
175
121
2
210
477
496
21
31
113
491
281
152
39
156
526
12
140
358
41
605
466
480
512
102
23
77
427
1148
417
1
390
602
452
16
335
5078
439
738
11
252
455
382
506
590
331
521
566
464
420
458
403
208
334
1
456
696
2114
170
13
3948
1080
124
381
369
5
463
667
28
356
