3
105
205
95
5
16
7
97
14
6
1174
6
8
21
486
92
87
126
3
28
421
50
24
19
47
125
56
201
16
339
598
12
22
25
1
2
4
252
301
91
15
24
21
18
4
35
1
13
3
124
449
280
20
1
6
172
28
90
15
536
26
188
46
5
5
101
51
107
56
209
48
36
38
160
61
5
13
19
6
132
244
34
82
46
341
198
238
223
128
201
204
204
213
235
103
219
90
2
203
215
186
2
128
212
339
8
219
49
43
222
3
5
24
29
4
42
39
39
18
145
16
19
7
24
29
13
122
4
126
7
78
63
5
139
275
30
199
200
63
8
2
3
140
18
27
220
219
167
8
1184
9
6
66
69
238
4
304
4
4
7
18
19
1
4
2
7
10
29
294
40
77
39
7
233
193
440
32
231
22
59
6
28
39
308
4
14
39
101
79
95
200
205
202
4
333
62
218
228
543
18
30
10
218
3
83
31
24
61
49
45
143
202
47
29
27
18
109
755
11
167
24
30
7
10
9
2
30
201
9
32
19
5
30
13
24
14
2
115
41
54
4
217
1
275
886
47
77
43
181
1
30
382
35
97
5
8
227
83
11
15
62
1
13
108
123
106
39
12
7
109
205
22
314
248
52
51
8
167
5
313
15
2
17
5
577
90
9
206
199
238
224
10
376
116
45
7
239
151
10
72
11
34
464
57
17
22
3275
109
18
499
12
21
692
68
75
97
11
245
3
96
24
26
75
108
681
13
79
201
122
6
198
207
5
200
4
12
210
6
21
136
27
131
12
19
3
10
358
66
10
57
183
79
18
129
10
320
66
77
8
11
121
17
232
7
23
130
100
16
320
130
327
148
62
68
23
20
5
10
24
2
20
220
3
356
57
131
92
120
1
9
221
6
1007
12
12
108
99
29
30
67
45
344
11
54
7
185
1808
248
84
97
16
216
16
232
126
105
13
214
20
186
29
333
185
208
223
209
248
186
