31
653
119
3
23
134
35
100
2664
527
57
108
243
454
447
39
4
28
13
1
167
62
5
41
411
196
547
644
136
714
133
2
64
396
148
44
1110
36
8847
283
58
82
217
343
542
1445
116
64
1307
13
231
163
8
116
524
192
130
424
240
74
259
95
552
1949
99
347
52
34
22
116
88
35
11
148
465
151
570
60
336
42
45
189
7
39
185
60
2
889
25
42
375
886
135
225
368
64
89
89
74
170
99
214
1
25
84
30
22
29
486
117
64
317
504
3
591
48
422
33
124
191
99
76
46
14
33
476
286
24
21
279
25
622
32
102
465
61
119
99
40
9
4
89
212
62
1236
2
834
38
92
132
58
72
799
20
118
10
20
401
321
37
19
91
479
24
13
366
71
14
1079
313
463
416
47
35
56
660
2192
202
7
335
359
60
42
87
273
178
54
1558
73
36
6
1670
801
373
116
690
59
9
30
90
46
5
101
268
28
69
335
270
164
1423
27
265
23
100
213
30
105
708
152
398
2
1025
26
1929
63
1049
33
980
111
418
1750
6
149
1171
73
62
849
88
243
442
799
329
1046
164
28
35
499
393
591
459
15
31
186
52
182
54
117
28
864
778
428
102
30
26
271
137
152
675
318
120
102
122
43
532
427
1
388
783
85
22
33
169
420
133
158
86
25
163
530
36
81
9
8
129
6
84
101
1984
212
935
25
28
138
221
3
149
29
2
4670
219
26
1
65
110
838
922
106
56
14
88
20
2
357
192
257
89
10
28
1515
282
103
726
1020
588
149
84
230
111
69
3
187
748
39
41
94
124
1
1
2
7
591
148
4
438
81
422
395
384
2
196
90
92
641
405
269
951
95
99
188
107
348
601
275
39
39
48
1
105
52
60
511
8
19
304
1
6
1299
46
24
224
288
504
25
106
24
81
120
231
66
108
182
44
1425
26
16
18
22
641
97
15
73
71
19
846
24
2516
457
121
4
133
74
30
341
187
33
476
36
41
156
174
31
36
232
225
147
42
32
33
74
476
442
77
197
48
1602
138
234
1
144
36
108
102
32
620
77
182
37
390
646
272
22
1506
2211
1
107
404
1386
19
98
39
189
48
63
65
387
134
102
483
109
8
26
1
233
67
123
832
256
197
416
6
22
136
319
30
40
601
684
621
65
162
16
116
2
47
78
38
48
4
33
518
311
250
151
1242
446
185
439
249
156
315
166
38
23
14
151
64
36
100
172
14
103
36
29
63
484
379
308
229
438
590
210
498
104
3
160
360
86
156
85
18
46
211
162
570
10
25
17
191
86
7
379
22
70
287
170
75
117
853
223
94
215
188
398
195
17
7
6285
514
109
111
23
1
1849
640
162
32
9
120
172
208
93
49
58
134
432
204
33
160
50
430
3421
280
113
1333
29
36
121
70
370
105
2
1495
27
321
411
332
3
986
267
170
10
65
110
85
453
31
1751
255
16
41
437
939
1345
1515
598
298
121
21
778
46
333
180
117
172
29
80
37
113
140
3489
150
23
554
17
1
219
78
129
122
506
221
2009
24
117
84
104
768
88
14
31
18
34
7
23
110
100
287
58
144
74
125
118
165
65
19
773
41
171
66
304
30
82
144
645
11
28
107
122
342
185
113
15
453
2
1
106
163
98
68
385
2420
44
555
46
2095
69
331
149
34
4
96
143
56
36
48
136
4
28
496
151
1220
27
37
50
21
172
74
116
17
1535
39
12
70
30
42
91
26
86
182
636
934
649
545
9
412
8
621
1658
227
33
197
16
14
202
7
720
28
148
10
432
657
257
27
49
1095
99
161
22
236
856
65
19
522
24
229
76
224
509
298
87
220
143
70
417
74
1
3
104
1194
1356
45
11
132
124
81
230
191
67
370
91
1060
18
48
477
22
27
38
92
15
636
38
483
39
983
92
34
357
46
27
451
80
885
90
221
8
79
84
42
28
8
20
522
464
8
712
4675
44
21
439
209
155
14
94
16
66
104
1610
1491
240
783
431
261
19
2978
77
90
24
2
802
197
109
8
168
249
207
134
180
36
18
36
55
352
560
113
13
128
183
47
14
9
12
48
1279
113
426
118
198
40
712
550
100
96
478
61
209
662
2
608
572
21
49
70
68
376
122
774
145
48
92
356
676
71
99
433
71
44
33
913
1612
203
506
127
19
167
696
122
3143
211
29
71
2
3
113
85
511
180
699
1
20
615
209
150
167
21
886
68
209
297
49
208
176
106
100
177
152
183
149
124
175
231
121
5581
75
194
209
50
88
207
249
98
217
42
17
53
223
653
12
23
170
75
260
7
53
249
528
317
939
296
300
102
122
276
119
198
806
633
268
709
234
700
82
634
358
89
658
17
532
1
693
88
9
538
158
1
40
367
108
77
260
446
160
34
538
659
130
1128
59
359
1514
442
35
120
106
826
420
259
716
51
364
135
1
4060
870
155
946
70
247
20
203
33
5537
201
507
92
373
685
58
33
22
780
98
262
300
455
158
12
289
308
667
88
387
140
339
24
184
9
32
69
96
574
385
80
9
16
11
61
52
58
61
1272
222
42
73
27
87
16
32
59
28
35
9
1338
829
343
36
10
154
379
960
123
253
102
6
301
756
1515
7
328
470
106
58
31
589
95
6
426
60
95
849
70
174
138
86
106
394
5
431
181
33
68
23
769
268
41
35
112
120
70
44
76
25
83
38
84
26
531
237
61
14
91
19
209
367
45
39
162
58
6
133
39
370
28
228
320
6
1286
2
268
367
91
373
64
4
49
784
86
24
130
305
72
9
1634
468
114
122
167
471
104
18
377
578
241
66
129
36
285
14
51
382
169
112
30
36
78
340
19
59
93
360
71
22
12
13
440
457
437
204
494
22
110
99
245
243
104
68
277
37
783
104
65
199
477
503
101
93
83
65
3
381
62
120
68
273
481
495
23
1247
3
37
131
59
285
114
44
237
174
535
622
106
92
1114
11855
534
51
202
83
99
142
11
539
508
428
1
73
1047
135
86
7
37
758
5
34
60
698
74
1387
150
506
84
307
94
79
21
553
372
61
1
1
148
102
34
177
36
88
114
48
251
47
45
269
536
13
80
71
93
495
431
38
88
122
171
198
2
42
1231
10
651
50
33
217
82
47
3442
68
29
17
234
13
412
154
832
82
1820
72
145
308
74
24
418
448
447
109
138
53
136
400
1841
67
181
33
122
99
120
94
769
218
150
16
88
308
103
20
556
757
271
16
1084
141
34
452
170
439
180
89
200
30
863
333
219
136
267
55
33
14
15
119
50
1742
2244
114
401
1571
50
444
135
10
84
357
1037
66
148
40
79
42
8669
702
168
23
136
682
88
18
116
342
202
1071
159
91
114
144
64
34
466
1409
169
133
278
857
133
144
203
100
54
16
233
203
617
512
606
68
36
231
920
335
116
181
202
188
53
6
19
125
207
400
1488
14
186
156
148
110
9
105
395
22
86
97
21
63
98
742
2648
69
26
585
82
91
120
962
282
117
60
62
364
164
1009
85
47
166
