105
196
5
23
6
5
93
6
44
1
1
50
12
112
20
7
143
70
29
6
19
1
47
132
21
43
20
64
1423
821
1011
1391
1327
472
4
392
621
6
43
88
15
50
804
6493
17
811
14
50
2
39
35
321
400
30
11
3
5
14
372
18
30
136
20
77
2
44
77
8
93
1903
191
390
6
8
777
5
2
459
6
55
3
20
503
39
13
10
126
250
36
91
2379
9
312
1
14
1
46
5
112
6
1
5
44
6
129
22
12
14
109
7
104
289
39
764
6
2
5
295
252
7
218
547
1
233
229
10
21
1
81
44
2
1
544
2
14
85
146
3
51
3
1
2
24
2
20
24
15
2246
4
411
1
5
15
4
424
35
66
12
183
14
30
24
1150
9
272
96
33
99
65
4
6
23
13
27
15
3
2
290
1
92
12
18
176
14784
4
1255
100
88
4
1
67
17
7
26
21
625
139
3
39
1000
14
6
1
7
8
363
92
2
544
7
21
26
11
50
18
21
8
60
1
79
1
164
10
2
582
169
95
580
485
75
40
13
15
9
8
10
95
15
6
40
7
52
43
79
234
9
113
1
11
50
17
11
78
11
27
39
74
36
3
3
165
6
10
7754
62
1025
24
36
15
96
99
75
7
67
79
16
1684
70
8
47
8
188
47
66
320
7
79
9
560
15
20
1
1
2
296
2313
158
146
6
4
3
1
374
52
139
5
79
709
14
8
21
2
20
61
1924
27
212
1
15
20
43
24
14
3
4
9
326
1
1328
14
1
5
168
653
188
2
8
3
131
35
8
1
3
39
54
137
48
346
129
63
8
4
10
85
15
121
127
2
250
11
14205
35
4
19
85
32
26
9
8
55
82
113
5
5
1
2085
74
2
264
13
45
58
8
84
1
8
19
110
8
38
4
29
29
45
190
156
4
5
1
208
42
2
28
55
10
755
3
11
1
545
71
4
326
1
60
8
25
4
170
14
4
39
9
3
308
15
8
3
8
7
4
102
71
4
2
12
78
25
11
99
16
71
1
229
52
19
2
2
5
1
2
4
32
171
323
12
114
8
2
51
43
95
20
10
1054
382
10
695
1
6
10
2
23
5
4
1
28
71
1
29
2
2
2058
4
285
246
86
1
8
51
1
81
118
6
1
4
2
1
2
155
15169
5
23
79
38
15424
12
1035
1
2
2
33
12
22
6
14
5
7
2
23
3
102
1
17
51
46
9
5
2
544
1
33
24
20
8
68
397
48
4
1
195
43
21
11
368
14
314
48
93
10
25388
1
1
46
47
904
7
135
7
292
17
2
9
65
1
2
29
45
29
4
148
40
11
12
35
15
65
2
6
15
21
30
65
28
19
46
2
160
4
7
11
2
2
4
7
6
9
3
25
14
12
2
11
37
12
51
3
1
16
60
3
45
1
201
51
8
35
26
10
6
93
14
18
73
220
36
5874
13
1329
84
5
22
1539
262
9
44
21
6
130
9
1
14662
149
364
26
59
53
21
15
14
34
4
1275
35
44
22
216
294
28
16
28
18
51
191
8
39
20
657
3
19
204
5
67
430
23
30
15
1094
48
15
1
1
2
23
14
1
5
2
8
192
8
9
27
36
5
48
4
126
82
132
390
5
21
1
43
195
6
11
1
2
1223
31
2
1
290
276
6
118
56
25
5
68
12
2
9
2
809
6
14
2
64
53
5
7
4
8
28
202
306
2
75
2
14
258
55
109
7073
11
112
1
264
19
119
148
4
5
191
14
1794
87
29
5
2
952
29
198
1
184
56
10
5
31
3
1037
12
6
48
3743
9
160
34
5
4
13
30
2
29
262
156
33
2
29
739
68
1
12
4
63
82
257
371
31
24
7
6
2
61
44
21
3
39
92
1335
36
145
174
745
13
148
12
4
15
1361
22
28
67
18
97
41
35
38
26
9
1
65
7
689
45
27
4
5
15
27
15
25
1
46
174
26
5
89
11
1871
6
2
21
3
14
13
15
13
76
4
5
6
38
6
2
7
56
1
16
17
1
3
230
1
138
68
2
1
598
29
3909
14
2
8
6
11
12
6
3352
4
1
2
33
1
1393
56
50
3
9
2
5
1933
36
31
25
46
8
175
31
2
85
181
18
11
4
21
12
34
29
113
4
18
675
6
49
61
60
19
1
21
3
1
3
215
5
10
3
7
222
1431
2
21
174
33
1
63
5
2
3
3
55
4
2
10
70
2
59
59
2
221
130
175
4
10
19
163
171
33
184
21
5
5
6
1820
13
261
1
7
276
56
1220
558
3
1639
10
2
1
20
75
44
3
1
1
5
616
189
2
10
5
6
3
15
34
5
34
5
5
7
465
4
102
20
514
2
15
253
3
4
17
143
15
12
41
5
33
12
30
239
438
11
4
32
4
48
25
6
780
6
88
2
54
7
124
28
45
15
8
2718
5
19
40
498
13
1030
1
8
3
5
13
6
19
23
38
51
86
22
5
99
77
131
2
30
49
87
954
51
169
53
4
14
1
211
15
61
5
15
69
37
631
1
2
45
739
15
57
85
36
71
22
23
4
108
4
14
510
13
1
13
4
60
62
4
191
29
6
37
9
1
2
448
47
2
2
18
7
1
296
22
1734
3
145
54
1
40
19
21
16
970
35
89
40
9
1
9
1463
87
159
1613
32
4
3
6
21
19271
630
1
6
15
97
15
17
6
18
7
8
1
83
25
55
32
6
9
736
25
4
72
118
8
3
127
1
70
28
14
6
5
12
44
103
322
83
16
10
1
2
3
167
12
113
29
111
5
93
3
1
48
1290
119
126
235
6
121
1596
56
1
1
91
51
16
8
17
2
4
6
16
11
4565
38
4061
112
23
16
30
36
143
37
18
43
1800
224
3
8
8
2
3150
23
25
111
645
49
2
5
44
2328
2
392
2038
7005
1466
28
98
20
264
431
1030
277
210
216
200
18
4
12
35
1
3
52
1
1094
5
18533
38
5
19
227
656
32
77
19
7
85
218
263
6
3124
31
5
4
377
11
21
59
5
217
5
167
69
2
25
34
3
253
9
4
825
8
60
363
245
195
18
42
78
573
24
146
8
3
39
2359
15
204
11
251
2
4
28
141
3
16
15
27
10
108
12
150
253
31
4
166
45
109
9
21
1
24
18
17
2
349
4
10
5
163
126
18
88
48
4
49
2
8
3
86
1
82
254
22
941
28
20537
88
498
36
1
9
10704
110
3
213
3
1185
6
12
161
64
328
1
77
5
23
3
3
6
170
1
275
14
170
11
20
106
21
419
27
442
26
28
195
6081
33
28
68
44
8
159
1
510
13
207
36
383
50
6
10
13
8
1
2377
24
214
710
2
18
38
29
271
1
21
206
45
1571
31
25
68
19
2
2
15
82
102
1
12
1
38
5
2
42
145
44
35
6
22
57
90
155
22
2163
6640
10
20
96
1577
284
6
1
4
15
2
141
17
12
25
3
6
162
24
53
56
123
351
36
61
841
80
27
13
1
5
6
73
3298
129
4
272
476
7
160
9
30
5
34
7
323
71
3
2
82
1
3
169
6
1
10
46
55
56
43
306
21
14
36
43
13
166
779
3
37
77
12
276
44
12
34
2
2
6
67
2
56
62
2
128
194
71
340
4
3
1319
25
35
4
32
121
19
3
10
1
13
2
96
1
90
2
4
24
3
7
1
17
27
4
415
10
78
4173
344
2
1
1
2
39
152
8
14
3
4
129
77
10
18
34
15
605
6
12
4
1230
3
44
229
32
3
2
2
96
335
4
52
416
314
231
58
3
4
56
40
2
1
764
90
5
353
88
208
12
18
1
2
133
3
22
8
242
5
21
16
31
2
99
26
3
53
2
1
17
65
6
69
1
1
950
8
11
68
2
84
1071
173
8
6
93
53
154
8
234
433
41
94
6
19
582
144
12
7238
128
66
1
1
4
34
16
1
1
7
129
53
1
42
1
175
6
2
10
55
90
7458
3
204
18
20
22
4
20
84
3
583
2
1
293
13
138
85
104
45
665
102
2
530
385
1240
891
46
16
4
2
11
74
11
1
5
2
33
314
10509
8
28
36
20
19
1203
129
17
66
33
20
13
7
6
1
1
27
1
3
10
28
338
89
20
34
32
19
106
22
73
48
5
498
954
136
552
77
25
3
28
1
13
13
16
40
173
235
121
428
12
442
11
26
1
1
2
6
1015
14
888
12
4
2
29
2
222
49
77
104
6042
27
706
2
2
9
6
1
9
8
53
79
8
1
116
138
1
4
10
604
52
80
37
334
55
138
79
4
108
6
130
18
1
195
65
195
14
29
75
31
44
12
7
15
218
2
10
3
415
1
33
245
97
58
45
2
12
10
711
12
73
11
13
4
324
384
3
60
40
193
2
1
39
8
4
39
147
11
14
1321
12
15
10
117
40
319
1
66
7337
639
88
2
319
65
25
45
54
5
2
7
6
2
75
2367
13
7
5
1
110
149
24
3
133
39
738
24
546
10
5
5
6
325
1
1
6
8
2
28
19
119
52
408
4
86
10
46
1652
18
84
526
25
720
8
3
87
86
64
471
104
128
24180
5601
305
14
3
2020
1462
275
17
351
88
2
201
74
3014
10
42
42
779
44
243
20
48
242
139
108
32769
189
1
90
14
9
224
21
12
835
64
59
931
1
11
46418
8
13
2370
112
59
27
23
19711
231
1
54
201
92
1
23
59
5
911
1
496
6
17
8
4
67
88
133
929
1022
4912
39
91
194
49
31
71
7
13
44
19
13
3
16
107
88
296
9
40
3
3
110
2
128
405
424
6
4
81
56
56
38
61
42
1
61
156
9
2
351
30
8
840
69
63
2
20
75
20
34
498
281
529
172
86
73
7
640
40
885
118
6
2
14
134
34
6
168
27
29
25
275
263
9
5
145
42
98
19
6
5
120
162
10
542
85
23
10
76
1
48
34
2
162
12
77
7
14
13
66
394
1
17
1712
23
62
94
5
5
1
293
216
1
13
240
2
901
1
20
28
20
121
37
336
42
89
5
84
7
242
1082
517
31
71
66
29
44
723
3
173
92
1
70
49
3
154
100
3
338
1
56
147
996
5
10
4
4
790
12
4029
1
156
17
22
68
12
56
113
157
26
17
48
17
149
13
128
1
2
328
23
889
10
3
114
648
12
2
6
12568
262
4
130
15
162
39
6
8
87
12
25
77
390
13
1606
5
485
6
354
16
4
133
254
18
28
57
62
21
11
267
117
2847
844
369
2123
577
33
9
19
133
1
