513
703
246
13
30
26
502
78
7
27
776
116
32
3
553
12
9
95
7
2
102
429
494
177
366
1
44
1
18
1
184
112
345
32
42
16
158
1
113
285
8
71
50
72
68
1
370
131
171
730
4
5
37
2
918
7
1285
298
63
25
1624
108
1
1
3102
1
19
902
1
8
34
603
401
4
205
2
151
37
121
4
17
12
2132
94
232
460
3
8
13
13
57
53
14
6
169
235
36
38
922
288
1
54
155
7
2
18
3453
1434
12
180
95
17
54
399
78
8
41
157
1859
2
6
60
181
252
147
418
350
1
8
3437
19
103
2195
56
1
127
262
2
1
429
39
136
949
120
1
326
1016
1162
53
2
1169
2
42
1255
1
575
1124
1
90
2
1835
2529
1
13
149
26
2
1
1
51
67
14
5
14
7
8
177
4
23
12
27
74
646
195
22
206
1427
16
103
4
39
9
250
2
1168
