22
12
211
2
27
48
29
376
9
5
15
76
167
86
65
5
4
32
90
1
11
1
1
149
25
19
11
87
8
62
1
120
14
1
9
1
90
23
1
17
20
60
4
270
6
11
8
27
16
6
37
82
6
21
17
28
269
23
17
1
1
30
14
34
1
16
8
8
48
31
9
19
15
1
226
1
24
17
8
776
21
1
15
32
10
1
2
9
4
2
672
37
27
5
18
19
7
70
106
1
23
1506
13
29
1
13
64
1
14
82
5
106
12
22
68
33
12
8
1
1
28
9
17
1497
9
24
8
29
2
2
10
9
11
7
6
1
1322
17
22
32
6
8
300
28
25
36
28
1
8
10
19
7
57
28
5
3
37
14
10
67
28
1
14
22
65
162
1
1
39
15
174
40
6
1
11
33
44
42
18
19
4
56
4
2
7
11
22
14
18
7
53
19
26
52
377
7
55
9
2
6
58
33
143
4
14
17
3
1
36
12
237
15
1
1
18
14
218
30
6
96
21
22
40
9
1
17
42
11
15
23
11
5
35
80
9
18
15
7
6
36
13
1
61
2
89
16
22
3
12
34
10
549
1
7
113
235
632
27
11
1
1
9
53
1
12
3
5
48
1
14
61
8
3
11
16
4
2
16
12
3
22
16
11
24
17
4
10
22
70
9
42
1
3
8
1
33
26
10
2
16
13
14
18
495
40
23
1
3
33
17
12
21
5
5
48
66
29
1876
21
72
1
2
8
154
42
8
200
24
7
29
20
7
2
28
15
3
33
6
22
5
1
9
2
1
1
101
166
6
8
1
3
37
5
31
1
217
10
370
2
11
1
3
319
84
35
2
13
304
15
44
34
1
41
3
28
9
140
44
26
32
5
1
436
12
11
1
22
30
11
8
2
228
17
6
10
347
42
1
10
19
1
12
214
14
16
53
46
12
780
62
12
28
76
118
1
304
169
76
6
13
8
181
40
15
3
194
13
12
6
33
1
16
1
14
4
37
35
56
8
31
18
1
389
5
37
18
21
6
434
7
12
1
109
75
20
3
95
11
2
1
17
8
2
6
22
6
6
432
55
27
596
97
10
225
35
232
24
14
21
39
1
53
21
25
1
6
10
5
2
42
100
1
3
10
3
1
34
110258
68
15
24
1
22
35
45
32
84
53
18
44
21
1
574
7
6
6
113
12
4
11
49
76
8
1
336
128
11
56
18
6
7
2
39
43
11
1
13
14
58
84
87
1
13
38
14
2
35
27
8
1
77
4
4
6
8
68
64
102
49
761
26
14
7
30
2
1
9
1
6
395
98
17
49
17
39
1126
27
14
1
12
6
24
7
28
128
22
233
245
13
13
51
3
1
8
1
4
15
1
6
106
15
1602
1
11
701
1
1
8
11
49
1
114
27
119
30
24
24
163
703
35
242
23
5
5
589
17
12
8
143
2
2
43
9
10
21
783
21
11
8
61
29
78
10
20
4
22
224
11
2
909
2
3
45
26
32
1
51
100
17
10
23
133
25
12
15
38
1
213
14
49
27
10
7
12
15
9
6
105
2749
143
31
1
4
1
744
159
1
107
1
84
1
25
12
3
5
16
48
1
16
1
49
13
8
120
57
22
2
4
401
5
1
18
139
14
36
6
1
84
14
11
106
129
10
2
6
1
10
20
34
34
10
12
73
75
7
105
15
20
7
11
6
6
1
5
1
2
13
21
1
80
34
8
289
11
3
101
1
1
1
1
23
1
22
15
17
9
36
162
88
254
33
17
25
14
1
75
37
1
1
224
129
1287
9
261
14
62
37
9
10
7
9
49
252
15
2
10
16
1
2
39
7
1988
7
552
30
1
27
13
65
28
3616
8
534
2
20
13
13
59
115
5
48
29
49
23
20
75
18
401
2
16
18
1
14
8
1
90
1
46
227
102
1
65
34
9
20
77
1
7
11
1
4
8
47
84
49
5
27
8
2
9
11
108
16
11
19
70
82
47
23
396
9
78
8
33
131
28
18
1
5
73
173
99
58
61
1
80
6
1
35
49
6
32
27
21
6
28
66
34
189
110
462
35
1
32
37
14
209
22
34
21
1
40
20
22
54
1
9
23
138
9
16
7
85
11
1
6
1
14
125
51
1
4
29
23
117
26
18
10
381
23
9
8
1
17
1
12
396
1
5
1
3
54
491
21
50
12
8
20
22
