122
9
1
25
130
34
106
106
39
19
6
44
181
266
299
254
343
15
6
123
163
4
4
11
93
605
1
1706
87
56
6
229
385
11
123
17
138
229
261
102
255
86
21
97
19
536
42
812
56
361
2339
473
414
127
254
193
58
22
132
47
5
26
490
222
144
134
103
291
40
75
83
106
192
300
50
95
1326
687
126
260
40
55
169
227
1102
375
1
446
3
137
131
7
212
106
8
406
347
393
1
232
367
314
123
75
124
325
17
1
301
188
289
315
257
1
409
4
1
1
133
105
2
154
370
10
290
1
227
37
12
68
241
25
257
208
80
528
164
121
373
307
920
497
718
402
1
281
1411
30
375
319
93
747
231
127
28
479
1
25
5
46
81
523
104
214
119
1009
51
71
29
452
69
1824
514
226
400
358
236
460
279
426
1
60
104
277
305
668
205
615
308
26
318
396
137
774
26
9
4340
124
64
419
224
26
86
356
7
352
74
73
408
1008
189
150
303
274
170
149
89
7
691
1109
195
390
1
53
152
11
130
194
264
307
53
14
246
252
5
230
17
6
156
269
44
457
343
120
3
107
294
12
5
151
350
124
8873
6
272
40
516
73
125
32
34
13
2
193
14
116
149
7929
17
75
5
380
94
1818
3302
220
26793
134
25
178
301
218
399
105
19
16
5
884
381
251
166
744
1
8
179
95
212
71
96
273
313
19
89
57
15020
367
817
125
5
15
423
235
32
8
6
383
11
36
158
311
66
286
174
1
53
2691
267
1
313
30
306
432
1
18
24
207
474
120
469
36
5
35
38
2265
63
14
190
10
52
139
89
487
10
24
213
14
3
81
326
39
1
3
123
149
642
27
47
1
26
1
1713
202
25
41
26
22
83
337
122
159
27
17
358
384
112
26
606
117
148
854
130
21
552
1
90
67
38
35
161
4
107
3
111
42
122
1487
655
23
23
61
405
18
51
120
125
173
240
222
99
544
282
229
55
190
498
69
32
8
10
1
76
40108
43
264
11
12
25270
32
1399
47
11
2
115
276
196
404
18
874
119
471
475
116
75
423
41
689
1
56
190
4
15
435
2301
132
51
55
349
95
92
246
1692
253
355
7
776
76
101
222
106
809
13
13
459
6
49
29
190
14
7
195
40
191
165
2831
56
227
12
32
5
144
155
328
96
48
153
1761
89
221
203
69
111064
351
140
5
426
424
281
220
196
11
589
304
4
416
478
1
687
1037
111
15
273
83
428
766
466
1
426
401
31
70
204
1
170
17
24
28
77
234
282
1484
1
274
1
3289
16
22
262
66
1576
350
485
105
452
172
45
93
51
471
498
113
99
31
563
467
369
49
220
60
116
58
76
332
60007
19
201
592
345
107
17
68
11
307
621
968
167
12
278
16
7
94
104
909
26
996
98
304
203
22
2152
12
176
683
260
7
390
779
466
17
12
55
14
1
480
46
516
216
471
194
7
68
431
1
1041
30
1
931
554
34
234
551
216
785
12
280
296
23
78
1
19
17
419
403
592
207
98
7
139
187
85
1
441
62
3
1632
873
205
912
159
321
239
371
105
68
16
233
1248
471
375
24
156
267
53
7
108
279
12539
57
71
101
7
10
235
299
86
549
393
253
105
10
1
229
90
46
557
313
1228
546
230
407
60
301
207
30
224
279
85
767
424
1
755
121
