106
164
18
404
90
39
189
567
42
162
41
6
1
135
133
14
32
35
262
23
44
11
179
59
276
337
23
15
125
58
248
5
64
20
71
31
267
13
167
181
133
60
423
195
58
133
23
940
221
269
133
1
309
438
148
188
50
584
288
60
27
57
19
29
27
1
22
29
340
35
29
739
381
35
140
98
204
11
4
300
605
8759
503
7
188
15
11
329
8
73
242
159
135
15
19
26
107
771
279
44
8
51
49
23
282
212
67
141
24
22
28
1025
352
261
421
13
86
4878
32
49
154
31
46
100
261
197
19
247
18
150
34
555
1071
5
34
61
37
219
300
626
59
135
281
425
73
20
566
163
32
205
19
19
32
57
35
987
243
4
434
94
154
16
22
35
16
195
75
378
277
6
21
211
131
35
677
74
22
191
141
6
8
750
337
5
31
17
3
56
8
11
43
33
5
332
8
122
50
93
614
4
9
25
80
1284
611
102
292
92
590
80
9
68
1
5
13
44
17
26
74
669
111
85
115
30
54
134
12
20
7
10
40
71
38
271
276
103
106
65
277
8
43
119
41
138
1984
107
123
247
86
14
6
21
89
36
129
3
3
33
85
56
2649
181
16
63
148
11
443
14
10
10
76
152
100
67
128
148
127
305
751
18
284
31
41
85
4
36
208
23
4
11
38
65
22
29
47
1
139
139
24
410
13
153
127
57
60
221
33
1218
24
828
15
52
140
43
71
41
32
8
105
5
125
221
113
23
67
145
93
241
8
340
38
3
56
2
62
740
161
371
85
13
56
131
173
33
43
12
186
15
86
17
15
207
42
29
183
342
353
205
68
307
70
259
1347
150
103
516
69
693
7
150
8
19
61
399
3
75
84
34
7
79
467
13
10
30
192
11
546
164
358
228
6
207
205
13
267
79
30
4
110
400
50
39
24
35
30
9
234
67
51
226
63
9
24
1678
27
71
277
231
271
308
82
8
219
15
462
153
257
231
169
496
116
155
145
313
204
665
184
110
31
55
377
251
210
356
304
37
16
126
20
500
759
20
114
107
85
30
389
876
181
765
57
7
130
227
60
47
860
118
333
34
52
75
40
12
1092
328
344
29
1057
216
135
18
53
24
293
133
63
590
304
655
1182
239
254
1685
143
79
91
33
108
598
293
36
115
167
251
695
130
144
242
1579
84
149
323
359
46
71
393
154
123
128
65
110
125
107
50
22
379
416
65
110
345
160
510
516
14
817
155
190
291
175
34
119
317
139
373
252
19
226
64
204
156
12
123
237
7
34
29
177
26
208
139
648
323
1022
661
498
185
202
142
134
167
416
171
42
613
24
241
5
248
498
52
192
1
5
531
7
1634
436
399
1465
6
21
52
21
57
347
74
69
45
1345
93
45
305
42
13
319
265
118
19
174
866
633
92
7
344
174
97
39
3
313
22
72
462
46
90
101
8
23
111
172
27
176
326
103
211
103
37
106
63
23
358
165
175
74
17
400
764
48
241
1739
112
40
333
200
131
14
29
337
231
770
614
45
359
42
133
273
432
411
20
1944
40
408
85
204
1009
51
56
6
7
63
62
9
265
188
31
6
148
36
96
1455
308
16
43
228
21
19
539
173
108
81
139
391
135
333
141
156
265
186
7
281
298
15
922
382
30
146
173
164
1
8
265
11
413
125
49
35
62
7
72
326
23
334
1481
635
203
126
255
509
35
1208
67
74
88
17
173
29
190
6
655
81
1780
166
71
1984
5
155
316
30
589
37
60
6
16
259
62
44
248
53
183
8
60
525
275
72
272
157
24
387
231
43
17
125
21
38
40
276
69
32
8
142
532
111
224
15
196
9
200
66
514
154
157
336
43
204
60
567
131
113
102
464
31
363
241
19
59
510
152
278
17
55
40
67
18
79
232
662
24
229
173
145
139
135
79
78
48
17
830
1169
49
108
153
495
139
11
86
24
756
54
65
15
73
117
134
93
37
33
241
26
88
56
87
176
19
14
174
79
15
31
158
90
1051
23
146
244
42
21
15
195
139
77
257
315
23
41
350
81
112
27
15
348
193
83
221
27
42
245
13
40
51
150
107
409
17
269
18
293
5
307
629
72
124
199
59
168
21
406
319
13
164
363
74
39
50
28
33
60
21
267
18
42
72
167
19
76
303
441
396
18
249
33
18
38
146
1
1143
403
121
240
17
20
10
27
12
946
216
216
169
27
89
9
252
40
369
425
103
978
15
4
34
53
124
237
842
21
229
24
516
11
27
163
236
56
21
80
306
31
475
72
317
320
37
84
105
8
11
148
135
206
33
59
190
6
108
336
83
28
202
154
27
89
27
67
57
147
33
1321
700
107
43
14
96
167
279
128
133
1641
7
979
859
24
7
232
674
1332
559
94
496
345
28
351
154
14
14
436
36
60
3
8
15
6
18
430
10
243
361
11
237
41
30
347
328
330
150
152
24
21
124
197
82
782
188
241
30
4
757
89
26
129
409
129
44
97
166
99
155
270
1331
74
34
62
22
15
468
24
148
16
2393
132
84
220
158
188
47
34
940
37
132
871
389
11
273
37
246
786
50
674
108
284
128
250
40
12
161
25
1948
34
238
48
493
307
10
68
309
434
338
87
224
106
348
993
168
308
154
43
56
133
25
41
2
155
121
216
79
81
150
35
137
402
5
63
327
3
9
55
49
56
54
32
145
40
26
80
4
359
31
144
31
23
93
166
30
55
1234
97
260
6
330
414
178
186
401
15
110
23
310
152
337
595
90
49
126
184
262
306
420
1388
155
1189
382
19
19
88
147
6
14
35
273
931
33
251
122
94
359
1338
31
77
157
36
15
380
272
85
52
217
23
2
293
123
150
142
583
75
89
514
260
88
23
485
17
36
35
15
11
14
215
45
35
343
69
150
369
3
652
38
17
110
10
17
131
178
233
15
196
4
51
6
174
43
44
80
19
59
436
19
214
223
114
5
49
643
96
294
248
150
385
15
5
101
28
148
288
357
43
83
87
16
184
20
82
446
26
86
163
1251
342
795
12
1104
285
125
143
135
192
23
111
325
284
234
131
28
82
602
619
605
57
131
13
136
626
25
406
32
33
15
315
140
154
151
275
125
10
150
23
134
29
148
60
433
48
72
14
250
116
579
233
85
4
67
146
26
268
291
7
886
381
114
76
75
255
89
623
170
63
830
274
49
1777
142
124
11
55
198
70
12
261
18
66
152
450
22
1
309
31
2180
211
244
178
129
277
9
44
422
37
312
19
112
27
81
252
1533
261
22
140
2062
674
5
444
30
35
19
3
10
118
255
228
185
108
186
249
93
166
1504
329
16
43
22
320
1678
33
680
68
902
23
395
59
189
168
322
320
57
30
215
102
169
2
18
25
37
44
44
12
16
30
117
240
417
26
36
10
16
13
28
432
159
83
211
119
11
63
49
236
169
60
1004
1218
5
823
24
48
178
36
166
5
269
64
168
22
1963
9
108
468
7
9
132
1022
370
90
72
135
8
115
94
31
95
40
125
43
12
489
258
82
32
286
68
108
149
30
70
208
8
18
223
237
95
60
40
97
593
523
882
17
512
295
90
5
1229
47
1262
853
1092
38
18
73
35
2
141
9
290
150
69
49
167
92
20
32
57
8
160
1
64
20
75
4
23
190
113
60
70
13
26
48
110
162
70
856
136
124
335
23
95
536
86
216
79
9
226
360
48
169
98
14
26
57
166
35
181
19
20
631
271
325
72
217
101
41
1101
216
80
169
1043
12
380
123
315
14
323
7
15
883
283
102
313
57
176
3
171
192
238
287
33
271
684
113
157
256
86
481
282
334
75
40
248
1322
130
298
278
53
181
285
398
45
124
20
402
271
614
548
40
108
15
15
563
77
1
11
64
109
3
71
18
1
382
230
318
357
15
38
4
56
32
26
144
17
49
9
376
49
98
50
169
435
9
361
229
197
86
6
808
249
446
55
470
36
267
92
543
34
39
337
27
22
14
226
702
604
57
4
29
63
2474
248
38
55
176
178
89
233
115
1509
268
516
715
171
156
268
19
209
801
168
12
28
230
19
139
393
29
101
138
282
243
138
254
26
23
708
96
1249
254
5
81
22
140
246
392
251
314
47
180
124
86
25
48
160
207
26
83
137
37
2317
235
223
50
232
32
163
4
282
7
1499
809
179
191
132
185
581
2656
1214
329
2
153
617
136
137
1310
150
131
281
272
173
23
403
29
206
96
313
288
158
502
143
132
280
18
304
312
191
92
73
151
58
1065
15
228
224
82
157
197
144
149
203
323
338
258
237
29
3
135
67
209
115
393
385
114
142
12
355
11
247
23
132
318
228
22
276
272
172
664
16
231
33
1
304
168
22
69
75
335
120
23
9
199
42
63
64
127
106
261
166
278
89
61
142
116
232
67
29
29
62
48
48
215
175
225
596
471
4
49
12
393
34
20
85
1962
236
35
186
163
74
452
18
137
129
52
126
615
87
15
78
92
375
261
115
6
519
122
38
9
100
48
774
7
660
72
117
27
4
83
26
913
82
402
138
238
398
221
250
223
461
172
118
404
267
300
1256
5
316
14
95
337
66
1131
106
81
193
431
327
200
1977
401
838
13
13
289
728
263
39
69
155
50
4127
268
9
459
233
167
39
15
3
1
834
180
62
35
1029
26
5
13
12
8
9
97
48
818
351
33
54
41
32
130
136
104
78
95
104
29
151
41
441
149
47
124
111
13
10
30
98
123
9
100
44
135
68
219
31
37
104
326
150
227
28
10
234
64
140
23
627
287
320
3
22
70
14
182
54
63
47
22
31
51
649
11
158
303
26
45
6
1
377
231
98
10
3
193
476
52
325
283
76
651
75
77
321
16
958
6
345
428
1
69
21
129
456
7
128
682
28
292
23
37
86
19
8
14
236
90
99
260
233
143
3
78
131
35
186
31
91
196
30
152
21
143
135
49
82
241
1315
311
87
26
49
97
20
67
265
796
23
3
47
187
14
236
66
105
100
7
64
372
124
202
159
7
735
195
195
23
25
41
85
34
187
22
32
199
13
208
24
62
67
152
7
72
144
309
65
109
12
312
216
42
155
158
187
154
78
470
6
373
5
20
30
27
95
114
23
138
333
35
9
42
350
335
228
270
72
245
122
19
56
17
44
51
71
66
177
160
282
149
32
21
12
30
135
12
59
19
266
174
191
194
107
527
97
105
382
54
723
56
11
97
19
249
769
149
143
37
72
153
5
171
16
27
9
24
65
14
53
155
10
20
41
3
429
324
346
110
69
270
275
229
225
150
4
187
66
230
159
228
116
20
5
7
148
45
285
154
229
58
43
675
194
66
10
168
137
232
124
1103
231
259
88
243
96
153
170
157
304
105
1292
276
366
254
234
648
8649
63
421
65
400
176
9
93
180
16
7
12
170
286
327
815
116
118
332
162
42
123
380
90
225
74
44
231
71
22
96
63
311
38
373
256
198
3
274
11
364
5
1
51
153
30
2
77
31
19
242
150
829
93
8
313
24
177
143
20
175
32
570
622
81
152
782
242
8
29
18
6
338
14
9
19
17
137
6
517
127
8
196
143
28
192
389
58
351
255
42
152
23
82
18
106
103
22
212
23
39
4
40
137
136
133
283
555
287
12
302
297
586
5
147
268
24
186
146
255
183
2
534
19
13
29
16
72
201
154
123
31
111
312
21
705
22
269
475
55
185
725
119
11
488
356
150
113
102
425
246
311
329
175
269
505
274
144
73
441
72
296
119
15
175
6
115
169
170
99
727
168
44
263
171
30
4
35
238
116
38
90
22
176
249
63
294
9
38
7
189
248
286
56
201
97
19
10
149
59
308
624
278
378
85
254
200
19
4
316
16
275
323
263
23
541
202
15
179
209
100
118
234
27
112
193
210
545
32
175
20
101
57
731
40
151
117
67
1
332
5
30
152
259
184
35
32
250
47
159
204
74
76
633
400
506
265
346
242
485
266
244
17
77
31
126
117
260
13
25
252
67
24
6
23
104
64
923
62
177
135
8
136
179
10
281
92
192
209
63
142
11
241
230
1014
1648
146
309
3
1
364
270
29
667
51
197
66
254
633
43
868
274
6
58
119
105
290
197
53
121
126
196
32
107
150
13
41
459
30
337
310
57
88
269
238
265
522
283
66
16
531
3
92
538
204
2
156
80
201
406
238
8
131
195
147
503
129
111
203
418
127
455
103
3
165
19
30
433
159
316
148
106
44
594
361
14
76
760
124
404
9
36
1147
87
158
493
15
6
139
38
200
121
225
7
102
99
19
178
3
46
26
21
274
11
214
823
316
167
239
63
16
62
260
605
48
575
253
447
626
163
382
596
46
39
52
52
318
195
320
43
96
309
9
432
50
8
7
42
430
51
18
221
13
269
82
200
259
31
999
425
109
16
214
80
18
70
48
91
175
32
13
205
59
103
87
58
51
41
284
164
232
336
5
446
30
8
200
30
100
54
818
148
793
22
276
523
35
11
65
35
119
81
605
13
32
35
155
150
351
52
230
52
23
147
559
3
135
247
68
239
1084
2
311
44
251
118
24
223
76
6
326
607
795
22
101
36
158
4
132
161
675
5
26
123
993
1376
654
55
23
20
97
514
249
20
194
56
130
127
473
217
22
5
23
168
60
600
263
161
277
77
649
221
315
64
172
31
227
252
73
95
6
173
61
227
1224
467
312
182
31
278
542
205
59
269
651
46
20
138
139
395
193
4
103
7
77
125
20
113
64
1070
86
55
37
65
187
57
24
106
198
44
30
6
116
472
169
720
52
8
332
19
9
63
119
89
4
35
30
134
16
629
5394
16
122
3
104
514
177
555
262
44
483
473
260
6
168
988
11
132
73
113
39
84
35
18
193
97
66
21
14
29
23
280
244
52
8
40
211
25
61
393
149
258
165
12
175
3
544
16
1074
30
54
130
502
410
94
133
445
244
81
171
405
1
54
44
182
331
279
15
70
17
503
63
35
359
701
184
15
91
74
387
171
14
7
14
135
153
54
173
1200
229
81
51
131
27
1182
140
4
338
9
123
11
224
26
15
23
51
72
11
51
13
176
35
1
124
16
252
247
14
151
68
11
70
85
124
15
43
148
33
122
49
60
473
250
60
102
300
25
603
126
11
299
89
283
179
42
125
311
234
27
109
9
47
37
94
1407
11
319
389
179
524
264
18
207
30
17
424
166
231
992
1005
706
277
51
172
133
65
116
3
2
59
382
8
862
385
350
215
170
117
218
7
58
77
27
43
307
23
194
89
123
183
195
355
93
41
2
304
3
393
106
99
169
211
440
55
111
110
447
117
226
206
3
227
72
443
204
265
189
10
11
547
14
217
7
951
71
486
345
10
204
14
42
21
566
167
332
222
460
21
12
80
4
102
171
224
17
320
262
17
19
28
68
248
306
220
62
217
150
246
79
258
131
141
1726
26
281
9
142
20
395
37
175
292
105
38
75
18
9
90
176
692
8
73
257
15
138
47
15
23
4
729
139
45
185
13
5
284
98
128
61
64
250
25
304
24
616
175
134
54
66
147
145
116
265
14
167
10
254
143
136
17
1
19
88
339
99
15
41
8
40
15
14
31
6
23
636
60
28
278
253
409
1113
25
62
333
20
358
6
22
56
142
118
109
461
85
192
17
22
363
14
30
227
64
8
127
5
1519
30
10
38
28
253
134
89
178
124
21
451
4
612
114
266
19
8
433
3372
70
17
195
59
78
204
7
132
38
91
490
231
23
9
267
619
10
187
120
51
599
10
50
11
230
192
193
130
273
5
40
277
34
2
23
187
181
126
264
325
108
568
67
117
59
4
23
12
51
12
55
27
427
186
19
135
166
249
4
71
95
72
327
275
186
47
20
7
282
140
129
5068
10
48
210
814
149
49
10
14
515
10
163
286
200
80
6
13
32
8
115
77
365
542
241
357
965
247
149
24
189
97
568
1583
143
146
17
27
239
5
17
132
13
30
71
81
5
436
143
185
51
175
62
160
222
165
73
133
116
311
13
38
102
1
19
156
45
126
188
147
456
198
10
211
101
32
3
103
7
140
27
27
1
21
48
160
144
119
41
128
20
26
117
77
18
41
95
629
245
175
6
80
35
116
257
72
650
45
118
169
39
339
194
193
78
162
273
233
288
54
41
161
51
30
59
83
371
455
268
585
29
284
240
1442
755
44
196
199
86
1063
339
190
64
53
534
93
355
222
17
62
70
40
727
197
192
22
230
126
18
37
37
233
714
25
2460
371
557
143
211
169
136
90
1013
80
410
164
369
204
223
92
112
166
17
266
434
281
127
18
30
58
21
271
41
55
134
151
23
83
56
29
166
165
9
14
26
18
140
375
152
42
618
163
57
682
20
152
1061
90
15
34
43
6872
364
136
7
156
44
1064
25
263
21
398
532
119
7
339
220
750
169
16
2696
125
395
303
30
273
206
223
739
387
30
31
621
50
281
27
311
90
728
18
324
69
270
86
134
176
227
82
129
166
11
92
200
45
430
20
175
434
45
144
24
129
23
9
32
26
87
145
63
194
96
19
221
129
331
29
627
479
133
144
652
594
186
655
137
52
9
24
58
245
264
286
13
298
12
6
408
5
10
21
36
2
64
205
42
168
19
158
159
40
52
3
263
6
14
46
14
24
32
41
111
308
117
38
196
106
29
41
5
11
6
147
9
122
106
106
125
6
52
1331
7
33
991
8
31
90
199
161
97
9
136
168
768
472
35
18
28
17
509
4
10
117
496
164
65
101
435
177
5
57
37
26
92
42
86
129
367
125
138
31
378
16
213
241
40
287
446
84
36
100
368
134
23
576
54
19
154
9
3
131
213
4706
73
82
2
261
116
532
2356
29
74
55
9
158
466
212
177
135
42
31
185
222
16
300
13
200
23
147
38
136
49
44
293
11
302
144
352
18
189
144
336
166
150
722
75
338
27
40
142
47
12
75
402
1141
166
8
21
135
248
110
137
11
53
25
149
323
222
2
33
79
68
35
1159
22
24
139
1
52
331
28
3
58
81
143
15
104
80
38
32
162
26
560
210
201
8
813
82
126
50
118
93
7
23
131
7
18
25
52
190
18
196
190
61
333
100
30
87
104
232
66
59
43
183
13
21
577
17
65
296
981
124
253
197
32
7
56
1073
284
5
100
247
589
258
278
50
135
156
190
120
146
291
37
24
148
12
24
329
733
145
30
16
28
152
136
362
75
605
64
8
139
141
167
78
82
79
851
269
13
106
150
8
11
34
193
114
307
44
28
4
535
32
23
31
72
4
9
340
27
430
26
44
263
62
11
16
93
113
11
163
65
224
326
38
499
110
22
21
7
12
914
265
284
309
201
217
95
21
15
168
41
15
54
152
61
12
176
116
446
39
321
108
99
25
756
9
4
51
239
38
59
421
68
268
1160
227
21
40
229
150
183
348
59
50
15
45
26
16
339
190
43
206
6
32
29
79
10
3
263
52
34
102
51
296
185
233
150
9
193
588
111
167
15
319
5647
274
109
28
261
664
586
518
95
296
634
65
74
224
16
172
173
30
396
21
123
160
75
385
30
32
197
894
188
11
7
93
92
115
227
16
37
95
286
54
92
64
47
25
133
64
193
12
314
8
263
100
279
68
43
116
159
29
99
48
74
384
47
92
186
57
134
95
575
543
91
90
34
60
190
374
31
127
207
15
299
6
411
1099
406
72
5
2
40
210
12
78
51
49
101
137
94
9
20
62
171
198
248
402
49
135
64
17
41
366
186
198
11
212
73
42
142
6
17
140
111
12
7
672
86
32
302
50
5
646
124
61
175
14
7
2
12
2
19
23
28
14
49
105
165
38
66
907
61
113
12
96
53
30
112
108
10
36
109
243
204
13
31
12
7
81
246
44
6
497
1
21
977
22
29
150
5
11
258
5
6
49
79
431
492
220
106
10
174
307
500
1824
121
391
11
14
256
99
199
288
9
15
40
168
403
117
145
505
146
56
474
440
91
135
6
27
260
20
393
176
66
7
314
6
421
29
9
458
110
9
684
143
11
6
331
138
9
249
249
145
84
9
104
91
20
156
417
10
314
45
459
92
37
107
11
267
177
132
1103
15132
55
495
220
351
62
361
69
340
219
334
64
169
66
391
482
3344
155
86
215
364
44
290
13
130
63
15
536
56
452
8
14
101
14
20
1401
536
192
198
620
10
66
487
220
89
220
123
80
171
385
54
175
66
364
34
286
87
87
234
287
6204
22
308
678
147
153
353
513
54
18
14
33
104
593
6
433
288
1172
73
285
72
314
225
10
197
66
95
67
157
539
1861
2521
261
6
55
318
162
464
287
36
255
242
84
1
167
1073
226
18
44
120
330
112
72
10
65
196
822
308
62
79
5
338
411
668
46
2024
708
157
162
43
104
154
664
917
103
130
168
56
185
95
310
56
164
1073
29
133
30
57
179
206
280
274
7
803
912
8
385
34
110
5
73
85
1032
187
5
97
104
196
76
448
1255
120
560
108
218
257
517
275
9
69
331
36
78
30
26
342
243
128
40
652
1778
21
294
249
16
263
4980
248
39
82
166
164
138
499
127
458
145
31
62
84
155
103
496
30
939
1
1381
297
2
1514
134
379
26
165
147
14
182
6
179
247
156
515
214
137
484
5
869
274
18
237
9
170
213
93
357
5
261
153
129
758
167
30
223
285
327
182
12
190
217
21
14
202
380
188
8
128
8
278
8
141
207
52
63
8
458
140
189
5
143
903
421
15
9
1327
147
31
24
213
173
23
363
348
82
56
16
50
447
20
136
7
27
177
117
32
44
623
180
107
62
549
309
311
530
174
10
365
10
143
117
376
50
538
127
85
568
157
84
3
179
107
203
763
115
2290
143
338
548
311
10
261
832
141
552
333
162
27
158
19
118
2019
451
908
452
141
452
327
191
774
75
36
148
37
714
52
271
26
40
996
254
88
5
193
445
7
128
300
354
1269
398
107
64
213
129
214
53
230
8
207
199
93
466
6
1
164
14
65
510
284
188
3669
102
319
172
143
538
287
87
10
199
123
139
256
171
97
46
223
960
176
398
242
329
428
158
114
1037
628
110
374
70
118
333
60
23
84
52
315
26
11
58
261
749
500
78
159
3
440
56
715
178
28
35
161
9
23
296
709
294
70
2071
204
132
189
18
8
168
151
445
29
342
1292
146
156
198
148
165
227
39
212
167
92
138
12
38
1520
498
22
94
161
57
91
16
77
2125
142
1
432
1166
117
465
319
600
17
201
20
116
38
38
26
267
112
269
385
226
196
1572
217
93
40
60
244
225
34
6
66
126
70
130
326
497
17
555
166
166
13
490
189
82
228
215
96
46
271
217
62
287
4
54
241
327
1683
98
35
244
228
496
331
158
404
538
407
692
407
110977
774
1194
197
90
340
37
147
9
1126
27
19
166
932
147
579
41
58
501
2
98
180
14
507
8
656
36
118
19
89
19
380
306
13
2720
429
2441
356
487
307
16
674
99
103
375
170
286
374
33
251
23
206
233
151
710
145
19
1209
69
27
5
6282
55
5
351
840
148
290
102
232
124
189
129
293
80
154
83
443
1008
391
644
647
111
58
551
309
256
1408
501
65
186
196
23
49
806
517
425
119
634
400
1009
114
40
137
448
261
153
20
4436
99
1807
33
52
76
14
127
47
203
331
174
105
185
170
243
795
204
648
32
372
22
227
456
115
506
18
358
11
310
481
79
382
427
52
344
91
20
273
33
39
88
300
387
104
59
1032
471
36
27
19
33
118
10
73
413
719
103
773
182
314
50
3186
34
7
6
153
27
168
26
276
80
12
27
95
145
112
25
27
207
69
148
960
194
204
2361
744
79
235
112
69
271
82
438
165
75
19
105
402
423
1183
446
41
246
91
658
16
75
100
171
684
77
13
219
23
286
159
638
125
1598
149
310
115
90
508
189
131
113
628
548
15
64
59
607
234
185
19
273
403
105
445
61
263
213
423
37
715
148
178
43
207
131
11
254
374
339
280
6
158
671
155
121
297
158
244
90
117
189
55
60
105
109
138
102
49
245
682
113
312
410
96
70
30
31
666
44
16
20
31
46
47
42
13
39
48
60
13
116
62
171
11
150
82
397
155
273
24
43
73
16
292
118
105
151
241
373
436
105
389
14
44
1
148
59
338
372
7
203
253
65
247
406
40
98
1625
163
584
290
430
14
651
267
7
441
19
14
122
11
201
20
222
247
297
123
151
559
361
22
106
74
1
69
62
71
118
112
1113
168
31
5
76
238
294
639
148
146
165
880
160
137
125
5
859
1241
754
156
93
120
530
4425
65
469
208
8
372
158
2
542
225
127
337
414
8
17
88
124
215
151
87
28
17
23
434
108
1453
25
142
374
31
233
9
177
75
350
133
452
48
491
690
131
58
49
218
174
132
2783
197
223
58
16
45
77
488
264
203
480
168
125
203
43
27
73
8
254
1573
462
16
400
467
103
536
839
1753
250
20
32
483
865
192
227
5
49
790
121
705
629
96
59
359
263
92
47
110
203
374
93
75
82
1014
4
291
305
768
554
80
205
106
157
4
792
1357
1669
454
81
347
5
2923
2
15
878
227
591
132
67
79
14
734
413
1044
78
1546
621
537
591
281
505
641
670
468
32
682
42
142
2078
75
58
280
110
32
406
1135
124
81
66
75
270
9
202
134
619
136
93
217
28
407
408
164
60
44
33
18
761
289
486
145
424
280
4
414
139
11
264
191
1254
59
281
21
52
172
190
44
185
67
412
166
373
40
119
1552
137
45
845
1679
172
300
35
122
99
50
400
325
179
123
100
4
37
5879
253
670
1813
286
141
26
47
198
13
296
548
140
309
801
287
214
73
194
474
179
157
317
393
513
790
1979
1116
193
141
32
291
102
115
188
13
354
153
959
96
799
566
68
49
171
138
469
28
331
21
198
480
61
584
1166
25
248
544
187
883
600
164
133
208
125
989
87
174
125
324
449
515
69
139
364
2
44
27
365
46
427
466
316
497
47
62
135
6
33
619
144
165
593
434
89
456
126
246
491
42
6
101
166
291
45
78
23
325
63
1310
350
107
317
284
125
283
131
508
510
1621
652
366
170
28
30
374
171
323
213
95
6
101
202
98
168
27
376
902
11
179
247
129
143
27
14
308
17
607
101
257
113
260
460
99
267
54
26
501
13
9
34
56
29
291
144
198
52
183
136
551
201
92
35
204
134
228
4
164
135
12
45
116
4
546
36
14
205
369
88
249
79
563
47
247
11
557
362
146
24
265
93
303
703
111
471
121
66
73
36
50
238
87
110
111
375
27
284
897
543
153
378
11
119
561
103
542
157
160
98
286
20
268
89
213
178
232
84
46
539
6
82
71
45
445
118
259
334
761
660
376
14
236
887
427
32
94
294
725
27
90
85
269
391
121
39
289
127
180
2275
327
84
351
341
211
59
374
413
77
2310
283
528
226
20
474
6
48
700
95
690
10
525
36
10
51
53
67
121
581
730
761
24
114
76
45
178
26
31
16
183
194
233
128
21
6
401
62
145
232
254
77
15
52
137
248
74
8
217
170
997
22
67
423
500
232
3
153
126
60
142
526
413
234
1077
414
77
62
88
69
48
112
64
807
146
387
2772
230
525
193
37
1004
236
190
97
205
64
156
357
141
205
159
266
881
17
24
56
281
888
20
934
700
228
45
200
1580
1004
190
2574
264
404
116
512
81
14
629
232
64
227
2135
235
602
176
2861
110
167
68
37
194
494
252
14
143
214
175
137
18
40
301
597
277
655
58
13598
7
134
202
145
2473
698
628
167
1401
438
936
44
29
311
105
1726
392
102
184
47
54
289
14
203
22
261
232
145
262
12
91
480
8
113
1189
59
375
176
40
47
358
55
62
199
22
360
198
33
73
34
216
636
3
335
249
111
56
168
327
105
143
231
2703
1
176
515
27
57
132
2
287
250
13
106
1324
157
33
38
665
173
89
6
21
44
586
2
86
285
30
50
34
86
136
182
206
889
127
74
98
188
20
9
223
142
127
569
725
160
296
292
15
103
131
70
168
17
209
6
40
6
63
1
102
860
162
92
203
19
397
50
26
10
12
8
27
240
17
195
31
111
65
481
456
60
765
648
4
754
10
35
100
236
95
162
336
19
23
632
52
252
29
163
27
335
693
293
598
741
243
718
124
391
25
208
232
43
58
409
6
345
141
90
129
106
38
16
251
395
230
3
309
383
45
107
260
7
88
381
285
21
3
155
197
670
239
60
215
30
128
50
217
1034
49
152
19
1484
16
119
193
50
41
229
131
174
39
180
342
165
405
147
4
10
23
123
287
49
59
310
26
50
9
542
70
36
661
912
51
14
25
37
81
2
110
158
84
300
119
291
299
16
36
7
575
150
195
197
556
410
107
142
13
305
68
47
30
260
151
61
1406
31
50
174
122
92
12
241
409
159
57
32
226
251
247
150
433
191
63
12
10
370
13
175
267
36
89
315
266
66
176
17
155
15
235
149
113
26
7
10
99
34
104
129
305
163
8
51
99
170
17
152
287
116
14
331
187
93
219
1
6
301
18
13
119
187
29
8
54
36
35
237
325
92
187
440
118
143
1005
18
24
47
538
5
114
291
285
31
51
13
7
92
290
6
64
598
495
385
147
200
223
132
491
135
482
123
610
15
141
229
15
149
202
15
127
141
13
455
2184
14
10
877
15
3
50
135
157
214
633
365
146
253
230
145
153
158
320
249
8
121
235
95
188
143
92
146
147
338
47
192
204
257
389
44
675
38
245
488
40
162
75
315
486
6
27
202
153
196
155
127
134
78
79
204
272
21
60
201
251
116
423
21
393
665
75
218
148
28
32
221
409
280
13
1
31
708
24
603
130
58
419
77
6817
65
141
76
57
160
31
311
143
305
19
15
473
8
68
272
23
332
405
63
416
432
125
51
1
169
13
140
79
76
141
16
74
324
6
126
256
226
237
100
17
252
136
93
137
366
440
154
155
24
104
269
20
4
115
59
217
42
166
23
398
62
323
27
8
36
120
20
258
295
98
223
130
28
74
265
314
282
309
54
33
349
16
194
25
1557
14
122
132
156
66
356
316
12
159
19
153
58
381
328
235
246
186
147
711
143
66
127
145
163
155
247
532
15
110
364
118
804
8
403
114
25
24
309
322
447
14
75
89
367
192
39
22
72
268
62
216
64
132
191
13
70
9
248
691
119
141
537
