2
84
334
462
210
18
12
91
102
97
252
274
23
46
303
8
602
272
26
316
200
7
3
323
51
101
300
432
739
141
752
510
86
127
341
22
480
1077
338
4
166
411
3
96
13
709
240
766
10
787
271
8
29
29
268
1192
842
109
265
1030
23
78
68
57
5
4
275
3
701
244
87
8839
250
58
443
106
945
95
92
277
591
267
882
3
11
172
589
265
232
15
32
527
109
284
304
484
686
1406
117
242
645
271
406
205
884
272
53
250
145
108
361
396
24
57
88
341
262
758
84
273
212
68
280
96
773
810
20
1798
356
440
47
27
2010
294
1517
230
1058
658
360
237
73
1
68
89
93
493
116
83
246
29
223
306
878
255
151
61
179
185
334
20
158
1010
223
194
640
451
323
178
384
32
7
359
25
122
10
33
643
72
29
405
92
46
61
21
242
389
16
20
623
534
1115
98
7
1
2532
98
87
258
84
299
246
377
626
57
213
10414
136
9
215
533
951
118
240
848
166
83
50
567
645
15
159
472
88
602
31
7
45
302
4
109
104
13
691
291
17
532
195
984
120
422
21
156
2
127
5
15
145
253
16
124
1121
1459
691
12
27
304
3892
113
137
225
152
11
221
184
326
104
8
34
30
83
118
212
15
260
19
8
2002
375
403
19
311
35
147
7
397
6717
1156
142
15
10
109
915
136
135
1
325
3553
8
98
857
52
646
91
748
406
276
1467
51
34
89
41
11
64
136
14444
885
205
533
8
141
226
170
1304
431
51
47
100
103
1936
153
289
290
65
61
1178
309
605
65
194
500
530
30
231
94
1248
372
1069
52
5046
39
155
134
2207
383
14
394
1101
315
195
495
319
53
132
1538
96
195
388
370
420
21
1154
852
277
1714
231
1773
10
651
230
370
1173
450
143
118
34
99
23
43
2307
883
573
78
293
811
729
13967
106
446
388
3717
106
12
163
65
5492
1733
9
385
52
341
518
819
633
113
62
3411
169
208
13
33
1962
2962
1903
47
333
47
757
372
50
167
51
399
152
185
119
107
101
22
1124
447
331
259
677
1368
60
527
1286
563
571
445
126
2521
12
1577
678
56
178
104
342
12
155
380
190
520
49
15
32
243
472
16
373
148
43
73
315
13
1191
174
70
2951
372
3
368
56
129
5419
1133
23
450
175
357
10
3991
1667
1
600
173
449
116
525
413
693
207
1431
239
262
258
10
251
162
84
219
2296
1411
177
42
887
326
43
120
795
497
439
23
10
23
138
1123
406
25
379
100
5
1263
50
268
183
433
2162
196
492
526
424
685
566
23
62
247
21
167
332
123
43
27
484
1324
96
27
232
494
73
87
125
165
107
117
102
84
39
72
1969
533
84
31
128
26
39
95
136
39
30
91
216
103
44
26
2
99
154
568
823
264
134
38
19
400
415
28
25
14
7
564
124
267
72
102
108
701
29
225
2
366
525
235
329
604
414
3
17
511
224
2229
4616
304
22
587
3491
4
98
154
240
201
350
172
169
145
72
21
210
14
671
317
28
188
103
6187
77
287
60
2
1068
1077
34
61
362
178
862
15
143
97
8664
96
206
595
14
316
48
747
616
248
575
382
740
35
382
1213
71
453
15
1556
49
632
1488
159
282
43
295
555
148
354
1615
244
894
256
26
12
77
627
67
99
287
310
274
2896
675
373
95
205
266
377
878
1176
27
117
106
2311
186
271
39
1
1626
3346
739
305
1
317
577
565
490
505
432
378
1057
291
293
291
1762
116
172
381
2663
815
177
23
57
28
425
30
2558
61
1499
886
594
982
50
69
2201
264
718
219
74
277
1254
286
513
97
504
4
128
32
2911
560
791
188
302
1145
70
89
39
24
109
320
2339
691
4
367
358
90
188
59
72
387
35
24
1254
744
100
312
9
19
398
529
32
379
3332
230
75
35
33
464
18
502
1075
64
1377
484
391
533
16
590
82
706
19
358
540
36
370
239
2015
45
56
50
285
23
182
468
378
61
150
527
430
312
17
541
61
32
61
122
21
16
97
787
45
833
221
192
304
251
124
269
44
50
224
1160
129
59
463
213
1190
84
123
82
250
6125
374
10
24
584
241
359
855
107
6414
67
535
116
78
301
66
147
65
98
3072
295
162
144
634
303
245
57
425
3580
129
111
418
35
21
85
59
174
326
64
290
230
2
2413
93
500
44
29
54
389
33
519
126
63
44
11
12
31
295
29
517
28
149
475
2131
347
55
346
94
104
598
37
66
196
85
117
704
750
499
14
24
509
258
15934
84
91
311
105
293
90
202
312
1938
1877
44
75
41
133
683
56
114
273
193
2553
575
99
20
467
395
384
232
186
1262
3
12
882
7
2115
128
17
2
304
16
833
289
89
716
4586
430
846
227
608
363
2067
644
3
86
950
119
2
100
187
133
1026
167
235
1000
100
635
592
420
47
25
1299
10764
4141
460
921
203
1726
184
1756
1125
12
34
9
94
297
211
162
426
1011
741
1463
75
1691
866
259
290
115
3367
413
222
23
3400
141
28
1654
864
24
53
1044
51
2519
1645
2704
139
226
361
126
128
7
1889
298
62
279
615
4
717
203
480
50
203
45
276
7
112
3
177
998
141
3622
83
124
6329
638
504
1669
1410
337
96
41
16506
116
64
724
35
516
1417
288
40
486
412
57
86
19
10
12
58
7772
398
145
212
1902
224
40
1893
6
538
288
54
25
4
437
640
864
14
467
438
41
953
129
100
1095
2
789
13
430
161
97
37
21
869
1499
1956
511
390
31
2
12
37
279
206
125
763
269
458
68
123
485
578
295
129
79
184
85
155
212
89
39
1170
179
546
100
537
375
35
196
3
261
117
482
193
12721
858
19
251
614
36
119
142
64
5378
43
928
253
27
860
693
194
110
359
441
543
7
2971
764
128
66
85
332
171
636
231
87
491
1281
103
55
496
13
706
3408
224
1500
1280
363
505
117
11
530
218
242
67
11
1634
99
1
96
1
150
20
231
450
122
7
327
37
18
7
795
53
317
147
3813
1542
922
239
117
138
1210
871
34
174
3
1635
715
65
2800
1
1370
198
99
803
246
158
281
3134
1357
979
591
4662
1769
476
221
253
96
143
141
168
40
169
982
507
6
47
18
431
1362
14
202
867
608
125
745
200
10335
2863
107
28
5389
96
56
74
45
179
82
550
650
122
377
425
4
623
139
176
273
886
830
74
83
10
358
597
593
27
46
237
414
16
25
986
414
1284
797
292
68
273
388
95
147
44
66
162
668
424
822
729
55
75
13
801
1117
13
1896
561
254
237
195
510
87
75
472
61
356
6202
377
29
204
58
30
198
48
121
144
141
483
1547
38
297
61
112
1889
194
534
575
151
34
45
12
248
1
1221
198
187
92
174
65
262
181
1404
41
20
62
403
1469
374
14
222
112
44
262
1721
1779
285
277
1969
173
331
411
197
133
66
11
99
48
33
275
488
143
14
526
536
243
44
62
46
49
204
49
171
845
509
16
210
8
199
89
456
51
282
532
2592
791
434
216
245
265
674
191
121
380
400
281
18
115
157
58
1
503
316
96
126
10
7
224
128
22
833
109
776
321
410
138
21
498
30
83
15
116
248
222
6554
493
16
544
291
386
11
117
84
6
133
1843
1259
6044
17
753
37
4424
262
47
326
182
15
165
1179
24
759
720
38
315
151
1001
52
270
1345
35
472
322
162
17
15
389
138
137
131
429
10
21
386
474
146
1
276
25
428
36
306
96
1
43
78
290
856
48
939
96
17
62
259
359
783
1
562
25
323
288
575
346
995
397
695
34
6
481
596
334
902
117
270
365
830
148
93
37
100
98
456
2306
1009
319
14
4
10181
275
76
883
27
148
221
1
32
701
876
250
672
246
28
1212
623
2800
226
31
716
591
1627
449
23
313
245
165
4306
91
47
19
882
213
150
32
1394
2410
532
2179
349
81
591
1146
67
46
953
25
46
886
73
51
1121
372
1142
3
65
38
15
311
1814
1082
239
1046
272
944
1100
244
8
258
288
63
590
758
48
1041
262
13
108
138
152
141
131
304
16
1463
115
16
185
203
89
145
75
1776
1066
8073
200
23
242
1992
1693
1618
356
145
430
2330
103
22
1577
10
209
38
672
8663
13
4
1122
99
51
127
255
245
498
369
511
347
2248
206
47
206
206
77
5294
19
107
675
243
25
589
100
333
215
23
652
5035
609
28
3710
209
18
66
383
441
84
1108
62
1946
309
67
675
411
135
509
53
200
17
177
32
412
1529
178
66
25
53
333
921
2306
53
1404
16
10
331
269
118
171
486
23
431
20
478
175
19
775
293
507
259
169
11
798
1230
1
744
157
452
22
1139
23
16
195
85
14
298
97
354
95
267
240
36
80
696
35
2
293
1271
202
100
210
74
527
6
1963
32
15
100
219
200
139
228
422
86
612
91
68
420
1438
84
82
169
859
431
50
137
104
155
238
2538
64
34
20
526
854
414
188
99
59
428
27
61
155
82
464
1115
1146
1234
537
108
951
205
476
13
210
14
79
104
17
95
39
2089
1037
106
97
2
96
7
43
16
20
225
1
724
378
121
487
504
95
19
197
100
234
244
341
13
80
129
751
227
118
35
109
57
253
1408
177
221
363
1843
35
25
328
140
173
8179
56
228
1429
545
39
123
15
17
156
95
551
13
361
431
47
1333
278
481
445
242
1091
1011
20
19
77
1
40
27
1949
5
169
3
16
20
1538
101
244
53
76
1051
106
92
37
946
1557
1061
86
699
552
1544
1298
37
257
106
61
403
16
37
403
1161
317
4184
100
328
406
13
1907
873
83
409
117
71
57
83
795
110
153
80
167
87
14
193
299
52
32
2781
189
263
508
1142
110
3938
735
96
640
202
242
780
125
519
101
164
223
1484
240
1070
10
242
441
188
568
510
12
252
923
322
371
12
16
614
2488
4734
484
183
79
629
17
91
1562
73
4135
228
336
104
19
791
831
801
148
379
14
747
73
382
198
278
3
374
279
8
193
124
95
430
1596
672
19
3128
108
49
259
47
151
1754
7535
203
38
700
178
314
19515
367
20873
330
478
305
47
1581
767
446
38
780
407
377
11
68
1636
752
1103
1557
415
537
554
447
1041
556
561
411
1290
1995
4081
797
576
673
7
815
203
9
23
86
83
85
4
380
302
36
41
154
357
264
24
40
276
211
438
199
49
541
6299
22
95
316
109
3086
2702
303
95
3656
1350
23
171
13
251
202
141
386
184
52
426
360
183
74
405
158
42
470
493
37
11
15
559
213
177
28
103
305
151
136
1693
62
1115
249
180
8
46
342
178
53
118
535
28
27
391
134
2261
99
183
1
614
1104
151
863
85
169
203
166
1673
2002
19
884
634
75
677
50
226
665
426
216
15
14
42
561
714
326
42
213
943
187
51
320
31
351
290
368
1380
95
737
194
599
805
124
109
412
137
151
39
390
350
1482
10
292
612
96
4
114
23
142
242
303
69
116
63
120
63
568
843
326
34
909
18
8
25
689
105
535
102
65
528
216
226
154
367
639
180
759
18
65
327
14
548
50
661
4506
16
333
970
52
50
165
618
288
450
18
1401
375
96
97
113
170
1509
68
239
456
323
1047
977
1
41
94
1423
168
89
409
369
855
39
851
415
18
766
15
49
110
261
228
309
116
110
4
564
353
279
408
30
54
14
217
641
251
248
179
2
717
80
1322
15
622
397
166
23
409
107
12
682
63
329
148
104
204
176
647
424
220
43
638
223
75
108
80
13
575
319
2072
595
23
225
17
2888
446
166
11
95
15
139
804
114
310
165
1
111
1072
61
62
1392
67
150
88
200
21
611
120
35
7156
155
97
234
2
1312
1
246
16
14
122
65
107
276
318
3799
730
695
1184
1
523
526
311
498
684
40
1969
397
60
746
210
45
979
19
1399
270
98
154
10
298
125
1290
241
15
93
103
304
10
307
27
176
750
50
421
698
426
381
121
191
642
47
427
182
201
1078
444
113
100
488
5336
35
595
679
1555
163
3807
12
138
662
482
28
324
732
387
576
90
352
516
192
328
735
2737
1532
773
95
33
168
109
239
33
441
60
1
7
4
38
307
103
101
330
230
456
379
175
171
403
324
386
569
79
260
255
77
478
494
534
224
74
66
36
920
366
691
423
135
90
37
5
801
307
80
69
55
3013
239
137
84
203
692
119
367
303
289
1771
17
42
339
882
284
140
2591
1198
57
304
171
197
673
1099
46
436
746
3497
431
2442
181
59
305
113
486
434
697
54
502
313
71
499
8
76
352
298
191
1213
296
137
525
89
247
884
84
11
661
530
434
322
1
59
134
2130
596
79
78
360
425
91
614
318
109
638
14
252
1012
229
551
114
436
10
71
103
653
21
126
125
3513
2245
715
123
2392
340
234
15
121
81
997
22
155
14
64
24
1373
1590
109
262
3045
37
228
1389
586
8
66
618
244
426
375
124
27
424
2194
105
135
11
2
719
109
346
565
121
91
105
611
127
214
304
390
521
763
435
7
938
32
907
1
130
26
202
110
1275
500
810
18
18
219
310
706
11
19
1829
109
343
26
306
607
232
756
338
47
42
1205
203
34
34
77
84
262
1
1
231
7
862
1307
315
423
491
42
384
160
103
200
277
277
163
206
225
2104
94
532
49
614
2013
33
83
383
37
647
276
70
289
117
340
62
219
8
354
129
207
500
654
1689
18
177
89
1901
321
26
108
2264
557
255
14
133
2000
291
337
919
509
382
445
1316
218
173
130
269
43
91
345
383
11
95
6
552
177
100
805
21
28
151
630
326
251
2319
20
227
16483
10
593
678
2903
135
100
988
89
573
402
1048
143
1728
2883
276
95
1935
41
665
1163
8
778
391
515
413
8
841
1155
153
103
367
44
153
7
171
446
490
97
344
198
161
300
888
416
369
109
192
2820
81
416
4
571
244
1287
461
731
667
31
600
32
935
204
28
201
3
141
134
291
573
112
855
173
277
45
203
285
162
304
186
722
848
68
50
190
139
128
117
258
1888
23
2014
7
506
586
13
674
1000
932
575
71
57
167
74
42
91
60
1837
53
255
352
48
43
1870
1159
664
205
155
58
127
68
3676
387
283
40
1604
14
311
1167
279
513
259
763
647
145
784
97
1
105
24
205
271
355
17
124
197
221
147
2651
2694
196
3699
61
235
21
725
55
34
3540
72
191
12
10
106
232
436
176
152
2367
1310
786
194
167
183
2
514
75
1052
4222
625
294
449
95
250
275
59
2
115
153
145
2013
43
591
19
3032
6
11
604
128
1183
267
759
99
50
433
1561
44
101
204
2682
7583
26
278
1410
465
248
474
87
1
175
90
328
42
1
110
989
1094
66
106
422
505
986
277
71
1366
182
764
77
248
815
222
167
177
111
77
170
465
52
87
471
248
215
10
78
818
534
1127
87
328
412
77
54
182
198
31
197
203
1
688
959
120
928
244
243
78
243
2769
721
13
171
257
224
39
109
1
777
138
33
289
264
1
224
416
8730
276
604
460
8
1260
252
753
185
548
2808
248
93
426
97
252
225
313
56
413
57
6
396
104
43
18
17
273
66
222
7145
255
208
203
123
172
87
402
803
109
1302
178
1170
6483
19
10
309
251
3216
875
1450
436
259
132
520
495
34
212
28
95
47
430
470
55
519
1376
266
75
1057
32
126
5
176
476
4
21
95
73
692
316
22
262
54
515
321
44
480
115
108
460
105
2214
1447
60
777
250
616
74
1102
1051
1820
610
144
35
72
160
166
43
4404
4890
2932
1128
1142
3964
77
70
165
317
105
304
238
4567
49
215
18
35
2287
95
420
47
96
1
14
2
34
370
376
1
169
101
137
1694
116
16
2761
1973
386
5639
40
3
146
267
170
496
662
1372
67
3
768
986
193
12
133
1265
626
1214
109
117
361
110
362
393
547
28
326
470
44
528
81
98
812
1391
749
31
2288
18
1
74
614
444
165
5487
209
49
299
1301
536
501
202
1067
21
206
191
673
282
49
1499
1010
1181
336
78
122
18
468
1621
782
44
13
1485
14
51
586
2649
35
174
93
97
159
430
236
295
3428
171
2575
785
1540
578
371
67
24
195
325
70
606
1187
961
2909
574
242
166
30
37
3116
306
582
121
258
2535
199
337
20
625
279
145
832
513
272
1632
3
108
111
257
31
169
546
26
708
191
118
16
15
483
35
3
797
143
128
21
540
258
4
356
129
263
444
36
385
14
513
138
7
10
85
490
107
609
11
1965
80
129
36
51
766
266
150
16
10
32
4
443
2240
628
102
778
294
103
27
6141
197
38
168
1584
495
74
149
256
740
126
150
673
595
103
728
12
439
338
99
807
41
104
100
74
129
152
88
9
49
111
47
15471
205
67
176
133
184
308
343
5663
2452
82
94
140
2355
89
9197
7
392
34
405
442
422
22
1587
89
127
377
866
16
622
487
1817
33
696
625
37
629
4932
308
153
88
215
954
881
24
160
676
86
695
607
1013
2676
98
42
3055
391
105
118
695
224
556
65
309
207
13
69
1212
3480
17
103
289
60
689
239
183
34
917
7
267
14
121
1005
214
59
3785
7
1987
357
169
307
10
2385
260
13
422
59
1126
52
9
500
5
171
87
324
21
378
712
15
333
575
42
253
167
7
523
702
36
31
467
240
281
247
774
641
10
25
214
216
81
200
748
8
260
28
270
223
189
113
572
239
76
9
190
10
731
54
2
2022
7356
311
777
17
228
321
380
284
44
289
444
79
576
20
21
47
14
31
915
416
5305
396
26
216
443
514
2502
15
83
184
56
201
468
695
1248
5
393
18
436
96
795
119
33
123
440
59
819
65
428
10
353
155
100
4
1583
16
300
59
23
60
465
607
1171
314
39
167
212
422
1084
128
451
537
44
221
39
341
21
479
93
13
622
285
906
21
20
255
46
162
134
19
42
13
1427
1276
1811
445
495
231
1174
1411
90
202
156
232
218
277
251
102
410
339
194
200
55
41
69
164
325
55
290
388
46
111
19
305
208
102
43
20
15
543
771
4102
106
8
406
29
2064
96
333
91
461
132
711
170
75
290
1023
172
106
59
20
211
116
2037
47
34
592
1818
74
216
122
1200
5061
432
214
124
15
275
85
206
389
11
539
151
1261
715
132
763
13312
196
41
577
15
2671
135
956
1229
15
72
90
189
190
85
96
37
1545
105
184
31
121
370
152
105
625
1832
1803
839
33
37
937
39
95
206
601
26
25
58
1025
142
85
1114
301
126
110
99
1544
7
490
42
493
224
170
10
1763
157
919
592
144
137
575
112
276
726
44
311
63
149
38
159
769
110
559
38
46
100
145
700
78
364
102
219
980
30
29
851
761
93
331
804
128
197
21
36
284
135
269
257
210
21
390
1002
476
23
186
220
137
196
243
517
57
447
397
315
18
134
27
1058
85
110
1408
725
1317
566
13
1903
236
698
23
23
27
238
20
115
95
405
147
224
42
2714
98
51
68
99
477
115
498
10
19
569
18
213
24
527
12
19
1002
28
2005
466
267
37
52
1163
179
157
126
971
1646
3
468
809
589
403
28
32
1521
198
316
11
983
244
85
317
210
96
727
252
1
528
60
69
24
641
11
1175
262
252
318
51
10
319
473
481
51
89
17
759
148
1936
170
309
1013
16
5
13
597
135
104
153
87
119
76
28
1133
292
189
186
246
248
64
114
1016
139
444
404
158
124
133
738
379
1853
171
58
519
85
21
2610
78
260
60
43
142
367
3007
35
352
202
1211
67
745
744
138
35
389
202
134
165
247
37
39
92
148
162
282
512
472
901
312
143
217
26
320
421
86
33
117
1020
84
712
45
134
91
2162
79
210
364
69
43
512
134
701
634
504
52
487
491
619
657
899
2709
481
106
81
255
2755
59
82
1180
340
76
277
301
84
104
65
3
2951
227
1204
82
104
1188
6
109
433
65
31
764
45
269
207
52
295
619
225
612
102
483
1170
545
562
79
123
287
53
58
201
73
119
999
32
2119
68
665
121
994
88
299
118
354
2
195
183
59
69
103
169
132
73
118
77
491
196
43
431
16
120
150
90
93
153
1049
2205
140
1906
126
221
143
54
163
39
113
573
214
169
162
1
166
5
7
698
231
241
330
967
1
196
42
19
289
292
66
41
21
9
427
222
683
398
450
64
1820
25
649
566
84
48
264
42
2064
30
77
650
961
224
99
273
16
457
492
1593
19
88
2967
14
677
262
216
80
114
113
107
17
83
286
7
517
13
16
36
249
81
36
186
187
28
618
15
120
305
409
193
1625
408
4
191
350
40
43
34
140
34
204
145
323
51
449
152
1077
2527
99
489
66
962
5
237
200
172
595
1354
215
564
5195
18
370
41
382
108
27
85
465
55
8365
943
2243
211
109
612
913
11
569
1074
2
145
48
737
1152
272
70
396
286
231
737
262
477
8
315
41
788
40
655
621
17
250
308
1
439
1416
62
40
310
412
38
650
100
144
234
17
400
58
393
38
18
20
20
243
104
104
1181
37
137
59
116
130
2228
334
213
395
211
9
767
267
151
439
54
16
151
208
210
62
105
417
41
1
107
50
812
19
13
1057
117
895
53
170
686
172
314
82
31
302
66
152
304
407
298
1
119
687
861
48
322
40
84
643
1625
35
1468
319
39
388
1111
139
49
65
120
282
2307
345
2352
11
29
591
78
117
122
482
217
249
232
354
1874
49
9
1
343
147
494
304
76
105
240
58
5
341
100
175
647
630
108
9350
68
55
111
531
147
183
85
110
708
41
16
1015
904
250
26
98
105
448
392
22
5
406
168
97
31
2173
354
148
241
755
1
484
157
153
1
1559
1383
186
505
97
71
77
48
1004
39
355
3
2198
317
131
50
303
299
124
692
95
252
1168
102
231
50
113
97
71
62
209
137
293
49
1564
979
178
42
11
136
723
146
437
95
17
1245
19
466
56
272
235
19
328
1056
531
676
29
17
387
131
594
260
18
123
3510
331
7
300
880
1185
43
140
200
121
1595
329
284
41
41
100
86
103
1403
713
282
969
425
294
348
363
1370
447
93
58
1651
401
433
44
42
373
806
596
385
3379
1604
80
19
172
120
95
208
188
22
285
687
519
126
497
390
85
431
119
2545
111
1
174
89
344
442
631
66
27
458
246
71
49
171
58
40
265
77
36
23
21
90
480
189
29
39
10
127
151
43
18
6
307
89
933
81
18
264
192
126
209
54
116
14
82
31
350
18
281
348
891
65
125
280
362
34
622
312
1213
366
725
226
4
91
817
219
114
430
478
281
859
5
710
110
491
506
207
332
1272
148
3063
58
1010
411
35
940
267
37
16
19
186
270
163
50
832
2294
288
273
1185
85
459
16
24
158
67
212
10
732
9
240
66
496
17
793
49
1
180
83
41
69
62
89
23
251
447
133
143
19
4352
149
379
1441
577
73
219
375
498
33
14
246
562
2448
407
138
821
1345
2983
227
10
1045
1509
120
175
570
27
26
7
49
47
28
54
80
22
364
94
579
121
2549
182
371
47
198
201
335
790
383
9
21
2703
22
989
739
1299
42
26
82
5659
143
29
11
41
147
100
456
859
123
68
103
16
495
648
1
441
74
15
17
2041
873
273
68
485
399
1772
29
73
250
57
614
117
2582
417
2462
202
858
40
500
19
674
304
118
51
79
37
226
1975
28
1622
1221
5
1341
68
3198
194
1
771
3
255
981
1269
141
56
773
1351
367
122
502
2222
764
716
18
170
95
74
113
278
42
274
267
137
31
79
633
50
452
39
300
11
254
694
5531
114
635
56
2306
68
2
32
2962
97
283
104
278
49
701
388
114
181
532
88
1027
1733
107
78
129
83
611
47
20
1160
1980
1207
15
31
1744
8081
119
126
192
108
379
345
50
674
50
943
22
97
6
88
123
440
6
376
938
1559
65
417
64
110
641
59
1881
289
3714
143
93
206
31
1605
333
134
1870
243
56
35
286
384
85
459
346
31
2150
256
53
263
11
349
78
893
1971
111
264
466
63
742
255
403
14
232
30
414
203
70
330
1
133
55
5
920
47
278
628
520
2151
5
316
2664
86
2100
14
103
311
349
297
509
74
577
5
190
414
228
22
330
8517
336
160
255
3543
311
301
1049
1410
103
333
35
923
198
398
553
2
1779
4350
138
1347
907
1907
19
276
517
284
47
2560
129
518
1205
385
248
330
571
532
376
188
412
468
82
271
393
231
4928
438
236
237
622
17
359
198
53
8
107
49
435
27
49
488
314
3714
262
57
2816
111
3969
274
2340
947
312
13
157
143
22
248
1402
2753
667
776
316
735
25
65
62
538
16
674
801
223
92
412
44
365
600
252
395
749
657
8436
85
22
159
364
801
23
77
160
57
33
1563
801
267
42
122
1549
358
22
651
33
66
353
20
189
2345
5
166
41
598
45
1
244
85
19
101
562
2137
300
24
203
1515
7
93
269
354
22
99
153
170
879
1
777
259
475
109
1412
360
5
33
148
449
2
121
203
84
93
4215
127
1182
208
1211
279
480
1
793
279
93
1587
41
486
2
6768
126
949
613
8
13
53
733
241
1
359
27
182
85
193
60
1077
45
475
606
133
183
226
258
102
1819
1659
128
40
823
2636
130
6175
648
38
69
119
229
193
813
1123
20
628
432
1886
48
176
4061
131
906
1102
26
1204
217
10972
581
119
1014
1487
172
510
134
275
193
3013
24
572
404
101
578
433
17
57
266
7
67
75
43
82
261
323
280
117
47
373
454
423
1138
39
88
380
67
1268
290
1316
468
114
2748
295
151
10
170
680
149
640
54
90
49
43
580
399
85
286
413
1
2669
19
1
84
764
1048
775
341
163
115
6058
97
12
2478
95
264
751
14
273
391
75
15
1464
72
259
919
658
339
73
467
249
127
192
488
282
962
302
4967
134
61
33
691
279
3
36
25
2436
3190
715
43
85
93
64
192
479
443
579
3770
1740
201
92
121
3867
310
37
984
803
20
252
22
159
2
226
57
7
606
5
10
350
1469
15
17
146
1
2134
1314
384
57
2180
453
4717
113
37
675
665
223
8682
46
32
93
944
257
14
739
275
494
328
459
999
1628
633
235
145
15
133
349
86
103
7
183
105
12
45
856
217
433
2620
219
158
1418
159
1587
141
180
11
122
377
347
335
129
2229
52
228
660
11
65
8
170
88
606
484
66
434
7
823
1079
337
34
39
118
409
861
252
1077
383
2695
1462
198
1957
86
217
663
1686
55
316
2590
112
660
328
24
6733
1194
594
697
370
37
735
380
82
6
100
32
426
489
668
503
134
319
38
372
13
377
709
1045
249
42
410
1081
379
1
741
24
3765
101
213
136
23
6917
1316
253
4
1100
79
368
732
185
958
379
47
922
10
1196
30
64
659
1756
772
11
92
361
279
1
683
242
7
1482
182
106
21
1192
232
80
176
23
501
351
39
513
68
119
12
214
18
16
183
192
281
45
220
186
237
1160
56
582
174
417
236
11
143
89
1199
470
735
6
802
42
385
176
2217
475
77
107
59
1667
284
24
925
208
106
140
45
325
5
22
481
791
93
2878
290
133
105
403
99
771
143
534
1918
922
223
552
63
2772
50
229
20
291
95
302
170
189
10
109
172
45
193
259
870
109
47
365
325
1049
13
10
192
87
82
124
132
358
1043
190
353
565
60
103
381
696
280
35
147
5
30
83
322
24
583
6623
294
83
12
902
34
1241
1072
22
814
3088
44
461
254
213
198
44
142
1150
761
1099
293
1204
50
7
54
855
393
119
25
66
1045
2
1788
613
105
313
2238
117
64
21
346
697
34
688
60
583
156
641
5170
524
4672
1537
233
16
486
18
58
179
3
59
21
31
2025
675
412
379
140
155
230
109
180
82
508
526
6
311
551
177
81
54
127
95
769
1000
305
93
54
273
841
175
459
13
519
844
34
135
9
46
177
146
319
1681
22
1420
48
37
2264
20854
5328
12
998
413
551
403
171
2003
11
628
903
192
553
89
165
376
149
741
114
199
208
305
88
120
156
129
252
8
168
9
244
22
131
58
256
82
923
104
177
9
380
1127
1282
129
19
242
787
38
597
1478
136
73
21
689
368
150
568
65
2097
192
1821
390
627
380
121
1226
3879
60
580
64
129
628
1060
264
2386
15
58
37
187
19
354
100
235
403
310
89
2610
843
874
163
333
248
245
217
139
1257
373
580
213
106
1421
129
10
346
11
106
379
106
293
1
97
96
593
698
1
154
455
79
54
41
80
166
341
39
170
262
332
470
19
20
56
29
362
189
6
520
301
5881
314
48
460
62
261
348
33
288
60
690
47
64
309
263
39
16
203
97
7481
1534
1
21
403
238
50
1
758
268
23
85
25
1818
118
212
96
237
402
19
180
52
45
423
48
6955
601
12
629
4263
13
546
551
314
43
50
268
449
3068
118
13
173
170
184
179
1525
389
30
240
37
282
1
304
94
551
22
991
394
107
226
75
2127
99
17
2
1279
313
15
100
2155
8
539
85
133
34
4
7677
832
65
17
124
800
28
80
14
277
1
25
201
154
172
1
513
95
6
50
193
74
72
509
255
45
178
28
101
1142
1615
159
1028
26
226
244
190
292
2
408
162
37
19
72
96
27
12
225
30
110
297
429
486
3
20
118
225
907
47
1358
9
1711
11
315
91
33
130
20964
1273
3
100
115
16
3
311
293
169
1
108
21
126
35
46
110
229
29
9
557
24
190
226
57
188
16
113
56
867
621
146
100
134
364
476
85
244
1065
22
109
154
150
83
7
2929
1680
75
1857
248
9
176
23
550
1622
438
734
118
20062
229
1182
53
1
2875
102
1010
71
631
1133
45
230
57
635
115
148
340
420
1182
51
5
591
650
529
758
206
130
1293
1505
29
174
233
138
110
281
29
296
54
36
52
602
1178
5
677
444
1467
231
501
67
369
24
32
305
1
24
399
404
702
272
1024
3649
15644
1250
630
751
197
601
411
336
71
33
14
625
189
2710
391
73
278
162
268
455
366
506
187
219
29
40
209
3618
948
333
230
22
448
2778
2216
963
230
614
430
392
1083
668
2312
456
101
35
5948
560
380
9
542
273
7
93
349
210
322
217
837
56
2565
28
67
32366
831
367
160
36
337
113
694
286
102
800
99
504
675
23
121
245
887
258
39
577
503
66
369
341
1128
266
31
385
942
1390
427
11
149
464
9
256
180
355
91
432
57
53
25
100
231
155
637
3474
399
267
41
557
787
102
247
976
36
1581
203
7368
269
2015
1
256
48
24
41
803
554
147
63
169
467
51
43
1768
690
365
1
364
682
227
87
59
502
281
11
205
98
49
236
176
813
84
1121
574
100
154
836
134
490
4377
626
107
220
533
9353
518
149
483
130
400
103
23
57
21
6385
102
769
47
439
66
54
239
721
368
2994
253
12
521
586
1466
18
295
579
994
103
136
34
899
31
58
260
1060
1611
18
34
246
75
827
22
1173
777
185
7
5617
600
264
230
1188
73
4
149
84
172
373
818
65
2894
396
208
462
7
1415
39
1279
210
349
238
51
60
233
92
859
4907
690
667
217
616
561
71
70
356
498
733
196
90
872
14
143
42
452
87
615
182
310
22
10
53
871
52
655
956
1
26
279
13
21
83
16
6
167
3
182
413
37
214
891
112
525
155
447
46
10
3944
1139
89
86
512
164
92
455
17574
2050
385
880
393
494
677
200
103
955
13
3073
41
452
458
331
695
122
9
24
106
49
57
29
680
257
180
148
268
159
698
960
331
451
122
878
403
261
1037
51
168
43
161
73
172
796
40
333
87
472
663
138
75
319
223
596
45
1416
202
175
143
14
9
128
1797
99
444
92
120
147
90
103
1009
19
1
186
5137
304
486
599
574
58
546
147
223
1529
596
316
17
33
2641
4644
26
1825
493
294
57
255
3739
1244
67
3583
578
2359
1638
597
120
44
277
1737
7
13
529
376
150
44
3048
107
441
92
190
244
615
107
119
2143
790
732
553
10
902
838
31
528
512
50
71
1890
10
324
68
1179
2020
21
2121
81
9
275
469
84
468
718
353
496
100
33
1505
814
15
29
278
27
132
73
281
43
565
197
259
284
825
188
136
383
311
27
29
80
920
3549
441
188
20
323
394
575
408
108
183
4334
209
226
355
632
759
255
161
107
982
577
527
221
498
15
14
2156
1133
1419
916
76
953
1020
187
5
1769
22
261
1130
987
409
232
685
3162
3571
282
116
119
66
103
55
77
73
3223
35
28
565
469
223
5868
12
3152
55
101
5726
327
13157
366
1636
452
1131
949
491
968
508
1086
4958
1625
24
277
2778
107
5941
166
42
325
360
321
556
3862
295
197
62
1110
248
2703
28
1494
331
2005
116
58
29
279
105
2678
428
154
16
230
2864
181
110
173
470
16
90
171
86
450
181
10
18
197
563
937
29
54
507
138
53
92
52
608
8416
599
68
56
8585
266
100
133
13
538
203
1044
329
26
9
329
536
299
252
34
518
90
137
29
69
5561
2575
882
241
249
13
9612
311
111
585
238
22
26
341
667
244
1860
552
351
16
240
415
420
1492
177
47
5046
17
25
50
31
282
145
410
246
222
249
1729
104
246
36
1043
465
469
226
168
673
40
633
428
138
317
126
470
469
482
130
144
170
61
132
139
1583
12
23
164
14
117
1
140
14
756
519
207
39
215
44
210
463
561
20
175
605
160
268
995
571
53
70
15
759
377
1737
600
199
387
315
71
209
546
861
1886
239
444
183
100
647
69
424
233
3458
376
120
30
425
93
2447
597
500
400
54
193
1307
41
4
5
95
1112
373
1
92
525
44
15
516
139
99
29
2161
10
294
18
330
56
1119
639
104
115
88
1
4355
509
66
184
343
62
123
378
346
285
648
15
12
324
12
240
129
30469
164
336
15
345
29
29
79
2002
395
28
488
349
644
153
825
1355
678
41
527
348
123
134
487
230
202
112
200
25
520
24
46
95
437
129
20
123
131
344
2909
203
177
308
77
633
426
2506
594
36
707
804
591
5282
79
948
109
595
126
163
38
6691
33
131
5432
1113
3062
860
119
119
360
1417
31
451
3
25
10
60
553
614
619
802
8054
116
201
145
1497
123
2197
48
265
24
1429
676
272
371
364
4704
7389
417
315
8019
127
350
60
194
905
928
383
552
121
110
238
34
243
537
666
427
834
97
129
317
1634
1128
178
105
363
232
669
546
410
817
502
1580
486
237
55
507
71
195
384
483
11
670
439
1
391
208
240
98
22
129
1694
57
520
32
580
13
57
230
1555
21
470
92
207
82
68
728
166
404
50
326
714
7
1502
7
4688
388
3
456
100
523
448
20
34
124
4
2214
48
3572
773
82
52
20
60
18
50
213
960
211
35
299
209
239
127
757
1020
79
62
677
1748
399
9
25
803
283
690
17
133
2614
541
350
222
250
152
1777
35
105
2705
152
559
490
708
238
5636
182
220
45
504
1031
46
5
1882
6
318
222
22
214
234
125
6
409
77
1811
34
10
20
9
22
101
358
935
563
511
724
1
153
1053
120
18
250
382
29
112
83
287
31
93
386
447
510
1236
2851
196
731
469
103
284
17
40
2552
52
469
109
584
131
46
1984
454
211
3584
215
304
111
770
840
231
207
229
1437
2339
503
122
17
128
532
10
453
343
34
24
19
5
130
91
32
110
890
97
800
48
42
259
969
188
90
21
287
94
65
1
246
30
341
70
14
3731
358
230
20
327
2700
151
54
509
924
159
7
522
249
11
207
92
793
2094
276
1504
497
86
13
4327
111
354
525
584
24
224
24
35
1028
48
22
120
5
3938
19
557
1676
43
10
44
92
1
465
115
10
292
408
1607
93
1853
5
132
122
793
56
46
450
1297
155
46
234
73
1640
52
14
968
439
195
1797
160
156
466
9
548
369
577
245
1004
913
141
186
127
435
22
14
124
825
1291
207
358
242
193
183
256
1156
116
591
1124
412
24
10
506
1870
90
501
440
312
148
374
127
1239
8
333
11
3402
559
548
440
344
267
92
1750
207
850
212
4147
712
465
29
129
205
239
201
663
3454
525
1099
122
1852
320
1271
738
346
496
37
6810
149
308
308
864
168
221
125
214
204
26
50
61
140
15565
87
159
275
122
16
552
560
888
1311
677
384
23
214
311
100
1170
288
502
226
104
320
91
167
1219
55
436
91
55
88
1940
565
155
603
374
1199
523
154
455
435
56
416
366
189
288
459
429
258
2730
143
707
779
70
66
411
100
56
49
173
323
613
9
123
33
230
17
1104
448
399
12550
121
37
586
124
50
213
21
568
484
459
30
413
87
1012
422
163
208
63
556
702
269
4431
855
104
113
290
297
104
606
938
135
135
99
362
739
590
100
104
748
777
1166
2090
174
210
276
104
457
614
957
633
19
1223
734
1399
444
854
141
349
473
488
247
522
85
962
28
739
299
101
99
30
94
397
35544
83
126
307
363
607
814
50
91
127
5
1071
39
230
189
864
1
282
263
502
249
177
129
210
24
3
288
142
104
264
96
1
10
462
95
740
142
199
101
93
58
13
48
1
73
371
227
2144
22
123
219
7
96
176
13
434
212
534
102
11
33
191
67
19
904
3267
302
461
96
60
57
8705
554
709
845
889
10
5
856
65
96
373
962
210
130
1393
476
2843
161
120
3
1945
2
436
451
75
299
145
179
228
54
34
24
479
626
1222
187
108
13
291
107
155
149
27
940
1317
628
497
532
369
875
14
76
106
72
56
435
109
440
194
179
329
475
7
994
1026
1147
1024
310
199
13
92
1630
41
97
1008
64
171
665
9
574
2031
1190
13
1633
71
1
762
120
392
250
520
408
94
8
329
28
665
88
40
13
195
1314
77
51
598
362
242
2422
944
708
824
208
100
654
534
275
1
98
184
616
516
139
2486
777
13
814
331
803
2534
1280
5
346
14
3
260
475
210
31
144
126
23
65
19
71
108
59
200
488
12
50
1
77
154
20
24
27
980
1201
512
366
1954
383
94
665
136
15
98
445
25
45
447
259
279
95
152
765
7217
264
51
641
1923
7
212
257
77
124
19
78
82
311
295
840
1
28
716
1039
237
268
52
274
1170
1825
9
226
2925
189
31
18
9
848
231
109
136
245
386
58
373
134
747
19
691
342
408
2276
1576
30
86
53
1
803
1981
320
117
170
636
91
307
137
1023
108
145
62
44
548
16
2645
28
65
95
159
210
22
219
440
96
1
261
4156
8
33
17
36
341
11
92
48
185
27
177
327
1041
113
141
31
1089
57
487
727
83
110
615
9
69
2250
404
144
112
21
385
153
84
876
1579
442
30
954
109
24
772
3
109
127
345
1699
325
766
1163
4958
23
245
7
471
8
126
592
112
1
156
36
273
29
181
437
314
231
298
177
279
555
459
715
545
11
157
540
24
24
1697
465
110
348
20
300
18
264
1248
12
90
52
618
2
10
865
118
240
435
118
840
351
98
2
35
158
33
118
296
280
127
88
207
277
95
10
688
40
445
1004
612
607
1223
43
1639
284
20
7
89
223
2653
60
92
15
73
157
105
73
118
174
418
227
980
5
1232
19
233
237
460
20
109
119
712
102
134
234
270
148
282
469
536
3
33
649
1137
115
21
83
596
81
358
36
21
464
1
317
1845
2
44
96
128
577
464
11
129
2995
185
30
36
575
2354
30
111
54
25
298
1020
2
301
55
151
383
448
178
488
190
207
49
138
2512
246
708
501
1998
967
158
320
34
545
456
350
12
172
1861
11
183
872
159
340
239
15
150
39
32
488
107
13
28
905
428
250
273
31
109
1266
180
4
47
79
491
468
19
289
159
356
108
7673
367
189
46
8
505
72
395
149
99
413
239
28
55
1089
4
3602
1192
30
420
5
298
60
100
340
79
75
57
489
163
207
488
997
733
624
174
240
101
58
241
50
613
875
27
343
779
131
723
212
643
113
139
411
77
42
193
447
728
18
199
524
275
585
332
344
24
99
55
90
365
128
97
989
3389
463
135
142
24
352
451
11
162
660
21
633
271
39
28
391
121
243
72
115
575
1283
31
1538
8
701
155
267
254
44
1058
40
352
279
416
3310
505
45
427
177
650
11
241
62
45
343
314
49
219
471
116
502
252
6
125
83
310
514
1300
598
635
1
32
45
881
44
58
388
296
77
19
32
1100
80
54
173
15
73
804
103
95
847
282
672
262
255
4
62
4
126
494
322
171
31
241
329
152
1067
98
386
455
897
248
52
21
140
145
1456
827
2531
94
149
256
105
540
634
34
1250
99
14
130
97
119
337
489
413
250
850
452
88
108
170
409
1125
315
138
344
751
1108
5
65
222
143
41
157
493
384
619
102
377
94
881
218
253
153
199
74
107
107
281
450
42
55
268
120
106
445
20
175
608
222
119
138
75
194
132
17
302
1079
1011
252
3
115
95
115
270
54
25
144
101
41
660
5
276
420
179
2321
1043
123
886
287
73
295
685
574
109
62
153
221
147
134
79
221
81
20
290
91
180
721
404
67
19
693
384
529
30
1124
914
432
792
121
193
243
646
170
15
1
403
5277
244
162
19
827
342
354
92
92
5
1011
141
144
39
165
255
132
108
36
904
234
467
31
807
210
538
160
93
689
44
1
297
162
567
119
22
824
113
160
39
3352
24
9
36
2357
115
662
45
19
17
1258
14
388
896
10
138
1
283
41
219
2099
997
82
24
90
563
13
35
361
458
14
191
420
242
174
18
361
578
415
2158
919
142
313
103
398
222
480
48
3
21
111
1371
1
56
630
37
1246
390
156
34
6446
269
1534
81
112
11
1429
613
834
320
454
25
114
403
83
189
483
205
2532
340
614
433
271
68
242
106
474
235
2
96
923
197
405
581
661
191
724
91
248
26
87
331
100
203
910
303
436
252
28
241
31
165
313
144
14
159
486
759
188
2498
198
1962
102
161
152
149
1318
97
621
2504
1243
81
1955
626
321
6
57
268
16
173
584
41
474
509
930
120
242
36
98
44
255
129
157
1415
133
821
158
3092
4
1611
242
2073
272
1259
1342
319
279
601
280
114
77
58
1704
129
213
447
968
379
40
149
615
357
375
257
10
42
11
19
481
344
50
87
541
1
410
52
128
250
690
16
266
378
351
27
412
243
474
321
349
12
136
93
1982
2751
68
35
99
200
960
156
418
189
68
1
341
465
11
289
98
102
95
30
89
9
102
1
145
438
43
45
86
59
156
149
219
127
606
265
469
441
414
123
118
188
317
182
117
224
12
1868
260
977
928
114
457
757
18
818
71
98
327
75
728
125
497
239
28
11
851
962
140
762
296
279
556
168
552
344
191
154
260
144
217
954
3
127
78
145
333
275
16
642
175
514
479
301
172
152
74
6
497
74
189
144
658
28
55
129
7
356
799
101
87
138
105
127
571
423
822
116
30
160
1
484
298
50
6
613
51
34
244
508
696
136
251
144
201
55
924
1742
470
12
175
405
559
37
6
165
550
27
20
105
7016
8
1011
219
107
7
374
222
1013
2860
7
358
30
121
745
1
105
79
246
108
36
181
241
258
15
1121
558
230
266
288
115
5
166
163
288
1125
307
122
1280
42
68
2062
555
98
20
633
589
102
954
243
125
137
228
155
81
124
407
576
22
23
43
1064
189
197
329
104
179
100
2
479
263
211
116
182
188
890
513
1219
84
138
412
125
110
72
37
79
325
216
340
38
43
208
134
2412
184
621
176
133
298
328
350
164
1093
293
96
117
474
70
504
90
2549
426
376
279
31
10
141
98
86
914
165
60
153
232
287
91
34
122
656
532
59
285
361
339
2555
398
882
3692
890
167
63
120
160
1
640
109
59
829
9
408
1031
117
167
128
1568
557
311
200
2110
60
46
191
16
246
201
543
386
17
24
3
185
46
1767
335
25
31
429
147
639
122
13
1345
132
48
7
4
2917
38
5
168
22
4165
321
796
188
570
88
2136
82
230
502
334
519
14
27
55
280
97
126
175
10
5
411
1
175
173
401
1591
228
32
56
445
128
232
524
95
27
2
548
715
478
556
6
391
451
415
70
125
492
65
510
430
866
39
467
371
33
89
359
369
478
405
117
96
954
774
271
54
217
400
49
142
688
1098
66
479
42
515
1
388
726
28
203
740
9
111
252
280
20
35
36
871
640
1063
413
751
306
3
1492
840
225
1069
310
869
1373
304
735
136
483
10
192
839
59
1551
351
572
853
631
1110
1161
284
4412
136
796
452
72
264
833
436
140
54
287
278
267
126
70
637
285
171
1573
5896
290
36
405
1763
199
28
127
641
635
5122
657
9
147
25
224
1698
18
147
18
55
612
210
280
1169
41
74
1015
749
470
83
19
483
175
2
69
62
514
598
69
2501
9
291
714
21
13
618
83
177
1000
17
617
376
362
26
290
515
584
612
836
308
454
333
376
144
200
17229
5
2
34
834
78
457
557
78
26
1408
146
1250
162
82
463
300
10122
280
571
276
146
207
393
4096
5646
508
609
40
98
17
104
462
656
10
656
330
97
114
442
107
134
217
314
20
413
180
4
378
999
1074
419
1502
63
73
60
214
98
213
3198
232
597
151
2
236
893
22
510
1015
20
395
688
25
380
883
106
486
1427
417
434
80
238
44
198
762
11
49
437
34
136
739
4
236
245
287
190
11
68
9
123
587
187
49
139
139
555
16
1137
176
1027
157
176
83
39
1036
365
373
59
185
924
24
300
45
98
276
212
191
288
41
307
116
383
733
241
431
1
135
236
21
140
84
137
93
187
52
299
183
147
34
22
6
560
211
371
36
507
2229
1954
27
215
23
424
18
175
44
952
86
73
108
212
276
247
787
83
724
356
7
257
1515
389
224
88
302
183
1
31
399
193
444
292
7
692
92
116
76
318
1026
64
102
1838
720
327
132
202
31
525
129
659
977
580
34
605
286
15
138
728
209
306
962
47
121
199
277
1495
278
1907
4412
55
163
87
119
9
418
162
44
332
6
458
160
419
557
587
515
33
441
29
431
33
468
565
1804
604
116
300
8
197
401
1280
15
720
98
56
341
9
310
47
136
932
1082
316
263
22
14
1301
154
4983
59
59
304
1805
1
225
4086
303
744
451
58
217
402
1165
3
604
642
240
509
131
265
1
78
114
739
220
1113
92
172
524
1955
8
31
956
441
672
11
20
4
32
485
41
434
1884
137
257
135
4
100
50
8427
3938
170
7
56
52
369
124
427
322
36
150
609
1007
26
78
135
62
8
107
130
405
2084
333
355
78
1749
1222
14760
53
191
4069
706
2272
282
388
87
59
276
256
30
3179
165
108
499
48
13
23
377
316
7758
1485
267
35
1935
1146
119
7171
408
150
248
84
101
1070
584
513
214
17
65
96
159
23
45
39
361
127
36
380
480
119
873
1162
719
3
467
29
2300
271
594
346
50
2821
51
9
5
243
849
63
135
752
802
45
199
503
228
876
535
38
441
217
2227
639
560
179
1706
1132
16
2090
145
58
12
315
970
325
1355
89
336
140
104
113
22
116
736
137
3812
452
215
752
217
50
1
50
35
141
97
304
22
53
1061
126
230
94
15
7699
458
120
5
402
82
195
17
124
10293
14
177
9
173
15
1860
392
588
903
1003
407
232
68
24
242
512
1462
361
2165
885
91
74
2292
328
431
254
765
437
67
452
12
122
1901
522
193
190
52
87
500
131
179
1778
63
518
55
28
372
106
126
513
357
677
41
132
70
151
109
59
21
1266
391
93
413
247
123
687
764
1010
260
1495
1308
47
512
424
1005
377
465
84
248
621
165
5
139
32
82
8
81
78
101
23
303
203
752
27
50
373
1155
269
2293
4102
135
273
188
154
131
320
247
79
73
505
214
453
104
13
177
145
108
179
327
492
94
291
572
291
270
96
143
106
46
21
273
40
14
412
163
367
1214
404
97
95
1171
220
613
486
137
20
1098
555
114
150
66
316
18
5102
103
703
171
96
427
145
81
264
103
42
728
225
1950
1
20
77
5
106
292
97
1430
281
113
447
5
325
274
103
915
1
93
295
300
5
107
95
283
98
158
128
77
286
117
474
938
39
401
89
261
649
92
217
19
103
465
612
1
94
92
532
44
66
95
296
141
168
500
298
76
267
861
158
448
118
4
402
104
848
128
1178
116
242
233
95
162
3654
891
469
93
1009
33
270
25
175
92
18
125
118
28
338
242
291
180
166
161
15
515
266
285
258
1582
917
6
199
109
154
389
418
281
559
76
1
315
272
257
110
56
346
952
254
74
2760
378
1545
86
3
25
7
468
28
102
671
458
84
377
305
206
359
663
5
14
42
187
653
107
414
16
20
437
35
116
9
148
181
97
47
161
1502
95
643
370
116
204
309
938
504
101
117
437
5
435
292
90
176
733
120
912
332
108
26
1607
183
517
266
22069
48
411
16
109
158
631
434
436
122
441
486
99
1
59
162
121
47
117
4
309
302
82
1450
1168
556
392
445
1212
295
267
136
338
2271
838
93
344
225
39
863
523
83
1024
54
34
798
224
154
131
312
6
18
184
28
135
93
1998
1347
330
214
330
142
1340
338
357
235
875
192
356
538
70
654
247
1452
305
310
164
123
570
102
68
553
138
531
94
456
190
73
412
338
618
622
198
507
108
225
82
292
7
365
603
488
942
820
199
11
156
945
1
55
654
122
1032
9176
566
186
891
933
217
2045
137
638
30
122
353
175
814
707
8
102
286
380
1711
217
430
197
60
675
255
225
1528
183
48
529
1838
309
395
1
59
103
111
208
1112
3105
4842
541
259
490
15
472
65
15
21
7701
869
253
1116
1742
68
1902
364
2691
547
515
1408
160
720
402
20
2
86
1694
95
699
114
370
98
743
2461
71
95
48
311
365
317
1382
291
214
20
1
340
897
748
106
671
37
415
358
53
485
78
198
180
112
497
220
155
542
102
19
484
251
80
707
188
150
86
18
36
378
1774
676
1055
1157
19
548
12
173
26
230
551
138
97
1227
199
414
469
378
1185
76
481
955
200
22
301
202
280
107
483
1
393
365
687
175
213
40
109
158
127
51
492
213
220
346
1353
123
359
425
339
110
4
1
161
173
342
115
11
172
4512
712
362
88
710
1091
1
1212
2213
120
87
1801
767
831
267
181
250
9032
2
31
105
9
364
139
284
122
1537
523
1313
63
222
708
682
123
209
299
697
260
74
387
289
1219
92
95
111
87
97
92
92
36
98
152
46
1764
780
2118
431
11
281
28
12
462
127
278
95
842
193
29
95
527
364
95
123
252
600
147
493
103
1121
158
138
200
5
78
11
479
8
174
514
96
2
397
556
1074
374
188
177
849
4
2005
597
13
32
31
22
126
281
70
6
231
371
145
23
187
381
28
99
35
181
57
395
513
357
651
258
230
601
418
4
254
457
131
299
155
7
126
51
123
145
11
353
19
288
2206
93
147
32
166
110
120
504
98
1425
205
459
1
64
344
37
235
743
327
139
601
27
232
525
131
364
