23
18
3
1
8
12561
3
29
27
1
30
2
139
4
9
7
816
46
1
37
11
1
1
81
3
1
30
3
1
29
22
37
14
1
1
11
14
122
223
58
71
35
805
57
2
71
23
27
29
663
758
51
4497
1
332
19
1333
11
2294
35
30
12
2
31
73
19
19
21
89
39
17
18
1
4
11
1
27
33
3739
3738
820
155
4994
1
45
2
49
8
5108
16
55
211
5
13
13
10
1
16
3
49
9
13
263
643
17
48
38
83
422
2
1
17
364
2217
9
1
2
2
16
307
2710
19
23
5
244
3
34
7
1
28521
17
2035
42
174
23
23
9
1918
33
1385
3
1
2
316
668
11
177
5
11
1263
24
46
64
23
66
5
16
23
1
3059
13
21
10
744
1
4153
47
57
15
9
1
422
127
41
33
10
6
40
991
10
844
151
12
2
59
30
2
9
2
274
1702
8
14
76
1
2
25
4
41
1
21
78
674
1
26
147
2539
12
17
283
27
231
5415
31
1
220
173
13
50
12
8
24
57
532
1
44
1067
37
79
784
767
545
2
1
31
161
4
81
14
4
3
1171
12
8
10
23
18
245
15
19
21
49
20
4
1
67
2229
20
30
29
1
124
2624
134
12
16
217
16
9
9
3
14
193
60
367
18
212
15
402
531
13
5006
2569
20
869
2131
1
7
4
5
3169
3156
103
4
71
7
7
1
93
566
11
85
566
6
18
58
359
2
1
1
4
297
18
185
176
1
2
2382
37
10
7
11
149
13
2
4
9
80
73
114
20
348
695
16
2
32
37
23
19
7
23
2
33
1099
102
545
27
1
5
105
27
257
33
1
12
11
135
222
933
3
4
22
15
19
110
2
44
224
13
35
17
104
8
3
14
6
1
982
141
21
1
67
1
4
20
1
25
10
14
5
22
5
1
1
1
2
4
32
418
16
72
15
2
2
17
36
6
456
19
2
1
52
5
2
10
6
46
21
12
3
113
20
9
32
48
9
34
32
1
25
1
219
224
563
14
35
32
24
208
10
8
9
32
28
365
577
29
14
6
22
9
104
26
4
16
27
13
17
364
803
25
7
1513
643
23
583
532
15
26
14
612
1050
1
7
24
1
