1760
852
717
1467
261
106
1191
2323
3072
14
303
262
728
228
1077
315
1842
181
533
1306
183
414
767
450
190
1225
554
313
677
9
1210
320
752
461
799
27
1430
554
1292
3
239
333
364
245
370
191
663
509
1424
586
578
42
248
928
469
666
348
1971
661
361
796
528
816
842
93
455
962
2987
547
131
324
1002
265
310
709
76
521
116
439
826
250
25
2247
1110
666
818
758
721
1468
591
760
815
916
1920
274
1678
403
519
423
1091
421
200
2
514
768
690
1040
720
350
1533
381
526
424
951
582
17
60
182
566
967
693
352
745
225
28
233
501
12
895
917
269
939
177
1248
251
1220
1014
792
369
986
17
234
599
1146
2522
502
1703
55
1047
310
1623
205
330
284
492
1407
2528
7
609
687
847
736
595
16
471
1272
1652
1552
447
246
1130
214
297
634
989
232
477
317
1
233
379
780
180
837
203
671
310
658
1862
402
4568
743
1447
1848
696
542
669
869
1323
1237
632
1451
298
586
594
32
2033
222
202
369
427
630
1097
1133
445
290
3
2931
747
1586
476
218
598
1287
755
2046
1754
472
819
318
4052
190
385
928
773
858
234
410
2799
744
485
86
1022
141
448
1753
963
479
17
62
3755
256
324
217
32
301
665
398
637
1142
1041
725
67
645
863
1
382
241
1191
1984
106
383
148
578
777
291
889
11
404
41
245
79
665
25
613
489
987
644
4202
262
2022
444
125
1019
553
685
383
1380
494
1911
1791
678
75
1254
746
1217
1573
167
154
709
37
321
537
111
39
275
429
317
1285
242
964
1263
870
81
190
334
1
1244
797
232
622
656
472
887
326
1777
408
654
173
182
166
157
3
1000
860
807
1257
723
600
459
615
878
908
1918
584
680
289
367
590
183
335
594
1350
42
1236
4211
11094
916
325
858
1017
764
2203
866
618
1066
593
453
229
1044
1
433
803
2011
497
567
486
418
919
36
703
39
275
612
830
536
558
626
1231
3509
255
437
366
736
256
892
287
213
1328
288
4
4805
125
364
114
112
214
1013
1761
980
106
1221
1182
1800
4080
1549
1868
464
1973
598
163
239
780
851
225
3
600
658
3027
831
1251
1146
2080
254
72
228
1267
853
333
53
1054
431
639
552
1081
2368
956
347
177
52
48
643
759
2
237
908
471
459
979
1579
2087
2065
522
71
780
933
1207
889
268
936
767
3218
668
17
561
1153
769
817
1
1161
588
1898
405
374
740
1135
660
70
346
632
786
151
405
1317
97
769
965
149
253
706
926
933
1302
649
601
137
1158
357
324
202
731
729
964
213
45
525
591
302
98
1175
463
233
216
1900
1446
416
313
924
578
961
251
62
823
260
29
246
31
113
956
606
745
1090
20
624
742
268
298
2849
228
576
423
1528
586
385
294
428
380
1154
770
1910
248
484
482
3
738
820
1010
683
74
151
595
1187
857
5321
2698
626
3
2798
695
326
1006
644
72
289
1727
103
794
723
191
396
3000
201
556
34
277
762
511
305
881
708
571
739
2619
1185
791
359
525
668
293
3255
18
2320
843
464
1753
101
3165
298
355
1040
1414
143
1
103
928
90
574
142
1087
365
138
2598
119
649
1
764
393
1575
765
677
1208
58
665
357
105
923
630
743
106
1333
393
2839
2890
391
1220
496
360
2
1962
2083
293
504
886
1597
692
357
682
472
609
487
877
648
686
611
58
257
523
692
105
30
182
293
983
1734
704
185
714
200
40
586
683
1050
651
385
297
928
1164
497
721
824
277
423
153
1827
291
266
255
1673
304
86
137
1
756
1026
5568
142
1254
415
1804
1197
427
1253
236
857
146
5254
2789
495
652
109
691
173
722
558
15
642
329
370
532
1362
592
239
852
889
557
575
931
299
360
905
450
856
2
245
500
783
540
7
1078
317
776
441
745
162
56
363
1597
518
108
316
209
718
1206
728
450
134
88
1803
568
52
1395
4651
152
447
481
322
311
2214
280
597
775
628
343
800
802
1071
377
869
156
47
320
684
1276
602
651
296
620
1976
175
633
290
1735
166
161
81
829
20
122
550
4432
2977
307
686
1331
903
778
373
69
1875
1085
3082
1133
840
113
332
1012
985
731
812
136
737
410
354
263
1286
513
890
1718
585
576
620
513
847
1421
78
1320
7
114
618
124
761
610
1596
97
386
337
2374
789
545
276
104
936
328
48
427
99
834
2223
1585
177
1204
55
122
1255
205
795
158
1211
240
486
150
605
494
37
73
656
702
870
788
1222
87
10
287
187
232
24
1139
339
888
900
59
623
266
1615
2280
752
458
1
1055
94
768
805
45
4
867
332
540
966
970
9
1452
1118
405
949
644
70
5
1158
981
248
150
4
29
795
552
271
1543
140
950
528
58
729
939
298
788
1658
1657
191
132
24385
75
3243
650
1395
728
1225
1973
432
11
528
409
3
880
840
14
431
208
952
1369
952
1131
725
510
901
12
1263
72
734
177
196
995
822
90
553
528
511
520
823
416
150
1101
470
2180
362
916
5269
866
1
41
363
589
1
1041
1602
698
972
60
1222
1261
103
338
1250
358
519
61
2217
332
509
105
1436
1128
1504
807
930
677
600
702
736
699
544
990
479
1230
560
998
1402
1234
793
1035
31
347
593
283
9
529
37
558
1325
228
762
4442
596
2235
1104
234
77
4137
15
19
949
297
389
676
1902
990
58
674
1240
49
440
186
311
1138
1828
1064
2706
856
2014
257
565
244
435
68
490
3325
400
15
668
507
636
152
529
559
480
340
920
243
76
3
324
2901
267
192
725
222
960
437
1337
173
130
49
127
469
1338
1060
1492
108
1481
191
126
1128
244
342
1466
629
770
837
291
786
544
2
4034
214
346
335
556
33
1270
2144
396
452
6185
927
228
547
284
1966
758
762
180
1352
424
1408
425
636
926
60
1174
655
1607
73
184
3733
222
578
492
818
667
4
558
49
380
7
172
1131
188
119
248
193
774
1154
19
224
391
345
390
361
277
20
526
230
102
941
736
1225
56
1184
373
95
714
10
1
70
2715
454
914
124
147
1020
861
663
686
484
3326
158
711
803
763
1065
899
679
250
337
236
29
434
622
411
24
756
1296
49
724
1655
217
3704
887
39
68
427
1201
685
174
33
771
225
47
1179
7328
805
560
276
955
543
245
1114
891
1279
1187
2624
182
863
1118
444
322
13
617
1345
529
758
796
767
2158
744
976
1615
981
395
1150
788
181
899
131
1096
1228
228
575
991
69
396
662
2603
214
240
304
148
283
722
81
4062
730
447
73
1
805
45
32
880
1187
814
286
791
4981
1554
303
1568
273
923
563
720
271
2227
368
884
715
229
330
630
1657
1467
600
287
1038
564
228
291
837
859
649
741
624
1184
561
116
378
528
219
16
132
135
516
613
694
31
618
899
988
815
2063
466
1691
188
627
2323
441
2274
263
612
456
383
715
66
17
1102
423
7596
1206
304
1644
421
1799
364
1987
157
720
4249
1361
212
29
608
643
894
671
1
144
495
1027
739
692
370
478
225
653
890
205
230
1231
1932
130
419
768
1044
932
114
530
49
665
1048
411
275
536
109
953
186
60
252
769
792
365
530
456
810
273
521
719
161
1
723
239
179
890
403
936
595
50
675
723
1229
577
385
645
640
975
1464
343
404
634
4
125
174
1176
88
808
2946
6090
538
1195
70
147
139
979
1796
306
90
69
512
348
247
262
417
106
742
217
395
1109
1171
450
700
321
18848
355
167
796
752
841
741
845
607
273
849
301
510
20
155
891
135
1209
281
346
1617
890
685
1283
117
125
363
660
