51
139
68
7
76
55
109037
993
3641
703
4
7342
629
3160
479
54
55
75
321
406
22
69
253
25
4995
245
12937
44
55
69
22
184
20
389
433
45
915
55
120
673
1407
3361
83
46
162
230
4
19
12
17
9
27567
27646
13
16374
334
156
71
55
20609
1227
85
20
27
2953
9931
47072
29730
28819
17834
52
10526
67
23740
7633
18
16
4884
73633
186
48632
30902
38967
275
123
7
4347
284
73
8
48
8
312
348
22
63
46
55
43
6
1
107
55
21
129
8
72
90
3
91
1342
162
162
67
12085
121
61
16
15
27033
52
9
210
6
5
22
181
147
628
57
8
28
106
67
87
216
13857
222
51
23097
12
25
194
69
59
359
12
55
53
303
68
175
44
66
62
18
344
56
57
55
60
852
75
58
97
55
134
53
56
407
71
4
99
397
587
95
55
1028
1
50
66
52
243
7
28
8
14
2
200
1
62
4747
58
1
5375
5848
7739
127
56
31
4
293
60
149
103
1251
55
10
598
142
54
18733
2942
7273
26252
63
2
7842
61
139
4
95
29291
14126
85
1049
62
55
11
36896
5903
98
24
65
64
55
55
55
73
2
219
56
79
97
31
40806
2010
735
15930
1698
910
2773
353
576
62
52
60
24
29
2
28
109
19607
14514
52
223
242
55
240
239
22942
131
114
6993
7804
19
53
55
190
89
4
14723
143
107
74
133
12
184
58
21752
385
265
50
56
385
102
105
27
1687
218
1155
183
22756
8
6
7
129
51
202
217
20
1356
9438
9
9
804
600
14
190
408516
123
66
102
123
124
43
15887
64
371
74
2739
1287
55
14
55
5
63
356
184
6
104
91
1
4
8
54
16
8
64
54
4
55
19869
5
1
70
13
727
194
53
8
60
16
27
89
319
258
3262
1
53
194
66
12
83
307
48
57
6
6
57
55
480
220
4
2382
14743
346
351
359
2799
131
16859
232
7
335
65
12
20
7
188
8
64
186
40
151
71
53
51
69
64
64
135
131
372
53
54
52
60
155
12962
84
68
41
93
106
131
50
25
74
151
4
344
12
14
18
134
5
6
10
52
100
15
36919
3
51
52
543
21
1
38
726
69
27
8439
874
282
545
11
551
13
72
73
90
154
189
52
52
56
101
66
51
17
53
12
52
77
60
68
62
594
225
60
63
269
13
33
71
284
4
101
506
1404
505
1317
156
1
195
63
100
57
51
53
74
63
45
83
213
262
77
57
103
7
98
2008
55
126
1617
69
30
689
6053
51
60
1138
852
13895
1246
14468
91608
79
11
10726
5793
5
55
237
59
1030
31
15
31621
182
24954
46
16
51441
21
5621
8
9664
69
205
86
3
31
15
54
40946
171
2
32
4947
237
336
34250
243
12
29
182
7
7302
16
12
55
2
55
156
68
66
103
51
58
56
55
474
55
9239
131
56
289
101
62
349
58
349
192
38
17
55
244
14
1
51
399
72
55
125
12
180
56
165
182
201
134
56
52
234
134
624
134
68994
29648
