113
15
1063
112
1127
84
1368
1
39
44
33
494
15
125
981
1227
119
985
132
209
176
630
617
1
62
428
455
7877
337
1520
2565
1956
1
8834
22
2105
154
8
57
1063
457
98
18
29
25
1677
8
1484
145
46
761
2092
63
189
297
1479
918
455
203
1067
702
19
275
489
788
2962
835
891
1769
2390
13
41
755
111
1973
949
430
548
122
40
185
308
125
588
1223
465
2589
168
4
1216
1545
100
283
1284
168
920
2002
6
472
35
839
224
86
41
16
332
392
193
1718
1689
47
133
72
83
49
982
515
382
51
141
81
217
35
88
63
39
39
93
224
21
3405
949
69
290
380
15
1
346
22
129
19
825
12
11
455
136
48
1381
372
537
19
1044
16
216
6369
9246
137
73
596
255
24
4
377
90
16
61
230
2060
43
472
59
399
1438
125
12
1850
3214
706
1480
657
1609
5
86
165
130
192
52
536
2
14
35
989
516
1
247
27
17
147
975
187
1522
8
13
267
378
217
58
468
291
1159
532
2402
37
867
121
411
5
1
4
19
122
83
114
266
180
1
453
60
831
204
246
1539
99
58
618
62
2034
2812
118
282
45
607
301
1561
10
1
10
1072
563
1367
51
2
207
900
3
767
163
23
100
347
37
36
437
12
1
916
537
35
57
103
903
37
687
15
22
550
464
10
85
1139
98
16
865
222
27
1451
40
125
21
34
83
1735
464
76
7148
2
97
238
407
103
241
69
875
30
259
385
1024
31
1
139
1661
739
71
23
33
51
420
114
581
1528
219
79
997
1
10
71
53
1100
105
1439
20
13
1086
15
31
846
1001
51
88
22
83
31
263
168
21
2223
57
2141
964
63
1464
1481
1
22
225
1869
48
151
397
22
83
75
297
31
109
24
200
279
285
26
218
146
441
20
1816
80
214
1
363
1675
547
3798
1707
69
90
1811
264
35
98
60
951
70
10
311
1059
1578
611
1407
661
442
3
80
308
19
922
52
56
138
3079
12
1693
321
10
30
31
768
978
21
121
26
460
109
85
156
2657
186
994
48
129
915
146
46
781
39
87
1193
29
1601
326
1319
2333
115
1668
1967
351
20
76
28
211
111
408
61
54
74
232
3251
23
9
2
163
114
213
167
356
21
6
1384
92
219
57
252
145
70
1645
114
24
588
639
884
1088
812
133
24
128
1351
1580
1612
30
506
2021
18
2401
1513
67
1395
126
1226
48
193
1144
51
35
33
215
940
816
12
39
72
224
64
105
1
1535
1
123
44
314
1479
25
1312
663
19
35
676
46
215
234
1473
31
123
3
709
25
51
9
27
125
574
261
446
15
271
360
244
1
285
174
238
217
12
261
149
20
123
295
135
227
275
121
39
920
213
47
212
435
133
148
6
244
2343
70
257
1403
301
430
122
287
125
15
986
229
1002
21
105
88
765
1
21
1540
30
1
739
93
92
1686
2029
989
2378
613
68
1
122
460
701
25
1880
6746
42
1034
315
489
101
3083
16
15
1619
46
135
1239
406
439
97
1530
30
19
1364
126
131
564
22
742
700
636
1199
16
19
392
760
45
1
34
33
10
198
33
824
2282
889
728
111
920
155
1026
121
166
35
32
782
54
23
67
329
760
764
75
2
40
293
829
26
482
1106
111
1596
1
407
26
47
275
1
27
741
1816
405
5051
497
269
155
144
351
405
47
66
56
189
98
29
29
213
6
12
776
3
275
50
10
122
213
206
32
97
7
129
346
19
398
1286
369
27
445
1
150
39
2093
942
36
735
122
155
14
368
22
17
580
736
22
414
572
997
2
51
445
213
65
573
258
90
304
106
38
1004
27
298
223
5214
1425
7
278
253
44
110
107
222
106
127
459
12
1
23
2885
478
19
1087
109
67
62
2264
1
740
109
3790
171
204
2
5
555
72
167
135
976
195
809
338
230
1022
2168
24
51
341
55
218
2098
630
1418
3
1
51
19
498
663
1326
20
19
13
129
2262
45
317
347
70
1197
82
1650
750
87
1
788
843
184
127
6
1096
821
610
586
251
11
40
3
573
850
20
54
1001
77
172
38
384
23
149
1252
310
135
38
3391
38
50
84
931
1271
47
63
1945
29
1749
122
529
26
1
246
8310
11
57
2248
247
682
18
70
945
498
403
1002
16
60
119
551
37
167
355
244
1098
21
502
816
117
4
180
23
19
1227
3397
1700
14
96
37
2043
791
145
45
639
189
747
149
27
155
649
12
43
52
627
1
388
1444
353
897
31
565
1609
2043
140
976
3
17
143
14
1582
658
1482
649
1640
17
73
1786
157
919
306
35
834
724
130
417
185
293
62
133
1478
45
12
457
700
199
7
2110
64
2415
272
587
70
202
19
1713
7
11
5
41
84
314
123
54
21
17
51
77
1123
2856
41
148
1
1003
322
640
773
92
24
65
1402
191
39
20
1193
2071
768
157
4
3
1107
1158
372
83
1881
11
17
62
677
67
1631
860
277
17
29
235
266
70
379
21
4827
215
570
104
178
1
586
124
99
104
107
3
79
76
19
621
958
12
6386
98
2392
89
14
107
12
1115
170
247
175
2
99
17
19
73
12
215
51
16
120
17
1099
84
84
79
19
214
185
26
248
37
17
1195
47
14
23
254
67
277
305
2
1024
2144
1358
9
1388
25
229
239
2
494
581
6
1290
1217
133
10
167
880
32
1034
276
18
271
1250
28
8
437
140
2555
40
496
10
773
88
833
34
89
26
94
5877
23
189
113
182
998
1992
1201
1837
58
1599
1109
960
47
299
566
83
1725
1064
1418
1863
163
312
253
1
51
643
173
462
15
173
65
1241
16
13
94
63
1301
15
307
60
9
1214
238
59
2631
324
6
146
21
39
79
27
24
18
243
216
154
725
34
42
24
44
35
751
731
65
238
1313
58
2185
67
762
206
123
3
461
56
266
22
202
1
182
260
66
340
276
254
128
141
391
433
257
22
185
130
280
124
152
126
135
11
279
523
1
690
1217
34
74
48
15
170
1
103
22
892
704
641
3334
2
62
505
218
273
939
2
45
226
121
22
18
29
327
413
1
1733
98
20
920
401
121
17
111
4
24
10
197
26
4
309
104
41
39
2
932
909
82
270
49
212
177
60
80
247
179
122
30
120
127
1
51
173
1002
240
53
1
296
155
66
263
1464
376
882
1841
2
1
353
159
228
54
252
1666
317
142
33
1869
2
4
1
13
17
14
17
282
1
295
266
130
123
101
2
290
221
207
18
15
73
390
6009
641
532
56
345
203
1851
109
128
125
145
203
91
306
46
19
158
227
662
277
42
31
583
1456
112
1
564
125
348
215
1019
46
816
252
56
270
31
58
145
172
352
148
69
2
183
17
361
6
210
50
22
124
871
264
61
510
257
1053
793
35
74
17
87
1141
195
32
1569
28
124
275
65
685
1
228
20
1
254
240
121
36
212
29
2038
240
215
230
269
1795
122
242
125
109
57
203
17
85
1241
206
41
377
26
275
274
124
33
214
776
1
389
266
255
286
1
190
241
379
272
255
253
125
109
32
343
10
250
142
293
136
