1723
859
657
29
4333
148
16
227
52
50
170
10
2792
53
122
1542
31
447
65
134
650
4
491
98
202
68
1472
38
1856
33
6460
348
222
113
492
174
169
18
101
180
3720
81
743
129
152
6
71
74
21
341
719
216
1566
13
451
866
8993
45
8
1476
122
278
411
9
18
189
9
55
261
8
25582
4
235
17
429
647
92
643
183
458
220
1335
35
326
57
3125
11479
1575
3181
506
125
13
2165
197
3208
11017
94
323
245
1013
13091
108
10
368
55
1173
180
59
147
1923
142
3399
1545
633
76
299
6511
3587
13379
57
140
182
2
6549
56
461
666
35
608
8530
176
34
53
176
371
1109
43
32680
7
92
1249
118
8185
143
1046
68
1261
9
3210
5844
814
1305
183
8
47
123
9
444
189
189
6354
282
6787
38
9
77
28
445
20844
959
11
6922
146
153
3903
1285
1
55
1009
170
1300
832
193
19
2933
1056
18173
11
5674
22
756
5
518
408
58
57
3698
171
149
95
5564
156
190
16
49
9
8367
404
749
66
350
7141
6932
160
819
898
713
682
1
883
6
184
602
325
2085
540
46
1669
2808
197
184
301
1082
2875
421
218
649
142
2369
194
98
145
100
842
11
446
374
62
12
191
1982
259
370
3572
463
114
84
42
56
30844
56
6474
411
4
21
2395
754
139
156
13
11
2246
319
65
321
124
1
254
20
2015
240
2294
4
9665
4957
2658
15346
1836
707
16548
561
8
1387
1307
17
708
764
7113
378
7
61
2437
98
155
486
171
230
77
9676
2
953
21695
373
29988
485
66
17614
427
701
7160
23
1929
443
595
58
110
100
712
28583
89
271
3698
58
55
4471
234
1363
1675
2957
351
608
2232
86
13
472
60
444
162
886
80
934
4638
231
1716
1491
3109
5
7
2520
3716
173
263
813
29
57241
6828
13
40
105
36217
1122
246
2591
417
1087
3886
576
190
7
81
295
84
143
4810
80
9875
837
282
302
2333
60
129
1308
462
1068
1139
649
303
741
283
1966
251
2237
1189
24
3
30
60
47
649
253
129
595
3127
175
1462
27
2186
626
687
3141
309
27387
82
42
1
52
6
123
2486
367
248
1960
510
86
30829
15967
418
98
496
255
81
400
8817
4698
10
15880
883
2315
766
332
214
203
491
11935
4057
375
333
803
1747
839
1410
613
1264
6327
120
206
8536
2539
514
230
288
1143
3212
2629
1889
5741
8040
940
111
102
280
21
55
3431
10948
2080
1131
583
896
177
27
4049
13259
273
5591
3067
56
14559
402
7821
9
316
1
352
14
17
51
616
102
29
34
297
25
2347
147
1050
4656
60
295
27
1186
4470
2228
3621
56
118
3760
7286
8517
93
12
680
872
3141
2928
205
728
128
2218
11188
15
276
173
2813
5209
1511
82
5102
77
5468
3742
38
12798
313
10842
768
2708
3686
6456
1391
8172
60
827
651
926
2
835
289
26
74
6
1051
2811
2005
617
2491
18
216
55
208
888
18
1385
3
30
4184
1715
82
42
50
219
4
2702
2523
14
223
2262
108
665
618
140
146
1680
2025
179
123
38
209
9
28
309
610
12541
32
79
23
11228
147
7
370
47
521
810
3309
4090
10
379
627
2040
1825
8912
9445
4796
1224
793
391
252
411
18748
8093
118
98
96575
24
2318
177
71
2102
75
1486
2548
2345
3878
256
77
195
104
1476
401
20
135
1
277
257
103
5425
229
15727
2589
147
933
43
56
684
2378
114
69
72
1693
13589
588
1325
105
2046
8
4
1456
2222
120
217
37
1010
210
151
1550
134
326
243
196
108
217
271
994
864
56
135
81
51
2003
10897
217
132
63
415
55
76
213
72
88
1710
55
53
51
121
2152
2546
6
270
256
95
90
2078
1
44
397
598
200
9797
142
5580
230
524
2921
12
329
87
984
5755
76
3058
488
3188
56
1360
1400
123
407
89
16
3585
1919
9441
7507
2450
3293
14
9
2665
203
15
8
1974
254
19
580
455
6066
7443
8353
31
150
25
287
2206
4
307
253
48
32
15462
1036
7328
45
11
205
16
1916
65959
3538
116
9008
2570
54
67
273
2804
4675
57
7445
458
1331
8
2651
119
97
2119
25698
14
734
7
67
64
4191
42
7317
1175
44
110
17
1274
939
20
579
461
2
7675
918
51
2246
65
8831
1
10796
129
101
93
272
128
1851
523
9
1059
213
1
3013
7
62
32
11863
51
1763
49
7449
84
32
418
5
2014
9292
158
385
184
1127
2416
1030
232
3834
1395
729
32
2613
4491
1023
102
23909
6027
313
18767
17606
7187
30221
3236
3493
2502
4964
66
1350
1177
1231
259
1913
5143
4494
629
1258
1568
135
1613
404
482
162
226
720
39
125
55
199
225
289
320
173
129
391
275
9
446
492
320
5075
662
130
10
1332
12876
20404
19
2781
13498
5
5964
203
48
3735
91
22527
1231
183
7807
1338
638
2
462
1702
3615
15
827
102
1666
7795
3925
8391
52
205
249
1226
775
194
393
110
34
178
4058
184
1828
256
40
137
816
560
60
660
1690
556
2439
527
205
461
645
3528
2195
35
23
45
482
797
489
2553
960
2116
1652
843
19
200
4535
3337
47
2507
1666
1364
1710
7
255
666
4903
4659
601
4376
44
188
5936
25
96
574
52
3417
1
1312
94
2607
1984
8521
497
55
28
181
1250
1797
109
982
2011
226
1
597
1635
28673
17466
402
1236
19
6
65
827
758
270
301
10861
879
589
1012
2384
10009
4290
72
311
175
791
2350
20
3308
5898
70
6209
7794
127
7640
3414
1678
4896
913
9911
10043
12280
1139
21127
20533
11372
1269
5092
285
3
3564
4406
1652
27
1163
638
1200
344
219
434
217
46
1389
12
211
93
65
939
986
1672
829
466
81
31
124
243
600
959
63
39
16
9576
1710
72
44
63
1270
13
1237
639
138
1556
974
9
29
972
2148
35
28
241
264
631
1105
1066
22
46
214
691
5172
1341
56
17
156
125
45
126
771
67
462
96
8
704
47
29
5948
292
206
1019
2516
12
99
6139
65
37
1468
136
4898
4244
396
458
1966
429
2123
807
2
14
1
171
2044
125
2664
17
45
490
3375
1379
3017
251
5945
3285
3
987
550
56
4245
8381
32379
98
92
50
1971
7119
101
224
337
38
640
1401
775
665
78
1
242
1011
2
712
1349
102
456
1437
173
525
54
143
96
19
605
1960
491
64
255
219
265
4509
57
922
775
2832
6
254
1415
165
462
198
231
415
99
8066
79
1143
266
6251
2
2
1005
3219
3
81
11
7794
294
672
4954
255
44
4316
544
2397
354
52
184
7245
620
27
1022
111
332
441
11058
12767
281
584
71
4362
653
778
19431
863
10819
1349
9719
48
1565
166
455
728
7
4387
17
14
24
8420
97
38
7
77
9640
3
3
5545
1381
558
2274
1
33
126
16521
12
5
119
363
56
1027
5622
3078
488
1462
1582
598
4425
1436
124
266
92
32
552
179
3112
245
2
720
63
3
115
2207
127
81
55
739
156
423
36644
60
200
155
1470
174
220
1642
316
252
99
505
17237
17
4409
364
461
1304
34
22866
19797
4379
8004
519
229
1013
43
1331
44
105
385
84
4717
1885
150
9459
604
1325
5884
1559
1927
5265
279
1
3391
39
8229
266
7772
185
283
2469
17
282
55
2166
72
7290
25
999
385
3755
343
394
7
7
50
1792
8
777
284
81
14
151
419
791
78
72
225
2697
3902
1292
2908
193
54
1491
5457
253
193
9991
3282
16673
4393
3012
87
1745
158
1
2328
244
2627
428
773
425
11759
199
191
984
456
2232
4
17
167
36
635
5
7
2736
192
276
1458
294
204
693
168
2457
91
153
224
43
585
75
1537
163
36
6415
19
11650
400
153
7
799
43
569
6
10
235
1072
6255
4523
15
1853
188
542
291
8442
212
30
1013
382
61
83
144
155
2357
127
133
1261
3608
4
224
5
37
370
12939
109
73
2715
9
3787
3638
1
261
2257
2443
1012
105
23
4233
1089
1130
35
39
76
26
2098
260
826
3
7386
28899
1764
1657
3556
29
15
14
2534
741
93
15436
668
1150
41
5169
8
155
175
3434
364
1496
806
6904
2821
135
1081
177
5
1113
5444
52
34
153
9
119
314
2800
630
148
55
3028
71
2817
283
25246
101
301
40
44
12389
3258
956
22049
1075
459
641
362
592
2053
655
67
293
435
238
273
73
12918
101
3712
95
3388
507
11759
401
249
1347
564
2168
281
207
639
2781
452
85
5978
11764
7
496
322
31
846
274
112
286
1997
25
4694
157
966
76
4586
1781
286
123
209
1928
1314
317
813
474
12861
293
3666
731
88
8364
6217
23360
1199
1379
78
238
235
1044
1588
3333
3895
911
87
2766
498
439
419
337
179
3705
480
807
1238
308
1221
803
246
929
5286
54033
1535
778
80
10955
130
20
41
192
811
145
1454
153
3029
97
4011
50
1584
30
382
360
528
28
1148
986
371
694
552
1864
299
10
271
55
496
210
58
2660
249
32
211
577
994
351
232
1525
372
4
133
389
49
180
22234
8276
359
1964
2
1495
98
250
212
368
35
584
6094
3511
201
482
29
4
3237
426
10
731
191
52
119
159
3
59
308
305
488
17
6624
1035
1535
3660
3
114
3323
1225
85
9046
5063
700
328
84
106
506
6939
2847
73
1
3925
5172
38
67
8603
8179
10040
1426
786
303
912
2024
2542
1938
7142
137
38
47
1666
40
4324
10
29
1041
2269
12076
179
71
14328
283
4524
287
44
4611
1673
911
743
175
1306
11166
59
264
377
6607
501
324
319
66
1690
413
453
287
25
95
4025
173
98
282
379
23
62
323
93
1660
4899
60
93
71
65
63
98
967
108
817
212
779
3431
415
134
1
1815
577
2935
5510
2693
23
161
94
75
14
159
883
427
778
1440
532
2
20
121
63
5526
92
165
41
2310
3610
7780
3596
3745
36
560
17545
1036
225
1786
311
2269
178
13324
89
1952
1018
13243
17996
5258
5205
1293
366
21
104
5213
8
7042
4411
159
2114
1592
3
151
3490
6190
1404
58
10
139
657
804
659
438
55
15
10219
77
966
77
5516
193
236
19
542
10873
775
941
179
136
5263
2298
1633
216
103
118
219
1458
1578
11601
1043
246
179
2
6619
34
608
2410
233
184
173
1360
103
990
18
1109
482
26
46
13807
82
14638
1340
99
1
1013
1381
2162
1499
4736
118
14
976
126
5073
2072
140
36
74
3119
68
285
43
7674
1616
258
110
325
172
125
6500
263
230
2088
1529
450
697
186
500
197
1224
39
307
787
827
1242
317
4786
3175
571
1041
1678
1294
761
134
308
343
393
508
315
572
13771
205
335
24
4101
17
32
352
246
3107
471
51
138
183
1
84
151
7758
2748
2595
33
18
718
36
2231
112
473
315
1587
257
905
35
31
48
31
458
107
13
515
403
2235
12242
302
3715
77
9
810
398
77
440
109
1299
6965
3302
19902
54823
2304
12
2739
2489
3131
1528
426
1151
8662
1092
12777
2534
81
11440
2139
1220
4763
1657
7
25
4160
8108
49
511
1489
8170
7204
4727
195
412
12293
444
64
175
9
226
1630
102
1450
6
6054
1270
1421
1262
184
21
28
2033
976
1660
82
2669
1985
133
48
1702
451
180
258
503
141
71
382
971
3510
387
10723
25
18
157
58
59
1775
201
4
918
2302
4703
1644
765
40
369
462
74
1411
48
2842
1177
831
8704
5449
11880
8
1177
4224
1172
367
730
2012
180
1
195
652
138
569
175
7
2654
439
135
2186
53
251
187
5682
788
235
5259
392
348
522
1520
103
248
559
54
4136
935
4291
1478
170
1007
266
462
242
389
1274
329
128
3
5067
2847
729
1244
1518
1528
147
3071
4269
1241
847
24157
227
2628
8651
176
125
20
22
1
758
7006
1991
39
65
51
10
93
10905
169
8777
63
16515
244
5020
517
56
2888
225
558
8
415
3384
858
12813
12994
75
97
74
1106
13
61
3354
3
361
1570
27
1292
426
6
2199
439
384
668
241
1616
37
842
1218
185
311
21505
6108
4149
19
5540
101
326
7716
3104
110
358
312
2661
54
139
59
4
88
27
435
2426
1137
68
224
1621
486
3397
197
4258
600
447
4541
2849
2200
1098
56
274
1100
2040
1030
1385
1047
5226
25679
252
176
148
1269
50
5685
8074
247
373
445
711
287
346
2223
1649
968
303
101
137
109
84
754
1290
1148
12943
1009
1133
723
405
261
45
237
212
159
1031
99
558
1312
172
120
14
17354
79
19106
2536
2909
41
1522
1471
10613
94
9113
504
154
5534
142
933
105
19
315
1843
311
2171
137
56
540
4018
3518
3078
6146
5614
2048
2267
104
3552
12
8
1143
747
903
116
2871
293
22
55
90
55
419
55
124
55
511
74
1527
720
790
54
76
54
135
55
617
135
628
100
30
24205
3557
825
48549
16612
102
290
91
229
695
95
37
215
95
491
449
1484
4188
479
4632
779
5200
12
165
274
48
32
250
197
992
55
3
218
1142
612
529
1751
534
353
3434
196
88
163
81
367
234
146
127
122
1167
2395
10300
90
1141
336
48
2133
16
18
