80
84
222
105
31
241
168
186
186
56
300
90
51
215
118
1243
90
395
130
1091
111
56
93
125
56
117
158
95
440
79
230
105
80
201
107
142
202
356
150
128
95
8
127
196
35
236
106
91
106
95
251
150
131
1
173
219
173
55
55
55
1475
9
753
179
252
174
145
424
106
235
151
857
211
105
156
296
193
124
91
52
359
188
273
103
187
126
124
133
300
76
83
90
182
170
127
51
108
228
51
166
214
203
192
202
132
162
52
183
1886
165
2
151
370
185
91
62
90
5
184
214
90
152
246
33
185
157
95
1
127
146
230
188
348
776
211
130
210
55
62
155
91
100
90
91
91
217
186
209
96
201
90
47
68
244
182
230
194
215
90
166
