1113
674
378
188
893
102
56
150
5167
737
3152
1438
162
12
489
608
71
1749
1114
11
661
249
85
36
538
1517
82
901
31
479
100
187
80
4960
1755
1
409
7
29
2254
26
57
67
778
3
645
1167
1205
1864
264
445
291
675
12
91
11
1777
422
719
486
560
1895
357
111
7
21
331
37
549
248
2
1400
332
3864
59
27
39
4484
600
154
1022
3251
885
4932
19
787
1993
88
471
348
18
221
55
780
294
717
476
522
9
61
83
2208
174
1970
54
2
37
205
34
1951
960
190
12944
33
19
840
2154
1160
248
3228
1409
306
18
387
69
1370
117
1599
282
1401
558
11
13
1149
1000
2492
97
1056
221
1085
16
132
4337
177
203
6
10
179
421
79
1651
30
151
602
872
11
286
1394
151
1052
3648
1894
39
1170
1565
9
1684
4401
