30
2
8
11
35
6
2
1
17
4
7
20
3
3
5
2
14
3
14
22
6
2
5
4
1
10
4
19
4
21
8
21
3
8
12
2
2
8
4
3
3
4
5
8
4
5
3
9
15
100
19
3
9
2
7
8
5
6
8
6
17
10
4
3
3
6
20
12
1
3
6
7
7
37
31
5
3
3
3
5
4
11
41
4
5
4
7
1
6
5
23
7
1
1
4
3
48
1
2
10
2
1
3
2
26
7
1
4
8
1
7
3
5
6
8
48
5
11
3
12
4
8
5
2
8
7
1
48
17
7
142
5
21
43
6
7
2
5
6
9
3
4
5
5
6
5
9
13
23
2
23
2
4
2
3
14
5
10
20
16
8
7
3
3
7
1
4
12
4
7
1
15
2
3
15
11
10
6
2
1
3
1
2
4
1
19
2
16
6
10
3
4
3
6
117
6
10
10
14
132
8
5
44
7
4
210
5
8
5
9
4
42
5
4
10
3
5
7
1
17
4
5
355
9
1
11
5
4
2
28
2
4
4
14
2
4
3
4
2
4
2
6
5
14
6
5
3
56
8
13
61
4
21
11
6
4
2
7
15
6
8
5
4
19
2
4
4
3
3
7
2
4
8
1
3
3
23
8
5
11
12
37
8
3
64
5
6
14
2
6
7
3
7
7
10
25
23
3
7
4
2
3
5
5
3
2
3
8
16
21
4
2
1
2
3
4
4
6
4
12
4
2
19
4
1
7
5
1
6
1
2
1
15
12
3
8
1
6
3
3
2
6
6
11
74
14
2
5
8
13
25
6
5
6
3
2
22
15
3
15
8
25
31
15
20
3
60
6
24
1
5
17
9
4
3
5
3
6
2
16
17
6
9
13
10
9
2
5
5
2
10
24
3
4
6
2
10
2
4
8
19
5
3
4
2
7
15
5
14
6
1
36
4
53
45
7
7
2
2
6
9
7
5
9
20
6
4
10
3
4
17
6
4
16
5
3
4
1
4
4
3
6
21
3
13
10
5
13
9
15
22
1
3
5
3
3
5
5
8
2
2
22
2
3
4
6
6
2
3
24
4
54
2
3
115
14
4
12
5
6
3
3
48
3
2
17
35
32
2
195
4
9
14
6
6
4
8
5
5
5
5
6
8
8
3
6
3
2
34
40
4
3
3
4
3
14
12
16
2
6
7
22
1
5
1
10
5
6
1
13
3
1
3
1
25
4
10
2
264
14
54
15
3
12
4
9
2
7
1
6
2
1
3
8
3
104
2
4
4
3
5
2064
12
5
27
3
1
3
1
7
10
5
7
6
8
5
7
40
24
5
1
8
1
11
5
28
9
4
3
7
8
1
4
2
2
1
9
4
7
2
3
3
13
3
4
4
4
6
10
2
4
2
4
22
1
3
12
4
3
1
4
17
3
28
4
4
5
24
12
