1
299
2
319
144
605
43
57
111
61
128
185
644
169
244
463
53
161
284
221
296
2
117
182
2
37
5
68
2
190
5
46
71
177
157
373
52
123
82
464
74
293
146
57
106
43
44
25
35
71
115
130
1
55
2
114
126
56
33
595
2
24
415
94
43
38
189
32
494
43
90
121
57
287
30
9
212
85
460
216
962
421
89
167
256
526
152
195
7
351
122
84
133
63
100
65
25
157
24
354
184
133
93
656
63
163
5
125
3
80
1
150
339
23
2
123
237
176
2010
381
532
263
243
59
287
103
153
77
6
188
4
3
77
9
126
3
222
233
139
203
40
266
36
145
284
56
2638
29
35
498
448
140
9
240
176
337
46
135
233
49
269
53
429
168
75
1
98
770
104
185
123
135
39
270
277
148
139
205
415
376
211
51
41
423
59
71
81
292
129
139
30
319
152
289
113
138
83
1392
39
657
698
4
423
1745
120
204
78
246
4
405
312
123
181
240
178
317
66
89
88
314
94
220
127
131
81
141
2
71
63
65
288
91
329
189
224
58
252
70
31
265
175
113
1
71
81
5
241
345
113
24
11
272
704
194
118
54
1
21
414
105
1496
472
2
104
19
1866
142
276
357
68
81
50
284
1
64
1379
35
64
345
1069
33
109
33
62
184
30
83
112
267
33
198
549
95
296
319
339
671
86
32
652
245
72
24
521
363
856
73
53
132
50
49
403
169
20
170
117
237
186
172
211
74
91
218
1
121
47
183
1
59
4
3141
80
907
150
3
31
69
93
1
198
47
71
1247
28
79
14
77
1
160
125
345
114
283
114
121
92
400
75
60
49
211
327
110
110
270
301
59
1105
230
187
613
179
491
110
90
282
736
181
103
55
420
556
90
517
3
172
32
64
224
208
147
320
125
168
50
228
400
2
138
67
314
74
195
143
921
302
816
222
167
114
92
122
36
127
17
28
414
1076
191
449
141
310
599
368
3
21
122
101
944
858
72
19
79
1
371
406
285
162
251
470
57
1
261
581
380
1018
96
546
3
100
44
162
117
209
30
203
3
173
489
261
562
309
137
119
581
29
206
335
136
169
412
439
46
622
192
238
225
354
81
212
70
29
187
306
36
107
119
715
17
986
140
242
201
56
489
95
105
95
345
14
274
55
45
110
52
96
377
27
765
285
129
1221
180
82
34
13
254
66
163
108
194
265
359
124
59
112
118
281
145
102
272
114
144
227
244
50
53
109
508
136
237
1
4
55
747
2
221
58
254
101
228
11
7
1104
193
581
2
437
12
1
19
1
489
15
2
86
6
172
138
3
206
93
320
325
242
263
320
116
2
197
386
134
4
505
12
188
383
250
131
63
725
101
69
273
889
234
154
1
144
1
23
178
62
63
740
10
29
114
33
8
346
111
49
154
21
497
330
74
14
3
83
338
768
100
14
80
215
79
37
641
1447
3
363
350
34
231
431
181
74
3
103
423
1984
156
26
219
257
398
90
126
237
152
239
2
2
316
584
2506
1
312
417
204
5
15
346
52
154
343
968
80
1061
36
454
223
103
683
138
2
779
80
53
23
252
796
245
186
14
331
106
60
82
363
433
107
150
176
131
77
158
117
12
394
113
315
118
187
245
121
23
842
138
44
210
163
103
111
526
74
172
451
555
563
221
1006
544
32
483
286
138
158
1275
208
177
401
282
80
101
53
1
322
7
299
188
107
29
34
359
46
436
95
350
52
60
697
967
1
18
297
213
125
39
419
1069
190
308
193
172
57
429
3
913
253
195
95
8
837
60
731
21
203
81
93
20
364
108
93
124
8
456
92
162
40
146
1860
82
223
429
40
253
3
161
46
245
1
93
477
1
160
111
2128
91
155
182
1
159
71
426
356
113
228
199
217
245
73
72
244
603
220
805
43
151
2
43
23
479
111
104
292
510
344
44
76
30
387
203
70
286
343
384
53
13
155
96
47
72
40
1
117
221
384
55
255
120
23
2
41
444
61
280
147
118
57
1
206
45
11
331
295
524
29
284
54
207
259
231
114
377
9
1713
87
468
183
378
464
35
44
171
249
153
20
179
171
35
142
1
324
199
201
73
88
47
12
176
227
179
76
225
359
7
221
148
356
4
341
235
2
252
30
45
256
117
207
153
91
58
69
310
341
264
403
297
158
45
44
35
77
10
87
40
544
470
110
8
1
124
175
747
73
95
48
116
34
7
98
239
72
195
151
138
207
284
82
61
1
128
3
86
61
140
525
314
75
22
58
888
2
65
9
133
110
25
47
132
144
405
103
16
170
49
238
261
148
43
99
141
71
173
98
176
111
3
239
144
66
42
48
180
242
66
1185
845
968
58
65
2123
151
293
128
481
92
191
19
68
810
596
471
21
121
110
225
130
203
27
220
1390
150
431
72
108
241
1
1
153
124
296
164
226
1
1055
285
130
166
125
26
257
207
1
83
276
147
1
21
95
39
391
46
159
376
1
22
280
114
180
636
49
88
136
487
1
90
167
159
51
97
961
832
614
23
29
315
231
30
1
200
1027
88
721
75
204
1
55
99
234
259
343
4
7
4
284
235
84
250
38
165
89
474
44
143
216
158
5
68
48
275
1
170
161
336
64
506
65
226
43
374
95
257
1
1
103
45
5
224
198
922
17
73
219
178
481
40
366
7
344
17
1
149
43
152
59
248
21
59
48
61
139
710
988
44
42
457
179
206
70
165
402
152
89
1
152
312
87
153
44
271
107
295
49
486
242
50
23
394
71
25
361
140
55
516
174
60
10
2
162
7
113
41
29
585
84
123
1960
143
193
6
49
125
130
354
84
47
58
93
39
140
96
77
2
136
114
205
16
12
1
96
292
90
73
94
115
1
159
214
51
271
153
2
262
47
42
446
169
152
103
114
241
129
92
308
70
593
6
531
202
4
33
14
21
102
21
52
964
377
164
346
24
57
83
26
15
107
459
451
49
74
128
115
713
92
195
139
485
59
116
3
93
154
197
191
100
85
598
76
261
784
41
59
17
180
674
122
165
150
78
81
96
274
144
808
74
255
101
1330
2
126
2
190
72
95
174
142
1
46
39
24
2
336
2
398
141
35
170
73
1
222
208
165
229
232
395
228
168
116
20
46
1
349
3
117
391
24
376
127
173
4030
323
160
255
257
183
113
752
216
296
17
437
73
114
283
1112
141
648
215
251
180
218
93
354
49
262
297
217
732
87
165
305
158
119
632
12
93
317
1
138
127
665
251
168
12
90
66
94
123
183
73
40
299
137
237
175
80
547
1465
521
54
74
248
127
76
37
215
9
57
77
219
7
13
254
112
6
141
11
916
64
1
67
66
191
225
97
29
411
203
1696
204
917
301
79
207
52
41
29
88
19
279
378
236
38
255
180
241
77
44
110
204
731
1
14
103
71
123
77
105
215
961
118
58
127
6
514
3
207
757
101
568
548
60
63
7
168
1131
58
211
81
107
17
606
137
188
37
252
268
245
144
467
312
1092
51
784
14
395
471
23
52
122
24
213
102
172
71
155
3
381
252
706
22
317
379
247
126
2
459
488
226
11
159
153
1
323
219
251
55
1109
43
110
610
6
221
73
94
440
1
91
228
379
89
176
100
117
259
32
68
569
223
220
251
84
150
24
384
67
86
226
305
107
349
13
270
141
328
461
513
307
123
348
72
26
211
337
259
433
370
70
141
142
85
66
94
163
64
198
71
142
164
2
54
186
17
34
148
152
90
524
213
498
179
213
73
2790
620
149
178
38
418
138
1
128
23
196
395
2578
5
702
41
190
36
204
229
54
100
34
430
123
55
587
283
284
120
74
493
18
95
1
655
68
59
66
14
136
194
68
182
381
90
570
105
119
259
200
295
400
266
162
148
31
25
132
54
421
91
4
41
102
2
235
49
496
520
303
180
16
129
159
114
59
24
1309
36
61
546
35
487
418
117
126
540
147
369
159
59
26
134
365
81
71
1
244
38
284
250
154
8
50
292
662
158
105
8
359
234
317
127
144
344
147
102
303
105
568
120
159
44
170
106
280
1
2
358
332
55
551
14
1
173
5
120
93
211
21
637
116
364
27
1048
97
1
47
1
58
208
208
122
76
358
11
1
332
1151
53
72
179
149
430
256
10
98
1
164
112
238
65
77
58
10
130
117
632
34
19
1
544
304
18
