59
3
479
1
647
71
21
5823
5
72
150
90
18
231
277
91
1298
97
5
909
118
6
283
483
3179
183
45
3
270
369
48
60
1
14
20
118
512
313
17
204
427
2841
2246
193
2314
311
114
617
158
103
18
29
10
42
16672
3115
45
45
348
26
561
2342
96
789
92
120
1399
27
1818
8
25
26
111
3066
451
1034
20
1081
422
144
567
1050
186
1408
457
123
121
829
380
282
214
11
2
715
624
202
37
1361
5444
1051
6
939
160
70
4
10
110
21
27
31
736
163
188
638
84
481
1
30
3253
227
19
18
61
39
4725
144
340
6530
2692
751
745
621
253
684
2
1
3630
149
646
910
24
216
1601
564
972
70
25
3
213
244
10359
2
1114
133
2364
19
105
2049
7349
6792
3326
119
2620
402
78
3
1
1365
2
436
57
50
279
233
1249
652
504
2213
237
75
528
4
32
132
8
227
6
2
45
12
11
25
4115
210
68
6
16
61
18
63
160
34
186
657
240
125
1939
18
38
56
3673
1
193
758
22
64
301
1
2182
1
1885
16171
4323
5186
5389
1080
221
34
636
44
11
25
90
10
546
338
265
304
193
9
344
35
19
238
5917
808
48
5355
349
469
90
11173
20
4518
567
433
1610
220
121
340
97
4530
4005
84
8
2
162
7
2
72
3005
415
200
4673
93
836
456
20
9
3795
66
9
542
99
10
36
13
127
4
87
7091
985
294
1035
118
1305
138
335
37
303
63
503
155
999
273
38
515
66
3345
3
158
11
32
2149
10
1800
1794
99
3652
141
19
182
902
6
25
1709
52
65
10
2073
279
1129
3285
78
4
72
1044
31
5385
446
610
25
2488
267
6002
71
400
454
735
4
5736
57
1
56
3436
12
290
31
712
78
110
2770
1017
20
3884
100
146
37
3645
30
707
2630
6336
5
81
195
3520
2581
363
737
2442
4604
749
1876
1
19
33
4
9
19523
30
85
37
128
9
1714
33
34
24
1564
137
41
489
5
458
2237
232
173
649
1125
165
5180
299
3144
85
7685
460
19
79
1700
1386
167
1
643
2040
563
474
1086
1005
440
32
706
4540
28
82
748
2442
14
43
66
520
23
64
99
106
2
3414
859
1
77
1362
114
55
35
91
416
1911
389
14
19
6
992
321
18
7309
55
43
2
18
451
130
155
1060
49
8775
23
100
30
3
48
45
3722
3
894
1
150
12
990
5
1
311
3148
707
674
4
139
45
12
193
11597
7
316
4990
245
2
116
17
3
1026
1
1848
38
44
39
31
77
1
198
980
13
90
1001
40
3637
678
320
1
68
386
508
1158
407
551
1671
339
2
14
1
447
3
47
11
164
662
10
2788
123
2028
43
198
557
19
13
304
113
250
22
120
909
533
707
1964
2068
221
1914
13
3650
3626
1
4
497
670
950
32
2958
25
1481
210
846
25
32
561
61
2200
72
3
158
1408
12
4614
2458
31
161
264
36
4038
737
489
296
533
742
2578
94
230
208
1151
363
161
317
558
4406
4794
147
1
11069
276
29
3
73
3
47
142
182
132
5463
17
57
1608
777
21
219
32
1439
113
4493
152
1256
632
2656
1701
723
496
2
192
608
940
225
471
831
1692
9
617
265
3393
8433
22
1107
9
1562
559
390
7220
27
1
808
1250
2413
2248
403
779
41
9894
353
71
2724
182
6
784
11
1
199
367
390
310
4
67
2
85
72
2299
9779
311
883
8129
8388
16060
5285
33
1376
218
1529
217
693
309
139
553
459
14
236
15
2146
610
137
110
830
122
130
156
594
154
78
190
540
84
35
1
115
95
254
789
167
1
61
4722
510
621
225
7
1982
34
753
3162
213
1952
131
12
2072
898
256
203
7226
56
6072
44
1450
41
122
3583
27
135
599
737
1208
438
72
831
2580
1242
438
101
23
58
14114
551
47
1006
13
111
3712
1478
1636
20
879
506
27
1
4778
21
13
5000
329
11
895
537
3054
4746
115
823
77
1920
1367
6
72
19
1839
1528
2
818
618
37
184
11249
2
267
10
403
1219
69
55
6
163
1459
2779
97
395
252
37
626
3027
900
84
449
72
2787
142
7
22
119
1894
10
109
280
2870
207
63
141
87
749
620
2
334
4
12485
39
416
27
145
255
196
2601
19762
145
117
76
204
2
13658
109
90
16
96
41
104
13
538
1115
58
17
4593
188
32
535
187
74
92
108
22
26
910
185
1119
33
63
2446
218
5135
91
658
73
6081
248
205
81
85
3595
3951
149
976
741
775
19
20
92
41
2195
306
59
67
5
31
61
1288
853
500
79
281
1339
68
1148
98
121
47
52
6271
1039
1130
3
170
384
1
29
1189
371
111
276
32
85
15
1821
152
50
154
3
1370
800
43
18
64
1106
235
9715
64
249
634
24
226
5308
131
3020
13
105
414
17
248
115
105
1096
440
628
5019
691
126
1043
167
847
149
290
80
5185
966
2567
705
303
108
1145
1304
2422
160
696
2552
42
144
5
153
35
1262
1380
176
14
113
21
1781
124
817
3047
665
115
55
69
42
277
229
66
437
97
23879
96
1
80
174
710
1511
37
33
1033
8775
2712
7730
135
109
2
3624
57
426
327
1116
297
3
210
114
22
56
312
2504
621
6222
85
12
322
114
1403
395
796
47
479
135
1149
78
8489
8820
596
2542
1
5
5065
165
5210
1230
169
100
1342
928
2311
127
1875
21
684
1919
661
77
94
372
85
110
6479
34
138
20
1
231
28
1691
10
3175
1279
374
4
92
12
3081
1067
1465
1231
736
693
371
65
6453
36
3377
5761
202
319
631
3526
74
122
16
167
737
12
216
28
151
74
93
82
117
2589
86
432
6
41
3591
1
303
119
217
73
196
4190
577
3576
1191
1517
1692
2918
14
24
51
7789
98
411
496
103
4077
90
7
2349
31
78
42
55
1046
57
786
1183
13
716
54
84
385
188
2141
76
11
194
65
11
6
9064
144
23
1772
459
71
1307
1612
234
47
96
733
539
1965
39
4772
106
352
21
17585
3944
444
2649
82
93
11224
100
320
7
9
778
51
2938
75
46
8
124
6
282
273
347
228
3739
1830
2539
51
212
44
471
31
94
99
635
1746
1681
14
173
55
1
69
189
23
18
2
185
275
2243
1
4
78
370
181
24
819
717
201
1873
1951
120
7
221
53
1
186
2
440
61
6409
9
23
383
61
15719
86
2
1
340
18
15250
18
154
93
20
611
2520
573
173
243
115
21
34
10
1033
8655
96
26
1
20129
929
2353
102
42
14
2
2559
176
418
188
29
47
70
78
283
422
3
908
1641
73
16255
79
2735
17
393
29
606
1096
86
4148
134
2496
5
47
100
197
1143
4070
10089
451
310
12
1492
381
1
359
36
1844
163
3203
918
517
24
1214
63
536
6
172
260
17
14
758
1
2243
8259
199
30
543
5
251
1962
28
1898
709
859
1666
10
477
6436
77
144
92
15
782
3748
155
284
1722
4
379
1384
21
4224
243
11
5
27
1252
40
3157
1194
3911
128
973
3097
22
655
193
2996
4424
1671
55
384
150
2030
533
824
158
1464
192
29
26
84
4114
30
24
72
650
77
1617
500
6
113
160
794
8
391
26
429
13742
71
15
40
486
24
42
286
5
6
231
456
106
1160
64
4073
3401
736
75
1666
21
409
394
349
79
17
112
53
87
1497
30
27
143
42
288
47
8
158
228
1185
200
198
395
1
75
3341
72
326
69
23
668
68
2276
187
2199
32
372
117
31
13
176
124
34
1017
274
14
587
3147
67
15
99
19
760
86
2295
2084
693
3183
28
154
8
1456
3498
315
841
280
283
138
3836
90
392
72
368
301
276
214
453
49
592
226
291
33
75
218
362
194
594
192
246
256
586
76
27
7774
151
1519
75
540
3127
271
1124
90
243
1720
226
6195
21
243
1
355
120
260
221
114
131
2473
12
2162
34294
850
24
27
577
4
1727
148
29
12
388
3
80
15
630
27
986
133
1
942
255
24
2686
290
27
51
18220
58
1091
1113
17
657
27
142
1255
25
1114
345
53
22
143
46091
396
76
5
3
1501
504
3235
148
444
1121
7
1093
4184
5380
292
26
47
221
32
559
14
34
244
41
38
289
160
2804
117
100
1
3
3922
1649
14
557
51
34
10439
7
99
875
899
16
2711
273
4359
9
1391
50
17
47
4629
9
2
1
19
69
411
13
24
223
3
83
420
1030
116
11
203
481
1116
2
397
1348
286
1319
78
2771
89
37
2
23
16
499
5
50
12
180
24
201
1393
23
28
7
289
17
45
3
3783
1105
93
2685
20
1667
121
64
4754
1403
7127
904
767
3267
747
581
1835
1
1792
129
574
3280
21
3258
569
842
391
2290
950
308
1020
200
3371
715
61
564
481
161
39
112
1063
98
603
1057
60
833
6607
6510
3
1927
220
242
8530
432
961
13
11
124
15
65
2557
107
2
261
65
210
159
12356
261
611
5021
171
443
153
369
326
559
5902
1
147
1540
26
3684
363
204
39
217
10
129
366
3161
173
542
2719
1
201
3407
71
2957
8
80
67
37
49
3381
159
810
256
3490
189
876
4
949
28
101
177
149
568
246
128
4435
1652
1618
5261
12
27
164
1932
29
4574
178
3122
1873
302
75
38
470
73
1198
41
443
86
143
176
157
882
2550
65
697
692
192
14979
15
39
1237
265
119
533
448
417
59
22
5848
5432
9
174
53
81
144
1
4480
21
83
12
1019
872
557
2243
72
1450
618
220
240
1918
74
208
1586
4059
33
565
125
28
716
10
271
8013
14
1296
20
142
3927
132
5
2976
359
1593
226
267
152
4363
127
8
1515
3516
606
8220
695
72
295
1356
11
1
313
271
28
789
11921
190
27
883
293
247
31
1466
1652
4831
21
141
16
73
210
101
158
23
623
2399
23
220
1681
83
42
25
1535
3474
96
312
362
49
811
178
385
85
10
303
73
24
55
2757
26
419
3203
1245
1
294
5552
469
2098
147
732
1559
520
1
6399
218
51
216
189
92
46
87
802
87
2
802
71
73
76
948
73
4172
1
94
752
4076
5467
255
489
89
119
28325
115
136
763
3
22
65
1045
154
998
1231
497
83
95
10
100
456
77
43
8
1935
1908
1
283
3789
585
889
72
9
24
288
18
586
161
1184
371
20
293
71
174
6374
138
723
1014
553
3
26
1834
1287
11
23
39
763
76
204
258
31
3033
12406
144
6316
1
174
392
1399
2
7
2063
33
140
757
892
58
140
88
1306
137
409
143
487
39
501
10
13
15
882
8815
566
27
215
2706
58
701
746
1042
82
788
770
459
3852
21
1191
505
400
3650
1512
6851
72
2174
236
23066
271
22
169
2662
59
1020
2654
1647
28
5734
826
308
14
282
1
279
1608
38
284
49
69
31
58
840
3206
67
47
208
74
44
19
36
10
9
9
49
167
64
402
340
20
3349
64
3588
24
131
16
1913
3797
2927
1
3559
1418
10
39
475
50
497
1359
4491
505
2
5023
4
79
21
42
4110
1
2133
3404
31
31
14
304
2710
414
737
34
1896
5044
38
13808
28
189
5066
291
853
1269
318
502
5568
1009
645
279
32
384
162
543
157
1512
2541
709
61
412
4645
12
292
859
119
517
885
284
277
33
723
46
321
331
10
3946
629
5284
5677
350
334
137
2430
1444
1303
7
948
4228
3337
693
1480
781
110
3404
1046
44
13
4685
556
167
1303
638
1011
184
8
426
9
43
11
28
56
2141
241
376
47
5942
167
120
461
1777
48
19
7
412
715
1730
1487
2679
1
27
81
548
957
966
175
40
538
3424
266
68
113
4418
33
109
1392
135
89
5
583
22
1
974
24
97
222
6732
15
439
42
335
34
11
34
211
18
2600
199
17
16
42
56
3491
659
40
174
156
4923
1
1
2
140
153
52
292
1043
841
34
2270
1482
412
55
15
5401
792
1416
1321
168
15
1
106
5562
15292
256
16
171
224
621
6907
27
819
922
612
3540
857
969
92
587
7131
697
448
977
1100
16
20
21
371
7
1621
556
30
547
320
9535
1
89
204
84
204
376
6330
47
1298
2202
6
322
602
37
360
1176
19422
66
3848
232
4
18660
117
5213
171
4167
232
20
147
356
578
60
46
1279
1893
4339
46
7502
40
374
2196
2701
1046
126
116
12608
651
308
554
1185
1409
23
171
2102
76
59
13
1818
688
93
904
20
11
1108
5424
10
482
100
1687
7059
47
21
269
29
77
37
42
11
209
40
108
64
310
78
245
7274
403
160
83
75
8091
1782
1162
4048
673
436
29
11592
5858
495
25
3990
41
385
528
25
1110
24
517
76
318
1653
6
131
145
3
1
144
99
261
46
27
197
370
125
261
113
1629
60
4940
345
82
1493
866
59
180
108
7694
44
122
28
56
196
135
122
3477
48
2188
474
93
370
18
14
622
54
8256
48
51
4244
2213
444
508
634
1525
467
61
3603
25
500
493
821
2
1398
4
12
2098
1735
49
10910
2548
218
169
35
3497
1743
673
723
548
5
263
1
32
457
6120
198
15584
1478
2439
331
7
489
1825
3663
16
397
1341
722
4046
2660
262
17
23
258
8025
12
362
403
2
139
1
7323
76
1
80
156
825
1251
2982
16
200
532
2905
1572
2957
37
1371
6320
746
32
14
3287
57
1
789
12
1066
7
243
5421
55
3799
2304
51
1
2410
914
287
17
56
3094
165
499
194
88
71
218
908
373
1206
220
1
7
1
284
267
369
136
203
486
269
330
116
3187
4
180
1652
5
2475
144
181
3284
46
2517
8
1298
2950
2115
3126
39
104
536
32
60
1328
3671
2205
170
8843
2
169
530
116
632
278
1276
389
2903
5439
112
17
9625
499
354
1
1
9
63
280
129
11
1092
2154
9
163
90
2036
3335
55
427
1911
140
2087
284
1547
42
26
27
76
62
389
10345
353
3877
20
4780
39
2568
2
4
1687
48
343
363
435
9
1558
34
163
110
33
1488
157
132
164
213
2823
148
41
554
800
9806
238
98
144
164
42
602
37
3762
353
94
59
227
2067
1456
28
2
166
4944
37
2261
1
515
125
453
283
4
1738
87
13
5
3627
244
9
3412
395
3748
21
1053
3282
3496
4577
159
468
59
596
726
4761
172
30
94
338
889
4780
167
255
36
1321
93
2146
230
19
49
159
93
3359
268
49
2062
17
41
3634
460
368
1103
67
2163
7850
48
300
92
5602
54
747
64
34
6866
1144
318
56
2046
49
55
631
22
3079
454
128
813
302
1370
1
17
4714
2702
581
43
854
609
94
57
1879
243
273
2317
1751
1
5248
20
38
17
6559
62
41
29
6
1832
529
2470
3769
320
653
4894
1011
76
1302
20
46
130
245
379
1360
928
11538
932
3343
5174
142
2374
3989
14
2761
1858
102
13789
5012
642
306
19
2470
157
350
3
70
344
76
949
15
1208
515
426
7226
234
14585
1834
4378
8983
896
830
63
1161
7
152
148
37
103
3
149
1669
1824
140
261
182
1024
1454
301
558
34
460
58
544
1765
5
53
1
1457
297
56
2179
516
5163
237
4833
23
492
2197
4185
1672
36
56
6838
1649
614
262
21
606
46
262
2
708
25
53
2424
648
7
29
525
9
3573
1124
3079
41
9
75
223
35
97
952
209
779
126
334
34
422
44
828
43
30
258
9
366
4186
119
280
64
2274
219
3748
467
541
5439
2865
66
658
58
34
35
233
740
5381
155
247
693
48
131
1075
191
350
179
45
7907
664
4881
79
6
39
1262
50
55
69
85
19468
344
138
149
6
234
212
1
4
2
2166
130
23
787
438
79
9818
25
22297
1
287
1
106
39
2
1561
72
219
988
66
639
222
43
354
12
207
858
65
15
1467
28
4484
1394
2555
62
45
1
29
608
480
751
540
17
114
1089
2184
3443
358
1210
3708
677
31
2635
3518
23
96
10
10
24
165
67
16
5892
249
3577
693
75
24
974
34
45
136
20
26
870
211
1058
193
1128
75
1
1206
111
180
281
194
57
87
1
878
91
12
5
8020
11604
1
176
174
3508
2415
2
33
917
55
221
281
1713
1684
1
703
19
702
1658
354
167
2022
212
1052
604
611
54
905
13
652
1412
79
315
246
1835
4477
4
4159
237
12
3
536
84
113
498
79
1283
1
166
305
181
1706
2576
88
8237
18423
449
191
42
823
341
105
29
1295
146
1631
1509
37
1246
2331
101
746
63
1340
21
3704
765
676
88
405
294
1
1569
1
27
222
1
3031
6
20
4403
1172
12439
6948
2640
67
257
52
539
2
1010
8537
595
9
118
2495
76
20
4574
88
1694
3186
1545
401
734
2061
162
69
116
38
17319
3173
1323
13
422
363
8671
65
395
117
1
1116
2843
1530
1846
3665
650
187
18
507
319
413
2554
1761
12
277
77
101
16
16
247
99
418
50
20
2058
349
10
471
954
10
418
406
153
525
17
618
501
565
781
3
1948
103
2231
2121
23
3
3809
287
179
102
155
5
290
298
206
10619
88
2
1654
3
144
7
238
1
745
4442
1356
125
3
101
8454
246
1
162
5312
3355
1462
1027
1277
576
824
87
142
892
3061
35
14
668
7674
12
2584
992
748
2108
39
76
772
7020
16
22
36
28
462
1832
224
63
321
6847
31737
1
38424
558
55
20
4122
2151
243
405
70
1
70
2329
30
11
176
2865
2567
2336
393
2779
467
138
266
24
45
167
2300
16
1
2098
49
2866
442
1791
30
336
186
173
56
340
143
62
53
4633
1570
3329
79
2
242
2476
121
403
558
695
209
521
601
752
1172
4327
319
4
1319
4339
75
369
1539
152
2341
81
543
403
61
346
1
3805
33
327
27
3190
50
12
54
590
911
356
504
50
67
47
55
627
284
754
7158
311
409
448
1250
305
188
189
694
17
316
31
57
1287
113
2330
700
144
46
653
391
233
634
43
2398
11
883
215
2113
260
388
921
1004
56
2891
488
9
1596
1327
101
1
2367
52
76
131
60
2750
4087
115
2
130
4
49
1221
16
12
319
1
31
95
573
92
109
72
2
704
501
199
214
510
132
412
3259
1566
142
33
40
24280
824
154
30
57
61
3803
692
41
172
535
2633
7170
122
11
11
1
35
1053
845
180
125
774
5716
2921
32
446
43
4
30
157
1769
21
1169
3
1257
3159
129
620
527
5008
9415
62
166
1573
17
109
2594
106
834
63
1917
1190
80
688
2950
6
3870
19724
151
419
2810
299
34
1687
346
484
6
62
14
35
2248
3662
223
263
674
80
63
87
10
1751
13
29
88
58
1540
120
4
11
1118
4370
5946
199
8
19
22
3104
7
7067
128
1608
1235
656
324
9
12947
386
90
64
332
41
365
1
79
128
2561
63
882
239
13
624
776
202
2712
31
1231
32
202
402
1499
5
56
717
441
14
169
2168
88
15
5
323
32
58
332
46
18
25
46
13
2
13
22
27
5655
11724
502
3992
248
3855
302
6925
7
172
3541
1216
46
44
4
5358
3565
14
130
169
219
39
197
14127
106
1406
10067
4
52
16
1
93
135
874
46
123
13299
79
47
496
610
899
23
605
1302
59
54
56
2352
4008
456
1859
49
2252
14
70
333
484
8036
761
10480
252
499
2436
272
145
12
121
183
11
149
101
144
2303
104
71
408
172
1
5
52
184
7
1
1
488
339
621
198
2052
205
33
8
2
577
247
5
442
924
229
147
240
5
655
210
41
443
498
479
2295
320
70
2432
4
283
16
110
657
4484
1486
23
598
87
752
113
60
30
9
735
4
464
7
63
10
694
123
273
5
143
1184
24
59
269
133
90
985
50
1428
20
7
220
110
2628
93
1570
25
111
1200
55
30
4052
13
466
1200
57
17
509
1246
161
26
160
341
37
352
7
72
201
93
1
2172
1725
55
175
393
231
12
9
4972
1094
197
2
12
255
840
4
74
507
639
2
1828
1
22
403
1
1091
1
5
6
30
51
3
21
25
7
458
125
79
248
97
496
2177
156
231
5967
125
11753
1186
136
151
3
2929
61
559
164
140
1
14
15
177
951
162
53
87
702
305
64
3
45
1435
6
849
7213
1533
2047
82
147
40
3105
10
1685
306
1923
182
33
1627
20
818
13
136
359
32
2295
29
1456
84
331
577
105
102
390
104
101
37
750
66
7
102
24
218
112
121
83
165
102
271
280
29
387
186
37
338
56
1
126
69
67
156
79
141
3146
35
1499
3
21
211
309
1340
76
1097
29
192
64
130
1113
169
327
179
7
17
252
1645
1267
1089
116
1591
10
919
7455
2250
4075
3
5023
7
340
18
53
181
5
493
271
653
583
232
1461
1
86
4972
182
123
49
311
2026
329
3
2214
16
536
1442
775
70
5166
130
181
302
1
1
59
124
112
154
28
150
219
1023
2505
51
1
1083
1250
28
571
85
6595
884
1
4
66
696
14156
1218
194
47
329
32
4718
212
2552
127
3452
2105
50
11
18
27
1083
167
128
65
38
168
260
57
159
4
7
91
110
333
5160
297
1
167
73
1133
28
396
42
1
163
61
11
258
19
33
7044
261
81
3744
4139
398
1891
2235
46
40
391
699
371
2
180
410
1
86
2755
881
13
12
4
73
43
554
22822
1
84
23
99
525
1796
612
33
245
5634
4
32
990
626
15
4181
477
2970
1751
669
134
9
65
175
48
174
63
49
343
144
8
37
37
113
102
589
24
472
27
194
1284
17
46
2
3
1
5932
324
45
3650
194
964
1264
5811
514
2653
1879
116
1443
327
324
155
3409
39
813
790
2
15
68
57
454
6
5639
131
4
723
1545
189
111
24
39
37
3
288
51
246
76
34
3407
31724
11
1692
3477
3904
39
66
639
3183
1036
46
167
41
1884
1733
35
66
1082
38
512
33
5
2736
206
53
3
21
186
11
2016
1729
214
418
833
3505
1897
71
570
90
222
21
427
8
54
16
3303
508
196
113
15
4744
341
2055
5
224
506
10
9
1
1
167
489
36
228
13
592
129
216
65
18
2411
6
60
2038
100
1520
429
7
4493
1930
62
4
2637
123
111
889
263
361
402
73
299
330
77
3422
641
35
8
1106
1770
29
250
3829
47
503
6
3797
1296
52
19
151
60
1005
100
26
1059
781
75
427
21
9
10508
1278
231
43
547
131
3
1
1928
644
1
738
3024
318
375
70
9
6108
61
9
2226
43
18
18
5
5
3
6
699
16
15223
2124
211
8631
86
25
580
8
6
560
757
7
59
183
2372
340
173
84
21
3728
393
458
94
531
385
1388
411
29
247
126
131
1835
4358
3467
1820
1
42
61
7
123
66
103
719
348
1535
2212
1873
3133
31700
33
22
9
3129
706
279
46
224
18
261
2
338
20
605
94
1071
95
3652
14
56
958
40
1
207
13
101
689
2
2
402
2315
572
1927
69
271
1475
232
6
5773
1
52
1013
2105
251
59
267
19
2562
502
71
161
658
201
1821
1810
80
68
72
390
97
851
15
11
1
5047
174
631
95
5
395
218
12
5
541
2513
1
215
122
4
2546
869
88
68
1342
127
102
1
1310
864
1
25
49
8
522
977
133
58
203
1
58
10
1244
19
706
3056
414
400
531
51
44
1
91
67
5
2902
1199
94
130
254
7
220
1
63
98
31
2806
16
168
15
100
474
90
615
40
1060
1543
158
1027
89
2
3
117
692
72
633
8
903
38
541
402
124
1304
1716
148
1
150
117
24
17
1170
2380
29
396
77
35
410
11219
648
331
7
532
1831
42
100
40
1806
277
101
404
56
1556
476
207
26
56
70
552
43
46
46
842
745
5247
63
118
14
2538
114
1675
3164
84
2619
508
2801
442
1
36
175
75
24
35
65
2
226
274
102
828
2856
2
50
11
1
11
59
48
20
7956
3
41
10
73
65
129
4258
82
8
39
147
41
6794
3
9
4410
129
1869
321
19
1183
1403
43
11
134
443
186
2347
115
3963
257
779
970
5
1
100
4
450
2617
248
232
15
1357
21
13
1176
77
2
52
10
71
34
764
42
416
102
657
79
1177
7
464
358
58
29
1754
1
205
96
156
103
136
518
224
13
87
258
3
2644
1273
1401
1205
75
1
187
25
3605
11775
27
42
8
57
347
1416
67
237
31
542
87
40
794
50872
74
225
176
1258
1816
174
353
2336
62
489
53
7
75
235
4
70
225
1267
512
2574
65
1109
181
995
24
3750
1274
3
1
3140
2375
7
266
196
4167
60
26
24
50
22
4
735
21
69
8
3776
68
11
15
44
3465
36
266
37
26
2798
889
1139
1145
39
176
95
43
2
68
5
175
112
3
121
1382
30
11
200
567
93
4
19
2
2482
2
1425
20700
47
49
98
263
1006
104
107
7
108
37
32
25
5
239
75
556
6
460
57
116
29
1408
7
45
22
2092
14
147
48
1257
9
77
3
117
134
64
156
6677
288
14
97
837
11
30
10
825
31
120
46
99
67
5
570
13
23
24
4722
161
7
80
25
41
23
77
113
170
37
1
2571
1
698
370
793
104
1026
232
522
188
23
237
1994
2
41
182
6
1522
552
176
31
1
611
4
811
33
1615
85
151
389
4754
56
81
178
30042
601
273
58
3250
225
6658
1849
625
367
225
1
63
542
457
19
315
923
15160
475
296
1971
3105
36
24
594
7
2744
100
20
1
377
881
31
365
34
977
102
34
1024
684
65
37
1
12
65
834
239
99
47
2420
241
242
17
83
3556
123
3436
4066
848
4
18462
2092
1668
2219
186
866
1
69
1
2
320
58
1
2127
376
40
459
24319
1
30
79
6
175
9
3135
1438
430
201
425
36
455
1626
8426
344
307
758
5853
139
982
98
765
522
1783
6644
12001
5377
117
103
118
9
540
199
97
4
685
10
1569
614
1448
15
19
9
78
14
451
286
1915
24
879
96
4
850
1
26
352
248
62
115
149
1379
1568
18
7801
32
26
877
97
2618
382
1453
147
1
33
41
159
21
40
69
2520
2
29
962
65
78
2086
19
1015
277
746
15
4800
45
829
4
6193
719
7
7561
353
32
6973
11357
6093
111
112
41
20281
4
33
15691
15655
2339
5062
9291
1991
2307
3536
1566
210
158
11
1651
53
168
168
747
8002
63
58
1
1819
288
33
145
2026
8743
75
5432
63
1214
2170
1551
495
102
76
89
1172
35
493
3693
427
25
64
999
61
2105
6305
1730
2863
2
865
138
13
453
237
37
3184
287
13
45
2878
1328
1283
251
624
5406
76
132
215
393
145
1407
38
21
140
246
495
620
338
23
463
155
197
43
26
71
1838
883
63
610
72
1636
1164
3255
20
818
135
29
289
2887
90
45
1133
3023
9131
3710
6
1
593
52
832
9308
40
145
551
22
622
49
357
34
2184
5
1299
107
1
310
166
44
24
1569
623
18
38
73
268
625
385
109
44
2860
949
305
1
285
59
363
14
48
115
2246
64
275
793
508
224
1198
276
236
13
254
3727
23
2
576
53
13
6
164
321
33
29
23
54
64
264
3788
26
1866
65
103
445
121
319
457
1472
176
8101
20
19
90
202
6772
182
440
1006
1051
8172
551
918
62
580
1857
209
1795
104
859
110
363
629
408
65
34
16
3336
87
2485
15931
77
4200
3456
1590
39
287
2664
76
620
1273
232
5151
90
76
295
9
63
940
219
75
144
271
64
254
1738
215
210
3428
50
333
2796
1402
25
43
102
64
846
1095
719
13627
37721
328
7462
3104
678
302
34
153
97
3120
55
1151
2261
1913
3
898
181
815
1640
479
3046
12
5750
2112
239
1
227
92
381
583
117
31
10
12
7110
265
70
20
77
4415
9
3201
1438
44
471
685
2834
934
108
1261
2668
42
3500
154
10
8296
254
106
4795
5
356
4114
4591
5
1027
75
183
38
14066
4
4643
7524
138
1
37
87
783
1251
100
947
3157
22
6280
76
104
5163
55
28
40
1329
242
3768
392
840
7
5717
4031
1
188
214
4363
92
75
127
30
2
43
279
5215
781
76
85
1984
541
242
89
247
135
47
2549
19
18
189
5290
173
2884
556
1690
50
60
576
125
1078
5
27
44
238
118
2224
199
117
1
