1183
1
335
1118
2699
40
1065
5929
2420
33
33890
3715
66490
6069
2653
8911
325
1778
115
24083
9359
6132
127248
34059
2681
4534
2090
23413
33125
1158
64713
3386
10667
2567
853
53640
66
11059
1169
9992
6927
8745
6180
467
8083
12599
15086
19
165
12861
9259
7609
8564
38724
2402
2138
28
31962
6934
20652
20953
16084
9878
38056
77
85626
1460
5110
46388
35
43518
44390
9401
154
13414
1545
3148
2223
820
3410
1561
4
1797
7979
11652
14256
2043
24713
5302
209
3058
11005
61667
68616
40444
5881
64083
10244
1830
285
98
91
210
13740
1174
203
7900
1125
296
4114
305
20829
214
341
23806
20
5019
781
6672
345
6402
155047
182
7439
152
1689
90
129
642
187
49
1053
1551
121
5150
4540
4399
4134
12720
5335
4800
3798
2239
7764
4198
109338
13026
174
12627
7817
108
7400
32383
57598
42519
4029
14429
703
5891
81139
27775
11646
23433
21447
211
14248
