85
548
75
13
81
261
63
6
1
944
1472
126
2437
9
456
1328
3
6134
1523
80
1
1
562
4616
353
4137
773
185
346
16
4
347
229
2145
1
109
237
547
260
34
1870
1
209
1
218
1878
85
37
773
1
45
1
84
105
2
35
3
33
3697
57
66
1
817
205
94
46
72
32
32
1620
3128
890
69
30
1639
295
40
208
46
124
25
272
2737
1
1
207
261
42
667
26
1
464
348
620
224
582
705
22
760
110
274
1309
1897
307
79
389
163
1
203
26
53
460
11
55
31
237
197
132
92
1
43
12
1
255
107
1207
713
175
212
41
15
1
143
1
220
202
1473
116
5
93
5
102
85
168
1551
109
498
2780
1314
1
17
