188
2
3
1
7
2
15
8
438
1
2
1
24
13
5
18
10
66
1
1
33
12
5
108
36
24
3
10
12
3
9
5
49
4
20
30
100
38
7
2
3
4
5
33
1
63
1
1
42
12
26
11
38
210
24
9
10
11
9
12
63
4
1
2042
3
2
11
2
6
4
30
2
121
34
7
7
94
9
1
20
126
2
10
72
1
7
7
1
3
11
4
12
522
3
46
3
4
4
4
45
7
15
9
53
35
24
15
24
29
3
26
3
37
13
26
219
24
36
4
5
3
48
1
3
16
35
38
7
49
10
3
654
26
4
4
44
30
19
45
6
16
15
5
6
3
1
8
4
12
58
22
3
31
6
7
10
6
4
14
4
1
1
60
3
7
17
170
2
23
20
137
25
129
37
3
3
56
9
24
98
46
58
6
94
23
61
4
69
21
10
3
19
10
2
12
1
5
6
1
19
3
45
6
168
185
9
36
5
3
48
127
389
8
4
23
23
4
84
71
6
69
16
67
29
9
7
1
33
10
4
8
15
28
14
1
21
1
86
5
4
10
28
2
35
128
1
8
3
22
3
1
9
179
10
14
473
1433
484
4
3
346
21
4
1
55
38
5
139
42
31
4
15
15
2
72
239
19
3
28
18
28
4
54
52
154
25
3
13
18
2
1169
218
436
1
4
5
3
58
6
25
55
22
5
50
7
43
24
52
7
8
5
67
2
13
880
170
8
2
13
62
58
33
32
156
187
16
13
38
80
160
4
2
28
81
7
211
10
9
28
3
12
34
1
5
3
10
1
7
3
8
25
33
55
5
5
101
9
