15
6
117
91
43
363
236
286
151
152
33
58
275
244
65
23
45
200
11
88
11
467
22
8
271
20
3
276
123
91
20
126
246
144
252
23
988
5
288
100
397
14
67
59
213
261
406
140
32
100
68
2
11
126
33
1
17
18
69
38
34
83
123
25
50
331
145
21
13
65
20
609
33
328
288
110
117
58
135
339
212
1
12
206
25
36
68
1
103
221
27
32
66
144
126
35
121
155
15
6
11
31
180
125
14
233
41
2
36
10
265
207
153
121
25
15
52
61
30
726
197
572
249
337
273
107
123
940
234
11
214
274
198
516
280
110
183
706
736
242
793
611
303
292
276
310
431
327
489
131
144
7
41
27
9
97
285
322
222
15
194
151
31
67
11
6
2
7
292
32
7
48
217
86
276
148
342
28
301
155
58
22
33
1
361
77
2
97
278
217
71
63
73
68
35
21
152
382
22
21
431
278
174
33
74
168
405
256
33
183
214
21
32
240
604
109
139
625
26
152
8
34
1
12
16
26
2
148
273
19
134
46
34
147
8
934
27
65
2
213
1263
36
252
22
308
25
1500
325
191
281
251
311
298
275
38
88
1
41
17
29
20
26
1506
291
27
58
34
289
70
114
188
30
7
372
52
16
124
113
33
198
290
476
75
98
4
56
15
57
340
238
330
244
130
56
289
49
31
5
38
158
27
38
284
254
34
36
140
61
258
234
274
212
56
9
41
12
1
45
24
80
169
79
222
40
114
55
234
106
238
19
190
24
4
131
36
8
324
1
29
16
58
28
23
290
127
93
49
103
29
70
282
337
123
321
179
243
602
342
110
55
267
285
30
127
123
446
247
46
150
27
36
156
73
248
50
219
267
117
17
48
247
256
158
14
175
871
277
151
23
343
91
93
15
43
5
1
88
833
153
306
284
158
150
216
151
17
280
34
328
271
234
5
60
25
285
275
43
2
279
105
435
81
237
280
27
50
146
64
217
246
8
144
310
65
33
241
6
345
17
286
331
302
49
96
59
160
16
281
138
126
182
46
14
17
151
23
48
27
572
11
28
55
284
229
533
271
55
121
124
287
286
273
129
276
16
291
174
116
147
182
481
155
107
103
12
536
316
277
258
271
58
229
187
27
18
236
