6
4
6
4
5
10
4
1
5
13
13
1
4
29
4
4
4
1
6
4
4
4
5
8
1
137
4
14
6
4
5
1
8
4
5
4
16
1
5
21
4
16
4
2
12
14
1
14
15
4
42
4
39
1
6
4
20
12
4
4
3
3
7
9
6
4
4
1
1
2
4
4
9
5
4
4
6
8
4
1
4
18
1
5
5
4
5
4
10
4
5
4
2
6
9
1
4
5
9
4
1
1
5
4
4
10
7
1
9
8
5
9
4
78
2
6
9
4
12
19
1
5
5
20
4
4
4
4
4
21
5
4
5
4
9
4
42
4
4
6
52
8
10
4
13
1
6
4
9
6
35
3
4
4
1
7
2
7
5
5
2
4
57
5
4
4
4
5
1
5
1
1
2
4
1
4
4
5
1
14
5
4
62
1
14
16
4
4
4
5
7
5
4
30
5
3
6
8
4
4
1
1
2
23
19
4
150
4
4
110
4
4
37
5
1
4
19
7
4
3
2
4
4
1
62
14
8
5
9
26
2
1
4
8
16
6
7
2
4
6
17
4
4
9
