6
42
128
16
46
13
23
18
31
221
1
18
51
50
37
1
14
192
17
7
222
5
74
595
341
431
10
8
14
7
993
179
77
42
15
279
32
74
549
33
95
12
21
62
22
190
13
11
164
18
7
183
1014
144
253
53
24
77
10
3
12
68
74
100
5
62
19
736
26
16
11
78
5
112
11
79
2
13
368
42
114
2
207
41
16
179
5
76
39
1
7
11
118
110
60
76
198
32
106
22
22
216
42
15
3
101
110
14
55
145
977
39
143
13
55
55
10
306
217
45
781
6
28
180
101
66
130
52
37
47
55
204
46
13
157
237
4
300
34
17
97
1
127
14
37
16
1
5
8
55
3
182
55
21
526
409
68
52
71
66
55
55
6
8
17
56
165
52
2
155
23
98
28
9
674
278
59
17
143
104
15
185
344
62
74
134
28
21
20
8
114
2
320
1592
7
329
260
5
41
2
54
32
1
21
11
202
428
10
50
4
86
221
50
67
7
519
260
1
11
14
1
10
3
59
170
82
164
6
135
60
6
346
39
56
89
10
54
20
423
19
69
107
93
81
191
27
9
123
19
197
47
9
23
154
44
2
65
1
14
4
15
1
4
240
8
279
48
7
53
15
28
62
54
2
462
118
7
378
32
6
189
9
81
1
188
19
1
1350
292
178
123
23
13
101
64
212
243
227
54
2
58
55
55
1
36
57
46
10
49
37
15
66
12
85
40
123
383
24
1441
222
62
315
53
175
8
16
3
50
14
12
58
12
38
2
358
1
59
55
47
9
4
552
280
90
9
50
19
113
10
189
457
8
85
33
13
25
24
182
18
124
177
101
146
12
30
96
37
62
122
15
166
2
32
40
15
748
35
124
49
444
27
236
49
228
363
30
27
63
254
50
13
225
62
41
1
62
1
43
9
38
27
330
31
280
217
273
57
201
89
85
57
1978
96
94
24
8
6
29
69
34
85
83
97
119
91
31
44
8
54
96
93
77
1437
24
461
6
364
188
13
95
80
77
218
8
7
54
4
223
110
528
5
132
83
11
5
18
2
6
332
47
2
12
5
56
82
1
2
830
713
484
93
51
139
5
19
25
4
130
51
292
19
110
46
55
601
10
4
55
477
223
111
10
7
260
50
64
57
136
1
55
14
10
31
20
5
92
1096
85
85
55
55
212
725
51
55
265
55
145
212
427
107
222
51
51
57
211
102
52
141
59
56
55
121
232
221
65
55
179
58
84
51
55
60
345
41
60
51
55
99
664
111
53
52
74
194
792
178
200
62
23
12
62
2
11
5
73
55
22
5311
199
58
127
2
157
4027
90
19
1
109
4
60
9
30
10
218
6
52
2
4
381
106
17
40
71
5
2
22
55
17
57
66
12
125
256
8
110
6
9
93
30
131
1567
12
48
268
43
5
159
1002
50
146
45
45
12
19
178
83
13
196
28
7
216
262
1
17
51
199
8
123
928
218
60
19
217
77
51
88
14
46
197
8
290
19
12
52
73
67
20
232
251
226
11
68
62
132
68
11
15
72
419
119
20
2
463
220
23
132
51
22
66
8
2
71
86
165
67
51
56
172
122
239
100
53
285
111
32
6
249
62
129
162
55
55
216
56
90
1
423
314
56
52
28
1176
53
9
222
493
73
61
89
131
35
1
186
148
59
53
61
2
68
18
74
66
62
150
391
68
11
36
89
123
120
2
234
7
87
5
200
51
897
17
57
26
29
84
63
20
78
4
136
73
55
69
32
175
24
503
26
125
101
187
112
47
35
22
1
165
174
2
649
31
41
58
194
27
1647
30
91
7
7
223
3
21
312
8
21
123
114
59
7
99
1
246
50
440
29
47
17
63
17
8
9
148
96
46
127
51
178
55
57
19
14
19
167
55
49
6
9
23
2
4
57
187
61
12
1
7
4
319
12
14
8
21
19
17
6
497
5
6
41
10
95
222
3
13
128
156
15
5
76
55
83
55
5
74
173
89
41
53
3
55
81
54
18
11
536
40
29
119
62
308
55
57
134
503
167
2
232
41
83
110
177
145
610
931
55
107
110
15
43
24
38
7
196
92
70
802
157
37
610
37
121
3
127
74
16
8
12
141
98
24
10
5
14
2
411
6
188
128
106
55
211
10
97
188
1297
188
5
3
38
594
1
14
13
90
4
41
77
108
2655
2
8
19
83
45
55
131
659
114
125
139
19
130
35
1961
39
37
1757
221
13
160
17
597
6
642
37
12
86
50
36
80
55
18
5
55
16
18
27
100
190
407
1
319
26
14
169
16
66
1
164
97
261
66
12
48
186
8
567
183
30
220
283
211
92
187
74
167
121
131
56
60
46
7
48
27
138
33
408
9
1375
17
89
16
53
133
15
438
1
193
27
5
118
86
14
406
63
260
80
8
56
10
4
68
55
219
4
55
34
185
14
297
56
195
461
1
2
6
1714
393
52
5
16
17
40
2
44
55
3
58
9
133
7
14
19
219
9
56
713
201
11
9
71
32
5
16
954
44
54
290
35
4
53
22
16
21
10
5
81
203
82
15
87
264
55
26
379
1247
130
21
212
184
259
52
137
13
175
9
565
8
4
230
55
9
55
208
468
410
4
450
229
61
113
2
8
7
4
69
13
222
630
229
121
145
2050
313
31
51
22
4
40
62
1712
67
96
74
1880
77
17
119
2
187
144
1310
64
25
7
233
13
1
157
4
37
69
509
30
18
104
89
26
75
68
63
235
10
56
2
181
9
63
40
9
626
21
139
16
430
2
9
65
13
10
47
31
124
150
66
12
44
8
144
15
60
181
6
280
1
240
25
13
337
6
55
60
41
981
182
15
411
63
91
6153
40
44
76
624
19
6
17
20
178
8
44
72
9
238
221
298
24
51
55
51
20
197
1
9
132
168
11
1
176
3
7
165
227
169
11
14
45
8
5
32
18
4
78
63
56
374
55
55
192
54
181
55
66
222
54
7
51
55
51
140
156
162
15
68
133
125
95
23
54
25
83
19
239
12
64
69
19
1
4
14
65
2
559
61
3
51
7
35
10
26
115
8
91
63
618
66
200
57
139
9
124
65
1
298
415
216
27
465
66
2
40
137
8
15
56
8
468
345
167
40
39
122
85
81
56
45
610
1
243
4
72
57
4
160
9
637
138
5
84
726
128
184
95
48
101
15
174
65
52
129
2
218
42
24
7
22
114
44
167
90
16
81
24
75
75
96
39
5
130
29
434
41
516
122
48
6
10
52
76
51
56
18
53
372
1179
267
128
129
102
278
111
173
38
356
129
125
18
34
19
59
56
83
113
15
15
146
193
253
55
5
16
61
3
29
14
14
60
6
102
146
119
27
95
14
745
551
468
85
306
1222
117
59
55
254
70
57
54
205
58
55
51
26
197
51
64
51
10
55
78
132
192
55
225
6
124
278
76
55
59
177
63
217
141
17
238
35
143
5
35
37
69
107
8
67
283
37
8
219
1571
824
19
71
31
129
370
6
183
6
7
53
711
412
159
1
525
12
1417
12
19
10
19
54
436
5906
239
58
59
14
7
575
122
75
14
17
55
66
202
66
146
103
52
429
9
573
61
913
140
2
56
66
74
544
52
45
62
101
14
98
167
25
52
120
17
3
78
111
66
13
95
123
5
32
55
233
97
172
41
124
24
78
3
139
65
2
115
53
22
76
224
13
302
29
26
73
55
3
61
128
5
2
45
5
100
16
16
127
3
66
7
51
46
6
59
1
1
23
8
26
50
15
144
64
15
413
153
93
4
135
53
3
47
134
64
607
142
54
48
11
1
12
39
55
75
236
54
83
303
223
96
123
160
1
1209
22
63
10
19
1096
15
89
56
55
14
33
98
55
237
126
56
18
5
50
1129
75
66
3
152
64
59
9
15
26
10
94
92
36
186
60
70
13
210
155
5
10
48
1279
7
2
36
55
90
258
122
16
199
182
29
5
123
1216
180
33
10
41
15
153
466
2
27
199
90
55
220
68
247
60
292
59
63
116
55
56
178
1787
55
51
50
294
2
54
68
56
321
95
233
55
86
103
1148
60
55
55
391
79
55
521
57
61
397
81
247
55
9
56
143
63
124
405
82
51
6
123
1697
22
276
167
53
70
170
112
97
610
2
120
56
56
1
53
311
129
55
184
95
225
3
376
24
5
9
17
171
122
409
74
70
113
65
52
55
87
148
52
58
99
157
66
124
68
67
80
95
51
76
181
3
60
1
19
50
6
91
7
68
505
392
194
722
68
29
134
55
59
779
100
2
89
56
92
373
21
64
55
167
73
66
137
53
142
56
194
127
101
116
71
56
104
53
216
56
285
67
55
1244
2
215
55
73
62
61
181
76
8
144
187
123
1
55
496
1
56
53
110
211
7
81
