466
149
489
217
111
1
219
9
158
10
160
4
659
156
163
171
119
148
212
235
92
4
101
35
185
215
7
272
157
9
92
1
308
1
141
166
97
26
210
4
211
5
2
12
9
162
161
75
10
8
187
163
2
7
35
94
157
157
92
147
145
15
32
150
2
3
252
144
158
75
90
5
224
41
573
303
258
158
123
3
9
150
35
1
210
626
202
2
95
186
91
682
8
241
148
157
1
1
166
1
35
166
1
230
168
560
156
35
220
181
160
45
147
152
91
127
145
203
22
301
269
38
327
31
271
482
17
1
252
215
2
146
1
141
171
80
3
144
14
149
23
227
215
238
158
170
1
1
229
193
123
161
223
354
236
32
219
334
488
35
1
11
4
1
30
191
166
3
58
1
1
275
254
1
145
8
247
164
35
143
185
222
141
174
147
54
163
158
159
243
216
248
348
1
1
91
39
52
3
162
163
127
5
222
190
210
269
107
549
129
165
767
2
246
162
144
130
463
35
178
120
167
673
172
14
292
211
663
214
44
7
1
3
179
153
3
164
2
221
1
24
349
35
257
91
10
2
245
186
218
234
120
102
146
212
578
1
20
3
35
214
98
157
277
227
302
337
467
37
149
241
61
158
276
41
264
183
184
1
191
216
94
104
123
181
106
186
1
1
219
155
227
145
381
17
154
145
154
4
152
76
150
30
156
5
8
251
196
4
168
252
188
230
232
8
197
91
120
137
172
162
1
5
1188
147
148
235
216
1
12
158
35
136
167
8
1
206
1
29
476
215
153
163
30
3
35
95
161
78
30
5
145
498
334
30
11
90
372
181
235
1
305
35
12
216
10
8
7
148
15
2
51
44
1
226
213
156
19
227
52
145
7
16
222
2
270
6
35
58
219
185
109
69
35
2
222
57
145
261
225
147
146
5
159
19
5
8
102
48
31
8
27
160
72
56
216
47
15
202
122
154
251
6144
198
154
2
16
102
15
160
182
30
8
6
14
4
181
1
2
9
31
7
1
67
184
253
1
148
1
96
223
39
218
239
143
234
208
9
212
145
228
176
45
152
31
162
11
19
1
201
91
179
123
35
30
417
222
216
170
162
158
4
157
121
365
171
216
31
4
236
107
440
247
5
398
121
158
256
36
433
141
226
124
85
35
169
147
201
170
123
305
95
35
286
35
35
275
149
159
160
239
123
83
177
165
156
278
