232
161
161
225
163
160
220
31
230
167
223
531
243
223
2
164
107
1
3
150
148
192
91
142
128
1
148
155
220
50
27
153
216
401
124
156
35
215
217
156
164
118
73
163
241
160
163
158
238
169
147
129
154
234
158
91
166
148
217
236
1
159
232
188
151
210
181
169
189
146
137
187
150
189
149
158
1
266
68
153
212
183
365
112
223
108
35
150
158
291
162
313
159
148
218
552
163
159
2
148
239
185
155
351
1
30
137
164
228
146
222
162
214
544
922
141
313
170
159
164
161
123
190
4
123
625
222
50
291
125
23
170
2
1
220
152
249
230
214
237
323
128
162
14
244
489
1725
296
159
145
177
175
129
141
116
234
154
185
216
7
132
153
159
3
228
153
162
59
147
994
172
181
353
662
170
757
230
162
5
35
161
145
161
108
147
211
137
195
462
208
164
7
163
154
123
91
154
225
171
2
3
83
217
421
147
159
159
332
261
213
162
140
192
148
122
138
135
126
159
126
90
182
145
6
236
216
138
248
126
123
217
167
68
219
6
97
449
125
225
231
337
127
111
169
595
157
13
189
35
175
91
160
162
7
280
162
168
210
164
339
156
232
214
674
158
145
343
389
158
96
44
260
127
156
165
137
201
163
218
97
384
162
126
159
159
183
131
210
71
318
95
