25
1832
6787
186
44
146
805
50
1
15
1
34
415
68
132
417
45
274
471
84
42
37
24
137
126
31
31
545
254
1
63
993
151
320
319
1437
50
2
27
1005
10
47
868
152
221
959
1315
342
2527
13
4
101
542
599
159
1
328
104
256
22
185
436
390
3
395
1144
98
5
11
52
321
284
161
79
174
1
174
378
338
207
333
100
6
50
1143
1795
23
56
31
490
237
340
414
6
8
408
183
35
1034
93
68
564
14
116
310
261
453
347
712
1
453
381
35
256
118
100
2
8
1103
13
394
7
424
14
31
245
9
227
308
518
168
12
148
61
62
818
693
1492
789
18
5
85
361
12
355
650
439
394
1
1
425
274
10
1
1346
383
746
265
425
273
65
276
94
179
934
1
305
83
182
30
35
305
1
215
196
1127
714
138
290
565
267
253
119
373
2074
309
33
60
2
130
275
44
1
10
310
36
71
1210
164
351
30
512
43
318
1
1322
1
26
135
856
43
542
833
4
135
7
1675
22
110
679
337
400
23
324
326
32
399
20
25
123
535
115
7
968
712
1162
6
1463
26
371
171
1
147
3
157
355
578
35
1818
1055
67
1030
20
62
105
2
306
