1213
28
765
777
30
381
72
2073
505
210
146
84
1599
1047
61
44
3079
12
6060
144
5
44
134
925
6
121
3
89
37
438
923
242
26116
6
715
24
503
179
79514
35611
4
145
137
368
28
16
9092
165
13
66
89
15
2218
26
4376
55
156
3497
31909
3907
33053
118349
174
259
926
20
280
8
399
42
13968
85
192
97
39
611
862
691
489
81
2123
45
13625
445
780
198
243
912
123
152
222
926
11976
5207
2679
10015
89
7864
2649
7
2894
2299
49843
2430
2459
571
384
25
309
17
2347
157
18420
1818
15
63425
20863
7846
23
183
37
840
34
2201
7
14838
15763
1764
7130
778
16
78
40
157
2428
374
42
489
117
467
76
16
3136
249
61
19107
609
29
812
189
148
3264
56
248
384
154
349
164
24526
308
10
4830
40247
13
9778
8198
734
14854
281
149
28
1220
2188
672
18786
124
1005
1106
12348
68
639
25
1909
150
140
140
13922
176
9495
289
298
21
25629
18
963
13
665
9
19
1064
26684
348
319
977
1328
96
1004
1330
613
4863
141
65
107
137
1594
147
6
606
16186
16
641
30
56803
8673
1665
24
125
7377
40571
6
7773
123
2393
89
13
1077
372
506
2672
219
685
75
467
22985
2313
64
2445
258
8149
75
296
1
20431
334
139
124
104
1749
157
366
12919
258
2961
1481
5
795
11176
9659
155
13
37
247
723
54
1201
230
426
246
1171
3514
7
12
385
187
6242
10972
7773
933
6196
5
30517
1357
140200
614
1425
379
30
1718
17418
4032
3114
137
122
6929
51177
253
797
43
18045
55093
93586
68
101
5796
38935
34946
1926
5686
193
53261
1411
614
15
298
2578
657
26
25056
53
12081
108881
28194
398
404
50981
867
104
84
3357
114
169
6774
261
40798
42
80
23428
1776
697
10334
440
15544
41103
6666
170
420
20
241
615
59
170
64
1250
5801
513
10530
626
11515
115280
23
3497
7585
30
3924
39
167
2476
22
437
14258
30215
634
1701
272
12
172
321
16
8
3631
1210
8457
73692
6680
264
9852
45849
8776
1262
585
12292
72019
429
51360
1970
56
70
37
460
25
39877
2117
8872
222
1548
286
1634
4761
974
95779
29910
140908
2119
274
3535
4656
9
25247
5
193
195
523
2578
2439
612
1468
1595
249
2
1711
494
164
754
123
8608
23
2550
14620
104
2198
178
476
587
172
2890
278
37
365
130
249
388
240
923
1931
828
549
2496
603
2637
20097
306
10231
328
444
4182
3669
6364
480
19051
9480
379
3824
15360
53672
424
3706
3055
5936
24154
32636
244
18183
1245
38
12697
151
2885
1096
1207
202
37
633
135
2614
11390
2081
2630
2105
9151
89940
12452
15872
2044
13
6633
93
42387
2990
6557
32636
55716
28
30
8254
1278
603
1471
23
3013
1629
23849
114
46
9317
212
649
648
4190
645
494
194
632
477
383
10605
197
29049
405
575
42
1178
480
93
44
154
86
14148
3359
4032
492
37222
5459
295
175
317
2788
2267
2264
9108
3341
1789
822
112
1
163
53
191
7843
593
373
2338
40
1588
3433
15
169
425
1244
12
8548
236
14077
10283
212
301
609
439
183
317
190
1278
219
89
163
12272
1878
40
1283
22
316
3174
5866
5372
475
2656
45
51
777
6079
4094
11593
141
168
5919
553
41
570
2137
9762
140
374
468
16303
644
26896
58
13556
344
8915
210
173
62
122
4925
162
64
7378
167
43
183
12756
458
1929
1400
806
12059
100
159
774
142
46
14
9
4178
38
29
13649
2851
11452
3939
345
11
27
11823
136347
232
238
632
173
37
2327
30615
1417
513
106
5547
6464
7222
4836
26
1648
43
1480
8144
3391
324
71
93
679
634
5944
21821
4
139
416
20935
2869
183
8773
206
11593
245
42
335
273
7001
211
195
2458
69
25262
680
1558
3610
650
1347
454
5850
974
975
1192
64
19
62
11545
314
693
750
10077
1115
10326
1114
114
20303
9418
83
48
63
34447
3686
8565
1707
50
10514
181
11
16378
632
407
580
4983
2630
59
10046
25189
4251
25
25041
16300
2685
107
102
2814
491
7024
89
13200
225
8112
1846
3479
1921
15110
17134
6297
12220
625
1362
2207
75
340
2928
226
366
323
1069
2231
670
140
46549
216
549
4256
153
2697
3875
43758
37949
53265
247
2190
830
78895
244
257
633
545
160
157
35
62
54
10058
1382
424
116
51
33895
3104
364
9148
163
1016
323
17518
594
47
15583
9819
7653
27
4867
1520
22772
8612
2852
152
4711
162
18
3291
51
234
28585
284
78
2237
8321
4993
2516
9338
1676
6711
4544
8748
888
4803
58
6305
21
31673
708
23
255
1
57
133
156
1
952
58
1594
4
11276
2464
42
51707
1679
10757
502
8478
55436
366
7395
1613
18197
70479
192
33617
63989
1667
228
8682
46
359
975
12
11726
7363
1591
83192
305
3148
269
719
52670
5
3170
2409
914
1257
12099
86
1
1310
212
90
167
2107
632
16178
1037
5325
3295
4594
78
317
20320
5431
494
372
50
104
4400
14777
1556
1343
299
1038
227
8847
276
33092
5
46439
1835
4508
716
75
12
33
15
8102
11965
96
38
526
43
4065
97
18582
71
9178
5410
302
155
6
436
231
104
1309
1741
1658
446
736
1908
11152
9626
303
80
1939
11035
334
43
3021
66
34
12439
1487
3355
17120
5854
3946
19
2885
14127
4126
335
53137
12
8382
215
14060
506
308
41295
3016
1420
3879
216
56
57
302
37268
14
82
6803
2093
434
1699
29408
2867
633
2115
3302
663
21
2040
165
61
192
2414
32956
24329
13912
709
184
32422
29
16152
116
1032
5982
1441
223
730
237
5568
29793
166
10097
1691
3970
3953
486
160
620
469
1420
32
57
5120
541
2100
131
20441
1352
1739
148
2738
2365
441
568
51
3073
31
387
45
23455
180
1593
3150
254
815
29
41
6812
282
725
216
414
5270
162
2933
6772
3
53
338
5421
55
969
1692
5466
4
1275
618
363
233
157
457
637
588
157
792
12
2115
1197
228
2205
703
86
298
4665
160
16632
33564
1208
17114
33
74
198
5815
8194
38
12589
311
292
325
745
234
5398
612
141
42577
894
459
1220
692
736
271
65
6782
23778
454
394
27697
2593
468
6992
346
24556
151
1348
2
302
24461
116
17218
327
105
30
4175
63
43656
614
115
517
418
55
417
39649
215
228
282
929
16
492
659
544
798
1171
5406
173
546
502
4335
14
1503
22224
2941
2632
26496
21
6147
1260
17
421
20022
63
1082
24069
2163
1379
234
42
6341
778
329
116
24330
1409
9919
5076
10698
5
339
2206
3150
1518
34980
308
40940
435
561
44
105
2115
32765
39
470
173488
43
31076
186
129133
9658
23827
9658
16075
14018
384
5336
254
1141
1691
13632
1413
31589
443
17855
38
211
4178
253
6973
10576
316
306
12334
11
12874
5456
477
44
478
43
4042
1797
74622
29303
16490
41632
20817
6418
19185
1107
878
42
1617
38
581
29358
11864
98436
35
8740
3317
539
7095
142
436
62
11346
37
29
662
37932
27101
5894
609
7343
224
1971
1223
9676
198
25
33
603
59
162
2127
3572
8901
3918
516
1115
12
1120
47
40567
139
25689
459
4267
95
256
48111
5940
633
597
87578
52
620
66
12590
6359
20040
504
1645
52968
1708
11429
3882
61755
535
221
58878
533
12
37214
2125
21
103209
99464
26571
122137
63101
2602
4149
246
1293
561
1444
455
5469
36703
517
57
32316
226
136
1272
695
28635
19700
47651
90
19444
13447
7176
423
2181
48586
7183
99
7112
47799
10905
28
1535
1944
1710
51
10396
468
3251
3
2842
1033
84
1791
110
4294
1042
126
181
7172
16352
1952
3517
2
1599
17
117
2294
593
1341
3991
610
948
7
4553
2479
246
2
36
4978
721
522
1484
136
3169
61
630
433
133
99
2414
58
119
13
5087
79
331
19
1217
67
388
288
108
6964
41
3778
361
177
11957
24466
347
51
248
898
26179
105
6192
18137
4
182
1438
344
4833
47
11245
31014
1075
594
371
173
224
3209
380
29
16997
289
126
234
329
6525
3611
4524
5730
474
2083
126
13765
147
5197
207
36635
11868
249
22494
628
7609
14
35472
34828
70311
23701
51
1578
61
456
2266
1660
53851
4660
78470
1066
785
51998
3920
315
7037
92
168
2174
2154
753
33
25408
10351
17010
1722
1861
1454
3822
248
7834
164
4
35750
79
13
3052
427
59
237
487
21432
924
32
8
7377
801
4383
3890
404
81
6787
197
50417
657
245
579
7067
880
66
13
11897
126
12892
74
5603
1568
1189
961
1045
9695
434
319
24753
976
133
4433
27144
3239
15649
11852
4511
5
2926
285
313
5
58475
201
40195
90
639
19065
7329
3865
14
235
4403
11023
8285
5924
183
7015
1221
9336
4676
51
120
4391
442
75
437
7
1132
887
580
503
3866
167
4608
9166
96
14030
6807
58685
9
8
123
134
292
1431
842
78
28226
21193
12122
781
89405
82759
562
20334
11
42255
34067
875
154
811
438
1737
256
535
19
393
71
12
9740
17374
294
76
121
4346
3822
51
189
453
27986
11979
222
279
57
8392
66390
60
1016
30
355
60
457
261
48
3204
10241
120
87
819
135
27
151
705
1176
419
524
9235
630
513
579
752
1001
55
7065
120
6786
974
5326
33
290
55
298
843
1493
209
6167
2550
4182
7032
338
648
36
473
2862
782
1921
2560
426
177
2036
11223
11095
210
268
500
857
27
101
755
755
341
267
1
354
564
94
136
12642
1694
118
198
955
109
8
15
2748
14657
65
281936
4798
2436
14251
18765
526
8137
1466
11291
168
17856
887
194
4945
117
461
102
97
67
13
1
89
7638
170
11
3958
43
16033
4815
63
238
30
539
2815
583
1006
28
2278
439
181
441
4056
24244
13681
44150
23768
215
1532
1603
8
7
1094
26301
10
368
2879
5
129
198
16
42
1916
379
327
316
4735
2198
1033
33
234
3120
66
2148
1807
16
744
163
1222
351
229
22958
12861
18
2543
8094
84
346
1049
9989
212
8206
23839
532
86
556
2420
10934
147
4968
24811
4983
34658
1429
817
242
119
11821
1376
216
87
1019
10868
1791
243
4
265
126
351
13
9
997
8741
1448
31
44209
1997
9579
220
15886
566
2799
173
769
187
744
2716
1110
3
585
950
7138
52
1449
587
24042
574
12753
3333
12771
1272
26
9133
116
9922
4877
402
1204
4230
113
1211
4791
7031
287
262
388
3751
267
326
19385
2814
2517
585
76
42
2112
306
1278
231
202
140
1
438
1314
580
6197
6697
49291
429
953
12746
22
8175
11
393
1514
38531
747
13670
26070
4051
1353
256
13191
3722
15309
729
172
434
44
835
1283
459
1531
15
629
249
7418
11213
307
770
10
3090
29766
32368
16598
6998
5386
5892
52621
62
3514
122
229
366
430
4961
645
6729
45
3148
146
1656
118
176
93
919
2541
2860
756
6552
901
4814
4584
66
32
156
29
30999
90
7659
25
3054
289
23670
453
55
27825
2491
22744
243
87
8396
31
942
93
25
14334
53
396
21256
1272
589
30851
17399
384
44
3138
63
6
98
20426
4135
791
232
263
212
4706
811
1372
193
1571
190
59062
1068
9653
55
262
14411
19
537
51
3453
42
357
12238
28
303
102
8414
59
302
2585
1379
233
4603
385
18084
208
10853
690
31
274
8128
15690
18152
21385
176
24373
3957
923
32811
1089
2092
1001
96041
749
10189
13299
11044
718
59096
10154
3984
144
94
350
1298
13733
257
5684
716
2859
805
15287
26989
11791
18483
350
6555
843
1044
5757
79
172
14038
5976
167
4126
6705
257
1484
1216
2520
19277
127
8984
4970
4138
13706
34
48789
42
2420
266
406
17188
1412
87462
31981
103641
403
22
318
49
1067
803
223
407
313797
15824
2347
2938
390
6429
541
314
583
7743
128
28013
15396
513
99
288
16389
348
225
64
114
7674
12799
388
481
25008
820
1028
1189
637
13
5555
23466
13217
768
3938
3419
264
100
4630
20
7569
7684
8411
42
328
2518
343
10487
267
599
1141
771
2800
45
172
11361
1859
297
251
10996
6214
2277
986
41852
48
358
139
6
13254
285
138
1035
10053
81
2435
46
50
422
219
1988
55518
52
197
6952
196
3789
1373
31
574
25649
375
797
7593
1256
737
5499
4916
212
390
2415
1697
10
3720
23
350
1938
658
292
1467
2843
45
13786
65122
107
2187
5420
297
4682
2032
6760
332
719
12
27719
16209
149
12437
1497
38337
17584
157
179
123
13175
96
288
10233
5113
5242
835
266
687
282
11974
1264
18
906
8541
12388
16562
12261
600
535
116
121
52
1195
1594
144
5409
11559
99
12
8799
20769
104
186
228
184
738
536
295
3696
1
8254
1604
838
112
455
757
13543
19332
28
673
953
1879
853
13062
2623
174
9854
2995
38
7
31
6507
4899
1967
19
100
55
79
619
339
45604
5379
2273
259
301
52227
157
6451
11123
2936
18
106
426
315
26588
5068
21461
5815
1164
1904
282
1144
357
3409
21
100
1
160
2024
628
8547
40155
89
24146
253
718
294
120
3152
1578
64
588
4089
4136
162
8669
1650
2614
9850
100
7056
4664
317
104
4357
2884
3516
31
4384
333
1510
558
433
9717
9504
1137
258
17395
13288
36507
27
2324
22444
179
142
48
279
957
1842
33
3759
663
8526
16992
36051
65393
863
799
22294
5575
2299
52
1914
28047
151
12404
246
211
3079
15049
1985
433
494
26019
608
127
4298
40801
528
1989
1215
8059
29183
1002
277
467
14686
14642
3133
1193
393
1710
2906
3571
34
159
94
7882
199172
24874
33189
1139
3065
3508
1869
26450
17691
273
1241
884
68
71
249
697
976
6235
728
1806
2366
287
245
33
435
1052
22
1323
102
254
1564
1209
614
692
19
724
32
625
169
34
50
625
38434
19
1
462
43110
11563
14101
37290
50
18455
2683
620
1374
746
119
228
17482
23554
60451
7817
39541
34684
157
9804
9
50255
95420
5182
3257
15080
15
26793
3874
761
52912
485
3323
7444
7876
3608
88872
235
54281
96572
14273
9979
7009
85
1841
90
36454
52
204
8807
1296
116
98462
17476
43611
1365
9372
18174
57013
90190
1614
2014
167
89
1577
1422
2836
279
580
34865
1886
653
25
189
395
15678
47
36
609
29
4
378
741
1687
120
10523
3305
608
12880
2770
46220
289
26393
40
12
370
100
45
1234
18868
1117
152
19698
11772
1020
1216
12196
57
6739
1724
3104
108
204
131
22425
307
1648
395
223
92
1548
190
287
1664
26
502
13586
312
19
89
2670
237
26910
2307
3642
1497
9879
315
472
158
1266
2
2393
4550
1541
23734
1001
7740
688
1900
30
99
1127
546
13154
1080
636
31
131
37219
1644
805
34
818
85
901
80
183
9330
1481
18328
14668
1919
7944
555
8331
9973
5220
32263
6899
55
66
5996
899
236
574
1232
1208
12271
10704
2915
1660
42161
125
11517
707
283
3044
28085
3413
9647
34894
3707
2880
9000
87
146
12430
74888
3577
8924
3569
2124
931
41
386
349
493
1720
23916
6772
644
22730
1003
4377
21855
577
98304
7727
13392
1601
210
121
28875
6930
17088
4395
6964
15307
35037
35
2718
575
630
235
208
7211
68
37
689
210
1242
13
335
301
8734
94
14412
156
1995
45940
386
11568
4703
214
6406
100
2257
17178
154
325
1615
32856
2707
24
2
164
4503
45
385
311
115
549
1991
2473
37
12264
12939
21812
4213
25260
1572
145
8608
9390
184
102
837
3398
138
2505
6
2060
1125
1432
10613
10553
50
9617
4974
405
2472
848
767
2259
83
577
1206
208
293
31
198
805
14
37
33
5679
171
1780
7375
32
420
304
99
11591
12
3536
5161
378
370
20426
275
3878
32
19894
56
180
7
5453
28219
1195
34769
311
204
64
48
917
17
359
753
1163
6203
2474
198
528
176
1637
38940
3059
39
344
438
16
1350
216
8
7173
2393
3550
851
14650
1006
11130
17064
22922
306
6564
7506
19413
757
101
247
1120
3
146
761
4062
13173
88
1793
17769
9573
211
1846
47
364
63
14
338
1
356
878
50394
10409
52
6165
380
179
20526
884
742
1146
44462
1802
23
19832
5379
3748
1065
5
3353
8
595
5
3144
701
411
150
70
13
830
1510
97
126
65
44
3
14518
131942
38
13532
9399
1274
1916
9611
383
2396
815
8830
1309
5519
1986
14
31332
1363
64
31682
392
15
96388
2182
15167
116
28
7585
20128
1171
2588
37620
5295
5931
27716
151
1006
587
16736
80
9788
17338
151
92
6528
72
5091
220
3624
9291
1151
1980
139
422
41
671
4659
24
4604
772
25245
14
4997
5177
10258
2
199
464
4981
32997
42
5343
117
1290
1265
640
150
3680
12821
6070
30285
1269
4339
10044
1129
36
282
1972
1552
3615
378
439
4342
979
1290
2493
33
61
51
43
69
1263
173
50
162
20
53
149
519
514
4301
298
520
1167
1349
19
8243
101
1680
2211
2478
26
65
16847
113106
344
305
1695
44
104
1638
3542
340
115
1142
539
4
175
1296
9430
59
884
122
143
448
2552
186
7790
612
10077
27441
190
37666
15787
129
13393
4582
20859
12
445
24
159
92
752
370
446
1586
120
25801
1278
14385
1518
232
3155
5447
3910
4576
4434
184
57
59
37
2877
372
27113
17
1144
68
371
220
1590
49
4803
6510
67
474
5632
1823
9300
219
20880
73
47
1096
1558
7952
14807
2333
24160
415
14680
16260
1359
3
14505
472
387
774
2645
1159
41
8464
46486
36277
21981
419
80191
54504
171943
126
5290
367
922
16
457
10556
17231
34464
183
1596
11327
775
294
95
1666
70
132
25515
76
9399
13
3299
102
1574
4124
2512
107
1192
13
13
27661
108814
92
3665
86468
173
5784
36
511
535
8135
385
10308
15231
1179
9989
1214
8751
312
138
288
127
266
63
303
8
1508
3437
173
249
243
958
4819
7426
2649
1818
15274
3281
38
2219
1531
381
462
31
65
465
3753
340
1131
171
293
31
403
44
115
129
6910
15746
10745
5018
6366
16821
566
647
1069
3368
55
2767
4622
454
129
47286
102
229
2697
226
103
2581
146
13
81
17751
234
135
118
28261
326
6799
48
1977
14773
3976
1159
1544
95
16161
10
17445
41157
7353
83
3015
5689
16207
318
90
3881
2291
793
10909
17367
1361
590
321
244
8199
2364
9410
970
9775
442
1408
6863
35389
38155
44
23674
2313
1402
59167
16
5433
198
2
22
23274
27603
9398
14625
2158
5240
3629
351
6706
4608
16358
5633
19
287
7908
624
5382
2073
277
2239
17439
1873
164
451
7346
49703
2312
3901
2427
66
1641
29135
29
735
27
541
123
3883
668
47
1693
610
336
71
754
39
2637
22294
42
17
2346
187
2711
202
28115
21409
134
250
4757
2733
170
236
976
236
68
4066
35845
3555
626
64
16801
4
65
119
7839
16581
608
149
10545
337
42
768
4200
1522
235
8949
109
829
21
51426
1
40910
18948
1434
372
4865
1676
28413
120
28996
68
32
129
37903
10615
26493
394
88
4753
81
270
23584
475
84
11594
12
911
317
644
538
22090
2526
40201
16116
41133
2540
6707
342
18
1807
360
201
64
4734
196
2673
40964
654
96
2064
31
1435
28344
195
36
1375
11150
17473
490
9512
28842
529
20743
40
9846
193
6537
46887
1782
16
149
235
1549
530
884
292
2876
7758
631
14657
1767
460
2242
67
3728
218
702
6610
18751
9788
1257
3111
948
230
6362
19794
14405
10088
8287
9153
9120
75679
527
320
2316
58
41
23396
474
3058
278
21331
952
1301
388
51358
1061
161
6746
6723
36
27
207722
499
78
709
1758
452
193
1392
2361
179
179
391
4782
14208
5294
12382
763
244
27151
185
827
1426
7286
8314
186
9243
4532
12
15857
1372
500
163
82
28
308
142
1161
1422
23539
3704
909
125
11522
66
338
142
700
5197
6800
4390
41289
2896
433
355
5364
106
24
8
13775
24
47
677
16839
1026
74
11444
2416
4247
29863
10526
40020
2723
207
9402
105
42964
64487
1938
55
32
73632
439
54
785
2468
49
4946
9865
39
1380
1106
183
950
19
468
268
180
124
13956
595
82
1750
132
2598
1547
600
123
2771
18670
315
5654
405
87
6894
421
427
6
25098
6468
384
36
269
335
4913
341
10227
168
27552
5834
76
461
31609
13147
132
31
744
102
6714
452
6947
5066
94
27296
452
125
54383
26181
14839
179
270
553
15
6832
1642
18141
211
16
2893
10181
137
21
54
3035
4242
7
91
262
3979
5038
8122
655
36
134
61748
2180
1089
725
316
93
22
5789
80
262
8493
363
2885
5215
16551
19
865
203
13
6006
87
462
29
338
2032
209
17682
304
1243
71
28
2031
1083
16
437
33752
2634
1855
9886
18
317
151
5223
40
21232
877
26900
72
2625
2664
146
646
85
1930
1502
22789
94450
18863
1654
106073
6086
2060
388
207
1415
2881
147
1463
130
374
507
789
258
110
1982
2
165
3020
99
912
351
25
3113
12478
219
22488
4542
112
8339
9
7284
49
2145
243
4253
281
3917
34
15
8543
3471
8655
1724
120170
423
50
95
40
1106
447
2195
1695
63
27
415
13344
222
22
8153
5688
1071
12377
2776
3270
5749
10483
97033
942
579
13300
6713
948
192
2597
376
36
249
11435
1261
24962
17592
835
9798
50
9659
8
503
4444
30484
543
8895
492
7901
267
271
1727
49761
9
627
561
20
741
1596
27058
18
16672
266
2913
10109
952
512
64
2340
1498
547
588
367
134
36219
201
1439
58
3556
48549
3542
3304
12
45
27318
142
241
868
750
377
289
3878
49906
3062
75
893
70426
1377
223
2157
92
61
1861
15454
6346
9167
396
60880
906
16924
7
225
691
436
1570
391
2149
12
293
30
291
2542
2843
44
5091
4294
43563
128
15546
116422
318
128
370
630
265
741
437
100
12761
7326
74
13157
2919
199
4357
6447
112
419
19
2215
624
133
1212
11300
3112
180
184
11
342
12309
97
369
242
9592
43
4276
80
262
178
21
32323
2983
1233
131
285
16739
292
1749
1448
16506
49
109
5565
963
2970
868
672
404
829
2626
3871
2973
144
291
32665
167
77
3734
100
134
4211
337
85
20613
13782
336
792
76
2630
32634
172
133
553
154
134
434
20706
668
657
32794
2200
670
1280
159
7283
8368
8299
35
1638
4590
7
372
625
144
1253
232
1481
5745
14309
2306
540
38250
332
27752
558
964
665
293
278
1471
48
850
300
60
592
1334
157
47
39
7112
9606
197
22071
8545
147
1780
29
7274
55
94
20
65
73
1
593
201
38
657
509
260
30
69
2417
22
7
1116
18
89
240
27
52
4153
680
1255
99
232
307
13581
20
71800
2198
107
907
2086
457
28
283
1007
1189
21785
72
2414
60
106
47
75
4655
781
82
2007
1561
224
4984
284
125
452
4810
108
529
9567
3862
44
39
147
34478
14951
1819
16
313
116
135
12
1089
49807
691
48
477
2030
1680
184
6598
2034
1467
4838
523
2591
35
5051
170
11570
751
8091
86
56
1171
23653
7035
8754
2031
1565
10381
857
18213
1122
3855
18
292
5319
322
87
294
3861
156
6784
451
361
296
375
4641
2126
343
183
858
19216
408
6
14547
34390
1072
6833
1374
6113
2188
190
1717
714
12510
8402
882
2806
2022
1
12760
147
1932
169
8301
511
638
300
735
1853
265
13564
19
12228
1777
443
738
191
1286
8
836
62
105
1369
57
636
21455
590
182
240
112
1563
204
1055
60
1899
12055
58
3165
1408
194
653
5829
806
9568
37683
1925
245
399
204
389
317
8934
194
727
56
14
2516
16521
469
134
574
788
5931
423
4454
200
41429
8035
1247
2835
77733
9482
32617
1036
103
3781
3486
25168
1154
186
4585
381
182
49
62
207
433
973
7935
20315
1531
1605
815
2384
8324
4722
145
757
5030
30321
4371
63
2756
4611
568
172
35
163
94
32
2710
18422
337
14574
434
128
73
8211
11474
1179
8976
71
16186
218
667
130
461
2710
281
564
24411
392
2326
6
8236
5893
103
22698
19
8775
213
3366
75
327
2255
3789
2912
13
532
1104
26468
3190
15
2454
314
556
4866
998
882
713
65
81
46
76
22911
28470
690
132
278
196
140
1812
4805
243
326
29
25
3412
1063
93
86
4886
2077
367
17223
939
457
5507
1614
285
17
196
6307
1124
30373
1515
11649
10547
21253
1210
723
846
1490
107
73
1974
610
17018
544
3257
1227
1229
16
23
3741
1837
4430
544
850
2559
2611
1858
11432
1637
7840
6680
8216
1384
507
34505
22992
19
388
1680
55
1955
894
8731
3584
5091
234
2685
7168
90
61
13862
1914
1144
9402
3365
1827
17967
497
3917
1095
72
51
153
5
2056
267
30207
37
3885
2111
31117
6096
174
26
2651
3573
2523
7732
9898
67
378
19817
7055
10
174
910
1263
2222
45
2750
3384
12727
391
40073
966
376
92054
3759
19611
237
888
51014
24
86
367
4
224
6906
8107
2307
189
2753
3254
2191
1358
78299
516
3572
21
830
120
15253
23
10195
3601
95
4910
7172
811
333
3142
89
153
18361
1080
281
1184
1371
61156
7354
518
10740
9269
303
6475
285
260
59
9128
26083
120
36471
13
9030
2496
4475
684
83547
3192
114
86
44528
965
12
170
140
7792
11725
401
102
16322
4670
5951
90
376
48
44204
784
293
85314
580
1640
6179
2368
66
1542
2471
4432
239
245
214
8742
1667
387
2634
82
461
6896
36
13037
33
2580
1573
63
6268
53014
25813
269
499
16
1113
694
8031
16316
270
245
741
2
35
330
3404
160
161
3179
988
296
699
13183
207
117
6089
14595
20
198
4794
29
15873
223
522
680
60
19292
1511
594
37
10
6617
570
170
9350
319
4847
1790
7214
12
481
96
412
280
508
384
22
13338
130
35545
3213
868
220
586
326
11318
20259
5943
237
619
1198
808
190
102
45
74
394
590
3338
1595
16092
4389
4879
3459
463
94
18
3064
1645
8315
9
515
1654
1276
28023
21399
516
145
854
1701
1212
1334
90
2622
61
2565
13950
21905
428
61
358
176
505
1431
499
54
140
2426
20968
9846
810
15361
2687
250
9257
886
1660
94
387
5341
5357
60
10153
20
5101
1945
163
671
107
6872
6239
2046
27765
14605
182
1201
323
8918
1507
2865
348
125
436
351
12683
891
27121
933
2060
1
1377
1775
616
544
2216
8332
926
250
29963
15
107
166
6602
1
23848
7295
414
5754
286
27
1356
72
685
27
2759
1154
2808
975
787
1715
62
2328
4787
30
204
80991
185
145
227
90
6051
1505
874
4676
51541
38
1400
12052
258
10423
236
274
4080
187
181
7
67
10756
450
189
422
4413
1469
20492
12183
1152
48090
839
68768
197
22273
687
3314
16257
53829
33
144
12878
44
46
34
294
581
4165
5895
94
74
444
2274
13447
430
151
614
757
1769
5392
10252
199
774
3544
5457
224
154
213
40316
7054
419
172
419
128
13
253
458
1403
426
250
4693
103
50
9939
697
27529
559
1681
193
250
78
10268
15040
115
27005
1236
5552
136
4155
1125
49644
25671
71
25606
1080
4127
107
45137
6536
109875
979
104339
13528
117849
13529
183
67100
8764
39594
15983
97
1512
12
45
1739
30378
70549
1347
17388
948
14035
171
5444
225
85144
70040
4464
54521
24338
14060
43254
164327
52483
3219
5050
30410
7520
43828
156
25793
80
47854
76782
125815
20229
756
1541
100
174
30282
3331
3338
4426
10798
64361
3487
2246
2436
12400
7123
21036
28424
15
1967
40235
404
3186
497
1520
12929
382
315
145
708
954
1961
150
57056
33
63
68
14987
29
10
17754
3930
542
398
866
16
2483
665
1682
409
753
463
368
440
130
253
326
879
943
10917
5769
297
97
88
156
141
70
168
30
72
159
29070
421
587
48
41
35
45411
77
200
39
303
317
3227
2802
12
1468
4280
187
617
32020
97
30
10723
117
26
1557
1850
25530
65188
2119
2984
494
170
22
51
20717
133
1766
3618
3078
3944
54
218
3039
1160
589
2968
976
168
218
349
156
254
60
179
5711
3188
8574
13574
50360
421
6202
622
393
36
267
3934
4057
1831
80
898
191
18285
6241
1272
112
867
419
1607
1740
2838
1400
1365
631
1424
4233
13
717
1411
462
3451
45
14799
963
198
2535
31
37358
541
10221
30
51
144
397
2395
1581
1850
3588
2652
137
730
2392
5072
4751
382
8230
504
1140
114
114
4036
35
786
405
315
1166
94
10690
1795
16943
51
45904
24
2166
724
809
10868
222
131
11304
163
114
1
8530
21
828
14284
29
370
34
62
1037
445
21370
874
2802
338
3388
370
17065
14469
610
906
563
402
703
762
25529
843
6
15
225
17262
124
587
34259
255
1732
3815
39
15
378
69
3
36626
848
6
92
47
230
39
1851
12396
14
402
6720
6
2099
3527
11
25527
75
6155
4513
1239
134
2575
10717
7994
6839
97
151
839
3108
979
234
312
238
927
247
3697
5630
14415
10
2637
7998
157
5779
2372
42
183
183
501
6084
207
21834
5145
59
119
5532
9218
4808
144
1880
582
8909
1202
347
3312
2911
1718
68
4587
8163
1950
1220
5642
9075
293
3639
1107
294
142
216
1478
210
330
36749
360
21922
8087
122
3822
1362
1725
617
1026
406
11
8
74
169
175
113
701
10
569
6102
296
278
61
7269
502
424
199
381
6406
491
6294
832
15592
32
5065
17602
56
46
3230
895
1324
4975
403
44982
1560
5140
9567
584
246
4408
1579
1242
293
431
177
118
1434
24783
2170
88
9069
10418
9624
916
3349
5013
4
1160
99192
1090
67
4140
80
43
499
35
1278
1578
804
55
18218
498
47786
5532
164
1134
1417
3241
799
54
256
242
39
60
161
223
12364
40
17708
3533
6046
13919
1356
86
774
419
1442
4478
136
2915
11
52956
16064
1606
69482
293
158
866
1398
169
1080
356
6940
3419
1269
343
935
3485
176
78
13832
940
2609
245
915
1306
3980
2013
950
5810
196
419
115
60
77
1501
448
349
3315
3443
482
10430
198
3212
243
1191
11368
48
67
24390
107
130
1
256
23365
4524
7391
23
293
21039
121
868
67
105
542
121
26550
463
6899
284
35
92
9734
706
1360
980
8739
9200
349
428
21331
176
2601
179
12242
3246
301
313
7235
12
1991
6126
18800
89
461
201
5
332
3863
10277
39
862
615
4023
397
11878
107
1254
12
222
157
1489
26278
338
31101
837
140
812
131
1614
96
2024
22
64
202
10129
517
964
63
98
109
2250
3171
183
20205
436
832
13984
6485
16851
3055
37701
1851
37341
1101
7430
74
792
203
13020
2710
46171
3
533
665
4349
2957
77709
4355
138
14891
1779
1647
126
240
18998
64
1581
2866
525
66
515
6319
95
11301
971
18
46
1320
1978
18122
130
25
900
7387
19436
36
1028
172
1853
13747
10774
17490
44079
1208
1390
239
35
151
5431
475
71
283
17333
166
172
8075
1071
2140
7492
181
51
9164
20
19
14981
2375
63
885
229
513
133
165
8739
2112
2910
335
319
361
1008
85
371
1066
91
98
9271
215
480
6979
1250
57
117
21
12544
312
508
4880
63
128
1397
1338
44849
18608
1652
3170
15
260
1202
4839
60
101
390
1704
21272
1215
369
94
17562
528
21775
74
12
14
176913
813
5633
14240
1095
37
255
3234
2260
26847
3199
3202
479
1895
384
1967
14992
85530
142
15476
32025
3550
1023
4280
12
28724
4381
1028
9641
308
123
2365
2682
7390
10919
516
40172
1731
227
27422
1238
402
131
1161
83
669
16
59
81
1840
810
19420
964
344
1755
14
1879
333
2201
162
80
11566
213
162
207
4047
53
26
19323
1149
66
666
34
14
326
269
33194
1
1664
21
357
15586
31274
645
114
377
11801
32831
1384
176
442
2584
228
2994
1087
777
3687
8032
3190
54
284
534
4254
5504
11040
1794
81997
19134
388
222
1446
8
1008
71
4994
26529
877
89
122
3000
30
1982
146
121
502
54
34489
2
128
41
74
2
893
24
191
6183
525
48
55
20
19617
4129
449
15
57
677
34612
316
446
9184
8377
658
65
1631
604
1941
7446
314
6538
18600
1360
8853
1540
1150
1258
95
44213
4741
207
509
654
9532
4521
2635
446
266
1278
590
661
10670
275
2494
1706
970
10570
903
3684
2285
1
3380
126
2813
18995
4419
3685
12932
1908
478
7883
1446
3505
156
2380
32942
21871
672
17553
5586
245
5
121
2580
1994
64
7250
669
13
81
383
1792
1764
453
1585
439
55451
47
134
11
646
5071
371
40
8576
442
2806
279
6671
74
2908
24307
2404
2279
27355
2393
6838
28
16230
34013
1735
73
1913
312
226
10684
6
541
4799
17538
27368
16513
3215
14062
33
571
18663
21998
63040
267
4122
1416
13107
37
144
27971
4456
112
187
176
200
469
178
8165
378
191
189
51072
1839
16710
3259
19111
635
2020
71622
47090
885
221
7
17
27
327
532
20
2399
15430
1325
249
64366
3358
1277
744
1278
37783
1137
4
721
345
605
4266
221
3811
419
80
11
173
13745
11259
42
207
805
243
17
159
43
7787
255
1695
2744
481
168
668
239
95
19720
166
1096
256
27
1299
21789
108
7457
35518
3311
9749
3217
783
4258
13739
62
22460
1468
396
2840
169
29742
3268
17823
384
1515
33
141
314
21519
279
536
72
1545
317
14997
3481
64
42896
19
4072
26960
2191
2533
34
4006
114
438
144301
4358
97
3923
11269
709
4172
3881
49558
7989
940
76
543
108
285
255
5121
47
1602
1927
932
11181
1820
1201
278
304
787
1991
1632
24
275
349
375
65
170
270
2239
2512
5
54206
2374
2982
303
4165
1181
5135
122
1893
2829
42584
896
327
1119
2086
14922
170
10594
3803
1946
143
469
11958
17
35
2729
13771
40716
7401
33655
7514
4991
3014
41
4265
132
51
7334
563
862
480
1622
909
693
5790
236
2181
23331
1017
7
163
4736
144
5
14901
1455
165
121
177
10427
2173
25805
2529
899
3931
787
51
135
589
28110
136
1790
7290
3479
2744
7926
365
22
2079
10996
26
4113
1761
201
1220
1631
104
3438
1177
3011
10129
6997
5660
29
681
220
31018
11721
2228
197
60
104
307
10192
3729
9958
1494
7083
516
443
2238
13
34
1892
22287
2151
5622
2025
162
1677
60
232
176
13278
211
24
1504
1117
14629
1680
1275
460
11659
1018
139
136
4701
1162
483
10074
331
11
174
1797
60
35
623
36
2464
93
1276
34039
25843
21421
6422
1229
7
791
917
260
40566
850
413
90
1594
105
160
6002
1708
4974
3
5725
2206
36
4386
503
1720
111
147
244
5775
201
1
622
23354
17
14233
564
2577
411
900
774
3285
130
12850
31156
24821
786
504
387
360
44
51
65932
5119
1036
113
166
2818
19026
1962
111
1181
2827
195
59
5493
8111
143
44
189
223
2797
9619
13852
116
1067
282
395
7128
1587
457
5057
84
10716
5423
30856
618
213
3473
28
7868
9035
23835
145
12725
3587
30
391
1583
20676
719
144
22479
1561
382
387
21273
333
644
2
777
20
3393
1574
312
53
27614
420
2517
1565
202
67
13759
342
328
480
3170
958
201
249
8066
16379
16293
2156
8421
125
73
1260
292
3098
2056
80
4397
12120
380
18
89
1061
97
50
3114
589
698
9
880
3353
3235
37
1348
74
909
1216
1521
1482
783
1242
178
551
385
58557
123
101
134
49
279
598
441
327
11
573
690
135
10
1602
24
22
643
11
227
286
35
5591
78
1346
1635
49
81
6
439
6572
306
702
7806
176
695
6890
485
389
1685
4929
16593
1817
175
900
17903
240
3307
441
146
76
2479
327
550
1542
18
159
495
16536
747
192
21
765
263
2186
231
7796
90
554
3243
30119
657
3040
247
612
5764
936
44
389
790
42
304
90
3055
1476
73
1272
397
46956
4107
17830
691
36
8767
3737
39601
12930
107
4764
81
9015
1787
3575
129
17777
20534
319
1485
759
27
502
608
81120
24199
436
828
1944
1232
18144
7222
10234
49
2906
771
194
109
9605
195
24
833
89
265
559
270
85
15006
712
10621
267
9
5741
147
516
3121
19
621
1607
160
1436
17
87328
62519
769
2760
2826
32885
29417
21
8758
3806
41929
143
354
455
187
3803
78
66
12345
5503
149
17
27
49639
331
262
158
21974
344
99
1231
1216
26936
158
237
103
44
181
340
7021
147
146
2322
467
6436
233
883
61512
200
10
1020
41
20614
31
3386
1105
2712
106
1510
634
7
38
148
414
2772
146
3329
2301
1
18
1058
53
535
5812
139
292
255
17315
1175
118
1692
1598
32
19646
4
5903
6180
1398
779
17
63
613
75
23725
220
12
79
429
20
4
36055
189
70
291
105
40180
7
24
3521
130
774
12970
1013
4
21320
20646
1263
467
7369
40361
692
1
72
439
200
3693
1086
103
20330
13653
174
2549
1779
892
189
340
77
7000
4
118
333
225
38
51260
3383
642
565
418
147
236
31
13682
1048
7786
128
1843
323
1260
35243
164
294
12242
30464
17222
4034
690
18266
110
1021
617
2188
58
2737
1130
440
383
91
7
625
14
4972
229
6208
592
462
4281
2057
36
8
36
717
77207
3488
3036
219
26
939
13
171
76911
119
1931
33797
69
472
297
8980
524
1773
6158
505
274
699
544
3576
17172
13027
22879
15955
12679
3015
757
945
8189
516
116
51
6
106
1861
1370
10841
1157
470
4384
133
65
1499
8
12274
5083
572
332
7232
138
29
5
306
68
5036
2244
29
61750
345
84
5250
75
59984
37690
325
388
15
5
26615
400
9053
4609
2241
27286
1217
3037
292
2607
15062
29
1213
14457
1026
19
1
128
246
61
2809
24
138
335
1234
4698
21
3263
8135
38
633
35096
5231
755
3159
312
370
68
1650
958
479
72
2381
187
43
55
822
17782
17
2535
25
178
2207
23
54979
153
422
781
30961
10462
2101
566
1150
3698
676
512
35245
1653
438
27
42
1132
365
157
119
13
173
293
172
13472
3740
184
457
310
423
1130
208
41
8740
1555
231
787
79
37
299
57
2597
882
50832
1661
15357
1007
2234
44
997
109
535
363
161
69
109
281
1155
24
68
22
40
43
13
1374
225
7159
435
1800
1151
1393
700
319
39
11925
873
226
28740
485
72
4938
8454
3654
40082
167
92
152
340
77
1041
251
291
32
146
703
1144
13127
108
1563
1078
2682
3777
2103
36
545
11590
1967
89
10504
141
8055
4603
434
162948
80
2452
58
297
280
43
22199
142
696
196
202
19608
716
42
3236
15
36319
2223
147
111
44277
315
991
16
31450
703
23
4161
238
166
132
12019
723
145
1421
9093
10705
3430
9161
7279
11719
526
6914
6806
93
539
141
474
9336
4683
2327
6111
406
19207
59
2283
200
486
1332
113
711
857
2923
1488
206
323
19698
208
909
198
13418
403
2376
11342
557
15
15
169
562
1936
16909
133
746
280
231
376
24742
82
271
1160
3
161
118
486
14064
925
4233
545
459
1457
326
34
140
83727
20863
48421
2641
725
379
102
238
98
741
172
47
8137
2980
235
10916
420
42
235
15136
2052
56901
19175
442
12717
11189
28120
2565
3140
127
55
238
800
2391
1002
14
9632
9874
19
144
8
877
30335
81
74995
10523
28
23297
1348
209
23081
91
69
17778
241
1335
251
12244
310
83
188
6
1477
273
90
163
329
8833
2059
319
1805
465
1
447
578
2978
46974
4081
1021
132
124
227
12226
725
12064
433
1644
40037
2710
17381
29
31490
4687
8414
5298
8384
673
8
2422
2630
28929
7393
26
11474
627
9042
116
139
2771
90659
25
2921
55
1742
7840
74
3756
682
32
1637
26
157
25628
157
148
19788
4197
929
195
114
13422
240
6858
1436
866
240
118
856
7612
213
2413
12224
2329
95
60554
904
4110
8694
371
476
247
5282
459
65
353
28485
2837
4976
772
272
474
5584
20
66
56577
1019
21529
331
124
91
138
12890
102
3844
79
567
1310
453
446
791
20965
3613
5087
223
3142
300
24
1569
3991
497
43
67
551
143
1102
5538
16359
11070
171
110343
208802
262
43
919
784
19281
3705
1424
1501
7143
1214
166
874
170
402
3196
445
1571
3
18
487
476
19
626
120
136
3011
3688
2440
3546
724
515
410
19
38499
15624
2604
1554
4430
20570
343
9147
1047
265
390
273
1832
32098
452
3389
334
4710
7614
4023
55
7697
18
1521
784
193
1664
157
1014
6255
46
13843
232
74801
839
1026
14256
2865
7506
506
397
59
35
2675
760
57169
314
14060
34
202
170
142
16945
106
23464
11414
7484
40484
202
106
315
104705
685
30752
495
1435
116
12097
12893
2047
106
142
903
4033
2259
2055
475
5714
1740
5469
29745
45021
111
20809
7867
254
7
37575
1131
23468
2470
4474
4891
159
1835
51
1779
3
84
4895
5161
515
1319
2690
186
7663
53
327
2140
361
138
1453
56
82
9291
1042
4185
417
499
342
525
33
128
500
2064
197
40
6990
554
342
1378
8104
236
14652
2205
258
1390
3230
17485
3
5496
365
5992
541
5741
2845
175
15946
312
6598
4503
66239
669
10599
428
5349
716
37
188
16333
972
38453
2918
472
8326
19464
106
226
378
2030
286
1182
210
164
53
286
22
20
209
21762
12260
34
11
868
261
6401
11886
7584
16728
3482
5687
30730
226
11413
69694
1562
879
2934
101
469
9
82
177
601
70
13776
531
585
105
2543
63
11409
26
7
1121
63
211
14347
2119
1971
1278
49
197
938
2978
16
402
323
215
138
521
7339
3962
34
892
972
198
348
18785
175
321
1483
789
910
11
1092
318
783
140
2622
84
9229
7120
11598
178
1800
1911
50
40
203
3031
18
149
115
2838
757
3371
59
1137
2382
9
929
216
1282
252
3867
46
675
32496
197
296
4792
140
208
49831
21072
9864
223
36884
21451
19305
816
2364
1093
299
7355
36095
8939
49112
1879
77
13673
33
5978
20
1594
202
133
168
6172
37
73
121
138
11
57
119
249
432
1095
66
23
16551
1898
908
72
5230
1598
413
83
39
8
1239
1999
253
435
302
12518
404
42335
20029
11943
12865
1092
326
135
5371
749
1792
31303
1897
3488
44
2403
59
197
357
66497
182
4038
16374
1129
18995
662
797
696
76436
881
1027
431
596
26
4998
2665
3788
1405
3857
479
1022
1477
462
1992
1716
2509
65
141
3586
8166
17
104
21464
21019
31287
213
53327
337
1913
10178
2782
73235
181
16694
5126
3602
197
1376
5728
3334
3646
3276
2478
407
5024
2350
17461
415
8221
113
497
365
508
25
1371
6110
168
696
238
348
901
8357
432
5993
2173
93
565
1396
1707
25293
798
91
3861
6257
8192
13524
534
18
1312
46554
7
3164
8280
2442
1630
183
1612
3745
27
22323
210
18
1394
101
27872
1698
882
93
621
26882
387
12
1809
1922
276
153
1841
18013
162
253
127
827
76
46
2708
337
3245
2367
311
1450
176
10329
11403
11325
7522
283
299
1900
364
639
2116
368
8603
404
61
50
4637
3355
958
41
1294
6476
8592
11246
534
182
37
8458
14700
2901
5578
542
5896
97
124
81
14430
406
1116
16781
73
43
503
944
16748
9347
286
724
3580
19920
414
149
29963
6371
76
1800
399
4712
1162
11783
1055
15378
147
6347
3442
29220
17689
27793
4493
348
781
13339
1560
33
24396
9107
24
6574
2449
2501
1657
240
2066
233
2064
1324
51307
891
121
1736
2492
1164
366
342
280
133
530
4784
196
4899
198
7616
17158
1044
105
475
137
3652
6245
114
128
1222
245
3044
476
636
33767
78
853
1451
6252
22
481
13221
1045
122
22
1977
3403
17088
26682
2064
69
17990
8094
36116
14617
1770
1541
559
2740
141
23845
3818
12172
360
24
521
119
18082
798
5643
3965
459
2033
89171
43213
2998
69
4808
468
20151
1148
277
305
33
55
312
125
417
12
263
7738
3504
11433
66841
3578
9676
840
372
6344
8797
3615
4568
26868
35
77
657
679
7034
19091
117
18474
288
55
160
1752
95
43
88
141
150
433
1001
1677
389
19
2134
860
92
147
62
2336
203
892
10076
2463
826
17
81
2691
84
2019
67095
244
284
414
1092
60
3645
62
29200
15
13
4901
1037
86
18801
14
320
106
6772
218
1559
67
3775
32120
1941
1369
527
345
7042
332
3145
2617
7
1567
2871
4870
2697
227
4450
9116
13597
6095
438
90171
6290
403
284
5601
2009
13196
6622
842
4889
1534
783
162
224
43
1538
12
32353
56
926
872
24
401
60263
2685
13060
416
872
1620
6194
8512
5864
181
1269
2094
1079
21212
1882
105
275
386
1759
54
449
134
3160
10874
144
136
18078
4715
545
116
4131
28997
19
31
8387
29732
28
340
848
88266
77252
8553
175
5821
12259
10129
10654
64223
1010
1102
101
401
640
390
129
1377
207
18709
34
67
1123
5465
3773
7701
348
886
765
2402
967
890
299
105
178
2853
3531
18
2440
1316
3623
85
17
1097
120
2052
728
35
343
391
2049
1583
79
93
8311
1816
31
1456
30
12178
1520
23701
2193
109
11257
1196
1076
71
207
6
658
1536
118
3363
172
2896
3214
243
322
1785
9591
4631
136
232
1485
21
25
11
10740
544
175
669
11438
2667
455
600
24262
7746
3162
383
16973
286
69
100
451
95
28
396
16243
1019
67
93920
207
153
320
2534
66
7
1146
1494
657
34510
4498
155
304
1904
13406
407
31418
550
1733
121171
595
47198
43
729
286
48
1236
2801
57
209
617
13017
622
511
867
250
7774
419
229
23214
3768
13562
69
153
2921
5634
185
35
71
98
11215
213
15142
124
5537
126
32900
1944
1
3802
1307
1231
21476
4281
2167
6585
64
58
302
24666
2783
28
525
1383
137
262
1265
5467
59
4466
544
508
30
46215
20052
10121
618
230
878
76
4522
410
435
305
26627
5451
2066
219
7967
13251
8
5020
18
408
1408
52
1435
3373
1128
3517
1684
237
347
17508
184
14
52
9627
11303
319
149
217
642
187
166
2890
218
63786
141
272
253
63
5130
143
1427
319
1366
748
1141
2542
1435
1445
365
764
722
342
3984
32841
626
87
1212
1130
133
2994
8450
1010
26
4117
2566
15
757
192
13368
2770
32510
11
1071
2328
333
3241
29047
1729
1634
19
2758
3579
106
290
42187
2506
14908
313
11
1157
1684
94
152
5835
10381
2055
7015
34
368
4491
47
2179
18355
56
5
819
5259
8474
4983
35470
15864
17633
952
37
41
180
14423
339
14089
248
981
59
13003
515
18769
38
266
960
399
2867
26
14
3117
134
176
962
4236
474
21455
87
9970
2564
201
18281
52
10157
5698
2479
2327
10505
58
5744
550
6396
4367
2474
190
427
236
1156
159
82
21
5366
8711
580
9298
132
116
438
86
6770
216
8526
3666
21351
223
57
2250
2572
336
512
36
14
166
7818
68
13928
1013
22810
2011
655
22765
212
24299
1577
19206
104
326
15
15649
3895
5003
58
8250
116
300
1149
318
4874
115
430
10175
423
2130
609
55081
410
7061
19246
1343
11412
698
658
233
2108
1609
2734
51799
139
25
4
3101
11848
1930
11216
209
86
7
1409
1677
54
638
158
311
3321
2117
604
4679
809
284
6405
19662
2426
2086
48
15
6120
1530
806
31
616
982
472
1948
504
4340
85
2642
180
31
93
482
141
1207
1056
19950
562
422
1809
232
4232
6637
5399
262
10744
286
11180
1684
231
330
167
453
3039
20987
3459
593
7225
171
9617
1969
167
1017
1479
8
1821
335
801
232
379
2553
3604
798
2534
1406
167
1167
1035
17832
50920
6481
27357
496
600
399
242
1005
50
2700
840
475
618
472
1299
89731
188
819
7390
27
21
238
158
287
18
100
991
12538
3084
11547
33
72
7788
1849
32834
2075
150
14980
36
7568
871
762
6900
189
7100
101
11939
2550
4956
90
442
3150
132
48
64
71
1196
3880
4345
11634
10520
17381
224
184
3826
536
90
669
2146
50951
1210
8971
1274
6
2600
188
5525
364
252
195
29337
817
137
486
753
86
860
2105
8034
126
2242
3375
17
1175
715
2418
19373
41658
298
4
15768
80
1326
445
112
2075
6170
3
1026
904
149
20835
133
23858
447
6292
12311
30088
1684
20
11053
111685
18048
3908
1002
12180
169
597
359
421
204
1377
1928
124
1111
1845
78
524
9896
10
7
12
12
337
4827
161
30014
246
15010
7400
144
61
176
79
962
336
1213
8894
7121
306
31106
1155
28
493
6897
27
252
2035
236
1220
3030
1287
2341
63
1693
23304
259
287
1256
3993
192
69
58
340
491
34091
207
249
773
50
12500
669
134
71698
1939
21503
2100
290
152
1866
10395
5474
824
359
44
133
144
64
462
1588
415
5883
3148
14115
6251
1263
13741
392
4494
43
1213
683
393
1003
2261
78
4717
355
1682
237
1200
44
2038
5372
33
216
1783
1381
15841
19457
5211
892
380
92
2472
7008
897
414
2399
471
338
48
373
17088
52
653
5746
244
5060
26509
654
57326
259
258
5
355
8100
4460
355
32905
579
56
1995
35154
19368
293
236
3982
5026
214
142
194
76
67
416
43
212
244
62
301
1695
8397
338
281
444
448
413
20
5010
3
3227
743
160
524
8769
79
1323
320
425
25
391
33
2580
3476
52
169
58
1076
4924
117
8767
576
26326
212
32463
26166
492
240
26316
226
11858
260
1812
1212
9236
52
4233
18648
33
386
182
1252
127
2200
13605
77
181
5595
173
310
35649
1443
391
846
53
20
363
265
251
988
516
63462
1206
1514
5270
47548
21611
21
26
13148
1789
2048
4664
17
406
4866
302
5287
50
21851
73
97
2692
111
210
600
25
3585
164
17310
3149
5607
2560
360
155
25
964
49
3
1
1005
47221
9917
1772
1794
13246
552
31289
7016
506
2
9618
1508
1090
2446
14
69
63
6568
1354
7428
1771
17475
1893
21357
6547
195
523
244
104
787
238
7783
1113
8036
93
1070
609
9666
86
624
110
453
6887
1497
1842
1651
726
91
1259
160
683
10
64
104
1008
2280
430
10285
11585
24522
25169
267
620
38289
7
131
1634
1
153
326
113052
2007
17
10027
12648
2306
642
248
12602
367
103
135
63
129
31
414
20
14992
323
125
68
27
6124
5611
46
91
133
1417
566
141
109
324
2362
2022
18
278
106
4839
3605
26
357
7098
3088
10555
105
1052
81
71
4032
250
51
407
4571
46324
429
871
1883
205
253
1598
1174
4093
1320
62162
285
2791
3483
16
5
871
16
1339
1490
40
2213
928
887
837
3241
52
32
115
401
1738
41350
271
6062
918
474
5104
541
593
25163
47
525
2260
865
705
8137
5918
5114
4005
9463
227
2805
32
1009
12457
21
82
177
138
344
5928
2531
642
4
948
5981
641
132
104
23060
1156
504
361
2990
7434
11772
774
3785
11816
678
20
656
4744
7347
306
1237
1653
56
163
4841
109
23702
5199
25645
612
101
271
123
402
1708
7
448
2203
1536
247
66
150
55
402
29
24
62
1938
6367
6224
53
938
2919
20269
202
5411
9454
64
1825
19
805
3194
955
56
207
6244
1908
163
9895
912
3361
3255
45
31
60520
3028
777
23
473
220
95
484
913
371
2139
11427
332
752
149
2156
2855
1160
2017
299
71
354
3509
12575
9162
34814
5859
79
174
25407
259
193
562
88
15
1530
6700
1387
465
11344
21212
419
296
291
1290
128
4288
1451
16413
24183
31071
7723
243
448
2075
408
16457
22633
280
2985
20
19
14605
9366
1000
71
5116
6098
20420
2361
5570
271
83
660
60
1337
322
1161
188
6824
3887
2183
399
3316
23322
398
39
1050
13584
2141
20497
1
846
881
17982
209
9630
2111
612
6587
6427
2132
75010
673
13982
433
6190
1417
122
24203
327
830
328
1417
18867
133
22242
58
7664
9529
13004
19
56
428
2621
6604
7289
7017
113
6006
173
44
6563
1043
1452
10120
3894
3272
673
32
309
6672
5499
438
606
1037
487
9
1111
11454
10
1745
4316
9330
114
4168
280
73
139
852
10
113
420
741
356
216
13907
213
521
78335
3287
1790
26
36
16809
66
12085
10
255
496
198
9408
3318
21
3384
5244
128
730
18
146
3
2318
25
28883
466
642
190
79
2207
1661
7242
2016
2306
26
9
385
9343
2695
781
3020
240
432
1283
536
17
25951
8191
9642
191
33525
603
401
76
2281
2633
154
47
1536
3
790
3892
129
469
352
336
25
7377
4902
9115
30
49928
4791
7861
51
298
118
1236
52980
133
469
786
416
361
18021
4801
23973
605
568
19
15489
9062
6773
73
11434
7497
21908
8634
216
291
11086
1618
20629
587
1185
593
982
618
180
763
641
9
27958
21682
101
244
1534
87
5937
310
35
1364
8286
19903
2793
5392
1926
7705
86
12088
50
640
12225
1183
1186
10
447
279
390
58
57997
12591
252
137
14040
30749
1061
150
313
902
861
168
220
735
43756
742
670
56
585
46097
1760
13259
1056
6
326
193
2752
1338
6
2906
2087
972
441
18922
237
1781
5155
173
236
2151
315
27
1877
13142
395
765
925
210
25112
200
655
4941
108
288
1898
397
7600
9809
3636
232
702
106
443
546
31316
379
24015
191
249
2
4375
570
633
257
47
529
2
4873
886
19298
437
287
26557
53
1159
4819
196
127
5044
5000
81
319
37
78
115
2212
3954
270
121
1880
7726
24
3207
12703
4280
28
578
8858
3571
227
520
837
672
1164
19
3828
82
938
223
1039
32344
9443
9434
2724
2414
8875
291
1842
1609
63
6506
14
431
151
6639
1902
194
17
6335
13
473
352
22
6149
328
2052
1872
10690
194
203
240
3237
3489
507
102
977
4302
43
473
6113
1201
3183
204
2801
111
177
41697
13267
35
482
280
3119
370
66
953
1170
2717
48
18
3379
417
41184
97
57670
1753
971
6707
139
11848
3682
1085
808
2299
135
55
207
193
69
10597
82
403
269
4606
35
614
19
23477
21
146
148
448
16
349
75454
21209
4559
2305
895
150
15089
11888
43660
5050
67
468
371
204
872
2188
1686
19
153
2299
11
292
982
373
6408
15561
47486
2595
71759
2539
117
592
8750
388
4534
5542
212
67
1928
6175
86
31633
516
7043
7237
323
1921
167
35575
3946
300
13201
28873
6928
9281
38857
8865
225
347
74
800
163
2034
630
21
4964
621
107
57
7078
114
3252
250
125
2051
548
366
750
161
3378
148
632
3783
486
37212
186
2948
208
7664
215
16501
182
417
26
25636
13041
585
141
2474
34495
192
649
803
51648
800
26
7848
1172
107
170
1976
9658
42933
90
84
1543
3217
19
16055
26297
570
583
55
75
300
61178
20524
225
425
71
9839
51
103
130
56
228
978
172
7842
3478
18856
304
6146
9
13554
706
39013
5327
36967
2035
3827
13
1809
1808
34
28040
962
42
620
87
69693
50
1598
215
72
184
1591
316
2207
557
2704
510
530
319
3236
23
8229
7139
4
26
52
126
204
3574
27
589
135
531
23161
44
1487
56062
243
13
139
314
12274
2686
22027
48
889
124
170
9873
911
56
1389
1939
3899
320
1113
68
24818
1858
664
1310
1825
15503
676
5661
875
498
1452
9497
13657
223
9085
106
2751
133
8628
1550
1359
14237
4501
14314
1467
115
882
16754
521
1913
338
1468
2931
113
154
2485
80
99
11634
962
149
16
338
322
179
343
21
837
739
789
351
93335
193
69
22
120
30
1499
1277
6228
280
2670
17271
3999
172
151
29
123
1867
2477
29
1209
648
182
680
314
2449
3855
155
298
18158
54146
3556
30
2619
541
316
378
55
437
158
2288
21532
10750
847
269
359
2312
246
30
163
35897
62
107
4
4706
1097
21231
198
1109
436
5028
30
61
179
4070
1242
28523
374
35060
2101
153
599
181
4219
15
123
1265
180
22
294
37
172
1740
13416
100225
100
94
975
550
906
3797
142
1388
33769
158
6158
437
2806
194
268
200
17792
81
5805
4
505
13753
441
7
563
148
1751
2225
60
1208
667
3554
136
68
5298
6556
19
60
3897
1010
265
36
230
4019
559
168
245
218
1165
336
8920
38827
89
119
3527
144
14543
1049
53
462
181
115
1999
3127
60
156
12824
396
435
122
14153
1397
4379
32
18867
410
20
177
45
764
542
33
34264
21197
592
489
144
2087
9526
25
265
18
1443
51689
13
633
6711
5823
185
805
1635
196
19882
3454
720
154
457
42
234
768
440
817
966
1148
30
35825
233
1238
1723
2817
14
170
5044
11681
853
1856
1009
52
11123
19650
526
32
1210
284
137
1975
1548
176
339
354
458
471
45
21
91
777
71
221
13762
832
1459
16322
1351
381
104
2421
54
25
197
830
176
995
117
39
509
2127
3870
273
1394
3634
17415
16355
700
3799
162
1160
9961
225
468
3819
19140
125
31986
561
10454
41
7474
19463
11
6701
641
1488
2665
618
797
55
4867
4365
605
185
1285
52
930
63748
13801
53604
2969
77
212
17891
424
171
26
119
22070
387
89
203
508
8
964
2552
320
4835
1911
4061
157
5209
670
504
166
99
24169
6125
1997
883
2062
5982
90
700
41
49097
31
17
96
76
2432
35
234
289
238
14291
11793
14140
253
3742
154
739
98
43
12
2526
6021
581
7731
943
317
398
12058
38154
13067
41615
1772
3632
258
216
104
5
3008
2848
230
128
112
262
76
1988
815
28289
333
2276
635
98
1106
1325
2714
43704
77
8758
663
66390
74
589
166
122
222
70
103499
110
8490
260
28
186
8265
195
204
251
12928
378
8694
5755
2
10212
488
1798
3477
6598
10967
3489
225
512
2266
807
2378
32
1565
80
100
26584
16
103
51
1926
404
129
478
5163
389
3906
219
11980
1338
1183
4196
6
2423
2511
11006
537
417
420
13393
1633
8130
44
740
146
31764
17814
122
6974
333
170
2909
191
2312
1185
33
104
173
15196
15760
25885
11487
26898
781
762
80
11275
48
5646
51033
6998
574
4359
6895
30
13371
8
2121
865
40025
6116
2699
1
174
343
220
419
237
127
2753
445
71
83
409
2061
717
22
51249
47
181
4820
21674
164
4795
176
6313
2114
25892
1069
1522
885
15948
19
49016
102
26673
115929
16981
40095
5948
99
85
1521
67
507
4
54991
241
101
446
209
2386
7263
1088
42345
20523
1579
83
374
99
2272
707
630
4758
940
42
345
16
547
22123
109
46
498
9
265
487
87
540
858
51
2831
2069
967
377
12
3329
142
3469
1412
14454
2742
48
940
304
331
926
506
10329
29
15634
934
6873
14
4833
172
3904
460
61
27654
651
1158
73
6037
2993
3192
5638
1148
9
165
9330
1804
2616
989
86
2809
2211
3774
327
55602
1702
12659
2466
23555
6776
7625
283
10667
3623
10957
37846
111
525
880
6600
337
101
3036
21123
269
8835
688
15804
9175
25
1289
322
711
968
6800
3567
4819
21812
9
299
18563
8934
6506
5106
12162
273
609
162
9369
926
10784
360
1610
785
9155
3659
360
2888
968
22358
797
10019
461
22
474
9
302
1011
101
538
4117
3999
191
180
927
74
319
3107
332
280
534
22502
11902
933
559
40
77
16277
194
304
989
2557
4963
2075
242
6902
1245
144
13172
703
206
21272
540
3647
1862
425
1324
34
496
70
33
1258
297
1842
27
22375
213
128
64311
406
406
554
379
265
56
5028
2452
3869
7207
1790
2278
61
173
1930
203
4161
1298
170
10895
455
445
24
1196
586
125
166
260
234
541
530
1882
817
461
865
114
339
568
259
1024
1661
145
20182
63
428
165
23221
687
2706
228
697
191
24
3
2671
556
4959
52
69
2556
240
24
297
1689
15
8821
12070
5895
8516
290
198
461
5893
106
6222
119
66
976
5417
4987
643
880
5040
11674
24743
23344
42
7904
67125
12807
2931
11583
1608
310
16
1368
20272
123
215
2967
737
6278
35919
32
1054
150
198
4570
9939
84
252
16212
977
5380
88
14699
360
136
515
12530
1085
2939
21913
7206
9
29235
390
14398
5692
5345
1758
12168
22887
2171
6070
425
22
5
12335
411
10621
695
506
1048
2677
15722
485
1041
1371
2108
3148
1860
6097
27
16
551
924
392
28267
174
37
2831
16
161
2469
641
730
107
7629
28
159
106
10306
147
320
15051
2800
1335
38736
4223
2655
429
281
8111
8579
10743
6445
4486
661
743
151
83
120
1367
511
2239
5234
5408
38
222
304
243
163
294
390
1413
1620
6
231
682
130
12177
9614
4125
7187
1941
331
4549
2839
794
2248
1
1784
4033
271
521
10
1799
27
13230
9304
432
220
152
9
4545
38514
4268
60
9
743
3681
345
38
9828
148
3783
7082
1189
6925
9023
11936
2262
135
43105
6786
15958
1239
87
2957
11536
752
782
1369
1969
1714
242
12736
465
801
61
86
4660
3778
47300
84800
97
6166
1127
1967
12682
383
1070
2154
55564
10279
22
109
531
11747
16111
2805
5
1061
449
1109
98
13621
1722
162
15
172
1662
92
362
20
1057
3438
18690
19
53741
226
3215
7
9466
27
674
1231
2509
1131
97
790
10637
42
10042
209
38
1855
543
97
11917
408
40200
9516
8490
1264
9126
3736
168
770
811
86
1183
276
1980
12687
147
250
201
1800
35660
58
4424
393
128
247
1092
3218
34106
4087
57
20
199
5397
73
19
343
512
183
468
892
2808
8621
72
4354
2
132
2958
333
350
49
43116
5456
5
24196
37
114
97
19
161
980
58
10
2464
7873
2360
725
1124
21134
11557
4245
16
2233
3012
49
767
5424
165
258
78
242
38
537
20
12082
869
536
39
4888
2938
115
16621
187
1018
7145
690
392
1444
23
5041
497
22
856
13522
8401
234
13330
1811
4986
32988
16703
9856
3543
673
593
4099
154
19798
129
2962
20
2240
2141
451
2877
9
152
2239
846
3474
2572
642
34051
2967
22263
80
5615
1405
575
40
460
138
89
71
1392
30
3210
74
423
161
12
555
21
1168
166
213
366
202
978
4144
1432
322
274
231
280
422
1206
19
142
391
108
24085
245
8925
2837
997
28
7852
112
664
8212
73
715
7782
15609
6500
746
5244
788
759
1343
4044
11135
519
607
199
98
1879
6984
17694
14
684
93
64955
143
183
15239
13
7
12536
24
107
39
30732
1414
151
27
294
32
68
904
1856
1393
222
266
1507
6238
723
6087
462
17445
144
3
77
696
1739
2549
672
8654
6901
965
3466
26666
119
3126
15644
115
24022
7914
2963
196
17861
265
59
212
344
137
88
3770
199
180
144
4546
120
