190
1527
73
349
389
98
96
1821
285
4
22
3238
372
4
262
92
1
9
1
667
85
1
585
24
24
861
165
195
1518
1859
104
1274
137
101
24
450
1041
81
283
632
940
1891
2
61
7
1374
224
960
275
31
175
55
1129
198
6247
358
11
1777
6703
541
4
98
1
1225
5
2
3936
50
145
262
517
2305
135
1461
39
84
201
1625
233
37
44
151
327
1365
92
227
54
2351
2021
12631
250
781
1329
12
337
168
80
1195
214
2856
28
118
183
7636
11
79
962
244
178
251
126
3796
1
685
181
461
91
15
1408
1982
217
533
346
183
48
253
6465
297
496
30
507
60
1370
117
216
46
303
4931
360
588
77
243
9912
2036
117
1602
1
1
219
259
1463
213
241
38
186
6
25
36
171
342
75
123
1648
522
1928
79
15
663
22
68
44
96
354
2365
88
62
81
226
78
135
227
4
36
349
64
135
31
570
1239
191
111
177
139
21
3
113
53
892
82
438
2100
2850
5685
23
425
11
222
593
638
629
467
1265
371
40
31
13
1
440
158
117
44
442
292
233
204
327
38
211
99
3275
151
1598
1024
152
99
1362
49
478
7
52
12
167
304
923
2508
129
1483
91
267
398
74
408
65
130
6
1
13
25
453
41
44
1815
705
4487
48
5
339
381
1883
7684
273
444
106
4309
8
3117
685
1982
1736
898
2875
89
23
202
245
21
769
42
68
139
970
542
915
157
28
35
613
167
467
174
2718
26
556
1045
65
325
1672
230
2472
1032
566
1245
40
2127
2146
1153
4266
1379
402
1078
200
7230
707
295
169
2624
67
2505
196
137
5540
300
19
26
79
385
2320
2066
197
4532
2278
114
3573
912
24
927
3212
272
4922
1848
214
359
673
97
253
6312
196
2298
78
27
61
940
4278
124
347
1601
344
765
1761
250
2597
2363
46
459
127
60
869
47
1
18
2760
471
1094
1823
2614
621
5
35
3589
378
666
2843
306
4271
275
192
2
4535
5
1181
1605
3061
126
1748
695
19
35
166
166
1739
93
17
6148
796
191
244
4062
309
199
2407
5650
2098
1474
67
2156
35
8
282
382
56
707
847
624
496
136
5368
1812
9228
2115
2621
430
346
9
1495
1
499
2399
224
78
445
990
80
10
9
5804
550
51
41
898
156
117
818
792
2768
60
157
286
727
3187
42
546
1722
181
977
3759
67
3161
99
1542
236
1623
139
58
173
66
589
325
343
5
103
392
68
73
5534
26
974
410
981
182
91
65
1205
57
466
2477
169
2544
2272
1185
6383
70
469
52
2162
566
20
106
688
1662
1
5527
650
12
1237
2492
108
427
2
112
381
371
1623
706
9
339
226
989
107
160
1
1829
154
70
209
4813
3688
694
886
103
178
548
3100
388
1867
546
460
21
726
141
492
4099
117
1458
125
276
4739
229
75
59975
195
800
1255
371
8
3326
11
334
125
2574
269
2391
2447
60
122
223
1358
4525
163
928
2026
191
10257
11716
139
17
7
1339
3494
568
62
2964
1873
139
13
2645
140
275
1353
315
36
26
8
4
15
108
1394
20
2313
269
100
788
454
362
94
226
87
17
495
2667
203
61
679
1136
794
54
128
186
31
1364
2477
667
283
87
311
10600
520
20
1713
2503
182
244
514
2066
66
683
2302
257
1798
465
1450
132
686
3308
90
200
1537
178
636
37
65
2
124
1419
1
300
70
65
68
308
1564
254
404
76
523
1078
7073
2567
197
307
1441
162
96
98
30
1116
1047
332
1620
34
50
909
592
650
5
53
376
223
76
13280
825
59
55
156
376
2812
205
830
21
5045
330
524
321
856
15
488
1738
207
340
22
339
26
1585
1236
625
1
300
264
2070
821
381
327
344
372
7
940
14503
129
326
860
29
607
127
851
25
47
1238
3
2160
61
131
75
78
1730
127
1974
105
31
3450
39
445
300
1536
11
1107
94
1044
218
128
2544
81
470
136
367
1
2581
40
2241
919
6318
774
921
217
7303
28
43
111
7
47
658
323
1172
444
14
316
1252
5674
137
1572
46
792
746
208
4329
25
1214
1594
160
5055
36
54
72
291
221
104
39
5808
108
548
393
1348
196
42
2
848
362
1667
1040
468
1765
5232
233
3138
96
469
92
142
285
3607
42
68
827
1528
218
1916
2032
222
203
2747
235
400
182
50
183
8
2
165
2031
2149
195
24
17
1723
3754
112
34
6581
942
823
565
1404
816
59
1375
1061
22
369
3037
1531
62
15
1296
447
718
2803
270
102
1260
345
2240
60
504
116
200
43
187
2791
109
66
999
72
144
956
262
217
128
116
49
329
7
369
11
57
382
5881
522
175
95
515
345
1529
278
123
297
57
91
4
950
1
109
15
221
2771
1173
340
6391
12203
40
64
108
2732
512
1166
42
5495
273
301
108
194
151
1093
62
31
209
602
6182
63
3089
282
160
115
1250
544
90
1685
1742
86
88
1146
43
1
364
1621
366
2369
35
3594
2056
3162
1
20
2487
732
1280
2431
70
183
946
100
1082
342
2484
145
288
11
243
12
134
253
390
49
936
176
1155
1439
1435
546
276
4871
821
499
1548
3742
133
1787
27
2548
1
52
338
293
2457
174
170
50
2877
258
50
943
303
1324
17
2
973
288
236
84
5420
236
704
600
83
1321
99
270
246
114
1383
3378
297
55
202
58
496
607
83
58
841
1444
1164
71
19
3734
82
129
137
962
673
45
1632
5
1250
14
120
3
927
279
103
4598
2075
153
261
561
2586
497
736
271
135
881
1287
59
58
38
7
44
788
1617
38
68
101
295
15
10734
775
203
1036
429
2195
50
278
128
56
88
307
2998
5219
273
648
79
2509
3399
22
1063
940
651
7927
62
570
188
607
2236
54
27
1
854
22
25
1
36
9
18
416
36
1104
91
251
223
20
299
477
252
135
816
2533
431
24
120
700
8494
768
21
543
211
3027
597
29
410
158
1028
209
303
56
1
17
1620
603
67
743
90
1712
5680
33
192
333
209
15152
573
53
1351
1806
3304
2770
94
1072
1908
1021
566
815
422
774
1698
469
66
763
357
202
5
437
77
2212
94
1
117
132
190
5165
112
296
1468
110
126
84
104
1439
5540
286
6944
197
110
886
828
1929
7192
6256
236
150
56
250
274
149
852
81
88
2633
1845
1976
3902
1392
71
225
2429
71
12
250
1344
125
2191
43
3425
1350
182
1054
2866
1139
78
1785
469
34
620
5341
158
171
39
11725
185
2
2426
64
1821
69
1073
1786
41
1334
643
72
48
1882
2915
58
62
54
109
2774
141
303
54
150
1484
646
1459
46
1864
206
101
1719
479
522
173
46
232
362
148
3103
38
2151
157
128
159
33
190
602
900
52
279
82
343
1210
106
1381
1292
176
62
57
2312
266
1340
52
97
224
133
49
720
3842
2788
5653
451
1020
5511
116
1522
93
17
6398
38
5690
178
3491
356
186
87
193
726
125
130
62
798
3292
424
81
667
10943
3897
91
136
173
269
150
453
115
137
203
59
850
748
44
158
83
1216
114
219
21
22
171
186
56
1390
44
20
6104
38
27
976
232
13
129
1501
513
1280
99
914
134
825
139
116
172
99
330
1232
155
1108
543
236
1755
7891
41
1314
14394
340
96
48
350
863
1555
125
43
170
133
322
302
160
437
44
602
113
1089
2177
264
2490
10
6555
365
421
2877
172
25
1191
45
43
154
512
863
1552
129
173
253
2588
187
186
969
1192
567
730
3604
3745
123
1237
493
257
1211
223
1273
385
346
50
3796
1957
459
41
191
41
1899
449
1996
220
822
5344
323
526
20
190
469
82
23093
164
319
443
334
20
136
702
49
207
21
25
454
390
479
1404
87
305
3166
59
2074
118
126
770
841
2219
296
27
451
40
159
2513
73
530
1750
449
4
263
5
942
2135
1247
293
81
306
71
5064
40
32
5368
1771
1589
2582
194
625
32
810
865
530
23
1551
70
127
146
1128
707
22
2233
81
314
45
169
1199
1231
1197
2575
370
6472
274
97
50
336
24
579
205
59
3299
295
468
1275
61
723
25
207
37
137
91
590
47
81
447
909
60
1444
1287
112
11
3543
392
78
389
244
329
254
51
22
97
1
144
946
1650
34
7128
1485
2182
18
324
684
178
1404
151
2220
126
514
25
49
3852
3140
107
2307
1036
8345
66
232
1577
6534
18
4941
577
103
75
224
4093
680
723
107
285
702
6
424
894
230
2663
2124
7027
1821
265
194
621
313
871
205
14
28
798
31
929
97
129
1003
534
348
1587
606
24
12
122
1615
304
3037
344
186
25
421
55
5179
497
87
177
15263
660
3119
555
4808
2218
1
209
35
260
54
343
436
10505
6
109
5262
484
58
205
673
369
524
121
91
187
362
312
1
251
238
115
228
66
70
1343
616
933
565
965
352
463
373
552
287
2321
2443
2730
2091
163
1033
654
66
1848
813
2027
7
422
192
225
118
292
161
1335
461
98
2691
352
3123
149
2545
1262
146
407
552
1449
2609
245
4208
346
828
149
483
79
139
359
82
135
111
33
1354
42
254
467
291
236
2330
35
28
1692
189
1
2895
49
1703
1
115
501
634
104
152
36
339
2194
121
864
17
1003
1286
108
133
569
21
19
15
203
182
412
5270
579
1292
7
2573
224
383
21
44
77
40
1023
71
363
1355
39
200
83
1
27
112
6633
242
11
246
231
29
47
1536
451
8120
764
890
169
235
453
542
642
6272
85
176
189
30
275
257
16
120
50
109
139
190
593
94
55
29
265
305
4783
2096
248
29
16
441
127
90
90
148
850
448
313
110
43
3050
1333
127
277
3961
1287
508
4639
1598
640
47
629
1970
62
4546
611
2141
13
2141
259
54
4147
193
5780
33
79
1183
636
554
369
669
61
3961
1
398
570
170
748
60
92
5
222
7257
9483
11
2178
12587
238
709
3922
194
1915
392
51
39
13
147
270
206
208
97
743
4
123
587
159
105
114
12
2216
12
1721
30
573
405
184
605
369
719
766
101
1156
53
1436
2556
1209
2169
66
19
2122
39
2023
1849
279
1377
1520
44
1742
848
83
2292
224
1744
962
1618
1287
5643
24
1962
1656
15
5
64
18
3145
2521
63
457
69
3742
2072
1672
1694
105
1452
250
791
2913
118
5
152
2
2492
14
261
14
1551
49
2610
927
77
8727
124
2578
2849
265
62
47
3912
2268
334
80
129
2412
854
40
128
32
56
54
26
427
354
11
29
297
338
237
798
2103
203
49
192
803
415
2057
1368
1007
50
32
5085
514
164
1287
46
68
297
356
2176
577
979
228
366
1534
893
46
172
3221
1274
73
1738
96
568
2404
256
502
329
968
2894
1947
151
1306
187
48
2880
428
138
162
42
646
5584
191
3611
1
206
240
287
24
397
1533
265
2068
10668
120
465
533
44
792
125
624
48
116
1077
107
488
1354
75
130
1740
1014
2319
355
371
5413
1790
1741
86
64
1609
150
639
950
981
330
6479
9
167
317
788
106
1631
60
181
85
154
19
113
529
1457
49
152
148
244
56
2205
4804
354
44
588
1505
1869
91
84
52
93
807
45
123
44
97
1725
1016
2434
474
1381
130
86
1769
236
314
874
842
239
503
26
205
503
23
194
69
1045
187
293
476
4557
97
231
353
2502
154
206
378
630
1253
643
112
1162
4959
1551
463
75
1839
1699
91
280
53
1570
909
237
2215
91
2897
31
191
33
504
808
70
187
2201
686
218
155
396
428
193
143
278
200
165
105
740
77
29
354
214
146
66
2810
216
886
69
252
1059
53
376
76
99
246
195
327
193
27
34
2007
1025
322
193
55
168
35
164
170
204
214
2202
16
570
8
26
64
968
2821
875
73
3025
101
55
757
193
298
108
232
88
243
44
844
231
35
116
707
325
190
222
670
109
1381
106
1846
677
336
185
3947
66
118
124
3202
235
2263
24
111
152
125
544
12624
10065
445
2707
733
694
1512
205
108
4234
237
652
111
44
211
1362
1
79
75
7
4421
166
4473
23
1578
1148
27
108
229
115
111
270
168
42
1791
2
210
1919
298
1111
930
116
335
546
305
158
183
395
3769
72
197
74
35
107
2310
786
390
1
136
464
408
210
609
128
2733
305
2757
448
102
108
423
280
1188
1649
212
313
77
96
3368
937
446
896
127
188
2666
484
602
120
2499
50
3143
1213
205
2078
26
186
4126
7
54
692
41
1492
44
923
1787
38
180
18
20
688
1073
187
334
2185
307
133
225
33
24
137
1987
121
66
2084
17
7862
187
1849
179
1686
1900
2033
2133
49
1536
432
270
97
2259
98
715
1
113
137
184
448
23
85
107
1961
45
149
220
19
6890
349
1916
194
251
145
993
262
2538
107
7807
1
4305
18
959
52
17
57
4
33
25
137
1760
412
183
969
502
359
489
818
19
285
24
2217
192
288
43
176
3714
2540
8772
212
166
170
175
2738
271
80
6
959
8
362
759
32
3359
200
126
246
1806
222
38
4015
397
857
5194
3995
2275
95
144
867
8
795
168
838
13
178
1022
109
2124
22
157
2
858
148
245
250
5226
202
129
974
790
50
417
1560
357
30
843
657
185
199
2918
28
641
2507
121
664
2005
91
45
588
2
13
57
6506
1
2015
251
12
99
1
243
1154
67
443
32
40
44
6
88
208
238
53
167
332
1572
1518
351
3257
210
34
28
497
3502
651
111
803
675
268
393
11
1584
2551
1732
871
60
331
1835
534
552
578
3472
9922
3685
93
134
700
201
147
506
37
123
539
47
2614
45
46
38
1
83
290
727
285
63
211
278
2474
1431
97
1023
1278
76
3039
15
365
42
832
19
3341
134
614
109
1475
135
85
2919
352
251
143
306
1
334
341
80
1038
70
200
808
174
156
266
3014
50
51
85
5
116
796
119
33
159
1076
8369
178
306
63
570
103
750
27
23
1720
366
705
9599
210
707
2008
167
6046
4084
175
2
916
16
50
271
461
3
4429
119
643
535
657
16
901
96
41
137
717
233
720
111
2348
8
536
3
1071
11
2484
646
438
881
640
3006
90
4
285
183
1915
80
194
8
9
641
117
238
219
14
57
1968
180
994
2243
1540
5973
615
10452
1331
533
3294
919
90
103
5575
465
30
677
98
42
2869
103
2537
1391
472
173
81
5639
221
1271
147
17
127
7499
389
121
544
7
1192
1867
421
195
1203
381
47
134
664
67
440
163
1026
91
28
263
67
74
531
3345
1396
336
63
1277
1415
152
46
18
1043
40
160
2862
787
1112
153
1131
912
10082
193
4491
5083
2892
8062
183
1633
30
138
1153
46
31
1381
337
2376
2314
861
653
64
2596
164
17
132
3276
124
542
1735
7
8684
1465
152
1
140
923
121
186
410
113
3112
58
1627
93
777
161
1086
127
430
72
2323
1698
240
1186
198
494
14
31
2406
26
79
581
199
18
124
1936
4
455
2099
35
371
1182
27
645
1341
64
108
2142
1
73
23
4320
798
124
140
60
22
1064
326
12
639
157
677
40
690
88
121
2365
111
20
63
35
12
4536
332
61
41
2619
1772
1598
7115
24
1758
151
974
1
2883
3498
374
2284
17
57
102
94
787
4347
174
17
145
866
2132
47
35
779
8468
133
54
4
253
1816
341
615
136
106
99
596
5370
879
123
19
318
3936
916
3522
596
733
211
328
182
259
50
346
785
1513
1691
272
1135
59
372
66
7
108
2811
28
6936
87
213
120
78
125
43
22
48
3557
222
324
624
433
160
5306
640
74
335
124
1595
577
41
1481
77
45
14
14
1597
345
8314
145
134
337
1039
5868
166
13561
235
2369
1215
303
455
1
35
163
397
787
583
656
835
12209
145
956
357
1328
676
864
1834
32
36
310
233
22
1944
193
373
1234
266
880
251
2018
51
58
2726
230
161
911
533
86
1081
734
1110
974
1301
298
46
280
1230
240
962
2340
415
11
2833
125
736
855
529
37
321
45
170
2922
2556
210
31
3
2107
717
104
4286
52
80
858
219
296
74
70
257
1084
1581
106
1399
195
1323
180
219
1075
1256
1801
34
866
255
25
837
2431
28
12
64
107
211
2
206
3005
34
949
396
3712
2543
278
4
1105
128
14
1762
530
6
28
3086
3068
530
2110
107
639
1065
102
13546
311
2523
60
3685
1
1
938
760
1863
61
56
2271
230
103
175
215
43
224
838
222
1381
417
218
1720
1734
831
52
2949
156
1238
14
16
7005
160
89
135
13
1489
1232
1467
583
467
200
1423
3714
2999
489
197
237
737
75
766
186
18
1604
1190
65
192
19
234
95
6822
3568
1471
68
1240
80
1347
142
177
209
706
103
3173
49
77
39
629
34
113
724
212
156
382
720
61
3227
1929
103
194
192
1902
9029
369
807
565
73
30
2559
301
1627
608
6
52
242
682
1630
173
1836
264
291
28
1897
4382
2036
28
4318
263
383
126
4703
5
8180
1
24
202
972
198
20
1
22
1208
1641
2928
168
96
1000
103
5452
374
1778
360
295
440
256
128
3936
95
32
2400
273
38
58
125
1349
426
61
82
38
6729
295
126
12
50
17
14
183
75
71
3134
89
329
477
418
197
3091
63
2405
268
135
2569
160
682
276
322
365
2766
4789
3349
145
339
3025
58
26
305
607
169
213
108
564
292
279
2926
1446
258
177
98
168
384
949
519
282
494
824
143
2828
982
1298
351
18
652
48
1065
43
2
16
1326
3443
1590
193
902
69
1537
390
9
45
110
1203
457
977
242
545
723
33
1481
108
133
338
78
558
140
1257
309
43
94
334
28
54
2370
258
112
2932
93
63
1733
54
1021
43
6
59
556
440
255
11
179
136
1951
49
1
120
716
120
661
19
177
3862
24
16
222
128
1214
76
37
575
6047
59
5
353
3256
50
5
90
11
14
27
15
1882
2245
53
204
129
3
2357
255
493
20
54
97
78
1082
6378
25
41
41
1802
1535
191
277
400
2
451
133
4558
1591
460
20
431
269
165
168
128
278
320
1538
6128
1817
398
228
286
162
156
1221
3442
450
941
104
32
73
417
334
963
747
37
2161
629
469
1099
779
624
2101
34
16
5
39
1521
1121
115
412
440
1498
161
128
244
1
42
1621
599
2453
76
104
358
572
244
166
1995
1807
44
476
12
471
2587
30
985
21
4782
352
1995
8081
739
80
474
431
1
1531
32
29500
3376
1
416
5
1712
2943
474
2521
108
2084
575
590
2
665
891
3367
58
16
8
501
146
195
1803
32
111
286
241
46
1270
704
55
70
3373
2013
1061
166
4201
6639
157
56
417
37
1967
466
246
36
3563
517
162
728
92
1570
70
1
915
2511
2921
27
237
3501
14
981
1762
60
4400
52
380
1
2961
138
3969
67
606
687
937
13385
3307
106
68
256
1016
59
243
4088
24
3
14
73
86
165
2411
950
63
2659
283
38
193
172
15
235
3298
106
2580
19
1894
3327
53
1809
2174
2583
177
65
1
188
2227
2039
1360
553
610
7977
274
141
66160
95
2106
30
1600
160
155
267
5898
211
2009
108
1896
202
107
205
257
325
175
164
35
32
5620
256
70
200
275
69
955
44
503
70
411
83
4054
162
325
526
9243
46
112
4477
25
40
526
2426
230
92
1209
2113
74
201
1366
164
3334
14
3431
10
73
2455
2
124
3799
677
1279
57
727
230
19
2036
295
1843
6750
349
1885
23
86
270
118
218
3343
1005
30
1679
632
33
791
15
9183
213
291
74
3748
4815
98
595
7
175
40
13
2067
282
2293
730
271
153
139
6593
132
1383
7
403
3382
133
17
211
220
1003
14
93
6
397
57
335
62
20
75
2339
140
19
13
85
38
148
176
144
917
152
3992
681
57
96
110
172
1658
3181
241
142
3708
737
3235
3120
425
128
1311
373
14
502
2306
648
202
38
441
441
1972
57
224
54
461
757
1975
1265
2244
115
1041
2213
239
161
180
167
289
112
8033
181
314
2650
19
602
1818
79
237
281
307
94
869
1782
11
2218
151
317
117
459
3825
247
21
340
151
1026
1194
10346
177
251
309
7359
24
533
33
69
23
434
1935
12827
84
251
2805
382
260
113
10
8282
320
77
369
591
425
222
29
2233
869
283
314
4182
18
130
139
29
41
410
1275
192
1071
28
175
2118
1416
216
6775
914
942
875
4808
3191
935
1314
778
1359
25
184
3388
309
1960
176
734
499
36
3656
89
3036
125
406
1085
263
271
3204
157
43
954
43
386
2416
245
816
252
2372
1920
933
696
66
54
167
1639
276
1265
58
41
9912
51
1710
3585
718
113
2054
115
1787
549
63
194
413
18
75
1025
30
2930
1400
1188
123
476
1779
878
1042
15
2359
1261
72
38
91
79
333
848
49
3765
13
20
214
1050
388
693
849
384
2
40
1972
6
531
401
1199
1950
511
71
222
19
161
126
611
122
69
101
2473
264
527
2507
459
316
47
956
232
125
35
1652
1215
1
150
20
44
135
867
1448
153
467
363
1071
146
139
78
204
86
3140
2815
62
203
2554
1702
108
389
113
136
762
102
2912
2138
899
543
264
424
82
30
1477
301
1023
12020
193
177
33
91
4101
166
107
82
29
258
367
690
1431
1714
189
31
541
1746
2293
953
196
1685
2064
582
768
29
145
12
409
99
468
87
55
397
84
80
9
369
227
291
546
56
1321
4686
2843
234
456
3713
391
1944
665
52
12
53
13
1451
673
18
612
118
469
503
2113
1
359
1700
51
12
156
31
216
20
544
100
492
833
5319
101
28
1057
20
142
1
3060
2152
14
1264
290
52
581
276
2
2328
189
20
31
1120
308
31
49
218
291
720
406
337
1212
170
74
57
1723
1260
642
57
562
604
2114
1029
1899
33
1862
805
1641
2716
290
221
521
84
1206
1532
159
943
93
75
15
1266
84
220
182
446
213
5162
52
98
185
22
1670
1515
2993
516
213
304
25
97
146
106
2121
48
294
1890
1327
393
30
880
320
342
2682
2190
136
29
412
2845
51
3
371
16
100
1
124
366
30
195
76
143
7360
135
1656
572
390
122
799
388
237
1007
2201
44
23
447
8333
1634
487
105
37
262
641
38
8548
797
221
2072
994
119
54
162
6
576
276
6
299
579
178
267
36
159
89
493
266
177
1429
6887
1054
1296
246
14260
41
7284
84
98
90
137
2
24
1835
10
363
8365
4507
51
205
373
4495
663
280
259
1302
18
2022
116
44
18
351
417
293
213
90
802
192
669
2674
316
13
34
100
286
729
157
3798
188
2559
45
57
1314
1049
859
240
41
1682
850
158
113
105
9
939
2059
2614
94
115
3
494
13
66
1053
342
93
72
75
425
3682
4490
284
3962
57
61
145
1550
471
192
76
264
74
40
329
392
9808
8
195
87
166
178
1163
1117
72
89
1492
1580
1733
568
155
2796
33
520
1354
6
63
17
59
617
125
1935
2048
911
128
2358
2092
1241
236
593
2132
196
3130
287
198
443
279
148
5710
146
1157
1657
677
785
57
507
484
264
486
828
2097
181
3183
137
1122
432
320
889
39
277
56
947
224
2465
102
472
264
1677
3175
13951
11
387
43
44
687
1520
482
1257
682
1629
24
1140
19
295
22
80
307
19
58
694
23
2283
115
4125
5151
3638
299
5237
121
210
314
2061
839
73
39
5183
80
61
326
1155
2161
158
5
57
15
2159
224
886
3
2470
36
7
1
76
19
61
1225
370
36
8
41
2124
148
157
101
149
2607
2168
254
61
67
6653
119
1149
320
103
158
288
1153
225
87
72
1342
1152
13
123
6
162
72
2583
225
7
901
1474
408
241
16
180
1704
379
675
19
75
7
32
158
229
35
163
749
892
161
5
268
203
566
247
1
805
2217
159
136
70
3985
1304
71
1253
43
417
1443
492
1281
1069
719
146
227
501
543
404
75
223
1436
31
400
1
17
766
1656
1659
384
98
3044
78
6380
469
1277
22
45
10642
126
1080
483
1589
619
43
1233
5251
1658
9107
629
1645
97
91
45
4783
1511
52
60
1379
4238
1211
151
85
288
356
208
638
876
210
904
2457
72
172
1119
149
70
2021
2466
174
979
4538
370
433
3531
328
977
459
172
5931
220
807
1383
115
4305
284
1302
98
1794
273
21
285
118
121
71
435
2631
3279
58
199
18
349
30
409
1592
128
98
255
77
2471
242
2230
1268
2182
200
209
681
590
2256
215
283
35
846
1471
381
1385
583
241
118
35
129
39
12
3
93
5978
86
226
233
659
169
880
2245
942
194
2314
18
2088
33
888
29
713
253
231
76
3726
5798
4542
1924
551
17
876
556
441
3400
4
17
195
2445
1345
199
108
2996
34
676
244
135
176
41
169
75
258
34
6764
93
159
280
28
297
1
125
370
64
275
464
30
90
1295
394
63
135
160
224
223
246
583
112
273
1035
450
3981
222
571
796
65
125
1380
401
534
439
316
954
76
339
572
318
3
45
1730
1096
24
165
239
292
489
83
153
1204
80
4942
257
168
886
106
5611
45
1344
118
91
5
140
42
46
1475
192
181
131
1465
5177
452
1699
1072
181
263
44
122
24
29
5445
32
108
1186
27
5
32
610
185
23
275
1329
816
6
2119
6590
30
35
1228
2671
1475
410
2231
105
2286
969
216
96
4577
13
29
3456
4682
3416
23
2270
3045
2541
61
78
734
494
224
3334
1704
89
30
2152
281
465
225
2219
2551
232
208
25
82
110
70
242
2673
15
1216
314
174
53
1
66
82
883
1505
198
989
116
24
40
13111
29
126
92
17627
61
1280
585
187
41
234
4563
1590
19
177
24
3204
2
1461
1116
32
211
553
2
200
161
4777
809
12
1536
95
5525
111
6
62
828
60
26
735
474
153
141
1176
112
152
3
397
52
85
191
1399
456
4390
765
108
139
4
860
271
1589
17
4135
59
1162
1024
1617
481
18
196
9462
939
87
7
59
227
2512
279
350
36
271
1427
4866
96
187
85
1894
2303
2465
572
257
35
1666
286
222
553
256
51
6
66
288
58
248
188
4551
518
131
36
1315
859
1866
182
7
1385
2805
418
883
12
891
345
1779
877
237
3179
51
12
354
2581
1778
61
4643
1048
3841
8167
56
448
40
31
664
56
102
1053
467
868
88
78
102
1043
35
583
820
62
70
1914
254
2
1206
724
4
835
122
185
25
1199
6175
967
1074
1028
2029
599
1789
692
447
709
306
22
1976
185
1408
405
252
2787
38
32
9720
462
111
502
275
730
1137
118
323
408
2215
1311
43
92
74
276
999
2136
2024
818
952
420
56
1539
10
12
25
197
61
62
62
107
1443
172
324
1593
812
3100
11
221
4718
72
78
5291
285
1330
4155
585
60
2103
720
33
3573
9
66
81
858
176
3158
197
674
357
122
4114
192
28
4306
129
25686
458
104
1024
416
1480
265
1467
68
4420
518
880
371
409
1572
158
636
257
91
173
13
1083
266
185
17
204
45
8304
217
441
981
44
7568
55
183
6756
16
61
303
670
21
61
1227
57
39
2941
1688
1318
216
157
2386
97
113
101
2249
43
1838
262
1047
968
328
166
24
15
7
129
425
570
82
43
46
2209
1089
1130
2353
925
1157
1671
15
514
325
711
381
1034
336
343
51
594
539
2279
1345
1339
336
208
1
560
2802
865
54
464
2160
1
5364
64
847
6
218
2086
127
3504
315
243
29
3188
16
2537
114
253
384
2560
223
150
259
1812
57
84
1385
6
35
1393
813
133
126
903
436
404
53
35
462
64
85
1037
2265
5
18606
82
631
844
1455
69
140
78
918
244
674
93
336
100
7
1620
638
831
1384
113
12
1284
1288
466
1926
1812
248
1180
360
125
7
265
1105
536
1758
1594
2075
271
321
15
4505
50
461
875
798
253
103
217
28
196
1220
45
1005
18
1
38
36
118
5
33
735
461
822
100
3166
102
1462
49
378
26
389
183
4732
14
2901
239
91
183
616
221
149
2461
189
304
243
1017
24
284
321
1710
47
247
553
1112
1049
12
386
31
570
67
133
40
301
312
554
391
84
154
4
3388
231
839
1481
365
104
57
1431
30
736
3686
236
1410
28
294
2807
22
503
205
1444
47
211
46
46
211
1778
209
149
38
3462
191
162
2113
299
3250
21
61
735
674
218
461
417
1290
39
304
28
1982
81
104
35
5874
1043
6
322
213
1360
1193
28
145
37
140
55
289
2845
43
2
1073
50
720
290
569
191
278
37
63
44
1196
1427
1364
226
661
37
203
154
404
136
352
160
1965
1139
332
91
338
1802
988
563
175
94
1610
206
2871
111
35
8
96
9923
4328
321
879
864
87
1339
229
198
110
668
940
11
793
2188
261
1348
3213
173
5719
16
132
786
10
1559
420
2299
122
5198
74
1064
514
234
139
236
2519
861
429
2528
60
305
42
382
3
120
123
55
7267
3703
523
209
229
292
131
254
280
267
347
1473
29
65
75
13899
1508
1699
1474
3560
122
65
253
1272
1735
65
944
272
43
1821
2596
66
1639
35
219
58
100
472
2127
14
47
35
125
1
58
405
437
377
47
44
85
356
35
994
1438
49
31
168
470
149
219
120
2608
1445
275
31
558
1441
326
8
837
210
1328
4358
100
616
245
28
82
88
907
79
123
144
1269
89
802
5595
199
684
136
132
210
26556
15
129
1
984
379
3317
380
1484
63
644
740
530
14
1185
1569
38
1404
23
892
2461
882
1772
640
1494
17
72
211
2784
1154
54
1
1606
104
17
53
1
1091
4392
2
117
167
2805
1394
1226
36
26
13
1487
45
24
193
14
2947
1492
154
381
592
1
211
1215
203
71
796
1
423
744
33
371
164
1238
771
3109
16
6
93
23
23
80
166
1251
197
115
20
280
1939
1
62
43
259
5
171
470
1
454
3269
2178
117
198
115
360
284
1655
1068
1051
448
10
28
30
18
6
1957
78
521
36
418
92
23
320
92
83
68
82
1905
34
245
477
1067
326
262
1
111
1160
286
246
101
1294
151
240
2140
1636
279
1619
11153
139
166
104
472
103
68
850
353
116
659
916
817
300
124
2349
44
2149
87
15944
8
35
232
110
235
126
92
1369
1
4
187
1097
322
431
1712
45
46
10688
74
178
7
118
1353
88
233
47
450
280
51
222
13
712
132
409
372
671
2137
140
1
683
102
155
412
235
276
76
408
19
70
109
194
3984
351
7
4542
230
990
7
1642
551
4901
1376
619
122
4631
227
106
3015
32
1543
6914
223
285
164
1639
408
73
252
1
8167
896
319
245
92
3660
149
9
294
53
1275
1124
132
515
153
33
141
108
9554
1755
497
1500
125
30
48
329
443
401
683
243
32
119
101
28
62
1768
5323
3503
78
106
586
601
448
122
142
216
32
277
156
566
587
290
132
366
50
870
173
346
119
27
13
2080
155
827
1050
538
24
93
599
678
217
547
207
230
17
608
2897
3992
19
82
59
2466
76
119
222
37
561
230
327
51
472
829
1015
293
371
466
378
197
60
1576
180
1
639
103
447
1147
224
1183
951
1575
3458
475
1921
26
366
1339
1711
2888
2416
211
123
829
3406
4822
3817
111
177
347
9
111
2118
4733
1697
47
171
641
38
139
119
1726
201
586
3394
214
1848
93
375
36
371
5384
155
5467
812
200
1705
3501
358
152
1043
3629
558
1599
45
3
4829
1604
30
1382
552
1364
122
4915
31
970
1
2326
325
351
1214
4423
93
104
1565
6676
780
171
508
413
222
3047
288
3597
1553
198
163
45
3492
77
4238
106
193
118
3532
54
1502
241
1178
17
208
1298
2476
2044
53
1271
262
129
294
105
534
300
857
85
17
132
126
167
43
133
235
165
1650
258
1412
9
311
1140
1508
149
119
1420
25
117
107
127
95
2273
249
102
1984
103
1093
8324
156
465
52
2
329
1189
95
1983
11
28
1108
272
145
431
5
1656
419
38
3894
38
296
756
39
13
23
37
43
149
1231
106
2280
48
308
997
3
1822
299
199
3068
680
361
1081
95
3165
4286
15
893
295
2105
324
1465
1247
133
359
1876
3
423
33
1775
867
2114
372
32
218
200
224
377
1481
241
227
1244
4328
765
80
60
2295
54
9062
46
145
2888
1124
30
37
13635
2174
194
5
3241
59
4676
358
7833
528
87
517
251
2243
427
942
537
96
38
3120
497
102
130
10960
2638
135
1667
5802
168
1272
248
227
229
264
59
1136
88
637
7460
103
569
833
3932
765
1267
862
331
240
211
236
492
728
177
24
516
54
1507
35
295
1488
5440
71
248
274
212
4230
4450
329
387
536
147
168
1412
182
132
286
92
630
65
135
148
29
92
720
368
426
117
12129
51
322
293
94
939
180
23
97
3
3346
104
1008
146
156
545
656
187
109
4613
131
959
244
104
1423
267
57
1220
5280
632
1
49
1399
2344
218
4
1316
115
1075
481
1519
104
2
90
3173
1561
187
85
1752
258
909
657
164
16
179
407
13
36
474
255
19
34
471
2043
1249
306
697
1593
71
5459
27
1415
104
96
284
1576
258
301
3161
197
170
458
222
29
233
116
711
4317
101
73
226
391
440
183
206
231
273
1256
324
132
40
136
37
29
180
118
2306
7715
191
3028
4804
99
14
154
107
551
122
328
120
49
27
70
2965
3733
1755
42
1092
2470
160
150
702
185
286
2088
56
572
206
204
194
15
540
53
193
53
375
1923
381
105
578
134
565
710
543
392
1077
50
1389
411
70
140
156
853
153
273
67
377
239
685
1478
397
642
510
13
215
111
29
942
6401
130
1372
527
272
1442
4031
1123
380
838
388
4
16
1892
139
3455
132
91
315
1914
185
190
282
331
355
442
199
232
1197
1
1486
38
9
114
53
1534
40
4277
191
106
929
6301
27
1948
1757
239
1225
138
38
1045
43
35
265
2147
803
21
206
4057
1179
973
94
82
397
49
1248
41
1917
475
391
211
217
203
124
1729
1566
502
293
1002
127
606
825
229
135
3092
2
424
257
4715
12
521
3123
498
112
3641
47
113
1182
344
45
11251
17
40188
584
2669
49
149
1178
133
1562
27
1236
737
63
470
9556
777
5683
3438
1808
443
808
100
966
250
845
382
362
926
81
616
1828
327
385
1240
98
1581
1248
291
3737
3226
91
280
7837
16
14
99
76
339
256
16
655
23146
1954
1967
2270
661
465
2103
1886
357
21
200
61
2227
10
21
534
1171
59
3447
131
159
30
113
159
105
237
2147
147
245
188
8
193
163
163
342
1380
220
1329
933
1822
369
114
303
200
2856
199
200
9243
26
79
270
317
35
261
1513
1
75
698
110
323
127
92
117
11
58
217
258
183
1712
145
2976
16
24
2092
7
570
3928
1671
288
867
395
53
757
8887
447
109
104
15616
2616
300
268
667
213
422
6013
50
486
183
2
2348
149
330
760
1504
1282
5027
118
167
247
266
299
166
996
34
39
294
154
457
145
184
2917
88
447
728
110
51
136
407
1256
164
339
20617
2351
92
2062
11
2085
58
2719
87
2049
375
825
110
501
1576
660
1420
2027
33
1999
103
1
134
298
405
1220
213
63
36
12
351
64
544
54
32
126
5128
14468
920
1159
310
1107
1549
2845
205
2
5320
2245
108
247
2552
420
359
922
1524
108
27
1901
3156
1751
1495
2156
2215
155
2526
498
129
594
23
217
40
272
111
32
1359
103
137
2
688
716
262
260
18
874
772
171
4975
77
417
164
77
2141
245
3947
82
110
204
93
833
2078
100
5318
47
45
1692
120
1245
259
1228
811
150
66
828
794
33
619
11942
241
286
211
153
92
4430
82
101
95
41
1059
70
209
2048
196
746
44
80
240
51
2238
95
193
35
67
3644
175
215
30
1962
301
324
22
56
4631
37
5964
32
51
189
172
3857
54
117
5171
78
8747
426
19
123
244
32387
454
961
990
1
240
38
458
109
822
45
77
70
544
3073
1247
155
445
240
218
38
123
143
1670
20
22
1337
758
410
3244
103
65
1229
106
119
164
262
106
138
151
5
271
246
124
33
108
120
1816
2826
560
311
163
14
18
1053
22
10
1381
251
734
1396
277
711
89
2003
5788
276
14
49
136
913
74
113
35
75
191
124
210
211
16971
6434
87
1390
239
7000
98
1716
160
329
208
790
150
143
719
7888
5470
1341
545
2040
1645
247
125
611
36
1000
242
698
1210
214
1032
518
546
1743
3905
239
398
211
125
513
528
56
1510
1553
148
259
28
120
510
22
225
2362
1998
198
152
101
14
61
437
3
343
56
117
4933
710
78
5001
1932
17
160
126
152
344
6929
1976
575
636
1621
8
66
181
526
943
105
1573
557
629
544
646
526
252
202
449
319
480
119
165
340
973
20
346
1440
245
1226
249
785
102
321
591
729
85
185
1165
3298
187
845
400
44
815
53
703
246
606
289
669
312
1411
514
3982
195
176
5
386
186
28
200
162
747
300
241
15
155
302
180
684
1442
223
1884
167
66
196
843
229
367
333
4364
1808
2374
34
1893
393
2382
1085
35
114
23
186
937
71
3028
476
181
642
147
2317
1011
526
223
1043
5023
1682
20693
595
164
202
12121
1149
500
2159
97
1778
398
12886
366
90
39
2322
15
1178
153
196
54
5438
295
137
7802
209
223
848
127
196
4704
230
145
194
322
189
2
264
682
298
1388
103
1
27
123
559
2453
56
20
118
603
348
61
1674
2265
1050
73
230
1235
1226
35
3931
64
97
7
200
169
241
24
3206
158
47
94
383
374
1020
311
76
692
1286
31
179
73
78
649
2130
2673
129
29
1718
1053
180
3497
129
5260
158
106
1
76
1504
1045
389
67
108
28
2998
113
2216
144
6531
4
45
2795
46
1886
6004
1033
735
5368
3096
10
586
447
423
2890
1774
17112
2621
157
322
39295
2262
43626
2827
4166
1096
1064
43048
285
38171
15717
98
1716
181
626
947
1076
14835
8752
24944
7644
2201
7662
34941
354
1755
8834
245
83
795
1748
54173
5866
11996
5510
14728
18850
1102
23718
4948
5981
8586
44
3011
2672
2829
30562
5596
3526
66
98
1879
28
2129
491
185
1114
2855
58
103
387
101
35
873
63
446
231
442
110
130
1993
5504
538
571
450
1582
43
3
1648
42
214
1
52
543
1902
3215
1213
364
51
114
375
47
123
2774
132
4
416
136
34
132
907
128
111
1399
1419
209
207
501
24
1417
1
307
56
87
77
837
99
125
926
20
222
83
275
188
755
5588
429
29
97
269
266
1735
1164
264
10
47
3212
51
217
111
224
454
556
48
97
338
1355
140
69
84
43
262
56
108
1013
125
995
1595
31
78
70
388
79
91
33
67
4729
1182
46
9
1809
6708
35
3204
268
423
220
79
528
760
52
350
12455
61
92
236
464
2727
232
257
1459
12
51
592
885
218
39
2441
1790
1530
224
6
71
3757
168
213
765
2072
95
50
11775
1259
4091
23
1929
713
75
24
204
39
1858
346
63
957
36
117
226
29
134
30
2670
1264
168
327
917
625
2722
1524
130
2057
165
2086
79
1668
114
3005
51
31
44
2131
54
253
5629
653
1600
121
19
785
626
2168
5782
157
2236
34
2822
393
391
864
184
39
1079
565
1108
119
239
113
172
1
1097
4263
15905
55
188
146
84
149
608
62
316
907
89
19
1189
1514
47
2087
302
180
196
162
787
3642
390
1331
20
168
1632
429
1767
1766
41
663
21
1778
775
146
38
612
874
881
465
501
266
35
448
1
102
1330
2120
208
44
48
834
78
54
226
53
526
52
464
23
82
94
1583
217
714
1846
3052
157
327
95
158
1793
629
1326
132
246
430
108
132
466
2597
58
129
368
174
17
2302
234
732
373
95
53
244
33
1629
600
62
198
116
29
274
193
34
237
670
668
181
91
1532
96
149
14794
1008
580
104
245
168
695
1215
18
848
424
1961
180
253
42
38
354
1
368
9
65
19935
784
31327
343
863
518
140
107
17
77
15
339
2558
59
74
1047
76
306
382
126
215
747
183
93
40
151
254
1995
109
123
1273
305
3869
827
667
3209
229
275
533
2008
521
192
16
194
1774
3880
538
247
89
1803
48
397
206
156
185
1
1868
90
3506
1252
129
3720
654
18
2662
1192
638
1852
13
190
133
3611
2009
3573
126
669
1446
8
310
118
714
1479
99
76
213
400
339
283
144
1302
2068
3236
369
489
53
5
1197
474
369
328
658
541
346
1662
507
2534
3362
40
89
141
304
191
185
215
404
1337
2077
86
1607
2069
614
225
519
10701
50
7
370
975
663
436
1745
2072
1357
24
259
421
71
612
986
60
332
2
349
1179
127
402
129
5211
519
1064
53
805
1516
19
2
15443
97
24
638
3804
795
79
3181
727
334
4391
1677
2136
1288
227
219
573
376
148
6
117
86
962
20
104
780
136
1
3566
10
1
215
1586
82
2634
137
53
973
1958
2248
365
261
357
1161
2600
240
164
19
437
145
314
26
1308
263
530
46
90
2830
349
2834
1450
58
57
367
106
618
135
728
227
146
298
126
10
172
68
673
1063
5891
20
126
1048
117
93
77
19496
241
3939
2139
174
175
3470
254
166
1286
63
107
76
2092
356
1193
1419
1860
646
27
39
9
9
1853
7
35
102
245
30
2166
37
3187
531
2
15
1524
52
74
147
221
18
1379
379
2291
11
137
2750
2249
66
77
97
295
113
1525
10147
2313
730
26
121
230
2
1525
171
830
64
174
187
35
81
11
2289
125
51
406
358
61
362
51
150
91
55
95
164
626
234
189
2662
1189
296
754
1072
259
62
387
2287
867
219
308
1673
719
944
114
18
108
50
1587
2533
5
266
79
184
299
469
269
897
2
1785
483
426
25
66
48
246
623
4225
379
201
287
26
7452
217
579
80
262
600
6
593
56
503
1446
92
39
90
574
29
26
2640
24
231
56
46
65
254
387
1
150
8597
164
342
153
1420
109
1000
1294
270
321
638
3120
467
2109
3581
374
1106
199
106
1001
73
2886
876
64
1600
1601
8
95
402
108
57
582
459
1534
463
42
1197
5250
997
137
126
3371
49
3
112
195
36
970
2767
1279
230
3650
69
162
126
2005
1629
327
1058
242
16
179
278
76
199
2491
5313
1
68
396
39
394
2024
153
2176
108
1069
1184
16
323
11658
41
195
789
5457
8
121
60
419
1931
744
2461
1108
496
33
54
70
2828
144
575
1424
125
79
144
909
686
1740
606
1
95
147
117
101
33
211
60
72
461
58
29
2878
78
4688
286
87
535
779
19
6
3281
2524
1030
6725
150
181
92
6682
1749
62
1568
235
232
36
1538
68
510
94
167
234
144
4230
1018
1048
184
696
62
261
1432
57
108
90
977
534
900
842
1199
57
97
3422
334
83
37
799
498
1214
1950
62
86
190
433
1037
598
128
698
6588
118
1890
1
1056
560
137
927
139
10
136
372
3693
4249
188
6941
289
220
59
43
53
252
675
3291
1208
282
491
1818
841
84
515
81
4909
39
71
43
383
3316
241
3003
182
1615
1676
100
718
81
76
101
99
2980
23
37
827
1500
187
2619
1093
81
4604
125
18
166
18
1199
556
129
306
95
96
357
263
162
1568
14
1755
4540
1423
140
538
1503
1405
905
871
53
180
1481
988
111
67
140
996
290
135
4073
506
3620
5218
357
539
146
215
211
91
152
248
119
22
123
81
349
7
17
1
286
3
142
69
199
195
1410
102
33
29
114
155
87
2710
108
103
247
976
275
270
2230
1560
2558
1435
387
65
1139
6
75
513
1259
263
27
886
4627
89
342
47
934
107
143
8635
132
2
814
85
802
5703
579
114
607
74
1719
190
244
59
517
345
90
1108
30
618
2697
58
32
753
18
164
200
1641
1592
90
2199
3990
142
87
374
955
1126
198
114
39
10
17
669
668
229
410
431
395
95
120
2
321
1679
188
4
1391
290
613
326
81
75
121
304
367
43
2464
249
20
354
280
1377
1448
7027
430
30
4
87
353
767
27
898
1777
2521
49
439
53
243
357
495
65
1989
14
377
3830
908
2621
360
53
21
80
383
1532
4411
1289
79
3855
117
72
226
114
423
830
1
7480
1673
1581
185
544
1781
612
768
610
23
18
750
128
7
101
221
35
206
164
41
93
191
518
73
769
1292
844
980
1836
496
1342
815
124
531
78
183
185
124
434
162
95
75
177
99
642
1074
59
84
3177
1015
1849
334
553
599
103
216
168
271
457
4614
71
16627
31
248
34
39
88
25
1491
423
73
85
97
144
1997
227
21
113
1398
516
1915
133
522
250
1133
15
189
1626
1075
405
1441
91
113
1787
269
127
48
290
1919
265
43
364
917
614
949
316
85
66
21
61
8
633
841
915
2600
148
108
2696
229
76
241
91
374
476
101
215
477
228
148
1179
618
50
92
97
44
311
60
220
712
1593
58
326
511
848
2157
5
1070
67
999
501
51
1066
42
1044
3884
322
52
41
6082
511
4913
1449
557
162
109
351
6561
3740
918
29
142
1148
705
357
105
1893
1
68
66
90
183
357
104
179
