226
218
168
282
178
61
665
127
219
5
394
6
3
122
179
16
305
6
166
4
14
182
206
1023
292
175
165
184
211
102
1
126
44
1
27
259
179
222
194
225
60
11
47
95
173
92
214
176
207
185
55
6
12
114
171
217
216
214
11
221
243
464
3
217
215
180
149
13
55
19
42
127
165
175
396
129
235
498
280
217
56
424
262
126
274
241
56
347
175
172
55
218
201
51
179
192
95
171
91
215
234
182
58
183
249
176
215
229
223
52
178
221
19
181
3
420
74
155
192
220
195
174
1
167
490
399
243
178
182
57
299
221
216
12
7
175
182
179
5
1
11
95
121
183
95
208
12
419
221
1496
179
805
50
192
4
168
34
300
309
218
210
165
25
258
217
221
114
1
227
90
248
52
5
217
241
217
23
181
165
117
7
264
223
234
196
14
21
100
330
7
105
6
97
182
144
182
173
1
215
10
123
225
61
76
157
185
6
239
479
142
36
81
137
341
165
90
60
55
55
95
68
225
478
187
752
4
376
83
282
123
337
215
178
125
55
40
56
19
189
206
172
168
1
123
219
55
225
5
214
212
1
216
15
17
231
634
121
187
8
2
1
254
165
123
320
210
1645
45
11
184
619
92
210
301
22
688
538
229
407
236
209
164
135
54
257
171
234
71
7
324
232
247
7
146
1
213
180
133
245
178
221
187
181
1
57
217
5
188
427
172
76
63
165
223
217
137
10
103
164
267
224
121
167
6
1
325
99
20
231
218
10
193
3
119
218
219
207
167
72
234
5
186
85
11
122
271
222
1
26
16
154
301
408
56
55
51
225
243
154
292
331
167
175
165
215
168
236
177
5
3
481
45
424
4
171
212
203
271
1
204
219
326
171
436
228
186
29
268
36
217
182
175
240
48
54
165
201
222
126
163
170
133
270
181
2
215
229
122
183
6
44
762
260
182
8
39
3
5
332
123
167
126
204
5
95
240
198
331
374
221
92
364
130
170
9
222
29
123
289
213
122
702
14
217
138
239
164
1
4
337
169
216
17
221
15
174
5
727
225
95
178
224
185
1
181
222
25
244
139
172
213
90
55
55
458
222
129
199
189
262
337
167
217
242
124
195
191
519
458
212
200
658
150
181
95
266
211
167
252
175
215
1
184
157
228
127
56
216
22
337
98
165
214
168
233
167
207
123
185
280
172
210
217
479
285
211
210
56
170
211
172
4417
218
203
191
55
179
210
16
648
210
167
218
189
141
