4
531
131
79
315
350
289
240
312
259
1066
240
135
4
313
183
14
12
127
275
124
372
238
5
140
22
328
10
28
1
203
117
22
32
282
42
229
322
29
348
71
223
306
350
297
388
125
126
301
116
235
452
351
115
304
136
319
490
485
83
314
365
252
418
1126
310
363
295
238
273
266
290
45
199
5
6616
115
133
7
435
5
29
438
124
2
6
1
301
324
116
282
304
40
132
128
139
24
272
1
27
319
65
77
467
1
688
253
745
7
17
244
115
105
115
2
309
314
246
1295
331
6
1016
114
115
5
5
15
88
24
125
2
51
330
442
7
142
383
12
139
533
11
122
12
514
1
356
95
486
117
117
115
243
494
196
396
386
404
309
124
58
376
44
402
422
5
297
113
358
23
119
225
38
552
575
2
8
837
250
294
338
35
1931
117
233
118
107
554
115
14
4
115
200
243
235
47
545
1144
307
10
8
1
245
43
12
1
517
494
37
109
3
306
188
28
241
595
439
127
128
11
312
117
54
59
321
84
6293
230
366
17
130
243
318
482
296
115
280
660
240
861
226
257
191
679
225
322
534
332
133
