108
25
77
79
1
36
54
16
28
1994
28
911
110
32
76
229
68
92
163
212
275
46
64
28
64
140
25
41
17
44
37
71
30
48
224
16
75
752
59
4
662
15
116
277
13
34
59
18
96
4
292
132
424
94
6
65
133
6
43
316
1
67
195
9
1
1
51
5
213
72
116
45
39
33
11
111
66
197
270
134
93
12
44
66
61
24
52
176
45
7
26
1
18
15
37
48
90
44
143
16
96
2
56
70
68
70
6
59
50
48
43
11
29
39
73
1
50
1
4
4
1
40
19
1
58
15
1
12
62
8
11
122
9
167
20
544
8
81
1
13
1
24
52
1
49
89
117
44
79
159
101
86
3
187
56
10
157
61
79
13
87
698
51
43
6
32
24
16
39
207
17
35
51
21
74
29
23
10
8
190
1
90
41
11
43
57
57
22
35
66
11
1
43
8
65
9
60
3
45
426
1
30
65
30
1
30
19
185
146
82
14
86
72
34
1
1
8
95
63
61
1
201
14
12
20
15
39
74
17
1
33
331
1
21
18
1
34
73
77
39
4
17
269
8
15
1
30
26
68
29
41
124
23
1
5
23
4
35
16
10
1
101
30
46
13
65
41
105
3
9
69
6
1
30
17
56
379
154
11
1
13
253
39
25
289
41
34
3
17
13
23
109
127
28
4
13
1
22
19
17
45
257
73
73
166
52
303
78
17
1
7
32
38
37
13
19
165
192
1
1
28
186
52
64
140
83
102
25
98
25
22
17
13
115
37
43
48
111
73
28
55
55
36
216
19
26
57
168
17
14
53
40
85
134
20
58
1
24
20
7
81
37
126
15
9
18
51
9
23
17
6
164
18
7
172
39
4
1
1
118
101
965
4
39
15
3
28
1
57
85
709
34
31
37
16
7
9
8
1
12
20
135
14
9
43
17
69
1
1
4
8
19
56
94
7
191
27
81
113
100
149
106
1
40
14
44
1
7
145
62
39
98
22
72
11
14
15
26
81
1
9
1
1
1
19
35
24
5
155
110
100
108
440
1
1
3
86
51
176
1
40
1
24
27
5
389
31
83
61
390
19
4
8
94
134
20
3
13
73
13
36
372
7
1
191
19
13
32
50
15
43
18
21
7
20
15
40
1
16
1
39
1
18
1
8
45
15
1
92
899
25
9
74
124
22
47
24
8
1
15
25
149
22
571
23
2
19
1
25
