10
27
122
79
8
18
165
86
12
169
29
8
485
175
637
1
194
262
116
82
517
88
1
14
306
34
1568
50
69
57
108
313
10
7
32
221
22
120
202
26
577
228
73
953
150
42
289
2024
1004
64
456
155
12
41
14
30
58
93
403
15
22
473
34
1338
479
34
2
107
627
3
1062
211
562
211
206
92
142
11
225
422
11
79
226
371
366
12
264
10
48
98
303
11
200
5
39
305
262
52
303
933
279
565
120
15
222
33
636
579
4
565
71
1
11
410
224
3
106
26
163
69
200
8
611
7
472
208
1
297
17
439
4
3806
11
686
306
117
354
146
698
215
119
3
18
7
86
1
7
38
34
20
12
791
213
30
669
491
148
265
1
190
19
9
5
75
257
229
60
124
415
168
485
86
102
34
304
379
11
78
54
18
80
106
12
2357
40
990
72
5
10
110
246
20
65
1
9
90
101
5
54
9
43
23
182
3
62
7
4
131
189
223
95
117
184
124
59
24
55
132
286
210
295
213
4
2
83
16
91
10
45
95
1
4760
