1384
19
737
1695
1256
1508
1978
617
107
73
1551
676
1039
836
1232
1359
62
424
2295
586
1117
131
1094
400
2252
309
527
323
1187
2188
97
380
2795
3328
53
34
1565
1027
403
2708
5529
326
584
869
971
34
363
893
2877
877
1548
266
412
2736
176
525
554
128
6
64
1779
498
462
1320
888
226
183
529
631
486
785
352
462
95
516
669
497
1
665
696
386
349
281
744
358
50
401
1801
1194
347
1578
308
464
692
568
1411
363
552
152
559
1500
624
1061
444
1607
765
168
1723
707
21
1044
2993
1185
1253
477
606
3893
8
20
914
2014
7291
946
416
1288
359
151
1011
23
1137
2778
1284
54
245
712
966
438
577
334
540
650
90
86
3
294
782
1695
1462
242
173
179
1289
9
30
615
829
4
410
1837
517
1068
1136
1361
506
6
1
994
1559
296
925
2098
1463
752
226
340
4140
344
689
3503
5
243
177
1235
1258
594
1114
345
1275
226
4
125
1885
1234
356
58
1653
538
384
45
760
1162
932
395
162
589
323
1194
2178
295
241
1195
1135
1879
112
330
218
76
92
486
70
996
2087
275
1104
451
704
2359
1372
391
26
184
614
2
675
700
1526
1999
115
489
681
4426
274
616
404
372
556
423
177
881
1906
13
632
358
119
674
593
8
610
80
449
1105
678
730
739
307
1550
665
308
1227
1250
1083
43
1546
768
591
1554
504
52
1752
563
2031
144
1632
25
796
120
351
147
634
573
778
203
83
1182
1755
9050
19
969
937
307
1027
598
513
811
248
281
652
476
1719
622
5530
758
49
349
108
1097
1104
1728
104
6329
511
30
12
829
988
1971
323
83
137
709
644
1628
1228
1132
4995
328
1423
1246
6412
230
905
3512
205
1135
785
1293
71
53
132
89
583
107
1797
959
608
19
435
20
303
761
9
653
655
1052
386
977
672
938
1424
2427
1431
63
649
1063
1294
292
1699
566
2404
113
3830
2298
3188
535
785
111
71
752
166
1203
172
20
3195
7
1438
613
70
1219
27
636
510
696
220
397
36
195
677
12
1323
833
63
44
101
1781
3412
611
16
1422
68
265
640
1245
85
792
286
258
170
8397
4410
142
124
2094
289
45
518
489
734
800
3395
890
10
635
1136
5596
357
324
634
988
390
713
326
1281
953
918
198
1745
112
2
1642
247
812
813
511
149
613
808
3505
146
1686
499
2354
997
339
298
426
344
1274
32
753
2232
1979
562
130
512
1573
1702
107
307
309
731
652
731
40
173
34
867
319
1673
888
2081
1923
2105
1676
312
1236
5
661
647
1733
2286
732
216
1037
67
1186
126
456
589
1041
1951
90
37
