503
4
7
262
18
30
39
5
13
3490
14
10
14
7
17
58
24
25
106
83
692
31
83
1
89
24
23
6
3
13
524
255
50
22
48
25
728
47
10
152
51
160
8
1822
1
10228
461
1196
58
2011
1
1
224
19
3
8
1
1014
1
48
40
54
3
169
46
1406
9
8
35
40
112
60
9
436
40
85
8
9
16
4
4170
8
32
54
1
423
487
131
2
1
9
13
52
74
5
77
17
5
6868
26
76
12
22
308
145
45
762
33
23
402
8
59
41
8
17
59
31
21
14
10
801
5657
44
151
4337
510
41
10
1041
144
3
13033
4458
14
26
58
52
42
1
3
16
10
109
11
119
12
355
32
12
514
99
18
19
517
15
50
45873
2
11
68
1
463
6
1
1
32
6
18
28
60
2437
290
17
18
123
51
2
7
1
12
1
4
277
85
44
13
869
28
2
1364
87
250
9
3
81
1
42
1
21
60
12
9
2257
183
9
359
2
17
1
20
1
28
96
27
268
26
17
15187
82
49
4
356
20
16
20
77
60
236
833
1
60
10
279
8
31
1
26
65
55
7
229
8
94
170
1
156
3
31
4
55
26
10839
23
51
26
1
51
74
28
41
461
55
2227
78
31
4
1
236
7
80
1
3
26
1
6
9
23
222
23
491
1
940
863
72
31
55
96
1
118
236
203
1
605
733
1
12
46
165
12
1
