341
154
225
105
226
122
340
249
167
223
194
246
290
140
475
134
929
126
255
190
125
462
86
648
142
245
615
205
178
1
212
119
1222
703
1021
124
99
121
738
980
547
276
213
125
125
339
218
200
502
622
817
394
123
236
125
4843
767
1315
251
1924
204
197
17
781
213
240
153
560
202
433
967
124
227
212
2394
280
242
291
183
121
213
113
184
208
206
209
124
1954
140
411
78
201
1856
253
200
216
222
125
118
188
161
122
211
116
1
250
204
234
258
197
209
221
207
104
4
284
16
139
648
47
156
189
244
21
205
379
1160
122
244
313
121
379
110
79
247
888
290
488
30
1024
1114
161
262
123
223
716
324
133
316
120
256
154
124
250
1060
205
92
280
71
1362
315
17
214
350
142
131
887
157
123
121
236
134
281
200
400
172
203
3
203
71
788
228
275
284
407
215
148
202
205
108
263
213
134
644
155
645
137
244
51
1088
257
341
141
185
281
21
1274
266
135
1
279
126
125
91
246
7
3
49
123
447
266
4
960
119
11
241
203
324
209
120
250
213
123
123
188
630
206
120
94
246
186
61
250
1
318
211
250
386
159
135
138
233
61
123
208
525
247
133
