1
212
18
124
181
219
125
213
95
192
89
14
96
127
219
123
124
57
121
37
161
163
52
294
204
187
2335
523
123
125
1215
932
210
220
212
197
218
90
361
217
95
15
407
188
190
201
91
123
1
194
64
30
95
45
171
210
193
537
95
165
95
302
101
1077
6
92
1
705
183
62
212
82
1252
227
218
236
3
154
120
891
733
141
177
5
123
128
157
145
220
214
5
16
44
1283
21
284
4
157
75
212
21
27
91
740
258
168
124
135
126
1
174
7
186
223
2
1
92
67
5
29
5
20
5
3
5
7
704
147
211
88
90
65
181
90
42
191
183
10
239
248
215
95
277
578
195
186
252
258
128
125
337
168
92
7
6
14
95
14
181
194
156
232
184
95
164
273
235
188
124
226
9
221
213
80
220
91
347
18
178
261
142
195
188
205
205
90
101
131
183
95
