263
23
787
5
622
59
909
813
80
33
5
16
176
87
290
614
183
2093
67
69
321
246
83
482
30
40
54
96
92
228
268
283
997
19
245
120
1
1773
589
215
172
10
169
377
2884
108
2852
39
46
514
7817
130
4301
55
98
22
36
287
2645
39
149
1135
8
31
56
100
514
108
186
61
1
42
627
89
196
577
98
11
446
107
138
654
110
30
325
104
71
3788
196
48
42
292
715
175
67
219
72
162
35
39
15
42
71
7
346
34
66
5
14
105
31
59
108
138
18
1190
35
534
82
238
30
47
5
17
58
124
418
18
28
30
101
19
21
849
123
28
34
138
96
70
19
178
388
32
609
219
734
4
151
266
290
10
1109
360
34
57
6
45
58
532
15
13
383
255
16
419
88
664
50
49
110
684
62
42
18
32
482
1
139
7
26
16
36
85
28
48
9
18
174
23
7
54
116
116
45
138
275
678
318
51
68
193
579
105
94
19
80
2861
2277
45
201
286
94
55
229
110
28
74
305
459
3
300
78
33
955
76
76
188
283
122
28
56
66
2
37
22
489
56
32
144
185
2535
85
24
16
19
1237
278
317
491
5
86
54
168
24
646
729
863
50
352
49
780
190
42
169
18
1633
78
22
126
95
261
506
182
35
122
140
143
768
197
109
27
7
104
9
12
33
16
65
7
33
275
236
365
124
31
37
104
106
1
285
895
34
14209
2
22
5
3
540
45
249
25
16
617
2
132
50
66
68
151
46
5
30
340
135
2
104
264
392
117
559
45
24
354
108
50
113
116
62
38
49
17
88
245
61
41
84
543
66
61
619
160
729
229
561
36
14
144
360
83
10
56
9
147
1064
50
104
127
88
118
615
64
142
108
862
326
23
248
133
283
137
14
466
27
133
316
237
23
22
29
66
678
128
