1
45
6
86
5
117
3
70
38
8
7
6
9
2
30
4
14
19
3
25
18
14
9
6
10
20
6
10
5
145
10
22
15
29
55
28
7
9
7
10
25
10
21
30
105
23
1
60
3
25
5
7
4
9
22
3
54
3
9
52
25
4
4
24
58
36
2
28
37
6
63
19
3
6
58
119
29
32
29
14
3
116
20
5
1
2
48
21
7
59
10
20
59
10
48
27
13
236
12
14
12
5
92
35
1
17
3
5
14
4
13
36
54
7
21
16
12
7
93
5
121
297
11
8
2
25
17
123
6
43
11
6
35
7
36
35
12
70
7
7
5
22
1
9
8
175
36
10
2
6
8
2
3
3
7
4
7
9
6
15
578
9
8
25
9
4
12
36
1
27
12
30
4
27
34
5
33
5
2
25
36
42
5
30
19
400
67
5
15
23
2
7
11
53
28
2
62
20
14
5
5
7
7
25
11
4
7
171
26
104
9
1
6
11
6
73
6
1
6
845
27
13
21
6
3
10
35
14
15
9
24
1
32
8
16
64
36
22
18
47
21
72
23
11
9
75
7
10
38
16
9
30
13
195
9
3
45
3
1
2
17
2
5
41
5
16
7
11
17
26
2
25
7
16
39
68
3
26
7
6
876
6
24
10
7
4
37
4
17
2
7
20
13
18
22
13
24
21
1
15
1
3
8
11
26
81
17
32
48
42
199
2
7
3
7
10
75
3
9
6
9
24
35
2
38
1
4
37
2
5
2
3
5
21
27
24
95
62
9
138
9
2
20
2
17
3
15
12
3
7
22
19
9
4
7
3
19
6
1
9
12
1
25
1
3
103
11
35
188
2
14
7
5
11
30
1
292
199
272
4
9
4
5
128
13
8
12
5
4
8
2
197
8
14
145
9
4
8
23
60
37
4
6
1
5
23
14
630
264
53
7
14
11
33
9
7
5
6
35
65
14
12
6
21
1
121
125
13
