12
4
38
7
28
1570
24
23
83
80
76
29
46
96
17
243
1678
19
268
83
133
1
92
306
29
421
7
3366
21
15
6
6
207
393
288
171
130
32
146
3
320
24
67
517
2
459
24
80
170
268
83
63
22
83
390
1333
33
879
1
90
28
17
9
30
9
19
12
40
725
17
28
50
47
28
310
122
120
86
862
28
71
130
190
68
70
55
12
708
416
1
76
79
39
6
64
18
1458
112
89
39
86
36
115
11
89
109
21
112
55
12
54
112
16
49
6
21
186
6
152
48
23
247
266
82
224
2
269
176
1
509
896
404
99
9
136
88
9
27
170
40
228
573
116
14
80
97
32
7
34
60
219
14
33
44
43
2
12
53
130
8
72
150
52
1
28
14
26
14
1
46
1
18
59
140
19
19
159
162
87
111
61
213
295
300
32
178
1
38
60
43
12
7
67
38
220
18
2
35
65
38
2807
166
260
1
18
18
166
196
1
36
31
937
33
144
293
96
108
935
41
9
41
75
335
427
401
160
165
6
887
1
56
526
92
35
8
105
33
17
54
830
31
351
1
40
32
27
41
92
190
90
4
5
9
8
600
173
11
802
36
212
77
212
17
79
25
14
196
509
98
133
581
814
56
5
129
12
218
18
6
66
47
352
937
22
12
146
133
552
314
25
87
156
18
578
56
2
37
672
29
253
32
159
47
34
43
117
1
57
126
211
36
148
81
160
48
33
421
7
3992
45
173
8
83
20
19
456
43
211
36
7
89
63
644
17
99
288
53
1152
163
37
1
191
30
491
4
114
1
482
364
639
45
682
291
57
135
92
237
2
7
65
364
186
482
41
15
390
151
8
48
97
208
18
1
301
142
19
56
457
65
132
37
315
21
71
24
285
1780
112
424
176
25
39
6
265
139
172
10
72
9
1
50
366
11
324
123
64
4
9
109
44
33
2104
50
40
40
53
25
1327
1
86
152
27
64
643
147
102
133
1
91
53
559
212
140
10
151
145
451
14
226
248
251
129
204
226
34
20
1
536
62
82
82
69
11
45
128
129
446
160
116
27
47
10
15
91
451
249
16
442
1
576
9
124
2525
12
22
108
38
14
1
176
975
214
225
5
266
391
60
30
89
668
3
25
115
471
30
295
83
20
238
38
16
364
173
105
70
103
48
4
1
16
24
215
42
60
237
67
2
24
60
23
238
108
39
460
360
6
124
63
47
143
83
729
656
1357
10
59
441
67
52
239
359
236
233
5
65
43
13
144
21
465
147
174
278
20
67
12
15
18
299
44
143
55
1
1
14
846
30
54
14
67
27
8
115
170
70
68
463
5
45
