3
755
24
124
615
3
12
36
17
987
3
21
26
26
1
97
6
2
20
1041
1936
27
1
1
65
12
53
7
9
11
2
27
1
1
23
418
35
1
19
1
27
15
148
2
101
14
1
5
1
18662
3
12
85
35
502
1
21
5
2
7
82
4
37
75
20
2422
1
234
1
1
3
25
1
28
1
16
15
1
5
3
27
34
49
3
6
44
186
3
310
4
76
1063
41
21
2
1
19
3
3
1
5
16
13
4
6
1
31
6
15
2
32
1
3
33
1758
2
2444
1
153
8
356
9
105
105
30
8
2
28
8
27
47
3
84
39
7
1
26
20
1
10
10
70
9
1
72
41
24
1
198
2
6
4
16
176
3
5
21
3
2
13
6
58
37
4
88
2
945
25
6
1
2253
5
76
35
3
223
366
1
60
6
2
10
5
3
101
1
18
56
6
5
1
50
1
30
1
4
160
86
24
3
1
56
17
73
808
6
5
160
1
2
26
535
275
8
2
1766
6
152
