397
125
45
246
320
282
153
363
121
123
164
282
2321
283
246
155
601
212
251
10
288
295
60
246
125
525
170
2
215
500
254
131
289
102
152
137
250
45
222
139
175
51
280
166
182
255
161
247
121
1018
166
270
286
246
123
300
239
383
170
225
324
73
84
230
253
270
259
163
157
1
273
577
289
343
197
212
217
253
192
606
224
288
236
3
45
197
155
397
169
36
324
172
513
191
268
179
219
217
1457
122
125
454
21
49
387
361
1013
46
166
157
80
469
165
459
45
167
475
579
8
45
224
3
142
215
288
781
105
174
2
2
241
155
180
265
258
45
153
296
249
125
130
181
208
16
318
235
12
22
168
541
12
200
264
170
123
125
68
253
157
32
324
128
246
248
45
45
287
125
42
388
174
339
279
362
229
294
136
194
253
120
49
467
355
407
45
172
289
629
333
252
330
41
121
134
146
164
4
132
550
254
4
138
284
63
166
172
166
127
164
298
45
122
45
709
213
272
232
172
596
856
271
281
768
13
130
130
250
91
240
105
164
230
168
43
254
244
244
182
40
263
130
582
