29
203
151
27
344
192
95
12
216
43
50
4
178
68
48
177
769
198
23
208
169
97
36
96
330
47
776
33
202
123
235
19
277
5
91
140
91
129
39
145
137
243
941
247
189
200
125
202
188
463
2914
439
204
223
1196
286
105
147
213
2426
26
954
25
289
6
253
94
36
172
2
80
36
217
1354
198
342
196
217
205
1
61
507
199
275
91
98
912
886
86
228
7
54
202
193
197
150
1
194
173
22
158
146
208
1328
222
1542
174
984
2602
2
6
3
3
100
198
14
43
213
1
218
185
1358
223
111
8
20
124
20
23
68
151
1
32
224
184
239
338
213
134
185
66
558
17
1907
92
236
134
97
95
509
590
8
11
54
136
204
204
3
204
217
91
219
129
70
64
29
98
196
217
110
9
202
38
266
212
3
245
232
2
13
216
188
89
102
211
100
123
215
208
137
1
183
122
190
132
