545
21
29
44
979
55
16
222
235
41
1876
14
987
166
379
102
3135
394
141
1815
18
1617
239
1438
130
70
49
132
834
2393
767
1491
77
345
873
1765
1292
2816
1764
954
773
1589
9
124
753
395
18
75
269
1125
1042
41
5883
866
79
724
379
712
1777
462
21
2096
1288
2
698
1586
1178
518
518
129
473
2724
45
126
976
426
1033
15
62
535
1388
1626
1820
2287
1232
850
123
8
8
154
311
118
27
3617
67
477
1218
1449
4849
61
65
3
158
165
824
75
39
5
234
341
523
17
4015
123
1651
29352
2015
1645
767
1377
2851
3380
142
13
47
3057
57
669
1047
1147
2
930
1
1276
336
3154
60
915
36
19
6941
261
1033
348
2
3091
597
95
60
1217
1603
2218
455
1724
186
129
2498
32
1123
72
715
42
744
54
44
1327
50
191
1792
926
80
796
678
37
1456
4241
1092
580
3336
786
2191
28
923
6
3136
1168
1496
49
1025
378
836
1629
418
39
72
99
2162
931
26
378
1097
77
49
9
169
2539
6894
197
1787
92
14
919
1063
250
6
2766
249
10
1857
52
1297
360
86
6996
2897
1792
47
2007
112
9
179
410
1005
565
3031
563
72
9012
5533
1055
246
8684
14
2817
369
1263
1671
32
4876
211
1031
1730
3180
125
30
1552
879
41
869
789
121
241
1986
1329
15623
370
3430
2368
1349
2041
116
174
2070
421
22
460
2611
78
56
92
6559
512
5315
1963
6317
1983
179
7960
106
145
1
3687
149
754
584
1414
31
6
934
5389
2592
38
2869
5
879
726
259
68
15
37
3287
116
301
349
415
482
3715
120
268
1354
1913
639
2955
3218
8269
3416
259
145
233
1045
527
2620
1976
105
579
3
2553
4901
5369
1753
48
57
387
1449
7
113
63
9
4574
155
93
121
1280
1872
158
2
991
2956
97
60
42
1855
5934
12
589
4337
2556
945
429
1013
423
5
1965
610
8802
433
2259
3305
177
4471
1538
3872
3256
413
5343
732
2952
727
38
520
3450
17
406
1471
34
129
13
509
1454
9697
4903
404
2761
13
547
168
61
10
4506
482
58
296
5749
2228
1979
1055
69
62
35
220
6519
875
8262
496
140
109
252
1
69
754
1625
1342
3722
113
295
171
226
75
1367
3078
459
4834
739
347
997
1
2121
19
15
7
354
1610
25
776
3643
127
419
181
204
820
1152
1849
418
2763
217
228
2588
521
467
407
1501
3
6918
97
386
587
3636
193
50
1956
1190
2
4760
1348
149
1161
2172
64
372
846
396
354
1223
3
1402
1154
1919
424
24213
381
97
43
103
1874
1834
5
59
538
2140
5058
415
550
2745
631
7670
3877
74
1119
1438
1464
822
5727
4831
106
9660
42
17
6497
223
482
2703
2561
161
229
1792
2973
1718
227
2552
1173
841
1463
8591
744
1900
33
4308
1130
4994
1773
519
51
737
375
1
4377
1767
1339
2109
2313
491
400
504
151
1919
16
175
1378
73
777
1173
239
102
1704
65
8091
59
2038
221
161
8
1206
230
1651
586
704
75
910
152
1156
70
2604
3159
774
284
15
1941
1085
177
138
119
2700
28
3
1720
2544
72
97
699
1763
1306
814
5
6274
2244
149
146
5
779
18
2429
1768
4698
513
881
3110
787
7
1
3429
504
266
2481
1
152
72
1060
992
1838
1
1023
93
1389
25
3452
130
171
32
7899
33
164
363
165
575
1023
1152
108
32
123
8
1195
73
4
1341
235
2855
596
74
387
1377
1094
6288
51
1163
43
6638
265
67
113
1
29
1168
5067
3723
62
222
1587
615
88
181
3
3206
52
897
1253
343
643
179
2078
5265
98
6364
91
255
5792
46
16
2182
484
555
1383
1309
215
1058
1102
1
392
5067
1250
3585
276
1891
4471
364
2510
540
630
410
21
263
124
1345
4359
31
1684
31
716
2050
731
800
1610
834
977
679
6053
6148
818
564
1932
5152
193
6
369
422
824
234
1166
122
81
1062
854
17
220
6187
2079
40
651
5627
1489
4684
362
4527
366
416
4650
61
104
38
23
267
27132
176
5669
1918
8199
3687
211
451
4039
1
25
2438
28
2566
63
245
305
273
316
284
639
948
329
1037
56
238
312
5474
2262
726
369
223
38
40
460
3140
2725
8280
2821
4960
220
