9
485
352
12
634
1
199
337
688
47
223
27
63
1278
156
210
19
34
3
276
1
1
3
284
15
3
1
45
495
36
25
3
112
71057
28
181
639
290
4
26
64
12
46
11
113
357
5
16
34
155
316
29
3
114
256
41
478
105
3
1
10
42
530
1
18
36
206
8
293
28
2
10
1
30
3033
6
15
422
113
70
6
91
1
25
309
17
4
752
1101
110
166
1
2092
35
2
716
11
2682
577
54
140
40
35
129
293
2784
251
26629
1034
194
151
8
96
43
77
4
24
47
75
202
1
13
23
53
2208
1666
60
50
363
278
15066
353
1
532
8027
68
137
1
292
2065
6
422
2869
69
150
7670
22
78
25
16
948
178
341
1734
261
241
546
8
64
495
2
60
463
2
4
866
8
34
138
124
104
6941
1
28
32
209
22
1207
188
296
10
20
917
1
19
1693
29
29
55
547
76
193
577
895
32
3176
7
1
10
1043
123
82
135
187
1
809
17
33
26462
184
423
82
259
741
621
582
107
299
246
21
12479
64
16
3715
61
28
1272
9
8192
1
1
54
52
74
29
130
413
803
5903
22
16
958
187
43
95
5
1677
41
649
472
1
2264
23
1439
18
17
138
1888
419
1374
34
22
98
29
78
7
13
343
10
28
247
62
2875
875
304
23
982
503
4
74
2310
333
3921
222
239
687
91
34
64
36
72
431
791
5154
7638
33
343
20
5
5
8
1
5041
87
16
798
705
319
15
9
91
246
475
70
3578
74
97
165
920
256
61
39
66
222
64
24
4
466
22
3
24
74
517
33
11
1
534
175
76
65
324
1
115
18
6708
163
286
3
132
26
1619
126
37
15695
4
28
440
1531
549
273
121
125
95
152
63
189
4
5
352
1655
1308
70
2
460
14
75
219
67
165
779
1832
459
11
63
2765
216
469
285
334
22
6
3218
168
103
11
48
1
17403
2
141
131
434
14
651
62
19
332
8
14
346
14
3
552
3531
85
48
12
298
170
225
7
1508
103
134
10
47
1472
185
156
26
56
1
137
2141
43
64
13
217
1
107
107
49
81
1
30
136
4
460
258
860
101
49
7
2800
38
584
110
7
167
401
1
23
21
721
133
63
10
2
3
21
7
5
1005
23
250
194
623
92
18
1
121
17
8
1
1066
24
928
10
2911
30
27
21
306
35
5
309
370
502
99
264
1467
312
51
450
254
36
655
105
126
412
1016
166
123
1
264
2474
437
37
13
5151
1178
82
8319
12
30
3324
76
390
121
41
1667
65
212
55
338
227
2431
632
693
1036
264
20
2119
325
1772
39
232
1601
173
307
9
143
217
49
603
1
1234
50
138
12427
9
20
24
98
605
1759
28
11
115
61
63
3
468
45
2812
71
553
444
69
7
77
589
301
8
39
15
13
1147
2
3534
115
42
94
71
65
28
45
58
9
2
3
76
1550
1370
87
91
6044
520
4019
1196
8
79
52
12
3946
488
673
2155
1990
758
376
17491
525
20
19
318
43
922
74
2
2531
66
14
845
38
284
8
65
219
125
263
7972
16
55
4151
9
289
6248
13
63
81
470
34
17
2902
2011
363
45
18
5988
2745
213
60
11
1
2694
6
3535
1588
395
4215
140
17
62
21
92
1789
259
54
8
140
274
103
2268
54
40
101
413
120
12
4338
3609
387
8
5149
506
860
141
263
7820
154
7
145
11
17
32
92
6
62
28
30
2697
501
611
411
416
29460
75
108
1718
3199
1074
57
304
5
210
194
1739
1419
79
1
21
1883
163
394
206
3
321
111
16
18406
189
188
1
136
17
7443
822
245
185
2
9
77
22
454
48
82
46
18
1
2331
70
9828
65
8
226
2835
1028
897
6087
33
1494
26
7
40
719
244
30
410
57
172
27
6
329
102
283
473
130
14
5969
1271
83
738
361
30
270
18
10
76
262
1
835
5
1389
6563
385
19
361
97
11
77
2
152
271
279
31
200
381
187
764
1
14
525
1
403
441
41
125
1
5197
17951
44
13
223
4
100
24
4868
345
16
1
2
167
41
290
13
982
1687
832
14
601
3492
20
284
154
54
301
2266
153
290
795
2457
156
476
71
210
20
195
1473
23
1301
970
307
69
154
45
32
77
5
862
7985
107
56
630
59
225
59
292
2134
3134
114
31
297
3
6044
220
53
40
175
86
325
49
569
193
22
234
1116
19
224
473
39
2012
24
923
207
359
2842
125
30
33
729
90
148
231
1441
2
1245
1
1
14
16
1
3
189
21
1
28
297
1236
1
460
1
74
19
23
1190
896
69
38
2263
1
657
65
363
3249
4889
40
690
290
189
8389
144
462
1067
3
433
1442
42
713
99
386
2
70
310
77
49
12
1152
2152
1402
4
13320
35
5
502
1
21
73
4353
10
316
460
248
74
47
191
69
2543
24
19
91
1172
398
25
1649
147
297
34
332
60
62
272
391
1557
91
257
9
52
54
1
11
343
170
73
11317
37
8
1
17
1431
19
181
332
12
184
874
94
4
61
43
9
32277
9
121
172
64
66
174
1209
17
677
1
70
179
269
20
1853
102
13
458
69
1452
728
30
357
892
120
42
13
181
401
6
37
69
125
86
127
540
44
167
60
71
381
291
2
438
236
78
220
747
403
505
1031
1
57
96
2552
183
45
6
410
33
9
2243
34
30
27
61
486
110
459
217
1212
713
3406
1
678
94
38
63
81
45
159
131
255
23
4
143
8944
1
1885
1
847
137
9430
126
977
828
154
444
73
181
391
132
88
60
887
692
35
98
90
487
36
293
281
40
380
102
3
184
3
1305
13
155
4
539
4405
527
372
100
82
96
10
78
654
14587
165
7563
8
6
230
17
12
370
1903
16
113
23
125
36
6
624
1
3
1
132
26419
2
375
282
3572
149
68
246
2308
29
1
233
57
123
680
5
31
67
36
228
631
1353
17
310
788
122
1
363
78
97
3
1217
9
34
1
2817
10
1425
2105
135
2
95
180
1
7
130
217
451
83
302
529
29
17
1848
59
332
273
526
140
1
417
21
276
1
5352
553
153
29
35
92
2
55
41
114
33
505
79
371
218
1609
106
1576
6448
1432
111
62
281
53
40
905
2261
94
351
112
94
132
252
83
251
605
97
34
52
31
565
108
28
61
6
679
111
442
447
10
290
19
226
301
6
9
159
23
1
85
1
17
281
58
1
3908
161
798
1497
25
1165
43435
10
200
36
218
25
12
10321
38
2621
146
2215
1320
169
775
155
1814
101
7
2
562
25
324
104
283
379
6116
275
3588
142
40
4
56
38
227
59
4
438
4
4595
7
2976
18
292
62
2518
220
78
281
5
4750
1511
124
43
102
265
728
894
192
210
169
76
5878
763
42
1
1
6486
1
126
171
2
52
141
1
2060
453
24
1
416
18
334
782
11
1384
23
36
69
1532
2
77
3
65
3328
999
71
889
130
61
36
16
202
375
63
423
9
4
2183
2344
11
4
288
22
21
7
192
5
748
253
575
65
39
101
2738
3939
937
399
316
14665
37
83
29
1649
214
1331
110
592
549
2
16
4063
32
103
12
232
143
27
27
70
5753
47
2697
2
1036
4417
300
1
6
180
1263
57
139
113
1786
78
210
71
29
22
509
535
974
6517
1
875
2934
78
1
42
91
771
63
4
19
82
19
29
29
103
649
18
272
167
343
281
5
422
152
21
419
27
2
374
189
406
1
63
726
51
92
222
224
225
174
111
85
390
70
9
248
561
6725
11
108
193
1
382
1
1054
323
40
312
502
23
4078
3
1206
466
3327
55
2
3850
984
199
202
137
541
120
67
1101
253
1883
25
2673
72
109
279
3
3
167
22
100
1825
10335
11
214
355
12
254
2293
185
2831
20
2
2
1381
42
177
41
122
57
139
153
296
24
170
44
68
3
237
18
228
440
4
7
115
1673
125
7180
79
204
101
325
2
8816
362
7
33
9
131
339
34
192
573
134
2307
213
844
1715
11
111
86
127
25
70
420
1946
95
16
243
1994
229
12
41
7331
71
1221
806
9
142
1119
159
1980
207
364
956
29
219
177
213
97
162
38
3310
114
68
24
340
341
355
211
37
39
36
1335
140
290
44
432
54
243
19
832
1050
20
203
477
101
198
1
16
220
1
285
73
10
27
29
226
2
12
155
35
1
832
514
449
3
17
421
169
18
1667
3
222
93
471
1
442
3803
239
1310
172
4
8
6
5046
12
458
559
382
68
195
6
7
11
13
183
13
7
10755
502
33
5
5747
1353
3
47
41
268
39
163
35
326
34
141
259
168
1044
1
458
98
11
3
29
172
77
6
212
19
1
199
1123
34
21
5
1
1
1
306
7
574
13
927
4
16
611
52
740
17
35
59
33
3476
128
13
61
1
1234
131
160
113
22
23
159
1
669
26
100
81
737
537
225
30
261
715
9
11
433
200
255
1
66
3247
932
13
6
25
28
227
88
1719
20
608
70
305
11
47
37
87
87
122
227
51
111
277
216
80
557
7
58
208
126
547
203
175
137
3058
274
219
1353
5025
150
32
1
105
213
15
3980
123
16
6
100
2
45
28
153
240
23
914
254
40
408
85
307
17
2131
263
677
99
185
15
118
192
2031
16
696
1
1323
39
17
3
21
16
352
609
112
374
22
2085
6
3
170
936
23
813
528
128
136
77
610
74
108
8
238
51
7
305
328
666
21
69
280
590
6
515
306
3138
9
349
888
32
206
10003
896
2
1215
1
359
25
276
105
83
411
71
46
96
1
6053
217
8
5650
243
31
30
43
251
1978
53
31
4
136
773
656
6
31
67
230
276
56
2
31
75
96
395
560
17
410
79
2
5252
22
312
28
4029
8
295
125
59
1
2842
2461
12
616
1
6724
8
17
34
4225
63
291
12
5
61
246
799
2643
49
1
136
714
55
66
16
48
170
1
91
4
48
49
91
5
10
148
769
300
8
55
55
5497
849
72
23
10
14
486
5
25
56
9857
19
810
130
111
4
261
884
54
741
142
42
26
15
1
65
167
53
728
1281
516
113
325
11
13781
216
468
111
353
11
502
50
157
16
448
41
68
187
5385
51
36
12676
105
8
39177
77
342
29
56
2402
7
66
17
13
353
1
15
1699
86
5
46
7
3895
3768
83
47
76
1633
13
36
254
98
5440
17376
336
2
3556
585
36
31
11
20
918
1859
45
67
14
568
4
6635
2
23
6
42
130
1
122
15491
1
44
2179
4
314
21
22
25
28093
60
96
7
2499
9154
6728
307
306
469
43
380
2729
283
544
204
361
1302
5400
50
17
74
4
788
54
172
1181
32
34
639
14
22
830
9
24
851
3
2223
14
61
482
1832
77
11498
4
81
1
431
16
27
202
276
81
68
19
6121
416
1
298
120
138
402
8
90
105
130
136
155
91
229
4904
177
18
179
46
753
239
46
1411
412
1
23
54
54
906
695
348
418
354
79
36
46
30
122
187
125
53
6139
305
779
55
2217
229
78
49
6196
1350
1
122
55
161
1877
10
46
630
1
128
1580
108
177
8
1520
7005
3
5484
16
3
42
562
6354
56
3169
30
442
100
184
46
71
36
354
490
3673
914
436
79
422
379
3277
105
267
289
862
141
263
104
426
8
304
1036
66
114
670
1
11600
3154
3881
3843
411
301
3680
52
25
575
5634
335
298
16
161
166
8883
1601
70
4
84
2124
258
479
14
21
27
1262
1482
189
2
4
312
158
552
1724
196
207
190
700
9
146
66
292
268
15
4
47
1407
118
217
563
775
9
7
152
455
64
162
1
83
36
3253
414
15
42
9
11
235
3466
267
250
41
315
621
568
2
41
472
63
1
136
1499
69
190
1096
177
291
130
6
50
129
79
1450
6698
182
526
112
51
278
40
881
575
586
4458
535
3
2
13
428
236
1095
151
98
640
2
2556
545
415
40
1360
333
2
672
64
33
85
50
84
111
415
19
936
41381
17
25
1
207
456
11
909
1998
848
27
43
1
7
576
3344
574
682
1618
79
5
20782
45
3184
160
717
148
76
1
54
417
46
25
22
61
104
884
2
27
19
428
1
530
91
265
293
21
19
13
13
12
49
407
207
216
505
39
18
158
1846
1712
14
4
40
47
1043
23
50
3421
621
129
1309
150
2684
55
3156
18
52
1473
208
129
477
51
2964
63
580
17290
2278
1
79
180
40
506
949
1
445
122
1400
12
52
3
970
72
75
17
10
220
2308
1235
190
92
128
1
86
9
1569
63
12
52
498
12
122
214
683
406
95
23
83
23
63
24
37
304
33
98
345
1
57
24
2220
283
4
20
5
83
89
1830
22
443
211
330
1
1
879
84
8
2012
176
10
6
1
12306
74
67
471
2
15
1562
2322
522
2446
180
27
98
1500
1429
176
1190
2612
368
30
394
1
697
120
6082
12
127
28
5
1521
38
61573
1642
277
375
4944
197
386
505
154
149
79
357
181
50
11
1
195
402
23
1828
368
429
216
98
7
143
60
88
154
18
222
137
348
11
65
2016
89
53
4021
40
127
2
133
156
167
7123
294
1364
519
108
1
623
355
38
217
171
440
464
285
78
180
180
13
7955
23
63
69
953
314
1536
103
765
360
81
748
158
1
54
28
351
546
959
76
891
391
136
779
84
289
228
295
3325
10
130
3
35007
20
229
3179
118
981
2
256
279
362
2
5
20
1
82
136
968
62
1
26432
128
6
961
3
18
3310
6338
1152
71
1176
176
378
86
8
186
16
53
5
407
1
38
1827
37
150
565
167
78
136
2540
152
111
1579
5809
3812
342
50823
11
835
15
6979
1469
295
17
236
10720
78
1477
161
441
26
1
13
1214
19
160
2
446
7
1468
145
1748
28
153
7
142
7
243
317
1
2712
2321
706
294
254
77
647
179
21
40
17
812
88
58
1018
49
358
5
62
103
13990
3
392
716
2293
535
36
4398
141
47
202
10
17
21
70
3375
76
12
6021
461
4
693
2487
2594
9
2
152
487
325
69
1025
30867
28
5
291
10
658
10932
3733
996
1102
380
1114
1
205
182
52
95
95
129
255
11
7
238
615
91
247
1735
1298
5454
1832
108
946
912
12
1
8408
2066
121
276
2452
329
24
4492
818
10
134
81
5364
1
491
45
4
5500
9205
516
21
806
23716
177
11
14
5860
94
370
165
114
170
403
17
1022
311
1
12
11
685
83
51
645
941
68
477
37
1
20
12
18
932
247
974
49
39
136
3
303
13213
216
296
644
674
429
643
286
557
280
89
644
62
6
4437
217
3
32
291
8335
541
1077
10
1
194
2936
878
192
711
1254
210
850
555
199
45
169
344
49
154
321
401
677
109
17
48
113
1
8
53
18
201
598
1
2
1021
19
253
1488
118
382
3243
1183
196
2081
66
353
1402
1922
67
1164
709
4
24294
1
7
144
278
95
150
414
2
2137
1
1
21
2081
747
686
39
262
391
76
137
192
64
130
20
222
66
15
195
466
2296
316
34
287
933
100
364
3
55
41
63
48
3820
31
1262
5
12833
11062
22
1075
55
65
2
9992
47
78
1
345
13
460
2
1604
267
764
5
17643
195
938
12
191
7
21
55
305
654
64
5
15
3
1
956
34
1044
89
1427
428
14
673
200
12
343
1722
2
9
115
4
2
18
141
565
60
1363
6
22
2037
249
2
76
226
1
827
6
10
79
3
55
1
30
353
111
205
39
1
259
90
286
6
159
6
1091
852
23
1
162
50
9
429
3360
11118
12
69
194
812
88
46
1999
241
5659
144
153
15138
404
127
142
32
4967
2341
137
445
810
73
7
117
4014
444
165
20
32
14
12
193
75
34
168
511
64
47
7183
4295
184
5
4808
601
316
94
1898
521
651
224
314
98
1638
313
980
398
262
5
88
1430
16
24
374
423
106
548
23
168
17
459
100
881
1586
88
99
189
4650
24
176
1953
269
42
114
7055
47
414
123
2540
2669
1
1234
2106
39
979
1894
565
674
1568
1
113
100
133
293
188
2103
20
100
24
41
5736
1970
385
1
259
8
15
201
34
90
2219
3642
640
203
7
337
11
50
4457
1
65
18
119
71
11
6989
175
738
45
297
4796
62
4
6664
6121
338
1426
7
385
492
3
11
3
247
473
6
2477
31
154
146
296
56
28
191
657
472
62
54
252
103
16
235
9
1
30
198
102
1524
496
866
12
2
107
609
970
93
80
2135
1063
2
28
2564
118
739
603
446
419
144
6
58
773
63
187
653
421
1269
1
295
3
11
260
51
14
1
4667
89
156
3090
85
15
7
303
5
454
1
70
204
1115
1043
191
516
23
863
1
4954
53
453
45
17
909
20174
1856
67
131
5
67
2782
9
74
342
136
231
2075
48
168
66
21
64
540
28
162
8335
2618
819
103
764
75
343
446
153
29
409
83
28
1
44
6
57
49
3181
77
1275
226
169
2855
12
10925
44
181
230
555
33
1987
102
1541
4
27
15
9524
23
33
258
106
13
199
705
35
62
6
1
74
10990
1
2178
84
1
968
91
218
9
105
9
1774
121
9150
106
1
16006
13211
7
1937
107
19
676
2
333
6
312
103
220
473
100
35
4
12
614
10475
12
1943
2125
368
438
74
708
113
370
4
43
22
101
78
1243
205
178
5
2
16
6
34
26
16
101
44
1
10
79
729
68
3
2933
205
136
112
53
45
269
8
261
50
423
290
37
443
38
526
530
22
27
34
1384
26
148
69
16334
17
1
962
273
1
304
53
279
62
176
98
443
123
365
30
111
83
1690
183
908
142
10949
637
49
649
63
114
362
291
623
89
511
497
112
87
67
17
2
32
30
37
46
332
1
29
116
69
57
1
41
154
4
32
4130
10
64
12
3602
194
1
87
53
1274
1421
255
482
373
1
114
87
7195
157
95
3232
90
2900
6
163
94
399
195
1
21
69
96
10
1
19
15
20
1
38
269
295
410
190
525
3279
1233
1924
140
135
79
29
2997
221
406
192
711
2384
186
627
1030
12
7
2
1119
1255
6496
62
1175
13
34
50
14
437
100
2047
69631
189
19
1
21
23
2406
1612
583
29
152
63
144
6117
278
40
1041
482
77
10
1
250
174
154
285
247
514
1969
3673
47
13025
22
5622
120
7
81
1
145
38
144
810
248
317
9
1
8
35
26
10
921
1
288
224
2090
53
16
157
15
27
116
17
1
453
2
108
131
1
262
64
293
494
10912
5
150
903
2
63
1
88
1
38
86
751
3214
91
2313
21
196
788
712
5
10
47
142
115
80
210
9
321
35
97
327
132
2942
1
767
9
266
280
588
529
35
135
7
390
2286
79
767
28
285
58
138
207
242
14
9
3176
94
383
16
1
574
68
53
21
73
1
961
39
397
1203
34
36
51
35
136
14
508
4783
1062
121
16412
293
5739
61
23
44
193
84
59
24
276
3
879
250
32
29
124
347
1754
6
766
225
295
8
78
122
26
47
8
3255
330
73
2962
10
60
5
7
94
20
1096
673
70
1067
80
75
29
55
275
160
423
92
62
164
48
134
107
158
2
734
113
2397
252
36
1
580
4184
1
29
225
290
45
2
28
6001
4
787
759
545
21
5
1181
34
558
785
383
217
501
141
33329
580
16
1
8
1185
784
302
564
34
236
1
25
139
8
179
765
50
110
58
1445
11
440
21
98
739
793
1489
238
785
132
9
396
274
15
18
134
1346
499
863
22
1
198
1709
69
1538
133
235
107
21
5604
61
1120
2490
104
1498
6
299
367
574
742
5745
101
324
140
16305
485
55
31
119
113
3
559
956
6985
410
1
17
902
4
183
1
291
132
31
5
1628
60
1242
2483
12
1257
160
42
293
1
47
1
5
416
158
294
156
27
110
20
23
4
120
48
231
1
41
24
363
31
265
33
93
29
118
74
999
2441
235
3
116
1082
153
259
1
111
191
349
92
342
141
112
98
208
1
34
361
103
510
1511
453
46
228
20
775
75
130
464
7
10
192
1
382
66
3
1838
172
1225
46
3529
1624
823
89
44
58
377
5271
1928
172
188
551
1
269
11
11
1891
671
610
224
18
316
27
2899
353
35
522
252
1
2009
77
81
46
132
395
193
12
19
648
43
13
74
205
28
773
26
2
21
208
702
226
356
26
7
265
22
5
3
11
3
188
153
232
306
152
1
6
133
1
2552
217
17
312
661
612
84
14
34
542
242
205
170
13
77
12
6
1881
79
18
86
292
244
16
656
6
191
8
85
63
2
426
362
146
1485
51
551
13
160
177
84
2257
220
171
113
271
34
13
122
14
203
183
1
19
335
1346
52
2
132
1
35
157
111
927
7
24
684
136
164
25
35
97
274
1983
1631
47
10287
168
4801
2
1162
1
27
8
4
17
188
5472
290
78
1
330
944
187
1976
4
837
73
913
1012
31
1360
66
1
65
763
53
747
7085
39
33
94
24
8
1281
38
10
166
70
1150
988
17
23
1
1034
352
674
297
80
185
480
1
3599
8
7
38
1564
10
37
32
126
1396
1834
7138
376
17
601
795
508
18
89
16
54
2186
1180
33
221
76
1
3507
1009
1442
46
32
14
15
609
12
384
511
48
45
4412
34
46
128
179
98
130
328
84
1
117
92
8286
229
4276
5
502
436
301
84
2088
520
281
1
25
1163
36
404
76
65
38
136
2999
191
140
20
801
5
156
936
2
946
15
1449
9
4
47
59
405
402
3152
1
101
8
8911
434
136
22
1
745
562
153
1
176
73
207
53
3
501
125
10
133
150
56
366
198
125
216
1
87
6658
60
209
7750
513
3
58
161
495
4
130
1096
217
125
306
48
329
115
24
80
87
137
156
337
34
4
30
120
214
2924
2055
492
60
534
297
170
36
1
39
14
605
84
10
84
3131
16
186
173
235
1755
6
1
43
150
796
180
317
26
766
1342
5
6
44
122
203
31
239
1
95
202
1309
68
45
5
75
2
14
9
1
150
653
418
11
15
270
164
298
18
18
24
171
59
1051
1101
23
10
383
255
8
121
1
34
91
821
526
1075
753
198
577
116
1983
1396
47
2589
3
1
597
858
777
1485
5680
439
1622
51
287
2
729
617
115
982
49
146
61
17152
442
20
768
239
300
1
55
67
542
31
128
11
218
2895
55
4
129
4
2
69
13
1513
37
20
188
378
47
7
8
189
1152
873
6
22
1
47
546
20261
24
1198
1388
1
359
52
65
146
7924
249
88
164
63436
97
8293
646
81
544
306
500
72
233
79
142
2155
1662
6518
1279
3919
1
130
62
95
391
3
958
1401
1882
18
667
33
1271
47
28294
985
904
153
8
7
173
160
2147
10438
290
847
41
57
33
26
177
163
174
39
372
17
2619
38
3107
104
248
2
4
337
48
1846
2117
23012
155
26
89
152
79
1464
51
23
83
357
144
143
269
27
73
473
36
597
130
7
59
30
4074
72
47
29
51
474
32
27
110
26
44
4025
138
1
1604
15
3
139
20
276
306
78
94
1
1655
5085
1102
126
139
1424
2016
170
42
116
1037
431
81
49
522
2835
252
342
5
45
2684
2945
18
6
1242
75
205
84
212
67
357
275
6
68
11976
139
127
32
102
151
37
30
137
106
41629
968
22
233
18
310
2286
157
37
44
1338
39
440
1444
5244
427
69
51
2189
2
27
57
4
307
763
480
3169
201
42
402
651
43
368
17
1
103
20
256
472
581
47
133
494
91
46
266
7
6424
108
182
1819
17
477
429
236
19
5124
85
396
121
55
600
128
98
134
28462
196
1610
201
166
63
546
3
888
95
1
6642
22
102
25
222
243
123
14
293
295
28
8480
32
3127
435
540
131
2602
24
20
1364
18
2053
168
71
69
2687
1
68
143
60
1091
5574
15852
171
64
8
998
12
471
2
635
86
25
495
839
365
4594
200
44
5
532
2368
213
7302
2509
633
50
116
452
539
44
25
6790
16
538
46
2937
266
1563
680
100
81
285
47
662
521
6
17
457
182
1
153
123
28
18
47
12154
1
237
36
47
43
14
1966
2
729
108
572
66
689
228
13820
15
1301
4
13
213
25
484
9
531
128
598
268
74
1043
1
121
648
67
3136
2512
138
26
1407
29
611
13832
945
18
709
534
65
8
53
434
4
358
16
121
12
149
1
460
124
103
98
402
20
5315
139
122
254
424
41
3
109
261
88
54
56
6
18
81
186
25
1
184
613
46
369
1052
68
50
47
2
2784
2455
11245
34
1637
3282
37
168
296
5
687
4070
1161
55
239
15917
881
8986
70
61155
76
25
2
674
1089
246
107
87
304
266
7
263
66
137
6
70
413
16523
18651
197
1059
234
250
390
138
524
25
28
186
68
39
146
1289
217
55
16
159
216
628
177
71
322
68
20
94
396
1338
1930
85
38
486
545
169
1818
7
22
36
19
876
729
6
1177
164
40
11
7
157
19
1
7197
75
183
201
266
4
164
582
86
3128
3
7
6481
2069
90
4207
1
91
206
37
71
7557
1
307
83
5
12
244
22
31
10195
3
199
8
3793
3
37
162
893
748
108
328
214
54
201
156
12
97
437
25
94
24
561
23
692
923
156
1
14
64
25
305
14
157
346
1
55
246
35
274
82
10
460
191
1466
2650
336
558
2
104
801
701
125
198
412
4175
55
6
236
39
1
1
124
143
126
309
161
1103
1647
36
263
59
1
1
1
4
236
6854
36
17
263
749
392
16
14
22
302
53
15
1
347
263
156
285
1021
100
236
157
36
101
53
220
2689
23
53
85
150
25
226
42
78
414
237
268
4
40
1
6
164
3
624
1025
58
3878
458
37
77
331
7
360
116
201
149
1
77
187
1042
518
32
1960
690
60
214
2586
13
292
812
1904
161
5628
1
625
9
30
72
249
8
475
2878
104
38
157
210
68
15
1
59
31
211
498
39
240
87
34
38
21
10
45
418
68
1570
12
6
3
7
1507
68
295
576
966
36
292
71
329
297
75
150
1696
600
214
527
28
130
188
31
1
727
26
1418
14
214
133
1349
365
1141
62881
1
204
65
17
1
65
371
20
482
14225
183
181
62655
177
1
231
99
73
210
266
215
140
1
764
70
7776
182
76
243
93
68
63
13
179
5879
190
78
1186
43
2930
55
65
2485
253
184
183
354
348
351
6
283
2756
1418
62
23
215
90
1261
12
160
307
46
5
112263
56
29
383
230
442
1277
38
1
158
76
931
53
182
72
10
47
365
501
342
283
217
733
244
75
1595
177
1
49
393
5
518
51
1
273
631
309
239
91
2000
160
213
8
314
302
1
248
730
1678
74
834
343
592
6676
5
4315
27
14313
824
18731
5695
221
508
530
362
16651
165
52
287
1
2152
70
6
647
201
26
108
1
2933
2
1325
1
2383
11
1
140
122
4604
731
604
12
144
2
8
322
1
158
195
6
9
384
64
254
2460
96
11
13103
517
1053
5057
28
47
32
35
37
238
57
409
646
13
277
3
126
1142
32
204
51
27
50
96
1
31
116
927
1544
11
1595
97
1252
56
473
3
29
384
13
21
3
11
152
66
72
13
238
5
88
39
135
104
7
122
8
353
146
95
73
93
13
302
204
53
68
294
732
259
291
139
328
922
559
16
107
79
84
8
306
57
3670
14
371
790
1573
685
76
246
1271
116
1679
304
128
16
29
261
4
29
9
494
69
298
24
804
1
28598
1
733
55
40
19
438
88
467
54
26
606
20
926
55
752
82
85
111
853
9
114
11
1
144
2
1136
133
4
870
114
2447
3
11
19
456
449
63
129
2126
366
1
274
361
43
647
852
278
166
725
7
1826
154
82
191
153
35
294
95
11
473
151
512
739
945
2
432
267
170
420
359
6240
33
2310
85
65
61
808
185
193
17
228
57
735
152
36
1213
84
16
11
24
48
2670
428
38
299
309
169
23
40
11
60
826
1037
3
2889
668
9
781
148
103
161
500
12083
30
125
1588
102
28
76
36
83
151
81
1113
1
219
65
102
2184
36
199
1692
1
142
2072
39
1353
14
170
106
2357
213
1336
123
3173
334
86
87
8
38
669
18100
1
14152
13
214
35
6561
764
703
1
575
84
66
1101
50
948
376
34
276
28
80
805
76
17
171
44
41
85
1537
133
73
691
82
19
1015
585
3
317
81
57074
149
160
15
42
335
75
345
388
228
123
8
806
72
3
220
5596
57
1
15
499
3
6
3
667
11940
98
5199
1379
245
85
558
47
1101
39
26
1626
470
393
56
168
254
51
116
381
572
49
637
7
60
1012
300
156
5
1641
63
2
35
503
10744
78
1335
7
8
717
2625
571
1
838
117
144
114
19
17
4
1
115
233
278
1
105
213
77
223
1
108
1
15
123
72
1
79
107
137
50
11
1
45
700
29
411
18
21
54
222
1734
36
352
1279
41
17
572
54
12
1084
108
34
2
53
156
14
270
1
1
6
3132
659
59
545
108
243
93
665
45
90
13
947
66
55
64
25
469
100
11
16
1
153
810
174
4
1497
3927
943
62
44
328
1697
236
30
462
5
1113
57
193
30
133
40
71
859
34
442
68
375
54
8795
152
79
10
198
230
12
843
742
461
121
4
1
1940
255
361
3769
14
24
107
510
180
234
3
171
1
17
7
392
27
26
1009
43
89
75
1447
162
114
51
445
9
181
689
86
5
59
21
47
162
104
731
4
152
522
37
1
7925
229
119
45
43
183
29
497
360
3
1137
2028
18
43
34
71
33
5
18
1
591
17
354
311
1167
23
353
185
523
280
251
24
295
58
25963
1
109
1327
8064
39
295
34
67
1934
2285
159
493
175
131
1188
323
307
25
8
1
600
419
278
47
7
6
406
167
431
147
7
48
55
50
606
258
319
73
81
49
42
285
635
2382
1
530
37
748
197
1231
22
1
4706
1222
626
9
1452
227
137
582
422
499
678
494
851
34
72
40
74
48
62
2
22
131
1572
412
15
109
619
470
135
406
8632
571
32
3
6
217
5855
54
207
681
58
37
356
1
29
363
104
225
589
4
762
847
227
861
64
121
892
2
131
15
740
25
3366
124
14
323
114
101
416
294
6948
54
1
1122
114
1576
229
145
10
7
85
105
707
45
1
3004
3474
93
2673
10
72
333
294
16
25
18
267
4231
589
2610
4
74
273
991
1308
12
33
69
8
29
258
204
106
30
5031
113
648
359
13
37
1
370
198
18
4
12
764
406
236
89
187
25
12
1824
559
48
26
2244
278
40
5050
241
140
495
14
93
624
12
21
24
5
11
107
66
29
121
37
1812
4160
404
850
365
118
2728
4
705
312
503
431
119
1
5040
1064
2996
5437
85
119
43
105
213
259
223
1
61
114
17
62
648
5
219
134
23
915
16
482
12
10
601
248
78
1180
3893
258
58
128
157
3
78
231
4522
535
1
1289
773
75
165
6
107
50
2961
1406
29
37
1491
9501
377
9
439
15
5223
1
53
13
16
523
31
1
31
4
157
153
63
149
3208
1526
723
33
24
12144
2852
315
4584
34
2798
10
156
8
199
27
575
71
783
66
58
9
83
1313
2
236
501
534
1
1
426
238
79
30
1
49
258
2894
45
78
1558
2548
868
7964
5110
89
2120
198
594
3614
1
4
30
602
261
5028
37
6
994
8489
853
50
24
712
59
20
1
1710
341
52
99
384
427
170
1351
251
46
448
186
86
33
393
130
184
585
1
751
931
52
1595
4
164
44
199
147
4
30
74
232
840
115
3
462
5415
2723
138
1705
148
1603
308
132
35
207
134
659
909
457
1646
1684
3
390
319
145
183
1
101
5307
8
2600
141
72
3205
320
69
1
7
85
21
256
607
4127
391
3622
71
466
253
221
99
1462
59
401
3
29100
4338
50
561
33
93
8
1220
1095
73
129
13
3
21
21
381
136
190
1
109
3
99
1235
51
2
505
4
626
21196
610
13131
1
78
33
33
2
5693
362
622
4497
165
9701
2866
12459
21
19067
2446
396
44
2
147
435
72
1991
3
319
86
701
377
846
45
351
17
152
75
173
3
346
462
457
108
142
292
56
3443
538
147
197
228
1351
15
58
51
44
39
580
21
205
168
1076
202
282
14
7
209
272
52
2
113
39
63
104
1
13
14
24
409
62
5
293
535
59
13
337
467
15
282
29
1664
549
203
29
1593
91
16
142
650
59
4
29
88
42
141
3903
6
292
116
6
197
82
83
28
87
28
619
290
3670
24
630
1843
17
203
2439
310
20617
784
66
1425
14
1044
2087
256
63
225
305
2
166
7
238
66
653
572
162
2
2
2331
398
35
129
177
116
129
314
710
102
794
20
52
306
10
1457
11
137
19
96
32
152
6
698
4
2
92
33
5155
93
3
144
1121
2100
840
1198
18
11399
182
381
1927
134
786
13
2
443
273
107
4282
566
1
82
24
207
19666
199
95
13
14
150
21
3
823
468
14
42
88
5941
104
72
271
216
712
216
234
76
8
190
7
252
4
872
101
57
782
8772
5
1
128
182
442
106
76
78
1081
68
2478
693
1863
246
48
11
153
2052
93
2
90
10
2
33
216
809
570
1
61
354
3
1319
232
295
391
172
904
5659
3859
30
4741
675
725
110
219
2
1349
341
1
482
1220
111
205
7
430
34
16
109
373
383
23
21
55
200
2
199
3553
55
236
14
281
6
1203
45
1
2481
1
1485
73
240
185
111
93
127
226
44
207
47
96
312
186
83
147
220
535
144
1
31
267
24
65
391
129
38
2551
461
74
465
403
379
1328
787
901
981
308
35
1162
512
12
287
1
6
502
802
443
61
78
60
694
2635
11
205
456
200
10449
196
175
775
1433
107
28
11
1738
14
3
7
3
936
1309
15
2033
23
34
331
5935
113
3
59
220
4822
641
309
292
251
1953
65
304
12
146
2
4
148
22
496
18748
6
47
82
48
95
17
10
17
1
37
3
1023
18
72
77
34
12
247
36
9
127
281
1
2
8
3404
26
43
20
160
94
11127
13
754
15
351
911
1105
77
26
252
24
33
179
54
1
29
15
7836
67
4
68
2
21
75
145
1
903
574
5693
12
583
1
122
59
92
24
501
60
343
1600
116
1667
487
30
126
88
392
745
6153
8
366
118
6
1527
1040
703
59
6
1329
280
61
478
49
369
1560
344
446
115
33
263
124
573
3994
3830
220
129
2
46
782
7
462
1613
33
10
196
49
4126
112
134
20
611
14
64
68
252
23
3
285
96
105
1306
215
7
42
35
15
323
72
4
250
1833
900
105
34
49
23
1
8
25
3530
2
652
569
33
2782
125
317
185
88
91
18
1
36
135
178
34
50
123
13
178
392
1980
33
260
17081
1226
89
986
1129
341
143
193
176
728
6
52
61
25
225
7
289
10
404
16
153
2711
59
406
1598
986
238
38
280
208
366
8
1
158
144
8
1003
193
122
237
218
6104
22
277
398
120
68
278
1169
253
35
141
107
119
11
123
44
6
94
1
468
545
39
9
422
1137
71
1805
118
241
6
257
1266
15
241
991
170
604
2676
226
37
1580
1
39
224
73
6
1014
342
849
8
1090
65
136
1140
28
1
336
29
122
4
52
327
106
144
6
6395
16
47
260
226
38
1
5385
35
1369
3825
449
21
37
1
88
371
48
1282
916
58
1246
153
11
98
17
244
14
22
286
15694
16
97
30
324
84
3811
28
319
3867
288
1986
35
38
326
41
807
235
222
29
4297
54
448
10
169
155
451
71
55
1272
33
116
2937
159
8
2
26
9
1
600
62
70
173
14
43
93
159
29
373
387
113
2014
22
313
190
60
312
303
199
270
1
27
13
2
45
8
85
152
1150
75
148
17308
189
2331
258
1
160
163
20
15
51
11484
75
397
738
20
221
63
4
928
107
238
166
68
156
716
1874
45
116
1
121
217
19
27
91
270
344
5
736
10
3999
225
4
5539
101
17
5955
295
518
1331
1
66
36
766
74
192
38
158
442
171
28
64
96
213
2354
282
9
85
28
192
87
349
61
4065
1010
277
84
3097
13
251
2579
175
1093
341
12
825
41
198
203
409
77
944
252
841
520
7001
11
9
100
1771
48
148
119
34
83
1087
1
4
177
7
2268
33
589
1
953
8
1
16
33
2423
2848
703
103
87
1
403
9
245
173
1828
695
20
3425
153
21
1355
7210
116
168
1
754
48
123
34
9114
59
62
110
1
31
57
53
31
227
53
1
111
6181
5
196
1541
30
137
97
1398
328
6
2557
3435
9
90
4
2
44
1
1402
280
39
26
314
33
10480
838
5572
47
82
17
78
694
168
141
35
75
12
526
1713
62
219
116
203
161
136
1288
732
5064
1077
156
209
655
187
2910
2456
1426
145
1690
76
51
339
3360
194
11
1209
148
219
210
110
95
344
317
1
14
2
1581
131
506
719
452
4587
108
701
555
1107
32
5221
18
24769
31
172
1598
522
14
198
519
35
51
9521
14
66
287
503
17230
31
70
1188
1
320
17
39750
40
243
383
826
4
1
42
38
23
701
42
3744
261
4
26
611
7
1
513
883
7
636
285
6692
199
669
120
95
8736
28
26
206
192
352
368
93
260
1731
1238
9
519
52
60
22
140
6
103
15
1236
2
57
30
56
102
5244
642
4335
2
9435
53
10
371
166
821
84
44
517
29
254
21
386
77
4632
872
2564
13
2834
129
62
10
3979
171
155
263
34
932
75
46
19
1
611
1452
93
681
323
356
92
191
2342
1026
268
1091
1
745
168
597
1308
158
996
639
6
2143
317
123
60
392
576
618
84
81
41
107
667
178
238
11
78
6
27
2
225
83
231
513
29
624
294
3965
31
186
1
537
160
230
155
77
1
260
24
26
216
28
5
836
34
158
809
57
66
347
4
33
1440
834
49
78
20
91
30
56
1
9
180
367
31
217
469
1833
227
1172
282
1
369
401
275
407
468
9300
285
31
34
26
392
51
70
146
681
5
181
192
147
494
27
77
925
12102
185
325
177
5362
429
22
106
25
24
1875
74
2
63
4
65
171
344
121
292
11
120
50
15
4642
4277
99
122
1
52
280
68
9
1
6
1848
641
684
46
4704
646
282
9896
53
21
1387
400
1
116
931
1055
457
103
36
3
179
1072
187
4185
46
1042
486
189
13
42
9269
26
259
1227
39
59
492
3695
60
11341
1541
2502
3281
65
4
268
641
1
16
283
362
4
270
158
67
638
85
8
891
1506
190
56
591
29
1
459
328
15
1608
76
1
497
112
53
48
72
328
108
360
43
13059
20
5
437
147
7
4010
94
500
367
102
21
401
65
1236
6961
203
82
3
25
45
5
1352
1
53
290
1374
15
928
697
1
15
70
2347
39
2436
591
185
42
48
24
89
164
288
126
1
7662
351
199
13
41
6
1
121
344
2076
21
1
89
197
190
108
112
117
4
580
54
205
81
45
66
1438
65
217
135
1568
61
167
184
11
53
159
113
32
4761
44
382
512
214
3
1035
389
142
140
99
13
2573
462
21599
264
54
19
2
56
95
181
4
144
29
182
301
558
362
272
19
73
380
2705
451
1
26
19
121
80
656
895
21497
99
56
32
4
18
84
42
4915
42
193
102
3730
55
390
161
1504
428
418
413
144
406
237
66
57
185
384
26
878
1
378
248
2
3531
9
336
94
2903
649
1141
110
644
86
701
58
724
19
1775
81
67
795
375
1
30
133
255
777
49
1
1186
124
189
174
5
755
69
347
187
30
6534
16
3381
130
4
30
379
6106
1308
1234
380
310
186
24
41
54
51
634
73
1302
756
45
1563
159
393
13
12
14
3798
1
4
8
136
459
303
62
739
1803
341
76
493
173
3
12
8989
180
502
1
134
46
303
823
29
1399
34
54
131
5
282
103
93
26
55
57
67
950
163
23
73
534
135
7
142
23
223
58
304
119
25
6
593
23
154
3
216
151
1
4
64
389
60
108
550
207
113
1
28
4468
468
330
1
1929
185
66
756
221
129
1169
1102
242
92
651
6
10
116
247
12
158
95
477
151
1
3
384
18
413
18
285
342
21
50
1236
78
115
468
36
3
100
151
1
9590
3
96
1
572
665
311
836
1358
5
232
183
124
8
957
296
380
577
3219
2
3
9905
16
8
2374
3220
100
539
2303
1035
6
8951
50
570
887
21
59
6151
12
4
208
1
169
24
27
15
54
162
180
250
58
70
72
102
806
87
8649
17
6
6
49
63
89
430
1
476
1
54
247
1375
39
871
397
250
144
96
278
50
243
30
20
49
5028
32
186
437
70
469
740
5
38
2050
463
129
934
19
238
106
67
37
488
100
372
80
338
9
14
192
265
7
3057
430
10
80
6
51
5
21
93
3344
12
157
452
3196
14
403
634
330
40
148
435
2528
1084
25
172
83
91
323
916
21
382
3255
316
1031
121
83
634
3
144
1185
676
1
1
9
94
341
33361
1
10
49
48
897
1492
365
341
346
4
32
1590
771
4
20
10
376
772
4
22
480
210
464
37
447
3555
2416
2183
108
22
193
107
275
740
5676
5739
1430
102
32
181
76
112
69
9
335
223
173
64
37
64
42
3824
1241
1097
13
241
209
58
28
112
113
150
1142
36
17
1940
19
12255
114
94
556
93
102
33
883
1
40
771
362
126
128
20
1526
1579
46
1752
20
691
33
372
134
134
86
945
52
600
614
55
411
90
16
216
1742
25
204
49
43
12
123
219
48
175
6
65
3711
19625
317
16
176
1
6639
2029
1861
115
747
6
434
4445
5
163
7
298
52
35
14
621
89
19
243
64
29
1468
53
97
25642
14
26248
823
3264
75
48
43
1072
635
2837
5
3
2615
979
30
1707
739
2
49
1141
8
3601
105
30
860
359
1147
111
60
44
681
986
333
56
58
2
1
25
2134
36
120
47
7
8
2
23
449
130
28
2
183
195
55
1372
228
332
216
131
24
10
93
4
3
216
74
68
3276
638
7
17
240
361
3650
112
2895
28
167
192
749
98
1992
6428
99
59
2347
88
569
78
35
1133
591
13
601
25
400
579
805
22
254
24
53
73
1074
8
27
120
373
1
233
15
27
164
2
21
560
136
49
124
94
191
252
4772
851
433
2
1185
91
3
48
1946
82554
18
11
143
64
1743
3224
388
40
64
271
902
216
23
3
524
1164
57
374
2371
90
234
34
165
1575
1
35
269
7544
54
14
46
24
20
1030
24
50
4873
132
16
2237
7940
1889
10
10550
3888
1
2097
35
105
54
836
159
1
2017
14
13
61
1832
12
243
258
11845
6980
12405
38
37
73
9
5
239
7
8
70
1197
258
316
618
337
879
15
27
238
59
631
1139
142
123
1657
253
340
12
568
47
787
569
176
599
84
3
39
37
106
202
14
36
3
111
257
74
30
5
1
793
9
24
72
1
21
60
3
202
96
123
17
13
92
565
220
6
110
53
1132
3671
94
222
700
5
743
5870
11
164
138
146
116
123
6
126
301
10
47
1
130
126
39
101
23
19
526
1
53
432
99
980
148
427
263
83
4
609
6
847
59
4
2001
6
23
56
1181
39
46
519
489
213
25
18
377
215
1
56
812
8
44
4
18
8
27
13
269
69
2896
61
293
4930
5
153
79256
188
312
50
229
54
98
5
148
393
245
6
937
623
2011
377
91
4
702
985
22
4066
110
18
55
153
6074
298
168
7
9
927
511
90
1528
59
112
1
1273
516
13
1318
115
603
391
957
1
30
40
189
780
6
121
1
11024
50
84
5187
65
380
366
18
154
39
231
2
3
1382
1348
63
1352
37
137
40
247
93
226
123
143
37
39
29
7576
7
1
1115
8
84
148
239
3
64
86
48
594
3
652
402
198
3047
3631
73
492
17
24
56
167
12
4
700
5
69
1767
1111
3
658
84
1008
2355
4
596
39
108
3
293
8
29
249
686
1554
518
4
363
157
72
84
105
837
6139
358
16
2
8
11
268
168
35
31
93
364
37702
387
471
440
22
10843
1
524
6281
12
219
520
1
75
26
1530
1801
236
129
702
5599
218
117
213
1
121
115
1
168
131
344
105
37
37
81
358
56
298
173
4
347
27
45
44
2381
243
335
1511
4644
46
81
70
36
3152
5
63
149
985
151
100
159
24506
496
44
205
71
2
113
494
44
1424
269
213
17
537
107
2189
95
328
753
2500
1171
1811
688
493
28
1031
1227
319
2072
4
35
195
2
195
3
9
24
470
891
67
2709
133
19
389
154
1
32
8
11
2
47
305
383
286
187
1080
966
3
344
575
20
6
32
19
64
6
109
109
14679
56
1
30
95
37
2874
91
37
11
156
128
1013
95
236
1
22
13
108
136
1184
53
243
30
381
1478
41
60
261
1909
28
39
161
66
68
1689
3
2065
210
1
10
143
672
7
5729
47
8
2156
20259
3
408
173
56
50
38
155
108
537
98
153
1261
982
151
29
3605
979
62
337
115
547
153
548
58
231
4289
1098
343
1861
77
571
54
273
1610
11
74
10
949
8
141
741
367
76
52
69
137
62
6
106
1
366
63
75
28
2938
142
1
55
322
29
753
174
6037
3
3
46401
224
523
67
861
1
2302
513
162
256
13
13
313
310
38
113
70
46
6
57
1
29
44
684
36
12057
1129
342
2612
983
22
7
27
385
12
193
47
731
454
260
1799
189
1
3857
203
2
142
67
1204
18
148
148
4353
384
4800
1065
20
125
907
257
303
33
155
594
419
484
665
26
1233
1
306
381
4491
190
233
368
48
1183
1528
139
5
251
8124
184
3
72
577
1121
497
21
1776
2
187
7
11
8619
27
5
89
26
64
465
30
10
17
1041
13
1036
49
88
684
333
961
399
24
574
177
53
94
75
6034
85
266
907
184
18
60
1
5736
432
169
102
1
1037
6
7
807
1910
606
60
59
59
10894
1696
35
3
169
128
142
283
1101
321
4767
20
5306
1
13
72
4
1
229
21
47
39
4
49
245
4
3966
35
120
14
205
121
165
2
3
998
1
3
79
89
466
19305
699
4
46
60
9
10
240
29
62
8
58
139
578
50
42
3880
291
2
741
584
855
1390
2522
205479
23
401
2509
2007
5
1
1
99
20
5
1
615
139
43
1006
36
1298
298
62
178
2
12870
1
1838
251
7
187
8
56
4007
110
1
1045
134
173
118
1
411
1187
888
168
17818
1386
8509
1
840
8
81
1
20
1972
380
1
445
260
6
1
1
119081
565
190
102
6
359
96
71
1282
18
1326
618
14
120
1190
228
28
177
197
376
23
1146
164
66
75
299
4
152
78
7732
723
3
30
5
250
83
235
339
14980
199
51
2272
5371
37
52
53
158
1
142
199
60
31
270
1372
8135
755
289
1
522
4605
285
15
231
19
1339
397
2
462
35
58
1407
192
376
28
7
49
2
1094
264
596
87
80
31
241
1
23
466
15
173
32
40
344
1778
362
50
195
4696
2040
1
837
2675
193
82
664
3
6
651
3
1153
9508
52
197
153
446
1
226
30
307
1263
1
63
146
2848
213
96
36
2748
113
2424
419
81
14
10
801
140
32
23
219
1134
1589
33
57
475
81
48
9
49
150
202
37
1380
3604
347
151
235
230
68
299
602
30
4
487
8
6
84
16
2385
24
67
20
2
82
281
128
2
1030
3541
445
186
50
104
3
323
252
7
30
365
559
295
313
103
123
12
1882
1747
498
247
1
1
526
2
254
415
158
58
643
361
1076
81
22
88
2677
728
64
113
24
383
260
8
118
37
19
7
18
864
45
458
59
522
260
623
146
421
59
155
645
64
536
5744
6
8
306
26
10630
115
11
60
327
3
261
617
495
13
23
335
30
56
188
137
1856
325
310
375
943
29367
81
167
1004
126
3277
198
257
15
288
2
1
36
239
1192
1138
310
111
5779
68
10
141
5
36
163
126
3397
254
46
2
9118
542
966
68
1
365
27
203
770
253
1
7060
8
33
12
107
191
242
1396
72
14
250
538
89
463
673
665
3346
790
9185
1366
229
320
3302
277
192
70
13
3821
93
812
241
33
69
41
1076
349
11
487
65
489
6770
5
341
167
912
1
122
2
326
8
582
538
3
166
56
432
38
154
13414
13759
1008
16039
5098
271
5664
308
71
480
444
357
1
5
30
613
305
7959
15
515
33
358
13973
19
1244
1
1988
283
11
169
313
19
20
59
856
51
17
38
7062
4268
98
15428
15
7
840
245
33198
25
492
20
1327
13
75
47
133
3
46
84
39
26
69
97
155
63
165
180
855
201
3
11
82
174
6979
69
85
660
206
95
83
1
1537
8730
47
133
73
1739
46
21
22
9
1248
42
8
972
163
47
160
196
87
114
274
174
110
33
349
60
6
1
19
22
129
717
49
107
63
118
29
21
194
2569
810
366
443
529
6787
54
2268
81
5
48
110
450
82
207
3072
637
1963
432
653
84
7
21
299
16
1820
639
494
359
141
126
29
76
12183
1
482
8
542
488
113
80
5
87
184
786
560
1355
290
2041
238
311
801
79
1305
319
414
453
82
351
46
12
1503
184
73
19
5077
22
346
26
3784
32
39
28
102
58
2268
106
180
416
562
452
98
198
640
51
12
440
191
5
461
770
336
37
2
26
5280
6
32
40
1
278
11553
36
271
3039
47
1
59
30
60
20
8664
5183
1063
1064
79
169
261
220
22
117
313
11
10
35
86
48
3
335
1562
1012
94
26
32
2763
1
50
1086
126
538
83
411
1261
777
26
60
236
1259
595
6
380
233
8
245
3258
359
847
181
296
89
280
159
751
2597
3143
394
27
263
1
47
815
1
38
328
52
809
4925
4
77
970
322
635
62
292
2
3
99
3
219
15
3
12951
3245
1885
469
1172
88
139
198
82
5803
101
59
74
9
1
1054
7
16
9
3
15
64
1838
181
15
116
1252
73
39
415
81
3282
82
486
9503
520
60
48
4
8
26
3523
76
80
76
344
79
340
26
633
8
110
491
1037
3354
9884
68
74
38
3311
327
187
1386
12175
11
124
99
525
1
2408
1
15
779
135
5948
1
2682
5
246
1843
3416
6144
108
1
1176
1364
1243
13
28
983
61
22
343
2135
2332
121
2901
20
966
296
5
24
159
739
28
11
6
157
29
26
1268
1851
453
8
2469
559
7084
368
188
1917
91
2669
396
64
498
75
505
651
293
271
302
1406
1
72
1
19
4
176
1
1357
166
32
19
28
1195
10
1
48
19
65
1105
1999
39
4873
32
291
5
236
11
135
1583
137
773
2
284
12
61
31
25
648
35129
7137
116
8
127
815
9
14
1478
93
129
446
173
217
1
2
68
147
37
181
968
40
3906
5
664
10663
7618
378
457
165
578
784
67
502
53
42
390
165
3497
4
161
834
5
191
182
74
11
2674
135
280
2467
1
37
12
96
37
20
396
227
151
21
39
129
82
51
3
103
116
285
223
391
98
111
107
23
38
46
1
4
124
423
172
100
62
2582
1
186
20
35827
1254
95
85
284
535
1040
134
84
1
4
70
4
92
12
38
1360
443
2
67
53
245
214
63
2957
5
483
122
2727
3165
8
6
2108
46
398
390
399
3033
1793
4
474
8427
633
4
149
6484
8259
769
2454
133
49
37
349
36
75
52
2061
413
358
835
578
140
110
791
3494
46
57
162
77
1
1
835
201
241
1277
1022
548
291
2931
29
884
404
471
2698
6062
1755
75
288
502
178
5
4208
217
9
79
3855
67
4769
38
31
54
672
39
394
220
531
3036
13
7598
3625
3473
1
46
6
918
118
5977
1749
233
7797
35
4308
11
355
11
283
26
902
394
40
13
827
230
44
627
1
74
1124
6
5
2
21
1
4
154
10
88
62
482
103
757
65
8
146
36
6
18
2562
13
256
3552
15
124
33
77
303
27
3
24
2
161
618
35
9246
51
412
216
458
137
1
6561
5746
155
6
48
300
93
32
5617
3954
134
28
243
48
111
11
11
1224
28
684
34
127
37
1
346
19
321
209
88
12
165
1564
18677
117
9
516
488
1087
346
292
1099
12
39
17
324
1003
119
2535
4911
42
29
166
78
17434
2171
74
40
24
1732
30
125
1747
26
358
29
3368
38
15207
52
639
5173
25
77
1
88
93
1835
720
288
47
172
14
308
175
13548
113
692
32
56
144
2059
7
7554
4090
3099
1
22915
1
96
4
256
9
55
118
1
4
459
2063
752
257
14
323
97
703
247
123
288
123
327
162
13195
596
76
24
130
37
969
1161
426
264
39
37
444
9
8
165
462
2372
1
286
4144
2
93
834
63
132
57
7
118
94
31
22
294
12
553
1185
6609
17
1262
275
742
21
298
345
1206
283
9
64
139
2925
60
41
12
32
185
631
571
407
10971
703
1
421
454
708
111
13
368
173
24
703
468
116
130
107
1054
1
8940
1
4885
72
522
933
533
30
4067
809
20
87
12
12
21
64
1048
242
615
1389
20
322
128
399
1951
458
1385
31
4
766
3426
521
2
546
93
209
929
226
19
136
108
915
57
29
5
44
345
311
117
703
531
10
30571
3
2
64
258
17
5
46
195
53
296
279
3
21
2024
168
85
364
3
50
1133
115
14853
214
1
6
41
2
296
15
748
9
1
70
178
82
1663
4
680
21
37
69
10
18
1509
44
331
69
611
173
183
1
145
2698
12
164
470
22
897
1005
22
7
215
234
296
432
16
1
613
1
42
74
167
12
28
266
152
8
12944
10
20
135
206
38
15
1699
2178
23
186
60
41
30
16
114
10
58
22
467
1
1519
2863
38
34
78
10
119
251
13
430
15
39
30
270
1202
13
2499
267
307
74
112
484
104
606
5
50
12
7
747
2024
758
3516
6
270
559
312
115
95
60
32
20
470
21
59
7
5
313
360
55
3
6964
57
3430
72
5022
41
6371
2800
53
443
4
612
9
112961
1461
38
1
1
598
294
316
17
126
51
58
516
4029
2
127
16
430
20
38
8704
15534
9
604
196
597
2
755
34
7
83
458
526
10
306
241
736
427
4
13
2
1
47
1325
70
177
75
3675
8785
239
46
862
6
656
2900
17
907
428
3606
283
639
1584
18
555
4486
11
50
122
291
126
55
255
95
50
371
210
469
207
260
1
158
793
366
2630
640
27128
95
60
231
395
8990
723
31
3
134
18
4695
31
381
353
306
396
1871
50
1798
2085
75876
67
56
60
4
938
113
91
45
2222
2
931
196
62
650
589
58
1692
563
163
61
393
287
103
35
245
2092
1
155
8901
209
350
48
20
146
270
16
45
8
16897
147
319
46
110
60
805
143
621
109
26
60
1094
61
2123
148
9
107
71
1279
1138
37
130
1230
17
239
3
5749
185
28
1056
1169
3632
223
41
294
6
215
677
2
1458
2
847
1179
562
44
163
144
226
1987
60
300
116
343
112
906
65
514
110
786
142
513
43
281
142
2483
224
194
205
30
25
977
27
120
38
7
68
147
928
1
95
150
155
380
1556
1806
433
106
310
1070
740
582
61
24
33
24
278
40
21
16
1
122
155
118
191
331
4
387
30
157
2932
529
159
185
1059
179
4131
200
1
752
715
12
60
3802
148
2144
1
215
4
552
2982
392
12
830
573
1
765
332
149
606
133
102
1713
49
278
344
4292
26
1434
641
496
238
964
400
254
1006
364
4
4
219
9657
3326
1
155
283
3802
622
539
4022
47
35
4845
69
618
1510
60
1677
98
247
166
1
1131
84
128
154
23
1173
651
1017
164
6
56
29
49
1235
186
749
10
11366
130
779
501
34
244
59
2
1605
1122
2350
126
87
2454
376
80
129
485
390
2102
58
457
149
263
387
12
1406
1
51
342
83
41
642
64
1926
209
145
193
39
2
134
7431
19
194
61
1747
57
209
2791
38
2439
40
52
310
38
10
28
126
207
378
269
2544
37
66
322
1158
167
835
6
416
609
3079
728
382
89
1026
32
40
15
84
305
20
767
10
152
114
3728
1227
99
4
238
47
245
281
3514
62
105
73
1918
72
12066
46
156
17
26
1944
282
94
84
324
73
337
48
1
1
88
30
38
161
203
31
95
124
968
11
80
8
47
2
554
676
374
424
18
23
8
36
85
641
430
289
862
67
46
136
245
279
384
63
93
3309
394
4171
12
86
167
2480
131
947
488
135
1480
27
47
75
1040
15418
189
1966
2559
433
1
664
258
353
71
55
115
99
39
196
59
2186
715
32
61
49
1189
139
85
62
1
538
101
2186
181
3703
231
1
71
22
1
207
4051
253
2
42
199
15
501
26
24
1
774
82
8
89
197
36
509
409
4
447
84
60
166
1354
500
473
1985
1036
51
37
157
1177
281
112
1349
1180
13419
11681
16620
604
3416
109
62
128
1530
500
118
349
195
104
2
7
973
104
30
23
112
58
49
187
11
69
454
407
19
6
94
87
23
8
13
3978
497
11415
14212
9
191
664
193
151
14
1
3
114
1272
120
13
216
16557
24
1525
1
32
195
72
42
1532
99
6
14
552
14
4061
1
159
566
103
50
12398
1063
25
150
45
372
52
8
132
838
81
1085
5560
185
71
70
268
252
1333
67
6
105
4432
243
2
33
8
1
22213
15
122
257
93
377
74
3
564
141
257
1
154
2940
889
96
30
87
1211
82
115
47563
5096
811
125
1687
369
102
9
4384
444
114
5527
29
26
2748
75
251
136
492
19
40
44
15
168
48
1052
7691
35
85
250
217
40
120
70
1778
165
285
639
14099
209
10
697
546
51
5359
22
439
38
12
199
217
86
2664
840
381
27
7
28
2
3
14948
85
19
1
18
4
520
1714
1255
3395
215
1008
426
54
5889
10254
2
2
80
124
844
7
50
199
333
115
940
63
1574
194
103
223
177
516
209
146
127
956
871
734
305
345
24
2144
9
196
229
129
170
27
823
4
107
2457
4
32
1238
43
548
7815
517
19
64
35
28
1096
601
118
28
231
34
535
1370
156
190
173
2
126
60
2
117
295
60
95
568
1793
38
22
16
108
35
612
2039
295
109
371
2845
161
928
911
29
39
6
29
10
43
5879
2
149
137
2950
423
3705
1003
21
19
44
86
10
24
787
75
148
207
1
171
306
29
31
35
541
1216
2095
27
59
240
48
135
709
106
1001
65
3
165
1196
2
9
1
52
63
3680
1
58
5
4
1
61
1
333
5359
1430
50
30
79
166
2293
543
170
4
206
27
7
71
55
54
141
105
39
119
9
677
505
212
2020
121
1
3394
33
1535
259
172
426
1216
2154
645
724
1325
4579
1
274
401
48
26
1375
12
851
54
12
231
389
5
19744
10
16
27
132
36
37
590
8434
774
2
368
182
276
632
23
864
66
107
9
697
4614
116
183
121
12
8
7867
9
10
201
10
267
416
319
99
276
6
62
8
374
349
201
504
65
187
9
994
650
243
14
1343
141
6
506
8386
241
1404
559
895
627
253
59
106
114
63
1
4311
129
11
39
108
432
2471
176
204
1087
1263
59
39
63
44
15
94
72
1122
54
2920
587
113
1226
411
530
53
37
477
635
66
121
6233
588
18
4
469
25
557
146
435
1116
42
6
1
101
465
136
9
116
661
34
39
779
37
16
21
4
38
1
1
343
2384
67
5
246
113
471
9
1364
12
3996
3837
197
753
582
376
1089
16
749
173
704
94
403
4691
64
857
19
27
2
16
7312
64
40
159
232
342
270
26082
73
303
12
25
3124
67
79
1
119
17
20042
1603
646
3
152
8293
23
3
418
1
1272
51
633
19
19
2627
360
55
3168
1458
7285
734
15
307
100
19
332
34
401
3
75
1
359
52
98
307
47
44
1398
50
296
3
2645
619
444
6
324
11
11
1634
892
23
1403
291
577
1508
2
197
215
2776
51
4318
1314
20896
24383
81
3132
46
1
391
649
75
24
4
30
155
1541
2060
71
15
379
93
219
75
116
13
8618
1304
267
133
760
60
38
3586
25
1704
52
1106
83
1
44
1367
243
1016
216
97
6
5
220
151
88
12
135
7
762
2
1940
742
63
9324
304
9051
190
201
62
50
26
7178
341
15
139
115
156
1548
7
13
123
1
64
1088
1
114
214
12
20
481
250
365
117
1545
4144
318
194
57
159
2519
1
60
97
495
54
774
174
8363
364
371
54
207
882
165
239
26943
295
53
10345
106
42
2350
133
957
133
1582
44
661
589
234
33
55
463
3422
7185
2232
1294
113
2311
1589
584
145
16
61
359
180
1091
12336
417
183
7
633
52
136
906
133
37
3586
10
177
7
25
30
57
583
896
130
1312
1375
4393
94
162
149
18
69
132
1276
85
6
494
27
166
13
401
541
80
64
480
31
390
45
789
146
26
5
1443
800
1153
1338
205
36
156
109
853
260
2
79
561
216
2
21
37
299
3
1273
3033
29
24
3
362
29
7
401
1
10
925
983
26
91
76
278
9
41
1810
7885
814
120
13
184
1
1153
82
7718
95
30
2
432
122
56
90
63
1073
6
347
273
102
41857
235
2547
52
179
10
111
1060
102
346
1234
731
8
417
110
1701
507
632
478
68
381
722
450
30
373
136
847
131
108
13
857
255
3261
695
871
123
156
40
35
100
405
6
345
424
346
555
2413
973
46
16648
317
664
520
165
443
181
368
23
267
369
234
301
1743
1
87
173
91
206
20
207
69
133
114
10
178
34
656
256
504
769
605
175
8
8
11
155
358
330
12
941
468
136
60
49
84
282
6
783
2177
104
6498
2481
20
163
9
33
228
887
531
991
121
878
263
92
489
117
38
2133
25
760
79
89
9
33
1
104
687
4494
1433
26
154
795
59
2906
408
888
61
81
1002
269
61
27
31
99
31
27
2387
114
278
99
52
360
79
31476
260
61
3
396
66
968
827
231
229
4
87
1213
1047
65
159
19877
1064
3018
271
3838
149
621
10692
523
1
160
189
1
221
6
94
103
38
303
33
1
68
180
483
15
1
1
87
1979
1975
112
8
923
240
71
7387
31
987
54
496
24
6
144
24
389
64
3
66
2667
1056
41
1199
354
266
43
4893
2
167
1
11216
64
454
1
115
71
5
817
2889
16
216
52
182
6
98
9
165
643
41
10
161
179
553
305
3442
2600
2
52
552
51
21
1996
142
370
15
1
98
1014
666
34
431
3496
5
4358
853
835
307
5
6
27483
45
271
159
2228
227
275
7
45
572
236
969
1300
100
34
411
2800
1
7
885
152
255
834
510
2884
90
2526
19
474
1230
1
2412
43
18691
26
38
1666
50
2
8442
140
1731
92
273
7546
89
36
176
11
328
76
2378
59
34
409
216
77
27
12
8
175
50
556
50
322
1159
5
2902
999
22
21
51
3305
21
128
50
402
75
85
72
86
1
90
26
17708
91
60
313
85
151
470
786
1
80
166
1
10
50
4797
683
6
350
1
14
36
29
214
166
59
2
163
1890
1
28
677
439
55
22
404
16
1
66
2637
428
1
54
2143
38
29
758
1106
29
679
103
780
1980
269
1199
438
204
139
67
29
196
145
125
23
698
4594
203
251
3
446
472
11
13
12830
2
32
39
19182
753
565
196
895
126
34
1003
219
112
148
16
163
1464
24
22
40
7
644
772
145
107
47
35
7
1
1771
35
309
71
25
379
1
1348
64
92
15
13
1
2380
8557
944
3
117
56
110
317
7523
11
248
188
190
23
261
41
64
462
57
1590
137
59
127
366
110
478
2107
210
61
338
70
818
293
37
1
181
433
416
173
994
17
204
625
95
5135
1
965
74
76
989
442
21069
35
36
277
357
93
239
8
7
54
52
206
1
289
66
161
502
238
1
144
27
1
2251
95
1
27
203
117
160
174
206
1548
66
73
1401
22
27
149
4176
46
425
159
232
3933
170
10
27
343
418
213
27
52
3664
231
125
72
1405
1232
143
32
95
107
72
677
34
3679
5598
57
912
191
77
121
687
19
179
1
382
38
23
61
17
67
324
488
1349
1446
116
263
615
72
22
107
980
74
24
1
164
104
3
417
4305
41
1000
13
11
105
77
143
18
157
89
9325
78
1064
156
604
179
12
360
16
747
82
17
645
30
7
136
572
552
660
1680
147
66
1
1089
5
128
1097
1796
3
108
280
20
43
20
58
135
708
1684
1
554
40
126
19
117
576
2823
327
122
4
14
2299
1131
1070
973
1570
5
153
55
1
910
2250
381
4
7
538
111
106
30
127
1407
1
236
45
1657
8772
295
60
1
323
522
3830
16
2742
161
464
569
205
1
722
137
53
11115
196
107
37
237
354
7
27
24
24
151
1
71
46
31
17
55
1290
89
68
31
74
6
65
498
2
24
2457
16
88
48
350
8
15
21
1620
182
161
364
186
413
35
301
25
41
12
38
23
4115
1152
403
4
53
426
1
279
2678
753
197
934
127
1312
586
120
1584
25
320
279
1
448
19
23
7
1342
385
715
445
117
48
801
16
379
74
307
10
2
13820
847
10
18
354
26
499
129
1986
2955
759
68
118
684
13976
126
598
609
438
258
127
36
15
8
63
54
3893
4
83
213
165
42
427
457
4
112
474
50
221
63
339
1820
1475
14
4843
418
64
6
49
509
157
1760
14
31
61
174
504
1864
208
435
49
27
39
15567
14
13
3
1469
786
878
267
4
574
5
1448
446
512
472
58
86
77
64
1165
1021
449
199
416
122
10
22
312
10
412
621
12
2235
72
2768
4
675
7348
262
129
745
1199
152
1038
796
77
44
5
49
171
36
86
59
95
329
1547
1322
2496
17
4886
552
167
641
723
598
430
5
43
10110
242
9
9
390
159
15
15
299
4
25
41
615
236
3
2674
664
13
4
160
41
1
25
9
290
1293
2452
61
631
123
158
214
278
66
285
86
9
326
20
1383
2455
355
602
21
3237
3600
47
48
652
32
27
120
4128
163
89
54
51
1
151
676
1458
177
77
715
1448
17786
27
11
399
16
604
11126
12
43
19
20
62
6
34
122
194
260
537
134
3
73
156
128
581
1256
1782
56
101
140
65
8
43
518
103
18
60
5355
243
4
150
5
480
129
4
312
511
851
1
23
562
18
23
134
367
75
113
85
81
1580
163
8
36
1354
2374
407
311
730
21
966
3
289
737
352
41
1339
12
40
2436
1477
113
118
37
1014
168
195
72
5800
87
1
34
64
1258
352
508
309
60
62
6
163
652
117
1
536
240
230
19
4061
8
30
36
199
10
565
114
22
2347
75
26
634
3
273
255
54
11
16760
11
1
110
42
1144
7392
35
46
5
25
416
336
138
35
198
36
1024
330
99
126
83
226
875
818
675
136
113
341
3056
272
129
330
1494
572
359
1725
498
26
873
267
705
100
1
6
41
14
119
593
139
38
1441
32
304
80
15
22
33
203
65
214
1
52
2
377
903
1
1
644
1326
876
634
2
84
84
65
5906
100
75
118
20
988
789
737
1893
26
572
278
912
466
28
111
1
437
76
2
128
35
209
14301
259
1780
23
221
1003
8
1204
314
205
540
1327
47
146
4966
2287
91
28
15
259
30
1
727
380
22
21
14
475
10
371
722
5989
12
17
1102
56
291
493
1024
10
138
333
449
17
3
48
3
1108
1
260
22
2728
4590
458
98
1
290
171
9
80
9
100
60
28
175
357
4557
59
1
4
1310
17
382
43
2668
129
696
588
156
143
51
780
12
25031
20
124
4712
169
121
468
165
479
21
70
48
234
125
3457
60
1
76
2632
9
1944
84
7828
755
59
1356
468
589
85
3
303
33
73
279
614
6
315
1455
248
1
3
31
6
112
36
190
1301
47
49
381
3
57
119
1090
739
1922
1
27
58
563
144
694
355
27
265
9
445
14004
1
1011
420
3427
980
23
564
553
37
178
185
175
62
1
391
56
11
957
240
13
14105
640
48
354
224
82
51
176
541
459
1763
255
1
162
1074
235
1
193
1
154
492
2
18
35
25
31
191
46
98
266
70
43
445
803
239
815
561
2198
17
751
507
209
197
301
167
31
38
11
1191
50
83
59
582
21
110
2931
215
39
29
2
1239
1763
946
467
783
16
189
1
89
56
71
852
244
224
29
938
198
191
24
491
73
135
81
667
183
67
5532
246
3
11
142
1
52
67
475
11
170
146
197
15
285
18
51
274
68
1329
193
1
1523
20
603
22
1
17
88
122
160
297
68
199
1724
1782
2
3
28
132
280
1158
1
142
204
6
5
2385
515
229
4463
43
135
44
3
507
73
2091
55
106
73
2
1
203
5
13
4
8
112
12
15
116
7
618
108
87
559
1213
21
38
11
217
1200
2701
9
150
9061
22
487
38
1873
127
180
29
1103
266
609
1773
928
687
16
1903
173
171
254
1078
566
43
1458
20
34
159
147
509
38
4
194
27
903
152
600
14
12
28
271
612
136
98
1132
478
236
176
492
2880
317
2728
554
1539
5668
53
254
217
145
578
864
9228
11
892
29
61
20188
250
1
107
17
6
1
775
88
3
460
24
572
389
3142
490
76
1
12
43
1076
89
102
76
4851
135
459
27
1
159
1089
203
31
1305
49
4
1062
321
1475
36
170
250
66
12
381
7
251
351
54
1
27
1489
464
1
2043
3
113
276
4702
111
7
1
75
38
2
245
65
8
4
507
46
589
268
144
72
166
3124
58
112
18
23
96
31
44158
1425
2471
4203
1
25
1771
24
94
27
47
1
69
120
411
187
47
47
120
22
25742
1
883
5
95
25
14
177
20
26
656
14520
148
47
280
27
3606
1494
718
197
1581
4
32
34
137
23
3
880
609
65
38
2409
7431
571
72
1129
625
25
103
59
31
1
138
11669
58
2197
48
42
1141
23
91
325
51
632
429
3045
62
42
43
337
180
74
157
40
906
104
32
27
585
391
495
27
40
19
13988
1
12327
1352
2
376
30
28
2614
1460
1742
73
1429
27
448
1424
380
875
230
3723
2168
26
223
88
463
35
26
125
6
1268
598
64
3750
3390
4300
3
402
176
1166
44
52
2
35
3880
129
150
12
119
1
4673
2765
49
69
20175
107
821
441
78
78
85
102
4
270
1263
3225
387
1317
1158
20627
28
12
1652
1131
608
3
299
400
230
1408
178
3
6
1614
303
2
106
163
636
185
1615
145
946
1
9
32
5035
326
313
480
484
34
405
1305
1528
139
11635
1
11899
9
22
39
2139
17
26
1143
32
527
618
1381
70
1765
521
2
45
1
979
1509
35
11
167
58406
291
151
153
27
435
80
18
1258
31
5
8
21
6728
2435
126
586
68
150
3174
3
55
2428
467
862
44
29
41
210
83
536
2263
230
221
163
1475
1880
305
52
278
1925
23
202
183
119
992
72
28
220
3
3
286
188
552
153
42
7804
214
175
41
7
21
496
1184
1110
592
2128
232
71
13
57
956
446
3076
247
2562
69
8
1
97
14
227
185
232
143
123
12
2360
33
86
1
40
264
84
154
230
330
139
270
95
53
100
5
1
28
19
86
2
200
1158
2653
53
109
929
49
142
1
267
181
124
800
19
66
1
577
50
47
75
131
37
58
104
37
241
5
47
55
987
212
416
1
1560
45
1420
294
19
564
11
49
5700
12
37
4238
5599
10
954
919
1950
5082
67
143
687
125
21
18
87
129
1245
2725
242
102
122
840
112
221
1
134
234
299
1
56
9542
66
57
91
820
768
111
20
85
1469
1
3
6
51
42
152
87
110
241
18
96
43
14
499
40
1
1
91
17
388
54
24
123
1
372
1424
78
520
1357
146
7
54
124
2
40
34
408
158
7
213
4
1283
8
54
7495
1853
618
12
231
166
5
68
411
1175
11
40
1078
27
126
116
33
1
120
62
156
4764
31
13
127
126
18
11
245
291
59
9393
2
2493
58
1
2661
159
384
2
264
21
97
1
78
13
51
200
14
194
56
352
97
75
293
3953
1613
3
59
1033
44
476
168
4
883
55
624
243
7
303
3
179
78
87
636
254
1
187
900
66
1871
1333
856
9
185
647
57
241
36
145
93
53
9
1657
270
820
70983
415
180
1
13
48
2949
9
1187
1
115
3231
48
27512
30
34
93
260
16
7
1
47
48
76
220
590
71
224
406
1385
300
23
537
812
119
7
27
24
56
137
3
24
64
2256
774
3
1
11504
55
319
100
378
36
925
2342
529
71
52
790
125
374
55
161
767
2398
2185
113
1443
2813
61
285
1
1025
2478
3018
1373
292
1
86
451
8
6558
173
15
126
680
402
21
123
265
8914
288
3
50
661
478
262
6190
18
15
92
1162
20834
12
13
39
190
12
265
235
5
414
520
8
128
4
52
1
25
856
524
16
33
1246
1
1
3
768
999
139
36
508
160
548
53
453
1
1389
3705
133
23
9
18
70
2
376
14
3
142
1412
555
4165
1017
293
128
143
5108
1
4053
2324
25
821
5
3017
5304
178
46
233
1
37
25
957
100
26
156
19
1328
140
182
28
81
334
894
171
367
865
892
18
31
2088
241
5662
8
14
954
280
4
48
198
2
18
83
446
259
28095
17
12861
178
50
729
211
69
2250
152
96
2
109
2093
1764
70
16
13
3160
474
12
1540
46
114
15
368
1
38
55
1
14
1
85
4180
236
2597
1001
2
1
28
3
204
86
10
110
102
17191
5
27
2
4
108
4
12
413
3825
63
244
27
1230
52
1401
18
11385
7
37
60
120
235
134
3261
61
178
62
242
42
45
454
79
438
161
9117
30
296
20
111
638
1
190
17
39
247
205
45
28
2440
2
95
143
88
7
38
229
95
9
4326
2569
7
5
1326
259
301
85
1
5
323
111
28440
378
30
708
579
195
36
134
2822
4455
377
1080
50
42
44
24
1282
2708
75
1
28
45
11
116
58
249
592
5
22
178
5684
768
841
1
115
275
345
105
159
122
29
351
538
83
23
20
5
663
7
277
45
172
26
29
493
1698
99
482
6295
491
510
27
149
1168
17
13053
579
542
133
31
32
9219
355
406
388
5
1451
102
8
679
498
2298
14
307
197
4497
34
833
80
463
361
31
37
739
35
797
47
90
91
181
19103
10848
88
265
220
20
389
746
452
20
166
96
806
356
3
6
6434
1405
69
8
1
34
1315
54
4340
649
80
689
21404
608
371
75
44
1971
937
397
92
955
465
85
2
40
8
8
7188
238
158
79
132
93
142
30
15
669
7844
2
7769
797
15
48
420
14
1554
1279
31
38
31
1573
658
21
636
2057
103
4
317
51
945
71
16
93
83
5514
236
3
6653
1382
3
1660
2516
1407
982
3
9
81
97
319
6
264
102
1
1
876
43
158
87
64
1542
204
1673
406
4328
737
764
5
49
3
56
265
22
3
97
14
70
444
525
596
154
172
129
14
11494
41
5
25
1005
934
23
601
17608
314
140
1
6128
461
9
739
58
165
2
2183
346
592
22
28
122
284
160
7161
2958
3
82
562
451
2215
298
759
791
15
108
246
1
139
487
1
4
2130
702
289
4803
992
7751
787
354
40
256
197
1066
222
53
5
55
41
516
11
7
13736
95
2702
1
113
1423
14
412
136
261
2
42
6
82
38
66
34
434
466
3
429
73
133
294
272
138
80
926
138
7
9
403
49
22
1439
8280
19
311
118
189
105
159
929
269
16
209
209
353
16
873
142
4384
27
78
39
843
24
1011
659
1320
59
283
52
395
237
705
297
17
117
18
4
205
1
489
509
506
1285
7033
1
12
1
19
177
34
427
7
673
521
129
83
40
9
44
3
593
627
204
3
90
377
5728
258
198
11
134
94
2231
24
30
14
39
1
1095
76
123
94
55
27
33
63
86
194
33
732
511
821
111
42
11
116
109
67
119
466
82
349
522
981
3625
120
18
7
29
547
707
234
30
8
6
106
237
68
19
24
103
269
622
179
1658
398
538
9467
495
9
2512
32
5641
6985
279
7
577
3
1324
468
29
158
181
55
11
73
2402
110183
1738
163
4675
52
836
199
1073
406
1131
1499
2
8
6
138
1102
95
7594
100
215
228
2995
989
1297
1094
163
512
345
6076
343
70
1655
71
74
2
407
90
360
935
1688
1393
71
326
9734
36
219
192
1464
104
934
1
893
991
3
249
6
1046
39
1
105
247
1
53
50
3
43
53
45
13
18
82
5679
1512
2
25
281
2
3682
218
1
11
693
123
127
830
6
29
118
79
371
1
671
44
59
1065
547
24
408
126
3
103
233
102
177
344
26
279
491
11734
17131
51
6590
8
3
48096
549
1088
29
56
603
190
1042
353
20
467
231
777
201
72
72
54
3
55
1838
2538
42
1485
108
1
135
2
46
162
135
4057
29
38
13
976
18
648
107
19
5357
7
59
18
875
209
17
40
168
21
3196
16367
828
157
2339
1222
1
35
188
221
65
5
172
34
4866
153
359
10
210
7
109
320
274
823
306
87
233
175
284
106
106
1378
6
296
21
39
45
361
291
5
1335
427
1871
1352
449
1345
2348
6664
644
3265
201
17
146
1415
558
1
743
41
3668
445
204
3
41
52
56
601
9
1100
64
106
669
11
48
231
49
149
227
1666
46
227
309
2108
4081
274
14172
1298
164
29
932
50
330
11
216
775
611
27
11648
52
2335
1141
4
13
152
20
2702
292
21
68
316
44
79
35
155
503
39
4171
953
1358
2
3
46
77
65
4699
27
4715
541
1053
2846
143
89
3644
115
98
24
12
68
52
1
74
64
7
21
1022
10
55
817
1130
1850
48
2
2006
46
193
132
180
5056
144
1725
219
591
32
182
78
215
588
142
1
20
319
154
370
22
83
85
709
4660
114
8
288
145
7756
669
540
17
86
22
2378
200
335
756
345
14
558
262
79
66
10
19
1
1
111
1
671
132
250
85
85
85
468
33
128
661
885
123
48
1971
93
3218
4514
98
562
50
80
6690
237
323
1556
124
85
9
1390
51
647
54
19
61
233
1
5047
16
901
353
279
329
58
1
1290
140
13
252
1104
120
3300
2943
58
60
123
3
1
129
26
9
37
432
1297
130
823
801
11
1
157
153
219
29
30
111
245
359
113
1242
514
70
245
244
31
69
234
3589
63
27
22
41
2730
25
101
31
1
7
155
632
347
601
37
36
214
415
12
31
58
2
649
549
12
6
7
66
193
263
1
54
208
49
100
57
36
148
597
1988
69
147
8
243
7879
108
2
66
475
234
219
31
52
59
28
270
23
5
34
128
6
365
1001
23
113
175
4
28704
57
66
456
270
63
947
2615
13
284
454
1338
42
229
1815
709
447
439
1
75
418
131
5
34
528
73
318
1574
276
1481
144
393
1
10
10
4161
241
227
349
19
54
53
862
1
129
59
60
296
91
172
450
5214
108
80
277
3688
114
1
202
143
615
20
3233
7
1
66
80
5
185
9
1645
178
1175
145
399
34
492
9
61
2666
802
17
638
35
62
1
392
164
2046
146
1
1645
50
458
7
255
33
5
62
37908
85
84
319
161
1787
18
445
128
7484
20
354
11
227
677
22999
102
194
32
89
14
731
124
206
83
109
794
130
1177
229
124
35
88
3757
106
3072
44
1
5771
993
349
130
65
648
32
62
21
520
648
1140
1218
399
327
10
286
205
47
18
563
522
5
610
87
366
154
456
826
3
149
248
828
23
30
13
1070
70
240
651
155
82
1
505
6
227
255
355
39
1528
2
1190
7
1
4
1691
5676
15
121
274
482
2756
26
287
1239
176
483
311
264
500
47
9
17
17
1278
132
281
54
14
1146
93
90
74
772
209
55
650
1
215
1
86
1
139
19
22
54
6
208
201
848
1471
100
369
258
59
52
731
16
167
13
147
405
76
10
172
790
540
13
11
3496
169
4587
192
1483
69
422
2380
18
233
582
421
15
9
178
1123
116
1
8438
64
24
144
12
43295
597
208
3188
28
249
3
277
446
129
673
142
232
2726
30937
115
21
684
54
1184
41
53
213
66
46
888
284
8
327
430
133
263
12991
504
1476
377
77
66
3
2818
213
2578
148
61
34
4913
1040
58
245
13
1
513
91
166
2673
4
4514
15
337
791
88
7192
1050
126
35
21
148
257
1
1011
106
74
129
322
143
5
30
679
54
42
25
211
2047
6051
1341
1
625
94
237
511
101
493
516
45
20
971
6
42
5
3493
133
338
4
13
30
93
718
127
454
241
348
14
10
232
1831
19300
80
15
5773
245
40
1
232
190
21
23
36
229
43
22
154
41
26
13
287
16
441
9
15
54
1486
6
31
14
942
60
560
2820
1
42
1
121
2
925
3908
58
42
183
181
45
345
1814
27
514
167
106
1334
91
186
113
169
180
5437
123
1869
57
134
14
87
1252
125
636
1037
182
70
1180
65
738
1309
207
3039
62
32
78
267
2644
1216
288
2
577
610
306
676
5527
29
163
1109
430
6462
70
60
205
53
127
3
8
20
22
32601
334
2690
97
295
1271
2116
192
614
125
184
4458
907
2204
6
384
104
473
3175
432
25
750
264
3
626
147
578
32
7
115
12
3113
158
423
46
34
26
1
1434
790
961
33
179
35
5101
168
1680
634
11
868
2283
341
849
548
265
5
3
167
16
183
31
977
354
16
4348
222
43
25
381
95
325
11
371
269
8
1509
1
7
158
222
5690
800
374
24448
294
1
605
826
7448
28
18
263
51
248
1827
159
169
192
125
9
221
127
6
10956
33
203
805
27
223
414
745
123
59
404
1
1450
351
7
371
1177
27
225
1
2553
52
51
672
40
389
1732
270
120
410
650
249
3311
3024
1
573
16
40
80
1
1
3946
249
239
27
526
201
31
1316
715
57
78
174
82
371
16
145
66
18
16
462
1
719
165
274
380
1414
1041
42
35
3
594
60
88
21
33
795
2239
621
1204
150
1389
95
34
583
1
202
592
93
7
7
19
409
6
1
1
53
2
44
42
5
200
1
673
47
230
1624
41
26
710
256
62
130
4470
47
207
82
324
76
70
77
243
62
7
26
2
246
154
1864
30
3069
19
531
590
1053
90
3704
23
7
69
1046
162
32
39
1378
4205
340
1409
97
1427
26
55
4
301
708
56
11
2507
820
1
302
121
29
123
9
154
5979
16
56
142
859
259
1375
2
17
121
337
19957
489
6
616
22
54
191
6
62
75
56
20
294
191
964
52
161
1
31
467
117
942
662
47
1073
78
252
39
32
1030
1181
267
424
18
94
473
360
27
61
408
374
1
336
2
1
501
1
229
66
302
6
94
1
89
551
15
3411
37
42310
814
378
218
67
46
13
35
127
4541
1092
83
10
4
6191
58
265
3676
359
1
102
368
1064
95
45
4087
269
10
65
235
1079
61
39
87
1559
17
255
74
3
1187
11369
80
219
2828
732
2737
3
1025
184
366
1
305
2440
658
3206
634
160
32
84
3
1042
258
418
100
8
236
130
29
1512
20
86
61
50
1
176
1093
60
1
233
397
182
38
172
14
137
784
492
39
21
60
7
13
18563
18
281
15
4
4596
3
24
2749
54
41
3112
8
903
76
808
14
216
66
96
272
1323
11
71
345
2103
1
1165
699
817
1095
3
1
138
36
600
2202
106
1788
7645
6
1630
54
6
848
162
905
224
19
782
30
472
22432
2845
13
502
429
549
1
1076
86
194
23
11
625
316
113
972
203
66
997
13
246
31
112
27
50
7
33
43
5020
1263
57
34
2
54
76
13
3022
1794
706
5177
285
850
291
187
57
67
19
23
1221
2393
2437
145
3
5
288
425
266
1118
8
209
65
518
122
323
6
4227
19
267
583
1020
214
433
6
233
28
827
103
253
23
21
1545
2109
3
13
173
90
7013
1583
134
520
570
5914
40693
2245
2739
474
101
5766
3
604
263
83
252
140
393
6
29
11
116
902
110
12
86
32
27
41
1527
53
1968
2
3
45
2647
1629
41
511
31
284
381
668
35
1
129
1928
220
10
17
2
85
139
88
113
1439
14
30
5
616
12
5
160
132
20
126
101
891
4897
1578
2476
163
789
212
175
95
2829
1525
20
6
626
13475
297
2574
24320
77
294
700
290
4
78
218
3651
133
136
129
3203
1618
237
717
6743
104
4057
2824
164
2039
8
2
559
61
2436
6
91
159
852
1
301
1
156
1
3
560
1
157
1784
73
113
3
3579
1131
2029
3
2
496
366
25
159
15
94
2
28
25
75
1597
52
323
20
409
601
95
31053
4
62
39
725
6
3733
779
1
2475
18
74
108
11
846
508
6
280
33
46
1501
795
4310
365
14
346
71
424
52
418
8377
160
93
106
2737
11
8
2844
10618
161
213
2002
241
430
11
153
3
26
289
295
136
341
10
777
5
964
1
426
31
24
57
222
1566
79
3
1
459
48
284
19
155
44
347
143
217
1837
318
108
247
87
2375
107
1
131
1
8
8
1464
54
1
100
1434
156
56
211
284
334
2
1
485
1
65
94
236
10365
240
33
108
17
27
2429
157
21
142
61
1907
1
46
35
32
128
1053
249
580
1
23
606
94
131
89
145
136
101
3
23
239
1174
119
125
42
7
94
119
111
51
2
264
46
27
101
1303
5058
270
288
178
947
226
20
475
19
14
3904
136
17
45
5
2836
58
308
415
3
14788
5128
1529
2926
23
34
402
357
43
4
249
51
450
2
80
1743
198
204
751
10
3780
388
150
560
1781
381
21
615
2611
5
2633
31
443
7
16
145
34073
13
1
745
465
755
3174
1
32
419
8853
2251
11743
1520
5789
5
10957
698
1018
335
1
27
527
5175
1605
4580
15062
2792
389
4169
2928
4
20
30
1576
4
270
8
1868
513
5
268
800
6268
649
33
5
17
75
63
5
2375
518
28
274
82
8593
1
164
6907
92
292
313
12
4
1136
476
52
2248
1515
281
1290
13
781
28
138
148
153
419
1
10
1478
182
1301
2578
7906
45
468
223
73
4183
103
117
205
3317
3
110
607
30
75
118
549
65
179
454
146
781
918
77
702
19
19
293
146
77
127
113
8
390
10
261
3
78
84
240
88
1265
32
155
42
1
245
2
487
2027
3
161
10
30
1082
13715
1
720
963
1328
26
81
66
2558
12
1756
1054
88
292
26
554
29
589
718
25
388
393
294
1
115
1
17
343
113
1128
14
9
36
1
1049
28
39
578
1
843
39
379
468
182
238
129
1
12041
3318
4
124
1
10
180
12
1
242
46921
57
1
40641
101
232
29
344
4886
335
416
231
6
405
648
91
36
102
286
536
1208
334
19
652
1555
20
77
1340
24
1
769
3083
184
1
1626
12856
403
67
264
7049
69
11
474
584
104
504
974
302
962
385
171
440
2942
9
5
226
1419
2977
77
392
7029
21
138
88
44952
19
632
168
2
253
89
22
280
131
244
2
61
8
6
127
702
568
10
33
24
17
1068
3324
5
508
7
1410
320
357
2280
234
195
195
113
18
911
46
34
21
5
9
173
73
1
644
44
26
884
192
18
99
80
132
951
167
3053
44
377
188
214
44
25
281
68
172
138
959
40
46
102
180
109
1
34
3
140
290
1021
60
157
43
3667
89
127
43
30
82
100
2900
111
21
13
9
279
11
673
23
507
222
22
153
177
1054
54
664
74
348
466
5
181
13
209
46
439
67
9
19
1
398
23
117
35
6
99
411
179
52
54
32
112
22
239
40
3
23597
173
111
2
1211
57
21
230
99
3
207
56
22
30
1
504
25
74
127
380
7
111
916
7
170
3
466
44
36
1941
1764
377
920
29
1
39
687
11
49
3618
254
8447
83
3
78
327
811
24
1316
314
57
2
53
52
211
498
11
1490
48
11
117
67
240
105
414
4
6642
56
6
13786
5
572
306
56
10533
372
77
54
414
20
783
1722
2593
241
1815
24
214
248
521
79
2200
1718
77
3051
121
22
1854
76
1976
3260
92
23
370
345
135
1343
122
783
415
55
499
35
135
173
10
23465
6
97
193
1
49
41
847
10
1477
588
664
54
15
1201
29
372
331
56
80
144
341
168
1173
245
2458
84
101
949
1
461
16
308
43
98
32
33
3824
111
678
60
3
523
92
68
27
21
122
631
57
9
235
223
26
79
7
758
614
63
1395
3
86
447
246
760
525
2060
23
33
63
282
1
40
11
97
8
536
181
208
33
1529
112
311
94
12
313
103
14
271
198
1
64
138
307
6200
29
7
2090
152
28
124
1
282
149
1085
93
9
19
421
99
19
7
472
309
128
7
348
2702
5
84
6
142
71
32
69
471
934
544
27
194
994
8
1192
1757
116
62
1767
839
859
93
576
396
1
26
35
4263
938
986
21
174
1096
120
140
237
44
123
105
2
296
118
233
26
512
1
178
284
2053
336
13
75
2
96
1283
1
25
67
60
144
322
41
240
48
6
110
1866
53
7
206
36
42
1921
1832
1198
765
479
1851
404
2570
14
77
15
562
160
5592
183
49654
430
60
69
211
196
476
56
67
314
103
65
4137
2351
323
278
3897
5
1482
1095
467
17
979
230
9388
78
92
51
194
1010
1226
39
2003
1
2059
81
13
3
18
6
1125
405
18
42
474
1
597
158
257
98
968
6
578
910
12
22
252
958
149
33
3184
5
14
209
558
5235
80
1
422
6150
2
1090
39
1110
148
238
110
21
4
3129
498
39
153
20
170
105
3
23
40
479
236
712
301
30
203695
196
36
1337
224
1060
23
661
3077
24
83
106
370
501
122
405
981
12
5607
47
11
15395
401
3
40
12
777
197
21
361
1617
42
11
183
6
361
88
973
8021
4
1281
248
93
182
40
1555
116
200
38
25019
4293
285
145
236
235
1532
52
1504
37
11
11
46
7951
1881
303
42
477
145
477
67
1757
729
5
102
2
511
34
4
14
6
2
79
216
17
160
80
583
26333
523
144
6110
723
578
447
197
77
1153
1120
30
1522
4414
67
43
1437
75
139
172
859
21312
35
29
873
1364
480
10
11
41
8
386
42
242
48
62
375
26
1288
20
286
1899
115
264
34
113
1634
1221
246
1159
9
2
840
1
5132
17918
16
3952
52
15
727
302
94
868
6
108
190
145
595
30
90
338
174
1052
164
12
15
568
386
1146
167
12132
155
12417
355
33
14
7
34
61
13
44
15
585
39
1213
1432
625
2213
10
365
4
5
29
124
55
34
350
213
4488
973
46
199
1195
242
247
74
820
54
16
327
214
722
118
527
14
125
11887
800
893
134
61
60
292
631
8
743
353
209
84
9
121
132
3
27
10
154
1
1
936
385
134
187
153
270
199
67
20
26
39
20
643
29
176
41
1
8010
34
2602
670
89
3
8560
160
1652
7523
385
32
826
2
115
115
1
47
1
50
415
81
5
29
7
146
1987
45
759
58
117
162
172
300
59
60
161
7
98
242
38
2
15
28
1133
68
234
280
100
2384
1877
1118
356
4
114
301
23
6
2
22
58
1
1
858
5
161
238
71
20
296
57
174
1009
433
883
115
20
88
19
7
184
140
2
247
65
53
58
116
10
976
3
572
4
13
21
2914
30
66
172
43
2324
54634
422
25
1105
194
53
45106
5
318
1466
18
36
275
312
4405
1
27
95
34
5614
57
8
65
444
4
468
10
81
13
72
331
26
1731
15
138
3
1515
172
430
3632
686
181
86
542
2
41
1
90
123
746
1
323
592
324
52
38
107
2
11
373
296
1
165
14
2
46
39
217
26
104
300
2667
730
61
1218
5
171
18
25
419
613
737
717
151
6
8
28
26
661
18
99
175
246
11
23
1480
907
1
149
6
6153
210
62
147
482
16
2
703
269
14
152
4560
54
3
299
81
2
430
55
14
26
217
721
245
85
153
34
1
151
25
676
128
8062
84
2352
604
57
3
584
30504
145
3621
573
48
12
236
370
1213
441
87
162
19
49
34
5
24
360
1995
47
85
119
20
174
70
5
5
2
1
1684
137
141
448
2608
159
955
126
28
38
392
73
66
38
66
2045
15
255
102
52
778
17
3801
33
25
242
48
29
128
14
598
58
21
2369
41
58
303
11
39
40
55
109
64
143
779
159
116
399
49
584
102
10
135
326
174
38
38
21
528
121
2806
321
68
255
118
1408
73
696
685
1167
511
557
293
127
46
1462
259
3915
17
22
12
99
255
171
12
14
7
54
1998
24
7
102
49
26
1863
3557
274
132
123
51
32
37
2760
816
475
140
400
6
24
304
341
541
36
53
11216
315
819
968
1293
98
1006
2
748
14
776
33
1491
7
3
204
28
48
13
10
1746
3
2351
51
20
1348
14
396
2
77
1923
31
918
31
152
115
81
55
2
333
11
462
63
49
126
1
36
39
488
124
946
301
26
544
131
229
6990
255
106
10
4
168
868
1132
1065
996
272
2276
13
422
162
1017
1
120
8
27
83
1838
57
945
208
63
123
1101
88
514
575
264
6847
5
6343
267
442
161
127
13
2975
571
334
1868
269
1340
481
63
1105
815
31
365
1
91
1342
68
1526
80
357
932
480
11
77
98
179
31
106
97
178
44
3
14
52
1
1107
141
1572
1491
468
30
1175
1414
29
142
293
54
15
796
103
396
2
318
6
195
2503
855
4485
13
130
1
56
181
1596
274
63
199
1042
1
13
4219
120
4974
42
17682
435
143
50
7
22
24
71
44
102
2158
2
164
2189
114
294
132
1338
76
22
69
4476
1006
122
105
660
94
4
1916
306
1
16
4
15
175
482
2
481
14
13703
44
561
269
321
42947
542
2
1
44
306
187
343
1
64
1
141
6
10
5277
206
22
1285
114
84
1
62
280
405
522
34
6272
5
983
1
1570
91
18
406
10
626
4788
3830
90
566
4498
53
1
6
2602
75
33459
1
462
98
15
1
1105
182
37
18
32
37
276
130
94
1003
172
283
2
1
728
20
282
864
118
36
168
202
174
59
3058
899
597
65
223
126
16
3
556
95
288
462
19
31
9
938
110
149
57
19
50
249
111
172
68
216
187
183
19
1034
13957
5
148
295
770
624
64
1
10
34
1127
2
7
5
274
53
9
220
149
740
343
261
146
1
737
688
334
34
10725
1
23
15
1044
77
49
469
4
49
821
27
61
33
189
259
607
92
39447
43
27
4636
928
22
220
9399
404
90
11671
131
616
191
232
1493
1462
1342
5816
249
249
20
1
780
53
18
1
1409
182
1
64
25
32
4
9
625
15
843
126
805
152
1440
256
754
597
262
289
881
2399
29
1
1476
58
96
163
1
17
32
1873
25
188
94
1048
16
254
765
132
17
32
820
11
35
128
6
74
102
1
134
29
106
9
121
878
632
2
22
6
39
394
7
97
8
149
85
233
17
231
2155
91
16
1728
1928
580
105
3
8
7
55
217
105
1
1
10
83
6
316
169
82
17
237
1
206
45
1798
75
318
321
5
196
57
16
269
27
717
450
69
269
142
23
273
1230
386
1
223
127
17
193
135
38
1
184
144
125
1
1298
769
17
10
1302
189
547
1063
14
8
319
151
527
19
106
1625
316
15
3
213
6
11235
181
90
52
76
20
23
127
918
109
1
96
35
367
13
73
9713
208
291
4
101
3
294
29
580
1642
681
36
214
92
58
451
1333
71
28
26
2
108
2306
28
206
36
123
1399
9931
1996
2
293
42
4
11
19
9778
35
369
802
95
5294
128
28
2462
2910
50
196
183
273
12
2
572
71
1
788
337
133
1497
441
13
15
639
1240
79
23
3277
140
5
315
428
133
2175
174
157
22
11798
1195
80
106
1
51
752
213
229
10
476
66
869
565
2174
1
116
56
157
140
62
479
21
66
50
2246
60
61
1
44
838
227
58
348
19
205
11486
23
510
6
5546
21
10
141
391
1032
1
611
122
1
64
215
2
891
31
222
75
107
18
657
65
62
827
11
11
123
1
71
195
123
736
9
2302
249
2295
2
38
1499
35
400
327
161
1546
179
27
1
596
1094
121
1
612
48
84
84
281
105
939
194
17
1
245
130
27
474
1
1
259
214
244
28
201
10
1275
40
62
260
34
1
59
9551
352
749
158
145
19
170
138
102
56
268
27
37
1255
1574
88
547
129
129
198
1210
22
265
5760
307
164
1
85
3
373
68
72
1
4
319
335
762
132
23
257
337
82
11
52
495
11
262
92
32
360
3025
25
18
26
5
3260
1
137
593
746
668
67
171
996
347
110
13
270
706
438
7
221
56
48
7
113
1446
14
56
48
6
1
80
121
132
205
168
3
46
428
170
1479
64
133
494
1076
164
797
92
60
15
36
67
855
346
1
218
119
118
288
682
55
28
7
13
250
476
179
463
38
351
45
47
91
2
36
111
3
16
83
401
1990
306
1
346
650
12
300
42
20
401
88
1
38
244
2
510
578
4
120
7
116
335
341
1337
93
55
1
944
5
20
352
1004
1240
890
762
555
50
189
29
67
744
84
45
502
59
1634
91
246
1
43
1
179
124
16
1042
447
4750
1225
16
1
1053
13
6243
4
16
85
22
79
16
378
78
957
6569
32
231
696
87
350
1562
296
344
7
279
520
1
57
65
180
228
175
16
295
27
159
627
1006
204
95
13
28
1
122
48
76
97
9
23
3
8
14
31
1
304
40
463
103
2
42840
75
116
88
337
71
132
137
437
122
183
25
987
704
944
191
124
15
817
44
299
3902
351
65
37
21
67
2
82
287
34
65
20
2385
16
130
116
2370
552
1133
97
4
18
419
28
12
18
22
309
9
106
199
926
23
6957
30
2693
5
1917
3
49
31
962
315
91
2162
101
10471
101
1
164
14
221
295
5800
651
42
112
184
173
36
218
1
495
239
53
2995
371
550
1021
5
189
159
10
132
35
396
17
2454
195
1
432
1256
71
495
1359
21
361
27
23
277
522
54
187
1
15
223
114
5
327
90
281
1017
46
202
4984
268
31
105
2003
9581
2530
52
431
1750
52
4569
6967
7200
473
1
1230
10138
2125
259
1
1
32
2316
767
6623
1858
3680
35
25
78
138
490
1
6
27
51
213
38
623
1595
146
209
40
404
639
218
55
618
67
11694
195
556
168
3086
1715
856
11
104
21
72
34
2619
261
1
92
65
146
1510
585
1838
59
61
366
12
5324
150
4
50
20
919
2536
5
1098
7
98
108
265
50
859
44
195
11
1160
203
355
2883
167
488
2789
397
45
2058
12
1
316
876
7
476
212
172
733
50
1543
1
563
2328
667
290
291
1
269
543
9945
107
1
36
226
22527
20720
5678
384
8788
1
18
20
59
423
50
1056
2530
519
492
155
11819
63
15
518
556
65
2077
281
298
595
1034
5
1
71
572
598
128
1292
2184
339
3113
1108
198
400
442
3903
41
123
2368
55
5
8
20
56
604
235
1
1
48
3
38
531
1
16
154
429
805
3
304
680
4077
2133
1196
16
101
223
158
107
150
6474
468
151
643
806
540
30
233
1129
38
202
220
235
272
220
183
634
526
25
825
23
10511
32
161
100
111
152
18
127
198
1742
82
8
36
536
12
15
5
11282
5
56
3343
65
192
3894
102
56
5312
124
12906
776
862
1
169
2219
293
447
99
1020
24
199
318
239
7
11374
81
1442
1008
16
384
8560
127
1315
1156
20
256
81
300
163
354
1
13
194
16
33
3390
165
9
24
130
2479
76
3027
23933
2104
1877
577
183
218
573
3722
145
171
6
1644
2368
54
2
1
508
687
143
206
297
119
61
78
517
125
191
208
751
463
872
1
3
45
8
220
213
133
363
69
396
232
1529
62
491
16
165
3950
1448
2
287
1302
420
489
350
9
1430
129
331
209
129
21
6
5
20
1001
72
1144
1546
41
203
225
408
3926
182
303
236
182
4951
29
1463
575
215
114
3
460
78
36
379
9
26
90
11
1298
2
587
200
91
102
227
321
1182
135
569
2767
321
445
425
456
70
1203
1645
21
319
542
409
119
1112
21171
95
1287
10
34
607
316
13
1016
22
36
654
284
31
52
3868
13160
197
129
270
221
1359
34
39
554
68
1910
166
252
200
192
136
21
578
24874
19022
1314
6
184
1186
754
1369
1147
90
116
509
60179
1556
1000
21
560
852
204
118
577
272
3
1277
39
427
405
130
688
148
337
116
652
1073
2129
3561
1
1912
25
264
215
764
118
1457
1
4
111
10
6
6075
755
448
527
1307
280
1
3924
5566
208
976
729
158
38
1
11
487
800
373
466
328
5170
20
183
327
8
35
360
1
54
20
194
1
749
1349
740
25
101
933
353
425
330
162
1923
36
21
161
219
9362
231
679
62
94
3006
8026
2482
1137
3798
6
649
21
37
54
49
324
185
723
373
331
1101
1569
2228
993
263
292
37
310
12
192
3
178
211
1
2
715
44
143
14
589
1962
412
10
554
257
697
1594
219
2677
250
203
7
59
67
7
1
23
9
197
2
104
3763
380
1
1
8
7
459
1
181
18
1108
276
113
25
356
883
102
1376
625
185
2
116
121
65
119
11
37
1900
423
1
268
561
120
1
81
393
15
147
104
36
2
466
1
62
7
5683
210
909
15
148
75
8
1
164
417
16
1247
17
75
17
151
35
8
1
437
224
950
2573
1
13
321
2
4639
1754
202
7
20
33
220
31
648
3
15
8
1970
5
69
1368
2
1529
13
70
389
418
351
201
1547
142
153
288
16
8
39
442
319
70
118
5
45
215
56
577
38
1
542
17
30
206
396
1664
56
17
25
623
727
6
9
1
165
258
79
470
213
2
69
1247
465
45
35
11
98
1064
13
30
38
24
40
15
290
44
2397
64
1608
3
6
110
93
198
10
3
93
30
336
12
1
212
7
100
281
8
1012
390
69
70
390
125
200
273
36
399
1407
320
180
13
65
4
1666
11
216
133
12
27
73
546
919
1
125
198
178
59
61
41
131
422
42
821
1
1
541
388
20
7831
14713
240
120
3695
1342
3
3
466
7
11
2989
4776
38
513
46
609
358
1
320
186
21
3523
180
337
4
46
1330
1009
28
30
625
115
1312
3575
55
609
657
161
868
1334
93
621
4
110
1064
391
69
413
977
6
3
16
88
76
152
4
16472
5
218
233
185
33946
6046
151
689
95
909
14
26
19
95
85
2832
150
135
367
1149
4370
2270
17
2483
1
337
27051
1
18
1076
2
1447
536
1
20
1387
143
4402
121
42
2
1
203
38
637
80
1773
4
424
227
7
197
111
11
342
235
4
72
451
72
1047
14
195
25
62
194
178
2156
1
3
3
582
16
101
205
1
8
1716
17
86
1
3
278
54
58
273
56
679
134
26
12
2
10
367
363
19
189
42
1
1779
471
2540
18
95
231
319
973
97
106
62
1
515
305
1
123
4
7
246
40
21
123
469
131
4908
2385
229
19
15
1073
474
123
532
849
196
19
3
177
370
100
548
14
1186
1
165
1
46
49
6
250
4
6
73
56
221
425
469
72
1
77
95
124
894
1
396
1
18
291
183
50
175
348
114
130
128
511
111
167
3246
977
1
63
75
4620
91
1
357
266
12
160
5451
21296
138
75
288
49
131
2
252
125
75
181
30
45
39
7556
165
3944
14
1558
149
1
2186
216
131
133
10
96
55
65
90
468
217
244
150
66
265
76
815
556
19
26
2353
209
563
54
71
62
40
3526
67
451
943
3
9
205
142
5677
453
380
5183
2981
6664
326
631
34
65
491
97
33
103
362
77
515
42
191
762
40
1202
59
431
331
15
11378
2
10
35
40
345
136
540
5
84
3418
335
71
17
1
543
10
60
128
920
103
182
74
181
5
47
67
72
76
725
83
8375
1
102
106
69
57
26
11
372
98
82
95
14
366
565
2
7
130
411
231
193
577
173
26
489
955
784
14
1634
283
79
141
433
1
6
50
4
125
95
213
236
1
626
79
55
2
46
1
4
3
244
39
578
210
1819
20
19
31
10
405
37
1299
3464
31
1178
78
418
97
19
218
1
52
429
186
45
4
76
158
247
4
8
949
221
2177
5
57
30
141
261
1
22
169
44
27
340
622
135
3
602
260
1174
6
16
4474
150
125
5497
210
103
1
419
273
54
126
3
158
54
223
6
108
52
141
46
166
175
28
4
18
16
613
21
123
693
75
18
811
87
1
1
224
393
713
1
75
20
839
4
181
237
24
73
3
16
23
11
56
125
131
1
129
1
6
385
279
4
2
191
32
1
241
