148
125
162
216
314
136
129
7
121
130
223
161
231
1
1
73
192
15
175
91
388
14
188
9
347
221
44
150
171
57
126
1
24
4
170
234
123
161
155
90
122
3
239
4
7
200
13
10
188
145
26
162
348
154
229
88
164
147
218
169
158
140
52
160
125
190
160
218
232
142
131
162
159
90
217
145
178
90
217
238
92
174
160
126
162
4
151
198
412
150
161
148
165
24
188
151
15
146
248
122
583
213
170
217
3
98
19
3
7
1
4
8
95
194
89
40
164
162
226
164
307
162
218
174
173
154
32
215
31
106
9
41
501
91
146
37
160
289
153
105
26
59
13
220
609
157
171
1
95
9
131
123
187
148
245
1
153
11
111
15
172
161
79
121
9
99
242
319
23
1
10
121
144
217
111
88
240
161
172
165
2
375
166
144
213
154
8
339
180
119
169
149
216
2698
1
181
152
11
162
4
3
154
1745
186
30
188
142
144
8
65
165
22
305
123
14
95
17
211
146
3
6
45
131
109
73
8
122
27
3
221
364
8
142
165
168
411
163
90
190
126
536
129
222
183
204
168
171
171
138
158
3
161
456
226
162
27
222
156
214
145
15
120
145
6
217
212
112
143
1
235
192
164
126
325
216
179
642
16
222
186
95
8
69
147
1
9259
224
14
128
264
169
3
1
82
365
192
128
27
145
163
185
5
168
101
162
215
15
209
6
21
96
214
253
164
233
222
244
162
168
165
164
134
148
156
130
182
173
100
5
170
153
37
35
159
90
206
302
37
167
159
230
431
215
333
10
155
236
223
195
190
160
167
114
158
126
299
95
123
