607
13
123
40
3
16
92
35
478
7
77
36
42
597
96
1111
2
29
32
251
766
602
415
6
4
67
46
238
1068
4674
1934
873
626
200
119
8
1200
58
30
138
1693
34
12
1362
84
55
277
13
7
28
23
69
108
29
2248
26
115
272
253
3096
448
25
33
104
156
106
18
60
568
16
305
20
2263
13
533
24
668
1
451
21
280
94
125
628
25
57
109
112
3921
142
5
123
74
37
7
213
38
61
2
318
37
4
7
1384
103
16
277
56
31
58
8
97
588
19
946
1211
948
1701
1733
261
1114
83
183
246
429
19
806
4
74
1129
71
1984
754
9
21
32
541
65
10
25
454
2352
4229
101
66
275
27
39
39
401
63
22
7
1
15
88
289
362
199
1651
49
1315
172
265
29
343
5
22
235
2008
2648
314
70
87
42
566
37
1438
1556
315
23
122
16
40
82
206
41
1237
24
148
13
4
2383
45
31
2269
74
1503
381
42
252
59
242
516
161
11
621
297
98
93
6631
4
16
353
219
74
71
139
492
83
23
429
16
510
22
2430
96
72
104
685
117
213
6
23
1281
252
229
119
180
463
70
48
670
6
7
85
70
53
3787
229
125
57
78
724
200
12
3033
1731
1141
792
1
95
221
16
5
5
47
289
1223
100
320
126
18
789
55
11
41
979
37
335
1741
3519
667
123
13
33
2
575
38
1039
56
267
103
32
36
288
419
725
70
11
323
20
232
262
5
804
229
39
171
76
19
4
68
157
98
42
26
18
24
1151
774
115
71
4
37
25
24
8
136
107
372
265
2137
33
125
493
321
16
1155
40
65
22
2991
33
23
65
131
476
9
72
100
39
27
122
1091
19
182
106
158
5
43
104
238
28
1162
123
14
48
3
12
47
165
17
1682
90
1364
175
162
3166
7
3728
248
89
115
16
11578
135
42
75
21
17
503
8
72
126
7
806
210
685
108
45
50
26
97
419
137
401
169
1979
1200
197
9
139
489
49
738
67
291
244
20
8
60
32
1671
127
124
302
6
161
96
524
267
500
58
14
26
8
1063
222
216
488
185
115
1014
1661
269
130
42
162
6374
1054
360
106
162
37
1310
132
37
301
258
24
252
15
14
1
93
111
49
854
1268
549
207
2040
1832
876
112
20
10
13
53
79
686
109
170
82
775
659
21
377
51
159
152
805
27
2
777
407
177
31
17678
81
125
15
74
6894
488
71
634
47
380
22
4
399
18
1175
485
4
753
42
240
9
933
89
715
190
796
8740
294
539
1051
33
9
194
143
24
125
1594
8
27
16
287
19
4
14
3153
97
1
571
24
272
475
1754
1
11
35
30
1085
99
14
59
13
80
17
430
74
396
728
162
1886
446
1026
922
45
38
19
200
2066
10
1
19
10
11
160
64
60
57
102
81
180
777
250
25
17
104
70
3326
3597
11
37
77
603
1
29
7
1
41
255
110
235
58
101
2844
619
1370
140
17
1475
229
970
18
108
61
2172
1374
72
150
1359
108
548
79
1491
25
21
29
423
26
7812
2165
7
1959
58
249
65
30
46
75
14
6
210
2058
654
81
1242
391
48
102
188
29
428
1832
75
133
96
385
249
344
67
37
8
7
423
2
17
6
1330
333
112
961
110
152
29
898
158
106
33
132
291
21
35
15
13
33
12
106
62
8
82
41
45
451
4969
8049
65
92
297
19
61
307
42
150
626
7478
334
1210
247
619
84
245
37
2759
2606
257
22
1
1409
6
8
124
31
2043
36
194
342
78
24
20
41
1492
1136
395
1631
5
530
170
370
582
69
36
177
4
57
802
28
33
70
203
43
2
1668
64
53
30
1609
4
9
84
3004
296
66
87
53
46
9
200
2
499
455
227
40
42
54
172
507
24
419
92
31
186
88
111
331
94
22
115
919
19
42
63
1619
58
747
520
258
265
285
6
351
20
13
241
233
206
220
12
155
11
1397
75
4353
98
316
26
271
16
1529
14
141
21
50
44
64
1172
116
290
12
15
38
171
91
32
49
33
343
2
242
34
19
1225
108
42
1943
93
48
8
481
9
139
2
6
1174
87
1
403
19
17
22
2731
287
25
872
92
313
6
569
53
13
321
502
87
193
105
15
43
181
5
112
9
69
24
636
203
4
39
175
463
1
3
69
9
826
716
200
284
28
361
306
114
81
165
35
9
43
919
36
38
1242
18
7
217
22
11
86
183
1544
438
490
704
45
90
616
160
5
105
56
33
924
222
134
60
247
105
688
1
62
889
3030
19
50
12
180
94
110
1341
60
1271
31
59
543
20
32
1083
1
28
468
599
54
25
8
37
717
26
165
18
48
206
40
148
252
249
28
6
11
73
473
66
33
77
144
26
309
40
182
165
44
4
30
6
3761
25
12
45
15
10
27
8
24
447
438
56
1
1
9
298
29
118
2
613
24
340
8
102
37
106
32
1086
21
2113
17
1
183
27
488
31
466
47
54
53
9
63
1
14
475
25
156
41
13
13
1
62
464
10
124
16
9
283
23
11
141
33
109
9
2
96
98
453
18
156
1036
3
71
38
62
142
5
4
2
21
6
9
58
51
14
45
174
51
46
28
2178
24
532
170
222
2094
24
166
1529
6
40
25
105
237
4396
317
104
32
97
75
34
22
3
94
117
71
322
277
3
1351
290
67
751
216
285
36
15
703
425
91
112
200
62
21
214
76
444
702
19
7
158
74
8
458
33
265
24
374
24
92
52
132
3
69
14
232
67
1470
1280
1
11
168
4
272
137
1742
5
45
2986
2
116
106
2
10
