21
32
2
13
5
11
38
20
10
50
25
71
16
31
29
28
22
58
45
17
15
71
1
4
40
7
14
34
7
2
9
29
8
2
29
2
7
14
24
30
8
4
11
11
26
13
50
20
6
38
42
25
61
15
15
6
9
8
28
35
4
6
15
20
9
4
16
5
6
15
1
269
4
9
20
22
20
44
29
6
78
29
5
58
18
8
28
20
1
4
4
11
12
35
5
7
33
66
54
71
66
42
19
59
44
53
77
4
200
13
73
104
69
43
42
27
4
9
19
17
1
33
9
8
9
12
16
27
225
3
28
53
35
92
8
7
8
48
40
1
5
24
36
17
5
10
15
296
8
1
8
9
4
9
22
3
8
4
15
8
4
6
10
18
2
13
10
8
2
8
35
23
6
36
4
6
1
34
41
24
33
4
32
17
44
9
1
10
4
56
20
7
6
8
1
14
40
9
5
4
16
1
13
6
4
12
22
9
28
5
7
33
10
33
10
28
6
5
19
20
151
14
8
14
5
122
36
3
24
13
2
34
6
16
2
3
7
28
54
8
3
11
10
154
36
12
6
15
5
2
11
44
1
67
13
16
5
30
25
6
72
24
45
9
1
200
9
9
157
3
5
5
3
21
12
1
20
67
91
30
6
61
49
16
1
99
88
13
143
1
3
6
11
1
8
102
99
6
23
37
5
4
71
6
5
30
2
22
121
24
66
496
38
9
40
6
46
1
37
23
6
5
147
8
2
7
18
6
15
26
6
18
2
10
7
7
97
1
2
14
4
8
13
6
3
28
22
9
748
9
4
3
5
19
1
1
6
20
6
17
27
5
25
32
25
24
37
12
7
35
30
58
14
31
14
105
64
4
6
13
13
4
8
6
2076
77
8
3
17
17
25
3
58
3
22
94
82
12
1
1
62
12
5
1167
2
7
63
6
2
7
21
19
18
106
2
1
95
2
5
4
38
10
69
18
1
