5
274
1078
330
999
589
19
2657
49
2398
2584
109
87
1406
129
908
131
255
1458
151
55
145
492
125
289
148
484
31
212
2148
501
335
563
35
396
9
1595
2076
217
1427
1563
1536
6
256
54
193
831
224
704
23
9789
547
191
15
2479
3825
123
2852
742
37489
1458
492
42
1117
1196
1911
67
258
638
1829
137
95
396
36
11645
482
3
1488
210
23
4370
1185
940
120
102
32
9
533
1099
12
27
1684
57
935
519
855
128
962
10934
2724
1768
54
645
24
18
1560
1181
142
61
111
190
715
599
95
35
122
36
266
1217
490
1237
1112
222
1933
19
2213
304
324
2758
550
46
2715
191
10
398
123
1351
45
181
1337
506
1132
4558
263
680
313
2802
1668
363
14397
52
1032
132
4185
145
389
2655
5
6334
28336
2422
390
70
344
3442
504
2129
1911
33
10
964
3819
81
193
2917
8
293
1032
20
384
67
1920
67
592
61
1072
599
264
686
315
188
3510
302
68
45660
4
916
277
246
537
17
2347
288
114
1419
1437
419
473
1557
9859
779
483
3112
1180
5764
1692
239
9
9
1193
404
6
461
113
8
1452
544
11
6692
6432
919
906
