3
16
2846
11
30
3
45
62
1053
251
6
43
15
8
79
8
36
1
95
44
78
26
15629
48
16
714
20
247
9
131
320
92
111
12
516
9
26
71
19
17
7
22
25
39
180
24
124
1
1
15
7
4
2
60
17
613
10
12
82
497
20
2
196
9
66
1
21
39
79
9
14
193
11
48
13
17
17
7
2002
305
1567
1065
60
23
53
151
67
3308
10
931
36
128
28
5
266
74
86
9
48
23
712
7
14
92
9
12
50
6
780
143
31
2
1700
113
20
750
97
1
41
47
11
28
49
385
83
392
46
1854
458
7
65
260
9
56
101
439
1
65
1
1
12
5
59
7
4
237
70
115
48
11
24
3
5
2329
152
7
1
70
20
7
1
15
17
99
39
3
54
7
38
30
343
9
87
45
289
28
8
26
16
27
3
85
14
5
77
251
6
2
42
20
23
340
21
280
2
123
8
62
53
8
8
59
339
3
31
458
30
33
63
188
17
1
2
55
12
32
