333
1223
144
330
331
336
338
306
372
300
338
249
401
223
213
260
211
201
333
298
1063
336
346
140
342
869
336
285
149
126
452
340
332
393
217
2692
408
342
379
125
337
324
415
351
337
317
303
8
464
289
368
304
505
369
333
315
446
443
606
130
384
349
215
368
408
312
367
264
375
70
464
367
284
366
322
375
337
342
359
309
338
353
376
748
425
423
261
522
367
286
277
378
2
1674
217
209
340
456
341
129
341
223
162
371
281
306
143
465
169
847
731
515
328
381
117
385
305
215
545
347
1
233
484
119
335
281
338
215
338
122
301
279
283
216
404
600
5
216
882
118
132
129
1213
244
338
361
316
318
48
504
142
309
429
272
298
366
4
427
367
306
363
232
260
4
329
442
214
344
50
335
286
317
447
346
658
337
212
249
329
156
236
211
376
125
653
23
432
409
354
337
157
216
383
212
510
348
211
169
126
320
262
255
374
354
331
135
453
423
