1
163
157
222
576
95
69
154
145
160
92
127
221
204
132
39
35
217
1132
152
12
3
36
1
95
91
123
159
155
31
175
156
6
216
35
35
95
35
161
35
208
38
144
243
233
93
156
151
211
500
35
6
271
214
92
218
233
32
224
94
35
171
228
126
35
145
35
193
147
35
213
151
148
85
43
160
95
157
91
217
165
90
162
77
161
224
7
145
244
35
88
185
65
251
130
220
212
202
159
147
57
444
161
257
193
220
35
226
186
2
147
83
139
279
15
215
119
181
184
583
217
168
10
239
35
185
237
135
145
231
144
142
125
216
250
35
394
162
159
2
216
157
100
159
90
123
206
91
9
207
425
138
215
2704
201
254
35
35
35
3
3
104
255
217
220
201
59
1311
219
124
2
44
230
35
35
35
11
163
235
151
3
101
162
1
214
213
217
581
253
205
127
128
222
107
168
628
152
35
148
38
35
31
146
253
73
169
211
221
409
90
211
2
128
196
35
147
12
253
117
1
297
31
214
246
156
57
1
35
122
151
44
35
35
31
217
203
245
191
166
35
36
70
188
124
24
125
1277
35
157
10
147
42
30
10
239
357
192
230
179
53
4
784
269
193
528
29
35
30
18
170
386
142
162
217
436
153
266
243
292
127
119
464
215
245
151
95
153
8
84
124
225
147
95
57
159
1
195
209
219
183
31
586
45
35
218
141
3
219
204
117
220
236
185
3
183
95
145
35
232
196
59
196
207
212
219
33
35
220
216
166
35
212
151
177
91
151
213
214
227
161
210
10
211
122
114
35
215
170
991
126
122
12
95
110
35
23
544
306
94
148
194
147
66
225
153
23
100
145
154
237
140
145
156
289
227
310
33
210
331
214
321
213
133
164
35
30
32
217
148
233
220
155
152
148
95
116
149
209
