284
148
769
55
286
39
1
280
310
15044
329
153
220
334
125
161
607
288
318
187
283
151
327
268
192
209
311
45
152
198
51
3
3
416
287
277
250
1
456
41
176
196
284
182
184
289
125
188
681
195
306
222
357
155
174
301
293
162
260
346
332
286
388
300
571
287
272
185
165
118
291
344
312
300
281
125
316
305
301
352
268
118
119
4
308
288
167
365
740
192
152
300
284
13
267
1
191
292
400
4
128
20
753
278
189
1
1170
176
193
128
172
1237
244
2
214
277
22
180
424
18043
20
16
172
235
280
282
275
224
282
2
239
304
206
146
274
407
282
149
311
254
161
513
351
10
15
172
18
280
160
121
176
337
277
8
1
409
282
2257
15
224
4
187
186
9
353
239
212
169
181
22
70
23
167
1
24
180
295
93
381
119
152
134
22
40
287
171
325
155
486
150
392
143
285
586
270
281
296
307
172
264
233
158
35
62
293
275
2
159
289
55
294
18
304
138
30
297
4
279
642
329
453
160
177
369
287
266
238
277
74
272
251
388
285
172
274
273
185
5
303
155
246
277
155
808
182
348
224
282
280
148
364
15
222
303
197
103
478
1085
272
165
132
124
177
274
144
317
379
289
538
278
387
179
176
162
528
272
296
192
278
3
174
429
255
