593
605
3
505
13
5
313
697
5938
535
585
122
23
315
66
513
7
712
12
15
4
123
4
216
493
232
535
574
762
497
124
311
512
538
520
509
264
521
508
122
120
33
427
541
520
211
301
440
139
1
124
1
5
301
505
70
504
209
511
3
504
592
260
246
408
564
333
122
715
504
505
495
506
252
266
261
267
4
17
168
255
125
2
8
247
162
507
725
12
3
4
195
566
524
121
504
252
479
439
6
2
794
159
435
306
279
253
542
535
248
10
225
3
28
504
683
222
270
14
4
216
7
43
312
1
125
283
467
497
563
463
178
514
249
543
220
141
507
151
531
6
266
82
263
193
299
501
266
495
512
11
253
1160
652
145
241
295
247
258
512
1
597
247
243
11
233
523
272
125
49
132
518
