46
240
9814
175
1
241
721
49
1
14
53
5
479
17
1
8
21
1235
1180
1593
18
10946
8
52
19
5
3
11782
738
8
1
78
150
2066
11657
1
158
9351
89
57
27
352
3
1
7
408
13
1
8
3
18
555
2
428
38
1370
4
1
187
1
29
20
2
16
5
1
1
2
7
1
20
1
2910
2006
31
1
2
1
80
100
24
1
48
3
9
151
1
2
2
2
1
72
2
19
4
645
296
1
6
12
55
21
351
36
104
5954
130
1
485
32
4
7406
1730
94
334
4
1
357
882
35
1081
1359
6
5
11
3
131
4
2
127
15
2
195
33
3
9
7
1
106
1
5
2373
2
7
303
1
9
83
256
113
1
4
107
3
528
3210
44
59
2
2389
61
687
375
42
1
1
782
19
22
76
1
2
3
62
57
1
1
3
11
6
3544
4
27
62
11399
1
532
49
1
273
934
7
1447
9
21
2
30
13
1
1337
2
2
27
1
55
1
38
1
13
297
11
5
90
153
158
1
1
118
10
58
1
13
461
1
87
87
4
80
1
1
34
4261
65
1
26
4675
1
9
1
1
22
3
24
21
321
1
347
5
91
38
13
1
1254
7
4
5
5
3
4
3
69
76
3
33
171
6
8
6
1
1
14
30
1
3
15
18
1
1
9
21
471
891
219
44
7
29
364
63
3200
1
191
9
2
4
1
17
4
1
132
1
59
1
2
63
1
69
27
271
28
14
10
264
1
255
1
129
1
12103
501
1
88
24
1
1
1
6
985
2
3
1484
1
1
1
2
145
22
54
432
611
187
219
190
1
1
3140
58
3
1
25
9
1
5
1
9
1
1
33
5
373
1
2
1
694
1150
14
1
3094
120
17
1363
125
324
8
10
24
1
64
1
2
65
1
54
591
777
58
34
1
23
2436
1
3858
3
1
45
407
4
3
2006
216
15
62
1
3509
554
142
49
14
416
2
11717
27
3
1
93
5
513
2
25
766
1
3
69
74
42
1
77
2
797
1
16
1
1
18
14
1
65
4
40
61
4
1924
6
2806
1
26
57
3
18
2
1081
3
1
4
1
365
2
1702
1384
2
2397
72
19
245
3
64
288
4
3793
1
2021
163
3972
463
13
116
6
149
332
2909
1
4
6
769
71
12691
2
1
2266
1
103
15455
176
2385
9
2
6
73
1330
104
13
17
3
179
1
1
115
267
10
1
4
29
2
561
4
1
969
6
20624
75
8
8
722
1
1
7
497
1
2
4
12
2
49
2397
306
1
65
7
1
74532
2173
13
7
10
5
26
22
1
10
1
111
51
149
1971
537
657
1
2
1
63
1
3
25
72
62
24
96
22
1
40
69
136
23
190
552
1486
304
9
5
28
2
1
47
4837
1297
34681
1320
94
5
1
3171
4
45
590
7
144
21
22
4
1
1390
558
11
168
103
25
6
15
269
5
132
203
4
6
2
6826
6
1
1
1411
1144
13
1
1
119
512
6480
234
5
7
1651
81
2
1982
1570
89970
138
1
584
1
28
4
76
1
268
98
568
9439
85
1
3
799
5
1520
2
38
1
42
4
10
1
14
181
4
4
13
4741
10
1
9
8
33
1
10
32
145
1
1
2
10
3
7
1
34
13
3
72
5
10
6
98
2
1
1
1
1
1
242
2
30
570
4
6
4078
555
3
5
6
135
6
1
1
10
42
156
70
1
10
10371
2
95
25
3
76
78
106
134
5
1
10
22
17
5
549
5799
23
2
1521
1
2
400
2
70
1
1
1
98
1
185
1
50
94
1
3
159
80
83
16
1306
38
298
4
57
151
193
1
7
33
331
101
24
1687
157
6
1
3005
119
205
4
759
460
14
1
12
31
10
2
191
64
66622
4
20
3
7
5
219
11
8
2
6
1953
6
1
3
205
555
63
836
77
3
33
9
37
9
317
7
221
14
12
1
517
1
13
13
5
94
6
5
5594
272
307
6
1616
5
6
61
3
1600
1
484
87
27
6
6
138
3
766
1
1
1
492
5398
29
1
595
1
44
38
97
210
20
907
42
184
70
75
8
1
20
3481
2
112
52
200
381
1
1
277
6579
11
24534
135
16
33
3
11
2
193
8
1282
29
7
16
520
536
29
7
11
81
13
19
8
2
23
9
241
1
13
9
28
21
2
1
6
34
277
623
1
5
6
1974
1
65
1
1
102
10
282
7
1
4
445
20
4
5620
2
3
4
892
11
89
2
271
13
690
9
5
4
9
152
1
4
4
7
4
25
3
50
152
89
44
45
7
5
3
38
5841
99
420
11
1
412
2
9
1822
1784
21
1
489
1391
13
21
1
1
313
91
17
47
378
10
24
9
30
12
174
1
13
686
4
7
18
32
4
45
214
5012
2
356
1
36
2
1
297
8
22
873
40
48
329
113
53
10149
80
3
6
2
77
54
1211
227
2
122
1294
456
1938
1
20
608
309
1004
194
2
32
4
18
3
151
248
1
20
2
5
2
39
15
7
1
4
61
626
1
1
1
83
113
36
1
249
419
1512
1
6
8
1
470
1
11
61
61
1059
4
12
1667
2862
2
8
1280
700
1
3
2348
7
2
1
1
103
1
4
1
1
755
316
1
3
55
1
5
27
968
307
10
180
256
30
1518
159
247
1
1
1354
1
15
16
3
501
870
1
1
334
1
5
116
1
47
19
6
1
1
8
1439
1
146
9
1282
7
4
24
3470
31
124
7
31
1
1
396
9
4
14
2
492
22
3
51
16
5
35
1
1
47
4
8
1
3
309
5602
1
29
5
23
278
1
1
6
2
25
2
2
318
91
16
24
12
104
186
869
3
1
2
42
127
75
1
363
1209
812
536
1
760
850
1
16
106
47
1
2
1
5
417
2
9
1
31
123
60
29
23
680
90
15487
5
203
19
5
1
1
1970
18
80
1
11324
479
4
8
1
2
219
31
1
94
64
66
505
1
1131
2
2
1683
4
3
133
113
18
9
114
333
1
5
1
1
4
2
15
110
2047
11
32
6
22
91
1
1
171
229
7
730
112
3
2
12
1
1
2
9
107
146
320
1
2
5
4
23
4462
44
78
3
3
62
6492
345
3581
109
2
269
158
1
125
1413
16
78
1
28
78
20
5
129
148
547
1
79
10
5
1
6
608
124
1229
1
47
3
6
78
11
479
863
181
87
19
34032
1
19
9
53
1
26
1
251
