60
49
1841
2
75
1
8745
797
30
247
27
5618
14765
210
3464
643
936
48
14784
93
1
2295
2403
50
56
56
1
1
2181
61
768
2
251
1
12
1
69
111
145
4866
74
102
66
966
90
1233
192
2205
924
235
466
424
970
1589
856
1
314
1282
2574
120
33
10
984
130
92
72
1659
54
10
392
16
79
13389
1
101
62
2550
197
439
1
20
315
1
755
1
77
1131
259
301
20
60
470
119
29
67
363
749
4
250
1
673
3864
481
1
143
230
181
1
28
72
31
140
1575
1
1555
48
71
123
1
79
253
50
1
1386
2359
357
22
880
29
28
433
17
898
1220
5798
5
149
568
21
46
1725
79
5368
3502
83
8641
13
214
1
218
41
1341
803
121
5529
12
6341
1
152
7
200
13
30
8
31
1
1
29
37
54
1362
609
4258
482
400
1460
1260
265
6054
1176
112
7227
1030
607
985
126
1290
120
104
956
533
785
89
3
968
1
48
1420
1
270
14
1
60
39
16
8309
6731
1614
1
3371
158
402
91
1
81
69
1
3747
633
60
426
1
445
144
5
4110
126
147
1
111
263
2330
2092
1
1
1
26
168
231
185
416
355
2332
331
1
123
5366
6096
4028
102
