119
25
8
31
47
51
30
34
479
23
88
28
57
52
129
37
269
158
4
30
91
1
29
3
68
10
26
21
14
677
517
86
78
35
64
2
107
173
162
419
254
214
40
123
164
477
491
380
377
179
35
21
125
11
1
84
57
309
212
73
27
168
135
25
403
120
2
27
3
68
244
4
82
355
364
8
44
24
31
317
1
21
20
23
12
11
8
52
30
127
182
104
218
4
123
73
50
25
2
70
12
61
89
329
491
24
81
118
9
299
32
27
853
29
36
76
20
39
299
294
32
353
2
335
16
31
51
6
1
449
31
43
69
108
2
20
412
1
40
63
307
32
1121
120
47
25
103
223
104
65
17
508
1
314
230
38
321
112
82
44
46
466
5
10
8
552
40
272
7
4
173
108
6
233
185
31
23
4
7
