1
22
743
215
1916
222
6
116
197
30
95
185
91
45
47
274
369
242
676
87
50
18
144
179
241
52
128
145
221
404
4
98
15
10
126
65
555
7
21
61
128
46
26
53
198
26
5
87
4
103
15
127
241
187
2
215
209
6
8
38
136
224
56
15
41
22
411
607
201
5
76
246
176
63
90
48
27
248
201
952
49
18
9
12
6
56
41
14
54
342
23
6
34
433
11
34
17
45
188
8
222
391
1
321
13
125
17
24
26
61
6
16
24
162
558
25
166
7
35
214
17
8
2
50
51
123
438
14
602
4
44
244
96
12
34
42
64
94
1
18
223
266
84
68
70
26
147
10661
91
327
1
224
122
129
64
6
1
1
18
50
118
185
6947
19
174
74
5
219
12
19
182
97
94
53
43
31
270
214
19
180
17
72
29
27
229
244
2
87
405
675
180
654
455
219
252
387
108
5
156
957
18
222
42
24
16
191
4
144
7
76
132
89
16
34
16
32
12
125
185
192
717
851
190
249
534
453
428
366
204
210
217
577
73
228
20
107
91
218
232
69
77
8
79
196
252
205
194
515
190
197
122
181
235
124
165
26
357
47
23
438
34
6
7
24
35
23
214
40
21
1
7
37
132
96
22
42
219
41
188
44
92
9
16
95
14
217
1
1
1
269
156
238
149
12
199
13
23
3
38
58
92
17
1
1
225
185
34
296
188
188
342
95
44
195
24
9
18
197
4
32
203
3
11
24
103
23
112
10
243
257
208
204
590
191
24
228
19
17
187
208
19
320
199
43
1
69
1
226
215
10
6
199
104
957
137
33
7
306
25
30
183
18
207
60
1
158
75
23
204
426
112
93
15
124
32
32
14
269
45
5
1
123
576
13
621
607
33
89
42
12
20
19
216
144
31
274
17
38
8
149
18
16
2
42
32
22
204
35
95
78
198
120
1245
56
12
6
185
387
17
198
1630
19
26
29
31
213
33
188
59
17
3053
410
11
105
9
174
205
372
807
18
7
568
45
458
319
2
4
205
52
84
223
708
25
253
189
7
124
806
1
11
15
158
240
67
16
51
21
213
4
16
16
74
2
112
517
40
52
32
212
25
12
28
205
88
367
82
25
8
1273
238
49
18
1
12
39
217
288
219
7
41
19
1
18
43
1
94
262
30
30
1
6
226
1134
53
16
24
216
221
78
39
351
16
18
220
4
311
217
2
1
218
21
12
231
2
185
23
158
272
75
233
16
162
6
31
1746
51
42
197
196
110
8
27
6
41
224
2
4
218
9
10
82
7
10
52
68
34
1
1
9
7
19
21
53
21
141
224
25
23
52
125
51
27
111
117
315
214
45
9
221
233
20
9
445
305
6
1
28
19
502
313
251
234
186
680
213
91
23
306
233
233
195
95
135
248
37
234
153
5
22
23
20
49
10
84
360
8
25
89
16
15
21
55
23
171
6
121
18
8
16
71
260
1
216
20
154
21
202
12
180
70
362
226
160
195
37
168
37
39
24
20
48
4
62
48
23
280
930
126
122
44
622
688
1
20
121
224
14
17
6
55
220
188
123
190
23
374
14
43
159
100
46
134
49
22
121
28
27
34
231
327
36
220
30
5
3
123
320
105
262
1
57
11
9
50
213
600
71
99
15
406
4
64
194
72
62
33
33
31
18
187
188
185
618
120
95
71
1
99
12
326
298
222
234
221
23
145
403
43
25
130
584
33
334
12
9
33
5
117
40
69
40
1
125
45
62
37
190
18
132
120
44
5
226
20
2
37
22
210
1
13
22
69
338
6
602
29
60
24
32
83
19
7
16
349
177
91
29
72
50
244
369
2
6
42
237
81
29
16
47
75
396
185
35
126
123
34
231
15
104
100
231
13
73
66
8
572
267
234
7
43
46
12
26
74
135
98
17
171
98
7
138
11
12
8
55
216
16
17
494
352
13
1
187
9
79
9
531
5
4
57
57
20
7
263
124
215
186
112
24
1
32
211
116
31
218
163
64
5
9
51
45
201
188
91
697
117
1
1
59
1
233
538
1
32
4
215
202
181
2
21
201
19
377
25
134
204
64
65
1
346
199
186
198
188
106
215
205
264
496
127
127
216
2
6
194
198
213
228
239
74
195
196
73
1174
613
9
375
285
38
216
228
30
228
84
350
95
201
224
124
194
138
346
202
400
108
222
195
192
343
195
343
250
390
183
214
123
28
251
