163
735
141
165
165
27
198
151
39
162
216
214
5
35
31
1
149
222
63
125
35
215
33
144
72
53
19
379
26
4
123
143
709
126
95
53
201
289
27
718
218
230
188
307
322
32
31
152
35
30
163
30
195
35
619
169
184
91
271
172
12
162
59
143
220
90
15
500
36
122
373
40
35
146
35
31
150
420
32
35
31
174
128
42
247
512
106
143
35
213
32
36
58
30
280
177
95
65
157
15
203
36
159
31
54
34
163
245
186
143
31
178
35
233
330
111
150
159
218
147
213
32
159
151
199
147
35
98
124
200
292
137
459
35
60
218
1
5
65
3
60
2
3
728
124
116
156
821
19
145
35
146
11
147
424
35
145
190
147
33
1
147
147
147
581
160
177
165
60
48
272
1250
155
144
64
95
257
35
25
261
16
23
90
143
5
17
101
529
1
1
6
215
214
61
165
214
169
32
164
214
41
145
8
32
14
145
31
147
176
147
145
173
236
226
132
236
420
29
216
511
35
3
189
3
163
3
244
154
236
70
84
126
160
145
146
161
64
91
3
98
27
254
121
277
6
21
266
160
146
31
211
91
151
225
12
73
16
173
189
737
12
531
206
66
119
236
120
361
35
142
225
31
237
247
39
35
53
147
240
91
96
177
87
35
221
667
173
44
927
40
35
224
322
142
70
35
1176
35
797
153
33
6
187
91
214
3
149
35
236
161
6
40
35
162
35
144
218
36
35
35
118
553
120
145
9
225
347
4
151
152
121
165
431
56
1
673
239
160
237
192
215
227
35
36
35
35
319
220
30
31
146
61
32
35
225
59
186
229
162
13
35
669
5
145
878
221
11
157
158
765
4
160
15
24
4
689
668
341
1
30
1
483
41
43
35
223
127
19
144
127
20
150
638
280
38
31
17
184
170
189
39
70
160
134
231
46
145
3
16
782
12
127
127
357
129
449
303
134
428
16
81
506
552
60
58
7
100
154
133
165
283
159
44
191
107
141
3
137
246
35
55
241
156
279
9
7
27
195
155
125
31
184
77
139
615
145
38
163
35
222
120
226
240
279
31
41
150
35
31
8
251
303
271
266
1
35
162
167
171
461
144
294
35
1
228
102
35
147
221
331
65
335
124
174
126
60
35
162
33
174
35
1
319
224
122
35
92
94
238
11
410
220
90
103
219
155
209
174
148
183
374
35
38
215
161
256
212
35
43
134
41
148
463
35
227
35
145
257
35
35
182
151
277
146
333
193
125
147
149
