8
6
4
7
10
125
4
4
214
8
12
35
12
21
14
23
125
141
6
8
157
253
157
35
18
215
255
97
29
34
6
2
9
24
10
9
240
698
2
9
7
42
39
642
216
1
9
14
3
13
178
2
35
24
128
156
8
1
55
3
165
30
1
6
24
11
38
5
11
127
27
39
4
280
9
6
15
148
44
155
20
7
269
263
165
125
448
246
157
151
525
284
156
174
179
284
154
410
45
156
221
1546
305
76
271
513
195
183
214
220
4
16
84
545
158
5
220
270
4
2
127
3
6
23
125
1
26
43
46
4
35
155
184
168
1274
12
4
157
2
900
180
742
279
3
1530
122
27
6
20
8
169
101
166
21
10
9
402
12
217
4
5
13
21
14
2
16
27
77
43
3
26
1
60
4
13
210
168
3
11
6
58
9
11
6
1
309
6
5
10
155
249
168
158
4
4
124
371
15
3
35
82
243
16
25
334
14
24
13
8
329
14
11
5
9
44
142
4
44
18
256
18
17
7
6
14
294
6
1
248
125
9
276
11
13
5
1
14
1
174
286
3
261
19
6
26
250
16
5
39
35
269
12
177
35
615
227
277
168
152
472
248
33
70
20
3
104
8
168
9
73
2
29
3
128
29
10
18
40
17
88
123
7
2
48
180
369
6
12
12
7
7
849
48
175
686
49
182
14
158
30
297
35
1
41
9
7
7413
9
18
176
240
29
20
12
127
18
7
7
9
30
139
18
1236
173
37
122
8
318
92
220
1
164
252
159
29
187
275
59
178
10
29
288
11
18
46
1
35
188
6
1
169
103
4
17
15
2
272
1
125
7
5
10
9
521
4
157
27
20
21
163
36
16
5
245
158
277
3
30
2
72
59
12
165
113
188
123
276
3
13
23
56
64
9
158
99
4
257
7
42
23
211
1
22
8
252
59
20
19
7
4
5
28
157
246
14
309
163
181
175
13
162
10
167
252
86
156
21
130
39
172
162
57
62
129
250
138
14
381
164
216
162
184
173
5
226
155
327
479
173
162
120
149
