218
147
18
4
163
877
10
129
77
3
2
3
155
39
125
164
4
38
90
165
182
91
1014
246
246
140
16
6
202
161
113
5
7
123
21
2
503
257
185
12
110
3
210
159
365
151
111
142
89
10
122
6
219
8
82
19
181
585
188
211
58
147
20
216
168
38
212
226
161
158
241
161
124
35
161
171
161
111
163
161
239
167
156
68
166
214
437
153
90
95
135
91
170
441
221
95
110
309
160
161
149
191
182
158
240
145
218
187
82
193
168
182
203
36
1
183
125
247
95
227
5
5
976
212
2
154
77
149
125
59
211
115
159
154
191
162
173
127
212
231
385
153
126
569
156
212
162
277
162
277
210
112
28
30
245
4
91
17
95
76
169
91
16
8
331
246
216
23
923
852
163
221
160
159
232
218
159
260
279
217
214
219
24
125
297
194
139
80
11
1
43
219
165
348
30
121
34
245
555
217
223
238
145
217
7
21
66
416
219
140
215
203
734
92
187
29
142
213
489
155
251
193
128
102
153
186
171
207
156
70
233
8
212
162
147
133
1278
353
103
146
585
91
75
217
279
680
225
164
190
9
154
90
170
145
187
302
163
1
2
128
602
253
2
37
182
428
210
1
163
148
155
156
159
120
32
193
214
92
255
217
157
375
225
21
191
215
168
142
167
200
268
132
229
32
460
220
314
163
222
221
199
449
5
194
248
158
182312
163
3
153
10
222
216
13
241
300
328
133
433
130
127
159
125
411
95
255
250
234
7
1
3
25
13
142
24
222
198
341
226
208
6277
149
163
128
212
164
14
52
377
536
630
130
428
10
162
220
401
156
241
188
130
145
157
300
162
287
162
138
217
169
153
162
199
140
229
502
145
95
13
137
399
160
220
390
123
127
65
216
237
292
459
147
256
154
110
203
228
162
91
216
286
211
348
69
159
228
217
216
256
216
101
