3
339
182
7
19
337
219
127
3
123
122
13
17
340
2
14
1
34
10
7
64
330
192
4
26
522
127
339
216
23
843
348
308
216
178
277
223
42
346
249
240
210
125
331
511
725
412
868
257
326
383
271
302
70
343
122
342
215
42
18
308
340
362
413
11
228
132
342
8
656
339
5
200
341
337
335
319
294
360
361
767
340
32
331
337
26
377
18
239
372
337
1442
362
2
213
8
75
3
576
676
269
618
458
7
397
114
349
298
324
76
35
3469
73
15
211
29
396
687
1
1
342
6
271
278
23
231
63
325
20
12
209
2
388
934
289
211
111
219
352
233
237
44
323
12
344
467
148
745
60
60
436
2
15
365
422
335
101
7
336
5
331
800
343
340
348
380
529
278
296
224
340
336
289
333
