973
174
21
90
29
2414
767
195
124
1085
788
337
190
1894
98
2308
1007
1147
281
50
72
131
15
331
22
125
93
194
165
264
125
108
494
951
74
80
11
612
282
4097
184
2475
497
33
406
228
343
144
323
85
1871
871
1435
395
13
722
281
499
191
5
1478
383
438
209
924
910
297
232
252
19
111
631
257
423
130
314
133
77
683
7
351
617
104
879
2696
198
198
565
919
219
28
72
24
271
2668
221
302
789
171
128
55
347
606
611
1693
326
1200
2211
430
1217
52
80
223
2465
480
447
1380
138
1011
492
1119
65
324
127
127
1997
411
159
65
418
339
743
1817
641
1632
627
995
1812
204
767
958
269
504
412
53
69
80
752
9
1109
349
816
111
206
379
34
76
234
310
1701
6
393
120
654
98
270
587
2850
248
423
380
60
125
135
162
32
331
310
201
1192
99
59
814
2041
56
361
223
171
267
1936
73
135
246
370
956
584
278
29
133
107
333
460
636
171
51
47
16
162
981
331
578
312
1557
78
502
331
1676
3
117
2481
172
124
514
104
171
597
2652
173
66
216
594
525
47
25
363
126
1221
186
588
3138
204
437
1141
57
515
124
1152
239
361
58
195
327
55
742
121
421
873
488
109
312
18
790
2540
30
687
278
21
1070
209
220
424
581
1584
1695
2252
166
16
43
5
637
150
133
54
1587
27
4
