1
205
125
195
198
198
276
125
9
188
185
1132
213
207
1
351
188
198
564
125
200
273
185
195
246
121
194
514
253
189
194
125
187
45
196
207
207
253
202
196
172
188
198
184
152
197
219
262
248
370
191
219
212
271
195
208
4
128
198
245
218
193
238
207
1017
285
209
244
12
185
287
185
220
193
252
214
2276
247
193
45
245
47
190
250
518
188
185
671
185
862
256
188
159
254
193
780
182
395
1207
188
203
7
201
126
197
201
534
183
192
635
200
196
45
188
251
125
120
258
186
250
195
200
518
676
190
200
203
144
292
140
198
146
203
246
189
274
613
216
208
45
51
192
192
192
205
211
141
250
234
268
276
317
248
319
293
206
185
210
