9
219
95
265
143
193
2940
1560
69698
4444
148
1665
14
230
5338
2431
318
91
16268
5493
198
181
24
356
1
219
923
3527
725
21435
1664
26310
232
185
228
323
15534
193
11718
195
133
123
3766
89
218
91
215
206
17562
80
133
123
184
210
624
4477
91
107
1
147
218
175
190
14605
503
95
135
144
15547
226
19457
68
899
321
211
11
180
72
91
214
673
196
1491
2002
165
524
110
44
59370
5574
8
1020
19867
1338
3186
95
1592
157
127
14413
198
232
507
136
76
25573
2982
220
179
4479
198
50
220
252
175
234
180
3151
90
28
20
225
9123
59
240
64
592
127
283
211
240
226
90
1175
231
324
95
13940
121
140
18972
186
186
17415
97
105
90
90
215
95
229
85
55
123
183
124
418
186
