193
73
61
80
30
1819
15
154
31
21
419
193
75
2638
68
621
363
122
479
457
38
710
23
1421
60
60
94
125
686
79
99
2662
1507
154
364
255
534
59
448
213
191
109
105
270
151
123
6
829
53
355
37
538
26
9
52
217
90
80
178
168
4148
3024
573
92
290
71
186
1422
198
662
9
152
66
690
254
749
129
298
135
157
41
150
2005
137
313
212
98
12
312
172
124
226
210
229
995
285
951
1414
284
70
138
62
593
25
109
142
29
106
236
289
1171
440
7
222
13
218
50
42
206
86
160
23
119
278
36
663
108
426
119
172
96
112
96
321
378
234
482
107
534
41
180
1760
27
33
901
195
274
217
1018
92
521
91
21
21
763
223
3
298
410
235
112
120
211
58
46
128
27
30
52
222
357
898
122
72
674
188
13
1613
142
14
82
138
58
219
8
257
174
21
343
55
80
1315
1006
1407
97
544
41
211
326
104
64
442
149
113
1236
962
47
654
194
140
15
154
364
298
37
106
552
30
131
354
129
313
1025
907
400
526
138
1697
702
345
90
570
1307
603
281
7
214
562
10
139
1
100
244
38
112
104
197
390
490
296
2328
697
34
254
183
176
228
125
1439
1053
141
149
