257
5
8
18
249
410
75
15
789
62
22
40
10
128
20
69
65
10
1
2
14
36
487
102
6
326
18
1
78
17
41
10
1715
116
265
38
101
424
18
114
649
14
34
1943
214
132
137
4
336
314
150
952
144
575
35
2533
126
141
12
175
65
14
19
3
1073
274
108
68
17
21
382
7
9
10
15
626
570
17
413
63
8
69
35
36
189
274
66
588
66
134
54
134
102
1629
57
2040
135
19
120
49
2347
21
3
77
42
7
34
229
202
283
979
18
47
24
16
246
92
30
100
21
18
111
1648
18
37
534
33
18
10
6
2
72
186
45
1540
1
307
113
27
301
105
107
311
88
102
120
28
3
215
234
471
278
44
11
57
136
263
74
29
482
120
256
142
114
62
27
122
60
2275
864
