8
11
216
16
1
556
441
331
3
6
4
2
8743
11
1
8
13
3
1
53
303
32
3
123
6
3
432
115
3
44
255
590
1
13
4
7
1
2
1
1
2
2
54
2
1
334
3
3
4
6
55
22
1
5
234
257
8
2
28
1
147
6
5
785
3
6
8
1
1
406
1
20
298
6
348
1
3
5
5
2
418
13
1
16
6
1
3
177
277
184
283
7
4
1
1
276
59
1
61
2
5
1
1
2
5
1
45
18
2
221
6
316
4
31
1
1
5
2
4691
1
1
1
8
129
47
7
4
1
257
7
241
3
46
4
115
14
180
1
4
12
2
24
10
2
1
1
1
1
3
52
1
9
4
1
12
64
11
3
4
5
3
1
2
1
1
3
1
13
7
126
254
8
68
367
309
1
2
4
1
6
2
1
22
2
3
1
1
157
19
11
1
2
11
3
642
18
169
287
2
29
3
1
178
148
1
15
415
37
1
105
38
4
47
115
222
1
294
33
2
3
23
1
40
1
1
1
5
50
2
1
2
13
1
1
500
1
2
15
120
1
5
50
26
19
208
5
3
26
3
16
3
1
40
338
5
373
1
511
342
169
74
1
33
205
3
98
1
3
1
74
3
5
4
1
3
1
4
6
1
9
2
3
1
1
1
1
1
1
160
8
2
2
7
1
727
1
10
8
1
5
304
6
1
6
1
1
1
47
11
14
5
8
175
92
12
15
1
13
2
1
6
7
3
2
4
1
1
2
6
5
2
33
1
5
1
1
1
132
8
63
1
166
1
1
14
3
4
14
1
2
2
1
1
1
