2033
17
2823
55
4807
1355
616
3470
525
148
3935
390
60
86
2809
3212
1
1920
4560
2201
431
432
32660
90
3296
876
1557
29
45
579
1690
160
509
4543
2873
3675
387
12892
555
92
10765
6736
5855
3731
574
3283
1916
1245
22
640
29
2711
2340
999
2329
4547
6894
13040
4650
1595
19
1039
877
85
281
346
1002
8657
1440
110
15920
7437
3598
8490
154
2601
3372
4131
2465
8215
3721
4100
6312
1930
3709
160
133
488
1511
1958
5726
2249
3812
1741
2419
7155
7
1656
3172
4800
5280
14597
2988
1762
1666
3885
3882
2290
1519
487
433
8772
8768
6547
12670
7366
2269
2980
8475
707
4212
1997
148
2267
2272
4440
2279
40
89
2388
730
8851
3089
6229
3617
3369
2455
3468
280
193
4014
3347
177
1
110
1011
1413
6975
2151
3809
294
1130
6367
390
3641
3515
2104
336
2273
752
13157
14575
3636
6460
5246
2557
2621
14734
1592
6424
2119
118
308
5259
517
17
135
7719
268
306
1786
2363
327
8650
2939
1930
597
1244
637
5005
868
4585
5296
6631
471
9486
2734
7
4593
130
3655
2289
5447
3565
3130
9894
5216
44
2662
289
3598
3065
7854
4667
3514
5267
1295
3229
326
6449
5490
4811
1512
3871
876
3432
121
38
7867
3551
9770
665
3125
687
5047
3386
2918
5701
1146
784
5252
9209
6963
3927
1459
2607
999
4814
4238
3494
351
2846
2525
1223
1312
7443
11972
2511
20328
988
2
4995
16782
1466
4255
3230
5222
1205
4085
76
3244
160
69
5557
265
636
2349
1
10274
9112
306
764
1762
10817
2646
375
2863
1041
5355
1078
4312
1599
4278
1315
1061
71
606
319
11172
481
245
2231
43
3305
1763
1241
3104
4528
7227
5981
6225
659
899
897
2069
22
4240
132
288
5475
4436
380
169
261
5094
214
4182
1723
6450
5189
2436
592
5679
55
594
92
9917
921
1555
7153
5572
492
313
789
157
3214
236
278
187
2673
7860
392
2950
1844
11004
9587
5452
3274
5633
101
3509
162
43
13211
1
34
3854
4889
6357
3028
519
429
3878
1458
10258
196
3468
114
3206
5143
6562
6809
441
1433
42
3
335
12
4395
236
2095
26
7075
377
19880
3597
31
1349
545
406
5309
6923
2684
409
3457
20703
1759
1081
84
378
10078
781
4885
3536
532
1140
388
329
3453
721
2701
5287
5837
6682
9473
431
395
1205
287
5347
984
3554
1046
6120
136
1688
5381
893
2292
9
6847
1507
996
3238
6078
3394
3638
12432
448
1
400
1055
2710
2212
2156
1112
2602
4083
8496
1776
1
4866
196
2228
3595
1601
3937
4711
1144
160
13
2212
13921
95
149
2910
4252
1783
14117
685
6395
277
3538
8780
235
8108
563
1344
178
143
71
960
3852
860
3752
2630
808
3161
1882
996
5289
2524
2003
216
3802
4774
2333
19996
159
995
2658
4594
391
4173
458
12295
403
3384
9225
5044
8945
4668
2266
8769
7489
7085
3953
281
13
307
16459
893
4446
2565
3755
139
2605
1491
2050
1752
2069
2672
2970
1206
1883
488
9119
1698
374
6353
653
4328
3715
14299
95
4426
696
441
6851
4308
4202
12618
3428
9498
612
5536
96
5407
5124
2323
4305
347
1059
10642
1993
1948
42
4045
1663
2826
11274
1799
3685
3970
4862
1122
27
273
3198
1480
3009
3785
3065
515
4418
42
1760
8392
15728
8556
531
537
1761
3543
6684
2659
734
1308
455
8936
208
5695
461
7170
14213
28
268
7566
983
2348
7626
1581
389
323
4699
5059
3431
4131
5410
1514
624
14008
8567
1736
6995
4288
17425
3854
23378
1749
9488
224
1616
8638
913
1205
1517
756
114
912
1349
11236
2014
2763
8360
3647
6266
176
1415
2504
3065
7365
2304
2168
6482
41
1359
461
1768
2374
4075
185
7834
3452
475
8235
812
3903
3208
703
56
5415
2474
4711
6232
8707
2446
503
2150
8589
71
7557
5902
154
174
6975
2563
4349
4409
16475
807
13448
1898
7037
70
4112
85
53
3822
68
867
404
1439
806
619
173
6788
4231
3028
5659
620
196
3831
953
8785
1373
491
17987
1055
2506
5322
2238
1332
17315
196
8146
663
127
4062
166
1998
3389
1011
219
2699
5013
8083
3261
17
2562
6771
3376
74
2368
3293
112
4026
169
1575
2400
834
4210
5228
5247
898
47
13238
5063
5677
6191
5219
284
188
1801
2141
2602
505
8218
977
7558
29
149
876
274
3208
20105
37
2247
111
3428
2077
26196
6698
1513
2856
2023
1719
810
8066
311
5600
204
8405
2632
13488
3681
3169
639
94
1149
1433
444
6515
5379
3228
4700
2083
3039
4834
321
5987
7066
1064
5833
1986
972
1355
6300
2336
67
3999
5012
78
15
21
13168
3171
1803
2975
1988
3503
5035
4328
4059
815
1732
1006
6790
937
3766
864
63
4759
3544
1668
4634
85
1413
4383
4363
208
2346
321
531
6090
2385
1852
542
4257
6820
2537
8159
1706
9358
5253
4624
9557
2542
2329
8368
3667
1360
2022
2398
397
2268
3685
5598
4414
268
336
46
2367
2250
53
1518
2549
3523
2496
1797
1649
2971
15471
1280
32
4533
2612
8647
456
3311
7365
4553
2740
16
4856
154
3447
4365
5672
6692
1943
2343
11455
8185
575
4735
8957
1985
341
1736
288
384
276
5423
2399
296
2641
705
1140
2658
6440
33
3781
7879
3769
6139
6139
8360
2544
3776
3729
2658
1193
6739
1368
4114
5092
85
1166
15011
2801
2779
1992
402
835
2474
8980
1203
10
108
8039
4150
34
2166
830
4244
5773
565
534
5382
3840
9768
691
297
3435
3340
11264
1443
2665
1583
7309
7433
2230
5411
2826
4355
2447
7662
3
517
1849
2947
720
116
154
847
35
127
416
48
8412
2177
3230
549
6874
4664
8668
3197
1625
1441
820
1735
5167
220
506
2885
2400
1672
2427
4183
4212
1418
3652
2794
3574
1670
3498
2200
4196
4848
7010
5131
1255
123
1422
854
255
6448
3896
8262
270
2208
1737
9287
104
323
4921
6851
4044
5016
4862
1272
9778
1680
2117
2433
7161
3461
105
2362
7170
813
7040
480
117
98
188
3307
949
2325
2394
127
5926
441
861
272
5420
1813
7035
12601
3039
5512
2892
6888
10919
9811
1153
5866
8340
2596
6032
3266
564
4170
863
4493
2648
3213
131
967
7428
6096
362
2259
1622
1965
4369
2255
1088
3437
60
6014
68
33
604
460
7187
12308
4603
1865
2959
2651
2016
10066
2481
910
166
2181
2529
1717
215
976
6705
423
5529
4171
235
3352
528
5167
2963
145
236
255
2437
4216
310
311
143
17801
1507
5596
92
345
21432
80
79
914
182
64
3628
592
2263
3637
64
2002
743
172
9331
853
3112
2702
107
1617
61
4486
374
8464
3964
1318
8909
7152
1602
3800
9293
163
70
317
3485
14219
4934
2489
4919
826
1888
1360
3644
91
1580
3996
4058
496
1734
4116
1354
6001
99
3306
928
4556
5468
485
924
43
4737
95
764
323
2035
3021
5490
2847
2171
4116
1357
396
11333
202
1187
124
3028
1544
2329
391
6165
257
2403
998
12336
215
1492
113
4425
304
2025
319
2184
6447
147
485
24
2489
254
855
361
605
693
69
404
3000
1666
145
5355
2862
638
908
3742
4470
1070
2295
459
167
425
4727
3879
1147
882
2630
3154
2810
277
1076
2978
1456
1206
4533
182
2683
48
4793
4091
1019
1556
3620
607
1593
10225
393
3403
6670
9452
890
1992
796
5801
3156
201
6414
6604
71
2293
6097
11523
65
2052
513
2160
218
35
7840
48
4623
4449
223
2932
704
3401
164
15056
5272
21
5410
2527
850
5073
381
2039
2797
2367
140
1243
3899
2516
1771
1051
1107
2585
1526
1483
7675
445
202
1704
526
5204
1417
4620
73
543
10615
129
2003
1308
3746
466
7577
73
16164
3730
3864
288
7043
142
31547
2899
593
5082
4884
968
6116
5240
1623
1171
2220
917
450
1629
5137
8198
870
4872
2160
9648
921
248
2987
1817
261
7631
7261
3455
1083
273
490
685
3196
6877
131
2439
105
537
2280
381
811
2771
5037
3641
11809
273
1411
145
3441
4295
9984
2739
16560
2217
3973
375
2649
11163
279
543
4959
315
66
3431
5044
4115
560
47913
705
1293
1327
563
5919
2465
1430
2588
23303
5525
387
4845
47
6043
6359
1178
258
12403
867
1558
13167
588
3035
7642
2803
4765
1013
508
3976
2129
5817
188
701
6865
4312
1734
1192
4761
377
3184
7734
2456
784
4861
3879
2066
1071
10138
4180
893
4814
3751
3486
272
2145
1709
1666
61
639
1003
7020
8993
836
3700
660
36
1709
5069
8833
496
6080
3784
4137
220
696
156
10426
162
3393
878
14571
1588
2652
3691
232
5216
10081
143
3206
129
11383
7727
247
3286
3698
2670
8051
6449
152
8133
42
7105
2009
1757
2943
4013
84
305
4058
261
1992
336
2485
11280
490
4066
2894
3056
1524
5374
8780
2622
776
903
4544
2561
3296
6611
3940
4106
195
134
3278
1037
1124
257
2875
8142
1690
273
3118
5954
5421
2110
535
6249
65
158
7152
21
1099
3357
3649
5677
3509
4203
613
31
570
781
1936
864
5343
183
2008
5817
2695
2902
1261
2653
100
4725
2338
633
12897
15076
603
2430
449
1686
3
237
2016
6804
1097
4162
601
1348
7549
1000
7182
580
4527
2019
5306
115
622
3183
953
92
2722
5118
5797
2180
10305
6839
2813
8258
14
89
531
27
2674
236
8631
4574
231
6753
233
52
12276
430
506
1194
2019
7967
6356
1042
391
7423
3298
1797
2397
3334
3840
5809
589
5789
496
496
2574
7660
4461
3902
121
809
200
2984
6892
7977
2695
29
180
58
4449
2467
51
929
2794
924
4111
6190
6071
5240
9707
67
336
798
80
2370
626
2949
120
3098
1868
6896
7165
9017
1232
7117
12013
7771
6533
3863
3275
71
5785
247
2619
3169
1819
2289
2560
3948
11958
2529
2959
7480
451
1100
67
5921
116
11085
4262
2059
719
281
4789
5077
2445
1421
113
1257
3380
4787
224
156
5293
3177
250
75
49
2838
11374
4539
3133
1063
412
9866
2559
3419
2127
2804
310
2438
313
4337
868
2629
1685
2866
4784
502
2783
4076
2165
3801
28
699
389
125
285
13156
2545
1757
80
3407
5124
889
2722
270
4391
253
3644
228
3410
178
3241
392
3169
2978
412
3015
262
4776
3516
971
1442
2081
25
3805
15314
5597
4558
1536
402
188
9700
6892
20
13
2977
1605
966
682
4670
48
6573
129
4871
938
895
3770
2945
3626
24
29348
109
388
6319
12215
1723
2444
3523
10973
1049
5366
2253
62
279
413
1853
887
3812
418
6409
12
18
4927
992
1393
2122
712
21
1820
268
3488
4435
9782
9753
3034
13347
6974
814
2298
171
10169
5196
3268
158
4600
4942
229
2878
7323
3087
7012
163
9514
2492
60
360
117
324
3722
2218
6565
1831
1509
72
227
44
7009
418
2698
138
47
6421
2519
13
1280
7199
2802
4124
194
3877
5774
2228
18275
1505
123
138
2537
134
179
820
638
1258
35
501
1141
4606
2847
853
247
3904
3527
5915
9427
8452
2585
950
427
3806
6175
2494
2752
528
1026
17952
3782
3285
71
3461
229
3184
1892
7065
10139
2943
9542
4341
12225
847
2406
1967
8718
9206
7637
261
203
208
12456
9612
138
381
4273
6558
3580
2761
173
1166
2556
1033
1233
45
681
2317
1302
9981
130
10520
173
3311
431
6822
7092
1200
2986
108
1863
2394
1364
212
356
1380
438
14667
1767
1796
12068
7005
4096
571
422
3351
6014
7584
50
17193
139
958
211
201
513
3577
208
3664
8061
6184
553
4216
1670
3614
603
1754
3610
1242
45
275
2198
1682
293
71
4160
7922
3033
1159
8679
6846
5897
1597
25
7792
808
1015
560
554
3899
1750
374
4503
3792
2474
2870
5757
235
2705
50
2550
3732
9707
4821
178
416
3559
506
201
3025
1526
1225
8918
5660
2002
3800
4603
3098
1957
2698
169
2655
8575
518
630
162
3100
204
97
15248
5409
1993
4680
2361
3328
15899
396
15281
5024
3444
6066
1357
2945
514
9635
9581
34
3155
55
1216
56
2747
8
275
438
2693
1768
5735
19835
2126
17744
319
634
138
314
308
2
781
2158
5009
7733
491
125
2537
5106
3672
858
1015
8931
598
149
589
239
1921
4700
2652
111
4045
6749
1954
561
15129
355
189
230
580
551
123
470
3010
5006
14333
2309
2111
4245
421
2279
1009
6153
12850
10228
325
48
2797
5336
3303
80
1320
1311
115
145
10317
2781
8945
38
2913
1977
336
82
621
2828
15
279
5734
5456
503
14528
4701
2828
3570
81
576
13
3774
4760
2718
319
5150
1768
790
2914
4899
3001
963
3829
4955
7930
5333
2755
8638
5358
2694
3324
3656
1259
2581
3734
544
17980
4183
2295
295
1430
4341
8597
2804
4334
1686
2017
2443
10849
226
6530
207
4159
5493
6254
372
4571
1968
889
28756
6802
6504
5082
7773
40
3286
2112
30
1096
1205
6986
108
4294
3398
5418
10750
470
6618
232
3094
9285
5573
971
4564
4553
8258
4574
663
15008
9266
3138
62
440
3412
2386
6020
6932
2119
4762
1887
4835
367
261
8507
279
11363
3569
4281
1677
4248
4095
9770
9644
2704
703
5912
2193
3118
9780
7878
225
217
2988
331
4507
337
135
2235
480
804
2040
2217
3482
4601
1685
14689
3233
6805
4003
2348
897
5218
3702
238
6479
100
3580
5454
7169
6191
1388
939
9
3717
4919
4037
5290
15017
2592
159
35
38132
57
3938
185
106
1031
8364
680
9763
427
315
7943
1279
2740
15468
3631
2330
7176
2331
3268
5699
115
32
13
18
9595
3480
241
1123
19297
810
1725
2442
18699
3306
3084
2778
198
544
133
8290
1809
225
248
3654
3018
39
4824
3053
1665
1697
149
8315
3377
2404
13680
4340
11889
1235
2610
3388
2693
13846
4019
894
14526
8665
3413
270
6204
3172
16
219
8987
2922
2995
1929
1027
500
4739
2
16248
2603
4639
2978
7097
5353
494
1319
5596
414
1566
8133
197
2581
765
5690
608
1502
8
358
7326
798
2811
3325
11427
120
5026
2488
123
4531
3947
250
9551
2625
8130
1170
5667
76
6635
285
38
5147
2776
56
745
5771
38
24
2512
5268
75
3898
505
23
102
282
31
787
8170
172
6826
236
1508
2383
4687
53
496
10971
3659
6482
760
1286
810
917
73
87
1500
7825
2706
4815
1400
1382
5484
875
683
4009
2744
4858
4281
4463
8217
7315
1917
5667
279
1178
2138
2071
2071
200
2334
4290
1812
5957
655
1402
2052
161
479
1209
873
405
3442
2595
2388
6462
11834
4849
3365
1331
2922
1849
2872
1833
8162
1233
267
780
1097
2470
180
657
491
5201
8271
712
4864
380
5627
5827
1493
5046
19930
52
461
2211
5155
143
664
1286
4396
1180
11591
6560
82
4190
2292
13527
2226
3167
3393
129
16413
3446
1086
3170
4380
36890
4883
1552
4419
5325
1977
5735
5796
151
3908
3184
462
9610
16
1088
17350
1504
3266
879
691
2582
724
3262
2471
3228
16
1875
10183
102
1984
1867
230
247
1474
5885
25542
18974
9008
13542
396
8094
3915
2377
1016
239
3032
2773
441
5067
220
234
2404
1276
874
1757
363
2834
16930
1169
597
2610
5287
221
2697
6701
412
3422
969
2054
5147
1081
629
1539
2714
906
1646
3408
4440
7539
9166
6283
3148
100
1214
126
1256
1856
8536
534
106
5903
879
2669
5941
236
889
1725
3509
13605
1577
10268
8872
1741
4503
12465
106
18963
5319
1422
4998
1384
7470
1305
1256
1253
2649
919
226
159
1370
818
7816
4655
381
2659
6416
4434
1907
3028
239
1076
1199
20891
288
2768
1487
917
6777
985
2545
5150
8
1539
1221
3376
538
2315
16683
484
160
470
3140
7824
825
2466
118
347
4036
6405
1903
32
1496
2689
274
205
357
2334
5807
20
300
2352
28
227
164
3982
63
4022
200
9253
2248
1864
244
3789
2
625
505
4855
281
1709
181
2118
3183
37
729
4650
8184
4312
5003
1618
2383
2750
2527
6025
3727
6521
326
2876
4875
8
3704
21151
32
1493
5314
335
13968
2029
6071
852
10828
71
2948
2910
131
194
1518
151
177
9919
565
150
2650
11342
1543
3865
128
1084
6995
56
1096
1890
13903
5429
3712
1848
3310
255
729
1184
3605
3109
49
2637
35
3532
425
646
3440
3702
698
2830
4276
28620
1950
2514
1934
349
1081
1259
3209
1449
3254
889
3693
3134
1777
2363
1888
730
6389
296
201
1884
289
342
349
3090
839
1009
70
5891
918
404
373
4424
2642
7009
621
5846
356
3379
6576
406
1757
311
15896
312
2846
3409
3079
1086
2648
1321
724
149
5930
62
1356
1759
2007
8564
3575
11256
2765
3568
138
48
1321
7221
992
14
9856
3252
3613
140
626
4539
1406
6974
2276
2134
266
3341
83
6128
1842
737
442
367
73
1909
221
96
2262
273
3144
5017
135
6071
1957
4118
273
3532
494
9550
2412
104
3314
383
5048
864
110
3368
7926
947
2439
6718
6980
2967
13083
5034
224
4916
3148
25
11886
125
205
325
6805
3311
379
226
392
741
8347
69
5318
2650
411
3193
2355
5687
2362
15907
4340
4920
526
5616
3300
2111
3711
7380
774
7269
102
1937
5091
7625
5980
469
100
947
490
4343
4660
5067
45
571
7595
1848
6627
8166
6777
2932
3035
35
4421
4936
57
2712
3077
3103
1517
2363
491
16753
1488
3429
5137
3187
23226
5708
7773
372
2822
9475
3563
43
8026
285
37
734
8
1284
136
6447
1506
1468
954
4297
717
1650
811
54
269
299
1012
56
8165
42
2834
418
973
56
596
3563
2926
3337
159
3305
5669
3428
5989
621
3654
4
4148
3576
8549
3932
6759
1856
3296
2150
6255
7052
5
3885
8528
437
501
10578
5814
1490
48
4884
11764
7036
12
2239
117
6885
48
3008
4839
3453
21440
6588
206
1844
2104
13983
139
1659
490
2701
152
452
4774
7231
262
45
425
1911
8606
9323
7064
18718
311
2546
1342
8133
366
566
1879
108
730
2131
278
1405
377
5386
2750
6493
27629
2513
8495
8219
7393
363
187
13327
11
3404
2047
2575
2067
2368
12179
3262
3541
4011
2549
140
256
699
1456
1526
395
433
1526
1851
7671
1186
117
736
2867
1854
516
1750
1625
5346
632
1286
3777
291
4547
3514
1023
7454
88
4859
2106
2267
151
16424
9617
591
341
3561
4064
1751
2030
6982
3409
1653
5456
7971
88
461
1309
896
3023
1376
2947
17660
146
1628
3304
3845
2016
512
51
486
668
1188
320
1424
69
33
5693
5718
202
1419
1319
2797
2707
4568
167
3373
7051
963
1837
13784
64
3709
458
356
7478
1417
2165
29
3681
3083
2747
12537
10817
4776
5267
216
11600
79
3469
5045
4009
653
804
5214
264
5768
1695
271
934
15223
13327
931
6229
233
13702
518
6652
759
3584
1805
805
13369
8213
867
1405
31322
6723
625
253
2672
6123
221
4425
2598
62
131
243
6990
4123
2752
2943
5555
5599
5246
5873
2562
8746
2627
2271
3128
8911
4143
1017
5924
675
2557
919
2143
2724
4644
19756
8285
458
309
4350
2208
3481
1897
1040
3536
488
2672
131
33
269
11
4984
3778
351
3221
80
3516
11216
6781
1834
3845
11665
12
2097
7042
1731
156
2110
139
6573
7097
2302
3613
8942
20893
1059
1795
388
2595
284
2200
701
916
182
7826
2457
43
9353
11402
7709
4320
5746
6385
2360
2872
1012
13959
26543
2731
1234
3920
459
730
1008
216
22880
635
4078
1736
1499
4166
487
3610
184
5012
2659
685
187
591
222
861
1720
593
3459
380
150
5233
117
2054
219
30399
3313
27253
485
422
5020
11748
4702
2452
229
15729
4606
12749
1025
1437
2544
60
2299
692
46
4553
752
2500
16
7890
137
171
297
249
2905
1009
1710
9434
44
17342
63
320
266
296
3927
1247
804
3772
8387
1808
96
646
930
4512
5636
2674
4342
19495
319
1632
2
8515
3600
371
3851
2610
78
586
1545
2123
4800
420
3811
4948
14485
36404
4968
29339
1170
938
965
196
7434
8165
396
791
38
1729
264
33
4122
1111
781
5364
8230
1825
2020
1867
3313
1635
1071
2125
1309
90
470
9356
1775
561
10005
2083
568
161
267
14629
952
4628
1241
361
1113
1196
879
881
4689
386
4158
1019
169
8670
2546
930
6732
62
13382
2010
40
15819
36
169
5046
19139
36
4178
5181
3686
133
1306
13684
417
410
40
7571
2063
524
50
1329
223
8436
306
248
765
7473
86
19411
5232
74
9669
7593
130
17988
13075
216
753
4638
605
1805
2621
3651
1070
186
58
1681
3769
7212
5271
1155
3584
2045
5741
3704
6029
3955
10111
249
5074
85
93
1817
1274
3834
1872
1784
997
6878
4767
6000
1243
2695
1380
628
816
1134
223
167
5668
3337
5732
5506
8602
1015
1377
227
1112
4681
26
2684
28
4772
2747
1743
4163
3594
79
820
1048
773
7403
214
224
11711
3000
35
3210
3445
173
3159
534
872
2329
4278
2833
667
335
2452
182
11450
1714
192
10488
3108
14705
3803
65
5758
33
3762
8358
366
3518
7160
1729
5369
9525
2170
116
4731
1595
4614
735
371
6443
334
6074
2822
5157
106
1273
1064
2964
9929
2627
124
5606
595
10730
1062
5604
3193
3412
7512
1177
1353
161
5075
1632
78
20
5863
860
3270
4206
3693
2744
2182
6698
306
100
131
135
1567
3479
11843
2308
9582
3385
158
1327
2861
5706
5862
1323
164
48
376
3865
634
7804
33
3268
880
505
2369
2961
7802
5138
3352
5740
5307
1561
6708
4536
262
151
55
2369
340
1013
359
3422
4640
34
244
228
1595
289
302
19
137
1451
29
269
2008
3953
2222
3873
3733
186
1533
3704
6041
444
2124
4381
3909
137
73
3071
6284
614
131
2051
16309
57
52
3355
8149
6559
2904
4112
208
3372
184
7863
6506
856
2603
12401
5450
1180
7389
1994
2167
2105
715
19
2736
2629
300
7470
2474
2094
4679
121
3671
308
