297
38
1
199
26
15
273
125
90
10
8
1997
56
505
106
36
226
303
18
209
251
388
14
19
10601
106
4
963
597
8
1
111
449
95
47
125
135
732
44
7
95
24
96
722
40
1
64
193
1139
104
196
17
26
1438
80
408
78
42
693
3
545
131
142
3
25
1093
216
58
183
307
54
170
578
917
212
88
30
21
40
64
160
72
82
688
28
166
137
24
72
41
190
84
417
12
261
28
98
1
54
15
141
121
150
15
62
36
98
73
81
1
168
315
32
57
411
373
679
77
32
1003
686
416
702
18
1398
143
24
138
32
74
3732
311
98
2259
105
106
72
23
28
25
330
26
255
252
605
45
12
483
221
15
41
47
94
47
4418
81
2151
155
2730
150
759
122
33
247
128
756
30
35
76
115
38
111
227
123
144
97
747
84
254
592
417
199
46
357
43
752
612
190
226
69
105
21
46
461
34
239
223
185
56
108
32
13
61
451
1
58
463
665
12
61
517
78
31
71
4
3197
100
9
35
312
78
78
35
88
230
136
27
26
184
326
356
4335
34
65
69
8
4924
1060
2656
96
391
217
54
207
38
91
181
297
146
68
203
240
377
31
87
175
91
45
1316
3
41
704
106
71
51
115
52
42
15
8
161
15
263
8
37
41
166
206
62
358
17
26
237
108
205
1335
291
1002
62
160
29051
59
170
482
1381
270
176
210
251
138
6
73
614
31
268
41
18
211
3524
214
126
26
520
32
111
50
77
119
569
24
10
27029
170
376
31
3196
130
128
275
175
190
477
1068
118
12
123
960
64
139
175
36
1323
64
63
74
1051
167
933
348
110
143
101
1029
11
198
302
426
28645
21
111
271
1377
17
65
1
12
43
51
185
42
82
256
72
64
65
664
304
5
56
449
193
900
31
84
370
884
17
29
69
350
61773
1002
3
341
11
45
118
90
396
194
41
6
102
206
38
134
2798
91
213
62
773
542
210
60
134
834
854
1359
870
341
16
136
2442
280
54
79
1
1
62
5
95
46
24
71
218
663
244
211
6559
232
104
673
2
87
69
183
6
35
68
2
350
353
393
194
206
84
30
1093
729
142
105
8
201
36
4
42
3
1
2
51
76
1
81
26
32
309
264
9
3
238
110
33
34
82
71
91
180
535
73
1115
23
1
198
58
2
26
10
412
79
2035
384
76
32
146
40
52
73
84
8
530
34
377
30
111
46
124
42
1360
63
29
53
65
148
11
51
43
2
697
25
2068
89
56
51
28
59
86
61
337
980
65
98
259
193
68
104
24
37
1012
70
122
93
146
25
114
216
51
23
4902
34
188
165
162
262
27
71
155
103
1716
47
83
57
139
211
59
212
100
70
17
229
112
306
20
2
52
283
208
63
184
55
407
70
806
156
677
58
25
339
20
129
38
685
199
652
35
1
19
7
187
267
3996
36
150
1356
54
162
159
31
364
335
258
28
478
781
240
69
81
360
5
605
901
143
111
132
164
340
1697
35
103
149
127
124
204
316
163
1458
13
453
89
973
70
91
80
167
749
19
8
22
2602
9093
183
77
142
118
1271
237
118
4
124
115
80
230
100
223
406
250
171
77
328
24
131
711
182
172
45
87
204
198
399
4625
179
590
53
146
67
6
93
120
3
13
205
22
1
11
674
51
684
61
67
23
1
84
1
1
52
769
47
100
227
22
1
77
314
42
38
36
155
386
433
64
351
180
1309
66
1
95
127
282
226
68
80
70
5
9
4
25
456
25
311
41
320
79
3320
8
351
7
276
214
331
3
12
49
54
2615
145
20
46
189
205
356
685
49
157
7
12
762
41
119
7
61
82
431
415
776
41
118
231
20
22
5
498
54
34
5377
356
116
70
306
3550
1216
140
61
19
115
80
19
13
69
47
52
176
12
6
197
342
155
48
181
243
1
11
1132
52
67
41
72
86
158
449
71
177
63
993
206
69
435
12
246
162
136
4
15
146
30
41
42
27
24
87
41
41
17
39
55
37
49
841
10
681
13684
2470
87
1710
40
247
241
29
89
85
39
3
137
82
92
2
111
193
79
57
30
10
1
234
213
373
84
3
51
168
36
126
8
223
35
27
9
30
25
67
730
1
124
35
720
9
771
101
1
11
265
241
268
8908
40
157
366
731
3176
3
322
55
48
41
318
78
1044
1686
199
226
2
27
274
1
184
4
504
1
86
45
73
113
137
59
253
13
146
118
141
841
101
655
604
29
21
24
114
544
1
47
386
276
1329
992
1667
241
22
34
103
1489
102
255
41
360
69
99
85
9
24
35
36
96
14
1061
111
90
988
851
6280
718
100
774
456
49
32
136
524
72
103
82
1
186
62
75
104
13
135
132
77
106
97
38
42
39
105
66
239
1116
45
94
118
109
138
216
282
45
1
70
41
98
68
5315
108
117
1
70
1550
36
90
63
59
387
79
448
1130
149
216
23
39
2
7
104
14
85
51
156
17
187
170
16
1548
1
77
590
331
61
166
69
153
153
144
2217
59
2586
73
436
109
296
100
1
182
1
14
11
180
813
210
128
692
70
47
751
2943
25
114
320
71
102
1
26
444
45
20
2
133
66
20
2315
131
431
167
178
108
201
31
31
25
1116
59
74
458
63
30
114
54
249
1
164
60
209
193
78
1215
840
12
341
367
114
261
351
5
80
35
53
1
36
32
91
134
70
22
70
21
62
137
39
65
170
18
1
169
120
2218
12
656
41
27
16
148
713
400
203
619
34
98
1156
107
150
1032
54
26
68
114
1702
5
572
849
43
696
133
40
433
886
1
56
15
502
78
517
232
5427
66
101
89
75
47
6
75
86
32
15
116
1151
89
31
270
218
490
56
32
342
1
223
43
66
45
628
538
80
26
29
291
797
53
247
114
208
100
49
45
147
239
34
496
1
43
59
1
497
57
3
6
380
5
446
44
193
12
20
13
133
63
152
77
84
1
148
964
67
2102
72
1
43
37
558
1
2502
1180
567
413
900
242
105
205
233
3
20
386
52
118
69
90
58
63
142
683
91
188
163
1
81
427
72
38
430
1
360
56
29
120
7
14
367
78
14
26
224
80
409
225
171
39
238
20
17
1
40
186
22
138
1
1312
286
284
514
386
48
211
364
7
1
563
4
2
11
63
48
38
22
11
