271
4
2
248
252
246
125
18
118
110
171
4
165
1
1
125
133
126
2
124
2
265
994
11
245
184
2
1
216
122
1
1
560
285
157
183
126
219
163
121
264
307
265
462
124
246
249
45
803
236
165
222
230
105
269
1
48
183
144
1
150
140
238
148
12
188
4
247
902
173
192
299
246
231
1
248
253
120
278
122
245
253
157
129
1
122
168
450
121
246
278
63
137
280
272
211
155
159
174
112
1
247
130
247
1136
126
277
123
173
252
4
293
303
246
644
1
217
553
247
1
272
123
577
241
1616
51
166
172
121
262
320
250
258
3
133
273
68
21
2021
2
127
121
172
1
246
368
123
271
518
85
1
1
11
109
179
330
126
170
666
156
165
183
254
235
250
1
221
282
1
233
1
204
389
228
52
269
154
147
557
521
123
323
307
248
112
121
717
158
2
190
238
125
1
125
122
708
120
137
2
247
299
2
172
2
794
1
212
1
120
266
169
146
190
201
176
287
120
142
248
331
268
44
244
269
241
186
134
