4826
36
242
95
4
318
78
6
125
104
20
2
7
190
363
191
6
849
2
51
77
2
230
102
7
1429
281
41
56
202
6
97
6
81
25
1903
29
24
160
414
1475
185
17
1
885
897
22
19
52
19
29
108
14
129
21
7
156
29
112
223
1394
204
636
235
205
253
280
204
222
203
195
128
569
317
216
362
8
7
87
9
48
1341
198
255
185
560
21
37
412
83
5
315
957
1
14
29
397
15
23
202
20
1527
1
192
21
73
413
37
203
188
198
76
129
322
6
149
15
151
126
2992
155
196
1
29
118
143
5
134
52
21
6
290
7
2220
51
90
59
216
204
883
558
215
193
91
12
2
5
11
106
40
78
27
1286
1
19
120
98
88
245
3779
256
61
34
7
226
63
183
15
5
17
11
42
41
655
794
30
354
78
3
78
204
183
9
185
194
16
15
5
241
14
57
84
8
1
1
28
73
1545
300
6
1441
15
17
168
145
5
19
95
286
367
278
210
4
8
99
196
1
233
254
20
20
753
198
11156
9
12
196
3
24
23
7
119
631
91
13
89
35
46
59
1
9
7
165
26
72
366
285
22
32
2
15
338
70
3
23
16
89
5
646
89
213
91
160
9
210
144
214
