48
272
990
331
1352
21
812
19
125
716
57
2448
137
2
1762
1494
765
177
156
2269
1449
463
1175
24
93
1966
42
2015
30
49
4919
2575
1409
1192
710
1376
202
286
178
541
1869
256
19
310
1647
3634
683
65
383
152
205
41
4426
2549
1459
600
4373
314
17
3027
1031
315
1752
47
50
55
2032
867
886
615
5911
518
236
230
3362
3257
5219
624
2687
9
5334
127
177
399
163
376
123
37
733
25
64
2257
441
286
236
38
9
19
2590
28
131
235
778
283
102
381
720
141
111
8
621
2429
13
240
289
47
4033
1851
3392
2858
9783
24
455
1117
593
745
86
6960
2328
1982
6
6680
1
734
380
1623
1162
35
177
12
931
35
38
2171
1191
19
1772
113
5524
15
1860
64
5
95
13
35
333
58
439
119
2986
18
8
2714
1595
532
107
363
2966
2364
260
459
1091
115
117
491
1391
618
1829
62
1059
10
1997
23
1079
41
237
109
15
2119
831
2682
2114
27
31
4621
684
1886
