42
641
931
860
462
420
192
31
56
241
75
5
406
1954
342
16
50
20
64
313
75
79
66
3767
104
13
185
298
652
424
124
808
53
57
14
44
324
153
523
818
47
336
217
123
375
324
108
860
1686
137
102
4
386
27
245
115
49
26
112
1220
95
248
154
21
68
102
171
42
94
263
55
448
369
324
25
574
4736
57
118
1151
2466
649
112
262
57
38
85
176
323
70
712
91
89
1124
55
114
108
68
206
1155
617
444
401
941
173
26
128
100
271
66
429
8
1237
59
21
339
23
35
494
231
185
35
456
808
796
137
1324
108
159
548
52
79
83
82
1156
320
97
7
23
210
21
201
48
9216
325
56
17
990
302
136
667
18
818
611
121
546
132
1
1234
37
2
122
739
645
672
232
348
22
103
208
471
211
33
359
200
4
86
16
27
381
145
835
411
1053
20
578
122
12
72
78
39
533
29
592
158
145
171
188
206
240
553
195
13
67
1267
31
313
88
408
309
451
358
54
10
47
60
421
291
1
623
42
1195
196
20
558
449
3
14
233
195
201
154
493
111
547
2
755
778
114
1117
643
468
155
40
206
81
305
31
491
35
84
498
87
33
104
37
332
21
22
505
286
430
39
320
490
502
415
5
19
127
6
159
493
969
169
83
60
762
807
469
100
273
31
421
29
106
203
105
556
27
106
188
111
1037
15
20
5
617
30
997
55
161
34
156
4
856
171
51
434
87
194
343
49
305
95
20
1
1
239
358
674
213
2513
12
307
83
649
139
247
294
284
486
190
839
517
18
691
1405
148
58
593
17
1024
304
694
399
1803
122
78
588
419
34
46
247
397
771
244
1
24
232
137
8
1178
237
100
447
21
239
406
520
32
270
54
116
2271
55
8
355
18
549
155
66
125
283
90
277
82
323
151
11
932
50
100
18
109
17
917
51
72
116
201
69
111
75
69
390
264
24
126
302
60
90
18
321
173
370
5
375
519
28
468
1625
887
624
16
490
215
1416
394
342
39
233
43
21
16
22
20
1219
12
48
108
42
299
121
20
79
512
59
98
124
128
40
420
47
67
24
1130
327
8
206
156
2193
1
155
103
1648
4
1429
567
41
1
562
1144
515
510
344
1
19
78
35
54
371
148
66
247
374
46
402
41
100
7
92
739
50
424
708
633
308
1228
350
349
2802
104
601
214
91
29
337
1017
1496
802
524
101
2
140
462
1
433
381
74
63
50
451
137
93
146
17
960
58
891
580
766
430
29
34
337
679
29
18
31
20
4
87
19
33
270
324
40
458
447
483
407
399
49
25
15
75
182
34
25
19
289
345
160
364
384
63
12
1120
111
84
223
306
68
64
905
22
562
115
167
423
135
15
213
100
245
209
444
130
367
719
511
99
310
16
570
113
25
702
460
16
152
131
117
464
1379
359
22
1020
292
353
271
313
250
84
408
623
421
86
381
542
242
531
247
159
303
521
45
61
281
819
485
278
187
91
449
116
552
128
462
245
376
461
54
42
635
1710
926
303
45
38
158
50
229
659
126
315
228
227
121
148
22
266
5082
129
496
33
462
116
25
382
131
872
70
329
354
164
744
387
368
783
197
41
479
474
38
615
433
164
22
10
650
50
77
12
325
157
151
508
124
1046
361
1620
1
261
639
46
86
211
278
601
119
363
108
7
52
61
417
268
382
111
259
198
1022
92
435
27
57
72
111
4
110
236
16
42
450
142
14
6
3
532
470
51
674
442
17
46
162
60
143
1611
14
233
629
1993
126
73
104
19
1421
455
1255
380
59
186
106
31
534
387
87
109
348
44
1321
93
589
417
77
414
595
18
360
16
94
130
331
86
1213
228
674
188
45
424
23
148
23
106
57
154
275
431
482
132
37
23
44
51
99
63
72
24
497
45
500
114
14
821
24
554
292
420
944
409
123
502
78
218
418
143
452
303
444
510
57
123
1179
145
348
93
69
32
492
10
80
3
35
524
64
54
185
425
1
18
547
234
114
79
246
43
793
530
55
546
48
112
141
15
4
142
1098
250
309
324
67
666
283
339
25
117
52
249
2
685
1389
294
16
367
149
491
31
49
144
2170
578
355
1
300
58
14
178
138
8
16
694
161
81
77
159
364
204
785
3
1841
35
626
333
197
125
12
90
50
33
34
86
20
52
106
426
9
383
16
443
388
209
525
476
30
267
140
319
87
489
143
17
1082
452
705
105
338
1
44
346
66
108
226
211
160
297
150
144
2259
256
560
24
611
14
807
1
1
134
64
1176
20
1477
644
125
996
198
75
149
581
56
425
127
25
486
46
97
946
25
666
290
27
1096
28
19
80
60
135
248
50
454
99
733
20
112
3
5
237
33
40
91
812
189
571
847
19
185
75
954
51
1
227
8
274
376
274
115
758
324
59
305
222
175
359
172
125
115
137
190
125
316
316
233
115
127
939
241
299
67
122
174
72
5931
922
762
71
333
275
115
487
474
828
100
148
200
202
640
11
450
138
263
22
10
228
266
378
80
109
400
337
54
1478
2
497
53
158
124
18
174
111
40
157
583
30
282
378
17
668
77
96
539
24
502
24
646
279
51
23
4
181
244
142
2561
94
342
85
141
398
442
510
586
37
463
774
24
218
1256
291
19
19
65
19
209
214
5
200
111
251
113
32
36
1
1653
103
543
114
125
3
255
49
46
16
240
178
547
172
45
112
93
79
47
854
599
389
425
181
45
705
1
30
70
9
27
272
95
14
605
28
120
1988
210
231
180
3467
225
344
47
18
59
880
37
410
719
33
388
139
433
136
311
124
1
78
660
504
665
30
646
209
290
660
4613
117
56
378
51
537
72
21
135
370
1064
30
47
61
132
425
57
42
220
949
97
39
109
119
33
55
8
185
195
12
220
84
176
351
286
4
15
208
160
245
248
67
146
61
58
592
488
435
287
391
9
24
1702
499
172
143
130
201
690
302
487
203
372
113
1
16
256
16
236
93
233
126
263
340
509
27
149
161
20
290
224
43
198
178
66
317
147
898
9
174
857
38
387
52
173
125
83
562
106
33
4
224
2822
35
52
42
182
686
467
21
109
129
153
239
266
7
188
305
135
18
197
424
229
129
67
8
178
94
1219
231
339
381
180
20
37
42
98
483
666
306
305
50
1353
818
175
51
1325
407
30
335
207
307
450
125
69
178
264
687
369
19
260
294
257
1326
61
139
34
464
143
512
11
57
13
26
108
27
319
262
164
367
569
847
428
284
171
303
24
444
606
371
129
170
219
144
156
11
91
791
889
45
292
727
190
395
97
180
303
751
317
851
117
617
1011
669
113
28
278
430
91
41
60
598
40
225
21
110
572
5
651
276
43
411
59
295
50
93
671
814
941
8
159
21
736
492
26
48
30
343
8
353
48
154
505
2
396
388
281
900
65
135
516
34
1008
54
44
570
913
140
107
94
144
458
51
29
149
184
4
19
370
260
581
15
891
56
30
426
19
1
358
15
31
234
174
72
415
7
245
300
293
446
261
419
523
187
149
60
188
23
67
1159
72
34
423
15
2
417
222
133
17
76
18
126
234
160
240
103
690
44
621
28
57
178
330
149
10
224
213
63
35
221
60
1653
111
360
71
394
235
740
23
59
28
53
1060
234
38
87
543
301
18
19
302
172
314
116
25
13
136
1
241
767
51
88
44
470
40
487
432
68
159
528
276
79
60
102
295
105
163
57
15
291
4
1
172
16
43
15
15
421
56
252
112
8
2391
783
27
2
248
1
125
314
56
13
51
302
5
638
27
113
662
124
757
240
4086
183
70
257
4
66
210
36
1555
163
788
23
262
1505
100
33
33
161
842
78
216
62
133
207
8
15
11
96
22
219
115
241
3
21
584
369
47
727
425
334
498
20
281
16
3
210
49
337
96
126
425
660
20
38
16
678
114
56
426
3
17
1308
529
39
193
49
122
182
876
162
3
44
49
663
454
30
146
221
411
334
446
383
200
376
418
90
30
274
88
104
384
622
1272
850
221
231
461
105
11
21
13
236
1316
56
5
90
713
75
554
54
278
73
892
34
366
13
705
415
50
462
21
55
594
232
444
1448
995
31
737
359
110
95
782
928
29
17
16
490
14
163
92
645
309
6
97
276
504
15
110
29
66
44
418
1
67
88
1196
26
159
372
13
24
179
26
365
344
32
153
144
13
46
548
935
15
53
60
181
52
233
75
57
52
851
54
23
1
51
63
465
176
155
214
319
295
262
233
1255
115
407
42
594
1185
16
333
5
30
659
122
26
67
289
21
283
31
318
452
25
141
31
370
102
215
30
57
479
127
301
48
20
252
1
93
504
62
477
169
2199
245
39
547
14
179
104
65
214
264
522
120
107
298
63
702
524
29
583
91
550
84
897
10
1
20
167
59
90
201
79
294
67
363
8
2
274
727
70
58
68
463
199
387
397
679
143
564
3572
25
669
2
1268
409
451
258
48
219
238
695
22
26
169
198
76
616
380
1
374
1177
107
376
31
550
606
526
739
626
106
117
343
54
1
100
366
72
40
47
76
434
219
4
221
2
968
66
8
803
105
109
256
836
88
7
56
91
83
584
37
830
32
30
53
560
87
287
32
381
311
50
480
110
117
78
325
24
727
20
41
174
1587
295
842
107
613
457
143
207
89
66
1501
114
79
105
307
155
695
1
1
228
643
683
13
564
535
237
584
72
34
25
483
362
43
886
145
617
33
23
12
307
831
552
70
152
49
16
700
501
194
464
614
520
645
34
107
130
97
90
22
24
1
534
133
496
126
103
706
157
75
838
53
44
666
77
117
433
404
55
330
106
262
32
52
1
923
227
30
3
174
22
22
544
519
205
566
57
38
381
461
1136
47
622
579
387
50
654
243
4
115
174
367
52
850
105
313
317
32
286
619
60
256
408
112
18
27
139
667
90
746
81
21
330
25
490
69
64
259
49
10
116
68
78
1
412
103
32
144
58
157
28
180
260
248
266
296
29
45
27
1896
41
229
924
89
563
1332
141
1
22
1
98
214
15
12
70
44
70
35
88
283
8
148
2
56
180
200
20
77
68
217
310
451
9
267
30
80
68
329
282
341
1148
472
250
16
33
18
9
44
71
17
13
1497
1
60
446
112
38
304
216
12
23
43
142
472
38
274
168
294
67
35
286
81
23
111
114
72
451
250
338
1031
103
80
620
37
130
317
523
20
701
612
106
767
115
94
250
21
84
181
26
170
40
496
183
18
43
64
60
51
290
480
189
85
233
230
146
133
57
178
282
17
93
915
343
154
1062
314
533
64
50
201
213
401
347
37
642
255
9
27
1068
234
702
8
533
485
74
148
85
41
102
119
623
244
5
34
157
615
292
160
29
103
207
11
273
1386
325
5
95
220
160
346
17
253
30
379
65
1206
1514
431
58
217
151
44
15
42
141
221
328
245
69
1159
26
1210
268
23
673
131
1222
557
11
104
640
224
63
595
300
887
32
383
99
1641
142
357
797
409
84
404
29
84
32
4
472
1158
569
844
528
233
311
49
91
65
406
164
1
45
17
51
132
2
49
68
27
25
135
280
101
343
49
315
162
72
482
646
32
1
157
7
4
88
720
86
24
536
20
62
25
419
332
71
41
25
226
331
46
460
246
1013
459
222
330
36
1188
443
4
45
51
502
494
49
142
276
1044
860
70
169
348
651
251
353
1406
29
79
66
18
232
3872
2359
1
531
305
198
56
510
15
5
56
656
512
9
304
119
12
180
127
1445
399
273
2
187
540
1601
19
2022
54
240
276
1
134
625
291
340
43
16
27
87
37
129
72
422
30
30
316
270
19
143
867
953
79
31
171
388
227
328
111
48
46
104
22
64
9
650
785
74
418
303
255
131
18
125
117
82
644
244
22
153
712
56
159
73
61
584
69
628
501
272
151
172
15
819
422
25
19
152
20
415
173
815
1426
95
136
189
453
197
240
175
162
1007
289
719
233
22
117
19
88
13
17
291
14
192
1244
371
248
230
1037
1061
173
238
79
208
71
40
31
363
106
121
440
268
313
2287
67
105
498
395
181
254
17
58
217
106
2
14
251
494
94
16
55
85
62
300
183
124
913
262
702
19
236
592
10
114
167
314
189
110
818
279
50
5
427
355
176
31
582
6
238
122
251
22
112
101
21
76
153
252
501
69
20
107
36
154
166
239
881
38
40
493
64
248
471
156
187
206
145
74
1967
1084
45
62
28
9
26
175
435
301
704
95
714
15
1177
99
78
636
49
150
479
158
25
52
170
180
108
803
88
573
462
275
30
22
12
156
48
16
582
318
56
92
354
47
1
15
147
2
158
433
40
720
25
105
80
90
395
550
96
443
150
103
507
38
1761
22
38
219
297
1090
810
199
415
311
24
131
4
53
16
405
148
34
172
257
631
293
115
379
271
368
107
274
475
69
557
1690
4
5
33
415
30
9
15
82
218
294
410
456
65
55
61
71
157
32
189
123
42
80
82
384
37
114
31
469
158
1226
518
480
452
363
120
5
746
4
18
1
41
413
2
25
17
659
58
563
76
22
228
190
16
19
210
190
922
558
58
42
306
69
732
83
853
114
131
92
73
486
295
182
113
51
131
333
18
50
20
87
300
393
59
484
215
9
140
178
721
19
100
1626
681
298
407
393
252
1480
678
12
137
503
239
58
230
309
376
1368
251
335
21
3
28
66
283
61
265
570
9
500
501
195
139
102
151
11
381
126
448
116
130
245
26
162
1691
317
70
113
336
50
43
457
127
296
349
23
159
155
3
75
244
214
115
329
928
42
80
49
655
426
215
459
18
241
16
54
59
947
338
41
71
943
141
37
378
530
398
1216
316
5
354
147
45
49
539
26
512
305
416
607
24
67
5
435
979
176
115
716
230
67
226
1259
7
28
452
22
346
274
1
