45
26
16
1
16
65
40
16
14
9
2
1
9
38
13
39
58
130
14
61
22
479
17
17
24
22
92
30
4
85
62
3531
3
52
26
32
7
9
17
20
7
29
44
8
47
5
3
5
7
8
23
14
13
1
44
129
45
5
22
1
11
22
118
1
21
21
1
61
20
36
1
466
23
84
54
33
88
104
12
4
236
39
76
23
33
11
9
11
22
14
105
8
37
4
8
7
25
65
31
42
15
55
27
26
1
27
10
273
124
1898
30
20
66
462
10
426
18
84
147
3
167
12
130
4
23
36
35
27
31
19
186
10
42
3
17
1
33
182
2
203
33
13
40
86
419
9
20
72
10
28
2
26
37
55
298
22
27
70
64
29
2
15
42
38
3
1571
1074
2
393
16
98
18
22
67
49
19
26
7
28
32
6
21
27
56
44
1184
13
75
42
46
1
16
7
19
24
6
19
7
5
8
12
27
29
31
10
4
16
22
59
12
30
14
34
3
39
9
44
21
4
26
2124
2
74
49
27
109
45
32
51
39
3
1
11
11
51
25
13
11
123
3
54
19
3
81
5
26
69
3
61
54
66
23
46
57
7
4
14
41
25
127
283
17
2
30
19
27
48
47
32
108
145
33
7
6
71
1297
4
35
5
2
1
26
69
8
22
31
12
55
21
59
45
1
33
13
48
18
175
5
25
36
72
23
4
13
2041
21
15
10
43
38
116
23
210
28
34
141
19
694
42
6
90
44
112
352
1
1059
293
960
814
25
25
8
10
36
35
6
6
17
21
23
7
297
28
5
10
76
5
70
35
3
7
216
2
19
5
13
52
787
2
49
120
33
157
4
76
42
38
41
27
38
7
40
79
41
41
8
17
25
80
2
12
322
4
211
15
65
27
106
52
53
37
25
4
28
10
334
44
22
3
21
12
204
39
3
18
64
25
59
82
20
10
7
9
65
544
66
17
101
10
14
17
33
63
640
7
2
33
92
17
141
15
8719
1
50
5
23
17
43
5
21
67
179
16
6
34
44
27
861
51
52
10
46
10
80
28
1
711
76
40
17
21
35
18
114
21
41
116
167
123
24
2
15
15
52
18
356
96
1
97
11
6
1
206
36
33
18
12
23
11
241
34
41
16
7
43
21
21
9
25
11
16
46
91
4
18
19
1
1
1
20
146
90
20
26
56
57
35
56
60
49
41
17
40
36
11
8
232
1
98
62
1
26
69
8
1
33
25
31
2840
60
9
13
51
28
192
18
36
29
85
27
39
67
12
1
806
3
12
15
116
21
20
72
11
15
48
28
41
4
78
3
83
752
23
13
219
33
21
36
46
120
16
33
2
64
152
32
102
74
30
45
16
236
69
52
47
48
13
12
65
30
1
1
43
21
38
33
29
1
3
2406
15
1
50
13
29
8
2
8
1
28
1533
14
65
76
41
11
25
28
56
32
36
36
76
46
42
10
34
21
28
15
71
71
12
177
43
27
71
6
36
1
36
8
28
528
25
2
32
14
35
22
34
120
18
20
37
48
1
19
33
83
33
23
2
19
46
48
22
42
8
661
26
132
241
42
51
4
586
5
10
43
2784
8
18
1
3
2
16
9
12
2
45
9
77
47
55
20
662
9
30
2
25
21
13
6
83
9
20
26
43
49
13
24
139
15
25
13
62
15
461
35
3
1
61
19
16
17
17
79
9
29
66
99
1
54
199
67
6
28
236
5
147
81
6
1529
71
4
28
14
35
6
79
11
108
3
27
48
9
15
10
1
41
118
46
68
10
36
23
31
5
585
1
96
13
82
29
2
16
1
113
51
14
2
5
118
6
26
21
8
600
21
38
26
57
48
7
5
15
17
121
26
11
38
5
37
37
43
26
32
23
22
36
5
19
1
9
17
111
4
2
59
6
10
12
21
196
6
28
19
20
28
27
48
2
8
13
14
4
15
10
27
40
34
50
88
48
35
11
33
11
18
117
2
104
105
47
41
34
5
3
109
170
23
934
63
173
58
22
3
51
9
98
29
57
13
24
46
48
971
77
34
3
57
73
35
25
35
3
35
67
25
7
35
6
18
13
44
2
25
79
15
18
209
34
12
51
50
20
32
2
1
559
2
3
34
32
29
19
35
91
4
4
3
41
66
3
17
1
1506
25
45
44
304
77
42
4
1
39
57
57
12
23
21
4
25
7
22
73
75
15
42
2
26
1
44
21
184
27
10
3898
23
75
6
3
91
34
103
30
8
30
27
69
1
6
305
100
162
51
27
15
17
10
6
1
48
43
10
286
39
332
73
37
64
1
81
18
121
53
5
51
1
3
3
32
75
53
26
13
1
6
71
425
14
16
11
86
1
5
26
21
1
