2
2
255
6
4874
142
334
462
3
8
210
26
153
170
13
97
87
2607
1
2035
65
24
388
216
1
6
2487
4441
728
3
14
1
494
7
567
253
32
4
8
65
1959
686
9
3
4
51
216
165
629
101
185
432
582
1
13
64
66
2
1569
739
192
42
621
119
140
141
257
14
210
267
97
28
95
2048
5312
45
209
176
166
145
127
9
5916
16
15
88
480
14
4
3651
1
42
163
59
338
49
19
172
152
411
39
359
304
621
342
6
14
807
1304
706
277
1417
44
9
229
69
271
22
6855
217
38
1
338
8
629
6
1
24
314
29
290
551
141
38
30
3
240
9
1
166
2461
748
2363
257
68
26
5
4
725
6
789
12
230
1289
16859
753
39719
63
3420
8753
170
58
6409
13420
199
2
1
75
269
5166
3141
342
77
363
9862
77
529
19
350
591
267
368
281
1412
7
1084
204
27966
5259
261
74
265
11
117
261
172
779
507
102
71
257
45
18878
15
8
278
1591
2948
227
3075
396
527
251
89
4633
284
1293
27
3696
390
1543
11534
191
1
3130
13
3251
834
255
117
6779
255
203
39
155
200
3
1347
8
9
100
130
250
145
24
27
3347
20608
148
16
361
396
108
57
698
742
734
1
237
2401
2608
30
2679
758
4910
197
84
1052
1
10
190
280
675
29
1
8
20
300
7
286
1
1598
1635
594
122
569
25
440
26
35
49
121
9
7175
6249
202
1
230
57
4
172
164
897
167
154
33
10
13
73
1028
6
68
301
89
93
21
329
211
290
4823
40
57
84
252
428
2082
15
232
217
61
2845
1
144
126
77
86
878
281
140
470
60
5
772
1167
102
442
4703
13
334
122
110
121
619
20
158
1010
271
163
43
43
249
211
946
268
86
6271
832
159
37
1094
643
71
323
50
9478
384
201
689
16613
66
32
61
9
9
4428
16
187
122
183
451
19
3834
119
7
21
85
33
1966
180
405
3118
6
1
59
769
23
110
16579
2
27
21
1397
9
9
16
47
6
94
1
257
30
101
84
145
2786
863
264
98
208
178
905
1
71
39
2532
98
961
14
31
1182
4133
87
1700
4
2205
85
3348
40
377
276
626
23
354
2682
85
5
215
121
70
2388
4333
4
4943
22
38
951
181
111
206
2100
2591
1
288
155
109
55
234
150
62
178
7
173
4193
28
83
50
336
205
15
1
159
47
472
2110
88
602
33
22
1029
7
1
487
24
295
189
54
197
11395
76
2028
302
2042
4
52
109
160
1
13
8
3045
268
2
188
150
207
611
17
6008
85
439
1
256
2696
8723
532
87
2
58
984
14121
70
178
120
1
422
22
1887
9769
5
26
1172
2
451
127
5
1
5299
200
31
189
490
16
41
846
765
22
12
18
210
93
124
1
1
84
233
7424
1802
351
5088
25
1332
102
1078
426
126
202
23
12
109
493
291
2
1134
417
304
481
2175
25
6111
6720
238
494
1
4808
766
176
83
3892
113
3512
1
137
2818
75
49
493
225
194
140
52
256
180
11
383
415
221
178
848
1782
184
104
33
1
20
842
118
713
44
22
212
4
109
15
260
688
5
30
87
2248
4354
751
375
3679
57
1585
953
3901
403
19
134
35
9440
45
1718
147
180
2312
378
82
1026
59
63
7
122
5427
299
2986
6717
252
472
1006
231
142
29
681
237
121
2
2
141
22
10
183
905
915
312
182
5863
1
325
200
28
645
185
219
3553
8
1197
5459
98
3287
546
52
149
270
3562
212
184
851
1
720
547
122
406
276
149
1494
1467
127
1255
1265
172
2
165
19
13955
34
89
170
125
30
109
91
114
40
3884
82
3330
4127
35
175
27
20188
96
14444
885
170
1225
1187
14514
260
560
135
141
4
226
170
70
18
982
222
797
47
1215
100
95
240
1562
2791
1665
48
537
4
1936
153
7932
34
56
50
290
9
44
304
924
604
492
1178
309
10
134
274
2117
3315
442
65
194
207
530
217
23
11
63
13113
134
231
94
21
122
113
229
11674
2475
1525
281
4700
52
90
2860
2543
609
69
39
222
155
644
3974
1
90
129
169
3683
781
25
592
5236
1919
1284
14
52
1101
316
91
619
30
250
40
271
85
52
189
315
195
1
189
495
319
53
2729
57
522
8
1745
45
132
76
62
1538
399
868
23
46
96
195
167
42
12054
196
37
947
797
308
5
2046
1322
458
388
370
420
69
100
3546
21
215
23380
5062
5460
1420
278
600
86
175
4357
201
1
1726
30
6349
94424
187
10
1816
651
230
578
17
241
339
1
13
45
199
450
47
12
143
10
124
25
476
28
14372
273
1117
237
127
199
22
315
34
1100
99
357
43
2307
295
13
1647
176
1
944
9295
161
78
20
2747
811
8
239
2
173
144
301
413
729
17
2126
106
38
969
8300
1938
25
39
23
109
504
23
205
2534
2366
569
1
819
106
153
252
67
354
2
218
158
122
1989
86
1321
5492
10494
152
9
385
6705
22
355
82
1123
24
4309
4139
1946
518
417
1064
38
184
633
113
62
3411
4
10200
1542
102
169
208
13
2962
6
75
1903
347
1748
1012
70
2003
206
254
691
310
964
702
702
47
1691
376
218
1818
231
1334
129
50
21
167
717
187
554
25135
399
110
719
747
391
64
1747
12
85
197
22
44
185
405
9089
533
3481
15
543
107
20
1
101
6024
6
22
3833
301
1124
366
3748
6646
331
184
706
48
1015
677
168
1259
44323
278
3094
7
380
12656
60
446
254
157
2664
17605
264
592
67
244
323
12
210
209
166
1
2622
29
1441
243
445
10009
126
227
2521
125
81
14841
215
178
460
704
302
1
116
934
239
203
33
678
401
580
4625
37
5
23
23
9
3774
1997
50
111
190
2
2421
922
90
442
1790
69
177
120
23
32
243
3
207
2486
300
146
111
110
7388
2074
472
271
24
16
1118
60
1287
420
971
8786
234
1487
2121
23
891
4374
1
4969
92
835
28
361
105
204
84
46
6
228
315
521
2757
146
504
24
174
70
135
108
217
372
83
595
331
207
347
368
279
65
164
97
4
220
2371
777
8146
7
24
5419
612
614
507
130
332
157
381
6126
108
409
1434
966
146
1802
504
12
4321
23
115
171
97
1
449
243
450
10193
1
106984
4779
175
16372
169
1719
32533
4564
274
71
174
118
3991
2354
61802
7536
1
4032
246
635
17728
600
173
58
34
285
525
4605
87
3631
35
256
413
111
693
4876
207
15
584
321
110
305
3451
93
429
280
3020
1289
339
349
16
8
299
175
262
331
10
121
158
8943
1
1066
219
2687
2296
103
180
42
5098
44
887
326
43
373
24
120
3851
137
20391
795
15
90
48
274
79
574
23
1614
28
3
119
23
165
21
55
777
291
158
475
3859
37
2398
4292
382
289
1123
1
8022
7831
25
184
2011
97
142
9
69
5
1263
50
24
268
101
24
716
36
15
204
42
3
23
9083
37
604
138
11
291
11
1788
18
450
196
28
11
95
1537
411
1466
460
446
2
1118
526
424
101
2083
165
1782
9235
170
39
685
1127
16659
112
142
213
23
62
47
4180
635
26
33
1
244
167
1586
223
351
1046
913
2
86
162
27
320
180
8227
11925
4264
145
270
569
1
1424
8
27
28
1148
3740
282
83
494
567
68
747
466
54
94
87
24
917
125
7
1549
9696
165
107
1015
117
99
7748
269
270
84
48
2407
5999
27
4402
132
3299
72
531
25
9
1969
2
533
84
193
260
26
227
36504
1
167
95
367
3
236
136
39
3347
1
638
834
78
91
216
244
103
1051
26
3
342
450
2
439
186
213
26
2
517
260
1534
75
2869
63
25
198
154
932
36236
823
25
3237
2556
379
103
272
134
3300
38
19
1780
799
66
415
9197
25
974
9512
261
20
51
7842
180
1
2961
47
1531
6574
248
66
45
276
108
2443
975
552
355
701
18
17
1679
543
225
1305
172
34
13
15
1103
10057
2
379
57
77
17
1033
742
20
5579
402
4
105
2336
5
366
197
93
69
235
164
426
1658
8
234
414
3
17
237
224
2229
4616
71
9
144
88
22
587
3491
4
136
154
45
201
350
169
227
192
145
72
21
99
210
14
47
2
1
1587
3186
530
14166
30
696
28
57
11
28
55
1
103
572
133
198
1574
279
6187
77
521
4047
408
746
514
159
79
28
60
195
23
12
873
2
1068
559
519
857
12
61
239
1571
6521
915
386
2035
862
1387
15
59
3179
63
2886
1
8664
252
142
4375
206
1372
475
244
11302
408
534
410
6
2327
75
5125
239
144
2140
48
1396
2136
595
558
22
238
2
1755
1196
420
1089
18
315
287
616
73
4635
403
3
575
486
256
412
83
1452
34
2042
1838
78
202
36
38
192
1927
740
1
14
15
9102
1508
104
17
172
479
199
255
453
164
521
1556
971
10024
16
136
231
7
38
632
11494
17
159
516
135
1158
20
28
295
135
555
175
143
37
10
400
428
148
2
6687
325
58
23
135
166
1302
40
447
37
182
36
450
256
1562
12
102
619
45
506
2
23
630
109
70
338
67
99
938
35
1
287
70
58
426
19940
7
310
274
2896
1635
45
675
14
180
921
261
166
212
21
279
135
95
205
266
26
377
58
1045
1176
27
83
1
186
131
214
1626
3346
145
1693
739
305
249
317
577
7821
4
1929
7
490
505
432
378
1057
84
743
45
293
291
263
64
116
172
143
321
1437
2663
815
54
1
37
83
177
327
31
18
55
112
57
4182
28
10
183
4628
7204
4307
671
12
1490
117
2558
61
133
1
594
202
982
7915
50
1
827
1
64
238
2201
264
1660
510
112
81
1247
104
51
1254
2642
1811
2140
2105
286
50
97
3893
2834
1403
247
2834
32
2432
302
560
35
52
6122
552
14
5680
4333
753
11147
54
67
244
302
1503
11
1893
122
51
8
35
4
39
30048
888
5
456
34
25
2485
7
3778
629
304
802
303
3889
290
377
3404
4
691
80
282
145
4
242
4
48
731
358
791
90
524
15497
494
35
152
1822
1000
732
105
127
1035
12
5
59
939
3213
24
86
61
1254
209
29
5895
1566
87
2647
27
44
1929
553
14
312
83
961
9
237
717
529
154
45
230
164
75
1539
461
1136
34
1539
44
2492
33
464
114
185
2
323
3680
12349
143
66
4657
5191
85
57
502
1075
64
282
5200
50
484
1599
2390
1132
76
193
2
486
503
410
533
8836
353
740
313
12639
16
4975
4152
107
2593
163
590
298
8
23
1
128
1
1332
61
60
12
188
59
42
47
222
2450
473
540
36
224
394
189
1282
50
239
2256
2015
703
55
1076
446
673
54
40
175
241
50
59
877
56
2401
1216
46
7
107
1
43
2
43
468
1751
156
1478
3412
23
25
1261
1392
61
169
143
362
1227
9141
15
1
430
312
60
125
17
3087
2775
3
382
50
2319
5083
2644
116
347
27
626
1223
214
15
56
32
16
53
97
224
5561
878
98
60
1282
64
1
140
833
3
2126
1064
128
384
7913
21
965
62
38
1378
6140
3152
1
3794
251
124
12
269
214
1737
44
40
4128
50
3012
213
224
53
1
129
981
3667
1
6
59
377
1559
1067
843
1
1232
43
463
5225
1190
2009
185
1588
259
84
1
4042
82
250
175
36
138
6125
1927
66
126
1766
110
550
425
123
10
539
1
24
63
1541
1113
2132
460
398
161
1641
870
150
241
857
855
107
100
6414
67
1610
741
36
4015
1734
4
657
221
1486
9
422
16
96
1858
77
36
3443
13
6219
121
39
223
78
72
25
8432
2255
1
147
65
1
422
3072
63
83
64
1855
87
144
242
634
1
173
248
61
8
245
41
3924
425
37
3580
202
62
455
44
317
172
1769
1
212
371
87
19
533
1
1148
1532
827
198
51
418
8302
35
71
14893
174
16
167
4266
89
443
21
58
1790
2381
326
1119
4
4031
1161
290
230
2
2413
93
207
28
500
29
187
3832
742
345
54
389
874
9
47
403
33
2
519
157
148
134
28
881
223
11
12
31
354
1458
2004
251
1374
1014
553
10
475
137
1052
12
347
55
44
346
229
64
2
233
3757
104
598
445
196
85
2899
1413
117
704
750
4532
41
1985
499
724
3813
2964
717
576
1
30
6502
46
24
1611
124
10
509
14
397
1097
406
258
15934
2116
84
181
12
115
1967
604
22
5151
25
267
8
116
116
820
202
495
45
951
312
181
10128
104
16
14
46
4617
6438
206
38
20
215
28
10
1651
2
647
44
17
6
11
41
56
1
66
438
1125
3310
4043
432
297
6
89
23
1922
114
381
2
1345
258
76
197
53
2553
116
196
259
2
374
189
23
2224
56
46
512
103
442
555
7507
199
424
634
384
232
1214
446
208
1262
676
1565
1
7146
7
784
2
202
8844
719
3
2619
1402
7
109
3345
10
128
1
12
12005
16
833
26
113
108
195
871
12463
716
42
85
282
743
430
131
846
227
712
3593
6
82
57
2067
644
3
8
2004
243
86
291
950
5700
16
2052
2561
531
327
3514
24
2
159
21
3220
187
51
19
4
322
2169
7
79
610
10
681
293
133
8587
2563
450
4
242
466
12
46
503
592
420
242
220
47
27
204
52
72
271
5963
10764
2
460
76
921
33515
945
1726
2305
4
210
3170
184
203
131
1756
3532
1125
3564
2
783
2245
94
189
5
1674
2305
211
2097
124
970
59
24
1710
426
1134
1011
3312
970
459
1463
75
365
798
243
259
75
290
115
285
175
3367
577
301
413
269
22
222
8491
23
655
64
411
29
141
5480
28
347
1654
340
864
220
37
8638
23006
5841
52
40
543
26
4694
448
701
1044
26
144
193
700
3
35
2519
2068
282
34
3121
329
11767
1
12
182
361
431
114
761
1377
126
5749
7
25
7470
403
3482
36944
4927
63
331
11
407
278
1
81
4
13
3252
21
6921
1970
2897
173
4
480
4
488
4364
423
148
104
1
204
643
433
203
41
45
276
343
104
228
96
811
167
91
1
6913
84
7230
15
967
375
223
8729
498
383
120
1
603
832
222
6329
3289
2096
1455
205
638
2791
6
300
48
143
337
96
1178
1712
2431
262
5400
50
2
98
112
64
180
16506
28
9
235
407
743
30
360
724
35
185
466
178
11
57
280
1
1
163
40
486
797
649
103
248
165
1215
148
412
86
26
1507
72
307
10
931
12
58
44
431
1
398
89
931
8985
2
145
14
212
2515
1902
224
9
427
120
19
1893
6
206
135
80
348
305
44
1055
85
3
1066
6721
325
1534
53
5292
1603
428
92
27
538
12830
64
3137
1
4
1
640
1640
224
197
14
202
1
88
19312
360
5
1580
598
9
3352
117
934
812
931
51
684
577
953
19
345
73
92
30
212
245
182
580
1095
22
1108
25
213
1
789
4162
4189
226
199
482
310
6941
161
97
19
260
24594
6
23
869
18599
7
167
1499
1956
48
4906
7293
1088
209
303
5739
86
684
92
1074
191
3262
14
2
1007
20
296
206
1300
4744
20
163
125
980
1
6111
101
1300
1172
458
905
87
695
2794
68
55
356
962
3
123
485
217
13
153
8011
9028
137
42
27
17
14218
4723
1322
3
352
3458
1
1440
1
9
16
1
1
382
279
32
703
39
113
23
245
5009
216
46280
17
2954
98
4546
37
269
461
155
27
153
1106
57
153
5619
1230
141016
514
256
2832
78
161
252
35
755
8164
196
4416
349
43
266
15106
57
529
4073
208
788
5
28095
67
35
1570
339
385
12721
13
166
57
280
19
20
1377
197
251
36
98
142
32
138
68
48
5
195
54
1635
2
638
3926
4328
27
4565
6611
167
32
175
928
10234
905
317
860
693
83
194
194
21791
170
6619
110
1294
359
63
441
84
543
127
7
24
553
2602
131
1215
764
45
7703
1
901
272
1
3453
203
24
240
1633
626
106
401
5544
1
139
1
1
773
19609
12931
235
58
1153
251
16
1281
104
463
130
2320
58
36
217
308
98
626
5086
619
332
76
3408
793
224
1190
9
21
5419
3363
728
175
145
196
16
1280
52
363
72
117
11
3577
1363
300
8990
42
50
24
2180
1617
21
11
23
32
209
123
61
203
368
104
1693
343
1634
190
735
258
661
1656
34
3
829
88685
496
685
180
150
1084
268
1202
123
231
1605
57
16405
4056
27356
111
7
327
37
1119
68
114
2033
16
1921
18
7
1073
795
200
53
1679
129
7
63
212
838
3813
76
183
222
18531
1561
5
2154
922
50
215
549
725
56
50
125
243
624
570
117
699
539
705
867
37
1210
327
343
36
3991
219
14783
3
695
1635
2897
42
2800
1
138
10293
1370
1760
293
4125
3650
3036
1
35
30
83
147
8
99
1733
803
88
1
141
8478
225
7607
896
1
804
281
6923
3741
1357
3501
1011
2439
22
1936
177
24
100
242
2504
3879
221
273
513
437
47
33
140
1299
4781
24
1
13904
1
96
143
10
2726
279
453
4294
363
169
355
265
72
9435
3444
73
24
11148
507
104
287
230
190
17936
162
6
1
2064
794
1362
1982
1038
678
35
2
1527
56
29
92
199
9339
56
1701
1029
3388
5
417
178
365
11022
10815
664
497
2
149
12
107
7
48
15
5389
516
49
96
56
4
676
5198
2
159
11082
45
19025
449
1993
179
3128
171
108
167
550
4
68
219
40
4577
837
6571
31
296
425
4
904
2
1
139
1325
5137
2455
8
92
1380
176
273
2227
887
1
830
75
5
3
96
10
1268
665
358
1360
63
108
5051
83
138
271
148
47
422
86
2445
86
578
9339
1
238
572
8
7
2201
2
282
4319
16
132
25
492
986
419
633
11647
2511
62
421
1407
943
797
505
818
143
216
2445
68
1
1639
388
95
215
537
16226
44
379
26
1486
809
668
250
424
58
325
5125
4372
729
826
549
304
1
71
51
19
209
1386
4
55
880
414
67
176
169
21
113
1
1
143
399
242
35
10
1896
45
49
7
254
174
224
12614
204
262
2936
2161
6941
125
1783
51
1022
5178
11
23457
61
349
769
45
510
45
186
91
8760
373
424
58
435
176
6089
394
25
2675
334
225
4844
7
1
6817
177
5464
13417
223
356
290
147
71
344
600
4
479
1274
270
66
6183
243
20762
5339
1441
187
4531
11790
817
38
87
5
1404
73
59
5372
204
216
680
169
59
10
41
1
1221
1474
30
198
1129
62
48
219
19
12
22
103
121
144
203
177
4
243
2708
1
138
236
1547
144
64
759
38
333
1452
479
935
61
173
6383
5824
98
3687
1889
73
1747
1
25
21318
3740
151
233
2574
1336
2650
2
457
149
111
88
69
118
26
78
1
707
280
98
154
175
2740
1770
184
11124
154
89
27
7
174
1
8769
322
38
4474
262
45
266
13
25
22
501
3336
236
11238
3059
1404
41
6136
8264
7
21
1
3510
3533
401
703
1980
365
5924
97
7
432
1792
359
5301
14547
28
107
3913
14
209
222
23
419
33
2244
9
189
10721
7267
2
412
1470
98
309
162
64
2960
244
1721
196
285
2434
5
17590
197
2733
101
173
331
61
411
5
63
340
347
1
12596
183
20
251
248
11
93
37
3185
188
165
23
4
4
170
556
7370
740
3
113
161
565
5487
4518
31
8144
89
891
229
43
1
526
466
66
9377
220
239
243
44
62
8657
203
8872
3574
158
7
250
46
1150
49
15584
31
75
1004
240
3293
5163
171
3786
1985
1333
12658
101
2723
605
15578
41
1417
116
7
193
2268
435
2
410
434
189
7207
242
8259
221
430
6
51
152
3092
24
13
282
5
2994
1249
4
2592
264
367
25
1
56
489
626
379
306
234
144
1
18
132
31
833
35
1599
34
718
977
288
3523
2
1397
8
1654
1028
126
157
58
1
72
4
503
2219
1638
372
316
245
96
192
1420
2716
1
2627
2828
2
76
128
313
547
183
184
22
837
494
833
2843
776
201
6416
11091
2579
18956
5855
1996
4762
182
254
1335
93
38
2
57
122
133
1
186
498
1016
144
30
83
15
944
475
6554
3819
27
81
493
42
223
34
868
25
71
3337
300
930
1
544
331
41
141
97
1662
266
386
2073
83
365
341
1532
20
232
4623
117
75
105
121
1126
1767
3595
133
21
1687
353
123
3
5428
1
2604
750
238
7091
2554
459
192
202
218
28
1348
13
100
685
40
3673
753
42
252
169
4424
1279
139
161
7919
80
95
26
326
2416
694
1087
5
5588
15
1
95
83
921
3
24
1441
1
960
1179
1249
6
3813
121
12
929
201
584
366
1373
2372
8
307
6323
720
18749
2211
63
59
77
57
5667
7672
335
351
968
302
87
8
365
42
52
1630
15
584
1967
38553
1564
307
246
346
443
472
12705
940
59
1464
238
48
15
389
238
137
2668
22
3056
1989
12921
131
266
212
14790
349
12311
15
54
21
403
469
7116
3171
210
432
474
176
77
98
66
181
72
458
132
390
287
8
46
308
22
164
70
126
24
8421
701
969
758
223
359
85
84
29482
306
7
7858
540
392
177
424
56
48
1
13224
125
28
1697
23
1
216
1673
43
1516
572
43
78
4715
290
216
48
939
112
17
1311
30750
259
359
10175
14
52
288
562
25
323
588
575
220
23
164
397
695
62
164
6
481
596
5417
902
270
365
830
148
209
456
2306
1009
3688
135
319
14
4
574
10181
181
78
300
275
76
4
170
883
1720
27
120
2957
377
2598
221
1
24
1
502
222
568
32
543
13178
359
1042
13317
27404
31
701
876
5029
133
394
229
2867
19032
989
492
436
246
6914
1814
141
5009
104
443
623
2800
4278
195
703
610
728
332
347
1627
18
7923
449
422
1717
266
32
199
78
567
101
12847
4
234
69
284
241
10
165
649
118
47
38046
1
1267
253
7292
356
783
246
5
23977
11
32
26
670
1394
2410
6534
39
349
78
503
67601
6376
1385
46
953
1
25
46
1252
8493
886
97
613
9
73
316
379
888
418
225
1163
36
50
31
215
2657
21
647
16313
141
2077
1142
3
192
1133
148
472
26
259
317
5036
15
2129
53
595
113
94
80
118
27
1814
182
61
82
44
696
1592
15837
8008
1100
8898
222
37
1293
73
2072
17
2888
29
445
236
344
2
213
8
358
244
45
322
43
146
713
452
288
2326
10
590
187
1041
2719
344
2758
1324
363
262
13
701
19178
336
8596
614
1599
141
253
3473
1658
158
123
135
2551
1733
694
25
1372
16
185
100
13
148
63
172
1772
1042
293
299
89
1
145
327
961
398
263
71
1776
189
5
117
720
368
168
165
333
351
168
502
17
2
2827
401
8073
70
266
4721
374
6
23
242
6
470
735
106
1043
1992
456
3019
366
112
1693
6
2479
2823
430
419
75
221
22
93
76
1577
551
1
81
22
12
1
415
7477
38
6
78
10
60
9931
672
8663
701
82
82
43
3257
63
99
232
60
768
170
125
127
922
15468
4
966
5413
498
2538
730
891
831
591
347
2248
116
1080
118
1557
43
3225
40
25
11
49
19
483
6515
49
36
47
10
206
10
261
90
241
244
5
682
176
10656
699
2233
217
297
57
57
248
407
280
7
107
206
1668
317
331
243
25
8245
167
106
589
2
2
1159
1876
66
333
215
553
652
634
8508
5035
44
609
67
92
654
637
83
1109
143
3710
1115
3
581
77
441
3152
62
537
1946
33
218
675
41
1915
374
306
139
1
411
43
1636
53
200
852
177
32
500
412
1444
1529
66
15
2793
333
147
538
156
137
87
151
1888
189
762
3
2420
171
269
42
165
14
171
17086
486
7007
1343
425
3245
2
4
221
185
1
112
27
19
858
293
8
1
527
379
1784
259
553
272
2237
208
11
798
1230
1587
248
140
242
433
4730
27
1099
157
452
205
28
288
543
22
1139
23
16
477
279
195
85
97
354
41
36
102
116
80
220
696
325
371
19
166
30
35
1
2
12609
35
342
1271
4687
202
250
148
100
9298
196
80
4363
1138
17
64
361
19
726
210
20
2762
1
62
527
835
205
33
38
145
7
377
5887
32
100
417
21
200
312
460
139
741
422
4883
2
82
314
259
1126
159
29
21
363
19
8
7321
312
68
5
420
296
310
40
3
173
108
43
1126
1438
5
474
39
476
85
1768
1624
7
7775
288
31
431
50
10
227
439
835
150
104
155
16
16
5
238
55
64
4
15
137
219
352
115
2812
21
1
97
34
10
2645
180
9
224
2189
275
14448
2235
9
2083
753
193
854
176
78
414
188
177
741
216
215
149
161
5
446
8667
307
51
983
4153
61
595
7624
252
31
31
464
305
1005
1115
217
82
453
2046
162
6026
537
2181
108
81
36
2705
23
1493
80
512
52
18015
5
26
4188
11
205
143
230
154
210
13
48
6
19
200
87
14
4280
2264
3794
371
171
175
876
463
182
32
597
800
2882
198
377
16041
1090
418
39
226
265
1037
126
1730
504
1048
106
327
685
181
305
584
77
2
157
1
20
345
132
6
7
138
197
167
266
594
20
1702
1
2293
378
3
121
130
409
121
63
74
11758
3310
1
107
2046
5131
2665
177
95
197
16096
263
2
554
2978
100
4366
1480
1157
9480
4559
1386
1260
244
191
281
640
9
341
271
3410
66
207
73
451
847
29
268
1
28
1057
238
1207
12
129
1381
1
227
322
1889
106
118
6
109
57
253
361
6022
141
1408
568
490
8078
102
131
293
177
1774
533
221
1878
9517
540
4148
351
233
806
4903
328
16
30
10
34
5
148
8179
56
2094
164
2406
1171
1429
2480
39
31
428
6
183
4578
1212
170
3215
69
17
6422
224
1914
288
1
175
40
93
625
186
207
97
1
53
7
63
14
352
29
417
23
85
239
1637
894
287
82
445
53
17
140
108
3
1091
1011
393
5
335
191
20
1
5625
53
122
4569
1766
4660
40
153
1497
378
130
3731
30
173
398
286
174
269
128
461
1672
12
1949
5601
455
23
30
7751
5
84
8018
171
16
112
324
1
41
2
298
15
482
162
66
8427
195
34
153
175
9
31628
134
2069
2831
824
106
223
6836
204
295
35580
209
305
37
100
342
7964
13
863
1557
4116
188
402
1061
86
132
72
6354
552
192
893
37
257
106
301
61
18
1
73
469
213
2507
1401
1161
2434
181
317
1853
5608
293
4184
2188
135
256
34
255
16
310
389
21
328
26
283
406
13
370
47
1
109
155
627
1282
7121
2456
873
23806
328
516
409
117
4718
71
3
9856
1730
83
77
1818
435
234
18
318
141
30
390
128
50
32
61
26147
7222
1
18
1243
22519
959
94
2784
3
1982
122
167
14
1
41
32
389
1602
419
203
1527
189
263
6945
1142
110
104
456
200
165
50
519
320
2627
194
210
2449
735
246
385
103
1
379
1882
325
186
573
48
202
1152
242
215
3264
543
780
68
209
125
845
11
12660
2032
211
180
305
97
49
76
10547
244
1484
240
660
4
960
29
4
1070
1286
87
1208
11883
516
513
1
3890
31
54
263
21
12
252
26
96
193
2
328
148
108
2214
923
4589
26
68
21
293
1233
12
186
10
256
24
3791
1580
1043
195
71
16
319
614
115
195
174
23
744
470
2384
512
213
1238
35
79
28
79
17
15
192
19
7847
174
2284
83
1193
123
11120
1210
206
19168
143
55
142
2
73
17204
480
3218
11169
4
336
17
1431
1420
4931
83
12
19
450
791
146
213
799
831
56
282
2
5
281
242
198
234
148
186
379
275
104
2373
14
173
6
382
198
2295
7
644
207
278
1
105
35
83
116
310
1041
374
2
131
163
2797
8
33
3251
130
2340
95
882
19
6475
26
4677
370
301
651
96
38
190
1596
3
672
510
194
26
1510
532
19
289
8336
508
1460
172
390
288
3128
326
306
163
69
49
259
3806
2715
918
525
241
249
22
780
411
10167
47
151
6394
1754
3499
7535
3
187
132
2556
1585
117
1
245
62
205
15
19515
611
367
20873
123
21
1
4381
18
756
6
1073
4
50
55
14683
287
1
26400
222
226
340
346
1890
6
1213
1581
102
38
767
577
13164
69
154
215
780
581
165
1510
63
164
907
3697
19
1636
752
1103
1557
15668
415
40
2314
1401
4
447
106
39
81
1041
221
665
321
1734
501
11255
561
38
18
286
2838
1995
54
897
17
576
2
4912
176
673
7
3952
815
3388
5607
203
9
78
671
256
83
100
85
1464
4
38
475
83
229
13
6740
1
83
718
119
1
1
4648
252
134
83
154
357
3
717
362
24
1713
229
40
651
8
276
64
192
27
5330
49
204
3254
6
211
5823
11
128
554
1637
6299
22
4
190
105
297
15
145
445
222
82
2439
223
259
165
579
293
356
1
1
2702
8063
73
170
74
122
2774
3656
8250
50
23
67
15
1820
251
10
4
869
11494
15
396
582
1
896
52
115
182
1195
6
51
360
257
364
103
3105
405
158
42
470
493
248
176
37
1356
4618
27
15
290
1039
213
3
2813
108
5127
103
305
151
1693
150
62
1115
8
15
45
15451
79
4
12797
1008
138
1435
330
6
7974
871
234
24
249
357
153
1277
1
171
1
19
180
8
2766
197
46
342
648
178
12
1364
83
170
87
171
2
7
118
39
535
123
1819
247
30
3034
3765
182
1481
391
415
156
546
196
174
8118
134
66
201
284
573
3
2261
49
1061
99
326
2568
1087
483
1209
614
38
1104
4997
2
346
64
258
2542
151
34
3166
85
169
52
203
81
101
1112
5091
14
223
297
61
1
1673
4294
2002
52
19
190
884
5359
608
634
2658
497
422
23
677
406
2431
204
29
170
55
477
9976
80
1160
188
215
156
91
288
216
15
14
790
20
3516
831
42
561
1
22
714
206
1444
1
3
326
49
42
268
566
237
94
284
971
33
298
20
219
11
35
308
31
351
102
30
305
185
316
95
368
2
580
307
264
680
61
5654
655
173
2
3
5882
737
1935
177
22412
762
7
782
1842
1
209
124
45
783
78
15
109
137
7
249
372
465
64
39
390
4257
4827
683
10
3906
612
96
54
587
929
2014
23
142
242
335
303
124
107
3728
9326
21151
4347
116
314
32
39
63
683
3
811
63
568
2024
394
200
1996
156
27
843
326
279
34
5411
14386
139
88
22112
18
3114
2137
8
286
9
2272
25
309
689
374
71
1
2
535
147
3358
6910
385
62
45
102
194
216
1601
183
175
426
9310
458
152
7295
349
226
54
1941
1049
2591
235
74
227
1093
4
639
2087
11
180
465
137
113
1
118
87
506
2
242
95
13576
225
949
6353
7059
120
1117
4506
244
1246
2
16
850
72
333
112
3740
52
4
50
26
23
165
92
618
288
2570
150
93
450
1640
98
190
1
1403
50
226
2
21
18
22
1401
25
6854
3703
96
7312
934
657
79
170
314
1069
202
304
68
433
377
239
7285
323
1047
47
977
835
3
41
1536
151
4
70
409
369
76
855
72
49
500
82
28
130
3
893
851
415
30
307
361
1336
1
2812
2979
2362
93
37
942
212
164
15
1
810
50
3
1338
761
88
261
1088
222
20
336
202
611
16
110
236
989
353
279
260
229
1
54
14
84
519
251
248
179
94
2
2509
80
12
1322
15
6
622
2806
486
349
409
3634
107
52
87
2698
63
32
9414
115
59
27
973
28
244
345
1
1472
104
566
1085
204
647
268
201
424
201
43
37
530
67
9
8304
1893
18
538
223
75
134
48
108
1208
80
35
536
13
3465
9
93
14
62
359
1525
61
6437
32
277
1
13555
11
79
37
198
7053
89
2072
4415
52
237
30
351
17
23
931
2888
446
1421
6851
1807
11
1
5
107
122
361
14
89
219
1
139
1731
1098
3075
999
804
8606
310
7444
124
165
1
119
111
4278
374
43
62
1489
190
44
9829
160
2917
57
67
1386
3518
149
356
65
6889
78
35
1140
7156
296
21759
131
95
234
2
2398
157
250
906
82
4
10
8759
339
4799
235
22
3905
372
8380
16
65
32
4658
276
172
318
281
3799
417
730
113
24
3240
267
3
1394
214
523
13919
155
235
22
31
685
526
79
63
1715
311
498
560
110
174
8
684
1357
40
12
261
1969
425
397
349
9533
7825
3733
3141
210
475
3850
10758
358
979
35
19
53
1399
377
178
4
270
410
1051
154
853
2223
215
102
8488
385
218
815
1055
9500
13
2283
140
298
812
125
1290
167
49
102
206
472
4924
6628
359
93
1469
84
293
4949
206
933
81
4471
1028
77
3715
39
3440
524
307
27
454
176
17
50
274
16
421
676
87
725
106
5
387
426
13534
142
14
3
1080
69
33
746
47
239
446
36
10
2809
124
29
135
7454
382
2221
1843
52
856
41
14
3393
201
3465
492
216
169
2466
1414
349
11
2015
53
100
488
2859
5336
35
161
315
5
395
2
595
236
90
335
8572
1555
45
15
335
1
166
138
107
767
132
662
237
5166
568
174
482
183
28
2168
324
697
323
46
125
143
372
22
387
576
1384
995
516
1036
367
568
87
1313
251
957
735
231
6263
1684
2760
2737
1532
24
773
1880
2
29
170
4836
19
404
109
124
6821
1085
54
174
21
79
326
58
221
215
1410
33
25
1
16
7069
3745
129
67
2595
7
71
783
2115
14
27
6
241
181
51
2914
34
19
4
157
639
3
204
10
944
15484
101
3707
59
3259
285
178
16
5990
379
3884
1
2499
1204
548
81
403
34
386
2566
4
318
15
79
1544
1495
101
1733
100
301
279
220
183
534
2379
114
35
151
949
93
321
224
66
3348
119
1456
295
79
1628
13681
72
691
1071
5
436
135
90
37
1432
24
603
459
1764
5
13
5352
801
95
1451
711
39
1873
709
80
1296
65
69
646
212
76
29
433
3013
33
1
239
1270
2
145
137
1671
562
203
692
695
3556
3
312
21
303
1167
1771
142
125
5165
432
14
3365
2215
532
444
462
3774
1
46
1198
2505
1261
849
610
57
388
171
63
197
353
436
746
109
3497
431
2442
181
59
305
113
486
434
8
8
3
52
1105
1508
244
801
2774
225
3570
5293
697
54
54
1
313
71
36
26
362
352
298
191
809
296
237
2038
137
525
17
8013
247
14
884
145
78
3625
214
84
422
74
2346
661
95
50
28
530
434
71
501
710
1
59
1558
81
8
5724
2220
50
596
2442
63
523
146
78
206
350
5570
1651
7
6
42
163
737
3172
685
928
543
425
91
155
1280
318
561
109
638
5
193
790
8357
789
1012
750
152
415
197
14446
241
2794
114
1421
436
3687
1
110
71
67
86
1059
103
653
181
73
2099
229
482
60
112
2187
20
125
6
248
95
40
19
19
19
31
2245
715
272
71
1150
2357
1421
327
45
2392
16
71
1655
234
19
15
121
81
292
166
22
2814
155
3225
14
212
9425
34
16
64
845
23
60
5521
541
105
527
2007
7179
2030
1608
264
2625
11908
41
29
109
41
127
125
37
485
147
379
299
338
164
14195
407
51
195
26
1170
265
107
988
3
281
263
5855
1823
1354
5
618
14
17
99
225
256
73
15
61
8332
60
1
184
4
244
1728
426
5
31
274
12081
293
1280
318
307
912
1471
108
22
27
490
678
424
2
113
686
2194
241
185
11
1709
266
57
40
54
1034
565
342
269
120
611
127
23
31
5798
718
763
1
7
468
32
1528
1
7655
123
202
205
1275
500
238
203
18
42
1393
219
11
1341
310
1720
48
10
145
272
60
537
1
19
920
109
343
26
2069
4377
306
194
124
3357
4837
449
756
318
44
338
2030
67
158
47
42
1524
350
4923
203
6
40
46
2146
77
97
226
549
4537
425
1
26
54
1
231
74
7701
862
1368
2486
288
1307
3428
504
42
238
156
281
4958
384
176
31
103
179
161
4874
906
3691
1
277
19
3649
1458
206
3
324
2
225
2104
6
41
8450
245
49
614
275
83
2013
9875
6452
12
83
495
50
248
201
383
8356
647
409
19881
106
1
74
511
216
1630
500
5290
2698
42401
18
15
1
334
321
80
211
64
93
26
54
1337
259
255
160
14
133
8
106
72
3
6072
1316
218
90
269
172
43
91
976
158
383
11
664
381
177
11100
11
6
3490
347
74
326
251
464
2319
217
534
16
24
5788
10
26416
24
23
97
285
1654
341
1391
153
158
838
254
254
89
304
419
402
1048
250
10
259
11
274
242
41
388
6686
6
69
1
182
24
90
150
556
5
173
24
135
504
841
1155
57
1
220
367
233
44
153
406
269
263
490
242
3232
356
15
1091
248
300
369
12
243
11
84
586
868
633
5761
124
170
2820
3
16
4349
201
467
199
286
1692
410
294
500
129
557
429
138
38
1121
87
23
1371
667
31
32
935
66
37
204
28
201
361
185
3275
3
189
141
621
134
222
74
21
573
112
160
116
46
130
173
849
2113
2603
4816
163
203
285
21
14
140
1228
48
2
304
1346
15
288
848
68
20
2366
190
139
84
79
6
326
43
132
8694
258
1888
616
791
1
2
269
20
2014
286
32
25714
1
1305
345
506
784
1400
63
318
2784
13
4816
1187
1993
211
635
4961
4594
168
25
1
17
15
1000
932
2959
168
575
71
316
35
610
57
86
180
1
167
56
127
19
10
48
1572
42
637
716
1
1421
42
100
59
1306
158
1
416
53
84
235
38
5
245
616
495
9
177
522
1870
1
1159
277
21
670
14
205
9
155
127
52
1158
68
12
221
357
1280
1
283
40
1604
539
2329
199
311
1167
1801
279
4071
1953
55
259
106
185
144
75
105
175
647
568
97
570
1
32
194
3
3
294
10918
24
205
1446
4750
19
130
177
21
355
1
17
659
87
1
197
1306
221
147
3107
11
99
69
1823
619
2694
43488
775
325
9193
8
913
226
375
180
4882
1
21
18
1
257
1
341
61
235
179
374
23368
159
98
55
72
34
866
172
159
72
191
23
2343
33
27
315
10
5
18
1
212
436
138
176
145
20
1310
309
1372
172
167
183
5
55
514
88
75
1052
4222
625
235
1
449
324
95
250
34
464
41
516
1274
7
365
9
14
119
11
134
1981
115
480
2786
145
9
1
2013
177
160
53
43
45
591
6
2283
19
210
3032
299
1360
531
803
766
2253
733
1770
617
249
6268
6
289
2
19899
335
38
1151
3911
16
7746
759
2265
50
187
91
2871
31
1739
1877
44
218
31
101
58
1705
593
50
2682
1314
30
7583
26
6
1402
10
3346
1
859
5979
1410
7
140
701
1
248
474
36
87
2077
10415
1
4535
201
328
42
625
76
1
1
46
2226
11
110
152
18498
6999
493
66
34
74
755
4333
1733
15
1553
520
422
2718
98
5
309
1198
256
7
170
298
3162
232
18
41
1112
265
23
182
12
534
217
2
764
2549
77
691
1
815
62
73
29
21
127
144
20
1
1
526
487
45
406
167
15
111
11
1
442
1
170
465
3176
814
472
3
471
248
63
1
805
41
215
10
554
4123
307
10
78
818
589
534
672
1127
103
4568
87
842
145
1427
380
1552
616
948
31
4762
1
1288
328
297
1721
2272
412
77
148
635
182
928
161
2235
31
72
14
381
93
1895
788
60
43
5
816
14
15
6
253
688
959
147
10
46
42
2579
8
928
244
387
1
78
78
1662
489
214
3091
243
42
2769
721
989
6
289
136
222
13
171
2331
664
3577
257
224
105
300
39
109
48
1854
1
169
1
71
602
318
2739
353
208
20
777
138
2
4
238
13690
2
28
180
1
1434
660
224
416
8730
2
417
12
73
795
156
136
4
1710
415
104
837
252
5950
2649
634
6523
9
113
8198
8548
131
548
146
188
2796
2808
7
217
170
1
218
227
169
326
248
1
184
1594
97
252
887
178
225
1
313
13
4311
21302
5693
124
408
9735
1451
5593
396
338
104
84
6156
3581
9
7216
11748
60
1327
394
122
445
1438
568
416
39
66
1475
6026
91
849
2989
2
255
196
124
15
333
1469
23
23
4102
203
21512
172
87
6
2159
10694
711
803
109
1302
178
4121
6483
47
19
10
20
39
112
466
309
1191
3216
47
1655
1005
171
2
59
314
6049
1731
303
301
9407
859
389
3421
2398
520
2834
1480
95
67
219
126
95
239
548
495
27
212
28
314
1
354
140
86
1174
257
4124
10
693
99
1508
36
1067
343
519
273
489
123
25
41
44
668
4188
2288
1
3726
75
315
83
1057
4
242
1075
177
393
647
5
171
1529
3022
2534
10256
4
21
108
153
418
692
316
15
120
22
105
346
4820
54
515
321
405
477
257
2300
5929
108
183
425
2485
85
460
4703
48
2240
564
19
1064
31293
2214
152
3280
777
1668
182
57
5517
143
1463
26
1
164
82
242
9384
1347
1
315
8
1172
8
3101
20
837
78
121
333
1102
71
1820
295
14417
308
654
2726
474
610
270
16
35
72
3638
318
25787
8430
160
166
727
43
31
4404
95
106
51
176
36
1128
111
245
863
1186
5
10232
155
289
39
77
165
317
105
304
1831
238
4567
304
341
561
657
56
967
15
111
31
13
106
66
5599
13970
129
474
1155
189
96
11747
4541
25
19
94
476
2180
2149
227
16
292
435
3160
542
203
6
107
144
226
35
352
1775
200
3360
45
370
376
3116
126
232
299
1
169
364
3
696
240
101
17
491
228
651
7217
11
101
511
1694
1928
116
7304
213
2761
272
1973
81
19041
2282
235
216
46
125
1531
798
5082
9
1632
3796
46
40
408
59
3
7807
146
561
13333
124
401
180
1977
187
262
418
180
170
31
267
207
995
924
1648
6266
239
1971
3
243
5305
7431
5
206
67
528
3247
10719
426
3
647
57
186
54
242
2534
4648
3581
96
35
31
9241
1265
39
106
626
1214
109
17
100
1
117
361
504
527
1718
581
1
105
198
171
110
6
146
1309
90
1035
2442
2781
362
928
269
96
410
3677
55
4919
80
2268
28
837
205
272
48
290
174
319
70
3515
261
92
11
278
135
691
63
61
532
1
13
2492
244
1280
52
22
5053
53
440
256
320
98
812
231
278
4996
16747
2478
279
112
1043
2288
3576
365
35
24655
4064
5331
7829
194
373
3134
201
24
1644
74
4
444
3892
31
602
165
20
645
261
299
1
431
501
369
319
13812
437
21
206
488
191
273
240
282
352
1908
9565
73
54
1
199
5
47
1
2
4525
32
770
52
152
193
958
122
40
468
1621
782
214
4888
10590
288
69
3268
54
137
32
1270
44
1735
2747
22
24
112
8
32
24
8911
1
592
1081
186
2021
2899
949
26
14
24
31
51
586
459
24383
191
172
360
37
171
2860
661
14
1
6
113
120
1
1
51
51
5
21
337
82
1346
472
10815
2981
1057
24
458
156
295
38
3550
129
3428
171
2867
772
9644
56
811
10520
545
2519
41
1540
29082
363
170
3494
484
663
678
234
2
13488
2493
15
9
67
12
1330
57
8021
78
6673
296
6
5161
31
558
2
961
6307
2459
59
10530
8838
6952
211
574
329
320
298
197
1
119
11579
916
17
257
195
166
100
38
1032
871
20
30
4
469
6983
3116
589
338
1143
2289
1812
366
110
889
13
1
2535
164
194
31
199
2354
1
337
20
625
712
11
279
4060
832
155
41
147
154
18751
309
2347
513
5970
12881
353
2358
135
4
75
22
73
396
1135
1632
67
352
1585
207
42
108
165
111
184
3
104
92
5095
62
1422
2681
817
1086
1
1692
17
546
571
191
296
631
1300
16
15
341
35
54
6920
10
238
30
301
289
3
34
40
5
3265
29
2
329
114
6861
1
305
1461
3126
17236
4
51
1
1763
3140
1200
24
21
719
540
4
417
59
258
39
4683
4
595
415
3493
2841
1501
3029
22
444
256
8
480
587
3577
36
462
637
308
57
49
1
3762
2728
834
4689
138
7
49
10
85
490
431
33
417
609
235
3
351
63
328
600
114
19
760
129
359
95
197
131
5585
238
154
558
397
304
10439
153
7365
5
775
8061
325
32
773
497
5798
4
89
443
2240
20
36
286
628
165
44
1
113
33
102
1121
542
363
240
778
4996
1297
1
2998
82
128
10
1435
521
103
206
35
130
27
199
4325
197
38
168
872
260
1383
4078
495
16
615
9230
74
149
236
8
369
332
19
3
740
123
413
1004
385
1818
91
4
37
214
1649
23041
36
4112
103
182
728
269
310
2822
150
731
439
106
980
5498
99
105
172
37906
1871
41
104
845
9
2744
600
51
1125
16559
1323
10
8496
127
129
25268
5
199
152
88
3676
18
7
9
49
111
15471
2861
6163
447
67
58
1940
40
29
332
113
1112
343
4
2317
1157
5663
2864
19340
105
2452
82
150
3654
15
2042
177
1317
140
5448
2355
161
839
70
59
1390
274
9197
30721
66
94
2261
247
392
1170
52
190
1717
12
58
3478
1334
3212
166
442
422
43
3
22
22
627
304
11353
26
18
628
246
205
1587
325
164
103
237
1954
37
5644
222
612
55
127
377
10
866
130
270
2759
1817
1105
1191
625
5041
366
1389
37
14
8097
629
4932
43
10638
88
215
14578
1212
1
2
79
160
77
4
10
200
214
33
9
70
444
262
607
1013
2676
3735
233
96
1075
2
40
4371
3055
2862
5
1613
323
36
732
224
186
9
94
71
118
695
956
26
1450
1939
858
1425
141
336
41
189
6
93
2741
31
833
506
118
55
3961
171
48
360
13
1
42
72
293
509
1092
15897
192
4448
787
89
4169
2108
3480
2220
231
334
22
658
1264
103
81
114
208
487
60
22
16186
112
2540
595
1398
1107
3132
18
5306
33044
7367
90
205
34
917
4
127
150
1569
660
267
174
773
210
121
152
329
3156
205
318
1005
225
3445
415
35
2091
440
389
2
2227
127
133
508
18
3903
276
211
4
24
8348
950
59
202
3785
68
1
58
27
192
1987
4143
97
51
307
21
22
6
124
49
77
5419
198
513
199
81
7
139
2415
882
59
16
140
68
713
6
52
9
2862
106
2
500
5
261
4739
1196
20
15
14
32
185
68
244
87
558
37
10
324
128
21
378
22
1383
338
2286
15
333
258
575
42
5
340
253
6
366
7
2194
523
702
36
467
134
240
3
281
28
30
267
79
325
774
74
837
161
75
529
10
19
25
6670
859
81
200
748
8
2
188
2872
37
153
3614
136
1853
23037
237
39
75
18
270
525
344
223
58
3331
417
76
117
16
525
29
6921
149
102
113
4684
4374
7
137
256
476
88
1498
71
140
9
106
30
331
168
1818
3982
9022
517
1040
43
3833
1034
26
64
1
731
54
881
9001
2
1465
6458
381
211
34429
26
25
1371
256
7356
7720
2394
2427
524
3683
4670
61
986
382
1839
777
2220
838
377
228
6092
2881
620
380
154
5
418
8106
44
1
444
79
136
576
4
20
21
47
823
9
1739
4
4
144
2495
47
27
407
257
6900
14
5217
337
403
156
307
31
547
17
416
1314
4342
14
538
396
12
129
86
191
208
803
39931
216
8178
46
443
533
161
514
94
2726
217
189
410
589
7544
1576
1478
617
75
918
184
1764
40
25
153
1648
201
695
1248
2993
36
2
363
251
393
177
18
237
37
2073
795
187
119
33
254
85
123
440
59
3024
130
819
51
65
428
3282
1884
155
319
30
4
172
39
134
3235
4
7592
97
44
1
417
584
23
27102
127
1
274
60
3
92
1925
131
607
1484
1171
42
207
329
2220
6875
258
1422
274
39
176
666
864
142
1084
1293
4779
567
152
537
101
1666
120
2
629
433
31292
46
24
215
296
189
1122
5
5721
341
58
4
479
3157
9
93
13
622
373
375
906
21
39
8073
866
3889
46
335
172
65
58
39
19
359
250
102
15
3
15
261
13
30
2184
189
49
1427
1646
57
460
20
9
63
21
15
177
99
20
244
269
562
130
9
445
447
528
836
210
304
102
495
31
231
1882
19
1174
155
1411
358
22
323
42
235
35
374
16173
7
8
1541
373
3857
52
11896
787
218
277
38
292
352
251
1
17395
822
833
2
12
122
339
2804
103
10
162
488
200
189
97
75
332
55
41
69
105
164
325
467
2772
194
19
1857
290
76
1
19
46
208
1
818
19
82
43
2754
4036
5678
479
730
543
771
3554
158
24
15
18
4102
2
106
8
406
29
47
21
138
153
317
125
3777
953
125
75
1628
1357
96
84
333
91
16
1770
2
126
59
240
12502
1186
162
711
170
144
75
40
2241
4
195
1184
22
4
126
5605
172
1471
106
161
59
61
250
6
46
377
1243
3
322
221
811
182
71
116
3
81
2037
80
210
1868
47
40
6
6
1251
60
1779
592
211
16
477
33
136
156
3
261
209
393
216
390
122
85
135
85
12
2490
214
192
381
124
592
2239
15
183
614
466
310
109
177
1322
381
1543
24
85
206
2
211
282
185
446
3657
641
11
539
151
176
1261
27799
3
1696
250
1323
763
272
13312
427
6
196
575
34
2120
41
4285
13
1
17
34
4281
349
154
135
68
317
10
8122
1229
154
78
61
4182
4178
15
72
90
189
190
3196
1677
2
126
202
339
1
85
38
60
37
1
1545
331
60
480
105
4
1514
3944
2381
2229
339
10787
565
66
105
625
308
1832
1072
2145
9
60
839
191
241
229
11
258
39
242
731
6
26
1236
25
325
58
1025
9
142
85
1114
301
44
99
1544
141
1
1128
490
42
493
46
1712
8
35
224
687
454
10
182
157
919
22
137
94
18
76
948
138
726
212
110
11
32
1572
6547
56
110
17
6927
126
10
2
6846
1471
1209
266
861
175
527
311
990
374
222
912
442
324
104
1146
21
174
1036
745
285
3
208
559
320
38
609
222
4450
46
497
93
9
258
24
145
109
28
56
1494
8099
173
19
84
15622
187
1662
247
364
27
102
2649
980
72
56
207
3623
136
801
164
648
47
7039
30
310
39
380
37
9
29
633
19
2847
851
345
1
5625
851
90
5154
77
128
2063
66
197
1
10070
36
533
4454
1464
885
144
777
61
778
842
927
2437
1379
1613
4711
173
17770
44
269
331
177
186
862
669
4370
3426
627
229
588
375
5784
181
185
159
2950
93
5394
1002
1850
88
4
23
31
98
1209
5536
3329
186
220
727
1038
174
255
779
102
517
928
447
17422
485
397
1543
65
18
21
12
120
3600
4
134
350
3
13
1058
1861
230
614
13
4755
85
110
1594
267
186
1121
725
846
566
120
2503
13
698
61
23
23
27
238
568
115
186
94
5780
29
4251
134
235
186
565
159
147
6175
224
42
635
554
2714
98
51
453
3
146
176
8544
24
503
76
148
3551
251
23
272
10
7253
789
121
331
2397
124
13407
4241
523
49
5597
813
376
1
417
7319
725
1998
1708
5330
965
871
626
134
2
310
838
7921
1537
2389
5890
737
12516
43
527
102
4579
11233
12
7
204
302
199
3626
117
113
27
6579
19
22
514
4
526
28
63
1080
7118
51
2005
2252
10
758
128
694
1300
267
1
326
7
556
1
22
52
140
5203
181
1163
74
179
54
157
3593
3085
541
1290
24
3454
126
181
303
27
11
7533
1325
864
74
366
1591
809
589
403
389
8646
32
1290
960
704
7736
1521
3128
19191
25
670
2
316
11
1
2471
244
468
265
127
13
317
210
96
50
598
1
305
318
1950
3948
162
91
60
1243
6204
156
7
151
693
558
24
31
641
3452
201
817
2468
1175
1791
2080
318
51
5144
64
10
319
4
473
1930
689
1666
417
46
787
280
365
3362
89
17
899
2280
148
1014
543
1936
572
821
1
1049
234
953
26
1013
1531
5
740
42
1
758
73
55
694
70
160
7346
86
84
138
382
23
163
255
10
356
141
104
1870
21
514
309
87
20
527
1
1
76
1401
277
39
1552
166
9331
33
192
189
186
80
42
13
826
538
114
1016
6
13
510
66
404
2790
1130
9
77
918
738
189
3997
1861
1069
1
1313
171
39
1660
870
1
58
519
25
85
225
2083
108
21
728
78
439
36
37
591
260
69
60
29
18
49
1613
43
237
367
65
3007
157
1
1981
215
128
183
932
1
35
2130
100
202
826
5
261
1211
1956
9108
20
67
745
2583
24
460
3
166
421
11
18
270
12
11002
309
20705
326
7
37
39
54
2381
92
63
148
162
145
5
114
192
282
195
374
70
488
666
2
4297
208
382
472
18646
901
173
4961
10
325
312
344
1457
52
301
570
26
320
14
389
86
33
2180
3995
952
12
117
364
1020
29
1
5098
712
45
396
1077
7959
22
936
13
91
2038
1013
2162
167
936
210
11096
69
581
816
134
701
11547
749
879
2978
1852
899
3209
481
2029
96
37
714
558
106
204
81
255
613
546
82
1104
132
2719
46
121
3000
214
76
1803
1274
3312
342
17
84
104
65
444
642
1196
52
4972
3
59
95
2951
227
1204
12416
166
185
8487
91
27
656
29
1188
36
49
6
198
69
29
390
47
3291
1811
5514
31
2
764
766
2610
276
269
189
1079
52
321
619
5966
1620
612
123
3130
2
1359
483
3243
545
562
79
61
639
89
395
69
58
201
73
35
258
119
885
999
32
462
237
26
5732
33
2119
335
768
215
175
347
7
3111
121
11
5919
994
2
1
3575
877
5948
299
2759
145
3745
31
30358
554
3759
324
354
2041
863
104
151
32
114
183
10172
3329
46
124
4072
126
77
141
2556
69
321
3888
5061
26
4308
607
44
132
77
2861
1389
77
491
102
41
431
16
10
120
158
365
79
672
6
58
235
96
90
146
693
20
7033
1049
12
2205
168
140
123
6707
448
60
1906
126
55
96
442
89
172
1662
221
1
7494
143
54
25
39
90
39
8352
113
701
573
214
169
14380
5348
162
8621
1
446
557
117
288
5
171
184
194
241
3319
64
1
716
19
71
16
1619
66
94
55
1099
361
117
2
41
21
9
427
35
222
683
398
99
277
64
2638
95
16
123
79
9
875
2824
16
8111
48
5019
209
18
42
30
2303
80
174
650
184
221
961
27
224
22
134
273
16
42
492
359
1527
1593
7
16
20
1137
88
2967
35
3011
14
677
262
5091
16
216
192
1990
80
80
114
314
96
2269
6
286
113
93
107
116
1208
17
29
952
83
286
812
35
7
544
123
54
283
184
517
12
13
103
30
1294
236
1015
36
84
777
9
185
192
182
36
76
122
123
356
19
28
18
1498
4275
1
485
1108
7114
190
15
55
305
179
409
2
12242
40
193
1625
21
1
191
1041
113
128
350
40
762
31
34
617
201
95
598
140
80
244
44
34
204
221
43
323
198
407
25
152
83
1077
2527
99
1333
142
77
2
656
1114
199
30
1092
242
1
59
126
13
30
232
179
200
1377
172
107
47
17
1004
1012
733
143
595
243
141
60
1047
660
3
564
998
2435
1196
16
1
121
1600
241
1990
5195
18
145
12
370
139
1130
712
982
130
333
197
108
408
63
124
85
20
39
389
221
55
8365
943
271
153
16191
3719
927
42
171
158
84
27
612
323
13
411
3
33
195
38
400
913
930
71
1127
11
2
284
4
14
76
18779
85
402
25
13
569
2299
54
356
199
43
231
306
1074
2188
985
145
105
31
2738
155
7
680
303
77
158
333
2425
868
70
396
6020
258
599
6665
96
262
258
9965
3867
315
1117
971
274
58
1284
6629
168
41
965
788
325
1
6916
111
498
17
3444
27
3
7153
50
2
597
141
308
186
8
439
838
1074
914
1416
62
4
329
1
1433
341
188
310
235
82
31
5739
38
120
650
96
26
1252
214
234
6692
534
10587
162
400
4
378
393
3617
3646
660
135
38
358
810
428
2541
26
20
20
859
2168
879
351
27
104
1181
261
1
333
12366
1848
850
137
1118
220
57
107
331
41
160
282
39
374
13
21882
281
75
4892
40
2049
1664
232
163
5677
1492
213
395
626
211
640
182
25969
72
767
37
2510
267
28
15
439
15
48
1
15
103
670
57
151
91
208
166
5265
24
210
17
46
62
44
105
204
417
29
2012
3230
498
637
1034
150
1
107
50
9
58
354
907
220
2481
186
1057
14
77
117
591
159
215
1189
1661
2025
422
3574
170
232
172
314
130
287
82
31
124
184
152
355
1
34
9672
2095
187
53
785
142
1
119
25
22
1
861
3
48
137
40
180
728
36
25
340
18
84
138
100
8
34573
1625
500
71
945
35
23
1468
319
39
35
388
3624
153
832
1111
160
337
49
333
49
531
65
318
8759
462
117
25
5842
282
362
2307
535
1
283
192
69
156
16
503
11
190
113
770
591
985
1466
387
974
117
3019
15
122
482
225
217
260
232
1838
596
237
2953
354
917
384
19
49
9
1119
1
343
157
219
147
215
76
146
1430
4474
58
5
341
100
175
647
630
193
106
6125
9350
725
68
1661
65
591
12568
6085
111
125
287
957
531
147
745
193
5904
58
1
85
286
3261
110
708
1641
213
16
1015
188
92
375
651
1814
25
76
809
250
26
1
78
503
1
3
1275
149
169
66
11
1618
827
259
17
105
1315
448
392
5188
22
236
406
168
23
149
73
35
31
2173
242
354
24
88
148
3591
2655
1
241
378
605
874
1
15
2083
197
1
1635
81
1
39
154
141
2120
61
157
206
18
5314
153
165
117
111
1
1
82
1030
1559
649
5
167
927
2123
215
29
5561
120
2616
71
505
97
67
47
4810
77
773
76
755
32
161
8
604
7799
32
409
188
1173
4046
317
22
16
690
303
3824
3
3
3071
91
124
348
204
692
39
1168
2
1283
999
10
2301
231
50
1804
181
97
94
1023
71
1
100
10
209
28
1115
2820
137
356
49
1564
4
301
530
607
100
26
1005
801
30
200
7
585
137
196
119
180
1497
136
486
601
36
1434
236
439
437
95
17
3523
120
322
1245
461
240
49
332
2542
215
2952
874
11
8
6
56
2344
23
117
5295
548
1575
122
325
730
43
371
150
1194
273
3894
4
153
1395
1056
75
531
33
676
29
717
3675
369
4
96
387
4195
131
4
10025
5203
594
329
1939
772
2
10519
210
1739
6
123
3510
7
34457
331
7
300
266
880
30
1185
80
43
116
334
920
7148
361
124
75
1348
92
66
200
324
236
274
196
18
1625
41
28
1
64
5
4178
164
68
2698
13
174
284
26
500
41
372
58
8
195
41
133
10706
100
134
86
14
307
230
655
4167
243
5
180
5
4271
969
317
3432
139
425
294
1440
832
393
348
598
702
3635
447
13
76
79
58
59
386
3632
4704
2
1118
2292
19
8846
433
44
7
249
125
200
6401
42
121
5
318
373
113
596
1885
12
61
25
484
1
2
2882
385
42
1503
3379
1604
1144
8789
80
495
208
14
41
8
9
145
2454
18
120
9
13
531
95
12
15
9498
39
1151
29
235
3862
208
17
188
3377
294
285
28930
176
1398
124
519
26
83
1139
215
26969
4008
23
122
163
390
518
431
82
12
151
189
75
119
2545
75
111
30
138
241
1
353
70
174
89
24
7973
1
377
4
1402
397
3
2862
27
458
1
317
230
1549
38
49
306
443
298
4035
37
3478
290
10
58
20
42
40
320
3461
8
39
1
265
571
2493
77
36
23
231
1089
1279
21
193
1310
480
3859
1564
28
40
1668
68
1
29
39
10
1220
59
30
243
1639
1
50
6
291
23160
264
89
14
38
388
22
68
1574
171
370
8
81
271
264
192
126
13
158
36
817
16
2552
1983
54
73
1226
14
718
2
91
1444
6
82
1014
1
31
350
1260
4
9958
1996
1263
37
281
388
1396
62
348
891
65
4
125
280
1209
2198
39
17
84
664
8421
50
289
2121
99
9409
7099
23
622
312
1213
366
30
198
27
1178
91
40
1071
817
660
219
114
34
41
430
478
281
7874
2621
27
710
204
8
636
110
814
2978
656
2670
2159
1520
234
2382
9685
415
58
85
2807
51
903
268
28
9124
89
236
41
1
3063
436
58
614
2126
1
298
790
82
1780
127
2267
6880
940
37
111
267
13
3262
6812
720
16
89
186
2699
444
163
860
50
832
2294
288
6675
273
1185
1148
2018
2286
44
459
617
12245
90
16
521
158
7
514
611
35
497
7
98
591
224
191
1831
9
240
13
492
496
231
49
1
1120
180
20
4123
21
41
212
69
186
62
353
89
5
23
107
249
1
71
884
180
136
729
510
251
447
111
25
133
116
36
4352
24
379
1441
765
73
1
219
375
498
399
121
779
20
10
560
128
182
2448
18
893
138
26
1
429
1345
103
3701
227
26
10
98
1045
1509
5825
5891
5287
175
49
570
2018
20657
334
1
946
38
2362
22
1
27
26
1
88
49
47
21
1
54
882
1
3396
188
22
5705
32
932
5
121
2453
515
25
768
371
1509
1
47
1
284
20
2045
198
201
19
2068
73
86
335
790
7700
184
1125
278
383
205
9
69
5
12778
35
85
8605
22
340
9
192
175
175
5861
85
274
1174
188
243
26
389
4503
564
150
37
448
15
24
3
370
5659
207
509
1296
3308
203
73
2790
4046
147
277
156
20
25
1762
11
2725
17
41
1627
213
126
1555
329
635
426
214
1036
8013
230
1136
2347
623
3179
5473
17853
24
583
456
207
7817
601
123
13847
1
93
1
524
7442
473
46
937
4209
5772
783
852
230
489
855
170
233
430
495
22412
45
3743
184
16
2358
145
13653
388
648
177
460
1
262
9653
74
80
1330
15
131
17
1
20
24
1245
1925
3063
9055
1125
74
3
1333
215
485
399
12132
199
205
7096
156
37
358
29
8
269
773
73
517
325
528
31
478
2638
9306
538
310
407
1269
17
13
57
7
93
220
10448
984
67
117
619
390
1771
2582
197
289
475
965
200
37
147
16
129
204
138
437
217
14583
202
44297
96
18
237
143
160
250
6144
11181
161
356
259
2321
1402
183
500
559
4233
252
291
4645
15
5588
14
253
674
57
211
234
368
1
6310
87
40
9143
139
10
51
882
23731
30
59
3243
3559
1367
90
37
478
193
444
1706
1975
17
207
2476
359
2629
259
11068
5
124
331
7181
60
197
56
3198
194
2
71
13136
1
1
8
176
293
1683
141
1
28
90
5867
4
771
120
3
3222
70
4
35
2
220
8
184
463
1997
32
244
98
77
6
773
1351
1839
1172
367
217
2919
234
241
2
21793
502
17
2222
299
764
2648
716
18
170
2860
443
1225
74
51
382
2556
158
274
886
267
38
2888
40
71
497
79
242
3147
50
29691
30
16984
39
300
11
537
252
15
1
1051
155
8810
66
2257
358
602
3
40
2023
333
15
505
135
1924
222
8
37
227
247
1
920
1
635
1917
1
1668
1393
2306
91
1524
1512
30
224
13335
3
384
150
2
13
38
89
1
177
1
31799
1372
1077
104
118
1137
7
13
187
7780
327
229
3930
1601
379
71
701
41
2264
114
196
135
709
207
313
39
1209
129
10
80
11
79
166
162
216
88
29
632
168
3686
4
385
1
102
1733
421
107
4557
1062
129
2856
1
154
255
83
611
117
1676
1160
1
1759
1650
1980
197
1153
431
234
626
41
15
59
18
5078
1655
14751
456
5471
1053
1744
8081
82
16
48
447
3570
7
83
71
108
44
379
109
650
1067
167
2
5
50
1857
23
191
22
2292
8465
97
286
123
332
18
46
440
6
562
1088
3446
303
1456
29
424
183
19
472
214
29
281
70
188
1970
4
39
366
355
4914
1024
15844
64
270
1905
717
713
12208
702
926
73
62
64
38
285
28
110
7
735
641
1312
704
238
143
224
209
525
1529
3500
1881
57
4328
99
10
3714
196
3
143
1293
93
206
74
31
1605
70
1805
1
343
906
286
140
6040
9
1257
181
444
1870
314
348
463
3
2240
243
181
71
6453
197
38
2740
1632
503
301
3717
35
3002
85
459
346
31
9070
147
340
53
967
263
11
669
48
13
3197
77
11187
1099
1149
4825
4206
78
655
3249
1607
893
24
364
502
2163
514
74294
28
1311
351
214
63
6
1063
1045
466
338
222
996
1
425
40075
742
56
7
55
403
242
517
398
949
220
1397
892
268
2218
85
9
31
232
379
414
224
3159
858
1121
138
4630
629
8141
1
2561
133
55
38
47
179
798
1464
868
640
281
520
2151
239
70
485
27
316
413
2664
5496
305
86
7012
1556
185
311
1
349
269
50
445
998
1835
192
190
172
1418
1616
77
92
33
414
51
547
154
1641
255
107
228
26
330
32
386
336
624
36
255
3543
8
311
301
179
9
2981
6
171
1410
333
35
923
198
161
1
42
51
553
184
22
1098
408
138
1347
907
19
68
403
3302
1946
284
9242
1799
477
518
1205
708
16
3
234
167
532
9328
2054
52
188
412
3
265
468
9546
9
277
82
1
3911
97
263
654
1290
3069
4143
142
11
294
182
12138
217
792
236
4361
12
115
11879
378
223
501
6285
9
190
26
1395
633
66
600
35
33
169
43
172
415
198
179
1366
14
6
8
49
2976
435
5
154
472
210
5473
17
101
3180
4677
314
72
1
262
899
422
51
396
2816
111
3969
71
2211
4189
65
1356
23
3147
1233
230
2340
947
5755
41
15055
289
2042
4444
23
13
262
779
157
2428
143
1762
2483
46
328
135
22
2503
248
139
93
36
1358
1402
545
676
667
539
1974
2244
228
6
506
776
1030
28
1766
303
293
60
508
894
7
609
16
48
11
27
57
174
65
4134
538
373
62
237
154
674
2370
161
7397
17
81
213
395
223
620
170
677
412
10
2390
1370
12
1
8
21
59
30
148
405
1
3768
2273
1696
482
97
114
524
1
1060
217
72
561
365
221
116
190
412
4560
173
221
1494
470
252
143
1333
749
3075
3
11
10091
386
657
8436
290
85
22
159
522
6885
801
26
113
59
166
6262
59
380
686
2
2345
5222
105
4332
26
65
52
64
357
33
5927
1908
625
523
25
1024
2
34336
436
784
92
62
2
121
5498
122
358
3175
247
8
22
5
651
254
33
2
66
353
2
1586
312
17492
4485
114
554
484
189
4917
166
1
42
41
2093
598
57
18
45
6701
5872
28
137
3720
332
2891
17
70
543
168
37
51
236
22
609
241
80
957
118
975
1148
1161
7049
300
172
24
3895
18269
2982
14873
355
514
2604
50
1515
41
150
299
37
233
1409
93
269
354
56
22
5838
16735
99
509
756
22
170
168
32
65
736
29
166
2393
418
233
468
2
204
1156
218
5994
777
386
12
1693
92
108
109
1412
10104
3
4291
869
2247
221
738
92
1886
54
33
274
9
1935
690
1466
15
449
2
235
460
22
212
145
75
5
134
127
309
13
208
4
21
509
492
687
3655
449
30
250
174
713
40
911
442
3
5294
4
11
125
8
241
115
812
512
157
42
160
480
240
61
132
195
793
201
8249
61
279
2264
41
1068
1
378
144
151
1086
856
189
244
576
223
1905
148
10409
108
949
33
340
18
6785
613
8
92
13
845
90
5031
5
336
872
241
26
1460
2533
432
29
258
361
10201
1
7594
359
27
93
182
6605
246
740
193
222
69
57
11
76
133
183
226
258
102
1
169
210
1548
148
1
620
1059
226
130
6175
36
69
265
119
71
758
58
1
25
39
14
1975
46
161
813
20
3463
628
205
186
266
1886
7643
304
48
176
352
43
9071
131
250
378
48
9642
1204
295
1070
293
1
71
1014
24
873
7675
3615
510
199
4713
275
248
193
3688
831
73
804
33
4189
99
101
2371
578
314
17
57
3487
1024
67
1087
17
82
5607
751
261
137
350
70
117
47
77
373
51
280
116
454
248
562
95
514
20
1591
29
1138
82
39
197
32
2056
188
39
274
12
27
203
2042
1674
1219
22925
148
1538
4395
1317
273
1407
290
397
3874
335
628
114
2499
295
2396
323
363
1094
483
174
10
170
117
9039
149
22
640
54
412
233
115
6
246
2203
744
2074
49
66461
9391
3594
506
1
43
569
3451
268
343
319
140
274
77
1955
1467
1098
998
2473
71
1
632
5950
1648
9
370
2669
19
46
13289
1
103
233
301
84
115
668
764
1048
201
341
288
153
34
180
26
115
537
1153
6058
97
133
1344
108
22
3612
615
2478
206
2230
5
12
44
3354
811
645
391
25
277
356
15
1464
1340
125
3359
23
1193
294
259
24
221
67
658
331
1
974
359
655
1115
6
870
389
3030
725
73
85
5221
27
111
497
49
1828
75
127
6164
192
18
4080
30
488
88
184
28
49
18
962
46
3693
113
302
3409
292
56
5
169
9859
5213
1632
6192
12
245
460
1
17
213
1225
202
256
2267
27
33
35
298
88
259
107
2
237
691
279
40
4884
53
52
199
160
354
109
1
5
2436
715
43
85
10383
1509
21
309
1
29
5128
4
1246
1417
2757
2251
74
8129
168
443
3770
521
14993
7186
57
44
69
5146
735
34
328
523
7543
43
92
8041
571
1935
14
140
569
37
163
1281
1080
209
1
803
3209
20
252
22
88
63324
1280
65
1
192
1162
1
47
2568
1117
10
497
2504
8067
331
1795
1092
3464
3009
97
962
57
1
3139
4218
560
62
5
1372
413
1
5
166
73
350
829
19
96
22519
261
4088
15
671
2659
102
371
34
5
27
1
13887
475
2307
239
11
407
1105
260
75
307
2134
586
5
384
79
1065
1369
12
31
8146
17
5365
165
4717
210
113
31
1077
179
45
1
289
345
83
8682
2235
287
46
140
51
45
1245
93
774
145
82
80
1205
944
902
257
2059
56
118
1292
502
2798
275
30
13
10
2082
328
99
5796
17
172
5223
1948
21
1057
109
6
1304
1272
277
209
342
506
100
10
67
1
12201
283
2515
2354
53
145
372
7255
133
11
86
141
7
115
183
593
610
222
743
40
856
217
6
2620
219
158
1418
159
2834
5
7
38874
315
965
1
578
232
1
25
164
1084
122
377
11
219
1094
41
229
34
335
1486
56
457
732
112
52
1471
99
64
709
296
268
218
94
1666
13231
5939
1170
14
67
7760
1043
42
36
218
484
2367
161
3823
840
202
10033
308
267
215
7853
1744
11676
209
7
823
167
41
87
2045
2850
157
1449
80
39
8
78
87
89
51
102
267
861
491
252
2695
40
116
11
296
97
1758
86
217
6343
659
133
363
259
55
4902
39
2899
316
34
2590
14
1572
1182
660
253
737
341
177
1274
6733
253
670
16
7
697
124
370
735
5616
113
6
100
32
1360
1296
320
9151
193
208
36
74
125
134
299
31
149
31
372
1
39
63
5359
709
20582
249
917
453
410
1973
50
75
46
745
24
167
1
101
766
136
406
6917
3854
2194
62
4
1100
2
130
79
368
732
5
289
748
103
379
11558
2050
3
8
10
163
277
234
64
15
4
659
204
1756
164
4475
175
184
1479
292
694
10931
361
4739
290
8651
14907
411
10095
1
260
23
422
12886
42
21
470
1
152
1
9668
12345
2420
4526
1
1972
13258
44
1133
858
745
1482
15
1
7671
2060
7861
7
182
106
89
381
4566
1237
6932
229
72
21
170
397
57
144
1550
25
112
239
4
16
62
145
176
687
3966
1888
236
501
820
2
283
69
1611
312
513
5152
211
347
428
574
1436
12
4813
43
5547
820
62
3297
202
199
18
35
16
23
219
5691
1
5681
11
42
192
30
101
2975
2177
154
8925
27
186
1160
44
198
435
597
1832
594
72
583
320
841
1058
97
116
66
424
89
1199
29
470
6
314
1224
31
6
117
150
346
123
949
802
136
577
166
529
22
24
5716
55
88
9
7269
453
166
176
715
157
426
8414
135
950
479
264
360
2217
319
6
10
77
3301
523
125
1218
3158
2741
915
1667
2638
95
3896
44
69
569
1301
826
3
6999
4
3427
2041
34
140
191
378
679
325
16356
14653
3
270
237
12597
2168
1573
70
791
1
93
19173
4931
174
882
290
239
18
418
4262
49
403
182
243
3262
771
2
394
26
1838
339
143
5
2223
405
1
3
137
2268
611
236
552
63
536
113
120
108
2279
1741
12
2772
50
229
6
430
42
94
324
91
387
243
342
1401
52
200
209
213
2090
383
900
20784
54
346
606
605
10680
1262
8
10106
196
32
1404
455
26
360
1710
191
161
817
1
175
3761
7268
826
2948
96
18716
227
2513
3572
206
4979
415
1154
42
149
733
2784
109
7
56
70
45
3734
23
2
1595
182
226
77
2195
235
588
1
66
184
1
202
365
13
75
13361
276
1049
45
135
1
249
10659
1334
370
5454
649
683
1229
16662
3
144
1324
192
87
82
124
142
132
408
80
1043
1569
6882
3923
1121
353
168
300
1
60
177
907
233
3865
250
894
6104
5998
361
1183
277
372
358
85
1236
701
147
2688
1
950
3891
10175
188
353
10840
171
2308
22
5
1317
3510
31
620
4031
2166
240
129
272
83
244
30
2583
359
3996
7579
24
211
583
294
38
212
59
39
357
12
64
168
902
3
197
1491
1912
12567
10476
5
67
34
34
329
427
440
47
16806
1
1072
240
245
12
15
3067
1400
22
1432
814
273
3004
1
973
4
1729
163
135
60
25
3231
1327
43
1
185
143
485
299
107
198
2500
493
3155
56
44
260
751
387
2
265
44
27
45
293
12
12
50
1824
291
151
375
180
696
54
999
129
1
855
459
175
640
16292
441
1348
119
5332
12
398
1580
39
1282
19
11
1368
1788
147
2487
613
1614
475
525
296
545
1
131
2238
19
11
440
1
64
21
902
346
2670
190
60
238
2736
5
688
1
366
523
75
119
2218
59
1040
1697
468
583
231
92
641
5170
218
8326
524
261
796
4
4672
274
28
267
4438
3
363
246
110
687
26
876
2003
4412
259
8375
245
44
1
1
133
33178
111
506
8792
256
734
185
5880
233
21
2447
169
486
18
4559
370
36
41
15
47
44
179
16
227
3
100
1938
10009
2025
4161
4
200
267
1266
92
5
61
212
1383
1486
379
87
2951
313
155
137
25
391
167
230
21
58
2802
36
1468
939
29
21
1841
6
880
1
551
19
10
173
81
454
424
61
203
359
127
1799
2
15
56
769
55
3258
761
22
127
236
9587
91
273
841
316
175
59
13
1325
7300
226
34
1737
3000
135
9
14
146
498
235
1681
22
1420
11
15533
47
14
187
48
2314
367
7839
1671
2691
1283
405
84
1462
127
644
85
26
279
830
356
3545
1987
12
66
998
413
293
610
200
6177
393
56
403
315
324
171
2003
11
44
628
3423
4
13
192
553
37
21494
1023
376
451
102
152
155
59
107
767
91
208
305
120
134
1153
129
1124
993
76
20
168
7
124
28487
22
60
92
6
131
58
256
82
923
2635
510
304
177
24313
484
796
4371
216
4338
36
10
110
1
1069
2880
1127
173
9
4054
1829
757
1232
1009
42
253
6458
2450
48
4929
431
215
2731
5873
373
787
23
28
38
34
1135
1
32
21
328
73
272
1
646
29
73
5783
12
1673
640
7638
1550
689
135
4
7361
1355
582
1040
486
31
69
2209
4571
1433
181
218
65
53
186
21
1092
2097
6316
72
192
115
4892
3615
413
589
1
73
22
390
627
7
215
1067
474
342
29
912
8
175
380
121
6
10
3879
448
228
73
15
140
64
129
4175
121
807
2339
1029
1060
310
264
1
21
691
58
26
11
19
64
46
19
146
493
5919
1564
136
243
403
310
5335
14666
20
843
5
874
213
2059
27
333
564
229
245
4
1840
145
139
1257
26
492
499
713
3025
2529
3598
89
9
164
32
110
9
94
4466
3
197
340
12
52
8
277
1302
2
209
15
16
106
111
5
434
1421
149
484
439
80
15014
245
248
346
1815
24
22
106
213
106
240
194
3
1166
36179
11311
299
1385
783
97
96
190
698
161
155
1
19886
1
3071
4028
154
2611
79
54
43
80
166
12107
39
2498
170
321
2520
885
1
332
113
207
20
1842
41
362
639
194
189
333
6701
1537
3623
5881
395
4
719
1629
11119
460
751
2321
671
1848
491
178
3271
108
6385
176
348
127
33
288
60
59
98
1700
1797
690
77
1153
11529
352
12086
64
309
489
901
104
27
263
79
1
16
203
139
97
6007
1268
1427
213
154
1321
1462
2247
1534
2068
941
21
403
238
755
290
2157
1131
3927
200
145
1
597
904
235
13
51
2118
278
1843
242
2733
197
188
44
66
5
57
50
258
68
758
6403
333
815
25
6406
143
989
2573
1818
118
1068
212
433
146
783
436
363
117
357
104
265
652
1259
212
17
90
972
19
28
10
2
174
1132
3193
320
211
402
293
45
18
423
195
2104
6955
219
12
78
62
629
4263
250
13
219
31
1
23
6
399
546
3100
46
1
1193
25
1
300
55
113
40
12
100
625
538
483
43
50
194
218
268
3068
1
111
178
32
46
880
938
78
4
169
2046
39
170
184
179
24
389
98
38
37
80
35
3
1
304
258
551
168
991
23
394
107
226
34
25
573
104
34393
2127
99
3272
17
1465
4009
2
10960
1092
530
74
325
15
188
18
16
2430
1432
79
1
1
439
183
41
4
149
4
4753
7677
3392
125
832
65
24
33
6179
562
393
133
17
16219
10
124
8685
1
1167
13
820
800
3504
28
3501
1
1
899
80
14
3124
25
201
392
154
130
13
157
77
5
29
6
1
1567
39
50
243
4416
256
65
172
266
2
534
42
193
3148
371
166
764
509
1
827
255
45
10
14472
208
59
2
5115
797
349
208
205
1932
1620
1911
181
101
444
1615
53
291
164
1028
31
226
147
10
46
86
190
803
1452
2
408
573
162
37
153
175
72
68
27
186
12
1707
43
225
200
470
30
110
118
53
237
297
1489
206
429
187
134
486
115
3
50
3928
500
61
101
3432
47
1358
312
47
80
13
55
61
20
21
2127
33
56
130
1196
20964
1273
4767
332
153
6086
325
626
32
2
119
1
115
3
232
19887
1
233
2423
311
82
39
38
72
169
146
988
39
5298
128
30
21
3298
1
147
1
54
110
30
229
1329
115
664
450
414
25
557
20
24
909
424
190
28
146
441
37
2535
806
82
57
188
12
125
437
16
113
11
790
271
56
867
68
69
366
45
1445
8
213
77
105
1908
718
624
149
476
4
275
18
23
107
298
85
87
244
3925
1527
2636
4646
517
109
109
2424
758
150
2
1087
846
1
119
131
1680
6
5961
75
4745
193
13376
843
6229
2167
4397
1857
659
1247
248
15
8395
176
258
130
550
323
124
2667
438
734
397
118
222
19545
20062
780
662
426
147
39
42
189
176
102
55
6
1010
23
3653
1479
1383
205
631
484
1700
191
120
28
1133
640
2212
230
57
398
46
635
73
1763
80
103
84
2
370
148
76
252
1182
51
24
1331
591
650
1
9551
707
2501
922
97
100
1293
1505
826
30
233
935
110
33
281
1704
81
29
296
296
60
1137
54
36
162
665
52
9
1178
1026
2247
256
640
5
1822
677
23
1368
289
204
260
182
292
5
2379
464
21
533
67
48
49
103
1
305
346
1
16
261
175
2392
273
31
116
1797
60
404
702
7
1024
4304
15644
8474
630
151
930
161
2717
835
490
182
1034
49
11462
1683
6890
961
200
174
59
33
3405
14
625
37
33
2710
391
1860
1972
4509
50
95
63
200
104
2972
99
11
268
455
265
366
376
6259
754
115
614
219
29
147
62
3618
89
818
9902
333
230
22
10
40
529
448
1792
150
2778
445
2216
8
963
230
614
430
392
1083
55
590
1844
112
2312
94
594
456
68
12
211
5441
1
10234
727
1
4
115
3132
902
449
449
560
3516
50
380
159
9
542
28
258
121
2665
4054
7
467
512
999
187
5578
98
84
2
1160
490
2804
349
181
1893
1094
322
217
837
2565
4
843
454
28
117
401
1767
67
130
117
864
190
14
1040
2796
831
367
1704
45
11
1875
3
28
242
6
407
283
3
218
299
960
286
1771
800
4777
99
29
97
504
675
97
121
245
5087
1057
10446
1732
280
1247
161
11
3650
39
2116
1
243
256
539
5540
66
6145
288
25
258
36
35
71
4
449
2340
341
21
1128
3819
2713
40
1551
31
77
385
201
328
1
942
41
381
427
11
80
11284
154
782
256
257
355
62
72
1
432
57
517
5632
53
379
100
364
231
20894
15
190
14244
3474
752
10
368
217
29
8032
15315
19462
787
61
1729
102
205
52
4784
772
7685
203
104
269
266
3021
5657
2015
1
88
256
309
48
12
1488
24
860
41
110
1
3
705
319
554
73
1399
583
34
215
186
6295
583
308
154
2837
35
263
7885
147
58
63
169
170
467
3680
124
51
274
145
102
1768
7
1
245
34
5880
682
83
227
175
59
3325
502
281
11
348
1
489
98
37
20
691
49
3006
1
115
2405
176
813
55
86
84
1121
9
1379
1702
2714
43
1
1014
162
145
7334
7925
154
128
395
13
134
8
426
27
128
331
2382
2187
2177
42
475
2441
220
1
1054
587
858
24
9
4564
9353
2833
278
3890
192
11561
764
1
130
2962
1
400
103
23
5599
376
161
5028
185
769
10739
337
3322
58
1
381
216
1745
1002
97
159
17331
2257
11
54
5907
2433
694
80
58
405
239
3261
721
368
12
253
7555
37583
3
125
2674
37859
11
521
1483
194
543
18
126
808
295
15
681
136
899
14
31
1593
378
22
1
312
343
20
1736
1611
221
118
4323
4945
478
489
22
10
1173
940
251
54
54
40
478
171
2314
777
134
7
6
600
596
5794
230
130
73
84
542
37
291
6
565
28
47
453
20
220
65
3
2894
396
208
462
7
355
1711
59
1828
679
510
1279
349
2067
230
238
51
48
474
276
5
237
292
25257
92
6710
84
189
739
409
667
3351
217
1344
561
71
70
18
498
1498
3901
196
90
872
118
140
75
1
143
1
42
5199
39
225
6
93
175
120
313
2
87
1
265
842
182
6528
814
343
404
138
72
310
152
209
22
1250
68
928
136
52
1662
307
956
2035
152
82
895
459
1646
7
11255
2746
279
13
18
1626
16
141
3
22
10984
253
413
37
2548
268
299
1116
782
121
114
1202
159
8829
40
64
403
756
2
119
233
5
378
47
525
155
297
381
274
47
3344
46
1478
10
1
3944
14
25
3
141
287
164
1236
92
455
479
286
574
1905
176
1838
180
1246
78
5126
269
17574
745
63
134
244
18
1067
145
4673
27
677
6630
6720
56
4839
147
955
133
119
1445
484
190
3073
10
2875
452
6131
24
331
695
15
88
109
122
47
1627
457
7246
168
404
16
9
154
106
139
47
49
208
172
358
5690
377
680
117
257
4364
125
180
589
123
148
275
543
214
268
964
61
646
276
277
13
866
20
9
960
95
292
91
3189
122
4699
1812
403
352
166
565
2403
261
5
386
1302
348
15
43
451
4223
394
1445
22
1
1442
6904
40
333
8
87
472
22
8924
215
647
10
259
138
202
2768
291
223
1
596
33
15
41
1416
52
10056
175
143
1106
243
2355
9
11
53
30
128
27
614
1883
1797
99
3
34
8
43
147
90
654
5
95
1009
19
3659
44
1
29
186
1520
5
226
696
180
388
334
342
6381
22
248
304
486
429
574
58
546
147
1812
596
2839
282
316
229
3
42
33
2422
67
4644
23758
6161
1825
196
294
57
255
4899
3739
2132
1244
67
28
552
1222
49
1109
72
51
124302
2359
36
366
597
201
3558
65
1361
28
381
51
7
53
6067
109
13
394
376
150
646
122
44
283
297
3048
1046
9030
78
244
4
575
84
3496
914
851
171
226
197
790
38
83
732
354
446
553
33
10
902
2199
159
31
376
528
66
50
71
1890
1598
324
172
1179
46
21
10
734
1841
2121
344
670
181
3
11
22
5978
244
48
182
164
26
286
209
469
17
1341
311
100
183
1915
17
2046
2551
285
1118
297
1
69
1
26
342
42
1296
190
353
375
6905
185
345
159
8
1505
2124
814
1847
1
533
191
149
1469
4771
27
473
72
1027
896
1025
278
93
55
52
963
281
43
8160
260
41
1580
98
3
2847
284
2630
2
30
7825
498
188
182
55
42
311
1115
910
3422
719
25
86
126
478
27
29
18
32
34
2
80
10836
3549
568
441
4119
13
188
209
20
556
129
1569
181
428
1
479
394
575
249
408
3
183
4334
106
712
102
249
209
28
226
161
3514
759
255
288
4492
217
161
107
97
982
388
141
315
527
146
1214
498
15
159
2156
1133
1419
990
488
76
333
3263
80
4262
312
2328
1020
76
193
4618
22
615
261
11
1568
2
987
409
232
685
3162
360
5624
776
170
3909
5809
322
2379
136
17
2478
255
1177
488
103
55
77
1945
40
233
1878
4
3
35
27
5171
28
192
223
99
5868
12
201
55
75
11457
8960
101
70
5726
327
32
13157
14607
10048
1636
452
1131
322
107
949
7
2371
82
491
2
4958
58
214
392
204
229
7
1615
2778
2257
7
1
107
1451
325
1122
386
20
2791
265
320
325
1112
1507
556
3713
27
52
177
2247
258
628
3009
295
197
245
1460
62
900
3821
3
1
1
736
28
233
25
1494
4
387
116
281
32
4927
319
58
2020
29
2
3499
3973
56
1237
105
2678
537
428
2256
16
230
523
1131
181
467
33
468
81
2343
17
16
426
2271
171
1104
66
354
458
181
1
10
18
563
29
183
243
186
138
36
1886
967
1
12
124
92
4
40
1
286
1083
118
8416
111
599
1966
68
56
333
3
8585
266
100
388
8
13
133
19
162
80
995
2214
16
3966
11
5406
1312
584
239
1014
1044
1
140
40
2
26
9
161
483
36
459
299
2777
34
2
3522
102
36
137
29
1556
9054
486
69
5561
760
2575
268
29
859
154
1507
229
1834
55
1435
1659
198
214
241
43
1717
68
1268
9612
70
203
311
2
2357
8653
322
273
74
305
7840
75
1130
3
111
42
101
238
22
1
130
667
87
10173
244
370
132
316
29
414
351
35
5187
43
300
1224
6313
415
92
420
270
22
7
47
220
600
17
25
1983
210
265
431
3304
3307
1624
31
2301
24
7084
145
51
744
375
419
410
196
3
5681
1428
771
29
91
222
249
15
1729
816
4788
136
6
26
16
1289
739
62
104
1
246
359
16
7543
408
32
11
1043
2316
100
143
485
2879
16
16841
54
7
45
5
23
723
13
5
2525
465
469
840
1
40
331
643
2373
7225
540
6358
317
23
126
470
2410
309
183
337
130
2464
1408
283
660
147
83
657
170
70
1670
398
50
1
239
14234
139
920
910
295
23
70
918
12
307
23
303
294
905
842
2332
7185
2547
4625
13
6
41
117
4852
13
83
261
203
1
151
4
1
1
1
140
96
35
186
1280
68
207
1
666
3251
215
966
22
4534
111
15
28
20
8
1
1
175
1302
33
605
35
1435
995
10481
72
36
360
123
485
1152
121
1221
70
15
11
105
1
93
759
234
13
377
1737
38
199
617
8145
215
524
703
358
19877
209
3226
85
306
1886
98
277
210
617
194
71
100
175
647
4943
67
2325
1915
2
96
3
233
1
1031
3458
56
1692
376
44
4076
93
1393
412
134
523
4860
500
32
178
1556
73
26
71
1
1501
498
108
4876
2619
2262
1139
3737
127
1191
572
674
5305
1
54
46
103
1307
11
12
41
7
156
211
5
292
95
1112
956
373
429
159
416
511
1971
1
109
405
92
93
393
44
2
15
3509
516
11
139
1652
14
379
113
2588
20
863
568
10
265
294
18
455
63
118
321
913
56
5
2071
12
8
4
8
25
343
121
7138
104
1
180
88
454
4355
509
1969
66
525
2705
1733
184
1640
57
724
916
73
1
62
14
123
61
346
35
648
831
1443
145
2310
502
1305
104
140
21
339
342
1277
30
30469
821
8205
975
980
56
125
11
68
29
79
37
1
25
2002
395
378
164
336
28
3320
1314
998
5
488
644
153
173
273
451
1355
190
140
1501
4545
230
41
1739
33
248
123
238
580
152
13785
202
153
52
2791
1296
4136
38
200
66
10
1518
520
52
24
7
285
981
20
1
12
123
43
1643
344
2909
13
27
85
51
130
203
3252
1730
124
4128
7
5017
420
1160
8103
308
6
2
19
1
849
1
41
862
82
50
633
426
81
2506
36
707
804
293
37
184
30
79
948
109
126
163
38
6691
175
1439
45
33
191
1804
1
3548
219
153
1903
3291
40
6045
157
49
360
2596
1417
81
219
451
983
24
3
152
1
170
1347
10
2321
60
582
127
614
12
38
754
280
16640
123
8054
101
201
145
787
1497
26
514
123
2197
48
265
24
1429
676
87
18
272
1
37
30
371
53
48
48
1034
364
3317
4704
417
1235
89
25
1
2352
8019
127
4396
199
60
156
2440
3039
55
194
10672
905
31
405
3
31
928
38
7
30
121
17
3
407
35
600
1029
34
279
266
119
537
666
1
427
834
8356
129
317
21
15189
1634
2614
607
1128
178
3243
105
363
301
232
10330
669
1655
546
410
865
679
817
107
292
1580
27
27
374
486
237
8260
55
507
106
24
7
21
71
114
195
292
1266
62
179
483
541
7
353
11
4125
666
15
596
1
293
6082
154
24
188
11
244
72
388
208
107
240
760
8
319
1373
77
1875
62
214
913
9
125
14
15
189
22
98
14
929
22
119
1280
25
67
3
38
57
79
304
379
144
3646
53
2138
20034
13
3
2
230
949
7
1555
80
737
3
2571
4464
4
13
3313
233
207
630
709
976
2493
205
12604
43
1553
331
728
1837
8560
2
1747
75
109
50
326
714
7
1502
58
3224
336
364
1
766
324
145
1
626
1
90
106
85
248
8141
4284
3
60
47
169
2859
315
145
1
299
3
1239
8851
99
29
2
27
55
135
67
741
169
365
623
20
34
138
31
242
27
128
23
466
2176
9007
1322
179
4
3354
1313
48
102
3572
3015
6
433
752
1994
773
7878
127
359
27
225
5
50
52
142
4327
417
211
4
286
73
1148
401
2277
127
3448
1020
76
4
1
42
196
63
8
3432
15
16
31
219
10169
9603
1748
521
115
15276
9
3557
478
13215
2090
4814
314
283
98
17
435
157
133
22170
932
541
350
1
211
1628
6605
9504
884
103
2344
1777
35
105
1
2591
5210
1117
202
1362
599
21523
109
490
62
1
400
268
13945
3338
338
4513
3716
259
2095
2674
155
708
345
8931
3
419
2262
5636
182
59
273
3611
4
566
45
341
2665
155
7488
2264
256
218
3844
68
161
3016
4749
172
46
97
5
512
1882
104
358
318
4144
385
7226
36
214
651
456
39
125
13806
588
177
2949
1811
1
51
327
3244
53
9
22
88
41
2
60
358
563
260
75
511
69
153
402
2808
120
879
27
127
19
4649
685
6695
27235
29
112
230
287
3
1
31
9048
34
189
3501
214
30
570
2185
5
1137
1505
3
692
151
510
113
1236
2851
323
29
32
103
21
45
33
93
4897
2797
426
196
484
731
3131
1
425
284
469
152
1991
284
40
413
23098
17
92
114
3748
2
32
92
52
1708
2384
2
95
1220
1798
249
131
46
3
159
42
5572
798
13689
1991
921
343
310
13455
4896
8
671
35474
32
5053
48
1809
4654
216
131
1878
294
12078
2
403
302
28
3584
263
7805
50
304
218
111
247
770
3289
429
231
651
227
15450
40
7
3218
1245
1437
2637
2339
503
122
7948
17
400
128
24
100
532
2338
1581
33
10
437
68
64
155
7200
254
94
3
3
171
289
55
63
752
144
208
559
2403
2167
24
4367
179
1895
19
568
27
13
127
5
2
2394
108
3174
1900
329
5084
859
1
9
759
32
9
11
110
193
5173
2156
20
890
97
27
48
969
25
165
112
188
14911
14
142
67
1
94
195
1
246
8731
33
375
868
1448
70
78
371
393
5
240
341
81
332
96
409
71
168
8167
2700
198
1264
151
1844
508
287
73
17
1
1766
7
6410
72
1944
7
128
3
63
41
7973
2462
19
186
642
11
236
1
2
56
85
207
44
199
2957
2740
75
4
165
92
216
8
120
523
106
1392
93
793
143
656
405
740
2628
79
5
74
72
14
1504
155
1
497
1
4336
4327
12
25
310
1893
17
772
325
1
360
935
337
3
16
15
669
12
354
2013
109
584
2220
377
24
552
268
15
10258
106
529
1262
4572
220
38
11200
1028
171
22
467
15
9
4
3938
36
145
132
19
620
557
1508
176
20
4184
44
34
116
92
4070
754
125
4397
4334
27
1
7
1042
115
10
199
15
1
277
224
1
6369
1
571
1
45
96
292
3333
3507
49
2
340
20
11
1292
50
408
135
35
227
193
93
1853
5
441
132
335
793
26
98
6009
111
56
34
2
26
12
164
1972
42
54
2723
5237
19
5
317
4
46
450
1136
96
38
1297
169
29
39
1196
324
8
155
264
922
3
46
6600
1877
2544
11
623
153
840
257
127
1
4
6551
61
4435
4073
73
200
67
1625
9
12
1043
30
576
16159
14
54
13268
115
357
5
744
23
252
6
604
2
1340
1
11
31
52
25
1556
14
8677
123
31
795
5
26
126
4313
195
475
4449
167
1797
10060
158
150
1630
155
328
699
12
8
2384
18
548
390
577
245
279
5315
35
10
33
44
478
435
22
4935
43
291
3070
40
1291
2370
1976
4
157
253
330
358
19
33
1408
1596
191
3
1
242
183
4
101
532
205
256
667
496
13
59
205
6
99
5
112
40
18
1926
116
2003
1
1837
1124
171
1524
352
173
117
4
66
8526
397
301
28
153
70
106
2835
10
99
27
601
4739
4242
8752
1870
828
1623
377
385
383
2555
114
147
346
969
357
115
26
519
148
374
867
27
249
1154
1239
8
1
3423
876
2204
216
3402
3837
1439
291
25
117
345
344
35
14
3
3860
1750
74
47
3425
210
4267
257
1611
850
212
11081
456
1173
262
117
348
2688
4147
14
174
861
213
957
1968
393
29
173
50
127
345
69
4720
201
28
2743
663
16
3454
1972
1
2050
136
10
4459
5029
525
1099
109
85
708
539
281
108
7
1271
1
245
922
2795
2878
496
253
215
171
10380
6810
149
308
1
92
864
4969
383
168
16468
38549
2886
1006
8148
10355
21
26
3410
74
808
1467
61
1369
86
19
15565
20964
56
11
17
6
248
964
173
1099
122
33
4978
552
198
49
105
342
2
1311
180
23
1
94
1779
1296
53
15
327
373
3
113
446
972
905
201
320
61
853
1120
94
2094
167
23
324
169
75
55
9901
214
55
477
17
53
565
298
11728
72
3770
1750
4
51
739
107
3
3893
4547
1919
374
1199
523
16
1
31
56
750
2
1395
88
22495
89
416
317
111
288
459
429
2
2
187
208
343
1107
50
66
7
411
27
193
100
756
28451
1135
614
49
190
19
328
7
2701
20
537
173
129
6263
213
146
194
186
33
80
97
53
272
514
1542
1104
448
8659
2010
399
9108
3730
10
1241
4828
47
586
113
99
181
4638
850
459
1
32
124
130
50
213
21
568
629
7732
304
30
432
1014
375
10538
2160
4309
87
1012
283
163
255
236
208
191
130
8
556
73
855
104
444
606
37
938
135
135
1165
99
80
417
127
4
306
225
8
1057
100
104
748
35
1166
2127
210
288
2916
349
457
228
463
957
242
19
1223
83
1399
854
141
170
96
22
2334
2799
3614
2
247
16
298
153
3533
962
72
714
28
739
180
394
1777
4
119
253
4
30
194
94
279
83
79
12
126
19
169
307
150
4
5
435
5
50
2
2698
279
48
28
2
1
306
814
59
91
269
5
1170
3
39
1057
230
555
189
212
573
1
220
16235
263
249
177
71
210
24
3
288
214
17
19
1421
414
1342
704
4270
415
1
10
535
36
958
95
1270
275
39
1053
3823
740
181
208
101
93
59
97
44
23
238
103
48
13
73
5767
371
2
406
227
7
34
14
2144
906
46
22
5493
148
32
11
202
2
7369
153
4
2817
440
5880
176
1431
72
3036
453
37
3
212
88
534
73
1
556
11
1
51
260
36
1555
191
120
2997
1164
584
904
1319
3267
1223
280
111
1221
230
58
96
1737
1111
418
319
374
22
11863
69
2
1236
4567
1085
212
86
730
2907
373
43
3269
793
889
155
33
239
423
1
6266
3762
164
373
58
962
694
368
3972
130
2729
47
54
256
1
19
478
1393
476
17
2173
411
233
82
365
238
83
457
1434
3
826
3588
98
2437
1620
46
195
481
3550
75
48
282
239
975
283
3
299
197
42
121
5455
232
179
228
46
31
184
34
706
161
705
15
57
169
95
2522
4
672
72
626
748
19
1222
60
1171
1123
1626
187
92
5768
108
5918
13
1339
627
336
362
92
397
1478
2797
256
365
6852
155
352
1785
630
6954
41
119
1
66
245
10852
7915
940
427
833
1317
139
382
1930
107
497
4
175
532
8
331
5315
1588
27
208
419
9
6278
427
875
14
76
88
5458
492
56
111
6704
34
2794
435
71
71
77
19
440
231
23598
20
294
62
194
199
63
3422
6081
317
96
399
475
557
3084
481
23
101
994
43
661
1664
45
1476
2652
403
691
94
104
10
425
17
312
28
2425
41
658
2713
6386
1694
199
124
335
3650
15796
92
58
1571
97
1008
305
64
18
665
10
9
111
5
7044
637
179
1615
50
430
249
309
12631
1190
13
33
264
222
3
3502
184
45
10
21
98
6066
23601
1479
3465
9366
560
18
847
1
353
18
231
321
250
16
31
10
1428
408
13308
33
4
11445
6474
241
94
236
4512
65
1297
40
228
188
136
260
22012
34
266
398
2589
6245
604
8386
952
43
1530
7957
40
352
338
162
8952
203
48
77
51
3
6492
158
598
362
232
242
9
1425
5611
944
708
188
1
713
162
107
824
15
208
100
6
17324
534
6389
1475
163
5
3303
116
1
10126
4141
1
5768
2623
2523
1
2
775
494
4333
532
4
157
313
65
1
171
616
5
22
508
152
187
2486
946
9052
3626
2087
326
10142
814
170
331
526
1
195
102
44
89
803
2
152
207
40
212
635
349
3
6243
5
48
214
30
304
61
1119
2395
346
14
107
1307
68
3
96
295
10
475
221
31
144
598
2
23
203
48
65
19
296
6
19
137
37
71
698
59
177
177
4464
15
175
285
18
15
8074
12
105
3
50
76
1
98
77
20
292
20
24
27
2683
642
512
117
1954
383
71
665
3515
136
800
7
204
29
956
58
318
445
1372
1
203
16
6992
25
666
2
2
45
19157
126
97
155
410
28
246
14
3
9754
1086
183
34
229
4430
2123
1393
190
135
51
505
6592
1313
385
19
2866
878
641
195
235
6
616
22
36
1375
1306
818
7
212
61
8588
2360
481
257
77
21423
127
21
143
6
2796
28
159
130
3
311
411
349
3
840
5
1491
1522
1
188
1744
357
28
14
68
716
1
618
232
237
69
1
268
1321
52
14
340
43
503
1865
2569
1170
1
1
1224
9
226
2925
83
80
118
433
107
238
18
17
546
14
205
9
431
2219
170
640
109
161
32
447
11182
170
1523
234
58
1373
134
1
259
2203
747
147
278
338
2274
575
151
1055
1
2276
30
88
53
10
1
53
803
1981
246
6359
34
306
7
320
7
170
1111
600
610
409
24
1506
102
12
186
234
7408
4
397
137
105
1023
108
121
291
20
147
62
6
1
45
548
16
159
516
2632
65
2777
453
95
3880
12
67
30
219
6
101
298
268
1
82
1039
116
6
1411
73
440
500
233
84
1
21
508
95
282
224
118
262
14514
8
407
150
197
605
17
7
267
1
7
335
1733
211
5855
36
341
11
51
5506
2910
3
616
202
418
974
72
1041
1161
516
207
151
137
742
2175
147
141
31
196
4
46
464
487
34
83
327
283
1
1429
1629
819
812
1864
1892
9
37
6032
472
8592
226
4838
238
86
1
2250
211
404
25589
135
456
2
35
789
112
229
262
232
649
97
153
389
84
484
42
442
30
4466
954
924
341
24
144
4589
3
7
109
119
123
6
127
12099
233
345
504
228
1449
1699
325
6
3
766
318
1163
307
4958
51
55
407
23
245
262
884
119
179
1333
41
7
471
7
160
231
337
729
54
592
285
9150
3625
1
156
880
36
93
275
5982
168
208
4953
32
22
437
16204
20
3203
647
790
180
231
12
195
298
1454
6242
144
175
2460
3
221
279
31
10
188
3
697
4151
1601
56
43
4124
636
10489
223
545
54
186
105
491
171
1250
3277
28
5
109
157
215
167
540
25024
197
75
24
3742
113
191
24
311
4758
220
1120
1
1697
40
465
7
1692
3
1322
1046
55
1
110
7
29
621
348
45
115
68
157
64
21
1543
6058
82
300
28
264
211
404
944
3
12
5191
13228
52
278
2
2665
17729
865
13
411
374
257
824
240
171
423
1113
50
328
274
235
840
2074
185
98
8927
10
141
1056
158
1910
184
498
101
59
98
296
344
62
280
234
130
1
49
32
95
4
523
88
207
782
1
351
95
4326
2861
215
58
445
2858
1004
612
178
143
1880
43
30
1639
260
223
20
116
549
7
19
360
792
1828
61
29
3290
11
90
1070
181
51
36
157
105
34
73
118
89
1086
979
4613
418
227
36
938
218
176
3442
1756
5
21
1232
19
316
4655
233
139
69
2197
237
460
6731
20
109
2508
119
30
102
61
256
177
2466
39
27
296
102
1186
19
106
17
5564
104
2244
1933
1768
64
182
234
193
8536
2023
66
1
862
148
12
334
98
282
482
536
3
313
689
245
264
248
477
258
48
140
23
33
19
467
27
247
146
156
630
31
4
1536
463
178
8717
1137
570
276
2875
115
1873
65
158
37
2059
151
1089
191
18
83
11
8
222
234
358
36
1
30
57
5
72
464
601
6
1
9086
835
215
7
216
22
1845
3241
77
1211
42
2
1336
567
6
44
2457
18
32
2
210
12016
1
35
263
513
209
8421
3094
464
63
11
11
592
288
2
3314
2995
185
30
36
5988
7
7376
4823
160
542
1568
47
575
868
2354
3584
55
120
11
447
35925
6789
4011
743
675
76
1469
69
22
54
203
2
336
9
63
36
864
334
23
253
15
273
298
221
1020
2
45
156
55
387
328
183
2946
4628
352
178
488
52
1
190
1701
2
75
1
79
49
138
3076
2512
1
3
93
1369
1
1047
43
708
1068
82
1343
241
2071
253
501
91
1708
1321
967
491
320
232
1471
545
456
32
13
443
12
172
56
12
26
12298
54
1861
1485
11
11945
155
183
30885
354
1065
155
8155
14383
1013
4574
4762
395
159
114
550
926
1385
66
15
434
5635
250
3544
644
1028
101
150
2118
902
3
114
2229
23
334
39
137
51
780
1311
3933
13336
4
6
1249
613
179
132
3913
13
107
635
440
605
28
5
82
905
171
428
250
266
1810
273
1
6
71
11114
1167
180
11
26
60
47
1552
307
79
2565
747
1887
144
12
2268
22
20
3040
365
408
117
289
638
8475
200
736
12
7673
367
2
3263
46
1240
1564
1739
3936
10008
3
91
6083
8170
48
4907
120
1151
14
1
1035
1
1039
191
803
3767
6542
21
34
875
239
635
270
6
2153
1
236
669
5
4
55
59
350
1089
679
8
129
653
13
37
149
2847
1
2137
34
5138
160
773
43
6781
1
357
72
3602
2510
69
2266
408
4775
1
47
371
558
178
2162
448
1498
298
84
1435
100
859
2
340
79
51
877
4058
1027
738
34
80
196
57
9978
14
53
142
1259
2795
343
101
207
9
1836
997
16126
26
197
174
164
242
29083
18
1
732
175
17
13
58
241
50
613
875
967
1533
27
343
1624
60
779
32
131
723
212
918
323
139
5
441
1125
457
272
27
42
193
310
4
728
1
18
78
98
11
14
1
199
524
275
585
332
147
9
214
344
36
24
99
27
39
90
3569
373
18
131
322
365
50
13
1776
128
97
7082
3389
12
66
43
53
29
3126
171
23
15405
142
24
309
1555
49
2744
5577
227
783
660
1066
456
4
2197
7713
633
79
277
24
383
439
3721
3293
39
11171
3086
73
29500
577
128
588
243
7
243
132
72
220
502
6
309
173
2466
55
116
575
301
1283
475
6058
10079
2300
1538
381
53
2682
701
105
14
267
76
13
1368
226
361
200
84
49
40
2642
12248
1305
352
107
12
60
355
458
351
1609
181
417
505
1133
45
254
31
1
177
4
320
472
220
650
229
936
124
44
2049
297
2161
214
54
331
60
1
133
62
2131
45
175
222
3119
309
116
311
7276
130
3041
1961
139
222
7
16
3
62
36
590
24
122
5024
270
1
144
33
321
120
116
2
502
252
16
31
23
6
1283
89
125
10
83
311
34
92
3512
514
5427
1300
427
229
598
635
305
3986
214
7360
1
25
531
8739
1
1027
4838
2975
32
3231
344
2200
827
881
69
45
3737
9029
5394
24
29
6266
65
1
40
77
41
84
144
591
12
1042
13
388
64
13620
296
3
90
77
28
41
216
52
19
1109
67
31
1
681
28
5313
178
32
82
370
1
32
165
5213
10
4477
624
2076
80
54
3121
173
15
20
5342
73
1255
5320
2258
154
799
3965
4096
124
56
274
804
103
95
416
4416
847
61
38
30
521
342
672
165
1695
44
485
458
10027
821
255
513
62
4
2488
4
494
223
1161
322
2
14
82
171
1
216
36
1126
13
1127
20
15165
9
93
3741
24
3
152
2391
11
121
1868
240
1021
51
794
151
7758
382
6
92
67
395
104
87
30
60
822
164
59
272
13
21
540
634
361
36
34
66
34
219
63
7
1250
1
279
27
14
88
1
1
272
16
136
119
73
26
68
10
9
14
337
3511
17
9
33
489
270
413
250
1678
10
804
9
88
850
3028
452
88
229
17
108
98
190
54
357
1197
73
488
170
1125
727
315
138
256
118
751
1108
516
1437
122
65
168
1
8
179
241
171
34
493
281
619
102
511
1553
94
1480
233
1395
218
68
2
536
287
153
40
74
107
107
1
450
42
55
268
120
20
1
831
175
608
222
119
138
75
194
132
17
28
120
4819
39
121
3
115
110
40
442
806
86
225
54
25
1165
144
883
660
2301
223
499
420
1477
1894
2321
4997
53
73
295
1
574
1649
62
62
255
153
84
22
5754
147
259
407
18156
7
743
37
35
102
2101
115
113
81
13
20
406
453
888
411
35
3
7
1177
176
8
80
721
35
1
67
631
26
19
1
19
3
693
557
8301
222
2294
1
76
817
1089
529
27
618
542
2001
2639
914
3543
432
792
608
16
176
360
193
41
243
1439
1036
646
4
170
21
1
143
74
3761
36
1119
358
505
22
1751
16
162
19
106
25076
14
231
3090
502
91
20
274
5584
209
354
92
817
90
49
924
72
5953
1732
78
92
3505
12
147
754
74
37
139
1
5
1011
35030
12
228
7246
144
1598
81
96
26
2102
251
5167
2158
39
165
461
1933
269
1836
143
2000
1078
36
904
215
9
18
3039
2664
144
1046
1110
944
426
552
31
292
807
210
65
73
132
219
160
150
689
134
44
4079
1
65
2468
389
422
51
56
1282
161
1847
162
398
824
255
70
5718
3504
39
116
626
4
8291
275
3352
3
9
17
36
340
35
76
31
60
2357
2758
12
293
238
7
35
115
45
1
161
993
414
392
25537
205
1
211
2735
320
304
118
223
19
17
352
15193
34
4343
248
18
1621
2
14
661
209
107
435
9
202
21
47
251
3202
367
740
23327
1
138
7571
1657
33
18722
621
150
3848
1508
219
21
179
2099
58
997
287
38
45
343
195
12274
294
205
230
192
90
8410
1097
24
44
648
90
89
214
18
133
10
322
164
9
43
6479
145
445
450
40
9
1733
112
127
458
14
47
191
113
191
1059
242
174
719
91
66
101
130
18
2695
7
569
253
3
41
105
578
257
406
114
415
19360
203
3480
3162
1218
558
22
968
313
1129
103
550
398
115
10
222
59
234
2786
1089
1693
39
746
30
759
3
481
1455
21
38
63
429
223
51
1445
66
3652
21
203
379
207
358
30
91
33
3452
5446
9068
250
475
1744
89
1108
387
276
409
57
15515
347
2
8
3078
1
108
181
390
245
156
8204
1570
401
134
9083
817
6446
207
760
43
1372
7
1
269
138
426
4
25
1534
81
12
353
105
3154
21
156
11
325
1429
5
613
167
1495
320
454
25
3
2024
89
37
452
83
736
1615
483
900
462
544
502
205
2532
111
939
449
41
233
340
481
45
614
3
808
3
41
76
1
131
22
675
271
1024
1512
1520
166
1
16
125
13592
1
20
4
242
16
2024
106
474
46
2514
113
406
91
94
235
2
136
96
117
2448
923
338
207
3115
199
113
17
197
254
405
19
413
12
434
2963
256
36
9707
884
1
3
49
34
174
356
2162
191
3192
135
8815
172
107
1
91
92
158
5264
3142
1
342
17450
29247
76
1212
331
18
48
473
203
263
25
243
1309
3016
207
8
8341
436
3
23
37
31
9
18
313
2703
144
50
305
192
159
11
1077
84
92
976
486
27
591
12764
34
759
785
188
194
12977
63
1
198
2420
15
1962
63
102
161
246
1
1318
12
3799
85
252
31
869
164
621
821
37
94
964
1243
603
44
42
81
1955
97
150
107
314
1434
626
211
135
6
190
321
3383
1
1569
514
6
57
376
455
81
11392
419
109
209
127
27
55
9621
1746
584
79
41
474
12
797
63
73
93
2
202
251
3634
120
376
4270
1622
1480
104
31
744
79
2113
7202
686
281
242
39
30173
767
363
98
7
6807
255
16701
23
708
157
146
14272
75
2757
1415
1774
22
4005
1
1107
14
3386
370
69
2809
935
1693
821
11
9
2481
3092
264
58
1722
13
2452
11
1374
2053
210
1804
45
771
242
2073
11
65
711
86
69
1259
1988
321
1342
170
272
258
9
937
233
279
601
645
224
157
2958
237
47
193
17533
81
320
192
1289
163
274
1
11293
77
6
58
11
144
237
142
2603
20
132
39
91
1
10
172
928
6
1
7662
6
5
1
2298
129
175
78
213
4987
3820
53
5291
49
228
2720
200
1307
250
4475
307
374
20949
18759
1
149
61
615
2378
5681
92
57
152
10
737
11
4065
14164
481
5
780
771
344
119
9491
5
64
341
4
937
42
541
144
403
230
398
6809
68
269
1
164
34
18
75
1627
52
456
1
34
29
10663
130
128
250
36
261
3
207
5956
266
1263
518
11
170
17
194
125
49
5931
351
650
338
3
14
4457
11
654
1538
3
27
412
13
264
243
93
489
40
147
7
321
172
3
19
647
134
11
93
12
501
136
93
49
347
252
1982
2751
5395
236
68
48
172
35
1500
295
92
99
179
232
3
64
200
1362
68
119
31
1220
516
38
22
189
452
1723
174
216
5
341
1130
50
40
260
1
145
422
255
225
91
145
4579
229
2
247
9549
289
215
102
95
30
89
216
109
1460
1889
402
9
548
211
509
145
139
499
43
1343
13
45
86
59
18
115
87
149
381
2
45
3779
15
28
1500
127
121
606
469
9017
441
33
414
9753
123
3223
118
188
1699
1185
5
439
409
24
1771
252
979
2675
182
1992
3165
7037
12
2
204
8206
807
1868
591
58
824
189
461
101
3741
85
35
397
260
2292
3
716
1080
928
63
18
114
1
757
18
818
188
402
98
33
6
35
650
9
216
277
158
408
2322
41
42
1250
99
23
362
75
8
635
1615
1
302
6
7491
4761
125
497
6522
173
581
239
99
78
542
44682
642
215
1
1
320
4608
540
29
235
11
558
39
1
1860
26
3061
140
1123
15179
674
2170
67
1
6889
18
244
693
552
131
203
177
179
1500
12037
925
154
260
51
756
214
3
12
29
865
57
41
14
1503
5
127
15
446
1245
199
78
94
39
16695
333
3257
1
275
1
10
357
2020
28
42
50
16
18
62
642
3741
1005
149
8324
4942
131
313
3068
5
22649
172
44
152
74
35
3731
97
23
2774
10
2054
581
189
144
658
333
28
5
55
1803
205
35
1857
379
356
1838
101
16791
77
7
841
7
105
1
176
514
30
2
562
9
111
423
171
38
1136
384
106
30
58
160
1
90
10449
360
10308
232
6
613
51
2
34
244
503
233
595
263
251
144
79
271
201
24258
1341
924
1742
7
12
175
1405
259
70
37
156
1862
6
1432
137
91
9
165
172
797
8781
1719
550
2354
25
87
20
20096
2
29
7016
8
628
1011
38
102
3112
7
1332
3
37
222
285
1548
3826
117
1013
3
2860
1
1
7
4
239
1
1729
5
358
30
445
1836
1124
2393
821
516
15
33
37
1536
236
18
207
476
293
79
108
36
241
15
59
1121
558
40
230
288
7
5
5
414
838
46
237
18
648
265
64
45
14
1280
161
2
42
3
68
5
1
285
2062
555
213
61
2393
98
3302
122
327
464
5247
42
629
589
102
288
307
96
243
406
488
125
828
6
216
11
137
228
155
5
81
1
66
95
2824
39700
438
456
23
23
334
43
1064
187
1
189
36
16
106
620
316
329
63
930
3576
1
104
179
320
14
4
54
240
222
1990
211
116
142
720
221
188
771
213
497
2
16181
34
634
62
74
40
1164
7
13
1452
37
84
13
1948
4043
3
67
3855
2396
151
15325
218
3
125
72
645
58
505
104
241
4756
620
38
23
993
15
262
43
23
208
725
134
2412
278
184
841
53
702
621
40
176
4
5
133
38
298
349
267
5
97
2
308
284
350
62
1
8
186
343
14
13
23
18
164
10
1093
220
82
96
117
474
27
23
14
504
12
18
20199
30
656
78
30
279
173
1730
38
10
4028
238
239
227
1402
3
221
3
48
38
164
223
206
5138
98
86
778
389
106
1223
940
193
1120
182
37
2628
45
240
3208
31
1
2259
287
116
176
178
590
2241
97
656
345
80
532
724
1513
285
54
361
143
3140
225
2
14
299
2555
398
11
728
999
1169
40
491
890
475
148
3107
806
167
41
32
120
88
534
238
119
13
1
35603
62
640
21
6114
2732
59
1865
6396
3693
136
8916
37
5138
548
17
24973
408
138
174
93
9705
2116
293
299
2383
68
618
3
1623
363
333
1
39
55
72
2980
128
4243
59
82
5438
32
73
194
151
12155
292
19
542
20
799
5
228
36
200
2110
504
16
708
14
293
2498
92
6255
63
179
179
4692
3012
859
330
386
303
938
818
17
1083
388
42
201
185
716
141
39
46
53
77
26
419
2119
177
10
58
12
40
181
12427
6
335
25
19984
1651
13289
34
944
4445
604
145
1203
147
444
67
47
313
300
63
132
48
7
321
255
2917
254
3
27
50
38
178
138
41
168
22
216
510
4165
1
715
198
657
121
796
98
25
188
1
351
364
147
1
570
17
12
1336
754
1218
88
13812
211
6
132
8
2199
505
897
2136
248
365
1
520
230
502
334
21
462
23
134
5123
425
788
113
519
1102
1
1
434
14
176
40
115
27
55
26
6
5
175
306
97
126
658
630
5
33
38
1
235
2525
586
418
2803
236
214
20810
25
175
5733
134
4012
652
79
6199
228
11
5413
597
56
445
195
524
126
2
164
9
5804
343
1560
211
483
189
10174
3697
194
24713
1596
567
415
56
1
328
147
1019
14
236
222
54
459
95
261
65
183
113
516
7
430
467
32
33
2928
437
359
192
369
296
217
329
108
152
117
1
1
222
13
2
3
954
315
241
630
506
25
271
52
217
271
9
13
519
33
1
400
59
146
642
142
66
39
1
31
1
17
40
627
688
1098
69
1008
214
323
66
479
42
7
24242
51
1
388
16
3482
15
8584
3
636
8
8
1880
148
99
47
384
693
570
201
1654
1844
200
171
111
941
23
252
1338
32
280
424
11891
38
35
156
10265
9870
19
51
165
709
700
154
551
36
526
26
859
12
51
36
640
266
11
1063
24
4456
1
413
1
28
306
477
449
163
34
111
39
356
159
3
122
534
105
5
5
3299
1492
531
26
12047
11
840
12331
459
238
5517
225
192
144
15
1667
292
9
2
1069
1479
310
869
1373
70
1226
696
136
680
995
118
7799
59
1579
478
83
145
572
853
55
157
145
1172
1110
3273
48
1698
1161
284
4412
136
1
796
1
6330
3
452
381
72
264
53
436
1069
513
238
140
214
287
278
1101
753
7
1
264
1136
81
29
126
1174
186
70
637
445
285
245
136
1573
5896
3004
71
240
67
3551
10545
74
83
24293
2
23
369
8913
1707
4292
3127
36
12
405
1
1
1555
1763
199
28
2432
820
277
4
641
10957
137
278
5163
48
756
11
42
1417
1266
797
31
555
657
497
304
147
189
487
25
4
408
1698
123
762
129
101
18
1005
256
4937
18
62
2
1283
20464
82
41
3619
261
836
46
55
322
15766
57
94
1991
612
6227
661
210
983
43
71
154
150
69
5068
3267
20
532
374
20
354
1757
136
95
13
1169
1137
4
48
406
765
41
73
436
1015
15
45
143
42
470
49
263
92
96
18
29
83
594
98
19
147
175
177
204
150
53
38
15671
2
336
158
856
1
69
4090
80
62
1654
207
3
35
1246
117
9
77
291
175
825
125
71
234
21
57211
1714
212
321
895
51
13
138
553
546
50
2
222
373
740
321
124
1532
13
468
1
617
242
1036
2
1560
20
35
36
5231
92
27
26
19
306
26
2219
187
290
515
1
74
563
11
18
945
584
612
207
836
23
1
19
10
10
186
454
7
333
5
154
261
26
43
144
69
18568
143
436
117
14
242
5
60
127
6
31
364
37
182
6193
34
135
122
834
7
3
194
1152
345
457
557
37
78
26
255
1767
37
429
18
1250
4395
15
185
129
463
1294
300
1274
280
1192
835
139
3349
1
230
1
146
207
427
128
393
796
71
61
488
10513
156
4680
4096
5646
508
620
23
293
609
1393
40
52
1048
214
98
271
17
104
785
352
1047
6323
2206
3989
25
20
377
163
1932
597
33
488
49
361
282
1079
2
656
245
83
3568
2941
6
93
810
80
176
125
9
7195
72
499
4014
157
236
8
1343
567
62
20
39
2604
197
2247
70
107
95
1
217
8
139
5335
314
2898
413
14447
341
227
134
923
218
4
1
378
15
5816
207
1074
188
419
1502
93
63
60
214
320
21
24
44
213
3198
73
21
5986
597
463
2
236
4
22
76
1015
1
55
283
171
88
688
32
38
137
365
25
415
380
1
45
13
883
2127
106
231
146
1068
486
1
268
1
417
434
2043
7
238
154
59
503
1
923
95
295
44
198
762
122
11
5
27
261
437
38
34
335
9
3
739
1162
30
381
1
236
61
1549
150
1664
4
23
245
1132
190
291
10547
1389
256
8279
33
8895
11
2008
2736
8812
68
146
10
4520
118
20
61
19
1907
2
9
19
4
246
1
224
1
6
123
587
186
94
14
23
520
391
70
115
373
139
229
555
782
2499
16
110
1080
69
51
766
546
227
1137
447
1027
157
176
12
83
39
8
18
373
185
1
392
128
200
924
329
27
4015
231
169
1096
45
98
389
3057
597
101
68
664
138
3
11
1
1923
10
5
258
189
2029
7
155
138
314
545
669
33
41
19
307
337
1007
8
116
4807
383
733
2262
241
737
431
7
1
3093
40
66
135
1397
443
470
9
2426
169
140
82
185
507
5
175
136
365
58
81
31
192
138
520
1
56
302
1
20
1613
84
5
402
3
128
1
26
70
147
111
42
155
260
99
2
2
48
35
7
27
29
6
42
158
14
328
124
560
6000
191
507
2229
1954
10
27
100
2
90
64
15
170
41
23
1541
33
793
628
8
24
5892
923
2720
206
543
150
73
2612
34
97
76
175
17
2
44
952
86
112
108
61
276
247
1005
2850
1880
344
4
1776
4
136
617
128
107
261
5420
2672
356
642
7
3450
209
962
1
40
1472
554
2
4259
389
9294
2205
388
183
1
83
173
584
193
83
94
10
923
372
27
204
7
692
6
116
76
29
1235
853
1026
14
418
1
310
1838
48
479
132
138
102
623
8
254
235
12
32
54
202
60
496
68
796
977
309
252
107
194
1079
51
15
138
14
1147
1172
678
1902
6
1608
2
500
1647
173
278
214
1907
4412
283
6311
5270
1402
44
87
357
588
9
210
418
124
273
162
9998
1195
332
730
2530
276
40
25
861
256
1364
515
33
113
29
1237
183
44
468
2286
565
52
10340
604
39
300
685
409
2877
9
209
157
95
401
497
15
754
98
27
204
457
593
193
136
706
37
631
179
85
209
1
114
1082
113
21
316
263
51
672
163
601
272
14
451
6534
1167
3777
254
1078
628
6
59
169
48
304
108
6
282
1060
484
804
4900
58
1707
7
58
402
3
34
1435
1778
196
604
3356
238
100
642
240
509
11090
131
1
85
1
2271
2754
1554
78
3
168
26
112
114
739
225
25
74
46
92
1
2357
8
77
1859
1270
194
8
5055
8
142
1693
73
13689
75
2559
140
41
534
1
219
53
672
399
258
22
182
446
20
1028
520
24
516
4394
485
186
2
1241
84
408
18
5186
1569
138
8082
417
205
1884
137
257
154
558
4
50
1
3938
18470
7
231
907
6
52
369
427
322
11517
36
150
128
175
609
15
1007
226
26
78
172
977
1159
243
62
259
15
12706
167
8
312
16060
130
279
2238
1541
2084
333
98
95
355
148
1204
408
6744
525
181
4
10
9888
191
36
625
706
2272
9279
344
12787
87
59
363
300
256
180
179
9596
84
349
48
108
499
48
13
377
5842
7758
1485
669
267
35
1935
1146
119
7171
408
9
150
745
162
248
101
1070
1325
4
73
214
548
145
14
4881
172
1
730
6179
3873
36
159
194
23
1705
45
348
1138
240
3299
381
17
13
1107
2709
50
416
9779
365
255
127
179
21
6991
451
39
654
122
480
181
515
1162
719
561
6414
26
3
99
88
8
1
45
1
22
2300
6
9165
3265
39
223
138
9
5
1977
19
1207
1060
188
63
233
26
24
2441
135
752
4
45
26
1310
29
410
459
36
228
163
503
8
7
145
228
876
647
376
441
217
2227
499
179
123
1706
122
16
4276
1523
134
145
58
304
12
315
970
345
1355
159
89
23
336
104
652
38
22
215
297
78
86
256
1771
736
53
44
937
75
4000
5325
84
452
910
752
6547
2788
4220
20
239
808
217
128
70
3348
838
1341
1
6
33
35
428
410
372
141
181
11
891
3377
22
623
3188
11
155
164
25
1090
1280
49
230
212
2162
3724
4766
556
7699
1
2339
21
63
61
9286
1
27
82
2472
7566
916
17
24
62
124
10293
496
4822
112
69
25
8
1076
23
169
14
276
318
29
4199
1430
608
735
903
133
160
407
121
643
224
2621
798
5442
99
512
1462
11521
1649
146
885
54
223
291
306
2371
293
254
122
129
223
437
823
363
24
20
452
67
175
12
627
5053
122
1901
1101
39
32
3
225
162
1148
76
1019
6996
52
249
1
4002
2960
2018
297
540
500
131
6
323
4875
308
592
1711
2283
1
158
63
518
2904
4069
6
141
55
2238
204
28
261
790
55
343
2
1485
372
221
3411
126
513
139
203
357
497
677
41
6
70
151
11
3
932
109
4
18
21
117
444
331
1266
391
93
47
413
218
170
6618
187
123
370
687
269
6630
879
776
764
1010
1174
20
1495
9
1308
63
512
48
404
1433
437
990
1005
1338
377
465
2187
3038
621
13458
14530
7897
293
223
5
139
1639
82
101
208
78
101
3408
1775
38
1
175
23
303
62
203
282
752
27
22
27
373
194
269
228
2293
83
135
1
113
188
154
247
79
73
505
214
104
13
1170
186
1598
179
327
492
94
291
287
124
1085
270
96
5
106
46
21
111
273
14
412
163
367
985
404
1
148
160
55
3696
14
7605
35
1171
719
25
220
115
137
20
74
1982
555
200
331
1
1290
18
103
414
133
3460
96
36
343
679
81
2
103
381
1007
42
15
225
1950
1
20
34
73
114
292
97
1930
216
101
447
5
274
103
1
93
295
300
5
451
95
283
2
9
158
128
563
77
1047
117
135
938
39
401
89
261
649
100
92
217
19
465
612
1
94
185
66
239
296
141
500
13107
76
861
448
118
4
402
502
848
128
3238
400
1178
3
7
228
116
139
159
2864
242
233
28
162
244
245
469
93
1009
33
4893
11594
303
1306
388
275
25
175
92
18
3
26
3047
26
21
4951
71
353
180
75
2713
299
59
190
23265
28
15
18
124
172
234
601
515
75
134
2345
285
160
1582
748
6
199
224
28
283
389
9528
418
281
3434
156
76
441
52
1013
272
3000
1756
53
110
56
2005
1
5
254
74
2760
96
893
1533
2685
32
390
1
189
7
104
1245
1209
698
2027
3
1
625
1461
18
10750
84
377
305
359
5
1741
256
41
187
6
12
653
107
414
16
20
1
35
262
181
47
1502
95
643
309
116
187
309
354
308
504
101
149
437
5
90
759
733
120
332
108
168
303
1607
183
266
22069
48
411
16
109
631
434
436
441
99
59
271
162
121
47
117
4
309
3
3046
51
82
42
22
1756
1
223
9724
207
16567
20
782
556
702
15190
445
108
1
236
635
2807
23
1138
966
1
44
1212
1237
29
295
1
99
2397
10
2139
5068
17
358
81
338
1687
24
838
639
642
344
225
10
243
7933
6709
34
57
39
72
562
129
19
523
13
969
1024
124
54
2179
798
4
1115
4423
547
224
4201
314
3016
154
131
1968
62
3706
18
19
312
881
90
244
1054
10
304
93
1151
2576
374
4
2973
337
2290
395
1
1930
658
142
1340
8
544
516
417
816
235
3958
875
192
1517
5843
143
56
557
1185
2543
2110
239
3
34
1851
25
638
961
107
76
116
2972
654
15
5371
146
1
255
252
28
449
143
247
2
344
10340
25
215
310
164
16
570
102
68
553
854
67
116
1895
164
3
200
771
963
273
70
1515
412
2091
14
18
56
141
4
66
44
618
622
3270
507
108
225
39
431
153
7
603
225
488
942
36
266
7
11
4371
187
945
113
663
654
122
702
201
25
9176
88
566
186
891
933
217
124
137
638
485
1
122
6133
354
353
814
707
8
5069
380
1711
430
60
675
2089
172
255
225
11
183
1
146
51
529
16
80
77
1
1838
47
9
332
35
224
65
1
2188
3
383
208
1112
25
4842
12
2550
10934
541
259
15
472
2
92
35
341
248
3361
64
2013
6033
869
253
34
1742
68
1
22
68
2691
547
515
176
96
417
197
58
2
160
720
224
79
2
911
76
159
699
370
743
2461
1
9
225
315
48
311
317
1382
291
43
1
60
897
748
8
3007
1057
1
106
541
9915
116
185
236
17
287
3540
53
824
485
928
8268
51
8
675
2095
4
86
919
1
32
296
177
78
21
180
68
497
17
220
298
542
102
202
302
306
221
470
707
213
150
1678
86
1709
378
5886
62
676
1055
1332
19
548
12
173
2
230
128
138
743
1227
125
414
469
378
1185
76
47
121
2578
406
158
1
107
1
8
71
393
29
37
402
1
506
1961
83
159
179
149
197
3
492
1445
213
220
5399
35
8
4373
12
25
43
339
110
4
1
2257
115
142
11
9
352
172
4512
362
1
174
3
204
207
79
72
19
1273
607
1355
1212
237
120
87
1801
6836
151
831
174
2916
18
181
7394
15
11
71
1959
68
9032
2093
126
798
723
1501
105
3
1983
364
57
284
11
1537
523
222
3726
682
195
299
2090
223
33
136
544
71
509
387
289
435
92
111
2160
77
184
121
7157
4280
100
36
15
12
109
245
67
431
11
270
662
224
79
236
278
95
842
146
527
1085
95
252
3353
147
493
136
95
158
1
5
78
11
8
174
109
75
397
76
556
4
74
155
6
120
786
426
10
9
188
36
9
306
495
67
1060
2005
3
20
552
1408
14
35
2431
4623
43
126
7716
316
97
40
5771
869
153
110
6
84
371
145
86
23
173
187
381
64
891
28
68
979
45
53
99
1
762
312
57
395
21
513
1
1723
258
418
4
254
74
18
155
88
785
123
145
11
353
5
288
187
2206
56
93
32
37
131
504
281
340
1
4
3063
110
37
84
12275
1
235
327
1
139
1
11
5
238
601
120
1
25
305
3
215
5
141
173
27
148
525
5
4
23
34
1
401
233
12
293
251
119
