469
43
20
1538
1064
135
1300
2803
1804
2771
20597
415
941
37
163
121
437
76
1
5375
483
192
710
201
24
356
56
8932
1040
2289
104
1150
12620
4962
342
529
187
154
143
45
66
738
1859
444
12
592
1756
882
41
1632
145
1370
225
3024
1968
1311
18
1441
2662
61
25
842
103
267
658
135
46
2825
91
2904
45
231
2
209
253
12
3515
254
2283
15
108
29
49
167
312
53
10
343
22
10
2831
290
27
138
447
82
782
52
469
2
630
2657
25
319
292
787
340
26
525
634
1236
506
278
736
4310
61
3109
8
10
177
1750
994
1217
205
151
155
1236
1441
5
59
4
2089
38
1208
469
260
990
1422
90
381
142
266
1879
501
374
2391
1365
2771
702
455
2561
134
30
149
11
1080
238
3
81
35
333
2512
293
251
69
8660
414
322
470
153
37
124
229
17
720
1
1193
118
157
700
449
1689
83
16147
168
1733
161
862
3732
1679
4716
196
555
237
495
125
333
3802
3237
644
313
178
77
2863
3564
168
853
1223
2110
274
520
480
866
243
168
2849
1748
135
1588
180
76
394
2015
445
56
6
916
1
1
654
172
167
24
52
305
1259
1023
1825
59
152
576
810
201
3739
95
585
646
512
145
2222
159
21
18
223
4059
164
84
487
30
2
20
533
1162
1
109
1016
94
1
24
127
1
281
201
61
28
2
169
191
292
23
576
1834
107
528
290
47
116
23
34
286
253
96
135
196
17
237
339
132
495
66
4834
363
1792
34
180
14
134
129
469
20
882
149
2013
123
1060
1353
40
28
257
85
66
269
764
310
1489
2087
2372
105
76
3045
701
6
137
1656
407
1220
1187
24
380
1485
506
1485
1862
63
1
3625
2323
402
102
929
181
293
366
903
1189
1531
4552
73
1795
305
693
171
3821
2520
1332
64
1816
44
2258
1
235
287
161
209
68
273
841
1450
60
189
63
1021
4168
62
198
1386
42
1375
5988
3711
377
22
2764
6004
140
55
2363
3660
331
1592
78
253
26
114
41
1196
78
2625
1121
66
3755
64
2009
1821
8
218
3499
311
189
1149
87
2173
598
416
1733
12
25
153
356
42
2160
516
218
2645
366
14
749
848
2970
669
354
53
176
65
898
1
40
1231
1637
48
555
53
678
11
2158
91
591
62
19
2
213
1
82
477
97
137
12
217
691
52
277
297
771
371
2324
19
76
348
678
1342
378
2637
2135
2251
2
321
584
2010
187
80
2131
97
772
42
3659
2054
2240
22
1931
122
1748
222
1381
129
192
115
1780
2470
913
2484
288
805
2683
276
3591
173
271
1061
2534
718
1691
248
254
992
2590
2801
2637
3224
189
2348
3
79
4525
3289
1524
3445
2366
4259
47
1992
2711
279
817
22
469
3229
169
82
359
135
614
388
3467
412
555
108
123
410
349
21
1407
104
3790
2911
249
463
1
26
1834
181
20
15
3924
54
24
59
5566
2020
20
1978
1010
543
381
67
634
187
181
170
496
1437
3776
71
216
397
5013
387
135
179
1683
182
116
261
340
431
9
5774
1266
873
253
4189
22
2632
1546
16
48
973
24
215
2019
2088
249
90
206
846
161
41
1846
13
152
216
339
1091
1996
1270
188
250
653
1104
57
609
2461
170
79
1891
366
4270
60
94
813
275
1623
301
1976
386
756
27
157
2736
744
141
128
1197
68
4624
282
886
18
750
112
897
2462
397
1654
400
265
733
823
351
2766
2408
2690
609
2321
486
69
279
876
962
360
120
8223
444
127
389
1
371
210
362
1728
387
51
1282
138
265
2009
1894
15
1220
372
17
4318
3682
869
129
130
2324
682
597
1254
278
231
64
2329
87
135
388
62
2103
2685
34
100
688
325
9
1872
1011
551
270
137
379
132
206
181
217
4259
246
170
135
500
6005
20
196
133
1460
1423
398
41
155
138
257
917
1977
165
246
1507
107
1105
14
581
1527
241
98
64
807
261
543
632
979
868
139
20
12
148
298
2695
27
101
7
3284
182
316
250
134
176
79
79
181
725
19
25
157
9
64
5321
1472
9
300
1842
745
1360
940
1107
187
990
23
600
1949
2028
146
283
276
2146
300
1841
173
313
1376
2803
415
222
33
176
9
2536
1913
1008
28
132
8313
1634
130
672
656
149
466
9
135
177
323
1086
4211
188
373
191
567
6
351
911
213
3063
287
174
175
984
253
30
475
4179
328
1422
69
260
1191
556
110
286
461
1607
130
24
596
242
359
664
2032
263
1069
379
159
5403
137
120
1
57
312
618
127
219
1259
1878
17
45
255
220
147
219
277
222
170
288
6008
232
1176
1301
135
145
134
217
232
3659
68
215
283
737
1961
1320
144
316
7291
421
371
384
123
85
515
183
236
589
258
144
196
283
159
755
724
289
401
49
69
136
2880
61
142
46
24
120
408
255
1159
3592
239
85
87
494
582
147
13
136
1338
7
411
1956
1023
596
38
1333
59
2557
264
137
254
1993
24
18
640
1465
145
386
2700
628
180
259
1631
39
1839
919
423
119
194
378
4
24
117
377
163
620
129
28
1496
1207
2
1317
135
1352
3
149
302
1929
430
818
64
1616
137
1482
73
89
1899
67
492
457
2104
64
1146
2318
328
3
169
25
6
4216
236
3075
227
45
309
1404
5377
372
1
601
1
1652
4606
213
62
1
2853
3634
1202
132
453
4621
28
450
2599
173
191
4775
1771
46
2182
1097
1837
251
40
587
5312
46
89
141
14
2633
4444
48
261
32
2376
108
2
962
164
384
7923
85
1275
263
67
1780
3
780
9
2455
38
478
3219
49
1480
1643
1117
162
395
1275
145
1423
28
158
196
50
196
246
59
715
92
248
4
27
1
218
2083
10
44
1332
89
4278
2210
2612
2114
135
242
2312
1516
140
5246
466
77
483
1301
466
2324
156
230
293
225
31
3351
237
1168
3157
867
163
341
322
317
1986
152
1603
1450
651
1295
1081
1630
14
524
127
81
158
7
532
88
80
115
2883
172
1998
945
269
666
184
337
647
2243
239
262
70
74
493
40
277
832
233
18
164
24
794
295
143
586
485
2179
60
184
606
63
170
1
124
1308
42
878
1243
298
151
6
248
136
84
228
671
16
3203
40
626
699
225
17
122
261
135
800
164
215
60
26
708
36
516
123
25
1590
733
2647
128
485
5326
170
1067
166
1283
19
199
434
44
2218
6
127
22
279
452
226
1591
1877
135
411
177
1491
1010
691
2161
521
256
93
1999
225
11
527
231
930
323
28
36
693
1
2177
2
147
36
3
322
366
335
372
51
123
54
1552
437
104
1482
572
419
54
472
623
31
31
1608
83
1762
59
388
137
1408
117
320
479
19
236
14
196
14
1349
328
2771
33
5797
539
556
140
197
780
1068
281
13
74
2800
90
766
105
1436
1990
22
536
198
477
1272
658
44
9352
268
1510
92
1391
105
353
1580
1439
65
2081
41
324
1058
52
44
80
103
297
29
4261
43
166
234
129
5
70
249
147
307
221
90
818
56
128
45
45
362
116
319
65
473
40
143
28
263
1264
99
78
1397
533
155
414
1046
2099
485
69
108
137
110
24
973
335
15
1
1827
1174
58
3095
12
13
2107
505
25
135
130
218
108
61
1688
1
17
77
88
400
112
2008
201
73
8
3907
187
93
376
1468
2042
138
416
64
45
2232
84
100
20
63
188
67
116
9339
75
563
5227
4655
114
171
1
2
583
91
18
821
6303
63
1003
1329
590
2853
1140
136
166
293
235
1362
250
144
549
1335
2016
6402
1505
5
4315
3269
254
5360
151
23
144
43
1457
366
160
1851
364
1
170
69
271
1364
46
481
52
80
206
101
5327
140
2473
7
40
45
341
12
320
448
558
1354
55
1653
51
24
31
376
102
559
199
2812
2010
2111
127
126
36
3469
4076
286
140
1141
28
15
770
145
91
833
46
246
1204
2079
7088
3040
184
225
156
249
1196
698
3827
491
737
216
2287
18
1760
206
148
191
2038
1710
613
20
137
122
228
357
103
1875
257
65
1539
6751
1442
276
1
982
84
158
9
971
3141
1839
208
2090
1205
4794
29
2170
32
240
605
339
787
7
156
216
2232
5
624
764
162
239
210
134
112
2
123
107
310
195
28
1300
607
471
2328
998
2555
57
2172
1224
34
270
357
133
327
86
154
3584
3592
106
247
2123
2049
1155
930
1172
470
4263
1320
85
260
91
1552
249
31
367
135
646
23
185
1004
209
177
3068
46
2980
1624
492
271
282
411
91
600
8
395
31
48
81
216
63
111
247
293
112
121
99
2054
3661
192
1729
839
1356
217
306
246
639
11
178
2108
1420
805
153
212
1467
1768
1408
458
54
1191
209
1618
1789
358
7
613
175
386
1088
541
1
1035
654
102
300
606
268
1591
35
2212
329
125
79
1869
1178
356
898
64
125
2929
2286
223
86
1133
250
1949
291
451
221
56
370
2013
2236
54
116
3677
763
2746
1697
106
307
4172
85
139
1546
25
79
603
2199
2053
677
1332
3129
1
195
497
624
87
653
558
99
302
186
1908
2557
252
103
547
218
1032
41
1
1163
53
2167
24
247
63
875
275
484
1244
14
29
137
72
909
84
156
115
88
20
474
84
43
2154
44
142
589
39
2443
236
4041
3041
2996
387
946
5657
137
373
67
1262
733
263
52
2240
223
2113
1639
834
1325
46
646
427
407
109
660
52
2221
330
1206
2
926
122
1297
3019
2328
119
467
152
1118
1347
726
115
16
45
62
46
209
75
91
281
278
592
92
268
133
84
61
1638
905
1690
84
101
219
493
1047
92
25
192
340
27
4
205
4355
152
32
26
3969
1163
3
818
154
1309
736
1036
233
164
167
44
204
310
83
220
1444
296
216
1505
288
492
75
6
101
19
897
409
321
667
1536
421
66
44
1544
1590
387
1988
290
1243
2591
6590
1
8
1575
43
210
1
1162
1125
740
1
110
1014
3243
134
1672
2805
618
873
1155
1
150
87
130
1703
2412
1080
2372
205
2580
173
141
258
22
2686
2030
1740
19
1957
313
122
308
4403
565
332
218
48
868
150
305
589
16
24
30
24
15
51
188
1
16
32
1514
994
134
1058
60
791
461
873
612
923
1131
2445
121
91
242
80
1727
688
1841
1859
1077
316
304
276
18
645
519
78
572
4259
17
183
4497
686
102
2
467
303
1398
130
2
256
1068
401
61
219
4115
247
661
130
1013
934
2435
225
179
1305
35
1260
212
51
46
70
76
4115
278
237
133
709
172
807
239
255
48
130
951
141
219
3143
25
205
580
835
90
4719
228
187
11
564
3117
91
4
38
151
7
7637
520
16
1305
881
6
297
723
937
1884
158
145
34
430
79
683
71
110
554
2116
121
5
100
319
36
856
270
2
27
104
443
199
8
401
36
90
271
255
1114
1919
22
1922
123
285
1032
1
21
48
283
13
833
72
1288
124
22
1723
231
3912
88
1141
1079
1392
117
73
17
25
2615
1641
90
223
794
30
335
280
2453
121
238
2337
2563
144
973
137
2712
561
637
1604
1458
98
92
77
273
156
30
553
511
2008
101
49
229
21
3962
138
86
1730
99
1725
157
46
1877
88
146
80
1581
142
3083
2293
1
495
102
11
254
122
68
240
2279
62
33
2107
40
1082
61
166
1766
163
71
496
833
641
494
91
23
385
3965
72
1378
1258
54
116
10
3645
146
254
4
204
109
4696
107
61
482
1152
107
447
315
1932
39
93
1826
948
307
39
1409
6463
97
1
6400
223
162
317
264
2158
646
1973
1255
185
273
503
2544
1125
162
70
949
1993
689
6426
704
1
1317
127
3724
1035
150
66
2171
1135
31
17966
578
32
60
160
720
218
6
282
311
1874
353
3403
6
128
91
135
163
4839
141
207
1930
135
121
2034
972
589
217
195
26491
204
237
248
474
65
137
2022
264
213
340
80
307
525
112
70
86
638
112
144
100
778
13
2145
269
784
601
57
200
57
1158
227
171
1205
708
3114
382
161
676
3390
574
279
857
811
142
132
136
41
68
131
509
6991
743
1915
5096
1951
1466
643
501
80
1476
1579
20
1162
104
136
17758
213
795
3602
25
324
477
1
966
546
43
2529
1643
1347
1248
140
63
277
24
2385
1961
25
1092
166
2860
117
272
111
128
405
379
799
126
525
92
1919
895
14
916
4159
1622
4702
501
313
212
581
1
56
834
239
134
254
67
187
133
635
2376
484
170
939
195
2027
74
2318
1164
5983
577
114
1391
30
105
90
243
1
1802
240
2106
614
120
459
3098
75
192
2266
581
73
4
144
23
34
214
170
2630
1328
174
199
993
137
614
5487
206
1591
19
234
4003
17
324
4561
315
1796
1528
141
333
188
130
835
786
1071
426
255
5903
307
43
213
304
788
2
106
2554
891
352
295
205
155
283
931
285
811
475
19
60
1395
871
362
1378
138
154
85
139
185
1204
291
1036
176
60
137
4251
141
1205
292
244
933
138
269
129
95
520
1194
376
16
887
165
1962
135
211
458
1413
10
34
2357
966
47
284
1676
350
415
5615
259
158
293
2499
75
358
559
1558
1616
660
24
300
20
162
1498
7477
1009
3596
3666
306
894
2688
1468
114
265
2563
258
2273
156
139
247
3219
814
163
3520
2248
5780
763
1991
16
419
566
96
257
137
1873
6578
139
433
2159
626
255
98
196
411
12030
1421
904
108
61
53
59
976
160
116
157
2080
21
253
368
318
284
2649
95
282
890
17
1373
945
263
323
64
73
264
431
909
3250
462
1425
1585
48
144
2212
3202
126
382
551
182
161
39
102
238
1708
1388
214
40
295
58
759
3904
2304
534
466
47
1519
296
158
1038
255
5563
88
185
2769
19
75
879
39
1365
2006
132
546
291
342
72
1
1456
368
436
106
35
2239
266
316
120
2011
324
41
103
1050
85
100
235
20
185
641
172
93
214
604
13
1420
2199
202
242
7
415
583
1
209
398
1
128
622
126
2772
90
3768
145
78
67
212
599
279
1599
1508
1161
188
6306
91
1505
39
160
25
2419
1113
2065
176
48
355
263
455
458
1056
3896
110
2699
23
28
570
122
268
50
310
1475
1234
15
2095
35
456
53
1
47
403
1965
134
81
24
1137
1563
14
91
2051
1760
1194
375
350
51
2211
275
385
2
122
1841
74
106
122
2354
199
5082
1704
74
137
14
67
524
635
384
800
344
648
363
33
293
42
196
46
1546
2220
716
961
464
5032
41
148
1991
1225
164
154
3485
1772
2107
471
45
1936
1236
935
274
3
44
270
1193
785
97
285
233
184
20
250
12
2228
1773
123
204
361
1479
423
351
2
1506
468
1736
91
1337
751
277
431
1007
246
1298
349
68
195
186
252
65
40
1213
1493
538
438
1278
1934
785
36
326
2696
88
21
953
2211
1291
318
154
2673
184
86
1152
5319
276
129
59
150
299
512
250
131
4
212
90
1559
413
74
191
135
110
136
1
220
247
2109
158
2281
423
505
470
143
5
245
25
175
162
160
4118
35
232
282
215
145
261
1344
137
1
1457
11
406
41
136
120
1213
625
72
136
249
216
292
135
88
293
213
594
151
216
146
185
140
171
282
604
96
1524
1620
250
182
18
8002
163
1891
79
12
2006
1002
1483
27
893
2119
2569
118
1462
872
1152
470
261
1431
1259
112
215
98
130
522
193
286
122
12
241
55
2082
1361
229
861
883
1602
257
263
135
22
108
74
2
186
193
214
25
237
1198
1396
256
475
1201
161
210
745
1036
2345
1435
2144
2577
28
1679
278
198
18
1465
334
182
132
152
155
235
550
1
190
176
195
179
126
133
122
149
19
135
32
38
19
197
13
1607
654
1
810
84
1614
122
84
385
2
289
71
20
222
90
174
