191
381
104
285
219
518
125
273
93
214
220
476
192
712
29
1
30
1
134
1
202
217
253
91
276
184
97
235
181
89
1
220
10
191
218
896
95
95
221
91
220
237
111
212
300
217
219
219
262
247
115
251
91
214
197
350
95
96
185
196
277
292
206
206
188
218
105
246
226
197
139
229
247
228
229
225
68
214
11
1
116
17
260
438
247
312
155
122
179
295
1
1516
5
297
244
122
91
3
99
121
129
691
91
95
243
134
6
10
234
735
218
217
211
561
231
3
240
216
154
214
217
212
235
6
4
59
270
450
213
1
454
247
96
218
80
222
179
216
6
12
332
227
136
215
314
93
218
241
211
215
27
209
18
181
235
457
234
144
2
572
61
284
149
195
128
193
251
93
222
174
119
285
216
489
186
254
340
228
212
62
178
164
144
216
227
95
432
219
7
257
273
3
198
301
127
128
129
168
310
215
91
1
1
120
217
215
206
123
124
91
274
230
190
129
120
273
132
204
19
217
90
124
258
238
222
232
251
91
216
213
273
4391
129
184
388
211
211
126
217
136
218
12
56
22
90
244
207
248
68
195
215
202
601
6
211
199
92
365
147
293
217
218
220
90
194
