4
6
1
1
34
1
8743
11
10
17
5
7
1
4
18
29
3
272
1
1
5
1
1
14
17
1
1
1
1
1
1
1
345
4
20
3
35
2
4
1
1
41
1
1
1
31
1
128
1
1
6
1
196
1
2
11
16
9
1
1
1
2
4
1
1
1
1
1
28
1
1
1
65
1
1
9
1
1
1
8
1
23
21
3
150
7
1
1
1
7
1
1
7
1
1
201
1
430
1
1
2
25
1
1
8
2
2
4
1
19
10
4
1
1
8
1
1
10
1
1
1
1
6
35
311
5
1
1
11
5
18
4
1
1
1
1
1
106
1
10
25
5
17
1
14
6
1
5
5
2
3
1
1
2
1
1
1
6
4
5
437
1
1
1
1
1
1
12
13
1
1
1
1
1
1
1
1
1
2
1
9
1
1
1
3
36
2
8
55
1
1
1
17
79
1
1
2
7
1
21
1
273
1
1
13
6
44
1
3
1
1
6
15
10
2
11
5
14
1
1
1
12
1
1
10
31
17
10
3
1
1
1
1
17
15
1
3
2
1
1
1
1
1
7
1
55
1
1
1
25
1
1
1
1
5
1
1
7
1
5
1
4
1
1
1
1
2
6
1
1
1
1
1
2
1
16
1
1
1
155
2
30
1
1
4
1
29
1
1
1
2
1
2
1
6
1
1
39
11
1
1
1
19
1
2
8
2
1
22
1
16
1
5
27
1
7
10
1
3
1
34
2
2
1
1
8
3
1
23
1
89
5
1
1
8
144
1
13
1
1
1
1
1
5
2
1
21
1
1
1
1
1
1
9
1
33
76
1
12
2
17
1
6
1
3
1
1
25
1
1
17
2
1
1
2
1
2
1
4
27
30
1
28
1
5
1
1
13
5
18
1
8
5
2
12
1
1
24
1
1
1
3
1
125
1
26
1
1
1
1
2
402
1
1
1
1
1
39
1
1
3
1
1
1
5
1
1
1
1
6
11
1
1
1
1
1
12
10
1
56
1
1
1
1
3
1
2
1
1
3
3
2
1
1
1
1
1
8
2
1
1
1
1
1
1
1
1
1
25
1
1
1
1
1
7
25
1
1
5
3
24
56
2
2
11
5
1
44
1
1
1
1
2
108
2
1
1
1
1
1
14
6
1
1
1
49
1
1
3
5
1
2
1
8
1
3
1
18
1
3
1
1
2
1
1
9
6
1
1
1
1
9
4
2
12
1
6
1
1
1
75
1
13
17
1
1
1
1
1
1
1
1
1
1
1
8
1
1
1
1
591
1
17
107
5
1
1
1
1
1
1
1
2
4
1
1
4
1
1
1
1
47
60
1
8
1
8
176
1
1
1
3
16
1
1
39
10
9
1
2
2
1
138
1
1
1
5
6
1
2
8
12
3
3
1
19
1
4
1
