208
915
67
30
72
1
84
823
985
821
69
101
787
538
37
59
8187
217
2329
1920
104
1073
2563
4
648
215
213
202
49
586
1
305
649
3708
216
164
1031
913
58
26
1697
3299
634
73
93
29
4644
140
303
5162
50
282
72
56
51
55
8441
17
348
53
42
342
156
473
3628
2666
213
2342
253
31
219
1
69
5081
249
8995
213
2894
1165
46
717
13550
10411
271
5
299
138
149
169
271
2537
26098
201
154
92
6956
2039
120
717
274
21
33
56
20
13701
173
450
409
29
978
96
205
66
1624
10746
327
3228
88
254
154
191
1157
67
617
851
691
625
686
202
130
894
31
3291
1003
111
41
555
31
1965
88
121
427
667
1519
360
333
546
127
1384
84
2254
1536
254
1659
531
332
3102
1060
945
647
122
2
13025
1407
310
17
4871
2135
446
56
989
348
236
2347
301
157
84
414
486
963
84
23
55
102
355
41
375
4600
635
13055
25
421
10394
15654
74
2574
421
725
165
42
611
72
1102
2
1482
723
366
3368
167
30
423
1608
336
823
422
9614
28
355
116
713
276
178
680
13531
593
172
85
5692
789
360
205
264
377
79
296
26
588
51691
81
103
58782
1211
2134
3275
222
467
386
718
926
70
27
9696
1297
1406
6746
360
61
1996
239
5
524
57
1321
64
23
129
335
106
208
354
91
8391
313
49
259
341
303
1303
1319
3763
114
105
1045
247
256
172
55
183
18
1216
280
89
686
6
309
1214
8773
1395
546
1185
410
211
753
864
407
273
1428
13
2817
2134
19
140
543
29
808
4043
101
58
228
715
66
460
1032
531
627
6653
939
152
150
2833
6415
181
21
1016
84
2745
516
2795
80
337
290
100
32
7109
136
6578
1377
39
18
8106
335
5326
4654
20
211
40
131
2505
811
5654
2488
43
77
160
2
10
18
3734
70
2117
30
5948
169
378
1128
625
1485
30
4318
732
65
8121
196
506
2
262
628
430
436
1860
23
3514
3528
339
46
33
62
27
1477
510
163
76
357
2034
4220
86
56
41
138
2686
935
996
1622
317
253
154
448
1265
580
676
445
832
91
428
179
669
1406
257
541
570
479
302
50
13
674
630
20293
301
2983
10500
684
95
222
6453
81
47
211
969
46
237
602
60
48
647
46
508
395
17
13459
8911
111
866
43
52
2695
90
292
3184
613
352
228
1497
150
111
50
32
104
1244
523
62
442
549
1029
29
303
3
4215
430
69
10349
816
12930
212
1495
2480
639
319
1846
244
106
86
129
1892
2489
307
285
163
153
1109
458
995
517
647
1582
1299
18
47
328
8305
261
199
580
1077
1488
333
682
10014
1205
9
231
43
1
2035
4854
303
64
312
727
66
801
6006
55475
6118
411
631
79
394
2474
754
34
402
385
19561
189
1275
39
61
268
124
95
3083
85
225
260
3743
3629
275
869
465
38
369
358
182
3093
217
348
16893
51
213
117
412
594
182
203
1739
295
1468
1762
903
1041
38
38
954
791
79
7
7120
62
53
3400
519
276
60
500
690
1211
2
70
260
1367
1292
426
1878
3
31376
346
320
5909
1949
78
61
315
760
151
30
35
1143
128
2269
5300
313
42
3727
8075
12652
373
589
123
179
305
10056
43
29
87
18
138
1077
210
186
84
2752
7901
275
801
190
74
13488
30
1
568
3081
101
182
140
36
144
118
1533
419
54
217
3549
2040
1832
98
976
72
145
661
53
463
935
361
4383
21
114
434
168
326
451
2824
70
6426
876
67
187
178
591
210
68
337
323
289
71
158
29
172
491
38
931
139
621
4172
7245
15
1958
443
10362
2572
62
243
584
1309
1540
90
1014
18131
257
496
53
51
684
492
7349
218
2523
2439
2031
114
104
5195
224
1937
469
282
14
6291
666
301
303
692
159
789
373
485
202
242
294
386
332
948
6099
49
2241
6035
731
186
2016
83
2339
1554
207
259
1449
5291
489
4830
42
1943
886
4620
376
4431
224
1950
1736
309
9
1102
14099
74
87
6697
200
486
98
7
416
512
250
333
17268
225
23226
3350
154
348
888
134
1505
380
2262
5292
452
501
171
3140
195
2120
53
2231
10215
113
79
495
1760
182
1091
58
139
222
4226
453
801
95
15709
2659
477
100
105
1416
197
1157
6424
24
5606
781
325
16242
109
2087
768
1816
279
1970
6959
1138
2921
136
492
731
6960
18
4196
1067
253
12
143
117
3894
1624
60
183
1448
104
18
91
2104
869
282
1021
222
106
17785
4636
483
11
423
2870
107
103
571
8547
33
44
432
2091
1883
406
7451
388
68
73
367
190
1300
1278
128
418
620
4339
1150
46
246
170
241
611
5258
2014
647
78
240
1096
4900
2703
88
103
15951
1508
235
177
1002
489
484
771
130
3976
4762
222
3
596
2922
130
1429
3835
1526
1023
2224
3903
207
16
11481
332
545
1969
21
406
689
250
269
231
45
209
782
563
3162
357
261
5193
3282
853
387
434
231
401
813
39
13
451
3097
189
18
55
2957
3285
386
662
2254
35
523
1402
485
336
1739
460
107
649
21
1742
66
1353
207
383
46
153
225
43
2699
1087
5732
130
1088
325
105
566
361
454
666
5937
6023
236
11
1843
2205
2582
228
199
765
2113
823
1015
101
2021
540
242
51
213
614
300
3417
1041
1
1664
679
473
170
32119
5527
20133
733
336
392
15678
18
2915
107
141
116
6349
78
692
632
124
304
307
1476
430
49
2372
268
3690
6574
937
839
319
13
157
67
1680
176
3974
53
541
107
101
2629
76
119
2947
77
107
3408
288
127
87
580
514
2982
5026
91
7169
209
430
431
288
1135
51
37
806
42
998
23187
543
350
24
21290
332
1116
33
238
145
1276
10173
2494
3262
412
1
52
2426
7525
1694
775
138
1981
397
2892
258
169
12
707
50
1519
154
41
1
1884
90
939
634
71
246
315
119
48
74
3277
926
939
142
1180
526
1617
509
40
12636
423
1616
5946
2821
958
178
4460
4268
1735
902
828
797
31785
1291
5770
12905
295
2946
494
805
600
365
393
90
74
1718
4908
3637
124
80
68
220
762
37
747
12835
4263
81
109
149
147
101
10
2839
210
3713
2456
3533
823
131
161
2214
408
213
2453
182
165
400
930
129
78
15
72
365
165
60
343
2278
33
79
896
75
62
826
151
1508
14826
158
2161
134
1625
146
687
69
268
73
381
564
3126
20
25
2448
204
55
109
10948
456
467
1023
98
5905
49
161
572
197
111
10891
476
106
2498
807
562
7804
282
11
7
793
16
233
1039
1025
1110
231
17
539
2272
49
128
1834
28
192
1602
63
1758
53
875
2813
2580
82
270
1234
467
43
615
186
714
364
619
25
55
2386
201
96
186
355
2780
1016
140
118
43
698
46
14671
470
49
231
8497
9913
812
2994
4333
492
4691
260
877
265
297
153
481
39
4557
259
2449
1215
134
101
503
86
156
21
2254
2311
6445
323
124
24
1059
391
460
126
1375
458
252
127
107
414
990
142
563
5179
588
12
340
35
161
416
13
207
94
186
67
755
157
5629
1019
62
454
17068
24
122
100
74
1144
173
33
58
2633
169
55
2225
115
1321
2076
491
128
90
644
91
1233
13151
604
287
2247
543
627
3312
34
264
442
1421
7
134
65
182
187
313
529
2252
10254
112
8601
1238
1609
9136
229
282
5182
3274
10159
186
511
312
52
646
248
257
3153
30
285
11
10210
793
12
222
2566
1463
18
237
68
61
267
653
1523
695
12706
170
527
631
163
652
2364
424
882
2053
68
235
757
490
6120
6048
63
380
172
64
15
101
98
8
373
235
2460
131
119
32
25
4219
238
1251
207
123
1414
29
357
84
287
1009
695
213
535
1111
2172
148
258
5511
112
3
152
118
1735
118
2000
2891
1433
2439
618
1093
15860
3059
1041
229
1120
8935
13724
1902
15
110
197
621
608
169
231
399
748
882
296
3537
16
1322
76
364
90
425
275
730
379
2115
196
2518
463
5205
298
9497
475
151
1045
2692
1650
778
3078
469
145
1092
1155
343
706
131
808
46
2277
3247
3555
72
70
2473
53
3290
1163
1174
393
421
3565
139
140
118
868
1038
204
36
1150
1552
767
111
254
1821
58
87
13948
1015
5448
1890
15778
4581
229
769
39
494
2005
940
282
8681
90
104
9
2320
4543
183
898
441
149
45
534
242
63
240
202
324
4714
5373
201
254
154
283
5125
5294
118
1549
3455
2200
993
518
229
1774
269
202
25
8842
835
3015
2001
14873
137
399
57
259
44
1844
238
23
53
1333
2
1430
6846
463
1590
378
734
883
374
4447
443
7500
1875
6119
16
2547
2373
215
187
21
168
101
291
129
1187
12
10727
369
176
1046
572
1248
2456
94
4023
382
419
848
232
70
2961
1607
51934
832
1892
1243
692
72
524
22340
10
52
625
27
1455
297
62
558
561
24
128
3838
977
481
343
65
508
743
581
8
794
63
207
263
136
685
64
6240
2072
14443
4208
391
252
251
186
26980
182
4765
391
756
232
375
1963
54
4187
3946
11383
63
17072
1936
202
3929
76
46
232
9519
116
1635
3856
537
92
43
7223
4234
1105
14261
215
7747
28
1462
2480
7421
3970
1026
162
428
945
513
1258
2964
1435
229
6166
5321
589
381
177
1
1170
641
489
144
43
2085
2660
1898
198
63
852
104
477
1439
1173
104
782
557
504
56
3378
1759
64
99
1680
928
12278
2317
55
160
364
181
4883
46
18
49
27
800
150
3265
280
131
125
34
5366
1607
322
3640
26016
518
4810
38
319
19
1021
295
6838
33933
124
1833
668
1079
348
1717
5695
714
3750
64
431
1
217
477
197
23
7389
1814
2469
464
346
68
367
1592
7
608
1586
860
1827
5
401
1328
207
474
327
69
1304
9
929
4406
530
337
1519
797
13
127
597
808
4911
63
133
1338
367
328
1052
15609
11573
156
865
1247
168
124
224
28
5657
445
7
6462
109
31
359
1447
202
272
14
2564
664
2110
238
27
372
371
2923
6493
1681
2492
16360
4327
81
242
345
53
37
1045
3811
176
515
557
2195
395
2831
127
243
629
3688
633
110
143
1043
39
17741
186
177
398
495
137
1287
498
200
1119
77
141
58
50
31
683
37
287
39
13263
5
252
373
2368
1102
2277
388
558
884
753
871
446
499
4983
77
344
77
44
772
189
186
289
346
596
2502
22
215
70
1509
302
130
151
1087
3433
4023
443
26099
1048
163
22669
437
1237
93
516
1664
42
886
367
1769
65
410
56
200
324
361
132
900
70
31
149
4155
20
26046
6287
8254
3237
3415
4814
8039
346
10927
2113
7173
2210
2311
10103
8653
1537
374
103
382
117
287
154
171
25
77
73
8647
56
3264
825
924
354
527
293
151
7017
1706
1373
1580
350
1027
4255
17
159
98
1331
3497
967
1302
6
11
366
4819
573
69
3376
843
337
29
244
433
1770
25
52
673
7152
10417
11737
51
6360
270
4770
463
3314
32
2546
257
579
2369
45
49
1518
3502
25
3533
237
77
840
67
4923
1395
189
2933
97
69
110
23
349
223
434
231
2806
3301
85
24907
61
90
181
1738
67
4
61
88
977
20
387
113
4733
4325
46
144
2225
58
1987
680
4
58
13221
1517
1364
1815
3980
2179
239
591
1556
256
2706
69
315
3626
1113
1043
5238
40
734
10171
208
6528
8717
1061
331
1275
73
682
23
140
69
144
129
1320
1861
3060
181
1597
330
119
426
303
60
132
1186
1622
436
1132
862
2213
23267
504
44
87
47
3231
1100
392
1485
996
1260
1788
3614
2164
590
416
1090
1934
269
1002
2608
113
58
70
211
60
3954
114
152
572
391
64
22
65
777
149
3059
3381
644
112
516
495
2783
40
6057
3935
838
9
1239
542
1169
533
766
2738
327
2005
193
9274
8515
124
51
56
246
423
67
671
1003
1466
907
89
216
866
196
1771
1
1434
2175
1305
1409
4101
9015
508
2479
52
35
9
297
1741
114
513
153
2903
14
306
1887
2142
282
424
126
1290
55
134
160
305
82
300
1209
120
27224
15151
14354
6656
359
28517
10247
2122
8463
2281
146
48784
4595
31862
14966
16930
5235
6982
21941
5782
177
1365
2805
1649
155
1468
218
592
2382
50234
8744
13414
5104
2305
1164
4797
3325
60212
120406
3791
13184
18674
916
293
127
206
18726
8548
4045
1546
45482
3005
2376
25741
17715
336
11272
4492
8839
745
5007
223
15035
298
114
872
789
1419
939
4388
123
329
65
1339
7482
150
4126
17
3219
3949
1466
1218
62
11502
87
163
209
64
319
378
314
4391
330
319
274
451
6
444
563
49
322
297
41
1742
47
118
2654
2405
465
2823
948
7311
11
920
8169
10691
647
8547
282
1146
207
474
200
19802
1922
45
258
438
32
33
312
434
216
55
55
1606
1483
21
25
135
2805
63
1877
7
4212
101
363
52
253
2471
671
261
237
3880
253
223
112
382
33
306
3848
538
289
100
52
1057
300
132
81
130
477
1980
9469
904
397
6103
103
71
61
14554
22
829
63
189
431
203
100
1147
276
258
7120
1935
5593
1420
17709
2889
139
194
346
215
969
2
166
152
10999
15
2683
35
1737
53
100
817
4020
357
15
480
455
1365
10
37
247
622
328
449
2885
156
733
149
392
1265
380
6799
1082
1734
4628
6314
98
338
373
140
489
17015
2315
155
699
519
159
1282
186
837
713
4876
1094
13
1291
2476
568
552
317
1445
2928
39
761
42
1011
19
653
1947
348
28
4558
15
2055
166
1673
12
1841
60
100
564
973
365
1206
3573
158
32578
2421
99
1265
58
248
2297
874
324
6036
70
35
514
2905
115
38
121
537
189
1164
337
3197
2566
2024
863
2
394
372
1454
936
420
892
564
54
205
1419
983
1510
2602
1915
139
4072
1998
607
1708
1538
190
502
197
6802
1340
371
89
15
109
315
3328
7983
4244
6887
3120
396
7693
8314
246
6044
1417
255
239
172
463
1890
161
889
226
232
75
214
1169
420
1198
6226
1484
1566
688
11784
131
1792
8077
14
1044
814
8
74
842
18
614
1080
694
1037
87
11104
106
54
73
217
2818
336
300
2150
214
279
113
197
130
2145
124
1126
494
468
524
1350
227
21960
89
4879
38
2753
1022
1850
100
4540
1771
22
232
1336
7596
30
125
521
2608
149
144
672
1595
9
138
950
350
55
2973
4572
1081
565
3756
569
4103
55
991
68
16
41
19
334
2683
53
12691
184
521
2033
44
124
1069
6619
518
655
11
39
448
203
1094
198
163
68
24
2209
415
345
293
2697
168
1820
573
1733
3105
200
687
57
631
423
1809
649
46
36
956
18
1901
1
6042
1012
73
810
124
3362
140
953
1085
298
3870
809
131
1312
216
841
128
217
76
90
105
922
107
1468
331
562
1478
239
189
115
1213
4553
4581
97
246
2156
367
200
40
19
61
704
2567
136
530
74
236
406
240
39
549
490
60
128
187
439
202
151
379
130
1342
64
137
1106
2106
57
22369
389
47
43
8622
348
4725
933
884
361
16
70
49
21
39
88
15
114
665
14921
82
311
47
11565
283
170
152
532
5217
709
292
502
422
998
651
60
3282
3
96
4786
566
27
194
166
38
67
292
1602
67
14900
28
1429
2752
8
96
1699
31
2091
308
556
4936
641
1979
9746
275
221
477
1658
1089
9228
212
8800
553
40
469
343
430
106
1075
745
918
297
315
17
115
8620
839
140
939
540
440
4237
381
2785
26
38
2543
110
485
93
269
438
683
6961
800
3329
239
199
115
8
144
601
2301
402
220
190
240
449
866
529
12870
1042
709
333
4218
799
37546
661
213
42
138
129
16
82
2328
488
528
550
2390
183
1291
201
973
457
107
514
617
2606
951
122
75
395
1367
130
2818
1246
3887
13699
10307
1730
688
1104
157
65
24
1138
323
419
642
406
686
2
139
54
673
18
1390
977
12411
251
421
74
11424
175
9
2831
394
57
617
5810
1161
97
441
141
7193
12629
44838
2790
1726
297
3424
142
4351
131
2058
745
1024
595
193
301
991
35
220
28185
77
399
27
551
278
1561
303
10
14248
137
163
116
581
1455
141
153
180
320
22
50
10619
38
455
123
190
1303
49
321
205
1353
229
1999
2530
80
2196
1920
5616
328
4382
254
1514
310
49
1466
144
70
1688
181
3936
1025
3657
163
1222
231
1
23212
1712
532
1957
21
3996
2696
129
531
259
364
13767
200
5793
769
4
128
818
8
439
506
1551
150
5483
349
1204
1098
2639
65
4766
2255
341
141
283
621
47
228
2124
40
31
307
10439
5639
461
423
153
814
869
8
5
358
764
3615
623
180
221
1788
267
151
189
897
591
106
129
681
1597
2169
136
85
532
206
3397
618
714
1018
72
415
1183
63
1444
761
1050
2
271
426
877
355
65
2192
299
3451
234
135
81
5711
138
13242
103
757
11133
26
146
71
4283
1553
84
54
1
16
117
1482
1517
1510
179
415
108
8021
177
87
187
569
187
65
3970
1621
10
278
348
1202
774
3002
166
4087
3639
893
229
191
3431
7392
143
413
2915
60
3009
2357
30
831
519
170
1740
80
5315
621
504
47
2514
184
119
187
463
8
16953
939
3179
1078
681
396
97
27
2053
13294
8531
26
480
15866
7780
361
1887
997
14202
11313
12288
106
157
154
1291
2038
66
1533
34
4184
7321
2396
163
535
290
2168
2945
1009
147
1976
2451
83
8
1764
151
922
176
561
148
3672
11994
418
5750
831
1886
363
491
3412
365
1185
364
826
2419
935
602
736
7
2307
690
1331
864
2796
514
217
7
6529
1009
1539
382
85
9458
453
442
53
509
552
134
4677
30
172
1570
364
890
77
151
214
143
99
1010
567
333
183
111
58
430
310
597
455
824
166
169
586
615
2440
375
1757
2870
632
1762
962
9599
3274
5151
54
3784
477
73
288
575
23
60
9757
3516
1673
50
367
27
1000
112
11165
679
440
1263
1098
3296
1861
260
5077
234
1209
1534
777
12
710
29
336
232
127
143
25665
4708
179
781
33
259
204
910
155
562
629
2380
933
560
562
842
3315
2065
438
51
550
4513
248
1078
6363
1243
2311
725
214
150
122
311
773
2086
971
566
325
2256
357
3629
43
127
675
9125
833
724
225
1957
58
296
2950
624
28
18909
1262
239
61
252
4995
732
1256
5137
294
654
4734
1776
19341
9025
9423
1938
708
34
10
4986
34282
29709
28238
767
2268
127
731
838
1314
747
519
1193
7183
2651
659
30
38
18
737
221
24
713
130
338
2611
81
1
1133
795
39
437
107
1301
120
3019
350
2696
257
382
858
92
74
104
839
1378
623
2752
2404
657
465
252
7
741
416
971
3423
16
84
22
322
102
605
44
1068
8626
281
5609
273
69
858
576
149
630
267
612
13299
22
391
863
103
1271
944
560
1215
2161
250
32
24
52
1172
558
57
33
737
11
4576
267
292
52
11382
384
1631
2056
186
1867
5208
50
117
125
379
1226
15010
1469
21
395
244
7
516
22753
432
864
1121
811
397
263
346
1896
1349
597
5396
813
90
1321
16039
8332
454
228
1015
386
28
135
85
4353
348
171
26
23041
21296
185
16
767
481
470
12243
43249
90
3935
3183
187
6464
2285
4980
3408
156
167
551
4213
96
48
3532
1854
342
3126
383
301
6417
200
148
468
4
34
18884
369
650
130
127
178
276
247
252
2777
1164
20
7550
38
913
337
346
278
193
109
1403
153
71
125
510
225
4
293
6996
489
3646
1200
285
166
98
65
586
328
2693
974
993
41
450
886
55
317
248
2037
5241
51
104
259
159
301
600
16109
2744
340
60
924
361
535
141
5108
6978
798
3329
3087
9144
576
3
184
317
2780
134
3263
555
161
5258
261
73
59
399
5660
152
116
6994
70
51
854
909
512
502
5655
37
844
423
83
340
1253
459
376
8
276
2812
356
224
10
333
714
7892
2999
160
258
40
1489
342
84
228
293
1470
13135
3519
5455
1184
161
6063
3366
976
27
12
1250
8254
7338
831
307
1410
404
396
296
572
69
84
63
3790
9817
118
719
852
34
384
73
62
3340
13952
911
315
278
360
134
143
248
17851
1042
218
13065
4712
1947
132
183
529
184
325
842
1424
24
104
2968
229
341
1793
458
299
2427
511
279
489
542
34
2555
1888
361
1174
8248
27
1427
355
1799
537
1878
1119
141
2351
983
974
3152
88
292
37
16
26
64
90
60
6244
591
4523
807
610
221
351
891
129
1393
317
2435
4013
638
5043
182
461
2337
686
6387
8
387
1409
300
957
16239
2128
23
112
44
339
263
6252
73
1022
985
775
89
3588
8791
80
1255
592
5005
236
396
1603
749
5536
433
124
76
206
116
1557
374
2963
110
199
22
47
475
1852
567
64
65
2244
311
1600
8107
412
305
1349
4816
2411
928
182
1516
552
129
40
605
1984
464
1590
172
283
517
206
647
52
103
59
5577
570
106
8534
126
508
4596
1589
323
4059
2
2325
355
146
40
1110
536
106
1699
8811
3576
380
389
357
1912
271
42
344
109
1104
902
1431
25
133
51
942
119
780
38
491
410
34
2161
395
681
4858
1708
623
5904
1268
811
344
1420
204
2117
24
565
8207
2
507
16
8315
1198
4328
338
7985
3768
1327
334
436
3377
126
304
1561
2358
2610
4872
771
17
490
2175
2471
225
277
939
339
283
63
161
2805
31
799
1189
281
2261
758
551
53
392
275
18015
5001
208
58
348
241
78
879
9854
954
2511
351
233
922
325
242
592
120
51
1027
224
8
53
599
1144
85
80
840
4474
44
8678
2559
686
884
8407
13
792
630
218
319
947
47
3206
101
414
126
865
2086
105
110
120
361
2824
108
304
1017
58
39
1
1086
1838
50
8035
258
615
6229
848
2169
2698
2413
873
4
194
335
34
772
139
48
881
