14
8
8
86
7
26
7
23
44
3
4
8
360
9
13
30
46
125
3
9
17
40
50
46
16
23
71
1
42
11
1
201
7
24
12
6
9
6
8
11
34
17
29
20
13
9
26
9
13
8
6
10
17
7
61
42
23
29
10
25
8
7
1
18
20
28
9
8
8
32
6
11
17
34
91
1
16
2
9
15
3
1
59
19
10
22
9
15
12
9
11
29
22
8
35
20
11
14
18
13
12
9
21
14
132
10
10
10
26
11
11
10
9
17
13
10
9
32
28
20
193
24
17
16
23
9
17
29
16
171
16
16
11
25
1
25
32
8
7
32
7
3
15
8
18
15
3
10
10
32
14
17
13
46
12
7
6
7
6
9
55
16
19
59
18
94
28
9
55
8
5
7
6
35
30
13
7
12
10
18
11
7
32
33
37
9
15
10
8
10
56
17
23
8
6
42
31
20
8
8
9
7
7
22
42
9
11
21
42
9
19
7
18
10
38
47
30
6
9
23
23
8
10
12
9
8
20
43
7
31
7
9
26
7
7
7
23
17
43
18
22
10
40
12
40
16
21
27
12
18
15
385
14
32
10
111
8
8
17
9
1
18
11
22
13
39
25
72
9
30
27
27
12
9
12
8
8
13
53
52
21
6
28
3449
110
7
14
7
12
17
18
9
9
7
154
24
10
26
8
6
8
11
183
20
185
8
10
45
15
30
28
5
7
10
