18
1
90
13
15
737
19
12
21
32
9
140
408
87
153
11
942
173
29
328
217
102
141
131
409
1467
29
645
82
36
182
77
89
1
112
4383
63
1230
358
225
77
52
183
48
86
184
16
17
371
84
487
719
12
18
36
261
206
3
138
459
2604
460
23
20
232
704
375
300
839
58
145
414
555
30
47
26
14
425
35
146
39
32
239
25
202
248
62
58
141
111
137
49
143
655
760
129
221
131
54
3097
132
58
60
66
46
21
96
50
554
27
70
63
58
319
24
38
118
157
111
215
273
12884
33
76
292
596
393
521
3
705
33
2381
2366
927
1928
16
525
1344
39
211
47
61
639
26
120
9
108
123
1808
818
14249
81
162
109
29
48
180
10799
91
2488
67
58
1868
286
90
278
20
75
360
290
95
472
10
95
121
85
57
27
24
499
212
19
1088
1379
348
1418
249
2465
78
307
23
251
243
26
1291
24
1143
283
59
420
165
29
30
57
4153
96
579
392
142
22
16148
423
11
8
74
197
1115
242
3
653
300
153
208
7
5174
137
767
63
144
17
20
16
186
122
57
3761
7
54
5
620
43
321
43
90
90
371
185
19
32
157
517
195
1030
2187
90
351
25
1962
139
91
18
150
17
31
302
20
913
474
70
9
65
814
38
129
17
123
1907
22
89
94
2514
27
138
39
324
1302
123
191
7
14
65
205
92
13
9
23
164
168
119
49
2262
1577
8
851
22
206
387
150
79
1573
97
29
131
76
343
119
28
903
102
1306
153
445
33
96
86
63
228
210
40
345
357
35
276
82
653
283
96
664
58
104
454
32
95
169
539
62
29
191
618
89
376
5
40
12
574
5002
607
1418
10
244
1557
563
42
17
186
51
277
245
6
14
400
309
14
43
64
36
19
25
1517
248
91
339
72
92
91
44
1967
224
45
1322
2580
222
6
5
128
2
928
602
63
122
633
311
110
3878
42
261
1124
832
261
117
163
1446
206
202
1835
52
264
84
1755
122
17
30
169
112
579
21
119
12
1297
130
178
792
467
679
148
156
200
48
1837
44
117
88
38
81
876
97
260
735
285
130
83
16
99
108
69
1896
674
152
1025
