433
261
155
264
322
5
178
501
327
281
153
133
247
382
214
462
405
153
298
156
154
135
281
153
281
769
13
232
220
269
295
144
284
142
5
5
2
281
306
275
163
288
260
1
6
500
470
323
154
271
135
329
292
639
500
274
183
136
1004
675
139
228
124
160
769
289
192
257
282
256
340
141
277
199
471
146
310
226
259
375
323
222
218
253
257
302
333
258
319
295
260
162
388
135
272
167
251
288
223
283
615
297
4
470
152
268
202
363
347
431
142
364
9
147
1056
466
170
203
296
155
836
320
276
268
870
102
283
7
123
406
253
226
268
358
305
304
364
132
790
151
155
141
256
15
546
618
125
581
398
303
21
4
188
658
305
74
265
256
274
272
3
127
288
329
256
153
518
257
6
208
164
278
277
2
201
399
125
167
138
282
229
59
288
599
266
319
142
264
80
156
316
237
540
1
8
1
322
295
127
139
281
98
8
125
447
192
208
135
203
325
286
3
166
156
199
275
193
196
133
293
151
278
251
322
239
143
11
121
708
346
420
318
2
201
289
1
271
812
2659
316
184
473
139
132
340
267
298
224
322
135
5
206
218
164
14
279
258
7
1
191
41
127
334
151
322
121
1
299
270
257
264
274
3
151
287
155
5
1
260
125
275
151
289
299
327
749
275
9
287
284
320
264
8
263
300
324
346
3
558
222
16
122
134
277
303
284
316
289
12
137
307
290
8
421
463
7
283
170
311
245
297
145
9
272
251
4
268
1
195
275
211
287
249
164
143
5
165
287
264
378
202
581
406
155
155
277
620
874
379
301
282
192
153
185
254
62
514
99
2
306
266
135
16
280
524
177
35
281
283
894
143
489
470
85
595
160
268
274
265
1
134
625
283
260
281
429
247
159
2
241
262
217
249
302
256
288
496
139
47
284
132
151
134
463
250
80
226
263
181
251
197
218
275
291
332
279
259
133
377
140
276
261
245
231
298
257
267
279
199
120
288
224
1
1
284
319
