395
4866
99
35
6
602
44
106
165
96
43
6
568
438
4377
16
8
1841
917
87
51
13
599
1834
1129
583
7
3023
123
1
10
61
145
49
232
5784
249
20
37
192
74
453
129
296
2010
41
626
35
624
87
85
46
345
2879
1
1379
153
4
49
184
37
747
109
1713
4625
3197
1369
92
114
4028
139
91
365
374
3007
449
1338
22
1
1329
32
33
3472
226
189
25
4
1779
374
216
46
478
1514
60
4261
88
903
1544
860
1022
25
1111
38
340
4714
1
513
2031
118
1
1123
219
219
1317
16
1134
264
268
694
275
390
853
268
1
273
272
15
224
48
2602
948
22
80
943
4
100
61
3024
19
80
69
769
38
7
21
44
212
364
1990
29
5172
278
49
149
384
94
209
125
462
11
227
1423
8
2060
11
1645
92
1871
204
91
106
102
1748
12
65
78
719
12
61
34
220
5590
85
116
488
92
22
77
881
999
93
215
9
2353
