96
426
110
51
787
6
55
47
18
4
113
228
10
25
4
9
4
424
117
591
2
105
112
851
317
1772
61
187
886
201
10
160
19
63
2
21
14
3950
986
12
248
27
2155
1267
19
118
25
8
217
180
221
71
153
1420
101
7
125
1
287
908
306
2005
47
612
104
226
376
456
553
115
154
359
591
25
130
8895
2686
193
47
4
95
132
125
1024
33
1
132
163
1629
84
141
61
3
2
651
140
41
54
97
1735
422
47
84
3045
112
1017
1711
29
1
67
54
83
86
43
50
870
584
705
208
180
140
93
121
1022
1243
1
68
1373
8
387
1352
961
175
115
436
33
14
120
1800
2452
829
35
1112
484
99
1349
15
479
1142
222
57
21
1
31
203
114
924
488
22
109
2
126
204
10
31
1411
511
3
396
880
85
96
151
1001
345
14
140
157
10
71
953
67
180
8
151
131
109
30
134
238
28
3
404
8
131
25
53
114
11
2119
571
56
450
933
21
930
56
30
10
625
54
154
134
376
55
279
160
743
49
530
38
95
593
7
349
104
241
586
813
489
2168
6
376
773
39
62
716
142
102
11
28
40
101
763
980
45
28
665
1230
49
9
74
80
25
647
18
130
22
760
25
891
18
623
939
226
1815
59
832
10
22
212
83
135
71
1413
315
891
895
309
308
11689
405
6
52
273
1109
99
264
252
107
25
22
300
10
609
36
46
75
19
347
15
133
14
103
10
396
332
212
800
260
77
175
487
4
40
69
1439
71
271
50
251
68
817
44
30
262
595
1547
995
2399
1692
2791
144
4
90
22
17
4
109
178
2
1216
10
134
133
1328
1348
13
394
70
773
815
844
1
29
713
134
118
195
339
92
8
311
731
172
66
36
562
563
153
591
1
1246
235
81
91
98
60
24
150
3193
557
349
10
32
9
1
79
28
62
148
198
31
230
57
11
640
1045
95
28
279
776
157
586
1096
3522
539
404
65
55
91
48
95
297
1485
159
1557
153
14
89
168
46
210
11005
133
72
8
17
45
6
97
3416
192
216
105
7489
41
259
98
74
201
88
113
14
43
2834
15
376
1196
352
1174
16
318
538
461
61
1027
75
81
157
299
10
2261
20
620
46
39
14
8
383
191
318
142
1044
147
83
224
553
141
31
2080
14
283
17
1435
35
119
613
71
12
41
75
47
37
1
8
2427
356
709
20
490
869
1493
323
75
800
783
3416
298
12
26
868
468
413
3585
739
23
112
247
180
1890
150
2192
354
249
66
192
717
300
326
1835
17
30
874
612
633
205
103
450
1215
84
178
96
348
3984
228
389
7
309
4451
60
9
253
353
457
159
10
5
605
11
3
2097
177
26
61
1399
1128
833
797
4
10
487
20
1657
106
97
10
122
1697
1216
13
76
22
486
1011
28
141
12
40
23
1368
580
104
652
109
105
63514
16
8
111
1
1
347
60
431
1070
13
41
287
11
713
160
166
170
100
8
1262
250
21
303
1202
84
544
14
138
102
1517
229
88
54
270
16
743
13
19
18
34
1008
1116
60
408
1442
24
1916
5195
279
1454
105
481
265
25
94
836
224
2177
111
15
1009
609
5184
951
593
51
489
122
72
1395
50
252
78
249
668
49
364
470
764
29
1972
87
4
54
382
151
178
2523
135
113
161
878
9
3
39
61
263
895
641
29
149
108
96
1497
86
214
166
1273
2
315
79
43
93
4
219
734
1332
1369
2059
1745
1064
34
851
9
248
79
109
200
10
1051
807
960
321
44
11
20
43
48
75
967
310
17
27
2287
117
53
730
39
3099
7
90
785
991
154
601
62
444
124
94
95
835
63
211
23
530
722
1169
898
968
96
25
889
173
300
116
177
12
44
127
1687
195
1158
305
140
40
51
1
1065
47
16
139
1382
192
88
11
1050
145
59
187
1031
30
901
4083
558
469
253
19
183
52
1330
453
937
773
685
38
1
685
686
69
960
750
70
32
56
330
1949
197
90
411
161
3
943
348
1007
262
932
36
1086
52
787
60
315
16
298
882
716
690
2652
567
680
245
682
36
845
48
95
1
134
14
79
182
129
55
110
1
2
891
775
90
67
275
123
154
539
400
2673
1841
90
553
20
1021
464
99
1090
1
351
19
157
291
172
77
630
5249
822
207
83
37
24
422
47
298
58
223
669
29
890
402
6
123
5905
108
40
2402
375
128
1514
175
354
66
30
119
1824
95
351
63
121
72
1046
184
51
270
51
162
1509
163
344
7
26
36
319
34
246
838
6
323
409
935
12
59
58
12
88
1997
244
93
805
506
213
75
601
75
10
252
120
406
117
96
1461
114
40
14
15
82
732
678
182
98
122
173
25
736
235
1456
148
71
674
1176
443
496
51
785
483
71
144
97
1706
966
350
77
269
70
230
25
92
52
112
38
656
278
787
753
31
4
20
509
2012
741
355
6
12214
49
2703
825
1563
510
155
1016
1440
364
133
1055
395
21
123
128
10
6432
31
1
219
223
1040
180
73
77
838
47
5
20
120
1248
30
359
31
244
135
7
777
309
90
234
7
118
32
18
404
1230
365
98
63
365
361
146
33
516
54
175
136
3083
733
18
470
84
189
338
404
1589
155
29
1516
277
27
389
237
1748
591
103
210
304
671
125
39
384
45
329
29
225
394
60
276
777
502
3848
278
368
2303
12
150
1097
1163
1098
18
345
463
5
47
159
23
34
1040
364
55
586
23
154
834
45
76
221
68
117
1276
101
99
1125
348
138
87
9
1190
147
98
1386
1
1360
148
11
1321
241
1121
109
332
303
1535
111
9
38
124
1072
96
162
16
156
83
1706
13
239
56
20343
142
793
128
1582
412
138
219
10
249
5
342
33
7348
1813
43
69
155
66
427
2006
47
465
129
3581
155
278
276
13
102
696
44
73
62
1523
1193
303
7
1
23
1129
359
1014
249
47
1363
11
200
249
251
217
117
633
13
145
1908
1416
8
113
3
115
1027
265
79
136
75
843
285
1142
32
26
1168
25
559
1
23
101
1147
113
915
1420
12
273
1847
57
324
684
96
6
1
2554
97
54
233
14
88
334
209
32
37
25
1
146
77
530
9
3998
216
24
492
318
245
120
274
205
69
246
171
9
70
143
210
1955
794
308
30
1553
31
205
131
254
428
799
115
103
306
213
1381
126
126
157
96
234
357
286
285
242
240
405
667
278
256
54
124
76
93
96
237
95
744
98
95
654
212
2298
1348
471
285
209
9
293
382
727
4943
95
115
1128
134
185
282
6
95
200
203
227
454
38
871
213
101
123
438
102
694
120
107
188
512
1
81
648
925
36
115
12
1152
372
146
2654
987
124
563
93
149
139
653
137
163
181
57
43
300
700
132
4819
114
146
1863
278
19
661
8
64
428
1
765
127
534
1364
214
360
64
82
467
106
75
887
48
3268
1818
9
33
497
182
1091
7
38
908
180
59
294
162
1377
31
11
1524
50
47
368
15
445
31
301
535
95
517
84
1615
1071
1
94
3576
37
72
75
706
78
34
1631
752
46
1412
605
17
273
874
9
1276
44
150
10131
1493
31
187
155
42
59
345
60
200
126
225
31
292
11
29
333
151
141
54
14
1946
447
958
162
271
8
1074
101
340
31
1081
69
166
17
768
2984
313
44
46
407
2051
416
810
325
1894
86
68
43
626
1
61
994
490
22
112
1057
67
1
3
422
105
57
99
788
290
1073
1
511
11
114
126
23
774
90
31
915
52
7
1946
119
416
63
278
428
3
13
78
116
160
66
1
624
698
351
174
27
105
53
528
519
97
33
329
38
92
94
713
231
8
75
829
2
1991
6
52
223
1335
15
1447
13
32
47
1392
5
40
113
387
954
1
282
109
1242
1181
13
381
1
199
171
250
907
614
103
316
35
200
749
1028
1075
715
11
1006
18
1129
435
719
110
1
208
64
342
1498
23
139
114
290
89
476
3560
284
1011
7
111
109
183
256
60
1
217
110
46
75
157
553
1896
40
338
1007
958
406
543
115
145
17
72
352
1126
390
289
61
131
316
6
37
2768
256
265
82
33
764
420
139
111
116
45
102
2330
396
647
901
465
48
2
30
43
564
357
161
661
28
132
90
88
988
8
160
181
91
228
138
128
17
101
395
38
5
203
211
6
190
24
366
1047
23
24
12
2
33
309
103
38
202
74
244
399
22
187
1844
118
273
7
195
421
71
6
102
157
39
631
24
207
159
109
35
132
104
85
828
36
144
96
354
51
6
489
256
3
662
485
1300
44
498
41
1
13
491
16
273
95
16
126
303
254
5
72
73
1103
352
162
208
24
274
720
163
615
269
18
71
26
2228
109
96
1
195
39
5
1
61
175
1561
426
1059
62
732
14
12
2
4
95
1
23
217
11
112
2214
74
1603
50
12
478
6
48
434
167
102
149
239
449
1284
1059
277
25
723
213
59
21
39
7
3191
915
24
7
986
949
277
1483
233
115
1789
219
43
440
67
114
3304
179
99
679
870
780
751
297
9
53
150
2
70
105
75
154
73
107
40129
16
1558
504
227
1076
118
111
101
719
7
123
102
178
648
691
733
50
746
32
111
126
107
1
1186
984
31
1497
181
917
1039
918
371
96
128
99
93
350
236
401
87
152
1014
961
93
13
106
21
49
3
5
273
1239
155
127
149
219
32
1175
219
134
92
1210
308
122
72
693
265
661
2
4
80
127
1335
325
107
68
1215
1332
220
22
143
77
40
121
138
36
45
104
13
9
221
57
97
189
115
40
1691
14
803
106
208
353
212
173
178
47
148
45
91
3
142
65
1136
495
72
534
12
2
6
74
314
2212
5
24
95
85
13
61
1936
195
106
740
52
233
1302
9
1
470
132
21
102
18
751
1875
93
805
644
277
9
378
17
188
465
194
19
897
18
124
211
97
5
1190
293
62
1482
80
346
771
14
237
172
486
126
136
1
494
65
419
408
525
51
10
302
17
68
215
69
1132
523
207
143
106
318
13
251
458
433
23
89
1042
9
278
92
1838
37
223
735
258
64
1122
11
176
114
173
99
420
634
54
5
95
5
463
407
112
154
1773
1
198
10
222
700
6
136
85
2496
62
98
139
313
23
105
242
124
34
121
43
121
217
46
253
111
81
558
769
91
335
211
898
300
279
206
509
6
39
250
10
124
1189
990
32
84
208
11
44
458
441
140
2236
54
114
389
3440
1080
1217
162
1148
66
72
117
3971
2996
6
810
61
45
16
93
172
1490
1329
125
1
137
4
298
81
68
718
298
17
10
75
174
1810
38
63
310
102
37
76
31
574
899
24
5
575
285
1335
1231
225
14
24
240
11
7
370
79
975
1074
15
213
116
47
756
414
1955
514
64
112
131
3386
302
593
134
166
129
955
9
82
41
104
130
86
57
372
66
980
1
21
56
5
1234
15
84
32
99
81
4
25
193
50
7103
109
78
8
106
279
168
905
39
301
76
180
58
382
46
100
239
129
50
29
198
660
187
534
47
339
37
4
73
2
102
347
6
227
1
523
289
393
1087
533
131
306
1314
113
645
151
12
27
491
77
116
259
281
1010
1351
1605
142
5699
95
190
1596
936
15
1755
494
184
77
51
827
91
95
92
512
1487
5
577
987
25
123
16935
288
1133
545
89
12
156
49
931
193
557
115
1191
327
977
6
12
134
328
4031
1881
130
1730
1282
41
440
382
73
24
3
278
110
118
2768
210
132
161
1261
571
5
65
189
158
4363
1223
106
1375
767
735
9
118
484
1
8
270
898
27
759
2
34
1
152
170
230
27
714
4
291
207
459
100
588
135
107
14
2542
1457
30
1
2012
368
140
69
57
1450
98
100
1577
88
967
751
338
1069
1504
72
24
111
122
639
3
179
1347
1385
556
12475
569
12
254
103
695
89
56
2436
53
137
928
616
38
2329
26
359
123
96
460
12
47
249
100
959
402
184
541
1089
59
48
636
11
46
159
65
1171
3897
79
16
13
99
2
62
59
127
96
180
154
387
280
13
460
178
59
305
464
1565
163
629
271
348
771
456
478
2364
1065
7
1464
95
111
5135
1461
57
165
5
1273
980
11
26
129
199
22
28
984
372
91
196
1436
805
1633
2049
1027
137
77
646
335
230
343
183
758
841
7
891
1182
10
38
1012
44
189
1017
731
1206
117
254
1717
296
195
192
21
97
7
271
927
5
41
161
962
33
55
182
131
86
276
7
14
796
682
5
1240
29
800
322
434
185
17
1262
305
81
33
73
78
493
630
76
61
226
244
360
79
44
2
95
18
3476
953
2568
50
170
300
70
101
2044
1
662
42
236
136
116
53
74
773
188
42
98
39
8
118
1093
102
271
1189
731
16
425
30
29
88
12
753
898
33
117
1021
11
1450
244
2456
7
1301
48
1077
17
12
26
139
411
193
1
487
5
80
108
238
89
114
9
275
10
966
285
2918
95
123
106
270
105
236
7
70
131
1245
168
140
309
147
470
6
72
1148
12
113
6
1034
79
8
943
639
243
24
8
1277
287
3918
29
30
13
36
1
946
54
51
890
4
69
281
379
300
1028
55
93
95
46
2354
655
40
321
259
1061
133
357
10
257
106
14
485
40
769
2
6
1100
1
169
97
115
294
1075
21
133
284
365
20
453
61
279
302
772
143
1886
1016
568
274
9
6
64
902
1651
223
117
108
275
494
576
68
175
44
52
112
578
177
21
68
1155
31
132
586
3079
2928
764
338
848
1414
1471
272
499
33
399
52
677
314
150
14
183
180
13
287
82
21
161
33
1
1021
1
72
291
9
538
128
445
54
191
74
100
4451
271
125
46
273
1567
291
5
259
58
127
1008
878
132
515
133
791
18
45
27
391
93
614
99
192
1907
141
29
185
49
437
1028
443
145
288
73
100
8
9
394
39
18
168
143
81
52
44
309
259
3
9
330
331
1726
1717
19
1526
877
53
5
699
1061
308
52
198
469
7
294
120
853
57
671
236
427
400
283
324
36
44
362
276
1204
713
7
50
278
39
75
780
136
8
210
356
1487
1603
964
997
988
408
1950
37
125
630
1369
112
4975
31
1530
17
1024
703
241
126
182
941
107
285
1
95
699
1633
34
1252
47
130
69
35
72
88
19
243
1302
676
310
3
157
913
163
537
246
34
310
64
77
698
66
180
454
1176
23
99
267
61
354
14
36
168
30
1585
16
337
429
2
86
48
695
984
588
983
111
629
75
115
1677
9
1482
404
109
175
680
112
38
393
10
1043
323
1
55
1069
223
65
861
690
114
885
198
955
808
715
88
8
45
222
752
124
1852
2308
6
2
1024
161
236
11
274
1264
1517
720
342
192
52
276
102
2
39
15
153
268
58
134
3
457
195
1262
637
149
33
3760
36
6
1396
152
219
562
1729
48
71
889
484
739
84
341
324
124
923
2491
889
3113
3605
174
881
278
374
121
1126
15
1034
152
662
253
343
126
7
1101
22
484
253
659
460
99
92
156
623
1366
1691
12
22
522
77
142
134
100
251
514
69
202
35
98
237
130
325
90
324
332
236
293
92
120
165
128
165
1
23
279
244
1024
609
5077
60
86
609
190
105
110
26
26
69
46
226
262
107
1159
554
335
322
1
113
111
236
1287
91
657
73
589
286
10
125
850
251
79
74
874
1426
310
207
1361
186
1633
1270
309
457
8
120
112
128
1
75
207
1
910
57
63
110
609
893
330
81
383
101
3983
732
398
100
371
157
345
7
22
21
96
122
222
46
457
100
12
141
42
42
872
514
933
3894
140
709
108
1643
291
597
106
123
639
55
177
1037
100
567
15
358
3330
124
25
335
144
1995
74
1739
2503
21
1460
104
717
19
50
98
202
1013
296
1
48
1105
24
882
4
871
10
281
135
47
104
471
1759
21
184
171
1837
119
103
555
23
514
336
96
99
381
186
18
123
835
171
123
430
114
330
1122
1
45
80
79
203
167
651
685
176
64
911
264
477
1295
291
676
297
239
98
11
768
29
35
527
1195
364
127
264
35
126
185
216
1187
4
596
170
130
811
298
595
189
121
299
96
28
202
168
195
1181
2473
42
1431
2363
469
1469
18
33
346
82
2479
710
1267
116
280
306
1109
296
307
70
582
104
497
72
35
56
220
94
229
151
30
140
142
303
697
144
204
680
517
279
663
903
357
91
234
1000
29
78
712
8
8
58
120
610
219
183
89
328
27
120
101
100
616
7
633
1
32
162
204
11
99
951
221
1047
35
22
963
90
9
190
831
3552
50
1122
87
2214
41
3
14
4
208
233
1073
12
428
1861
194
1355
175
72
51
46
11
97
726
6
150
91
215
549
28
32
55
191
647
31
4208
271
113
146
416
271
88
18
19
285
604
47
519
42
10
26
58
814
6218
363
743
228
426
73
41
688
745
85
214
1489
1181
537
476
144
37
156
113
68
179
392
452
90
167
4555
126
1984
541
328
30
22
96
1014
56
50
238
109
870
11
883
1277
962
408
1193
307
3
18
238
56
39
578
435
485
3375
687
151
24
29
22
106
214
57
1008
151
87
23
11
48
5
122
91
657
138
170
88
197
218
232
845
50
583
115
882
201
2377
860
26
165
46
427
5
177
14
185
4
143
42
419
192
553
182
76
509
127
121
295
479
292
462
1699
9
177
893
2171
9
542
155
135
139
124
53
159
43
256
1907
23
312
28
1573
606
766
136
29615
8
55
1
147
90
168
35
818
260
256
139
186
604
8
82
34
286
793
241
25
68
33
5
19
8
450
7
11
1239
719
40
144
1098
189
109
216
409
81
58
614
25
492
18
6657
344
135
524
103
53
1589
163
50
110
79
173
679
589
104
2682
1376
391
605
2241
39
238
83
3
42
864
715
390
109
109
9
809
101
7
9858
2772
86
320
230
45
9641
60
245
694
1833
56
295
186
1016
136
531
319
245
108
45
445
88
382
1548
203
86
1020
152
40
1
258
4
2496
156
52
99
82
99
23
204
111
55
667
24
87
37
104
886
45
95
78
153
894
3819
316
123
138
119
5
637
2
197
7
51
3163
844
177
705
13
214
489
281
531
184
307
1155
688
842
439
1
17
12
457
5398
641
3915
14467
96
89
46
5865
136
68
108
75
563
129
55
103
115
12
100
172
155
113
93
75
307
909
96
184
217
95
219
166
353
3681
152
130
226
250
122
465
511
92
546
137
183
123
75
1072
377
118
920
4597
4
1238
1988
517
396
98
75
677
77
18
81
45
145
218
915
38
120
1536
189
2766
81
197
29
8
29
1352
107
119
569
125
10
1166
119
257
321
5
38
442
367
500
75
994
104
3647
75
78
6
142
275
470
1029
109
945
220
574
98
95
99
752
1434
565
171
165
1845
8
19
107
