1
127
91
5
211
92
191
188
1
191
187
91
17
214
151
107
91
183
197
211
205
92
30
188
13
128
218
141
123
906
210
268
244
179
216
81
388
410
91
200
376
213
65
179
199
85
240
139
217
188
172
90
2
155
48
189
1563
1422
15
356
198
91
129
224
11
850
1055
8
6
103
123
91
211
220
197
218
10
2
201
113
1
121
4
565
598
193
5
216
216
110
92
181
206
121
208
228
147
138
264
222
220
7
86
11
2
91
124
90
123
90
188
218
207
215
2
228
55
61
186
95
612
140
211
2
3
82
126
215
230
101
45
124
1
192
95
283
215
213
96
120
211
209
111
2
94
125
147
266
199
5
198
95
9
215
212
225
603
266
55
171
189
90
91
185
