22
128
8
69
19
1991
401
16
386
19
11
1
342
64
157
83
551
168
168
45
67
397
328
363
1015
173
133
16
63
1407
13
7
187
217
14
128
18
7
58
9
1
2389
34
1
27
30
199
1
51
51
275
61
29
22
82
1201
40
752
15
133
34
152
565
112
251
338
31
44
1630
1
40
75
398
6
59
50
88
87
13
101
801
125
828
51
70
9
74
65
2
59
128
274
151
118
187
196
41
14
85
1840
2
819
186
848
30
60
35
289
184
10
68
535
138
37
82
187
40
281
3227
1
9
21
27
1538
3
557
18
26
571
34
1
131
494
134
76
1243
307
1513
377
39
2378
1
175
143
74
281
2735
190
20
5
1200
163
50
193
102
60
112
8
146
125
51
655
30
29
140
161
34
81
763
190
683
2134
87
345
13
38
17
3
82
123
64
44
12
1
86
2798
26
412
69
746
2632
69
72
83
77
1
143
113
19
145
7
17
137
7
23
251
28
7
47
133
56
349
376
50
1
88
46
142
99
440
513
50
893
30
109
4
95
61
75
63
446
801
3
452
37
28
63
68
59
17
459
689
52
45
12
48
49
100
132
762
44
1294
46
40
118
130
332
19
1
40
1
29
131
280
44
38
22
1
36
757
274
24
88
335
18
126
152
58
91
79
3
49
137
44
42
35
66
17
244
261
282
106
30
1
69
3
465
1
104
68
152
14
37
33
126
31
251
23
172
55
43
221
13
215
32
145
249
66
88
120
57
1831
948
157
161
123
6
733
469
92
105
96
212
29
481
272
809
123
66
3132
936
654
294
1
95
12
1482
32
43
25
427
72
99
235
35
120
131
236
129
324
257
1025
874
896
356
545
111
9
150
595
93
602
9
7
1
46
139
15
26
25
110
2472
8
120
85
55
3114
1158
1
2
131
102
12
661
138
15
13
1
63
1
144
224
17
401
5
17
153
250
530
50
1
20
441
7
381
970
11
272
1
165
397
114
256
92
37
11
14
125
264
260
3266
477
1
56
172
62
2
85
145
1
17
565
128
60
128
1377
58
54
40
1
164
2736
324
7
254
265
73
61
350
11
4
114
17
1
17
33
2372
740
283
11
196
36
16
1
138
24
277
27
202
1
31
95
8
680
32
50
1
72
62
182
11
45
345
1
17
51
164
7
26
6
1366
24
1574
202
53
1186
479
114
230
41
266
9
48
26
23
353
427
529
512
203
19
1363
29
185
29
