41
43
125
391
31
14
1
1
58
41
78
6
33
234
27
1
1
8
1
81155
22
51
1
15
1
343
320
6
1
1
1
1
160
529
2
14
26
93
209
36
22
7
170
86
37
4
38
60
1
21
8
70
1
1
91
1
336
12
51
3
37
25
8
104
1
1
21
280
1
10
229
10
604
14
1
323
79
57
1
240
1
1
1
1
1
25
214
23
31
1
17
1
40
28
344
177
66
1
1
317
1
37
3
39
28
1
6
18
7
1
66
27
1
1
128
75
56
1
167
146
33
1
1
1
1
1
250
6
1
8
2
35
141
1
9
100
60
158
249
35
1
1
21
112
541
1
62
1
18
977
1
3
53
25
1
3
1
1
280
1
7
13
1
340
1
1
133
45
1
21
12
21
48
23
41
1
498
3
25
1
1
88
20
75
2
1
251
17
316
29
135
133
36
8
17
6
1
13
21
31
568
8
1
22
1
150
41
79
440
30
20
17
1
1
2
31
1
1
2
21
5
25
1
71
22
1103
332
2
39
4
215
1
1
207
8
1
1
227
7
1
1
228
17
243
4
1
22
1
1
19
77
2
105
65
1
1
299
13
64
17
5
1
78
69
1
47
818
4
10
76
620
169
7
70
24
49
2
154
18
1
18
1
147
224
1
2
31
21
23
320
1
1
25
47
158
69
47
18
1
196
41
7
7
121
242
4
2
41
4
7
