426
21
4
1
334
51
390
566
415
67
595
389
526
249
20
19
1769
580
978
72
35
2531
127
87
203
114
4
1
26
3
1276
235
168
724
47
212
103
218
776
790
11
4814
218
1793
47
834
1
430
85
331
28
22
282
11
752
1792
890
251
22
1583
121
271
78
26
180
193
930
96
99
857
1212
19
31
11
819
774
22
1052
11
132
46
191
644
986
591
663
346
46
101
425
681
536
217
1
1235
27
1064
499
79
6037
34
67
209
144
718
911
111
223
188
585
660
641
2155
1
270
27
977
503
297
262
686
557
422
360
50
1178
58
238
66
3
675
45
176
1858
786
86
121
505
1121
327
394
561
132
101
664
108
54
264
3
652
71
90
110
779
28
3
83
473
52
1
538
47
150
75
202
439
804
398
1471
1455
541
162
260
128
59
68
48
71
99
1
90
452
450
18
674
68
16
827
467
638
86
375
897
802
86
161
418
445
3
19
1
82
15
21
351
923
3
18
85
751
483
642
45
911
97
745
2
48
750
68
44
63
181
26
492
33
69
2699
336
431
215
139
885
19
841
76
95
228
47
182
1
36
99
348
4620
75
75
631
612
320
747
84
151
8
65
23
954
270
1362
2
443
317
98
868
156
82
85
659
681
25
700
58
1019
611
456
785
1512
47
94
65
1081
162
461
99
39
35
37
1095
47
664
14
411
334
567
641
221
291
15
487
396
901
731
56
638
85
429
633
413
242
709
411
73
40
52
970
73
699
889
511
1317
51
540
21
34
1
403
2
121
2642
504
680
32
45
35
1285
453
851
374
3039
103
90
1984
561
844
1476
18
184
569
278
62
109
33
46
101
64
39
7141
2084
163
2
35
247
759
983
108
25
41
988
46
115
200
935
670
59
729
932
68
570
1
92
703
554
272
1463
14
99
310
49
2453
527
347
66
529
391
4
78
553
141
596
57
222
5
40
37
547
34
147
105
38
291
1223
771
415
1127
34
217
260
395
772
55
2335
210
66
429
91
718
320
1771
1319
182
497
87
116
45
1162
37
408
488
33
48
116
972
324
819
27
341
101
433
1320
154
1
205
228
650
35
44
183
42
2065
872
165
295
999
1824
1271
14
192
1
94
201
1
34
45
1188
482
629
301
127
803
1172
18
1004
81
1009
133
52
1
704
1404
54
7
530
730
49
135
574
15
205
264
72
52
315
51
112
179
117
483
42
43
2072
86
233
1313
68
2151
308
377
48
78
33
58
79
42
30
63
620
1578
85
464
1092
86
48
42
88
284
637
237
131
586
277
65
256
5991
22
2236
204
58
715
20
533
57
144
45
692
84
1329
46
10
632
35
205
540
389
85
27
111
702
16
