3
34
11
25
138
4117
6919
357
3502
674
2747
33
2387
1874
461
1227
220
1573
178
1
5253
251
459
1290
33
1954
2974
9
1004
1
4525
405
637
65
190
2835
901
101
17
2583
1
1
380
649
4515
9519
3
220
15
1812
1110
4294
1480
873
43
8
29
27
1444
568
1
38
7543
4805
661
462
1580
1466
44
2449
4
441
3401
36
9353
4391
4544
1
10
659
3676
1168
3083
3159
586
63
3514
6489
199
26
306
345
2503
136
6285
7195
599
191
4100
295
2479
25
2829
7959
127
1
145
19
2232
2982
1696
8126
2545
3528
595
1684
57
3563
2443
3
255
189
4451
62
288
269
2832
205
1
5420
12
144
713
47
3
1
927
141
433
479
7
12115
2375
2883
243
1080
110
1580
286
995
1
6690
9
71
17
207
439
160
326
2427
7
14985
366
1168
539
31
1499
4585
1707
317
3
642
503
615
31
12
120
607
9027
2530
13848
4148
140
607
607
4433
474
2
9030
111
1
37
507
2666
24
25
112
2517
5118
26
4056
1
382
6643
803
5075
3889
66
243
642
32
72
29
18
1165
254
202
1
39
16
42
90
1
21
159
807
2088
244
1284
609
3823
262
3
1919
325
43
573
307
754
1373
2
2150
7348
12
