1
6
7
3
7
7
29
1
53
1
8
64
13
5
14
28
96
115
88
83
4
83
12
515
33
82
146
23
1
88
13
53
58
13
1054
29
39
56
147
18
58
231
45
6
37
3
12
129
148
473
126
98
14
59
41
23
13
8
53
446
42
57
9
1
4
26
37
103
12
22
6
19
6
136
21
29
939
49
3
106
31
100
167
29
30
2234
21
122
55
66
27
9
32
40
61
8
16
55
23
71
100
626
183
32
84
19
9
113
1
85
14
12
26
72
14
359
40
66
90
14
88
89
46
142
3
49
7
251
462
233
39
102
112
53
226
4
24
585
7
461
309
17
43
24
114
155
26
21
13
42
89
59
36
86
6
71
67
83
51
26
543
33
330
17
126
1
29
91
6
21
45
4
2
52
28
139
11
3
35
38
50
94
1
38
4
33
21
3
1
134
59
44
36
5
6
549
14
11
40
2
14
19
50
52
46
7
23
129
22
30
161
20
411
80
29
41
16
244
18
8
33
110
41
1
2
212
23
19
216
43
28
4
2
643
33
67
30
72
20
16
9
2
27
5
85
144
543
54
22
154
73
15
100
18
22
12
14
112
70
112
284
28
38
25
93
67
34
31
42
37
81
44
63
48
60
65
11
8
733
3
769
83
133
2
1
56
52
68
163
87
505
148
61
48
1614
89
20
55
154
309
4
27
56
31
6
18
9
30
38
10
52
82
12
577
142
1
172
11
477
23
15
7
64
3
22
344
592
53
21
295
69
65
62
12
22
530
175
44
5
28
9
99
47
46
333
1
138
55
1
74
11
28
93
18
45
23
395
544
33
1
71
22
38
35
79
21
1
17
86
14
104
24
175
26
20
45
79
140
28
32
157
30
22
5
68
21
28
56
44
14
230
1
2
66
11
65
29
227
9
15
1
19
695
133
96
17
240
18
92
117
380
455
4
4
33
244
84
85
20
1
146
102
30
510
42
27
145
53
80
157
115
71
30
22
47
191
27
50
319
20
73
220
476
22
117
35
84
237
21
49
440
98
103
25
30
77
43
25
141
34
28
32
190
76
16
69
65
102
168
171
12
20
21
87
30
35
99
166
20
32
37
55
1
1963
26
8
20
36
29
12
11
36
1
