15
21
386
224
23
50
10
451
20
252
73
6
431
465
3
267
58
116
5
263
244
182
2
315
292
318
4
678
14
40
471
113
205
112
264
238
387
125
36
248
156
258
7
233
210
170
33
324
308
56
316
274
298
194
604
230
29
280
512
348
241
478
348
53
126
241
169
138
106
274
1
36
11
340
66
119
354
1
255
53
41
7
262
53
246
342
352
4545
293
271
246
259
20
60
180
266
26
159
385
229
37
192
152
695
550
282
198
13
23
953
127
223
327
113
251
252
95
35
21
71
304
299
497
233
58
561
75
398
202
207
130
128
855
409
221
34
266
107
154
125
50
40
148
569
491
685
139
115
19
261
697
892
221
126
44
357
55
216
35
1
535
240
10
143
3
22
250
73
217
177
7
1262
15
9
287
443
70
249
36
258
1164
59
22
214
4582
265
275
294
12
299
96
46
155
1764
9
324
341
141
99
312
536
377
299
234
246
90
335
294
731
333
297
259
13
117
292
258
502
222
108
101
1578
252
134
230
493
355
557
555
268
394
31
112
320
229
204
24
302
4
276
512
6
233
204
1403
221
299
343
507
324
285
289
297
1
335
3
310
95
122
214
26
128
716
3
34
11
265
114
331
93
45
153
12
207
323
846
310
85
272
262
276
204
635
251
305
259
222
1044
331
1766
349
62
200
126
262
386
364
229
383
1343
33
170
236
15
40
539
249
316
202
301
194
739
77
469
532
5
85
643
319
1
5
250
11
392
35
216
335
273
308
279
81
284
97
296
51
47
4
26
95
14
488
266
555
272
289
19
412
312
224
615
6
187
110
264
105
204
2
771
348
8
191
250
58
145
252
237
219
124
285
198
44
269
234
71
1007
295
25
1
1094
226
91
197
124
90
258
208
295
27
162
248
847
26
282
10
729
159
260
212
279
282
45
14
48
111
12
295
185
210
286
26
216
135
103
296
12
301
124
302
34
328
122
430
21
178
29
201
248
226
243
307
125
305
305
151
270
356
95
223
132
238
170
162
538
18
246
187
150
404
245
131
394
265
95
342
76
161
250
99
272
