23
32
45
9985
41
680
14
68
148
132
26
198
33
97
2
1
76
2
69
6
5
369
20
172
7
9
1
190
15
89
351
4
21
2
25
9
65
238
39
4190
457
55
106
80
55
26
6
212
11
9
16
245
4
13
1
4
18
12
64
352
132
30
40
38
816
108
21
8
57
22
821
4
60
5
133
23
17
31
458
92
245
175
7237
872
14
5
273
94
169
399
52
20
8
4
267
28
33
293
770
36
152
738
227
58
27
16
28
7
13
19
4
42
118
136
37
47
25
148
125
47
21
218
134
70
10
38
88
292
91
193
2
82
92
9
99
49
38
30
1368
632
26
62
102
67
1
21
688
42
2764
4
356
117
5
2289
74
7
35
36
63
1664
78
13
113
19
1
8
37
120
20
41
85
7
287
11
102
93
10
6
141
146
9
2
13
37
13
68
35
11
10
14
65
16
22
69
25
6
48
49
18
25
28
356
20
40
18
23
347
130
5115
2
1
1
29
5
201
19
200
3
62
15
31
18
8
12
37
14
133
76
51
30
449
126
29
3
7
37
70
26
81
64
119
13
22
31
8
43
50
1186
277
73
14
115
36
5
180
18
166
107
598
113
71
144
508
37
35
1
69
136
3
145
28
5
111
15
737
3
1
254
45
27
70
166
96
4
141
5
487
80
65
110
270
5
104
137
85
67
140
1
47
68
34
53
167
23
67
73
89
50
99
18
23
13
23
103
123
82
65
116
16
49
63
3
4
148
11
8
2720
20
178
83
1
180
63
356
450
151
16
25
7
48
64
28
127
13
256
39
14
87
82
148
22
103
281
177
1072
756
111
62
36
21
151
133
14
118
42
68
167
372
34
26
126
228
284
386
39
129
6
146
137
898
74
49
122
321
618
205
125
1826
486
96
47
24
28
8
10
191
42
1
220
13
185
22
118
13
53
10
54
15
46
21
53
53
3
93
162
43
77
667
95
360
1452
444
58
30
70
50
45
105
33
37
734
4
97
56
361
297
10
101
165
11
51
103
108
59
41
1
471
92
422
32
38
57
5
19
36
20
125
53
26
138
101
218
39
7
1
2
106
102
10
7
11
153
20
6
22
449
43
274
53
112
69
168
7
304
42
38
15
272
30
6
137
2715
63
27
40
17
46
15
9
7
88
7
1
89
608
4
234
165
79
33
11
210
519
6
92
200
116
63
28
184
13
76
17
278
196
41
266
74
11
27
1062
34
58
16
79
213
51
17
24
36
451
1
17
45
102
47
25
9
91
3
253
113
48
115
36
545
67
103
75
87
121
150
253
22
63
23
86
61
13
19
28
42
241
102
4
37
19
216
66
1
12
8
362
14
29
124
112
164
3
9
74
67
483
118
13
7
65
331
20
119
120
28
44
75
425
13
83
54
28
169
7
8
13
1
16
72
3
60
57
3
112
711
22
264
263
424
55
12
73
90
24
102
23
3
5
4
7
103
55
65
238
13
339
56
320
55
121
57
9
42
4
77
114
128
27
187
88
51
61
6
1
54
71
2
23
5
20
38
66
76
18
3
10
103
280
52
45
48
101
5
310
127
6
12
12
14
14
7
49
104
14
132
7
50
93
1
1
69
6
153
3
39
24
102
15
36
62
1
119
32
57
145
551
88
56
97
3
34
4
70
2
13
78
17
18
143
55
110
8
32
75
118
95
110
5
122
2
187
4
14
51
10
9
10
22
26
33
807
12
27
63
3
1
617
569
3
1
2739
18
2
2282
22
251
381
8
16
252
40
15
22
31
499
20
167
667
74
14
100
13
22
1
96
2
108
105
817
7
70
362
147
26
16
11
203
227
33
92
145
159
22
45
7
626
30
6
52
45
20
16
37
26
117
159
60
498
200
54
9
27
1
126
29
27
347
19
7
66
89
68
7
11
188
67
20
55
9
5
50
4
55
9
6
11
180
41
48
428
91
59
18
49
12
561
120
75
1
1679
669
14
62
114
18
370
13
40
39
217
59
159
56
26
13
7
17
165
17
46
44
59
13
7
42
43
2
82
27
32
21
3
15
18
10
11
8
5
15
53
10
103
186
586
25
15
23
40
173
18
47
156
17
2
56
1098
7
378
4
104
17
166
46
5
3
55
15
62
31
6
35
4
96
2
53
921
91
17
25
1
9
98
2
4
5
28
6
36
1
114
60
56
5
40
81
2
18
59
3
105
99
220
161
194
79
76
40
245
22
56
17
89
89
14
57
914
953
93
144
7418
90
85
160
81
15
65
7
9
7
7
2
41
125
8
5
7
36
39
6
38
8
50
25
37
250
9
37
20
13
1
173
116
57
37
56
10
62
117
42
31
104
15
29
27
9
1
5
54
161
67
1
47
77
16
26
49
971
8
97
84
51
7
23
15
51
61
142
120
2
13
1004
2
53
102
164
2
40
95
327
28
45
9
93
95
326
28
29
49
32
18
76
5
63
822
314
7
165
344
14
13
19
50
43
10
66
38
168
5
5
104
222
146
17
63
1017
31
97
648
18
501
4
32
20
59
4
1022
139
55
80
30
17
723
108
43
18
76
22
55
425
146
771
4
71
61
23
6
30
13
76
5
181
97
68
49
28
1201
572
7
75
97
239
11
7
55
1317
121
5
135
5
27
14
149
9
142
61
192
144
14
55
25
99
74
14
11
57
46
5
6
89
42
190
224
8
57
50
21
1
253
1
70
11
3
16
6
61
171
59
113
265
633
149
267
72
148
17
62
77
44
44
131
96
1
508
359
909
1
43
1228
118
55
146
71
520
125
29
64
23
52
118
627
32
203
1
59
23
98
14
67
83
1
56
23
125
77
9
68
224
111
60
59
6
5
341
297
429
636
136
18
258
44
2
45
146
28
25
33
106
16
19
13
52
71
15
2
3
8
1
81
120
53
11
8
65
23
113
74
35
4
52
61
315
67
263
1
3
27
169
26
5
281
312
273
18
130
16
2
145
19
19
54
36
23
499
9
129
946
56
112
34
68
46
17
57
95
275
208
21
58
187
256
53
45
34
158
11
18
4
1
66
58
16
10
33
43
74
16
14
681
15
5
69
74
5
205
148
92
55
15
2
67
5
11
1
15
5
6
4
55
20
24
104
65
13
55
183
2
152
21
41
26
32
309
4
109
21
20
1
41
3
34
66
10
1
337
85
97
8
6
335
304
61
182
45
9
95
1
12
105
8
1
6
160
9
77
163
213
3
28
15
10
121
13
2
113
72
4
203
280
115
27
50
470
33
66
702
6
31
184
63
106
26
31
2
91
25
3
59
10
33
10
1
119
62
108
892
8
53
238
8
5
22
31
9
18
5
9
99
27
167
18
53
39
25
271
23
7
21
53
101
6
58
101
214
3
62
27
55
8
68
7
77
40
207
30
7
25
26
30
17
6
34
1098
1
191
199
68
2
515
16
21
19
58
130
43
207
90
35
200
103
9
14
52
37
23
96
60
23
11
34
35
3
101
75
42
21
130
129
10
63
14
36
48
29
1
21
190
194
26
21
1
6
41
5
204
1
23
36
111
7
9
7
7
42
45
50
36
44
7
71
56
48
5
35
4
5
27
7
74
57
219
125
65
35
425
10
52
3
8
11
46
20
86
128
64
23
16
36
45
62
12
20
332
14
3
856
3252
31
412
68
164
39
4
55
7
42
19
227
85
117
852
13
215
20
146
22
293
12
10
32
51
132
1
91
38
170
199
33
211
27
11
189
120
15
138
104
81
80
72
101
67
37
31
19
477
17
26
4
115
13
134
12
267
18
8
4
88
1243
28
194
1
66
16
4
19
246
65
164
10
43
64
150
349
56
75
14
39
175
55
25
48
4
1
11
126
23
3
86
355
20
811
305
33
256
92
33
3
24
1014
52
10
23
4
62
101
104
31
6
84
62
25
68
63
37
32
159
59
215
170
5
16
23
8
52
30
4
58
94
37
156
266
295
273
45
299
37
5
22
67
57
69
35
110
5
293
27
46
143
153
15
37
6
59
25
50
11
7
243
51
2
29
134
443
185
8
6
35
11
27
58
74
80
131
71
21
6
1
84
155
29
9
6
27
3
71
81
32
14
73
74
3
311
18
107
216
68
632
19
124
6
1
8
110
16
20
120
83
182
44
26
48
67
84
22
30
30
175
149
31
1
33
249
10
17
18
53
34
6
1
37
461
77
14
10
174
29
124
4
25
3
21
55
6
16
4
8
59
1
90
52
97
53
16
6
65
69
26
128
7
4
297
77
9
109
27
75
137
86
36
89
1
11
9
9
586
111
91
179
71
178
363
70
135
1
28
63
6
14
11
10
186
10
91
107
4
13
47
509
32
5
39
38
95
3
36
2021
268
23
96
14
132
212
14
83
31
245
82
184
12
51
163
12
607
286
396
160
221
64
1152
246
145
403
505
201
37
29
181
20
1
56
5
56
22
834
27
1
90
23
1299
154
1
81
76
162
76
61
403
81
70
12
20
47
440
25
9
69
17
17
79
4
42
2
20
30
93
83
13
35
106
99
121
57
165
21
57
13
417
82
26
1
38
8
76
55
2
157
59
22
20
20
2
41
50
38
40
34
36
47
61
197
51
87
412
38
114
22
14
94
33
34
668
268
59
49
75
86
27
10
18
1292
221
20
67
21
3
69
111
15
8
277
3
152
2
23
75
48
76
94
16
107
35
159
30
194
300
79
37
31
6
47
27
27
56
95
39
1
326
285
54
94
41
35
21
6
26
1
22
60
277
15
35
204
36
228
55
1
6
13
194
23
8
498
98
94
151
5
17
417
37
54
2
55
9
9
204
128
115
243
15
641
1
5
93
70
36
12
9
19
112
62
37
46
381
158
104
15
83
11
5
10
137
1162
3
149
4
15
24
5
40
18
104
2
71
123
19
48
38
689
9
33
49
31
15
16
43
146
20
74
143
553
22
172
37
433
310
19
55
71
51
883
6
55
74
3
5
62
16
12
32
45
153
36
6
40
2829
90
44
54
24
107
59
3000
2
159
41
52
29
69
7
19
46
98
153
831
6
168
1039
66
193
91
13
6
9
37
6
165
153
324
29
174
12
61
22
114
2632
32
401
17
46
58
25
413
85
27
182
184
3
616
132
565
360
345
216
27
44
17
114
14
59
239
558
12
28
77
40
14
7
9
7
144
1
104
1085
158
484
419
258
252
297
80
257
26
23
42
10
690
89
425
9
25
246
7
8
201
19
44
50
2
629
16
7
186
30
19
4
364
204
31
280
2
14
105
24
151
3
534
9
59
3
56
21
636
8
11
185
426
243
19
150
69
60
21
145
5
505
152
114
56
9777
10
5
5
27
628
84
57
7
5
180
61
146
62
20
63
60
34
129
6
99
44
97
101
13
2
110
96
42
4
270
50
2
7
5
58
3
427
6
66
80
77
58
50
338
508
13
185
191
29
752
18
32
64
660
42
56
46
176
38
117
4648
8
15
226
46
93
20
7
62
3
1
28
53
1
99
173
548
110
3
12
39
1
53
17
10
53
5
7
15
97
265
42
29
1016
82
6
6549
859
12
20
7
212
9
24
20
1
15
11
17
127
3
80
35
11
11
33
65
2
8
49
119
248
44
23
89
21
5
78
17
51
15
99
5388
3
17
214
43
6
29
37
7
20
136
165
70
86
6
213
5
37
19
15
8
47
66
145
15
74
113
142
32
138
71
5
56
17
37
46
4
20
40
3
58
15
25
13
132
64
135
8
140
4
38
13
161
12
257
395
184
5
64
23
229
57
33
150
101
14
821
22
14
455
145
365
723
52
182
2
11
106
18
101
83
93
3
24
69
113
30
41
115
31
39
15
292
56
40
73
71
45
52
57
22
51
72
3
23
18
11
10
32
55
56
78
147
37
35
7
28
365
6
95
692
118
3
73
35
4
115
566
49
4
53
164
10
261
181
2
147
123
37
108
39
175
75
26
38
190
14
17
10
76
21
3
2
122
48
95
445
62
34
909
16
156
63
2
19
32
54
2
38
919
14
88
3
351
931
200
19
61
1029
99
50
78
50
852
41
8
89
3
344
73
10
179
2
86
10
153
107
2
58
5
5
18
54
4
82
2
193
11
36
24
26
51
82
69
11
6
1434
175
247
8
27
24
94
68
17
8
29
25
390
25
12
51
17
1
30
120
53
61
18
10
7
17
12
383
32
7
58
12
90
302
91
15
60
102
13
338
53
230
419
68
58
88
175
280
6
42
1
73
25
9
8
2
45
7
41
84
24
409
82
59
122
24
59
220
39
177
194
182
3
130
1
51
55
54
121
7
11
50
10
3
154
121
48
13
74
482
145
71
4
67
56
14
79
98
10
21
68
36
125
13
30
45
6
32
474
6
375
17
22
615
274
12
52
65
13
1
67
15
177
263
152
83
150
140
117
7
80
96
44
3
7
13
82
178
7
7
68
53
33
36
74
15
113
31
84
458
13
3
81
4
40
17
6
33
36
15
1102
2
22
40
13
114
17
5
9
89
80
201
75
23
38
119
50
7
9
1
197
46
29
67
58
55
12
9
123
110
55
48
75
133
6
7
66
28
1
3
48
13
120
34
142
171
240
172
1
17
17
11
27
11
34
43
9
93
57
6
436
60
56
212
82
5
1021
1
91
75
4
62
5
111
