255
150
4
346
26
110
1261
129
3
400
37
160
8
12
166
222
1
223
30
126
155
191
211
700
173
187
980
524
1
161
8
12
1
13
1869
772
125
123
112
594
580
27
10
1
15
227
121
126
121
246
138
1201
332
4
121
273
290
101
220
1
140
18
157
172
833
215
14
90
1
237
545
210
90
185
147
188
187
95
218
128
181
688
217
161
155
241
161
127
32
161
19
166
234
158
213
158
160
127
168
236
160
119
90
215
241
268
175
30
216
490
301
186
159
146
182
182
241
1
270
148
186
303
249
205
188
161
1
270
349
243
451
261
138
217
90
15
158
95
136
216
218
181
5
215
770
215
106
163
833
163
5
158
522
211
228
246
146
208
545
155
224
555
155
21
357
155
91
1
127
28
8
86
910
31
4
111
860
132
6
603
958
212
11
219
124
7
237
59
930
268
4
160
227
159
162
159
10
237
233
210
261
20
202
11
213
110
214
8
214
241
119
12
44
14
1
95
1258
6
222
90
2
219
165
1215
19
130
13
34
10
243
213
223
236
312
36
325
26
40
128
147
215
26
11
96
131
4
42
416
3
3
24
149
241
74
214
122
262
146
160
37
199
162
248
253
195
153
252
91
64
215
232
553
216
9
154
162
147
1628
358
88
97
82
91
218
787
1151
114
217
2
221
135
45
5
160
7
1
24
230
145
184
1
16
137
223
225
95
169
20
309
222
70
125
227
161
160
148
1
162
210
163
125
31
197
163
1334
213
222
213
159
306
1
174
10
145
155
529
1
2
205
176
212
296
163
574
127
199
217
385
32
755
250
1
152
155
221
1040
218
1
22
12
138
223
144
125
95
133
226
229
139
131
386
32
6
203
206
246
140
5
20
210
95
1127
224
121
95
11
126
216
211
129
127
455
161
72
2075
114
222
216
177
661
12
401
91
156
215
162
3
162
261
216
240
226
186
224
143
442
158
1
169
144
188
245
95
34
235
260
139
214
161
235
2
165
162
222
203
137
76
22
223
674
117
6
390
358
122
162
95
54
215
234
22
271
155
155
215
147
168
165
226
202
53
217
220
157
35
210
224
4452
386
124
217
214
161
176
324
292
796
93
123
243
