29
1
16
12
30
15
16
2
147
48
34
23
11
21
16
22
2810
9
39
20
44
2
4
30
1
24
18
11
20
17
14
9
10
27
3
16
4
17
9
63
28
66
5
13
9
12
26
60
35
29
31
44
17
16
15
16
16
29
19
93
24
6
65
23
28
31
19
49
18
16
59
34
30
3
2
27
19
14
44
27
21
16
32
31
14
6
22
19
23
21
24
39
33
86
2
11
11
26
29
17
33
18
54
16
3
5
16
1
21
20
22
15
16
26
47
3
11
1
1
20
2
16
19
23
23
4
33
1
16
23
280
1
16
25
36
1
14
3
11
21
16
3
31
1
15
47
19
27
181
16
29
5
9
4
1
1
13
31
18
18
10
20
25
30
19
16
28
29
28
12
21
15
17
28
14
25
25
1
24
20
5
18
3
8
12
17
68
22
3
1
20
22
1
24
24
44
7
22
27
36
3
24
54
3
1
23
2
18
122
14
13
22
27
28
1
1
20
17
10
34
19
19
22
30
13
22
14
18
34
6
158
25
19
15
26
13
28
15
38
10
25
14
22
35
16
33
25
17
24
14
1
17
29
39
1
47
38
32
18
14
28
15
16
11
22
12
18
16
3
3
22
33
36
12
18
14
20
14
14
1
38
32
23
29
6
6
206
23
16
20
20
28
11
5
3
2
25
21
15
30
28
12
6
24
12
21
1
16
1
22
17
1
54
14
9
21
32
5
71
8
21
10
15
2
23
1
31
12
10
17
12
2
11
20
1
22
36
25
24
14
49
1
8
2
21
11
1
71
25
76
4
18
21
23
