275
3242
159
31
243
2031
3528
264
46
164
3
17
1690
4271
1014
971
2689
32
44
455
16
55
58
1152
19
81
775
976
439
1177
1
45
37
144
103
154
61
587
6499
153
362
2777
113
1350
118
57
615
86
1482
120
65
5925
3036
1666
2709
207
2917
6352
690
737
13427
31
613
2802
2
3974
165
113
3
31
1145
9594
41
517
10459
1
21
390
92
237
121
1
1616
99
343
106
11764
319
61
138
53
9
2
81
2050
1076
919
319
621
150
580
4579
1
36
46
563
192
55
3
6
1052
1424
1594
728
2205
6088
180
216
2389
280
46
10
1313
1
1572
2273
129
1
462
17
95
127
40
88
435
483
54
6383
835
4
420
132
629
662
71
238
1112
44
108
689
198
4683
24
28
312
396
8
966
269
30
85
48
36
878
2
62
753
1126
1
1754
147
4
1034
110
60
75
3867
37570
82
104
1452
1076
210
3759
2613
18
1468
837
186
89
6109
3
109
612
35
1996
53
11
17
111
26
11
399
79
10
677
322
1653
428
1426
42
98
337
394
98
109
1707
3307
167
3219
4
27
801
31
83
2406
20
1149
48
965
69
144
181
8
53
2536
3105
17
1766
188
38
48
14
26
1621
3396
2550
17599
90
38
140
32
338
414
1638
3
29
18
85
471
2205
2149
502
542
213
132
2131
3413
9
804
732
86
66
385
16128
2577
42
3519
2865
124
16
1359
190
1833
26
754
5
78
874
4204
14
158
1539
2451
125
57
1396
617
309
449
221
52
227
568
158
1351
182
5611
4236
93
124
153
8494
64
412
5823
279
781
26
29
14
5145
1734
33
15141
922
1
6
2627
141
3214
86
5342
37
9
86
2155
13404
3587
6126
99
2900
5170
3532
19
249
1
304
1719
8098
1714
2699
2386
7067
97
2
65
1235
1462
2619
1313
921
82
5996
7
2538
10
3235
1479
274
50
943
124
593
1365
242
80
8039
6090
45
1
238
19
163
93
2466
10765
1280
41
467
814
729
540
205
28
137
12
5042
29
3117
46
5253
471
74
455
4354
12239
2
34
838
116
11
5102
3285
435
1691
43
1042
693
787
58
1056
11
31
10839
30
22
53
277
3977
1
2698
19
824
43
125
155
4088
52
390
12
4163
117
11239
26
2002
140
393
233
2468
918
4008
58
167
335
3
2182
14
6849
52
544
154
1
17
103
310
1529
1480
5324
640
3902
19
2356
1
9
369
1591
47
103
4068
389
62
2194
1157
19
94
670
22
225
2284
1203
5265
3246
76
154
2457
7288
1005
1033
201
32
1186
11
1297
9
18
1577
1414
373
153
254
48
352
471
250
1044
7518
381
1841
545
14
119
1
219
11793
32159
404
165
593
92
776
145
67
35
96
1289
13
2715
12
31
5
3447
109
45
17
65
284
78
7780
124
561
2265
2
39
1
7504
3868
353
150
2306
251
2539
47
1
18
122
1938
2827
2030
485
2873
5795
511
8
13
25
2825
715
11502
82
31
1970
183
145
1898
46
43
1158
25
548
20
61
375
323
379
2144
8884
386
1542
24
34
2329
3611
6
233
1
85
12
5885
1
3288
589
996
29
14
144
199
1
51
2741
56
324
2
198
1086
321
612
90
6
40
138
301
39
131
3321
198
1360
3037
1
31
2018
6146
574
1033
1033
6
67
150
367
26839
259
105
1796
244
59
1858
130
398
3383
43
21
20
1165
17
359
36
766
65
103
875
129
33
3271
577
1731
17
977
890
18
311
385
2220
12
676
2650
17
2977
256
25
1275
7765
45
1010
128
1701
3005
238
65
6566
600
5262
756
11
27
9
4
185
40
169
3703
46
282
164
2184
1073
835
63
2604
699
7
28
94
9614
17
5429
2368
601
175
736
23
65
122
41
45
1887
957
279
181
1070
1057
53
41
25
818
81
946
2
4463
68
317
22
58
7031
48
19
1671
3299
1
634
3067
208
14
20
983
100
8656
303
11134
775
2105
153
176
15
1
362
511
73
1
302
340
43
76
174
2635
112
4080
1582
569
10425
1336
376
61
595
447
51
2
832
689
1816
7968
2607
83
1
91
7612
602
644
2150
30
1046
6485
8285
4395
2
1882
2375
57
208
91
1102
1403
18
6
4
29
5983
2630
4989
608
58
43
7
67
2116
82
163
124
674
22
48
5323
81
36
3838
1068
56
35
6
9
4
2840
389
336
8
3033
44
117
45
233
9
28
641
1028
280
6477
878
35
101
2757
1835
85
44
50
1093
287
2
32
5288
7856
34
28
1822
403
2974
134
1827
61
42
18
32
6057
1557
13
125
11
51
6210
95
738
686
1404
21218
94
6039
15
3846
4747
1
4068
5435
3505
1065
23
684
129
78
95
1146
2835
29
3733
1
112
105
103
25
86
2132
689
629
16
3547
920
13577
514
325
39
46
328
58
188
26
38
34
229
2380
86
803
2262
96
25
75
99
2216
87
419
111
230
4089
874
1820
68
138
781
2418
292
24131
2731
2155
725
104
73
23
22
53
136
2267
240
111
5225
530
182
3392
1853
35
441
2604
897
122
102
1142
1041
6766
1
363
5
46
3343
19
209
71
623
10538
376
1794
651
7555
1707
386
55
276
39
80
5198
38
263
5639
27
468
362
249
2609
368
21
2859
377
2317
1170
6685
9094
47
9
2404
12
2244
2649
118
70
384
6
71
821
276
1
1846
8196
613
14
163
10
2488
273
1096
20
26
198
49798
1974
26
3128
67
49
519
11
1766
62
13489
1
10
1133
1974
173
761
330
2756
57
6
4340
2825
6
141
1714
