216
107
449
1
437
22
410
450
32
66
68
190
18
283
58
79
7
2
33
13
16
30
884
13
62
25
15
408
54
384
23
592
29
95
4088
487
33
599
734
11
44
589
84
1152
1858
65
53
283
181
160
204
1250
15
58
7
165
519
16
53
303
865
30
882
595
5017
49
2
564
625
112
610
185
743
33
992
739
43
127
3701
28
610
44
172
115
970
27
89
22
3
39
48
18
196
280
13
214
179
89
109
89
720
51
49
41
27
11
1408
141
308
169
160
496
31
916
1041
712
30
1014
131
1028
888
15
1147
29
1487
298
804
1523
2421
748
46
92
1610
978
379
320
70
902
468
462
304
29
120
32
47
367
13
474
84
5
539
161
779
39
1
39
454
463
58
8
108
87
267
290
137
2181
701
1843
12
101
18
153
259
381
894
59
8
171
129
2593
61
56
25
23
140
150
927
1189
542
758
145
116
539
148
480
622
53
328
299
18
2
19
484
1568
32
116
342
369
16
1129
746
90
108
2835
45
910
41
527
478
23
138
21
30
247
629
562
2364
657
767
360
745
285
5114
791
61
1350
283
526
1369
257
227
106
318
585
113
589
280
86
715
995
1239
1641
474
39
2407
38
170
860
622
689
453
865
453
27
761
124
738
508
1329
35
171
466
661
189
1328
23
49
416
133
376
228
19
168
828
416
1350
550
277
1633
821
610
1
40
30
637
400
69
553
466
29
27
360
129
4
586
1206
579
554
78
827
1714
503
75
375
90
26
1030
211
621
642
901
395
1959
10
2589
1129
513
703
90
1
67
648
2373
1060
661
348
3003
4605
1343
362
786
73
741
1145
287
47
505
894
614
2070
412
321
13398
13
42
306
123
1078
1442
1767
139
989
186
2108
1
260
116
1
591
529
278
31
733
1335
722
2708
7
858
3288
1277
683
8
1669
138
1978
99
883
294
62
615
769
2902
154
378
4
684
813
849
1553
50
911
1639
852
165
1076
1568
381
406
294
2502
203
1247
235
924
2088
1216
336
454
2061
1122
22
135
493
65
191
1739
36
52
767
41
1382
612
63
1905
72
127
1069
1445
2684
1516
338
1339
21
355
1069
508
311
444
569
571
876
116
407
1082
145
137
112
112
115
18
352
26
115
409
478
20
1664
44
39
29
76
711
936
54
1107
1365
253
553
374
157
618
120
145
507
535
555
2749
788
357
574
1135
743
1166
210
297
6858
11
43
540
892
74
811
213
198
1306
345
2680
23
646
1752
641
1431
388
51
671
1506
1897
82
506
283
172
296
908
102
299
1170
13507
249
236
361
131
996
985
69
1439
875
1277
1735
481
384
2713
162
4161
92
1174
131
1826
611
966
4709
144
593
147
184
38
255
76
987
1012
492
199
2292
44
405
712
1343
57
79
1081
290
18
2540
1177
155
1199
93
223
2363
159
497
149
1656
983
491
2120
287
719
1868
473
74
187
63
15
325
148
1559
235
317
998
344
778
622
389
720
37
76
60
2465
302
219
15
8
3
1351
37
153
14
61
19
545
956
22
1276
962
13
1910
1010
1299
215
472
1488
203
2753
55
596
652
740
29
1656
825
77
450
784
106
2261
968
231
1
2776
407
10
23
1444
183
1033
352
48
50
101
930
794
1568
21216
735
30
25
747
553
937
271
344
996
712
116
772
993
1131
23
306
11
2100
598
920
543
178
861
575
84
1618
1181
279
64
226
891
1
246
38
1041
1857
26
1
797
121
1142
1637
1232
194
203
108
983
570
1063
933
327
1559
24
13
150
437
35
1
538
9
139
112
324
274
1259
1006
1524
72
111
1870
612
529
126
294
27
629
1307
109
172
291
45
1
119
1536
158
160
3
422
366
513
77
347
773
52
1247
12
790
842
176
296
1453
300
369
36
67
2153
652
7520
64
306
561
191
382
27
287
825
296
21
302
421
1167
341
61
177
431
35
99
2
42
347
33
1857
117
390
248
47
2484
964
582
34
929
768
629
791
888
860
744
104
1803
73
442
435
714
580
236
837
271
1142
532
590
959
126
2149
370
1705
205
409
358
212
22
266
772
793
167
303
1317
467
995
676
951
250
1265
2538
633
2
264
1099
644
439
2503
402
726
2079
496
419
1363
65
725
149
244
1553
640
454
616
8
1427
510
910
603
878
134
362
332
1198
670
208
128
40
728
648
302
2582
511
49
581
24
1646
473
91
574
855
928
405
862
1066
253
2003
145
173
315
1531
35
1909
406
721
935
1635
648
27
26
146
833
599
772
298
4171
1072
197
9
491
107
30
614
423
411
156
758
68
689
855
1144
186
603
204
1194
65
454
188
123
1
15
47
1280
393
693
635
704
537
29
337
173
118
1216
175
1626
1244
1407
39
235
458
709
256
323
1719
116
130
20
2348
123
28
635
849
11
601
570
420
19
1486
122
1
1293
37
16
14
299
1598
600
771
1279
1277
2212
582
66
24
17
24
677
38
63
289
2596
2389
995
16
135
1877
414
1
734
475
322
740
209
925
595
360
1
430
1526
1315
277
590
25
706
425
79
1253
1362
82
31
345
448
1130
241
900
1761
177
69
403
631
2241
348
31
9
118
25
93
477
226
12
475
367
119
989
22
154
687
219
631
413
82
40
1325
157
4173
21
10
1105
57
121
955
591
430
285
22
186
138
131
246
252
875
35
1027
1175
47
635
400
1159
4289
478
1035
94
267
110
1
467
18
646
668
11
33
1856
50
39
990
662
944
74
44
777
277
166
59
102
4930
298
118
640
110
373
1472
109
1281
652
38
1310
364
30
985
2728
140
713
1521
957
608
513
58
27
205
577
701
262
19
37
1096
486
2570
66
246
26
631
638
56
351
28
427
550
494
308
88
61
223
2854
177
649
24
2
563
34
931
657
30
115
20
39
52
182
30
30
3123
627
156
310
2248
64
4
613
84
724
1439
262
1887
1017
3628
121
720
896
904
1092
1150
537
654
810
27
24
14
630
47
549
40
43
1412
661
899
123
662
37
1
889
511
76
237
475
37
658
808
240
981
65
266
737
703
817
398
150
753
2532
1766
24
174
120
303
14
135
477
31
66
173
367
660
426
30
244
350
1023
45
910
524
177
627
1378
135
68
233
129
199
3849
2750
843
1
117
428
214
462
2117
66
477
1198
36
1464
1396
163
8
108
804
762
33
103
773
540
2
1715
1636
508
26
103
269
134
1700
607
322
1003
39
1125
29
530
32
1038
569
1158
216
15
25
419
43
597
391
46
1186
245
12
1112
331
2227
878
120
593
67
8
201
110
2505
1395
761
661
1249
1021
594
190
53
49
580
45
60
679
25
1544
142
139
12
298
595
180
1160
98
707
3966
1483
225
27
1077
721
52
101
1093
24
65
1
2287
459
279
480
362
713
317
552
653
58
13
779
158
164
28
150
37
1
178
457
54
465
52
159
98
812
1548
426
603
9
207
770
947
4
269
1349
1523
158
843
1277
1347
690
294
665
208
711
28
180
795
106
16
506
4
97
906
150
1521
73
702
713
359
233
22
28
94
1153
1049
650
114
1309
1344
55
642
20
90
1082
396
151
207
520
270
730
23
381
480
9
1120
49
1231
290
630
768
23
1537
6
765
1
312
583
1828
1377
127
78
43
6
102
22
210
467
1046
664
210
314
60
2239
74
257
2123
472
768
1511
108
767
870
1709
24
977
5998
264
2
272
1463
754
3041
28
1171
44
76
555
37
332
664
1167
426
4836
301
150
55
550
42
24
1018
259
110
610
7
481
1549
28
43
813
626
71
34
305
516
499
88
422
166
27
556
216
276
114
526
133
263
184
36
5
304
20
1880
226
606
615
108
578
146
426
1
1373
99
1212
468
807
1621
15885
1177
1463
787
20
222
1642
1375
348
895
3558
923
335
184
15
679
121
2716
470
151
311
27
704
627
202
700
110
1004
27
443
565
37
123
63
29
680
369
1
96
243
15
158
66
892
708
486
853
318
43
67
1153
1173
796
109
1321
36
801
312
176
216
928
496
287
42
103
185
81
68
92
642
394
1887
17
248
284
65
651
1489
758
1
485
624
144
3033
1076
39
581
29
608
72
1147
141
702
626
970
1406
3897
1513
18
66
11
76
848
629
184
18
168
413
1146
2492
27
355
2
503
1
1980
1558
21357
24
348
36
1014
16
22
691
141
177
1060
1
53
23
543
510
444
1603
627
118
201
332
9
779
365
134
506
491
1
1490
94
200
268
211
76
969
73
880
2
2757
1727
295
1916
25
66
138
958
1008
718
1061
1349
80
351
1209
271
272
3441
437
551
152
713
11
24
34
1149
282
1359
1444
341
776
146
1799
599
3
718
983
277
260
193
23
773
2620
1
377
1221
596
29
38
138
27
193
750
28
22
60
592
393
329
150
554
947
939
254
1391
505
18
685
665
32
427
96
32
15
186
32
991
1316
694
589
5
132
44
21
210
963
1508
183
1562
47
59
56
615
41
15
1
487
707
1178
343
5
1347
107
41
1107
974
326
2396
1227
119
1414
2202
637
258
87
86
850
406
312
1539
130
787
17
286
555
5
1206
368
389
105
131
37
64
529
44
309
311
56
276
660
153
592
481
318
93
221
1003
517
81
2579
995
912
27
217
297
494
6152
1286
30
148
316
122
189
383
61
29
606
23
5
263
741
123
439
68
1810
833
313
288
26
806
22
169
219
130
27
36
490
69
1717
1913
621
24
46
276
314
3116
61
282
1060
102
874
30
103
845
15
2260
42
178
584
2371
297
115
683
7
36
101
16
980
251
831
232
13158
445
58
1
210
196
1565
105
332
2048
1402
93
324
5933
217
684
505
27
220
274
126
826
212
581
1481
114
505
1111
146
1
19
3
667
636
132
89
119
1
2282
64
20
39
13
1675
582
16
356
435
955
277
236
382
328
626
899
1247
284
855
58
44
496
954
534
92
1457
221
121
269
132
619
6
353
952
4198
1079
553
497
2002
614
2075
1240
157
2641
1517
355
882
318
375
1858
5
585
21
210
109
1033
876
77
1196
1010
252
31
66
1782
1132
499
1387
149
306
424
47
134
506
898
262
62
402
783
13
41
172
408
53
368
2555
10
424
64
869
3208
25
288
346
3332
12
433
730
294
263
432
954
771
237
492
1225
487
17
737
322
1255
318
31
188
113
209
348
55
180
253
658
34
602
1122
188
21
407
402
2159
267
742
867
1050
471
488
136
201
4630
159
608
1009
725
1141
239
749
970
809
2095
151
1147
98
891
971
243
23
476
369
1621
4156
840
1
27
36
25
736
825
62
590
493
26
90
310
959
89
1748
56
134
599
703
81
160
1551
754
1217
183
438
1607
306
192
316
1182
2666
236
858
149
1527
774
9
813
5832
883
48
15
1066
2050
54
156
24
87
618
703
122
47
1
901
2991
304
165
1563
1396
287
27
68
22
137
141
533
1143
109
475
1
1376
1071
266
234
1042
208
913
557
1853
461
2882
2841
106
760
506
6450
6
67
357
392
762
544
1163
6638
7
49
153
135
224
232
26
174
299
156
87
138
958
1517
879
21
477
98
120
1272
97
600
143
2
290
310
244
865
211
1261
1220
81
708
1880
519
1037
3
9
32
142
473
11
344
27
133
639
252
732
2047
498
1468
1397
2471
276
2
1
1347
1
70
48
3024
163
82
867
4103
527
1
133
827
1026
736
1072
275
1093
274
1
187
4708
19
383
641
809
1156
2780
170
12
68
402
16
371
84
16
430
11
598
237
1282
694
619
25
818
5856
607
945
7
325
952
34
491
1367
50
161
805
262
402
25
377
49
1789
717
887
379
4
365
235
16
83
1799
409
254
61
439
44
314
22
1481
369
174
1617
285
520
25
900
1208
406
113
1612
442
1138
206
36
713
612
143
4
47
504
833
284
7747
137
1350
5
511
281
325
237
1
730
275
250
164
248
26
1280
720
963
123
662
176
430
736
1014
1163
25
278
53
513
40
29
20
3373
3
1244
95
62
60
2100
595
725
24
228
12
5049
45
7593
103
151
98
44
886
133
16
22
1117
25
2398
273
238
108
30
543
713
310
129
280
165
2303
649
57
783
69
40
2159
29
1213
235
115
984
23
846
384
134
19
1576
30
2128
2686
912
221
13
74
819
77
646
2169
364
24
622
692
1183
874
768
31
626
176
218
111
2133
227
68
19
56
567
1521
877
214
2355
100
95
267
1075
1989
20
12
42
563
22
657
1487
146
1888
144
1371
338
663
49
1639
246
14
523
1002
338
414
1
1697
340
997
292
82
91
270
119
1412
672
160
35
2555
461
1056
107
251
1325
346
1
1220
108
24
43
4
1232
135
837
988
43
2802
2480
418
36
1343
449
133
1311
758
1548
707
89
558
547
667
78
369
1047
3027
77
2895
847
2356
25
1875
200
1488
100
688
1710
1538
438
58
71
1
697
686
5410
81
1490
32
1235
1784
65
449
11
3612
1278
372
587
4478
45
2573
403
208
32
694
23
199
942
410
41
160
112
33
39
29
11
595
20
380
8421
21
134
16
26
298
379
218
23
220
944
591
823
1144
775
45
31
163
102
55
2782
17
305
653
379
609
30
63
695
14
51
25
11
428
33
93
509
85
16
10
564
469
699
662
1916
18
44
660
340
716
1459
942
1608
902
151
9
2133
770
18
356
1388
155
313
6
1446
86
284
188
934
120
1059
633
1009
542
431
1442
1739
553
2641
567
1333
698
130
812
737
331
236
747
97
7
67
730
1897
901
338
2
292
453
171
29
4569
695
1505
1081
353
628
1113
84
690
63
63
437
2610
23
512
361
192
450
101
175
84
1007
25
124
86
129
447
2085
177
739
728
679
409
37
681
248
204
1163
364
18
224
7
148
295
772
147
21
27
246
1122
1312
2477
508
121
23
169
1000
3
504
720
153
753
581
653
1
171
987
1293
110
690
434
568
199
33
538
56
620
41
98
845
12
95
514
576
331
305
851
386
1926
837
229
37
444
691
451
736
1383
560
1798
443
574
1537
607
29
15
144
4
1807
20
1
87
21
458
299
2975
98
229
1093
30
97
924
11
1805
238
111
1277
218
3216
182
215
94
143
126
18
520
184
810
199
178
199
848
419
399
12
214
988
15
1671
1656
824
588
1186
265
160
1129
1174
139
2904
1688
109
698
1813
975
839
710
380
623
333
641
20
3281
87
1128
2016
282
30
1
137
56
636
959
61
1471
91
1522
35
27
70
43
149
56
369
1078
120
802
562
117
961
394
598
164
919
656
443
1138
1014
10
134
582
124
205
84
855
492
892
8
931
740
21
338
196
3074
1487
643
2126
23
1749
66
219
1391
2002
537
790
3047
1069
417
939
1340
658
273
194
3128
753
385
1476
1303
735
685
299
842
32
912
1002
1011
365
3999
94
3162
35
11
8
1056
2334
410
156
467
17
1054
94
1258
66
88
78
717
938
1664
148
825
1202
431
1645
1142
2147
349
309
572
1
23
1382
178
20
1290
690
93
2269
541
130
1641
1337
972
1051
2238
192
165
146
1687
91
119
1770
57
815
806
975
779
618
1015
368
88
255
16
45
43
215
1273
557
441
13
56
2042
485
28
168
153
591
36
10
243
534
1
27
179
558
330
33
1
52
52
257
47
174
26
522
67
472
54
12
503
864
91
800
39
976
86
152
83
34
568
1
527
58
42
846
24
590
716
586
520
1576
863
246
1085
18
236
41
454
66
542
141
77
1216
814
17
99
20
2790
1226
628
2139
304
1325
1
22
170
46
71
53
104
115
427
310
590
1258
135
185
9
687
394
23
1321
462
224
1439
421
38
1998
49
441
18
389
161
353
164
1194
34
7
937
16
66
1460
44
50
792
139
485
200
462
1336
293
18
995
6056
50
2633
719
642
687
89
608
76
116
1136
1
956
72
1733
1412
651
352
116
1297
1519
33
69
30
185
34
322
2
938
42
34
142
199
69
185
193
550
435
37
242
24
86
91
25
5
266
1480
336
109
1299
76
749
1130
29
1127
88
816
73
429
239
4606
497
1200
32
9
364
113
904
705
325
85
1562
42
15
134
123
163
583
185
303
79
952
12
28
1045
38
1358
618
74
206
289
547
1791
1189
409
890
113
185
211
137
266
1047
11
10
340
262
2
114
38
132
1306
192
1616
1210
697
228
1415
369
54
304
373
170
426
198
1981
168
148
776
1519
750
2456
1536
20
33
871
279
230
101
40
12
143
149
642
504
2254
764
479
199
113
73
1625
452
882
153
21
14
28
1018
1380
461
1360
40
292
1294
481
23
1187
150
149
2724
83
1030
211
268
482
770
1012
31
1235
491
44
64
1614
6831
410
466
670
638
1295
2606
313
527
30
802
567
83
9
1591
926
1386
27
724
545
10
90
1
31
453
172
1163
573
1084
1016
272
39
1
250
276
163
180
298
205
771
127
395
789
31
273
169
848
1953
3311
8
36
4
30
62
206
1260
247
226
388
149
573
183
565
1883
267
1289
593
583
83
16
17
13
69
85
400
363
78
684
24
1310
210
384
1943
30
9
380
1298
748
594
473
357
91
80
570
40
79
1225
40
71
803
2221
463
67
2
106
1133
210
55
91
14
35
173
1
16
98
540
37
887
628
412
1643
867
660
535
562
1076
126
1536
825
115
15
44
859
30
670
4308
96
157
654
654
103
19
90
1322
156
36
122
997
53
43
349
129
66
73
113
60
184
273
41
16
2064
29
2517
1404
931
182
337
882
398
182
2099
434
1
51
271
1280
181
103
869
84
671
73
122
1
887
87
54
27
214
1
649
463
1435
156
494
80
1329
17
353
3789
3
29
2846
1352
853
992
53
16
1380
295
4702
1863
91
1172
197
296
1111
1083
735
267
421
554
40
1276
1528
109
50
35
601
822
928
2444
1469
153
1034
1596
638
1157
2311
228
936
658
371
1183
1916
1040
1131
49
20
1731
1376
754
412
448
633
64
624
373
508
3023
2330
1244
1556
155
1114
1235
1747
715
1664
132
126
812
504
227
1284
736
1225
405
1527
29
76
35
1510
1001
19
605
539
195
919
288
297
3863
2593
1099
1122
10
461
439
40
273
1
1166
2238
1271
280
2150
2796
565
1354
7098
2562
973
3955
1343
217
41
943
2005
151
3575
647
1258
728
1232
1368
236
15
388
2184
3144
588
2021
157
391
1166
1699
319
88
664
2335
27
321
992
523
4416
411
32
27
303
516
2970
203
400
136
2604
2629
2891
311
145
13
331
2298
1002
13
407
1450
538
835
766
163
681
210
80
196
1490
75
803
587
1175
70
46
430
25
605
495
140
738
403
773
686
982
474
141
34
38
505
106
910
208
206
37
601
887
654
2107
421
495
55
1182
347
1219
586
6402
344
810
412
602
583
509
436
334
1253
94
132
259
976
943
1116
50
6440
1505
32
86
44
1436
914
637
604
863
2694
740
67
1093
736
207
308
143
107
319
179
69
1447
23
132
16
38
483
292
265
51
4
97
80
203
843
18
2998
935
201
1578
546
2635
108
1220
425
416
51
393
471
777
205
725
118
826
1974
63
27
3310
802
717
2086
213
595
574
1232
1370
659
1231
1090
2
137
43
751
330
1411
1370
1080
1863
1189
1380
1
679
221
1088
754
1
1331
660
377
37
1333
1509
96
334
103
905
596
688
134
48
1368
833
1910
397
2070
73
2006
93
399
78
1141
977
2381
241
1578
240
641
1707
596
546
1249
1132
158
759
1341
3
323
1043
672
25
1102
1
259
532
1071
1031
592
898
1158
894
1805
910
1563
2242
386
625
778
289
1173
167
935
294
50
100
269
59
314
1284
2177
1193
768
530
624
469
3654
84
178
4114
511
724
1751
1654
19
637
899
96
329
374
455
199
1
444
1628
1361
1874
1
9
172
788
3329
30
490
413
553
2839
179
744
672
101
1023
642
437
538
527
10
752
63
89
88
109
31
455
9
1515
678
141
680
824
572
336
1310
132
1425
2828
381
27
1
435
1635
999
18
1060
409
167
558
1487
1585
863
1405
27
319
1742
131
825
2050
792
38
739
286
1721
475
9
178
624
670
439
67
8
289
48
854
562
84
34
638
40
341
53
933
1294
256
470
599
1290
1359
1406
1997
6073
258
1222
1222
2524
228
71
2128
848
4565
371
331
1317
1733
6
568
310
9976
816
487
547
573
66
1529
321
294
2470
1
1632
2086
24
1733
1999
237
2309
203
288
342
65
864
780
1633
761
2236
2482
453
69
2189
773
1098
4689
913
56
672
1000
1490
417
374
2015
952
271
560
265
102
121
672
631
146
311
340
14
62
236
924
140
238
116
126
1
94
238
133
1565
777
590
836
234
651
1370
1580
404
2090
323
59
1037
333
146
517
1716
569
512
79
230
550
518
950
1485
1331
12
633
154
752
2173
526
236
3524
1424
1086
286
653
1495
406
126
1375
320
1405
11
9894
1548
966
1948
2483
8074
1949
1228
625
7123
436
190
2461
4102
1803
2058
666
598
1045
318
86
1009
1264
315
1861
2146
6271
785
551
2
899
2595
628
142
51
1
603
11
2628
3258
1559
846
17
144
11
1
342
272
1223
15
1742
1343
1304
266
17
915
546
325
48
21
274
747
1038
11814
1251
684
331
269
797
975
981
2379
419
1150
328
76
1758
251
837
1908
5
95
225
92
1413
333
776
69
370
710
214
1427
57
338
277
83
179
104
390
1248
2706
472
688
75
653
41
827
916
647
24
400
4539
1257
1445
226
697
945
2060
2382
22
9
718
1600
168
3039
191
72
1093
517
132
1032
405
106
119
144
1601
1257
748
437
1323
848
788
1450
1165
971
2229
233
158
2304
946
795
1803
1219
855
1320
3
10
2188
887
135
944
2667
829
1350
553
1309
1377
136
1660
11
422
718
792
468
233
1158
254
905
191
30
766
2228
2114
931
642
93
4134
231
1045
2058
473
301
6
171
316
817
639
338
1123
1666
1542
982
2160
336
448
2283
595
704
602
2653
2102
1077
638
1617
107
45
127
233
1761
3334
1056
3359
1276
331
2968
441
805
25
590
1646
796
423
29
600
1930
192
1341
321
806
631
447
2060
160
844
1693
426
79
4421
736
331
344
5552
2970
221
1007
532
990
888
524
590
1622
59
1296
333
137
226
1234
301
771
179
401
2715
839
200
82
1074
2872
111
2011
452
34
156
9
228
309
1403
75
587
219
11
2662
492
1111
531
2387
1159
1539
767
1332
466
304
414
342
581
185
534
538
31
754
1934
1946
110
780
227
602
454
505
103
2431
361
162
177
45
584
678
357
412
76
396
161
388
304
411
996
457
109
1068
182
3452
3857
193
1232
68
726
488
2894
1658
25
1705
240
53
3038
5258
241
15
1814
58
2270
1499
312
3398
207
114
709
26
1287
79
1278
530
352
2879
1666
80
34
456
598
452
181
1148
227
1228
454
29
290
2670
58
830
462
326
803
191
1
100
334
1240
974
771
1688
1295
495
1606
3594
1208
501
2996
2339
1791
1984
26
423
98
1142
1199
1788
52
1028
355
1087
960
188
911
7
329
3040
1707
3605
1456
31
88
487
1212
5115
8089
1859
79
69
860
699
620
22
893
189
1258
1286
680
194
1080
890
1503
2182
899
2220
1748
1002
17
1191
623
228
1
16534
885
4653
76
835
1153
1840
1
3725
403
808
3329
714
238
1275
35
624
1668
64
220
1064
1993
473
354
602
40
3305
2195
240
1115
1572
1560
939
1172
645
686
1
1359
2206
1201
658
319
21
919
729
1737
1358
1849
22695
716
1064
1039
1400
1504
527
31
944
656
821
1
858
1151
106
13
858
25
110
149
148
68
597
1884
110
848
1534
875
3634
495
19
541
70
112
32
724
343
1808
122
664
718
254
89
398
460
961
341
14
56
226
2173
572
289
2710
104
464
21
798
225
55
305
28
7
107
1949
132
2288
206
992
7395
402
287
1491
1548
4632
2748
778
980
1885
206
601
1266
277
177
1859
486
1875
578
532
79
30
1339
4426
106
1039
2
2570
157
77
830
1952
93
569
80
16
1128
598
460
2376
1173
2790
189
4600
689
1161
417
86
263
503
264
830
46
1122
267
934
571
1263
1498
415
614
51
929
1372
5200
183
23
1749
744
885
2019
893
716
1744
709
215
1151
352
873
2124
308
3953
1350
99
14
5232
3801
2501
515
58
271
299
1345
246
1147
84
35
2967
1117
239
3301
1468
430
456
2068
263
952
205
80
908
1803
1084
621
83
252
74
27
1370
854
103
159
528
405
348
402
96
492
76
391
2351
479
951
103
4699
2371
3435
148
307
543
277
463
612
139
310
41
325
1245
441
910
719
1344
880
101
1247
17
791
173
1237
260
320
338
417
3298
236
1184
132
80
623
258
521
376
99
401
975
349
994
241
1142
1256
289
575
29
24
1600
262
27
914
131
141
114
18
26
259
62
25
116
1052
1506
57
117
1217
316
674
20
77
242
708
575
370
51
1176
560
14
957
1233
53
237
727
94
67
365
1523
2154
1123
16
2
853
377
1064
6
2403
1147
1204
385
807
2
189
1049
989
220
1
1291
1944
185
29
4135
742
46
3539
662
823
2900
513
165
1437
740
993
974
16
480
1214
400
653
705
6242
378
464
276
2088
734
267
703
574
117
1275
40
177
335
3590
52
723
33
631
619
648
1497
738
423
476
1
678
2615
403
450
3903
1419
2200
1536
375
602
197
818
2077
1628
1423
69
2118
142
2526
1157
138
88
304
189
281
2763
446
1980
702
1524
2669
116
114
860
146
14
738
269
1875
343
2211
119
1746
154
81
1367
893
1793
311
124
510
524
455
676
185
162
152
575
5386
143
931
2060
1632
1090
722
631
214
952
612
856
590
315
492
1372
224
1000
683
991
153
1584
846
924
2034
1
209
1358
3864
2947
52
537
2150
595
1826
130
860
623
314
6
332
67
576
1469
95
569
65
63
319
99
247
1274
23
549
639
1236
998
3933
983
538
2104
1930
1281
1827
1878
549
58
1977
472
2237
7515
1199
28
1654
1250
2708
1007
938
1897
764
2243
320
328
379
805
716
1224
653
323
2915
40
430
783
481
710
438
4152
1556
1225
58
554
82
701
858
3729
542
389
2735
1075
483
1135
563
1653
285
168
835
1758
795
313
991
455
3319
585
2160
379
2106
496
4882
948
1154
1349
4046
626
838
1072
219
1172
153
825
349
667
1392
1544
29
614
1179
45
823
3636
221
61
60
21
963
2605
99
1123
1151
30
171
344
838
24
967
535
430
133
1014
1938
282
201
227
1068
551
38
761
1953
755
1143
215
67
548
136
1284
520
105
249
2281
264
549
36
113
556
512
63
366
1420
66
343
417
3
100
276
269
116
425
1111
30
58
1008
919
29
14
30
337
330
128
37
17
24
1
278
1240
76
19
24
96
618
167
1103
443
1620
713
39
15
7
1506
7
756
305
444
252
1740
98
12
454
216
815
988
100
606
1235
191
783
64
279
37768
147
16
963
3832
223
395
43
793
231
145
29
39
978
754
46
13
32
342
515
1199
1
426
1485
1011
674
131
23
298
582
4937
538
545
51
239
706
66
43
247
1301
1285
1053
18
255
696
235
286
1162
809
708
193
92
84
826
39
1374
229
1313
20
718
236
1123
797
1455
120
429
113
115
423
840
1382
407
5
196
72
393
440
251
12
1435
275
185
434
808
431
610
45
339
162
1230
821
1020
579
726
508
211
280
514
38
241
29
104
2604
2
495
298
242
41
247
253
64
387
78
280
94
620
40
18
745
3127
1502
22
77
40
556
897
71
743
1
3868
967
524
11325
356
813
822
857
605
26
57
637
715
144
1198
620
2231
1142
755
358
181
1119
355
142
1046
142
27
374
1610
195
97
414
1156
444
1603
35
1152
453
338
589
1917
734
600
155
40
204
48
386
31
705
10
886
28
693
647
70
23
261
498
22
37
881
