22
591
53
2345
32
35
3639
432
651
329
1094
13
305
1756
34
114
738
180
71
33
828
205
21
733
735
234
390
126
981
55
358
111
241
1993
3464
1367
681
2966
51
114
830
61
507
200
51
68
1243
190
650
1109
1634
329
224
1594
97
1181
42
698
275
320
256
123
203
830
21
372
486
25
680
274
1102
1009
1489
163
884
521
795
1977
124
31
294
703
3516
512
405
125
68
246
121
20
2
94
93
351
121
566
627
535
387
2422
916
2585
753
876
831
864
479
1906
594
377
3661
80
656
84
337
876
70
132
800
3554
677
169
16
604
143
173
53
270
108
112
35
76
124
261
35
560
1577
659
930
677
79
170
266
1355
818
175
1127
2016
186
174
23
1019
348
876
310
1343
185
136
901
927
93
2566
1353
4
529
500
3306
19
115
246
1017
238
1455
240
858
906
517
2953
28
387
206
912
849
