4215
1375
614
1889
116
63
300
18
624
583
16
15
2
1
71
3
59
9
835
17
24
260
60
1
187
29
417
296
9
423
64
534
15
215
73
197
3
33
96
432
532
7
41
656
254
3
197
49
9
496
18
585
228
131
174
22
137
20
84
3
156
45
616
802
938
65
1
6
63
72
383
16
143
38
1083
55
371
145
2
66
511
1696
5
19
988
575
473
244
5532
2714
217
27
28
72
1762
532
4
10
2
526
86
421
265
5
458
398
136
51
764
413
242
1596
793
120
122
12
275
345
289
97
1098
378
79
45
1222
3
1837
2362
1
5
1707
114
15
1142
4413
913
453
1252
1308
188
52
3
8
541
296
43
539
1
20
695
1067
2461
198
92
1
197
146
621
374
114
1897
1117
1045
447
7
1
437
1060
184
51
565
146
138
1981
75
98
937
481
233
325
131
17
165
4072
154
1824
102
153
25
168
830
99
75
78
122
263
5
2914
53
83
3188
1288
108
343
610
142
48
567
1
9045
71
27
699
841
1
418
146
25
1317
250
126
44
55
848
66
536
39
202
3478
863
445
101
62
141
129
1633
77
7
223
1288
18
465
25
663
29
22
940
856
1187
184
214
120
66
181
108
402
478
352
999
48
301
21
1367
194
3457
16
500
107
164
2686
7
1097
81
103
1835
1188
136
1
399
700
98
35
452
169
694
349
59
50
2982
47
403
456
7
26
469
13
183
98
8
32
25
16
200
2853
1
1232
564
8
45
117
235
99
920
15101
34
2
1013
6
898
8
5
2214
460
7
79
1684
386
161
29
315
435
14
31
150
147
1254
5
103
1
3562
234
102
98
10788
710
404
10
74
4142
42
488
47
64
808
483
62
107
6
7
101
181
388
159
2708
37
171
1
34
5
635
913
162
318
16
707
41
358
56
72
247
1235
788
572
216
824
25
1
41
427
52
135
5
1
274
5
525
85
23
644
7
14
737
324
6
1
268
174
198
32
267
218
13
25
351
13
72
14
2396
514
392
97
92
2
305
176
451
149
508
334
182
1
754
2
1
109
46
142
288
3152
70
1734
20
438
365
1706
5
855
1
171
586
819
125
639
33
212
30
143
1
515
161
113
18
68
1202
1661
1551
1377
44
37
9
66
1
2611
1645
214
67
1429
130
9
127
9
14
159
93
7
417
4
570
103
84
328
182
657
1259
681
1
9
189
227
1660
1
310
191
1
30
106
687
231
811
150
117
304
18
6698
12
15529
6341
21
1174
647
1065
1
233
12
375
158
166
120
596
440
2349
69
223
953
33
403
226
139
5
344
2
3
21
184
9
94
476
125
681
520
491
2219
32
347
2222
267
200
1756
15
111
379
340
199
126
188
517
299
440
66
234
1
37
87
928
71
2
280
3051
1914
10
105
33
1
1
8010
158
767
195
196
46
296
1090
154
2867
40
762
3
693
60
5
65
284
586
2
281
46
13
11
5664
5965
814
295
497
6
301
331
138
97
1028
24
290
273
22
72
228
5
412
46
114
437
438
62
91
2125
506
62
110
233
4
16
419
20
224
209
4
540
11
331
20
120
20
8
2966
45
923
707
464
3
1
260
170
217
1
224
50
711
571
250
163
20
175
5
41
39
1022
94
198
153
15
183
18
10
1350
22
3
1
157
114
361
2440
694
1271
973
1
170
121
3
1
396
117
108
95
2
730
274
75
88
156
32
106
337
207
144
158
5
205
530
1
466
737
2
4
1
244
3700
1
863
310
35
660
1718
1580
65
320
4
617
1732
149
1637
150
19
90
11
2820
76
4
22
52
611
1037
533
25
219
87
1865
1135
412
34
182
27
68
192
316
5054
59
231
1520
700
2
68
411
43
20
44
498
161
10
5
7
4
113
22
33
35
20
1727
208
2217
973
2
182
230
53
5
3
1
34
1995
29
7622
386
120
1808
7
576
40
675
956
1174
2293
229
23
1606
182
155
381
106
1
1
177
706
51
1920
19
32
85
141
113
1
1
218
128
34
147
3370
168
38
147
515
567
1
1191
171
185
49
183
418
202
14
16
39
538
23
310
31
1
563
617
535
691
2
730
144
532
230
64
106
14
150
294
36
377
75
7
250
134
1222
226
38
503
567
732
1085
87
300
879
25
839
351
584
198
27
103
519
1
60
200
408
23
2448
192
406
1582
108
327
28
580
7
241
142
43
150
248
79
77
725
66
1
2114
385
57
110
4
361
500
913
121
125
155
158
2545
1211
82
115
255
57
373
5
655
3
8
9
307
206
116
26
1
790
33
438
504
19
271
4
344
17
2
159
137
61
1
1109
269
1297
68
363
47
170
58
5134
316
1
2372
1765
78
233
158
150
152
117
1
131
1
869
667
242
495
1324
480
2
602
1455
74
1
424
51
905
56
27
171
243
351
23
119
129
49
3
6
151
37
936
151
1742
21
312
221
332
243
994
606
2
121
200
64
135
845
19
388
16
164
1189
3964
113
207
3
2624
206
417
1166
78
228
16
63
1055
309
639
775
5
198
1
211
12
1
174
46
140
1
138
1606
122
4
27
1
36
46
802
1
22
226
413
100
14176
62
312
11
2
842
107
540
3476
1405
17
215
679
56
615
51
279
615
4
1247
403
992
379
14
217
5
1
861
266
4
22
1290
222
202
894
435
292
9724
133
516
2885
199
38
86
1183
4
66
3988
520
182
12
12
128
109
51
6
81
6
51
841
376
34
318
658
3
661
207
2615
385
380
1
722
525
137
1
131
129
94
1
99
1
2
8
4
3
306
5
17
5
980
267
428
160
56
1
6
4
32
44
5
8
670
169
179
34
3
114
562
1
261
1
5346
6
1324
1
2
27
71
668
866
1911
19
40
100
3
210
329
155
278
382
2
1
8
20
1
41
4481
208
2487
2648
264
74
2
10
440
20
275
45
394
6457
374
117
137
281
134
51
14
714
1541
104
246
1469
144
3
37
397
2
22
632
3
100
757
1032
3
356
4
721
7
1
171
122
58
1
23
19
134
473
204
317
24
3
1
125
3
112
1
247
611
378
59
49
132
26
338
713
153
89
850
6734
151
11
32
1369
122
196
9
2865
2665
181
227
358
438
1147
178
76
1
1
304
187
1701
873
1969
604
14
1
436
229
175
28
182
2
37
133
1
2
465
8
65
6
258
7
204
1
183
1027
2540
350
558
27
2030
220
248
5
227
79
12
465
152
256
19
1
317
6
208
51
389
28
1
28
4035
108
14
117
1465
524
1
1
18
324
4
1
5282
186
12
1871
203
10
85
80
258
371
3
12
475
1
162
145
1
145
1
411
185
1
19
196
73
1
15
86
1
6
52
271
17
1
2011
1001
1032
320
1509
1
722
1006
331
841
37
98
100
105
173
48
210
116
526
227
46
175
764
9
153
13
528
339
123
863
75
620
9
426
91
194
25
1037
265
24
135
68
1088
227
1073
2
5760
81
219
13
171
1
158
135
563
5
98
9
22
1
1
