432
18
162
139
104
591
95
181
211
108
160
191
212
84
229
181
320
25
236
154
63
231
263
187
217
56
162
215
211
268
92
184
95
321
246
346
221
125
82
224
209
182
227
213
334
1
122
237
243
238
290
215
190
91
154
240
91
118
211
91
304
336
240
109
277
159
164
156
122
121
268
160
469
160
614
1
161
310
91
219
214
233
1
200
224
317
218
164
91
141
416
186
151
129
209
219
297
121
11
265
233
70
95
238
216
216
158
2
159
162
31
212
247
232
227
159
193
54
229
148
427
123
204
264
217
185
231
210
206
247
234
140
73
311
221
207
200
213
213
173
120
222
227
91
490
181
262
195
216
238
124
120
238
236
96
215
73
185
346
408
95
234
