37916
10
36
233
73
21814
560
14
479
86
25
342
1
3
95
348
491
2
5
1067
392
33
526
25
73
397
5
255
40
1845
36245
1267
1441
21
5560
117
24
194
1193
1
1347
4650
2065
12
12
414
1748
15
6350
315
322
1525
282
411
212
63
5
3
1102
12
406
473
2
56
63
16
10520
61
797
13
275
128
228
153
689
54
48121
1848
97
10
891
23
1729
125
4
13712
3889
47
4
12
13
26895
1
705
5
626
116
5
25
635
7
6
501
31230
5699
1739
45218
932
10641
22
583
702
63370
1403
133
12
14
13
3
50
2926
23
114
1483
5
284
118
4
5
2
47405
1993
9606
146
6
1744
9371
125
14360
121
2281
96
3531
9
290
5
10523
148
1079
643
14880
463
150
940
9508
64
4248
336
165
4
457
1857
447
197
902
39
214
25
60
1848
36
183
1
12
82118
325
8322
177
1
4
66
56
447
1
48
189
66
8
34092
33
471
3663
80
20297
12390
587
4204
1
252
5061
5761
40
531
8289
6
22066
180
517
108
93
149
3
466
485
436
284
121
77
128
1669
81
15
17
27
175
545
50
7
36
8
183
4
3
19
1
52
12
27
111
440
9255
195
854
160
33269
95
14683
75
49
39
4601
1375
1321
3
112
5307
2607
4107
1
146
1
382
1
259
648
242
127
160
4326
95
131
26
1032
322
122
82274
4077
1769
85
5
15
11
227
1724
234
1457
1
11318
15
183
89
23
37
13
1886
50
137
263
4
1445
201
14
24
283
2095
108
3
1
461
690
96
3
6
6
26
3
11610
130
2568
10
52
4
3045
238
7
462
11745
1
29
6
1
1
134
1
1253
3620
237
551
452
3746
8122
1
717
443
596
7
14
52
1
1
137
106
981
92
7
1
12857
13
40
5
2634
146
20
160
1668
14
19
7
1
4
38
315
635
122
92
932
10
26
2
1
383
574
1
8
7
4
608
177
212
8989
4
14916
12
416
180
303
40
65
95
2
56
123
1
1
1247
1
30
165
1241
62
23
4
1
5
86
14
1116
82
126
79
6
663
740
1
2703
1
12
4
108
