3839
8
32
3
19
18
30
161
23
4
2
17
2
3
30
65
81
12
2
442
11
996
6
8
9
5
2824
11
41
2
2095
17
1970
1407
7
13
9
2
18
15
44
194
1
24
4
5
4
16
52
28
3
26
515
2570
10
17
27
1
8
11
458
17
11
17
5
21
94
6
72
18
5
18
12
49
10826
25
27
24
2422
19
15
10
448
1
939
2
7
284
10
2
47
13
433
1
11
408
30
12
40
18
9
5674
3
2
244
34
24
2
747
11
4
346
7
17
14
6
523
3
4
4
13
24
4
11
9
3333
31
128
1262
6
45
627
13
62
10
590
17
5
244
238
41
1016
11
353
15
35
7
23
222
8
11
80
290
17
63
531
22
15
3
30
8
82
10
27
8
5
7
7
19
3555
81
239
4
119
502
2802
1212
236
1
1371
1
13
19
2356
11
233
16
49
7
30
19
14
8
114
24
4429
746
348
4
6
130
37
26
144
35
3469
21
922
19
3640
752
73
368
84
33
41
1
21
352
1392
4
9
7
13
5
7
32
2
132
31
15
9
7
3
11
4
19
4291
1
1332
216
3
22
6
41
25
7
18
32
506
4
696
2405
10
30
8
4750
10
7484
3
3
198
36
119
