823
54
56
25
45
110
225
11
167
235
97
241
89
19
350
148
129
52
290
272
187
15
22
942
331
203
455
107
169
23
115
25
40
31
117
852
288
148
125
274
311
30
63
118
22
3
184
194
217
121
398
383
44
29
31
73
17
151
97
354
234
27
6
286
623
512
143
110
314
62
4500
43
54
988
336
312
416
152
258
403
305
79
38
24
55
341
8
86
183
268
12
25
18
71
328
17
62
185
955
489
244
198
46
651
43
12
75
305
204
92
3
79
70
56
25
301
65
20
259
88
165
206
271
22
209
247
14
532
116
100
80
71
452
464
109
48
63
300
120
104
98
137
73
82
34
108
43
43
463
54
146
45
236
222
216
37
209
244
89
210
76
216
25
130
36
184
430
59
208
454
65
306
289
368
87
16
510
330
32
67
78
239
184
305
135
17
272
70
103
23
76
119
349
98
1
187
