189
68
368
1403
14
119
37
22
10
187
1526
12
37
160
29
345
381
44
3835
8
7
62
1747
12
1611
204
105
182
613
53
319
88
97
4140
385
213
49
17
42
1031
43
5957
573
54
72
5
2183
128
15
12
172
1920
68
151
494
2566
470
143
157
8
20
516
391
674
9
11
4
469
10
26
118
11
3
1173
145
139
378
17
150
648
273
1
551
2532
1
70
11
13
12
164
3863
3161
105
90
72
138
536
24
4266
1701
107
258
1
86
16
514
11
143
14
6326
49
1323
146
16
36
167
2210
114
10
590
355
159
65
266
1182
1050
46
3254
232
64
18
321
102
7
547
491
112
314
159
69
63
17
148
67
20
159
5743
163
38
265
1978
238
336
120
102
4260
146
190
55
122
317
540
767
394
62
3070
2461
11
1873
154
127
9
141
188
129
4351
84
8
6
198
2208
446
5
94
98
248
10
1493
6
1103
8
3
8
10
1144
45
92
293
37
6
1223
688
24
37
7
6
47
32
66
455
140
