41
27
5747
42
24
82
656
939
10
27
111
228
74
12
3
64
70
44
274
80
340
81
6
59
720
42
104
1008
2831
3033
211
54
57
27
138
553
319
531
735
42
432
50
130906
21
1
42
470
140
17
514
495
165
227
78
25
378
54
123
42
257
1
1
180
2
1
19
871
436
489
65
1214
1917
19
14
1
1022
845
379
114
626
512
36
240
135
234
21
24
18
113
21
47
138
263
3
88
98
27
20
103
20
75
12
18
144
58
2056
15
8
11
3
240
1115
8
18280
1
59
1579
1
20
6884
33
1
35
26
115
1
5
458
1
9
212
2
66
55
643
18
1481
134
1
52
2
26
63
40
497
109
63
221
6
91
671
274
2497
187
30
156
113
656
114
51
8822
22834
6884
1017
1
31
3923
31
291
180
40
602
145
49
62
115
134
26
1
47
1
1560
14
6
62
93
1309
20
51
6
10
8
164
15
69
52
10
1
47
8
16
1
31
52
55
14
1
63
6
1724
24
243
149
20
1
978
38
18
386
9
500
2
18
1
24
11
73
7
14
78
44
17
177
142
176
819
42
147
82
25
4
1483
10
7
68
110
178
72
83
318
483
1
7
25
11
30
14
29
18
13
42
61
24
124
21
1438
124
32
28
127
5540
75
36
2169
1565
14878
5010
94
14
97
11
90
158
2
57
78
4151
445
594
103
41
19
176
69
60
57
77
63
109
11
114
288
113
19
116
101
1281
471
1869
31
68
487
3
253
511
39
1
756
44
95
19
2116
13
4
13
18
39
177
30
53
3
721
118
168
1529
14
788
592
87
21
64
1
283
1
2
38
15
68
1472
73
2891
1003
112
64
79
113
29
16
13
2350
19
40
13
22
30
43
22
791
186
5107
548
21
157
81
85
7
64
68
2
439
122
1
1
3
17
20
146
5
1492
1836
558
775
16
121
59
49
303
57
441
96
42
68
4
783
2142
1276
87
128
633
112
185
12
95
4022
3
1
34
29
435
17177
30
98
18
17
2289
72
5
444
16
4139
451
60
4
4
68
76
27
19
878
3
6797
13
1
192
50
21
35
39
82
115
564
120
1388
10
532
33
57
135
23
19
78
90
2762
1
62
210
7643
61
17
29
2506
607
880
85
191
1696
167
21
481
1
361
257
17
82
12
29
29
736
4112
346
119
1092
694
471
18
35
285
785
245
609
420
279
14
20
14
20
149
388
6
5
81
10
1
62
25
4149
30
33
130
15
48
485
679
166
81
9
82
1355
17
2368
41
3612
28
450
3266
12354
1
11
1333
826
91
1279
4
132
65
10
800
2610
213
5011
16
511
20
1
1886
48
9
40
127
29
1927
80
20
140
207
461
1
1
92
79
14
2337
214
1
38
49
140
216
1
2
4011
35
887
1655
208
268
17
63
11
418
14
12
274
15
25
104
13
53
824
38
574
55
462
27
48
1070
443
31
25
30
61
24
11
57
32
36
39
76
53
613
101
92
23
17
727
10
19
316
8
17
8
1282
162
1
408
804
78
1
8
767
1466
6281
6
145
2
39
174
108
80
16
107
51
5
26
50
1
3204
62
185
281
193
82
19
54
413
10
7218
171
2
151
8
24
58
346
648
68
476
54
9
2744
316
28
79
2
60
12
277
269
32
28
693
16
33
47
51
18
721
11
49
10
18
218
64
2
32
25
25
1
224
65
697
21
17
1190
23
17
7
60
174
26
123
381
292
52
2228
4090
5
6
2858
564
39
12
2129
215
1455
14208
117
157
44
5989
70
13
792
173
335
51
19
132
103
7
4
47
110
387
11
9
163
14
39
116
40
1630
233
150
33
1133
34
35
2
173
170
1319
692
521
37
190
14
23
145
1177
780
1222
253
47
65
39
21
27
4
34
492
49
269
160
44
454
59
44
4600
9
59
35
15
110
149
17
292
13052
46
2129
123
24
581
377
207
216
70
29
11
345
3040
222
47
29
50
27
611
9
20
28
300
68
60
122
58
28
41
4497
26
1837
25
27
25
4
6
26
560
9
38
110
33
60
3480
86
226
1
11
1751
948
136
344
32
5
67
1856
40
10729
9
39
56
24
6
273
22
148
15
29
189
7
32
51
69
613
12
228
103
8
433
282
80
106
102
157
6
81
1
15
480
19
61
25
591
235
382
3
103
212
619
1
1330
105
1164
17600
29
1
7
26
191
24
36
345
1
3
8
562
39
32
28
1071
47
104
158
155
292
3
21
139
15
128
1642
30
1
196
1007
1082
19
17
27
847
24
7
8
54
188
656
43
17
1180
1
1
1
213
235
2
40
73
23
203
39
2
7
285
1000
66
10
85
55
23
34
21
14
21
499
9047
27
11
51
799
231
6
3
114
19
60
1192
22
37
215
1486
201
1958
2151
28
757
13
1
63
53
1213
36
46
825
1065
2508
10
230
15
115
75
1514
75
6
264
603
8172
431
223
483
6271
302
681
37
326
495
1170
23
1393
14087
4809
5
389
1
6
53
276
1
55
566
244
43
141
6
26
63
1357
30
452
450
747
2
4
91
33
2
6344
88
59
11
97
2
193
25
44
186
32
49
21
10
772
1128
92
231
57
21
4
532
74
10
112
1077
408
443
10
1741
8
11
11
70
30
32
152
52
25
90
93
33
120
180
31
71
51
4
25
2672
238
10
218
16
11
57
236
405
1266
34
90
9
92
25
373
120
46
4
648
896
3
635
22
316
3463
629
12
15
593
1
295
85
361
8721
61
494
158
259
367
8
30
262
4285
3
8
28
4606
667
3
27
63
91
166
450
1
396
103
183
49
133
3921
390
341
49
38
5635
9743
115
319
3
1
41
2060
9
39
204
1
20
13
30
1285
184
65
157
4146
12
25
79
33
19
39
423
39
26
2162
14
11
37
2038
25
46
377
45
28
6398
2720
18
18
54
32
59
64
223
4661
47281
1
112
71
28
33
17
20
1570
17
32
20
77
24838
146
27
85
219
2759
166
223
16
53
1
490
8
1176
52
106
14
12902
1
534
3
178
11
269
1
3400
17
1
16013
6
1
1
226
150
23
19
43
1
25
457
56
27
44
73
21
12
176
54
208
15
929
25
161
50
3
5
1556
20
61
99
36
267
1
192
145
14
2243
38
102
5
226
44166
20
40
215
766
136
81
1852
11
78
54
29
12
1595
13
16
4849
33
33
118
13
31
1269
11
488
15
12
61649
70
5
247
129
1
521
90
1399
14
33
49
39
58
32
1604
6
1140
24
832
57
147
1204
1
22
2
96
5
244
39
1
188
7190
1
24
132
34
4
34
120
55
48
114
118
25
35
102
6
500
48
314
132
7
845
93
43
4037
1
109
16107
3
54
3608
461
446
1107
91
65
73
11
17
200
459
13
22
11
54
73
1168
26
44
43
23
108
128
5
14
18611
69
2
29
1
415
56
298
308
285
609
1
75
104
1
274
271
178
14
46
15
146
80
6
385
25
25
48
76
54
5
20
30
422
17
60
816
1
43
1
39
1156
22
1
10
35
257
467
61
21
116
38
45
20
19
213
1903
71
37
15
34
46
16
15
11
55
281
26
1500
418
125
8
11
63
2
14
468
166
8
17
308
38
1
144
62
126
53
36
1
516
4
11
2
635
2
1569
498
34
5
627
12
90
108
1
3
41
3875
1136
1
139
24
1137
21
24
37
11
44
54
62
110
13
168
4
51
272
62
3
8
53
223
56
78
28
189
29
103
25
5859
89
737
1
187
54
201
78
2
385
4
21
178
6091
7
1966
54
33
297
89
69
22
333
54
1
137
12
4376
59
311
257
1
45
18
1084
148
1079
17
111
56
17
34
328
397
15
28
94
1
33
6
190
14
294
39
3758
77
3613
448
4
1316
601
1
25
1
1
49
155
403
13
25
1149
81
3
7
96
86
287
98
19
123
139
10
21
7
48
1244
60
17
4
2604
2
9
174
124
121
28
8
19
4
96
9
2231
1
20
136
53
12
1
96
52
130
1
18
94
236
38
7
227
162
25
114
52
29
150
86
20
44
66
53
46
91
1
114
2
239
148
55
15
70
1136
1
236
5
1
66
36
95
131
317
610
123
3
1435
8
10
35
25
233
168
9
40
482
8
1
108
84
16
29
285
58
36
42
27
257
12
22
31
357
15
23
23
13
1
2
48
789
15
26
3
1905
14
136
41
61
37
1
34
1
147
52
58
24
40
124
208
183
1
151
73
1
161
77
170
2
259
1469
50
6
984
32
151
35
306
19
32
1
792
15
111
33
834
91
256
244
145
175
273
1935
944
64
442
5
21
30
1657
1679
28
83
25
3
3
673
743
47
23
593
7
117
2717
1
203
20
10
8
113
26
17
16
22
55
90
21
73
62
1
25
1
30
42
87
22
15
379
1
166
36
62
156
13
4
26
1
36
535
4
19
1
37
71
185
35
73
44
1007
566
10
136
260
11
141
2
4
88
62
80
14
64
57
15
252
1
3
23
2877
48
195
695
1619
82
65
189
19
267
124
3
517
131
2654
3
9
57
4
121
106
87
246
76
362
42
7
156
9
3
3
13
16
10957
449
53
18
146
12
969
50
19
747
23
1066
462
52
143
21
5
1
59
15
202
3
20
37
23
29
85
2651
2266
101
122
40
125
157
60
36
69
224
140
88
384
1
73
4075
603
33
34
41
2
51
48
57
1386
14
124
824
44
8
690
4608
123
57
139
8
4
28
4
72
56
55
56
47
2
97
6
120
61
39
17
26
77
21
764
1
40
47
7
60
13
7
12
16
1211
3083
1254
30
12
513
45
21
1
106
43
5
1
35
74
166
4550
50
316
8
1
2
111
26
193
18
55
34
1
11
15
83
10
41
102
4
5
3662
4
11
70
54
974
351
1090
20
187
5
46
45
40
311
27
1
39
48
1149
841
20
408
52
928
2415
126
1
3
1766
78
51
1076
6
206
25
1845
7091
104
6701
192
606
1
38
164
38
22
35
12907
8
2578
1
11
28
29
24772
17
26
51
6
39
14
13
1
46
4
313
290
18
12
112
18
551
117
12
16
200
60
7
24
55
8
45
9
241
177
1
5
19
25
861
497
41
45
25
2007
69
10
26
560
92
821
102
847
121
99
29
182
57
48
50
203
63
21
86
2180
52
11
1
105
282
9598
12
16
15286
14
177
879
166
1120
38
55
1016
83
113
47
34
101
322
1818
1
20
9
24
4
767
16
68
45
536
79
25
1
26
35
1
34
44
1
1613
1491
6
134
71
10
52
111
9
1191
67
24
1
57
62
382
83
21
11
32
60
5
49
1139
24
57
54
26
36
11
182
708
99
116
70
223
16
46
2
204
10
35
22
103
1727
145
68
40
82
3
90
63
37
20
142
89
1
690
104
64
712
1
32
54
86
6
19
22
51
38
20
27
474
19
1185
362
168
466
19
204
1
17
55
169
79
52
9
153
23
340
32
129
12
53
454
1
23
34
1298
84
1
73
82
308
1301
1101
20
61
115
70
135
108
74
314
120
1195
175
82
541
1255
36
544
155
90
42
6
39
19
33
73
1
80
1
500
232
79
19
370
653
1160
412
1298
265
1
182
226
1
558
46
4
13
1
20
123
49
4
271
44
525
68
40
3
2929
1
13
36
305
60
29
37
311
19
14
55
842
17
1563
50
92
104
30
94
82
4
64
55
63
106
11
48
2
1434
565
1
1382
17
217
162
7
130
3
141
134
5
652
264
138
3
90
295
1508
231
47
132
180
927
28
139
53
673
116
64
2719
19
172
72
3083
1
96
120
746
55
4455
35
200
65
1881
30687
1426
12242
63
320
216
13
4046
923
71
218
32
222
153
778
271
11
1
186
700
63
1840
99
1288
2434
689
28
196
1
156
29
29
5
16
1067
3582
704
912
1094
2
91
841
2990
32
1820
1
3349
2
16
1
5
36
105
265
2
363
2406
166
64
17
23
724
189
6
1193
6914
1
140
29
1
109
232
32
2261
853
1537
903
1012
4158
52
633
909
548
658
92
238
598
570
35
14
1
25
23
18
4047
168
1034
4790
645
252
790
168
243
506
356
859
30
625
1912
37
620
11
150
4940
3773
1163
4
302
864
346
3810
173
30
1
580
124
164
42
16
49
1
1
8793
971
456
15
171
21
2590
880
123
1
54
178
23
119
2687
41
349
6
2004
1023
1233
102
497
7
6455
166
4397
17
368
4335
146
13
361
6467
8
53
133
100
2234
4426
2
1
27
86
6
177
219
444
3107
131
5830
126
112
1400
54
295
30
527
19
2
120
21
7
111
54
146
394
180
404
42
13
117
1
46
77
5757
752
427
290
256
114
44
59
1715
852
1
44
885
18160
3
68
100
3846
4377
1
263
35
25
102
1156
370
575
3994
70
29
1572
29
3733
20
59
201
942
1536
43
27
219
2411
1039
3069
4089
819
428
24
4
539
12015
1
611
733
602
4047
13
828
201
523
258
355
3873
1937
1
1
1227
91
78
3234
2720
1376
1465
84
242
143
39
288
14
59
53
2
317
27
52
380
9
2
5
153
31
55
147
54
28
16
8
340
2
4
30
3340
418
7
1774
116
940
17
542
1
571
48
151
779
36
460
605
982
703
1
302
3
22
192
567
30
10
7060
