18
61
992
76
413
6489
65
285
150
31
82
280
251
51
491
348
666
238
49
18
68
802
1223
308
252
185
1946
144
101
6
57
129
2016
380
127
91
62
13
390
76
36
2
23
6
22
160
697
7
167
3
12
32
200
1554
155
11
62
1706
27
54
26
12
54
2
13
5138
31
49
36
99
165
46
9
31
146
71
1
6
62
72
87
38
3541
5
220
1
23
121
2
13
65
12
41
18
44
995
14
158
257
262
32
9
120
71
10
819
55
177
234
82
52
2848
161
49
37
27
29
18
9
960
134
9
54
39
539
181
4
72
11
53
107
131
2706
15
14
151
1
34
372
38
41
2126
122
12
310
127
236
22
212
16
1
