61
1
539
364
64
6346
1
833
63
74
7301
405
13
14333
224
61
8726
312
17
117
2282
147
140
101
49
510
35
54
337
123
9
26
374
44
119
797
10
55638
511
13
1492
181
139
52
2042
1081
88
981
312
311
1
5
486
6801
176
23
86
5118
210
2
19
137
1
251
6980
609
121
4024
1212
274
92
86
553
1
16
5595
39
21
123
2932
158
385
29
2354
7415
32
69851
137
330
218
10
1743
2167
6937
245
1
19
294
3
15895
21
51
476
11
56
309
81
92
56008
32
135
12
848
5787
9
32
63794
30
232
336
603
99
139
228
25255
1620
10
367
108
88
15
244
123
88
32
777
97
16
14
145
21758
13
1283
484
61
8
13
77
309
263481
76
154
20847
24326
2
3071
291
1412
83
443
6
324
10814
1
16
35
97911
81
274
105
162
3970
25
121
34
155
52
6452
60
26
85
462
731
666
48
8225
2447
2385
72
14
154
408
36
12089
54
3864
25
201675
213
143
420
26
64
5
281
1151
7
2097
1409
74
42
42
207
413
45
28702
26
172
27
30
315
14399
256
252
74
1299
359
110
15
158713
3395
63238
10649
32
76806
316
966
2630
955
1160
574
6
56
472
138320
77412
37
1043
125
4333
127
423
6516
16
5
124
29
342
1889
4071
2361
44
11332
1
2
1400
146
17
983
1
51
138
3391
1367
146
102
509
103
230
770
7
805
22
301
61
23668
48
2
3613
347
264
64
102
792
14629
734
37791
2537
7
124
322
42
37359
32395
12033
11619
4901
10468
7
3484
4097
728
14
257
110
3243
3010
1305
952
2088
1
3
311
7927
29
21
265
27
10470
58
577
44364
1335
1604
1567
161
1196
5
11765
18448
945
1332
5140
1066
102
13
13
66
33682
22286
238
2794
3428
2565
30452
203
40
4814
1820
268
122
1081
20774
213
37820
93
2493
10331
1
3851
78
1
780
6598
826
2616
55
1968
742
1282
23575
42
2
1456
11
224
59
2170
840
1
91
218
3277
421
449
15
815
5079
26
194
539
4140
66
33
53
1
146
1346
248
38
1
984
2811
29
41
203
336
198
51
1868
523
554
3519
19860
368
84
33308
133
1705
71
3380
1782
5950
57
1219
31
100
372
644
540
86
59
4488
1493
7164
12713
558
2
393
3793
4697
2666
1169
10
68
466
960
9087
8817
280
323
1994
238
160
23
812
44
10815
142
6987
147
615
5866
1262
232
54
49
10
4587
54
35
16
32771
2
61
803
252
11863
8
1259
88
937
310
436
959
471
5772
118
855
51
391
6900
4
3
616
135
30
88
1
1306
398
185
189
475
2257
427
36
660
95
156
438
1270
565
1327
222
738
1
627
62
6685
15984
81
822
1830
9337
2338
488
441
3759
413
3
1731
12
1
2
250
408
1607
4896
1057
263
416
3372
2
92
168
1
628
891
1
398
2
4019
100
889
957
15584
1
232
582
1959
66
32
1
81
1752
3
6047
2055
5
61
5
489
1
27
13
50923
1127
9
60
170
156
1568
52
895
26
286
674
135
1361
18
1162
336
2826
1
391
411
1
297
146
10
504
1388
8073
13417
388
228
725
4373
157
4433
90
486
233
461
487
204
1151
5
9356
5810
20862
34221
803
713
5
5
2
2287
164
17541
6
603
29
2
1347
68
132
859
1219
91
393
292
1444
931
31
7
1
1
2227
235
3745
5809
16603
129
1
268
7
5085
1505
124
374
135
130
1
118
5247
117
20
349
4522
1497
294
1322
324
4
170
4
138
47
20
1
4017
769
87
651
48
928
1188
894
1139
14
111685
1
89
120
76
9
17
289
1030
328
113
2964
51552
2178
32
30
33
858
1063
504
792
228
569
21
62
83
1271
589
2609
206
90
873
199
52
26
20922
9586
145
2244
6230
200
274
67
334
7
4
21
3486
168
153
60
1875
49
59
30
201
5
4042
1831
6541
1092
77
9
123
39
12253
41
632
217
118
4
29441
9479
7609
30
2283
1039
2911
402
284
4899
549
36
17
52
2684
1612
7436
80
1528
3144
5635
15505
119
75
4161
62
529
285
405
3836
889
160
2163
5705
291
973
3
7040
841
65
2024
13503
35
8054
1269
1419
1797
2130
38
50
2
138
52246
2086
2318
165
891
47
133
2282
2214
34439
15881
1082
70930
4652
19
1
20247
4321
7841
1645
187
1
4
15
47
829
1
95
401
733
1861
1711
6502
5905
89
53
44993
573
1
1
168
9
894
1
140
249
25
9
146
176
521
300
528
927
793
16
94
34
1801
461
17
11824
12
19681
21531
933
1
9497
5
915
221
1
19
15
3595
17710
745
25417
155
3729
20335
19513
7
5461
1040
15941
1928
33
1854
369
1205
1500
11037
16479
319
74
10450
152
20
151
66851
19378
45
25282
1031
45
188
66
305
2
2073
272
9712
128
22
123
51
3
2123
1
111
19904
84
8
116
153
12693
1447
13
11092
316
29578
5673
3769
15
31315
8293
439
4
56
1133
178
12
8972
525
18336
21891
10496
6
166
250
27756
384
653
1
2611
382
2798
4
49
1827
2224
198315
113
837
425
2610
15342
102
10352
36
108
220
1496
20777
254
18
307
77
1516
30
46
190656
1490
4787
160
11611
33
480
99362
230
9798
11
16
42564
81
29
1603
25
218
2594
1089
72
30191
386
1241
215
18
1730
8817
47
2417
2142
42
3917
1327
56
546
221
1044
51
146
7354
4708
1729
14437
5751
3528
392
75
13937
27
2911
316
178
5308
895
1354
3
345
6216
256
1952
416
39480
229
353
471
434
22
276
18509
8460
707
312
289
55
6944
455
85
308
4
745
37998
174
80
1
104
609
15
1531
297
71
162
7
24249
371
3
114
885
40506
9
65
1472
3189
1033
1595
9
966
585
57
5017
14714
917
941
121
38
82
1197
8161
34
20
1767
3
59
1230
1085
1191
138
107
3768
937
21
683
189
359
60934
7099
34
380
44
260
59
101
288
440
65
344
11064
104
1837
12439
408
9
279
28
74
1392
6476
607
417
3316
414
2945
7812
2967
7
1040
3802
2118
6
2
22154
22085
2406
56347
21279
4
15
39
11
41
4156
164
42
2040
126753
526
5
627
155
128
342
189
7
27063
22821
2032
147
1
1
2112
632
15151
2020
5617
675
3914
190
8808
2547
347
90
36664
122
54174
10
6392
1
3075
1217
16176
1593
7117
531
33962
115
2973
16
397
101
18
5623
5
997
30
68
229
31
19215
111
2
534
3757
18
63
1
11
366
4057
2
357
641
1613
175
17819
190
75
64
497
1932
166
630
90
35451
828
874
3871
6344
2149
1
1282
14390
1155
520
263
571
902
219
1080
351
626
85
18
700
380
295
1
427
1530
179
4827
360
77
2707
217
277
4218
9746
849
159
15
611
7916
1957
295
151
20323
28
452
573
2007
10950
17
773
3061
66
1711
1
1253
527
37
31292
3502
276
37
5893
32
1057
111
12
324
2627
176
464
667
466
3169
1
216
1161
147
3407
255
394
1274
17
52
31
64
34629
244
85
999
10935
33
2311
889
16
1
437
2990
164
91
701
932
391
2953
1849
3139
1604
18
14
478
178
1758
212
31
9
296
1144
8440
7176
16118
284
56
62400
3
94
120
838
1833
564
21031
640
66682
21418
769
19
381
1191
11679
123
47
26193
11
1547
165
1884
685
109
107
1
10
22
399
481
1939
11553
181
250
37720
583
86683
66
5401
3040
372
20339
106
7828
2633
316
7
82
1811
82023
35719
18
1327
1573
1269
7229
1150
24614
1285
1316
62
96
388
82722
518
28743
10249
10758
61827
3854
197
812
699
565
402
175
356
649
124
1466
16056
5732
628
39846
46
523
457
7828
7
41
348
128
3871
457
15682
11
435
36
206
42426
925
32
207
24102
4
605
10
3181
9237
1378
74223
56
50204
16
581
450
37400
3835
1663
369
250
1711
110
8
1
1
9
9593
8839
1
654
69
1564
172
856
297
74
508
755
39
4
118
125
47
2
1
12271
1
1849
133
44
75
120
53914
139
1
668
11568
177
5
10113
6051
2481
289
30
392
198
10332
1456
177582
36858
18
35622
3
1971
575
1377
504
13321
10669
1
29
3616
2951
5454
510
606
2996
11
12
1764
71914
249
351
23
427
58
6932
634
6
465
14642
111
176
91
461
6294
635
197
3
641
1800
4
32
879
2943
24
77
1113
341
412
4190
6611
1607
61
351
37
3337
2
171
13
154
1914
32
149
44
55
10739
286
465
696
1429
905
164
106
289
27
784
30
1831
1
1025
3565
1
480
577
253
3050
357
881
3978
2264
830
14481
49013
72
169
340
122
6048
5016
1002
27505
699
7274
79
1137
12
277
9407
11614
159
21902
69
10376
2696
531
409
1785
18
359
9562
16425
1825
1
92
321
4
151
6280
37
1434
7
32097
230
569
70952
1025
2
2806
1013
12719
449
409
3954
37294
8552
7032
9523
1924
1048
3585
1548
1465
42
1454
3547
1975
17
41
79
13148
156
481
58
498
94
116
160
63
4
31
624
25451
2644
2650
641
12
11
263
7136
17
110
140
12
5154
1375
245
21107
1988
25
44
533
80
1166
33667
139
10907
6
555
1053
7
4085
2095
955
613
1890
3790
956
1697
1
945
840
17
499
2617
765
11
222
968
12
84
6
4998
1253
2
345
25
5653
478
269
5485
1
1517
1702
142
17
290
11362
196
6474
1079
73512
28
32
8547
375
216
4005
629
32
10
49
8028
9
271
127
103
79799
705
1
3847
25960
27929
81
7
1286
66664
101
2197
17
1156
19845
2792
65668
139
1415
1
397
1
25409
96
4
605
2
1393
19
306
5
167
1
399
9670
34768
21
873
44588
2
249
363
7947
8
8060
565
6841
193
7284
7765
14478
179944
1589
1209
10
81368
4036
47811
36832
189
36
39509
555
263
14
44
41
66
86
78471
448
9572
95612
10421
24
9
4724
603
7528
334
2051
312
35
98
30771
1217
683
660
3
2193
51
293
32491
1
5427
29971
686
7
69
92
6750
34613
37
26649
54278
658
1370
6055
5513
776
11406
3477
39
34
4893
2380
1670
74
13081
98
12
15771
7522
342
1822
21
239
1369
107
6887
85
1035
48839
362
15090
2
10441
5341
72
693
1169
2789
192
75
1626
538
70
21
131
75
6260
92
602
86754
742
2248
3
2078
2701
21
671
2256
1123
379
458
3
168
122
1536
109
4812
17
2
163
70
166
1696
67515
72193
4006
2311
69
353
23063
18
51769
97
127
308
7
707
266
250
4134
99
489
315
128
1562
3142
1123
346
360
75
106
12
8
134
42
107
5
38
441
299
2401
2
425
8734
743
54
282
959
170
1
416
15917
3319
3783
3089
805
50
2452
40
8
27
224
546
22055
97
255
36
209
649
8
104
1877
7228
1427
600
2680
2092
27
1
539
34474
36328
23
1407
10020
610
367
394
41
362
406
57609
534
11
750
112
246
2290
448
257
796
251
103
127
61
85
140
2118
260
262
17425
143
46
3165
15362
96
188
13295
791
242
47448
4309
55915
10196
13720
34
96
289
32
10289
87
280
2927
21682
54565
105513
434
952
261
2338
32
242
2055
958
4
22
807
3043
9
1705
11593
40
28
681
114
18118
382
179
9975
473
809
16
366
22
887
211
3
26800
322
169
1
109
53
1498
733
7527
114
9
5569
416
11
1572
29
42
632
264
1702
170
1
524
341
117
125
2543
495
1243
64
183
982
1968
113
996
1
1471
220
1625
1224
27
155
135
894
30798
1510
33
250673
9283
581
100
160
2053
13
5115
81
35411
1295
46
885
84200
5
653
24
137
137
2329
75
48
938
2314
37855
297
157
119
7418
3957
1619
3640
2453
133
790
1825
1
1
151
12893
4
262
514
8541
187
302
745
56
215
2551
28
155
155266
106
5
451
370
449
391
454
984
677
6655
1095
66
758
98
583
195
45
55
1352
4957
166
189
2
3827
29
55
1175
356
283
132
5120
1090
2
10
196
866
3944
2735
1
1
1725
1743
59
1
818
202
75
113
7
399
459
2963
18987
128
425
88
3
50335
79444
5295
3073
259
663
1485
38
6
336
1172
634
5
39
508
741
811
113
1
69
1163
3486
3271
25
1100
201
1506
401
455
24267
587
19
7168
10324
33
2692
10941
1740
356
154
502
331
772
661
8
12
1
2530
36
16751
729
3638
1464
170
9
87
1226
3
48
4611
151
3
57
1
230
3900
35
9
1610
83
5064
1
698
321
171
8
137
176
644
18158
194
216
363
115
495
20
543
310
189
917
22155
169
8884
1821
513
1
76
798
117
338
599
119
309
687
192
55
45
252
19188
16235
22720
716
7
42
1
225
2757
1104
2338
6
30
537
14806
320
612
2
182
55
53
98
113
78421
274
153
7272
727
1471
17
600
10513
176
16961
10
57
4655
155
28
72
6013
3
73
2515
1581
1
196
57
163
2306
171
39
88544
6739
6122
1563
57
76
7730
4
12
737
2720
427
3
2
9
45
144
2
145
123
865
474
61
3057
361
181
91
6836
193
11
1247
1567
11867
173
21221
6254
12163
240
6691
34149
327
10520
186991
1024
3375
463
1890
194
138
295
500
1432
218
2632
819
72179
5096
87
42
50
25516
106
1700
4176
5902
7
63394
1
141
128
185
2432
25
270
78605
10218
8427
229
387
788
727
3016
49
39787
1754
20
5511
7036
1849
132
1958
36
43271
7494
130
336
2272
91
52
18769
7564
3
2813
15752
76
6730
5372
91
35
3476
1467
30
441
3235
5190
122
1072
4
1147
6297
295
4529
88
7778
3222
174
1537
178
933
10527
2484
1
22
37
715
14
17210
1348
38
5055
182
650
284
194
617
875
8517
6
772
35191
205
1
1348
314
258
256530
44
61
442
75
1428
3288
797
4092
2931
220
467
1115
1
1016
146736
950
60651
13475
30
1074
206
1937
191
12302
773
1685
1
4958
39467
227
12
1161
20466
2
46595
7
3513
3333
6180
971
200
32457
30067
241
169
2437
1631
93774
5579
285
17
283
125
8
1202
198
1107
1
25032
19
122
3397
648
7
666
1178
56
67840
199
103
109
80606
2
176304
746
1174
6207
1
1
527
761
62
2124
672
1
60
136
96
15626
501
35061
347
192
36
13
19202
9
5299
14
495
153
10612
11907
1106
205
289
30
14549
140
115618
37156
135
2037
238
289
4168
1495
2220
2433
2229
325
383
470
5937
3344
24087
880
12
9
4
2544
11
103723
1
1
2427
155
11044
209
12
1127
948
3118
1117
326
77480
7
72
307
21
8501
17207
24613
405
84
360
40
23406
259
52
19
56
411
4
126
4
213
1512
273
91
11
61848
11
33
452
549
5232
157
1
10426
92
11
23
1783
87
36
128
9617
5
932
202
539
724
62995
18507
943
11018
1162
13496
5
1239
17332
31039
510
4450
787
1
5524
9
21
585
20
14816
2914
814
13658
3
1187
2426
349
16
4598
35
39
679
12258
6526
8170
5
6949
238016
16
896
12361
549
1322
5
6033
14469
2349
20
6663
3531
3003
1525
206
7966
1241
115
549
160
827
43
190
4550
147
70
146
294
824
1
437
2405
23
359
224
1
7
6164
385
4892
400
236
7807
107397
26330
52302
14991
1190
49735
1805
39974
28594
266
1
12597
4
10
11177
25
5043
1888
16784
59
3286
1891
7201
8625
913
1622
2
229
1
153
110
5614
266
821
1522
781
33483
38000
29038
345
449
4732
3467
424
2235
124599
394
105
292
155
3594
782
2298
10922
408
1321
4774
146
44046
82
227
1733
4
3
246
736
692
72
89
27503
8826
72
15299
42
170
1783
2300
346
3677
425
6966
15
1676
728
125
2267
354
120
1453
988
31
3
205
12479
217
5
15964
4
10822
64
16459
578
2894
204
6
281316
16022
48006
113
226
9
3126
20689
116873
3772
266
10
214
1308
1
47
1791
6012
73487
7035
349
86
325
48661
14697
28182
876
13069
18088
417
6
553
16529
64888
72
57836
13
198
51857
1
820
89
256
625
308
827
33262
28
4682
3256
6545
1183
30
537
154
185
3496
2406
2243
5120
6080
270
343
25752
53982
9601
2
4258
58
10928
26
1347
437
17
43
10826
172
1
1452
681
5735
24
298
1131
58597
12791
1176
70990
58
9
63406
20
200
591
1065
106008
322
12461
853
1
36008
11019
334
84
12960
2922
2621
5218
5
86
11
177
20
1185
483
46
3960
4
7
489
2589
134
197
615
15
18445
32718
265
33835
4
1709
4
1021
724
33
60
42
4216
543
198
509
1806
103
1796
482
349
3300
490
12632
82
86
22540
23
653
1546
21036
121
215
12
42
23
26
30
18
8466
5
2612
258
872
76
2414
73
238
1490
3
1491
1
852
1680
40
1544
2988
40
1
866
1781
15
344
391
1847
65
171
35
1988
9253
505
6
52669
26
583
147
61636
1187
2460
3497
36175
5328
7304
40
787
102256
3288
81
97
4624
574
24371
6
26262
8763
3596
346
6406
643
278
2
6239
249
472
55
18835
17674
9302
1171
4410
3538
10585
9
14948
3
15961
33793
1790
1070
243
885
716
16
171
441
4530
1314
25255
13040
241
57
77
373
286
1
578
28
886
36356
37
4
5114
26
11
27798
41
1794
518
1408
16
1063
127
10
75
255
79
42
1
1483
61
4
27
453
1840
393
278
9483
92
1724
843
38
4
349
2713
1379
711
10
677
141
14
2
1
105
25
12
17
2753
142
5
342
13
17
4287
4
7704
835
7937
5
466
2003
1
101
1901
44
2522
44
432
1997
483
9
224
74
3696
3795
173
37
253
88
127
230
531
8
415
78
12
5375
804
25
108
4133
112
19432
9379
1500
1337
15
268
1867
774
1074
25852
2655
98
29
548
391
792
133
4
201
98
3856
20154
46
59777
85
67695
2821
236
96
318
401
197
2315
6421
6633
529
8000
1061
765
12519
609
774
709
1
1826
1697
983
1760
100
1937
435
177
249
6357
461
6
1
891
1
11697
95284
11681
409
173
3758
324
63
2374
130
1321
15764
5316
4786
3736
8780
32
4
19069
53879
28105
111
1277
9
10894
1905
3712
1615
6648
4
265
2662
3
35095
389
1103
362
2689
174
273
22
263
62
730
1477
47
1
29
192
2525
38539
2289
1292
1171
27
9250
15001
5
7882
1908
688
173
320
3232
2102
129
441
570
13
1705
187
5797
15447
669
193
11
84
13
4865
7
63
9
14
96
15
827
68
114144
17371
273
135
716
1
128
3
211
3121
140
70
279
111
1
2923
1239
15526
397
26
115
1
153560
10927
536
808
6969
15
146
315
1617
72
3779
384
226
36519
99
6382
51
15980
549
56
118
277
76
104
148
281
1471
1
7852
4721
135
3987
41910
585226
1738
2145
51017
1118
66
10457
424
1343
43
35
2521
5944
3
10523
8
12
42
2825
15738
459
1
54
2336
740
73
80
1
331
1
4405
1
109
554
45
20263
19
1065
575
177
154
268
4117
1350
17
240
295
3
16
278
13755
250
37
2661
1006
1
1
255
9398
7560
29009
4769
5253
269
16
1
67
1121
1375
33333
1068
316
826
3827
29866
38394
1079
526
2368
18751
1628
31
1395
37832
642
1346
2730
66
4988
304
23
1009
4
4930
242451
278
3754
3785
1110
203
1360
3374
26
12
199
2937
25
41
8
26
15
5490
167
28
431
1433
146
71326
2136
5768
1540
3813
1733
1
385
207
1023
319
313
1392
102
470
1380
1
543
10383
12
36
1307
213
805
598
30136
1
3635
169
154
16665
29854
6208
5
5364
1913
14290
147
4
66
13
6585
94164
1221
2360
24753
736
8014
10939
20
17
306
17206
9607
496
300
1276
16
4965
275
52
7
264
3574
383
109
1949
1162
330
1159
238
1973
582
371
592
490
1
1483
103
355
233
2976
10030
1575
7
394
18972
1
235
82284
962
905
39963
316
183
29753
17
28381
162366
1126
252
117905
650
773
9962
221
8016
22
54
28551
24
16305
50
422
2970
46
4297
791
1
1164
5527
9624
71544
66
3
122
6
12854
73
50862
582
8551
1
257
709
1365
2230
422
12
816
156
787
393
11391
1143
153
968
242
94
4218
105
5
8605
204
27917
281
341
2227
155
2969
2433
3415
5377
260
705
944
156
200
2040
19707
213
226
212
2377
232
551
1216
181
51
4916
53520
102
18780
13
281
21546
112
33985
84
65
1446
29719
794
265
97
78
128
22903
27871
30
2934
305
247
144
391
10094
26561
8537
28
73
12
14
14256
15587
4096
431
1072
6130
4938
3370
2493
2731
5115
575
25
15
111132
158
46
15014
110
3534
32166
40835
2647
126
217
173
2208
5833
36221
162
187
487
4132
43897
37263
6
41
117017
1
6
18283
1710
234868
122784
959
1909
4632
185
1830
262
3
250
1154
1062
6
126
1408
64
2048
17
1618
756
784
1392
1129
2
23
7
10132
135
2302
4642
298327
236
15
224
22740
5350
1706
4320
83
588
63343
3590
4085
841
547
283
1
131
274
2551
3
2217
2418
39831
90088
40343
6708
6070
20552
499
2165
17433
241
24
1809
2395
82729
1602
375
96
87
570
998
5790
1654
9342
1
14827
26
32
1
1599
472
32
837
3
169
11527
1783
481
5148
188
426
9668
1
686
8425
81
68
43
12596
1645
17801
8915
14040
24707
378
705
38
6121
14066
502
64851
499
16957
286
129
2423
14045
112
8
3
2
131
1
1267
1552
4709
24
13
826
2
135
3005
44233
8213
360
32961
496
44
340
1528
136919
320
3429
1236
10389
1299
54
292
6431
425
419
507
726
25
319
81004
401
1
15085
6579
3667
189
175
159
1453
52535
14
3126
308
169
5842
7688
225
3
729
82
597
8195
33
284
3378
7558
293
808
19329
848
4140
604
92
3555
1346
350
2
26
11733
333
15852
8
280
646
11111
1214
50014
28214
4661
5
55
250
477
8776
219
935
287
100749
1622
1752
369
116
12772
1824
62839
2066
7986
1247
17000
621
3545
738
219062
14148
217
34
11048
21
438
6313
3940
1753
26157
3215
68
16962
1466
101
1
2
98
2
216
34
329
5044
54
397
7
26119
7824
820
215
5
1133
81
574
55
1912
32
7785
28
4162
755
8110
319
1672
45
2655
106
1141
1764
3
74
855
471
361
3
4
177
365
236
6020
1235
64
276
672
71
1934
19858
142
938
1
7591
3813
1
35
12
152
5158
2352
426
492
15995
434
203
28
1576
3694
78
1
1
1473
222
261
21460
2381
168
8174
2955
221
205
21623
2575
163
146
2629
952
11050
637
30310
15176
4705
12335
486
14
1352
5739
259
256
7
156
47241
45
6878
262
342149
58102
1267
8903
2
667
452
94
1
3213
3112
13061
1439
6
782
159
90
60
1084
10
2051
1304
2608
168
1
494
1938
185
5098
234
15
4
122
1857
80
2
580
18
239
348
52
2727
29
1
1577
1364
356
176
3419
273
440
619
38
241
264
24
46
458
37
46553
20219
15
91
52
10164
300
433
565
854
1381
14
2
180
3056
139
30862
1116
2255
40
79
306
20
81
13
490
203
1031
3125
13372
60486
166
3369
42
12
797
1785
1072
2586
12
367
601
95
20
148
136
1
197
1
1
1209
4928
49
5478
44
3
348
26
348
3023
2349
2292
8650
4
2643
37
13551
1457
232
82
348
1604
76
1151
8
273
199
2
1511
289
11407
2
19
50
37
389
689
4
6
27
122
65
307
34
10646
1869
67
8871
4
15
276
1543
308
510
98477
2674
25
2026
15
644
640
71
714
4718
76
1
66374
66023
11
1828
571
12
7
121
60471
2203
48
23917
1
60417
32225
17
716
3276
6
42
1313
67
12764
148369
85
120
490
1758
89
1833
345
221
780
143
213
203
101
183
37
27
1026
153
83
994
2703
776
35
82
9
1229
21
1
10
655
735
25588
39
610
7506
612
779
38
56
1
56
22
842
760
11042
1678
111
367
250
53
3415
17
88
5
577
729
14
1
160
2025
10875
5240
4464
3
1544
132
50
568
3
3
851
18021
361
4156
1
26757
413
10
57
600
35
71253
74
85
322
3529
1032
1
214
5
1996
24137
1834
14084
2643
10709
313
98
3759
404
4881
3145
744
2044
791
4070
1632
322
76
3489
7954
294
1
110
1843
483
4963
15
5219
243
589
398
1
532
19051
101
9740
930
75
2
799
2597
488
8
1577
1187
53473
86246
2050
35
62
553
1164
139
223
3
5730
2686
3
6600
3577
1333
7
4
5087
2683
17
280
61
91
127
18570
7660
42
602
831
43
541
37
349
178
23076
722
1046
1914
9
165
288
13
84
5542
437
1686
16
2405
1544
33
16
375
185
1412
543
1104
179
85
1356
13
107
107
2813
148
215
506
38
6330
185
188
8
3439
1577
15
182
2175
24
1296
48
6757
30
422
259
2
1574
3591
25
58
683
80
697
115
43890
2542
4507
3854
5
532
482
106767
213
624
439
67
83
1
91
52
10521
665
1757
1530
12635
29927
197
638
642
1478
110885
70560
3593
5
248
491
5729
1334
1116
224
255
86
1053
2
3189
98
14872
24
61
512
2
100
101
22
68
13065
1
21
86
558
1
4803
380
2402
84
7350
209099
187
3758
1
8
1481
965
5
6359
41606
9378
17
62
5668
10011
956
62
2413
98550
816
48
2345
641
582
64
2424
1591
3510
1
244
82667
433
1
2597
80
56
32042
3951
223
199
109
910
49
598
635
108
799
447
17455
2424
3
2126
23
190
743
6
1437
578
1124
6377
473
278
96
654
183
3626
1
12549
141
28
15
47150
267
1351
1017
499
1812
380
23
21197
2168
407
5
36340
15
16
148
184
4
372
2575
734
175
3652
3
82
2900
119
75
107
21910
418
216
1
29051
3
516
465
31
4688
2
520
674
22
178
240
35088
1083
1841
1
279
47
8713
41377
229
1082
842
2635
16018
121
646
27
314
202
45
530
1
1
26038
5623
109
40
385
10942
12469
3
168
57
35
1235
100
80
737
2098
1969
2799
26
604
1313
273
14039
5998
359
2193
344
22
1549
1
135
115
10
1593
9
1743
55468
11891
291
250
323
250
127
455
225
5513
49
568
12728
7260
1171
28
834
522
3017
1
3159
127
2220
6799
1858
70
7
372
923
4455
1
616
1
4186
589
760
1
8302
1947
11
70
9
16
841
27
3
45161
97
1142
567
198
52
10
14715
43
558
2513
130
7717
662
2880
4045
518
2091
1044
163
524
3108
1554
274
155
201
1286
78
68
149
467
473
302
53
17663
514
1201
158
1331
47505
9844
140
491
75889
23
81912
2361
89
8
6
88
919
3337
10999
602
91
228
38
11
2742
990
65
1096
1260
1818
77479
192
2401
9
103824
268
57613
468
163
598
84
677
17
3250
449
3605
2
197
5454
1
136
64761
796
1
9
2172
15183
4014
2
195
30138
596
6256
38623
4622
710
14
17306
63263
2546
90
619
32614
1
3206
10
340
2255
274
45
9
49
1352
419
416
1044
89
40
45
1650
328
86359
41
277
1439
280
52
263
4132
12
6467
106
162
54
4466
28
1140
1220
107
25
254
97
4
23340
214
1
70
184
873
3
1619
3311
7650
168
38
189
298
32637
27
24037
7760
65
23
14280
182
11716
667
497
72967
514
3503
17
27
17
3
3
467
351
182
599
538
45
20
34
32
34619
77
49380
117
9377
1870
11010
160
224
10625
1
34
7564
1424
123
274
9
44
839
307
3455
1
397
263
2367
275
659
57
106
223
23
121
14700
442
6
61
664
214
4
5
57
91
238
122
1035
208
52257
292
24
70
155
30
172
70
14
2492
99
1280
193
46
15
254
181
3648
13214
10
67
22
17
3882
4175
1143
984
278
1268
123
883
11
172
276
472
138
649
1
14
59
2
50
703
1
18
2660
41
3456
24
64
40
4470
2199
1521
182
59
147
115
606
25
14
9089
2219
13657
151
2
183
521
113
18
256
9750
257
691
347
217
878
7083
101
390
24
33
39028
115
19
198
30
41
126
449
42
1699
276
52
57
331
775
127
520
177
1
3454
498
9
41105
284
163
1203
16
1007
16
111
241
13
404
276
4478
26
298
6013
2
4251
21
358
574
1926
216
6160
15
1
20
5465
828
19
3443
50
3988
21220
135
2699
3935
292
154
468
172
208
387
15902
94
1174
3
327
1922
159
5363
646
203
4
13936
16
15
5198
15
16720
181
416
22
1384
1965
18650
28852
3440
543
241
5594
73123
58
12025
104
308
228
298
5211
138
50311
1463
1012
1601
7154
811
5281
14
31
61489
336
12888
14815
76
4762
223
1016
5021
1349
31
60
450
167478
55
41
3
12
101
99
908
127
350
2
12
24
1842
168
991
869
235
902
241
466
732
38
10029
263
599
35
34
65
597
3
194
30
1159
18
167
3
28
12939
260
1512
860
57
487
1
39
312
186
17
90
472
80
277
14
687
876
1578
17
11181
5462
3146
233
2141
5
6417
2417
394
1
763
5376
4874
187
13
634
11
453
1013
3136
23
1283
91
7564
784
408
500
3209
7616
321
1
12
7
1288
42
127
4645
20836
1
142
42
283
214
26
6194
2512
1
16397
33853
43
40386
582
167
389
6199
737
5781
50
54
452
297
488
188
245
15576
1508
1489
1963
344
7362
2677
3928
35848
12860
4370
166
1128
2
24717
55
669
791
30
277
155
1112
22
6
4549
2663
107
102
6
61468
780
1969
2
515
536
351
138
379
12774
697
8137
85
20
1
603
1839
501
611
19929
2372
847
1011
4484
149
392
800
787
458
44
944
27749
50
822
441
109
32
138
11
68
137
2570
939
62622
13
2022
555
4292
62
4
4
842
3544
155
1114
399
2
3910
569
1980
105
107
10859
116
2730
1396
11
2
72575
12436
6
2
8
245
267
1197
2
1614
7623
9
15
16596
350
1
282
9
108
58
5171
205
6971
20149
1
2450
626
690
235
347
204
27
2371
10
1622
1242
31
2
4
5
13
1677
8
126
234
8
877
300
896
22
4
9598
175
56
1047
13956
223
1556
4383
7
126
838
94
70
199
229
267
1087
40
232
3436
340
5
320
117
722
1074
6858
98
208
129
92
60
1972
1
7
77
234
43
31
485
90
248
11861
133
85511
73
123
838
8
1
87
127
2542
1
89
2
4223
600
17
8
38
10
3654
938
786
4
27
3799
1011
1504
8216
39
3083
5357
5092
406
170
51536
1025
328
16
9
1690
732
7
1464
124
516
491
3905
3409
1353
857
121
363
41
16986
5200
1105
752
2114
154
311
5
730
1032
8
91
3
6
267
165
221
446
800
7
58
57
1
60
2323
581
1068
131
245
20
191
254
754
328
681
19
4957
2333
439
165
257
247
5
92
398
443
1217
78
49
265
441
454
51
1002
2086
141
5
42
534
1193
586
552
2163
6915
76
1599
2677
568
1
21
171
57
19044
2292
412
6
30
43
749
65
137
171
2449
4317
57
2298
16
393
415
192
390
1474
3353
1297
43
719
398
817
1038
220
4016
37836
6527
3602
2423
1
71
10023
564
14408
295
9
33
96000
1841
69476
130
2263
97
1
12238
3360
436
510
1880
59886
1
1285
877
504
30781
2053
4993
140
169
478
18
42
166
255
14313
286
11
1
1
126
351
24607
30036
127
39
232
352
340
2101
1181
76
1644
36315
341
76
2475
166
265
4734
381
12319
7368
1551
9991
481
57
1
3835
786
91
192
3080
103
9
276
1
105
280
41
59402
187
1559
374
61048
24
1028
1476
1
437
1717
7521
71492
9862
2093
516
210
2898
31
127
10977
1310
2
8
2960
271
1737
261
1808
630
10996
49229
351
782
844
74
417
234
370
388
175
77
226
1581
2411
12670
385
10
868
1540
46966
1109
30
233
1067
1077
194
77
7
2117
1109
671
1263
787
555
3032
4748
255
1
112
154
398
103
1741
288
123
96
1076
351
7827
8
333
82596
2658
33
2941
2876
2148
7123
24
175
1365
414
952
22
801
1361
180
156
85
4627
1881
182
22795
5258
7
1264
74
78
55
192
148
4278
20258
1
4829
235
333
20
162
1308
21
1200
450
3053
1419
325
8642
1
1
2239
2446
3034
105
62
2
19682
71
1197
1942
19
18064
1631
1201
9
135
13072
183
20567
200
1462
168
54
4830
1552
104
2060
287
160
5
71
5873
988
1765
596
138
25
19813
1362
7664
94
1
1
1466
283
1
4945
3885
1257
1910
1647
10418
60
158
85
8
51
1
22
1384
165
16
6
14415
82
965
45
3559
3574
21
841
1572
1376
700
628
1044
1122
1072
3623
4091
7247
5259
28
264
34
52
26113
161
3785
936
112
7339
871
1758
1209
608
74
198
3
37
820
4255
75
68
627
115
88
180
173
248
2161
2525
354
22
313
1238
1
359
5
128
254
11
424
107
7
156
161
209
4751
104
828
1
46
11
210
148
7377
30
1
8151
25
7177
125
432
850
27
213098
17708
4100
3207
30333
33
6732
38588
54204
482
650
289
226
638
13918
554
1
342
193
32
118
1
486
1990
22915
1042
3307
8
38
1125
33
7152
137
868
969
137
2032
8365
1258
526
180
1
1947
1527
34
2754
189
13529
90
962
1861
1420
2919
2
1791
255
6
133
153
10352
368
12161
360
166
220
62
3
28
459
213
78
5
4129
304
13
1823
418
91
784
241
16
2173
57
846
4306
1250
3488
388
1252
141
116
81
1826
16
45
879
2350
41
206
5490
9033
1682
318
556
35920
186
211
1
224
18346
9
170
2529
5
2672
9
5
1058
27
964
268
107
7784
28
345
2
76
78
285
78256
16
14
263633
333
10
23
7823
8981
134
332
259
978
211
5
1313
166
313
96
2293
8178
2954
183
1798
534
695
2317
1
383
396
677
441
3321
59
8
1
773
245009
19746
1879
607
5022
1887
5
174
1510
23
307
24
64
385
337
4210
1489
229
352
3
351
3877
7
16
307
265
2262
947
2335
7919
23226
45
1555
23230
650
90
775
947
9
112
14
222
138
67
146
93063
69
657
105
145
126
29
15
10662
1059
4148
861
15
62
77
58
319
38
4196
43
445
1672
40
157
531
800
16
30
751
36
9607
100
784
463
259
2143
208
255
46
2
671
4157
76
3015
850
1236
218
51
3078
265
21
1280
2036
2902
58878
64
2863
55
262
1248
4539
385
351
572
42
605
3212
5097
4266
4902
4818
20465
1080
67
46
49
5
734
281
94
165
5
545
54
313
465
7645
670
193
4
1
14
1122
109
8
2282
10
1220
95
910
8013
16
1700
11324
38
668
7999
5093
110
139
313
467
64486
79
3067
191
2066
40
203
5048
6
19607
145
113
311
2189
381
3159
1125
824
334
290
5019
7
30355
307
22
1
26
152
21
283
871
2854
4742
1241
63
122
1
152
111
22968
10
658
1107
79
17
1527
1
3808
1249
48
63
2099
513
304
115
681
310
28
1
7
2245
352
716
1253
5
16
181
68
96
37
206
122
3107
30
302
69
2998
215
847
4878
1416
16339
1232
1
1118
1293
91
756
10
769
54
1192
611
969
1283
1524
381
1
46
543
2625
941
133
20189
108
32
54
145
14
22176
12694
4368
3428
28013
51
720
144
1
3
17196
7813
3
2245
31257
880
2119
9
46
112
40141
1183
1750
835
12239
2
46
24195
23
187
62
32
57
90
316
2004
293
149
41
27
840
254
80898
809
1850
1635
868
634
87
1692
4
9
1853
175
880
52
945
8591
42
4065
276
537
31175
1119
285
596
33
7
129
3486
512
588
2164
3
851
99
298
18
7
4
80
12090
988
1737
84
149
144
79
68784
7
9008
6889
415
14496
13
3463
229
497
372
3333
76
619
3393
60
325
337
41
1
82
5948
5932
57
41
255
1468
285
710
2261
62
71
1716
12
326
2670
341
3761
593
436
41
136
115
305
1
933
2
153
6
120
3590
362
19
3920
496
38302
13
380
3910
23
2769
18059
6579
2
518
178
71
170
279
1127
399
111
1
105
709
353
10
138
80
43
16745
27
1454
4402
893
201
2215
2521
1
110
950
40922
13
1432
133
66
5093
238
27
24
30
18
7
310
10505
1
74
2
5
284
211
14
8
235
201
577
32
777
2446
19
216
97
2897
227
549
545
1437
1
3104
18
1
35
480
45
13
61288
343
353
140
1616
223
279
337
106
5
117
406
364
657
197
25
879
321
19432
6965
487
357
180
129
1039
552
2550
5225
38
2080
903
286
81591
766
1729
363
3767
78
911
147
225
146
2773
36
144
1322
3518
1157
8593
741
499
584
160
566
1067
1230
11
10585
2246
319
230
63
3142
85
123967
1
1973
3358
1574
423
4444
306
173
25
2459
14410
20
93
275
715
80
9
341
101
2482
119
40
66
26
638
8133
733
114
220
51
558
621
588
4201
2881
608
1249
12
5553
18
7
4
140
134
617
4406
370
1
1110
278027
66161
14263
2574
455
8
273
536
22
242
201
316
302
1173
3822
96
2000
633
688
1674
2007
1756
99210
5
4740
9390
224
344
1011
2505
332
581
4
280
757
248
414
27766
4783
2222
4280
2047
16
19
89035
410
58
247
15
778
908
2
1033
1416
51
425
1474
1882
11107
2
10
317
20
1217
112
193
30
70
2023
278
31
331
414
423
205
5215
1064
5
303
234
13
2
202
972
116
2815
14
4517
4804
20775
91231
21
7330
347
97
9986
832
19
247
2435
85
14399
115
27
70
628
92
527
654
18
14
134
418
1315
22
148
1506
140
17
437
5
2238
9992
3987
395
9234
33
116
879
13
166
1
1457
1177
45
18
41
1673
2548
264
6909
33671
22271
19
5360
1318
915
6
925
22
12
162516
71
329
4
1
1808
908
307
353
2376
1
12
1040
183682
911
2037
79
445
1277
1
49
9
67
10
8592
816
168
7272
3271
99
1646
277
608
5
216
167
1736
97
133
231
24
1260
28
207
1
2362
243
71
7179
563
633
3
3076
71
3178
340
17970
1382
46
1100
39
406
68
496
79
668
1
1603
5922
20
25
24
84
127
469
44340
260
611
81
55
201
299
32
116
133
77
1535
241
138
628
199
1210
26
693
4794
4
43
69
443
6
212
248
203
25
8
32
105
6055
5
1406
378
31
4
785
1254
78
9193
38
4892
438
64
24
667
51557
167
216
38
12386
608
1
4677
10
276
75
46
604
17
55755
735
69804
191
422
266
5
29
6094
4018
696
3
1439
224
883
93
182
265
8
51
6
154
12
2803
95
189
491
81
240
125
135
178
288
686
141
693
223
1
293
223
301
173
33961
104
1
697
413
1211
439
314
12993
1742
1931
60
20
12
1
1330
2
103
258
22684
68
1118
42
11
1
119
1170
2178
167
19
17390
24181
372
393
1349
3
1687
30
59
219
4239
3486
632
760
8710
8866
938
2554
167
9611
12616
39689
282052
4341
170
95563
51162
136366
7
79627
9712
4986
92572
1160
81922
21796
971
74
5580
8188
112
103
1
1127
5267
10098
63396
412
1395
8
13017
707
1654
491
3638
241
416
1473
13
82
603
230
462
7064
13358
48559
1259
63350
1029
501
3031
835
575
2327
188
498
321
4356
2893
301
8
2350
134
415
1134
10071
98165
560
2440
32474
127
3235
140
190
2637
28
22
1
1099
441
17
1189
289
2039
1384
1493
1
32286
4986
2088
385
10
460
204
410
257
20
428
13374
45
10
1757
180
18
371
436
6260
552
233
2050
475
5760
3552
16381
3353
676
2497
2545
4773
193
6043
833
1257
4594
11
6707
2499
28
1
277
325
2885
343
801
148
77
488
2205
166
1536
692
121
20
76
15023
762
167
793
1102
106
2
62
599
615
434
240
567
83
105
1775
424
1030
7
87
41
326
18
6
102
80
34
6
54
102
227
6142
232
1119
1176
3
3309
1350
11
382
919
6594
108
1185
1395
1029
36
1361
684
188
293
1262
5
10606
974
111
34
55
5
1
122
658
697
334
61
106
610
944
1
75
9
1
3937
1
12
73
246
71
12
396
129
145
73
135
492
77
954
27
289
966
205
989
1865
1973
20060
527
2244
4139
53
190
328
176
179
36
56852
17
1
34
3408
1057
1631
261
242
6316
4406
34
33
55
1032
130
10
151
1
385
13
39
2
598
34
563
304
5
39940
557
166
36
12
12985
423
3
510
1748
76
598
492
608
237
4
1276
11858
1551
4212
293
43072
654
41
1
2
229
16
92
1434
3028
303
1836
749
18792
15
5384
3
61868
4061
12626
626
2606
11
200
431
911
91
449
169
4
133
3168
292
453
59
1939
431
1446
4
63
2982
413
628
128
6740
3468
3
97
571
102
120
545
2206
754
345
2
759
9133
339
3
74
561
9600
62213
45507
651
39
8231
2386
71
396
7
77
265
540
3356
31
203
13033
2130
1
229
135
605
61470
21717
355
561
13194
159
12
1253
1498
61
114
17058
333
158
1043
11
22182
27
2296
511
175
247
3087
291
146
525
35808
1534
1649
39
3158
222
456
1295
225
185
3032
500
27971
461
3133
3401
1076
9815
22790
22
140
1375
7
7661
22085
4
2409
21407
17108
370
1823
4597
6863
24
83
462
1197
158
13
13
224
1234
13
5043
15218
5578
1711
11
8274
6
13
179
795
165
2431
6427
28180
46
7822
25
1280
17000
833
38
103
69
20479
645
259402
585
81
222
11839
913
39
541
2054
3971
11320
4427
1197
187
708
3347
7979
952
305
289
260
14465
887
39453
4132
22268
11534
22115
3683
2747
844
10
828
725
3385
1903
515
7848
17
91
15693
10
989
210
238
17820
17
5734
7445
845
566
2985
786
75
1150
135
469
868
43172
1
5525
11507
2573
353
5828
51
2065
9
2731
6998
4652
2351
11801
499
143332
1899
15
3231
3949
32851
2707
1277
2095
185
1108
2911
3449
13359
11
439
50
1243
1407
389
262
269
2558
186
149
512
37
7
26
471
2301
40
1508
4847
382
1717
37
11555
4
39
130
2063
414
2337
5047
336
103
415
3
118
374
273
151
264
1585
226
14132
51
629
873
293
129
112
4178
501
72
418
1138
249
12
1
972
945
2730
536
102
897
8
1324
18
106
223
1
807
109
543
13
136
257
19
1057
269
634
219
4453
9
10978
258
350
484
161
153
62
17
154
842
19939
3650
1
1
483
81
614
252
143
2974
2013
335
1748
35
324
418
4047
13643
2121
638
864
12
1004
65
393
4
72
814
32
1238
48
239
812
916
364
108
399
1
992
5
2257
158
113
761
457
10
7
1101
7
1
7
342
34
362
1180
521
113
461
23
152
183
6
2
4
8212
10189
5429
4
12
10
12337
279
542
329
14284
54
121
466
4988
7
118
481
944
2977
347
241
208
255
38
6
374
44064
430
1048
752
51406
155
1054
3863
270
7690
6192
2543
2576
30
6358
7095
129
17537
1437
10
1239
20
1
272
1667
6
1
2235
257
122
5983
171
435
83
759
176
122
103
80
1
573
197
203
1
14
1515
1924
2
13956
288
52
1281
295
73
1820
18
9313
87
158
78
1490
1257
73
380
105
53
428
22
523
179
2050
879
280
414
832
6469
71233
46
248
20273
1149
185
376
194
1415
1155
1674
109
91
363
2667
14
97
932
1135
4
897
1817
2342
25
2
25
2297
1012
5941
184
876
248
202
21
12075
15048
49
7175
759
9053
209
198
592
3688
188
28
119
7771
263
301
18322
12
81
31
7896
7269
475
279
104
791
300
525
320
903
3
3218
1139
1460
152
256
1547
13
3
1301
906
1062
958
1280
276
1113
2205
94
1862
33251
94
202
10
1
1147
435
1
997
48
316
5
97
626
913
158
1362
26
15
6
1193
309
559
572
116
1291
272
6
20
1
33
749
115
1
394
1553
1582
22
54
1
5
54
81
2227
153
257
1957
520
321
12
14
12
543
123
485
1
316
276
26
1
15
157
246
14
32
428
1
27
17
32954
