30
994
46
1
9
37
1
1
64
2
184
11
14
13
1
10
1
5
4
2
14
15
2
2
4
4
1
1
1
5
1
1
64
12
16
123
1
13
37
3
13
7
2
1
110
5
7
5
2
31
6
4
2
1
9
73
7
9
1
3
1
3057
8
1
291
5
4
48
83
17
2
1
11
5
2
1
22
7
1
6
21
21
4
6
20
3
1
4
1
1
2
1
55
1
7
15
257
13
12
21
3
1
2
14
4
4
25
3
128
147
48
3
2
3
1
1
79
128
8
6
114
3
16
3
5
13
2
4
9
1
8
4
2
118
25
3
158
1
70
106
17
1
13
43
14
60
38
17
22
781
72
4
1091
56
26
3
1
1
20
2
27
3
36
6
143
13
187
4
188
11
2
3
683
22
1
17
16
32
1
1
173
45
10
2
4
24
3
1
6
19
5
8
9
556
15
1
1
9
19
2
1
7
27
1
14
58
1
1
2
21
45
2
7
18
8
44
1
11
21
1
