51
161
59
347
12
131
5988
39
458
327
105
2
123
396
82
51
10
477
228
602
78
104
257
203
452
296
137
327
200
567
415
67
150
155
135
73
22
135
29
79
131
597
182
440
117
1951
2716
2640
346
57
76
66
700
2
130
125
51
4319
182
2905
309
48
70
1981
901
576
71
313
184
1522
273
1364
489
907
197
278
70
217
544
618
117
1
98
45
975
123
326
1
244
174
167
110
484
69
183
1444
129
145
94
148
223
71
442
95
296
339
1077
361
199
3
527
56
564
59
4
289
167
209
167
244
1
1130
217
126
731
239
900
459
1
167
476
2550
34
276
34
175
428
567
1354
203
346
186
94
192
994
7
117
320
94
914
90
986
297
407
65
535
1544
422
740
125
595
574
313
1202
109
919
616
333
2935
1463
1450
689
209
30
80
461
1480
184
287
99
287
218
471
3
831
113
135
1351
1000
125
147
58
1675
340
284
44
142
147
369
208
157
198
423
558
699
201
216
713
816
582
220
2113
108
236
413
3
19
2
279
22
777
942
248
2
1140
124
518
115
246
1097
35
709
75
4
1
379
38
17
60
942
478
35
57
65
110
35
1386
379
196
2483
1
59
1570
438
789
1
65
567
153
954
386
1119
1122
322
271
192
759
82
370
509
1
751
419
3
153
72
772
196
889
4
403
51
385
492
873
253
1296
253
106
14
141
1367
143
756
320
220
243
1858
417
2
74
582
514
1137
1
4504
331
976
342
285
49
1
3
87
315
52
83
69
127
446
845
226
155
237
565
157
583
125
416
40
117
758
291
13
1
69
416
148
97
2
320
68
2
259
124
442
250
5
1
267
971
324
1091
575
51
196
78
346
230
361
636
237
49
64
287
1698
627
77
563
288
107
216
148
484
43
34
627
211
7
2
229
35
457
1
2740
2
607
298
491
1
164
162
1114
225
164
116
330
9415
3
5009
169
217
177
120
236
508
2
72
6
52
1041
477
430
2
1423
436
433
462
184
2
70
1188
1168
474
342
200
1162
287
14
561
1173
2
44
558
207
43
602
582
18
378
127
119
370
153
804
379
151
37
545
1432
1
152
465
124
409
204
781
87
351
55
654
4450
304
1416
26
303
276
1185
772
664
297
992
1585
1184
1251
161
285
205
24
14
152
702
79
249
52
1917
317
289
141
1249
135
746
147
109
488
124
1123
20
330
1140
1239
1869
161
104
339
450
1
55
884
189
17
300
480
217
1
10
141
109
154
114
1692
331
208
417
180
532
212
1
228
39
19
797
136
1
1
275
60
567
694
248
174
224
2
161
441
71
932
689
254
74
188
156
94
1169
117
93
123
97
94
631
248
401
179
74
179
1
2
679
301
351
3625
276
3
10
103
4421
218
343
53
216
2067
104
11
124
199
249
426
19
242
206
292
27
2813
613
467
33
342
2
233
2534
961
102
658
330
142
365
1382
39
761
236
606
1571
289
1407
141
822
155
263
222
442
44
1208
578
1
32
3255
78
393
931
239
52
316
1806
612
381
379
77
122
601
247
151
1
297
659
772
57
301
537
70
278
56
315
346
281
980
1
157
2743
686
469
157
1
2
694
906
90
12
121
47
244
1578
836
169
422
867
225
82
176
281
128
1
3
1124
97
1
550
358
80
6
376
69
78
48
128
222
163
778
161
319
763
131
166
754
80
649
254
81
71
615
179
1108
148
114
41
291
302
1125
889
284
468
284
155
123
199
315
