1
16
361
11
370
1629
31
10
20
11
2
2
60
1
6
1
2
14
6
18
17
1
8
37
16363
2
4
1
4
272
56
33
54
37
42
1933
1183
1787
69
1
15
1
23
1
35
19
26
33
4
12
4
17
44
1822
11
22
1491
4
19
32
900
1044
3
100
310
1148
1
15
23
2131
1599
111
115
279
4
6
96
11
50
1509
5
20
292
13
24
9
15
3948
1
3
235
10
89
6
73
20
140
29
17
117
16
13
28
1596
92
18
27
62
7
82
22
177
15
21
162
4
31
19
1
2186
1
33
1
2335
8
194
73
26
11
27
16
1
127
10
3
62
1080
60
7
23
24
22
1
22
6028
140
19
16
308
985
608
1
91
127
63
33
68
1800
35
907
638
39
892
227
1
2108
18
7
38
16
36
6
13
228
3
6
125
1603
759
291
9
11
17
121
38
450
6
109
918
124
122
31
52
9
162
12
1
30
387
115
1
1505
14
323
12
19
13
126
85
3
1
1
12
29
409
70
25
5
1447
134
44
62
2
66
55
109
1680
6
14
242
17
7
12
15
15
6
11
20
5
6
44
11
1
124
62
1
1862
1
12
23
47
4
11
23
495
55
33
12
24
50
10
425
1
373
2623
12
151
1
9
2611
17
12
2117
1
1
123
1
12
63
5
1
653
16
6
467
1084
1
22
314
6
59
617
90
1
722
36
24
5
70
2776
7
6
1
94
3
6
2
2594
244
2324
2
17
1
6
14
2
9
8
1
659
2
90
11
22
10
49
170
54
167
511
1444
13
9
34
9
90
14
45
16
19
1
1
