214
166
162
95
1256
124
398
146
222
7
236
126
155
183
854
185
221
217
524
161
201
751
125
123
557
783
289
1
121
127
121
122
238
417
39
1
225
1
186
103
1
459
214
95
3
237
558
210
35
75
90
232
125
166
36
220
160
157
219
161
127
32
662
160
220
210
213
164
166
79
166
164
170
95
120
215
439
215
290
33
223
158
217
162
183
216
198
183
241
80
217
197
233
185
249
268
378
266
269
246
558
262
138
217
198
222
95
8
84
231
218
181
6
215
94
155
751
161
212
145
231
213
155
184
548
160
224
550
155
218
91
142
29
252
309
38
664
439
158
236
189
610
254
158
599
237
139
263
50
142
226
227
157
213
232
244
210
277
201
217
247
214
211
119
35
1231
209
38
5
218
165
1225
445
214
213
215
303
363
332
128
162
214
386
191
235
128
211
122
213
105
161
31
90
48
216
217
154
91
231
232
216
154
92
1734
355
95
95
92
218
753
1089
114
217
233
135
35
195
24
214
215
217
5
136
223
213
93
170
222
113
201
4
163
211
164
210
219
133
104
261
136
983
212
220
213
162
9
145
220
525
3
201
166
213
55
573
207
200
182
386
239
215
228
152
244
218
392
144
126
130
137
225
127
6
218
222
226
226
21
170
212
1124
122
95
123
216
221
158
186
522
179
79
1030
102
216
236
136
91
200
215
222
261
211
15
191
197
204
210
143
515
152
198
32
217
241
36
159
246
277
138
214
181
264
2
159
162
256
225
154
223
228
276
121
402
1
67
79
355
123
185
208
82
1
216
237
22
286
246
215
215
189
356
234
109
188
212
213
213
210
219
188
284
124
217
126
161
92
323
298
217
95
123
243
