29
33
28
52
61
239
12
66
3
340
443
20
15
661
105
409
8
28
24
18
16
341
55
41
462
25
4
1
56
336
10
16
669
258
116
139
224
402
41
124
25
26
50
242
65
964
100
25
107
142
21
363
26
15
3
405
497
7
493
77
10
336
460
113
304
412
27
292
109
35
127
33
502
1
68
18
96
113
338
34
36
19
12
336
60
242
512
13
812
26
498
21
7
27
16
58
123
28
18
113
5
9
11
326
392
19
32
123
32
9
116
10
52
46
626
38
129
22
328
22
205
753
53
8
278
19
7
8
48
54
337
1017
85
30
434
407
18
16
26
7
999
246
1262
373
30
122
17
19
80
42
61
20
127
36
21
432
27
25
367
107
225
423
131
266
89
325
406
311
127
226
95
124
7
170
53
9
451
856
353
59
4
10
104
68
18
379
35
31
82
452
57
407
105
443
392
346
57
288
