253
236
92
100
99
273
5
219
91
263
94
200
120
345
263
215
92
93
4665
187
243
1
185
221
222
8
339
216
95
182
217
6
212
3
235
124
7
96
4
3
2
233
122
129
139
6
110
1
186
462
79
220
90
186
92
187
149
3
186
249
11
95
231
91
223
271
236
222
126
457
609
340
129
233
211
200
212
229
120
208
472
104
210
23
225
226
95
232
241
296
225
206
214
213
199
111
233
191
212
244
95
216
219
11
266
518
2
182
210
212
124
215
519
230
285
157
90
211
255
238
136
196
90
117
273
213
222
458
215
108
212
4
8
347
210
3
223
211
242
123
182
221
196
216
91
218
260
127
91
228
13
305
223
144
185
250
92
1
402
221
235
228
1353
168
218
3
3
217
95
218
842
214
213
172
131
137
227
148
208
4
235
175
182
5
199
667
273
142
220
237
113
5
5
178
120
3
27
214
2
1
214
260
235
2
215
6
205
200
237
250
102
99
227
223
1
233
191
291
255
120
243
198
109
218
1
152
205
241
121
44
247
247
106
92
91
1
231
208
148
964
226
245
484
125
60
144
243
241
258
279
355
2
212
2
423
273
1
152
225
2
697
221
1029
235
123
1
97
94
127
215
210
5
94
95
213
198
4
139
2
549
161
90
49
236
144
126
128
2
25
127
6
4
232
216
307
220
188
92
248
218
103
212
90
222
215
228
109
367
219
96
211
95
245
400
301
1
318
7
23
414
6
145
95
82
93
200
24
6
427
217
4
93
2
10103
174
202
35
334
161
95
568
136
215
1718
180
1
216
1
15
222
63
4
218
224
3
266
196
93
123
278
131
210
9
283
241
128
93
3
347
225
1
121
203
1
2
285
215
18
2
240
240
222
6
73
137
309
95
815
122
135
301
392
250
7
281
2
197
360
337
182
552
345
128
100
135
109
239
234
216
586
257
202
2
3
121
260
121
211
186
4
145
226
196
90
241
216
220
299
93
119
9
569
154
223
110
220
278
247
197
231
101
95
201
264
573
145
207
122
177
211
215
4
212
4
398
189
153
215
124
90
135
99
1
294
195
222
455
99
185
483
249
301
95
222
188
181
215
152
206
195
203
211
113
226
204
94
264
1
217
406
184
190
123
210
320
317
412
138
5
225
215
222
218
10
195
