978
34
523
64
18
5483
5
733
10
612
1310
1
45
78
531
238
153
1831
3189
1130
56
24
1801
400
662
2838
480
535
196
282
964
131
29
24
612
75
18
333
1733
237
1440
1056
455
1730
2404
731
3946
210
2730
352
659
510
185
2933
22
1196
896
971
2417
431
249
3088
1424
1607
1566
31
46
629
4457
4
2383
2327
1496
7500
257
168
58
279
694
1839
1559
697
41
27
67
136
26
1189
9
31
588
1266
1646
542
1367
819
171
586
2639
1043
1723
1351
639
755
34
662
13
237
417
2114
765
2696
563
98
736
457
106
200
616
373
380
765
525
29
788
84
277
2732
1526
1700
2474
2233
61
2898
209
672
1982
1829
112
2116
487
1478
1593
420
44
1700
603
1518
674
2033
241
656
11
527
252
1259
416
643
11593
469
878
1811
43
1455
487
884
191
228
581
285
971
156
182
181
62
256
541
122
482
103
1523
103
59
819
839
1761
1022
1066
741
4770
1980
105
1921
2824
1883
58
458
362
1239
3553
1083
771
1418
1688
1405
440
326
437
1233
120
2091
180
115
164
862
490
4011
85
1031
11
152
3183
24
104
612
300
17
77
662
1555
381
871
1472
471
402
476
757
881
162
659
267
579
493
989
2008
760
793
1506
1004
2143
735
175
1151
441
555
1243
312
1774
2504
487
460
17
8086
1915
756
375
1987
1970
1322
1206
1167
1162
44
20
1391
241
77
40
452
447
143
432
52
91
170
3447
118
508
1651
44
2461
5864
458
85
2555
5360
919
522
1739
250
662
510
222
128
3125
7
182
59
235
138
389
819
9522
1064
786
3144
267
7007
132
277
103
12
262
457
338
318
101
1091
727
40
744
690
64
138
853
1146
2066
455
411
55
493
365
518
269
473
749
606
347
42
1447
64
22
699
591
1043
1673
37
244
24
208
1448
130
2304
2257
48
60
6283
86
802
25
1498
354
24
2187
18
28
33
89
2269
2085
543
30
624
18
354
358
178
424
404
165
232
279
5
679
971
371
153
1130
325
68
852
451
42
25
5058
35
247
94
16
26
952
503
150
280
133
281
260
583
30
222
2065
53
5
1079
1633
326
28
229
250
1
776
17
936
433
562
1086
744
233
1891
385
2
33
1093
1175
1712
957
141
334
436
450
703
67
247
373
287
1133
546
534
14
120
45
86
551
9
360
1601
1824
586
1171
98
31
1572
9
129
605
244
71
155
1541
1242
8
140
676
157
480
71
32
365
172
521
39
159
238
1462
1897
1539
324
2144
47
100
1
2867
456
373
428
184
39
687
903
2858
30
1438
375
720
1623
37
8376
448
8527
2985
1589
48
89
1642
83
137
32
12
37
93
1987
8
1455
408
282
168
2775
2165
2
1422
85
107
104
694
52
16
3123
45
41
2164
663
466
1
527
1690
11
91
214
37
1414
395
429
443
440
1660
1204
1052
278
