30
57
47
234
4279
29
11
690
8
7
4
91
16
2170
147
40
129
37
731
17
43
692
42
1
3
111
1130
51
26
125
90
159
653
307
53
723
29
63
67
2
408
35
2
1407
12
137
1
76
57
141
86
82
330
55
80
38
13
4
1
100
2
199
89
124
8723
75
127
2013
187
23
1
10
78
104
58
45
1
32
400
117
361
18
62
45
3607
121
100
137
442
12
1
890
307
11
2051
116
120
557
2
57
1
712
252
14
38
216
26
29
238
224
23
30
2333
940
256
223
216
292
213
436
124
10
137
29
27
236
216
27
426
459
24
30
17
88
64
15
24
70
1
22
46
100
26
216
22
12834
1
123
3
40
197
193
3187
4396
1501
3067
774
3
18
503
57
1096
30
33
19
3
52
1
20
41
2
267
26
77
65
353
8
53
19
38
216
5
1
124
397
206
165
12
479
68
432
32
3
176
119
2034
24
111
24
1
29
1024
18
17
228
34
1
69
568
66
40
771
19
1
53
774
75
25
1151
111
148
739
63
48
16
48
3515
417
250
217
214
61
763
134
48
52
102
423
30
176
17
1395
127
146
64
193
46
721
34
61
5
102
465
1
58
31
187
15
6279
296
81
61
1319
38
227
1
217
9
41
22
1325
3
200
277
14
70
32
174
21
1209
1061
42
2433
252
55
45
57
45
136
1058
156
190
116
68
21
323
129
90
257
225
527
29
145
352
52
82
28
143
41
177
16
13
24
37
21
76
7
27
66
851
1584
24
1
12
189
45
686
26
223
1
400
37
86
109
235
160
377
63
88
166
156
40
1349
522
1
61
59
123
765
534
3210
29
374
513
1
76
21
1323
32
35
94
117
14
3
281
6
115
8
40
63
505
128
32
183
12
33
24
14
624
1
21
164
6
4
622
5
5
150
257
103
4
215
122
43
598
55
28
24
1
1
568
101
43
89
152
27
1058
52
1
28
78
36
68
22
39
371
66
17
83
828
95
23
148
176
124
222
428
89
28
259
16
49
202
332
20
203
2048
88
20
564
841
58
126
24
242
217
370
41
222
18
909
2
8
14
189
1
46
399
380
23
6
49
946
529
62
2566
1
1
55
383
156
53
19
218
43
49
5
86
12
18
209
108
1
47
32
30
90
111
6
218
95
125
13
4324
155
39
163
11
924
54
244
315
305
264
20
126
8
2096
931
50
216
95
57
154
129
241
239
372
120
95
112
3
6
63
11
227
93
213
406
188
33
98
449
213
119
2
