4915
4776
103
33
25
97
4389
89
19
159
527
18
8744
10
5
169
312
18
1306
106
8
3
599
1462
10
669
35
239
103
140
125
2199
32
24
11
316
495
102
314
217
215
38
233
23
82
2689
89
5
11
51
39
83
51
7
21
266
281
341
158
39
127
229
11
12
1
104
1
145
25
520
51
11
65
241
711
96
9168
4
542
18
89
152
1
54
124
456
175
105
112
36
193
8
370
563
6
235
142
184
8
31
683
1427
18
5
902
102
501
46
20
2782
4025
640
130
10
1696
275
1514
117
1527
15
2474
26
246
105
29
24
1150
1893
80
663
3561
1
1745
48
156
28
8
46
11
5127
340
1908
53
158
2385
16
141
221
1736
5225
5553
2038
17
65
12
121
7
671
444
1667
58
5
1883
14
507
106
7
963
18
1880
3
77
223
102
138
24
3935
2066
64
3
606
322
4695
2697
13
97
2362
125
366
3723
2817
503
730
2820
105
25
121
22
21
85
130
1883
3921
243
105
92
11
11
17
1800
152
144
106
222
2885
12
122
918
367
107
35
880
570
7
166
17
262
19
58
95
12
7
52
587
4489
54
233
205
115
102
152
18
90
33
23
130
701
196
1073
2045
77
280
3
10
105
357
142
694
245
274
199
17
1964
139
82
4154
101
994
601
605
585
1
269
206
1147
16
1223
3
13
366
74
1195
490
122
1
2
24
297
2
106
347
21
1028
2
1992
29
1251
2
3
104
25
1864
116
166
4284
119
177
228
121
41
19
911
23
37
2526
152
405
14
131
201
294
207
109
239
185
181
191
376
2575
278
104
105
103
305
4394
252
14
122
1494
249
129
109
230
171
187
15
105
105
105
1798
106
420
1509
3635
162
112
105
376
117
251
96
238
196
247
222
7
1993
164
175
235
1301
3
406
105
124
2254
28
1030
41
1414
127
11
244
287
27
955
22
252
17
10
1
592
178
88
2136
162
2053
248
72
131
275
1613
36
1
238
99
1659
564
1977
365
165
9
1815
107
1091
1
20
1151
12
223
10
4
76
1
1049
3
123
12
125
1987
65
1263
59
156
1254
482
16
97
147
1
8
30
1597
415
53
16
5
1285
5
223
91
119
1829
75
15
666
554
5
35
1
477
299
3814
33
450
231
44
146
19
1700
1187
30
96
107
14
136
13
46
52
22
3
261
11
151
826
101
105
93
196
126
119
664
43
107
1519
103
1
138
1430
183
15
129
67
2
105
684
435
1
657
35
93
196
2
213
265
122
173
368
226
27
211
148
38
275
7
13
43
173
5
22
79
116
105
587
198
2
3
113
12
106
16
132
266
7
213
2120
19
24
146
241
58
3279
122
123
33
278
501
3
247
102
2
1
164
127
432
105
420
10
159
102
144
264
3
57
6
102
2581
235
1001
78
1502
11
6
606
28
3459
175
106
40
136
189
5
1268
78
14
118
11
511
278
4
147
11
70
24
124
1070
95
213
3
128
127
1
104
399
345
262
126
106
122
828
17
408
79
123
374
174
12
264
170
1671
200
102
105
83
150
416
769
112
448
1
81
362
328
314
911
310
23
16
49
1
21
602
191
3447
5
14
3632
29
1330
508
22
44
369
105
370
75
133
18
885
29
372
475
10
22
103
401
55
2477
44
106
95
8
1115
6
1309
1
111
102
20
45
31
353
126
6294
5
179
22
16
1
4
553
62
587
280
84
182
108
101
18
17
106
3
3316
3
14
958
1597
12
106
11
41
26
1936
10
32
111
217
110
702
212
2205
18
215
6
19
38
299
49
215
50
2507
932
621
21
153
221
2517
268
1045
141
1
59
1
102
294
103
54
127
2504
145
7
157
43
16
19
451
205
6
137
166
10
8
473
68
57
2542
113
1381
159
247
50
8
25
1
143
134
256
1568
217
2604
542
10
40
465
576
70
87
268
21
387
9
440
118
1
53
104
1955
435
84
229
103
131
116
39
11
1274
14
82
18
218
13
136
108
135
132
361
107
402
3
177
138
70
402
143
237
6
15
1
125
485
3979
122
6
405
107
5
929
151
420
114
102
125
112
175
446
105
104
95
812
129
114
2819
92
224
240
433
27
1
102
268
109
269
88
55
242
5
8
23
7
13
20
107
116
278
195
141
7
112
169
13
103
110
250
1439
4266
147
39
124
913
27
590
249
95
67
15
59
9
121
4
269
47
96
1562
1
12
122
11
18
110
208
15
151
34
128
243
138
1
221
235
7
4
163
153
137
126
228
28
13
510
43
117
316
12
126
1
42
127
322
32
44
19
162
853
1131
1
51
3
287
494
247
1704
136
136
3797
2625
95
203
582
276
220
92
108
104
369
143
393
1970
13
104
175
3231
123
118
796
119
250
6
107
125
101
8
228
10
108
367
10
156
202
2
1981
2
105
516
233
70
109
137
30
23
1
216
6
789
1442
104
750
418
17
393
661
128
280
105
112
376
119
105
520
384
9
218
277
7
919
6
1773
213
2
43
445
1
171
248
106
1
145
105
106
3478
723
1
82
136
7
42
105
1
5
128
138
9
107
108
177
330
1
18
1651
270
596
1119
12
412
246
35
3472
63
435
1242
385
144
21
3487
50
197
311
1011
124
18
204
258
5
106
235
1110
405
5
16
3
247
358
2547
158
3
64
1699
1112
271
125
14
177
1513
251
1136
10
1
20
7
15
44
1290
248
138
254
264
23
151
230
20
49
6
33
4
2337
210
149
291
290
117
65
104
105
8
106
1
735
214
301
228
611
106
2085
197
42
194
107
6
516
465
105
113
1256
770
468
164
1832
403
251
3
457
330
98
142
220
101
114
141
131
234
717
482
129
126
934
165
178
171
43
165
209
64
106
728
113
662
19
113
113
3176
117
264
158
105
131
337
251
119
245
235
214
16
113
111
1
422
107
355
9
117
192
2169
157
116
254
439
559
107
109
45
102
1188
6
104
188
555
168
143
141
212
180
84
250
222
