1722
5196
100
5
2
518
351
6
214
88
618
1
1922
57
7
269
830
489
105
8818
318
406
16
33
113
9
85
67
3
28
61
418
450
479
6
71
220
1665
132
56
787
246
9
74
9
36
54
695
4
2
86
47
81
1
3
4
2
84
106
5
3
6
20
9
11
129
25
2
140
418
3957
3
67
217
1240
1189
421
1090
83
353
31
627
144
1
816
71
480
781
19
7
14
579
6
3
907
1448
102
3389
83
30
196
404
18920
2
126
1
271
107
690
1330
300
2
6
990
8
50
125
187
89
5368
15
17
2
170
78
4
36
43
136
91
650
93
927
24
55
105
923
980
3631
95
1
1279
149
9
763
142
1390
71
7
21
2
293
301
3402
583
1597
4
12
774
426
127
168
145
4
181
255
591
219
47
7
365
30
6
68
384
410
2
58
7
447
452
268
10
222
2103
103
27
360
2
39
21
881
6
144
11
191
403
102
4
213
473
11
11
80
4
4076
457
13
313
113
61
395
479
3
12
129
5403
6
37
1133
5
3
84
18
1
13
3482
577
88
38
80
3
30
23
95
21
43
522
1814
219
214
181
504
19
200
3577
76
186
3
143
75
1339
331
7
236
607
9
886
216
439
7
75
56
806
2007
140
500
220
4326
75
1184
33
120
76
10
6
2
674
79
120
96
1
1
131
50
341
1965
56
4
6
39
3
397
1384
4
235
223
87
35
207
8
1088
730
79
72
724
277
29
138
75
275
196
458
16
115
204
75
215
73
53
286
75
589
76
248
75
259
83
159
73
440
259
159
30
6
2
22
87
124
75
1
252
1
38
72
2878
105
194
65
524
4
482
24
20
78
216
9973
96
1456
1148
181
724
172
327
14156
476
146
37
6
1
5
428
5
48
15
391
4
176
1
106
52
72
2
13
168
18
1210
16
568
22
148
8
6
135
2918
1360
189
327
310
207
9
63
170
1
1
281
109
484
574
1947
18
140
313
12
64
2
25
156
75
202
1460
534
71
40
71
1367
786
100
24
757
5
184
11
244
540
2
4
406
383
12
823
1
1929
16
335
4
589
15
71
221
7
19
1
153
429
180
10
10
35
1
89
311
76
10
220
1102
75
2
258
746
32
2
66
23
278
27
145
1
66
17
1016
970
340
1
1263
6
3
8
2
1233
74
1033
799
7
727
56
1218
403
23
4
17
61
8
224
229
43
6
113
859
5
850
9
48
4186
431
60
75
1
324
80
313
78
828
76
520
53
176
5
103
4
351
75
1538
188
232
354
398
224
39
57
712
16
108
532
28
111
25
408
530
2896
1
14
276
3
175
724
31
626
134
5095
25
84
100
2049
48
168
236
75
47
20
129
1035
9354
173
30
75
25
3
4430
141
26
7
155
52
38
1435
25
30
139
23
6
2
27
413
98
31
25
408
10
898
4052
2
21
38
75
3
67
122
4
453
65
194
1
178
27754
17
2
33
174
119
552
2
1
32
1
8
11
653
5667
78
11
87
807
140
1
124
69
208
4375
3
1265
225
242
18
32
230
67
1
162
304
535
20780
1427
77
111
14
1
856
95
222
30
106
28
44
2909
7
481
44
64
985
625
138
6
222
5265
283
15
68
276
1733
251
1
1370
596
41
15
8
405
242
1
29
221
198
440
17
234
978
82
1686
1328
5
192
75
5
2
35
971
3
4498
218
2609
176
1
647
44
5
224
3
20
46
57
106
385
3
273
17
37
25
1
19
8
1038
221
887
14084
63
392
146
118
55
7
2
1879
128
1471
6
78
23
11580
300
120
653
277
2
4
169
223
14
228
24
152
197
589
408
20
242
96
360
101
75
50
47
55
22
87
105
75
11
2019
3932
169
190
93
220
9
22
33
127
7
1212
2
67
269
76
382
338
214
376
11
76
70
150
232
756
179
142
29
27
72
125
70
363
1
126
32
40
63
423
903
76
5
5
2
22
72
189
404
1117
127
79
15
3190
23
147
33
281
142
143
72
153
4
46
96
16
53
224
653
122
60
294
171
298
975
382
287
264
85
3
71
259
243
71
255
422
10
172
612
313
354
11
720
319
13
388
13
5513
168
187
167
267
95
29
250
304
429
83
74
33
78
1
447
108
13
137
196
61
13
280
23
39
12
138
53
18
59
89
215
33
40
3
1281
197
90
8
78
370
566
596
686
10
1
207
1
77
2
33
6
365
98
191
1
23
427
30
14
118
77
104
1
1
131
207
2223
299
1188
340
129
1
282
45
255
132
97
280
279
263
252
51
234
75
150
85
288
72
75
77
3
1
20
213
83
98
74
124
79
221
23
68
76
56
215
901
265
270
226
75
126
