59
53
66
1
52
16
290
153
401
41
364
19
136
43
2
167
287
1221
332
213
102
20
63
42
33
392
84
10
79
243
195
272
82
268
48
253
220
63
41
171
62
105
48
114
485
50
54
65
90
38
52
75
233
18
102
26
26
30
148
934
183
54
59
696
117
257
71
138
204
106
628
42
26
18
178
168
1236
244
48
33
134
93
79
262
60
24
57
21
1195
53
21
107
94
18
146
676
25
98
23
89
789
4
11
192
50
132
57
54
1103
31
173
76
151
40
770
897
51
448
20
218
55
54
63
26
216
17
42
122
73
70
319
28
289
136
2952
73
318
7
299
72
24
199
324
108
241
157
332
7
46
95
147
15
57
13
26
