21
55
16
16
41
16
16
17
67
12
15
29
18
15
5
240
94
1
336
19
60
19
17
19
23
18
27
14
37
22
17
15
128
34
37
9
34
68
17
75
67
1
118
15
3
17
20
19
81
18
1
19
23
16
19
16
51
36
36
45
111
32
28
26
19
18
34
118
20
74
21
27
65
25
16
29
38
22
61
74
60
95
19
44
39
18
56
6
88
134
17
8
31
44
68
13
60
15
16
44
13604
50
23
22
19
29
19
36
33
18
18
86
1
26
38
1
40
24
21
20
16
15
24
29
18
9
55
23
349
17
26
70
16
48
17
18
27
56
22
113
22
81
194
23
42
71
27
22
10
20
17
91
386
44
34
115
16
18
17
21
72
16
19
16
50
1
16
50
150
18
30
83
39
24
19
22
16
17
29
76
50
121
17
45
34
15
4
23
21
3
21
22
17
53
61
54
71
207
369
116
22
20
17
41
17
30
35
375
78
32
17
20
49
96
45
70
17
19
25
17
30
29
16
25
21
20
22
15
17
26
26
66
32
24
26
1
21
1
72
16
30
48
21
16
85
14
58
83
133
18
54
45
83
38
26
14
52
23
43
19
55
17
53
1
34
17
174
19
30
25
22
63
17
40
53
15
13
20
29
49
17
102
34
177
17
381
24
17
108
67
42
81
236
27
62
58
306
24
74
21
110
101
5
99
1
80
61
66
18
94
59
45
58
132
121
22
34
15
20
29
29
25
32
27
30
48
261
20
19
22
18
17
20
51
53
36
18
49
6
3
117
14
20
15
61
33
68
55
16
76
149
23
31
47
15
58
25
68
193
89
25
40
77
23
73
73
17
15
43
52
1
16
92
1
42
6
41
57
21
98
27
39
17
28
17
22
18
44
22
18
31
11
32
41
16
7
21
27
56
48
48
48
36
46
54
21
30
39
79
36
15
507
41
37
3
37
32
41
73
1
43
25
14
51
49
29
212
16
35
19
22
18
5
16
11
62
38
4
22
18
23
48
1
1
15
19
52
49
25
29
50
15
48
23
21
20
16
1
27
112
17
29
15
16
41
25
24
56
21
19
21
25
19
17
19
43
130
39
26
43
33
45
35
98
31
103
16
63
23
19
19
16
70
22
16
39
15
47
51
1
5
205
32
100
20
98
87
20
64
34
318
20
23
33
80
16
98
98
53
33
22
73
36
12
15
18
21
40
30
71
29
8
22
18
1
20
48
143
53
21
3
145
21
6
43
1
17
25
3421
24
51
13
48
20
103
19
20
20
137
19
17
68
67
70
18
34
89
15
56
21
5
80
18
119
65
30
22
38
49
30
15
20
23
23
23
35
148
45
63
3
15
77
59
88
16
58
30
15
19
24
48
14
15
22
17
9
49
51
15
40
17
39
52
40
47
20
18
112
34
25
26
18
22
22
47
1
1
22
17
25
17
92
31
19
17
9
24
21
75
44
21
69
71
12
31
32
15
1
67
13
36
21
19
98
23
37
27
21
110
123
22
42
15
16
41
10
56
87
36
107
40
3
6
19
19
18
41
15
6
57
27
69
62
25
39
21
26
24
44
117
23
6
17
20
28
50
36
19
57
59
32
43
20
15
148
23
109
36
33
19
26
17
169
26
21
15
17
10
35
61
52
16
73
7
38
38
75
73
17
22
66
63
19
27
15
44
89
19
19
18
18
42
51
73
1
24
22
22
27
40
40
14
78
17
17
54
15
15
2
15
16
35
39
28
18
105
43
27
20
11
16
103
50
226
117
40
40
27
1
14
25
36
15
50
22
21
19
96
29
48
18
34
79
10
17
19
33
33
69
16
21
65
36
28
67
19
1
40
34
27
28
17
24
1
50
50
42
24
20
18
56
145
39
51
18
26
22
46
38
23
14
22
16
62
10
15
173
16
15
27
3
36
76
53
19
30
97
40
143
21
16
75
75
83
83
42
14
61
15
48
18
51
38
93
23
17
22
1
39
17
19
51
18
17
16
17
21
17
42
39
21
33
18
20
19
79
14
157
10
24
38
17
44
53
402
24
6
18
125
24
52
19
14
52
20
14
25
16
77
37
77
71
15
4
17
37
15
105
16
28
16
20
25
36
22
31
12
29
37
28
160
82
34
3
85
30
4
18
17
41
