74
5
11
34
67
12
312
8
6
30
5
15
56
275
1
5
316
199
302
23
150
611
3
14
5
30
27
5
8
45
10
36
2
348
178
81
146
341
22
278
60
305
292
277
14
65
21
404
5
419
30
66
336
280
748
2
183
393
587
361
397
372
65
340
455
357
392
601
540
251
61
3040
25
3
73
285
302
12
13
77
301
699
7
448
54
68
43
12
227
208
127
14
5
248
8
81
24
23
451
409
34
374
10
439
12
14
419
246
523
49
483
51
18
53
130
87
486
19
17
302
10
280
81
1
381
73
28
2
25
21
235
388
312
218
21
293
11
60
1070
14
588
409
273
9
253
80
326
280
413
20
286
38
19
11
13
114
261
2130
77
143
14
235
395
142
318
8
376
399
58
20
43
419
135
133
285
396
149
269
248
397
293
374
275
9
65
397
447
372
272
262
