4
345
1262
20
87
201
21
269
505
36
180
409
1
178
14
7
7
12
123
22
1
812
902
760
663
6
948
37
4
153
125
2362
4
321
29
25
19
474
652
713
3625
15
419
8
345
1013
94
20
1
9
32
18
17
82
3
159
52
93
7
73
314
2
2530
55
67
12
229
462
293
4
152
91
16
13
19
16
1027
30
6
205
3
373
540
109
274
74
26
2
6
193
34
24
81
618
322
11
2
553
4
15
180
12
251
198
376
27
868
312
272
380
123
274
24
96
634
73
3
110
160
304
6
314
121
1
153
38
64
25
1754
158
51
2
649
34
8
6462
18
2
34
44
61
17
2
2
14
598
28
35
13
633
555
295
18
15
376
2869
1315
365
5
115
307
12
3
72
39
282
9
2
324
9
45
9
18
307
871
347
153
46
124
12
32
4
7143
41
59
80
33
4
561
323
17
56
25
142
100
69
6
9
367
6
40
230
12827
82
4318
57
272
67
263
74
223
707
7
1085
58
6
31
25
20
1096
21
3
1771
92
169
270
91
484
9
89
192
1646
634
149
630
10
201
328
20
93
1554
165
1
321
3
94
1491
123
5
100
6
1041
111
61
95
125
103
179
130
59
165
5
1096
517
312
21
8
202
30
133
327
1030
93
859
1385
41
231
100
197
362
231
9
36
397
3
291
43
137
880
66
338
49
86
80
588
471
232
9
223
88
327
16
2
1
1208
6
28
30
78
822
7
128
188
3765
1231
27
2061
3152
1413
360
2756
10
21
928
12
1924
63
111
97
139
91
679
21
25
7
35
111
626
486
72
57
6
6
59
39
669
119
61
35
33
17
12
194
158
4
490
8
71
2675
144
1660
16
350
56
2
27
160
73
641
1020
96
68
446
20
2
75
446
214
1739
3579
72
184
13
187
477
102
372
17
865
361
1550
113
25
606
21
10
154
119
52
262
18
13
26
1
9
5
7
806
765
88
8
26
834
129
1
36
957
9
70
49
4
3204
225
2107
186
78
3
750
22
300
2188
14
1
10
109
470
35
70
11
69
153
31
14
44
1613
2
324
20
219
24
8
1621
53
2
85
85
17
785
143
5
106
14
11
11
26
72
5444
136
53
63
579
1730
19
310
199
98
177
1272
464
2118
85
930
15
5
17
16
18
154
48
25
6369
41
93
90
500
617
4
92
81
642
60
49
189
3
17
60
41
638
791
47
470
130
3
18
11
16
5
1146
11
1817
194
119
838
37
778
190
543
140
524
132
364
997
71
48
56
48
580
4
19
5
101
2
277
3
28
3
426
37
7
46
10
2
14
286
544
63
1187
16
155
908
582
218
588
36
28
603
1947
5
37
221
4
2
5
4
14
106
631
23
9
66
134
1615
72
614
193
481
198
12
264
24
1503
8
37
300
163
285
246
31
858
221
4
11
141
225
28
60
188
2781
12
47
178
124
36
6
9
33
212
37
5
127
613
61
390
483
50
45
13
477
17
235
10
792
3
119
97
251
67
257
287
21
7
42
61
2635
1837
19
307
84
13
78
61
41
4
5
67
2028
51
2895
1
12
578
11
46
3
26
7
63
560
1280
332
50
56
33
22
6
312
110
955
552
53
701
574
24
33
11
67
10
5
1349
302
3
15
29
868
346
272
20
2853
17
354
284
64
316
172
49
961
167
166
492
80
306
318
75
139
584
434
676
85
218
33
789
47
49
409
234
158
534
1267
7
1198
1029
1458
295
303
370
67
117
157
302
4
14
1
2546
30
22
99
5
49
3
3
4448
11
221
816
1025
9
278
1342
60
11
252
56
648
4410
583
65
1058
27
416
7
745
770
19
56
62
50
216
73
21
14456
171
11
713
19
246
115
41
120
99
291
2301
1
88
57
863
180
258
30
105
140
16
61
55
392
171
17
50
6
3
8425
21
27
708
10
8
23
44
948
215
449
1
414
2819
219
2924
26
5
159
45
21
446
12
53
10
67
56
77
758
122
15
26
22
53
23
785
237
809
560
57
12
25
17
203
26
85
1010
11
2
7
4
1
71
144
129
7
163
268
388
1575
29
1562
40
33
11
30
8
1686
21
529
36
3
5090
141
48
79
660
709
576
498
240
15
27
34
451
18
210
20
193
16
1457
13
2535
42
91
10
438
44
55
256
239
3892
61
220
144
62
14
42
168
1
2
5
17
2
4
6
414
679
295
132
10
88
8
3
376
41
1233
3
96
45
10
321
10
29
4830
172
4
24
33
72
32
293
48
28
638
140
8
58
299
305
450
7
114
751
28
1130
12
14
4
930
431
166
602
413
19
123
4
7
1027
1398
146
420
2298
35
173
351
8
20
56
12
1479
11
29
28
18
89
27
48
34
9
116
13
21
15
39
43
268
77
1
13
5
87
76
11
153
6
51
2067
3625
3128
103
109
390
571
17
139
8
243
483
7
83
80
1770
108
63
10
124
1
39
86
48
7
25
4
78
533
1
19
813
311
177
437
134
98
25
1756
1583
1058
349
11
286
373
791
197
38
283
21
259
538
102
17
1391
7
56
865
130
2
973
22
25
6
156
2734
5
29
222
419
249
285
260
427
1
36
6
46
483
3
33
3
42
91
3
2
1710
10
1255
9
94
42
144
624
64
1
68
9
2
