2
6
22
1
6
4
51
7
16
8
8
3
1
3
14
17
2
6
7
3
1
5
38
10
5
13
19
1
1
26
1
6
1
7
4
2
3
56
7
6
7
19
2
7
12
1
26
1
4
1
11
11
6
10
15
3
10
3
12
3
19
15
3
3
4
8
8
2
10
5
6
91
1
16
1
5
8
23
5
1
2
8
1
8
1
8
5
10
4
6
10
8
5
19
8
9
2
28
6
39
9
23
5
3
1
4
8
3
3
8
8
1
1
12
3
13
12
10
7
58
2
7
6
4
2
2
1
31
1
8
10
7
2
1
2
21
3
8
2
2
1
1
4
6
1
3
21
2
2
4
1
17
1
1
2
1
1
1
7
37
1
1
6
4
15
2
4
1
3
34
16
8
19
2
4
5
7
88
15
1
2
8
6
7
3
16
2
6
6
8
11
3
1
13
4
14
6
3
10
6
1
2
1
69
14
9
3
28
1
1
2
22
1
1
2
3
22
5
4
1
29
9
20
10
15
3
7
2
21
1
7
4
28
1
3
5
1
3
2
19
2
1
4
7
10
53
25
12
1
3
17
2
2
7
9
1
3
1
3
14
3
4
2
2
1
1
46
22
1
5
1
9
5
1
6
7
8
16
2
2
12
7
6
10
26
1
13
1
3
26
3
15
5
3
15
6
2
1
7
8
6
2
5
2
13
5
2
21
16
1
8
13
3
2
1
1
5
7
12
1
1
1
14
1
1
50
28
3
10
2
12
1
11
27
2
3
3
1
23
14
24
10
2
14
4
3
13
6
6
3
54
