2492
3107
2013
1485
970
29
33
16
51
1536
2195
5
631
128
2589
1218
339
1065
112
99
1775
994
61
495
1138
80
374
9144
4124
13
6
5784
48
37
12
1247
7
466
1352
3
378
467
46
4
11
17
11
2023
2201
48
322
258
1492
517
1106
692
11
1282
3092
6
1
20
2345
180
3162
36
156
2734
115
21
2019
869
322
2465
16
362
6891
2
28
8
133
383
4123
3705
1319
365
25
139
172
854
33
2208
267
2662
1015
135
1
2366
1340
46
8
22
1866
1885
2
19398
94
2142
219
137
52
1850
16
26
6173
1597
77
2494
16762
7110
80
1172
79
908
2343
1399
1
13
26
188
41
11
62
72
20
4404
7213
63
134
100
27
107
4602
32
8961
2864
763
9340
563
104
50
2496
3
46
3
15
6
2539
78
64
1950
112
22
340
1489
39
1344
4211
28
647
120
7
1
825
11075
22
4992
999
16
1494
65
7
42
34
2107
2
458
10
1231
42
2022
485
1899
1156
149
7452
7555
22442
190
30
6762
507
736
5
4711
2448
4009
724
633
329
22
14
2014
1999
1703
1460
64
1415
541
10842
8663
99
254
21
16081
3198
46
520
398
463
88
12
10
149
439
4836
22
155
1557
2774
2195
560
52
46
378
111
3914
42
140
70
10
9
74
5903
191
21
41
22
560
5284
336
35
163
126
27
2
3631
1709
59
143
300
410
1493
77
82
283
938
3290
473
4666
716
279
3470
1227
1958
72
109
2806
383
14
140
65
996
33
5383
7
44
5976
448
27
12570
281
360
9881
467
1
2659
4672
1788
27
10
1789
1545
57
2489
17
2052
270
275
256
110
8467
1263
10929
913
19
2476
1706
76
1
8028
225
681
13591
5029
3153
7
6162
26
23
971
170
37
3067
3677
1752
19
21
38
22
1154
28
15
681
211
172
155
1527
23
2278
64
3469
2364
2320
146
39
184
11
8
77
283
1833
5991
916
595
778
15
725
5699
451
272
1508
742
99
863
104
23
2586
2633
12
2
1542
1243
4176
16
49
20
1737
264
2055
222
52
445
1490
384
12037
8386
217
2031
14
4
1551
557
38
3211
121
10
3016
6307
364
3363
20919
141
749
1709
135
114
802
7011
4901
25
45
235
6481
453
2302
28
920
77
670
7
6
17
307
278
1213
48
87
8
2689
49
1571
437
5799
1302
40
48
351
4
206
30
1348
2268
66
59
1
89
935
1338
18
229
1883
991
4
17
7456
118
37
88
4948
15
136
187
5
137
1741
250
2348
4418
205
1019
250
9
632
146
61
2116
5
6
2969
1968
262
6582
14
5934
1342
576
3560
414
766
9422
102
365
78
12422
12228
3365
116
17
34
3041
67
37
13
2180
39
2763
7
207
748
11
45
5293
422
440
3228
15
15
31
9
64
6475
16647
1472
2749
1194
289
842
8
2651
173
1764
5018
896
6
69
15
190
1316
1
1368
5277
10825
1472
15
1113
16
2137
1704
50
518
132
18
2407
2859
551
2243
17
325
6
3637
2076
251
15
45
1018
179
1394
119
3477
34
3361
10
38
2159
2912
8301
50
391
2813
17
1911
3512
5762
828
2449
1576
1683
3
1286
1080
6
89
2255
12
37
35
301
3008
390
8340
13664
3
5
23
31
1827
28
2468
3069
2108
75
377
16
1161
25546
1457
2066
4
584
27
2876
4542
131
9344
2468
514
12
306
13
82
3510
2672
2343
32
725
116
3
32
5238
2829
14
93
552
17750
1
1385
56
566
26
520
16187
7154
134
636
357
456
2315
11
906
44
1060
1328
3866
46
2
10
29
1
4133
76
15
78
1950
6469
2757
11
41
15
32
51
3197
2048
1
487
10233
427
2
238
8643
17
8379
1442
38
12014
3314
35
25
11
1142
2632
10977
125
42
2603
1489
866
501
581
1723
9975
76
3587
3071
72
1963
78
761
185
689
610
4
59
1917
314
160
155
153
1
100
9
145
333
343
100
3008
1001
1606
4
2303
246
132
77
1884
19
1154
2559
647
785
1197
100
219
110
383
40
109
42
227
32
1796
38
1717
1789
30
387
11733
555
4819
129
47
155
10
139
6219
12
2076
5260
38
375
3
85
2030
594
45
91
8586
677
50
2048
3383
15
133
115
17
92
208
2647
1020
8
308
192
2080
14
361
63
13
97
30
543
171
202
71
806
15
15
3
97
36
2488
19
361
789
984
1246
43
1902
1
33
1780
58
312
80
2453
579
22
25
72
70
291
338
15
1701
953
146
26
3561
181
364
3161
13
291
675
1962
126
42
1469
6506
1783
16
28
124
50
1050
54
780
87
273
9
27
19
47
3
89
906
37
14412
367
55
6840
747
6
838
72
1403
2011
1455
138
1559
357
10
9
77
1286
28
55
155
1091
32
1212
72
5809
17
2652
8455
1416
2106
1324
4030
2281
1991
375
12
1762
115
14
1302
18
16
8225
346
21
30
74
5294
227
22
26
55
100
1373
16
557
3
452
103
1526
1551
4
24
26
327
6184
863
11
24
34
22
779
30
1
227
103
3110
708
40
1685
1577
1414
185
33
55
35
2202
1072
52
1438
27
1905
4
1683
203
484
120
25
1478
1051
347
30
39
53
1726
206
21
6053
27
112
233
50
21
8
1117
994
2510
259
1270
27
3463
27
2556
1701
129
18
14
56
24
42
723
3055
611
15
7
632
55
5324
3324
39
221
92
49
642
139
6166
4
24
248
53
85
728
1133
622
4
2451
19
163
58
12
3
286
2005
211
32
1
829
168
1057
532
2924
3
647
35
11259
1445
25344
761
2318
504
105
24
24
12638
3808
2436
9
46
31
1098
1986
2972
4780
34
1313
801
29
1942
108
65
91
111
488
38
858
22
23
111
40
31
1
937
354
34
10
58
1154
103
2127
9
672
764
154
21
1320
1226
2416
75
18
40
26
40
21
98
637
146
57
305
420
3
90
19
137
9
648
359
34
21
7812
175
38
8233
18
27
113
167
167
5
1627
330
10
12
213
3025
408
8579
32
1106
21
2
101
2493
201
457
40
947
399
489
722
15
48
195
99
4681
13
39
28
145
426
135
11653
172
18334
793
5
25
844
605
276
6843
3394
933
5486
799
180
6
1151
988
212
68
2259
699
484
276
38
1100
725
3788
2545
1674
14
1227
49
8826
268
1707
164
6
16375
12
171
8
2153
2130
9749
45
32
31
3629
1847
26
904
466
51
2768
1616
1183
10822
25
23
54
411
1520
68
37
128
31
4
7
2677
1500
4683
3
8
126
48
66
7481
44
5118
53
9063
32
4
6
1573
302
6549
37
2621
55
492
173
20
26
315
24
8
289
467
74
127
44
11
2198
47
76061
897
251
1040
3574
257
2546
1728
1328
467
5666
9
929
5
248
1400
667
39
1185
9636
17
239
1851
12
686
15
18
26
19460
27
5
7
9
4378
371
2322
236
83
7
51
393
881
37
1994
314
480
526
10
1686
17
8659
18858
23
28
28
68
156
141
17
2208
5904
19749
966
2662
4232
3924
81
17
3446
2215
3
12
11
1
14271
2283
203
37
761
101
27
9
352
5
29
2
93
14
2359
11
1442
2787
61
13
95
1126
456
1265
267
547
22
61
8
1545
390
33
372
465
3042
73
108
56
163
206
105
6358
435
492
161
7
12
337
1862
280
62
27
10
13
31
12
30
36
67
1414
369
23
291
30
113
87
30759
2096
416
10133
3101
14415
399
2167
49
1
1077
1067
7929
320
1295
83
183
3466
16
1337
39
3385
1950
107
624
55
17
55
353
119
79
116
889
1186
728
342
18
1306
21449
2423
135
1373
30
3061
26
126
3720
158
11
12
54
593
324
4921
45
7
430
14
175
2173
1
62
493
50
139
425
462
2824
1629
451
279
3
10915
475
5
307
79
1185
86
715
4997
8
1847
2341
1915
1
4594
4561
280
1091
1428
4835
2123
3864
3278
15
349
24
3878
1345
1493
62
999
171
2061
924
434
2268
8074
17
8867
12
59
1694
21
100
1524
81
1
75
114
16
5419
271
37
7556
63
1203
157
12744
96
47
537
1197
38
12
618
4320
88
20
4267
99
18
6678
4120
1624
103
1508
1449
33
28
3142
25960
6007
85
159
29
7
1616
9
5
3270
165
34
3
37
2132
8
4069
14
158
59
1729
863
1
256
19
2483
401
8
1275
2177
36
1588
1852
34
1344
1564
107
441
3696
1766
9
4361
4
103
758
9933
5
159
10
1379
17
136
5331
170
80
1
7705
34
1925
53
33
68
13
3732
24
34
53
8
26
2889
14
686
25
3120
23
3837
37
294
3
24
279
1
115
33
20
1129
17
2
15
12
1317
1799
1252
10
127
1141
2785
1806
14
238
1030
704
1128
11
4781
62
174
49
21
1626
19
154
243
3636
120
112
28
395
91
46
1822
5292
6
987
2
25
996
32
5558
68
47
119
31
11067
1091
403
529
316
86
28
977
426
769
8456
15487
377
3644
234
65
31
65
688
44
2075
3819
1216
66
15
2609
2779
1752
10266
130
98
108
4014
4553
615
20
1092
17
1713
170
136
475
68
330
14
263
2
2001
1010
1512
153
86
97
25
116
1384
3
40
5744
236
887
22
6680
1
279
24
1506
7904
50
1179
751
424
58
164
3196
87
184
364
10
9
15
422
44
620
15
6
5035
72
5988
24
384
631
755
37
7
272
10
385
802
362
7
364
1860
164
56
54
47
19
16
2057
6553
14
197
2805
96
19
2962
12544
39
2439
2471
2321
1774
2947
38
31
30
1569
2727
83
1202
30
37
651
965
2838
1038
405
11
23
4
137
1586
1911
418
10
1652
85
3989
7
60
9508
6
664
28
41
2636
164
1904
583
436
166
320
8
475
162
532
78
561
783
13
408
1103
77
97
3656
5810
1229
9401
369
1897
301
21
1076
177
2345
1983
2
1241
51
391
16
47
276
901
9
28
31
265
13
6282
35
4140
831
4561
240
11
14
2000
67
1413
1326
22
751
63
105
56
272
1240
29391
220
802
113
37
920
2
89
779
1706
2438
13610
1726
1349
24
1517
5833
1496
2912
592
369
25
129
492
1
37
34
7965
2499
2478
1985
2819
1901
4376
813
108
7
115
62
9
30552
1798
2280
979
52705
359
2208
10
46
116
15319
372
1882
68
1230
192
6
239
323
703
1886
618
524
105
8
1073
103
873
2949
78
347
27813
2604
2464
15
117
18
1561
182
108
346
5815
431
2136
93
12780
409
1135
3
1016
501
336
3908
270
9
447
1446
126
4083
1568
5102
3536
186
639
1
130
2130
13
28158
5429
1153
7
12
17
13
28
93
18
128
88
291
686
3659
304
66
30
1890
577
13
107
284
368
64
663
20
20
1007
23
11
15
33
176
1363
97
155
578
728
3102
84
7199
1206
342
48
859
2
611
12
18535
1849
61
30
45
6135
7332
38
145
25
15
1102
2763
257
2058
1129
197
238
390
1031
75
68
575
2
36
356
102
93
1968
12
28
3310
3609
1901
388
95
6117
227
40
44
29
113
6
4592
28
641
870
187
114
2824
27
1075
21
36
734
36
2240
14871
866
29
3
54
21
1
1711
44
49
6768
598
84
272
1
4117
45
161
228
3
784
1784
1143
182
84
18
139
3640
216
9412
5808
63
543
2092
133
293
135
1177
53
4146
4494
2022
39
42
30
758
45
388
1700
1133
583
327
6
147
13
1325
595
8
3129
751
5622
111
2183
14
60
162
139
1162
556
593
59
31
46
19
21
156
17
48
226
32
53
568
1168
208
4094
1316
45
14
3831
31
466
448
2158
4300
1681
276
8
1684
36
5485
907
3358
18
35
154
11
104
230
218
1535
1019
24
49
24
3
6
416
977
1618
79
213
35
17
26
337
115
536
1309
45
193
19
122
71
105
582
78
3229
442
92
113
3070
55
558
16
6
66
27
6279
130
116
2160
2924
8
7014
2262
346
1613
50
75
1413
2344
27
734
2845
2715
1083
1002
3810
416
4805
1098
153
2088
1
1061
20
1849
2516
1066
844
1060
30
147
148
733
12691
3406
154
70
1768
92
70
4606
8
454
6
81
671
1732
494
238
907
1466
15792
109
54
1144
605
209
692
3396
634
579
13
1217
418
1230
187
1
2
1096
1537
18
4
493
8
2288
11095
119
1186
