8
18
3
10
66
12
7
5
901
4
62
8
4
22
33
12
6
77
1
31
91
48
77
107
6
229
259
102
212
60
73
14
11
11
1
10
75
184
23
1
4
1
64
18
19
27
189
16
6
5
5
27
1
5
1
16
6
5
2
1
4
1
6
22
1
15
266
6
5
10
84
5
25
27
4
10
7
81
54
4
12
20
31
5
6
67
30
106
3
13
7
12
3
25
35
30
15
9
47
1
13
70
36
31
203
15
7
19
46
7
13
6
2
1
50
156
46
33
37
13
47
72
6
5
6
48
48
499
8
12
3
1
7
8
31
52
24
4
6
1
48
19
2
20
183
22
34
13
87
114
54
17
8
2
34
3
41
18
7
13
12
5
8
3
28
25
6
1
4
48
5
13
14
14
12
23
16
42
10
1
60
70
133
190
50
64
1
24
49
90
1
37
82
9
11
34
11
9
1
6
20
6
5
1
73
7
68
3
202
23
7
51
40
4
16
5
2
14
39
36
114
42
1
16
39
8
8
54
126
148
21
15
40
6
77
11
10
5
79
8
1
78
3
39
13
18
8
45
42
48
283
3
2
6
2
60
94
17
3
45
106
1
135
1
7
6
6
35
290
6
556
12
2
261
43
8
156
11
1
6
5
135
3
8
25
14
10
33
3
73
15
149
3
188
18
79
19
9
496
362
1
10
69
2
58
15
55
1
22
12
19
30
59
1
172
115
6
171
29
11
26
90
104
135
132
13
12
2
307
3
30
44
9
8
3
5
7
10
78
4
12
222
5
139
9
42
17
18
14
5
56
20
9
37
11
24
36
72
10
57
9
140
1
57
27
12
463
24
1
14
198
160
17
3
2
243
91
3
5
8
2064
3
11
1
6
595
4
4
5
37
198
4
543
186
2
3
2
41
28
162
4
5
36
16
213
10
16
5
28
1
62
55
26
35
36
2
124
12
87
15
12
70
318
14
89
28
110
2
11
60
3
8
9
1
32
2
14
8
57
2
2
11
9
18
45
