78
606
544
107
41
194
38
840
20
44
39
637
661
45
1050
689
882
579
408
118
1076
610
352
664
1047
350
648
336
599
68
422
469
50
579
160
26
775
346
1935
834
188
2375
1342
892
86
696
624
533
745
1315
5289
1986
386
567
356
155
130
842
874
46
2292
104
846
197
810
752
1156
1007
702
117
1268
1665
143
1680
717
872
1277
607
1178
320
1421
728
1991
618
59
535
217
712
679
477
1265
866
289
1122
649
909
718
1883
735
765
365
1081
1633
357
2164
527
813
2399
129
184
950
220
3564
777
527
689
510
741
1348
494
56
57
880
320
732
616
447
975
1298
781
4903
788
643
420
1016
999
1096
1309
719
623
1338
81
469
648
374
1382
567
782
887
147
61
407
687
358
987
1305
741
984
758
310
926
289
835
302
549
1666
54
586
718
396
256
502
101
1409
769
83
115
88
828
663
493
89
1372
284
239
475
592
833
2447
403
1157
713
58
155
547
1158
944
461
785
569
150
840
762
2259
1545
1899
693
2009
663
227
675
661
725
539
394
57
941
353
614
864
977
247
2384
897
673
7
676
806
50
101
237
1024
774
53
643
986
222
828
3811
387
290
724
751
724
1064
934
827
145
182
632
492
583
51
800
590
57
858
715
756
384
466
521
668
518
850
920
965
501
3198
298
339
239
963
182
76
166
873
763
77
891
805
2506
2579
549
24
1366
78
679
92
138
848
660
408
344
1087
1075
55
675
275
633
1818
231
816
386
311
544
572
1496
33
598
137
8
495
515
805
209
595
190
556
1284
625
421
157
504
993
269
488
523
165
997
545
809
461
811
278
337
213
2531
332
439
912
595
226
561
213
1846
355
723
429
917
672
687
233
1169
1511
1273
814
612
39
24
537
1080
2003
130
354
678
1024
245
398
452
2011
28
991
37
1842
883
828
275
201
1266
276
911
397
1092
807
684
871
371
544
469
1631
729
372
95
270
551
1001
596
693
202
1018
144
515
1735
1955
355
411
409
344
279
279
527
786
553
159
296
1807
299
1739
652
126
1135
544
1146
2263
514
609
486
691
931
457
1128
539
730
571
1385
326
691
2034
576
611
1
442
1109
201
677
2113
188
326
921
1174
655
19
652
498
544
791
928
773
5636
101
71
878
739
1784
119
1160
137
687
555
611
52
506
158
846
255
121
287
649
592
498
483
178
708
578
20
95
604
635
719
898
635
430
553
564
170
99
1033
372
1047
46
259
582
92
332
731
793
182
794
633
87
1870
1141
412
181
708
139
531
1756
12
592
1374
432
45
907
602
188
264
1069
1345
735
379
1191
547
545
5
66
1016
3
680
291
64
875
526
343
424
128
2342
1874
86
152
501
1331
3879
567
645
712
865
365
286
1112
1495
196
112
1036
539
183
305
36
740
147
725
453
482
1492
37
835
183
967
512
692
860
75
235
530
284
279
884
49
110
263
1923
704
770
618
441
1551
214
547
1255
117
515
17
696
1525
635
586
509
680
56
504
1555
1754
970
2093
115
781
505
40
479
161
631
279
699
2841
21
1228
993
1937
583
475
637
595
393
1088
122
630
956
1392
172
219
1060
2897
757
648
1791
801
376
189
2578
1023
600
432
656
1749
2212
493
449
498
658
190
235
484
454
1641
41
693
850
923
372
205
272
860
590
212
540
471
706
944
582
364
693
727
238
1
568
2394
634
1461
490
577
583
907
995
84
527
215
115
1132
85
111
14
684
542
699
174
1541
740
1688
1553
490
688
974
413
1235
121
757
659
1211
705
574
905
1340
165
149
805
229
96
866
806
1265
680
402
617
5
800
207
864
801
215
184
100
71
74
1237
1711
668
6938
515
333
1189
544
665
796
295
100
609
508
357
1054
1464
94
164
531
125
102
233
1148
379
325
760
749
801
34
1067
123
942
1530
1147
1155
111
1328
359
777
933
563
1090
1393
874
14
694
4280
1110
663
630
1235
84
271
1377
1712
1909
431
1142
807
1445
479
585
3910
962
307
1820
528
92
1045
952
169
262
928
649
1116
419
329
561
531
2549
690
2634
144
1103
2952
308
778
1655
297
247
517
1537
600
998
1061
680
370
419
796
1243
228
804
582
365
245
354
744
345
484
552
233
36
188
569
1235
794
824
425
328
581
1084
501
370
623
697
3406
580
651
519
557
815
384
640
517
122
466
800
741
392
608
211
927
698
1815
720
1028
275
945
45
944
48
758
226
256
538
1243
198
200
839
704
361
1025
1257
82
888
625
946
588
737
1656
721
1060
165
640
1
