44
90
181
3
16
36
8
14
43
276
4
142
84
17
87
56
102
1215
57
114
69
12
82
28
203
181
26
145
58
920
513
133
41
244
76
113
131
179
38
35
274
10
109
40
533
13
22
23
7
618
2
130
183
1
604
172
58
87
85
11
11
198
254
318
40
248
90
20
32
38
30
88
17
60
51
4
36
47
39
1020
317
9
14
124
360
28
31
3
142
58
33
4
49
109
153
9
55
15
15
90
20
547
112
57
264
21
94
6
10
8
3
170
16
3
56
922
77
22
151
16
15
70
377
15
304
145
124
261
18
483
82
43
1431
35
112
126
57
4
66
474
120
98
91
643
99
40
108
136
255
23
194
21
69
4718
103
494
353
356
105
180
60
344
108
132
209
59
41
116
38
175
40
19
124
16
44
25
15
67
18
1837
6
62
93
94
175
17
38
45
92
85
89
83
80
206
25
257
97
12
284
71
1156
127
33
253
154
54
179
308
30
355
79
96
183
203
29
262
1266
2021
53
151
164
308
198
162
54
99
119
403
2460
240
16
19
62
52
76
33
25
194
112
158
29
102
902
83
10
53
62
79
159
38
246
59
570
84
85
494
63
3
396
171
1532
61
7
156
122
6
561
51
1125
35
263
20
21
121
156
3726
88
16
70
1137
57
380
461
198
733
264
64
258
1007
46
373
43
2
263
446
469
254
616
51
229
344
246
10
379
80
412
508
70
477
193
7
599
189
64
57
2
106
13
246
43
73
54
21
34
7
252
194
13
26
130
220
11
413
20
705
20
94
261
276
46
224
357
459
342
136
26
25
109
7
7
414
62
1316
61
294
123
54
380
54
349
55
42
165
247
154
128
104
237
992
757
1013
152
173
170
43
214
51
194
14
204
156
558
33
153
733
407
97
99
27
114
89
209
501
68
64
72
284
248
220
416
620
71
8
11
133
332
148
92
37
15
84
165
13
262
256
