72
4381
39
12
983
144
1
14
15
1
9
12
27
15
41
7
10
47
159
1
29
18
14
28
1885
3
1
250
26
293
8
36
2
38
37
27
23
19
5
314
17
34
69
1162
656
122
7
227
958
10
3
290
36
129
23
9
237
4588
26
166
1343
236
814
11
59
1
434
71
27
167
30
100
2
29
41
27
265
13
131
3
50
23
20
4
118
28
33
192
7
52
2
26
222
101
1
19
27
5
27
66
6
443
40
18
315
188
21
3
61
20
21
140
80
34
12
368
4
10
46
1058
3
64
101
10
30
160
18
26
584
26
242
125
1
439
62
1191
352
13
61
3
28
141
33
1
11
1
149
24
2
1081
18
19
6
30
5
44
19
32
532
55
11
3
428
19
851
3
77
165
26
1945
1
347
20
9
12
138
132
18
479
26
32
2080
290
2
24
1
19
29
125
187
1397
325
67
28
16
315
36
19
58
214
6
527
67
2
445
2260
14
331
139
32
326
21
39
178
44
23
403
181
116
29
46
303
44
195
21
6839
5
311
33
440
1
23
20
5
213
53
10
104
18
204
3
71
33
3
205
4
27
49
73
30
2
42
13
17
67
82
48
32
3
26
2
379
65
23
7
19
17
87
366
16
130
147
370
27
26
10
198
42
20
15
12
51
386
42
70
68
1944
31
529
95
96
25
7
45
4
1
82
28
154
31
2
196
770
1
7
