14
1808
488
369
31
13
88
506
37
371
37
718
705
39
25
7
104
193
114
300
48
15
226
24
127
355
80
34
68
27
44
27
484
20
9
199
24
136
164
8743
584
54
57
28
305
38
64
198
143
10
415
11
92
59
5338
45
7
83
114
298
167
369
99
11
13
1
10
70
191
466
72
758
143
21
10
21
8
349
130
13
43
43
185
249
357
176
689
86
147
235
181
3328
10
23
136
30
118
55
114
414
7
962
12
113
355
175
41
24
103
217
122
51
5
193
5
2
907
297
33
670
43
68
36
111
818
2
509
124
84
12
7
263
33
65
44
1787
17
36
142
86
17
259
77
8
1833
27
257
56
26
81
101
5
18
92
179
4
63
94
36
54
92
24
464
80
109
688
175
166
66
79
112
29
350
455
149
80
19
15
183
107
83
29
21
341
119
290
142
102
310
10
33
18
38
33
32
253
30
17
503
56
20
52
311
104
17
147
1420
1209
12
166
25
254
822
187
2
46
309
124
23
801
8
288
329
18
629
3047
68
25
40
48
843
318
4
21
51
261
863
48
164
63
1297
179
303
2
490
26
4
177
169
11
337
305
104
712
1
43
368
108
532
13
150
18
35
88
252
2247
369
21
14
133
24
32
98
393
79
42
77
969
337
621
536
265
171
179
22
394
87
755
35
286
21
575
7
633
92
162
411
954
164
920
130
6
115
253
36
96
619
32
19
17
1055
27
114
718
6
426
17
68
71
572
78
10
343
531
61
27
146
137
21
26
62
360
24
582
24
215
46
27
383
1
35
17
127
4
1572
31
246
23
91
69
69
162
89
7
71
68
269
1674
59
23
21
65
12
31
70
38
31
74
214
201
46
87
706
12
318
27
341
71
587
153
141
356
10
212
110
69
546
165
25
12
165
429
248
72
385
79
42
9
199
252
62
23
1127
270
61
887
173
310
20
4
71
177
49
397
35
5327
130
172
95
123
316
5
96
633
77
209
4
72
14
94
202
571
186
270
26
67
63
9
790
372
136
10
114
10
231
64
8
170
613
528
539
99
14
1
1907
2934
54
9
47
526
223
158
154
731
15
29
292
44
645
284
289
9
60
29
74
739
529
8
205
1794
11
21
74
890
160
73
423
24
347
257
24
12
613
487
68
21
18
503
135
151
691
71
10
40
51
27
235
89
52
96
5702
371
335
413
453
56
277
60
666
4
19
229
23
98
8
6
5
23
37
3
478
119
824
4
93
235
1164
134
133
200
630
26
83
2
605
23
97
60
48
275
38
69
951
899
16
30
102
595
714
30
230
490
47
518
8
56
659
52
499
122
37
115
177
14
28
59
780
419
11
41
1592
95
18
44
3
363
69
22
21
49
21
27
63
247
257
846
31
634
512
258
1267
81
82
11
352
8
44
120
151
361
939
19
76
99
13
123
735
2
128
93
213
9
13
816
50
3
10
65
334
541
616
1111
228
80
117
627
53
893
83
121
96
32
30
141
221
506
7
19
114
389
26
29
40
4
4
319
417
8
144
8
78
110
162
2736
61
6
176
169
6
62
32
28
218
51
39
674
9
109
167
74
48
84
1277
30
578
238
15
53
2044
678
331
202
17
8
93
62
138
10
162
263
57
6
105
128
1244
19
28
21
545
13
193
1302
894
99
93
68
57
5
67
6
35
86
16
424
31
20
39
21
37
44
208
43
454
22
1754
71
37
551
430
368
170
48
95
359
212
120
47
47
151
10
353
23
808
209
591
161
37
264
10
48
1338
45
652
51
505
40
35
78
133
256
272
4
299
568
1
98
331
92
19
1248
302
27
54
65
36
228
11
113
1
6
1397
175
86
79
188
1162
399
23
33
460
318
167
85
8
14
257
16
31
211
13
823
12
188
823
116
605
134
585
655
29
48
619
809
46
90
165
227
195
405
1174
22
397
9
161
34
523
124
1610
2
192
384
227
3
1146
81
34
20
35
54
293
16
444
294
192
11
23
401
88
47
192
29
44
25
570
102
1455
85
104
228
28
43
417
211
301
18
342
49
215
75
11
902
95
735
164
74
1317
23
634
17
667
161
26
9
2
411
8
12
1
109
228
97
23
84
210
38
10
382
667
244
19
237
310
113
196
54
462
3
27
510
125
164
159
62
9
98
102
92
32
269
36
81
535
224
37
295
94
460
13
1278
602
27
43
17
67
229
669
1664
897
831
184
95
201
361
67
85
15
12
207
852
23
14
278
47
114
157
180
125
28
27
1
26
450
607
33
4
4917
221
866
196
31
338
10
17
277
254
267
250
478
50
279
23
9
77
142
357
76
505
309
100
258
39
39
248
26
21
285
14
410
75
303
36
13
339
14
557
16
71
137
85
244
84
603
19
32
281
38
512
10
470
60
293
854
79
1252
33
13
168
724
748
103
22
43
21
25
384
3
53
23
231
49
26
377
102
76
1
243
59
63
30
114
134
346
24
164
133
56
110
621
8
72
112
237
358
35
137
39
45
297
1
214
156
96
29
67
518
45
4
486
22
7
142
5
2616
73
7
58
47
3
44
262
14
43
1517
286
989
10
245
87
189
17
13
17
240
213
83
9
370
340
76
227
40
214
16
79
316
97
128
78
66
38
33
7
35
298
24
79
54
16
138
318
169
16
16
155
48
26
63
17
68
1
17
911
23
40
1782
525
21
649
94
51
77
27
453
441
572
60
303
236
66
27
29
139
546
79
630
72
110
6
14
54
381
249
65
333
21
13
24
371
426
123
22
104
25
70
181
425
88
30
105
14
398
2
188
71
50
29
21
327
1208
512
1
158
38
29
162
22
716
75
7
8
101
120
12
52
1
1
146
19
37
12
85
21
915
35
61
585
119
90
82
1252
13
278
1
46
1073
294
26
92
2853
990
389
98
46
30
75
152
19
70
42
45
51
577
31
78
315
238
41
251
737
32
64
105
54
171
63
15
108
227
29
86
116
193
20
42
160
279
429
4783
161
212
434
126
68
1034
304
79
44
201
254
59
211
622
12
291
25
196
23
413
1525
20
96
373
68
107
4
187
12
59
98
426
30
27
273
63
21
31
381
118
1293
6
88
22
6
37
58
87
126
55
1404
1296
164
15
40
64
364
390
636
176
3
22
12
104
100
110
196
14
190
21
116
102
154
380
926
14
61
20
5
378
80
25
43
13
16
1140
306
36
242
216
45
41
32
61
113
42
91
154
3874
21
148
130
81
10
221
670
91
361
80
69
20
2
312
198
2
28
39
142
44
67
488
614
6
123
18
40
297
71
146
231
244
1
168
44
47
285
26
22
69
25
6
52
10
792
25
4
171
3
94
210
57
9
44
462
4
35
62
2
19
270
23
13
23
36
894
6
94
62
1
424
655
104
153
500
13
28
5
21
349
357
9
99
28
471
151
15
25
4
153
679
20
42
676
401
55
12
12
196
10707
68
30
650
782
17
230
224
114
79
30
460
52
28
46
155
219
80
3
65
57
443
25
2
44
878
32
1
6
74
310
96
5
795
115
36
51
36
53
32
32
127
2
28
56
39
96
63
297
913
170
120
104
91
233
433
36
658
27
17
117
13
18
189
127
27
116
7
77
120
21
32
23
484
107
74
443
104
34
21
30
4
10
236
448
55
3
245
93
245
76
268
554
4
11
36
682
234
384
41
11
201
138
124
207
140
9
357
15
57
82
595
346
6
72
131
54
232
19
9
858
19
28
5
1911
6
66
159
185
101
56
30
397
297
345
51
1496
163
