1152
15
1817
52
139
1
714
45
77
7
66
68
8745
154
678
1301
2504
740
24
602
1551
275
8
167
546
506
14
53
92
5
1795
51
2187
84
71
3
2749
1184
22
2035
910
438
1096
561
441
67
171
186
23
1004
229
92
4
11
276
7
358
542
3
37
237
5
6
72
4
149
51
73
9
19
2576
3
1653
312
91
63
109
35
17
9
29
150
158
827
1
20
1
3
3
2989
45
8
5
26
53
583
14
36
333
322
55
2701
1782
4
4416
91
343
3140
10
261
13
1902
169
19
1
4
56
56
120
796
249
24
27
12
2211
383
146
1615
3
9
5
9
2
3027
1
18
78
53
60
294
705
68
16
605
274
67
807
1775
733
56
54
22
415
52
647
7
17
52
82
620
117
8
378
16
37
16
593
104
2037
1
69
49
59
350
55
19
465
6
56
15
1052
9
20
22
36
9
25
74
1753
27
14
276
57
246
1062
224
15
2657
89
3
1
38
56
350
6
195
385
13
506
18
28
52
10
66
8029
596
30
6
26
116
53
22
41
165
53
1174
34
127
6
29
85
940
842
32
33
2140
654
834
4228
662
4
60
12
1033
1895
16988
2410
1584
796
166
192
9
64
7
18
825
234
1193
1
13
271
228
19642
1521
27
38
5
17239
15
17
29
263
778
109
338
13
371
21
1157
2
450
244
1
39
456
109
23
2500
3448
12809
98
956
3
25497
2175
32
2594
103
6
95
134
1962
66
3
47
25
96
6
40
15
1
981
441
212
10
101
962
6533
52
14
12
7
1
5
417
684
1444
169
1
65
2563
1583
3205
2873
65
305
4
34
7
95
1306
1220
1127
68
105
122
1055
27
587
928
42
645
1294
206
31
10
710
2
450
1248
13729
95
184
197
136
33
3
107
31
881
11
41
1
45
4
23
1775
800
1963
261
426
596
309
367
1566
48
305
111
784
4104
468
43
128
1
2616
24
4
123
1773
8
738
68
60
33
698
1
54
520
146
276
16
8
20
68
437
44
41
229
4710
59
12
87
11
6660
4
204
5612
12
790
4048
769
84
80
6457
245
8
10
1400
1350
633
17
471
44
10
14
2111
123
662
20
9
7
4
107
274
26
8
1120
1781
6
3
4
764
1
2528
371
19
20
1
199
5
233
16
613
151
983
49
3647
243
2507
291
72
131
903
1
240
1014
72
318
882
54
554
2664
52
377
785
51
117
44
445
2727
181
24
13
59
5
4
37
1433
260
18
1946
1487
35
1021
71
112
41
2828
243
52
46
437
14863
7
329
118
3211
766
99
2679
19
1726
1067
23
4
334
6
8
3
1186
31
6
1370
76
613
1348
2794
3
2540
55
2
28
3064
953
761
782
127
42
8
2383
22
104
1
350
657
81
11
329
4
329
689
14
116
68
91
20
752
13
26
2811
119
22
252
5
599
1562
1
54
58
206
132
8
204
7
1117
33
381
28
12
520
257
4
6
278
1
5
21
144
93
3
16
13
17
424
30
52
96
708
877
2118
7
139
51
114
111
115
229
57
51
59
78
609
116
24
1834
61
10561
4958
17
24309
11
1
14
133
24
23
66
2
242
28
4
4
191
96
3569
21
47
8187
99
49
228
32
25
1963
652
2179
16
72
270
386
24
1999
11
143
13
41
22
2
10
941
43
8361
5
68
15
1
162
1899
243
41
1
588
2
7
63
1054
249
15
3
559
220
60
4
224
36
524
123
12
606
451
6
18
1
1474
16
487
6
1056
457
518
1691
291
689
441
1034
1919
160
26
2785
126
510
30163
44
9
8
205
629
227
10
7
1839
12
864
115
852
1261
167
1063
57
75
3
13
1786
347
3985
1029
406
189664
2524
644
801
1015
5
11
845
248
730
27
5
30
61
481
226
15
20
416
407
528
209
10
313
27
884
507
260
296
279
319
46
48
909
23
102
31
186
192
25
2910
138
70
7
527
145
104
1416
5
1032
957
1463
19
9123
797
116
60
347
170
10
83
72
281
198
60
6
4129
39
37
12
56
49
35
11
108
19
2
6
4985
4
42
19
393
14
3
64
105
55
18
5823
6
66
1312
1294
22
11
128
179
239
298
1134
1660
36
2950
2588
19
109
96
11
29
26
191
885
234
237
3
90
12
52
229
102
33
5
647
250
25
40
1268
1765
10
13
60
511
5249
563
25
5
28
160
49
8
407
49
434
26
868
128
127
11606
134
40
83
1691
73
237
15
3
33
59
512
36
915
80
44
303
15
5
48814
725
59
36
112
232
3
1
1
176
588
1872
31
696
24
68
935
1538
34
804
144
14
189
425
161
7
330
930
145
532
20
5432
22
924
334
137
2
4
550
45
10
3344
681
100
41
173
4
2006
6
659
532
1
6
184
52
16
66
1441
1241
1122
2562
9229
565
17
57
131
204
179
1
12
17
13
57
13
4
1
8
14
45
95
516
173
184
486
59
568
444
6
295
1641
603
20501
15
138
1761
12
168
9
1126
192
34
1063
9
398
1
42
111
15
28
11
1746
49
1369
366
18
387
341
209
139
640
22
556
16
217
8
29
4887
88
6134
149
76
1692
271
299
77
99
3389
9
115
77
124
133
46
10
61
646
14
474
21
129
31
7
49
29
1
170
10
2416
1468
1993
12
429
7
43
99
64
2
324
885
25
1906
11
403
219
12
12
6
128
1375
74
151
2
773
651
14
388
232
52
286
1195
1
42
4
151
1876
3056
60
916
171
299
23
11
81
6866
1056
575
14
2036
27
75
1725
4
1
5
15
59
97
1
201
26
13
627
11
112
24
1551
164
23
41
276
11
7
5
7
138
56
17
802
7757
32
81
375
129
16
61
7
53
61
246
20
51
148
706
2
5698
6
122
27
83
20
115
1471
55
3298
141
13
17
14
863
821
290
947
8
1
29
75
82
114
705
156
55
175
391
631
128
209
710
2
3
1048
198
3
21
123
52
643
941
54
22
97
242
62
1401
3168
177
494
44
814
441
99
6676
8
193
3685
5
3079
269
938
393
19
1
5029
89
1705
1587
570
26
510
2256
1141
26
1
545
670
46
9005
33
58
3
54
22
386
1256
50
20
12
424
243
44
610
37
62
261
31
385
1494
194
1585
1324
6449
104
2574
2
128
53
372
2063
1795
378
2368
73
60
146
1331
3658
2449
12
543
495
1
250
156
215
37
359
702
727
236
7
97
56
11
414
222
369
102
1037
2219
55
22
115
15
249
8
269
748
24
143
454
36
342
76
372
1498
299
937
1055
68
119
150
180
1216
139
13
636
497
3
425
192
618
1283
529
198
689
70
709
35
67
5
36
2
59
114
922
26
61
146
5117
129
172
895
6
2
86
80
54
103
87
12
27
1060
23
14
827
177
162
34
81
5078
5
300
52
9
46
533
659
21
5
85
14
67
18
380
12
5
1427
81
8
2
2123
2031
789
57
7
50
524
1033
36
16
7195
853
11
2
4
2572
149
345
77
43
100
406
2965
496
32
3455
882
1327
2187
20
4
965
177
30
1859
16
6
150
25779
646
741
4
111
800
1
24
118
5
1
138
14
1122
293
9
108
49
72
54
7
17
903
85
91
16
36
1
325
1079
126
120
1597
9
62
3
32
149
36
98
43
137
36
423
48
430
37
1125
57
393
7
169
179
36
82
26
120
37
131
237
14
1
50
5
27
214
118
184
712
61
49
13
57
72
114
3745
161
5
40
550
22
160
14
21
1477
973
155
1445
296
36
3236
60
1382
77
81
3574
1
100
37
38
422
37
3
6
2
20
1290
50
78
40
1
8
1553
808
130
71
5882
4
27
87
16
138
18
1897
61
20
122
5
1
38
43
39089
26
61
1
1835
7
490
6
127
36
1
601
242
264
97
732
1
81
31
530
79
13
234
16
1037
16
72
64
62
158
91
149
90
254
53
2451
19
6
797
10
67
3259
12
1154
2190
346
169
4
4
38
46
37
8
71
2883
3
16
15
69
30
2
18
164
2
92
396
7
8
2
60
12
14
12
58
5
6
1
1
6
40
57269
171
434
14
35
60
23
2
3
176
5
2482
481
39
7964
22
9
38
442
97
172
14
219
74
158
1155
2304
44
17
6
14
72
427
77
783
43
7
36
38
32
14
40
39
12484
1
115
549
82
53
125
16
101
65
63
1003
146
89
88
70
714
1528
95
111
302
38
20
18
58
5
693
6
63
106
4
1332
85
64
66
3647
4813
224
9
56
8
22
872
6
28
120
10
62
27
251
48
54
1600
56
1057
89
1
1
3095
1
25
11098
13
12
1636
2
153
71
6
159
2
7
3
158
62
29
1005
778
3900
1002
747
4
47
2022
103
143
23
19
20
30
30
297
226
41
1645
778
808
1089
166
228
4
4380
12
31
2558
19
41
3
30
211
42
10
2312
27
1
73
253
107
500
23
8
29
27
1
91
85
272
1
8
66
160
75
1
42
1197
90
384
31
24
7
26
13
5
26
3
1149
9155
70
733
74
118
17
212
11
87
24
56
207
59
26
17
23
896
11
22
3
8
1
882
26
19
343
3
217
21
351
55
75
9
79
25
146
18
718
121
23
59
1360
4
25
3
25
7
9
17
5775
642
510
344
45
70
429
55
63
72
1
2605
121
173
3
198
64
1
11
93
312
36
41
1
68
63
62
68
99
34
331
8
49
1
7026
103
65
92
44
2
1403
19
44
9
17
185
119
191
998
1235
78
56
2
1
27
1154
17
28
9
13
15
15
18
1
619
1
47
2
3550
5
76
2265
20
1
2203
1920
178
43
1341
8
3304
1853
9330
6
5
682
1984
60
12
109
1
14
84
13
113
172
314
3
338
14
189
41
88
657
10
5
158
6
128
34
761
9
4550
1059
35
2
10
1
18
5276
808
330
46
62
41
85
2
123
134
17
300
172
23
74
3228
9
51
26
1041
6
69
23
28
1
39892
1252
138
30
124
270
278
174
106
204
1562
8
3
2
87
684
7
171
5
6
149
18
15
1
69
137
74
2
62
627
24
57
75
15
23
304
62
7192
1121
5
14
1
103
294
192
54
1024
20
124
187
14
28
443
9
796
45
2364
63
12
41
13
24
26
4
6
67
441
5
763
2873
80
307
1896
15
3
80
503
8
7
5280
94
30
5
231
1
11
141
6
3449
13
44
1
540
550
3
36
452
1
73
267
116
2980
7
12
787
81
3
6
53
4
521
1
13
69
139
453
404
78
219
6
982
15
522
1180
18539
46
94
125
126
126
23
5248
5
35
3263
11
94
433
22
22
18
21
12
609
30
623
1464
32
11
445
9
20
13
5
49
3664
898
210
49
24
9106
184
4
5
997
422
24
12
936
717
198
390
1950
799
1325
49
3
31
16
14
167
689
87
1638
1502
92
2175
652
9
2694
294
338
48
141
18
359
15
13
27
8
181
303
205
30
1595
40455
95
146
49
75
56
8
117
147
200
60
67
147
151
70
97
257
2
14
1832
48
55
83
179
3713
8
2610
50
73
2671
51
51
55
446
21
65
827
38
270
90
1446
1244
1
8
63
166
46
228
915
85
10
970
330
140
30
6
15
48
12
37
141
1041
87
128
175
3344
97
2851
112
573
67
37
1
48
1184
40
5807
1
62
6
11480
5
2
