1
155
111
618
8
240
57
631
248
71
116
165
13
10
170
141
11
294
104
268
162
268
238
3
41
124
238
165
1
1343
156
454
278
280
229
120
145
254
308
289
223
271
274
2
13
461
242
1741
265
378
228
467
282
250
7
40
119
481
39
1
177
277
200
86
254
234
243
126
13
683
64
62
292
28
306
27
599
63
241
108
160
46
275
102
14
68
376
4
167
117
749
303
195
279
233
206
32
204
124
228
605
1794
230
70
243
137
486
5
268
242
515
237
392
234
117
473
250
179
163
324
289
282
241
372
209
240
269
561
9
283
356
148
151
147
145
232
393
768
