3
1945
68
22
60
15
744
41
211
68
304
140
26
51
256
418
883
51
215
403
318
517
650
233
104
56
483
636
32
9
5200
124
213
3265
239
1725
213
3
324
16
95
308
25
17
537
175
569
193
2221
19
26
85
16
45
1388
254
3
7507
501
18
199
63
29
120
28
44
27
4947
68
51
15
25
18
38
740
418
41
66
154
43
23
776
20
32
176
208
32
1080
203
56
2052
387
28
133
268
134
39
69
14
482
625
1051
688
18
853
514
2339
6
194
39
15
92
6
17
54
107
4
28
61
13
2419
171
15
28
59
500
14
126
93
90
307
319
26
215
35
1
1884
2196
1314
1
11
1
15
247
15
31
298
113
14
62
57
1901
325
783
638
674
57
594
148
50
160
146
124
265
7
16
177
613
22
45
946
947
4
25
10
172
21
11
706
47
61
612
169
608
179
73
806
39
138
534
1317
583
105
279
3
1
1963
78
366
140
115
19
160
13
173
96
57
54
157
76
32
52
163
25
190
478
695
11
12
12
17021
8
953
22
41
995
111
173
1
29
98
1631
100
38
53
1204
90
1
1
133
20
168
561
30
229
95
41
28
45
16
91
52
379
39
17
1202
15
18
95
14
43
80
15
1161
131
563
24124
27
190
541
10
310
398
528
39
58
21
530
30
218
241
11
1
8
27
1
18
215
131
11
123
2038
41
18
1
504
14
1
227
88
156
17
132
191
98
1
41
110
50
135
345
76
5275
163
215
128
100
453
71
2
3464
266
1
129
165
38
166
25
916
67
13
197
39
1110
123
13
225
52
84
366
2
2483
1606
120
131
309
493
116
9
34
1
61
20
265
97
23
17
295
664
37
774
71
448
74
401
312
12
35
112
45
49
238
1
84
15
21
915
93
1
281
1
12
112
2
259
1036
1
91
76
14
577
37
74
10
12
3
154
5272
11
235
203
71
53
3161
151
71
54
128
256
46
14
379
445
63
12
546
213
34
553
1133
41
34
93
187
679
1
46
13
31
1176
503
943
43
31
624
4
30
159
12
1728
1
317
710
1185
905
46
22
152
13
224
277
72
107
12
579
35
14
122
40
116
43
47
57
23
36
35
134
60
194
392
88
1308
21
108
154
13479
62
73
12
487
84
26
73
78
248
35
1448
59
79
15
585
36
14
85
63
1040
307
403
1388
134
49
104
24
859
85
16
12
1
301
25
74
2595
2204
1
172
29
16
24
147
76
43
14
419
266
225
65
25
262
379
102
19
600
101
23
13
77
2822
161
9
9
72
28
11169
2003
672
49
85
64
86
68
646
328
253
26
534
95
86
14
37
13
2901
339
108
234
93
1
1242
21
13
54
102
266
81
183
350
127
110
338
1098
54
22
252
299
1
1843
12
55
53
25
1528
2448
1
14
277
433
112
17
5098
625
6
44
439
4
14
369
13
1
2293
710
27
157
167
21
66
33
32
289
36
59
9
84
847
107
251
76
77
289
769
182
14
79
11
188
2059
49
338
182
134
2782
13279
419
34
2849
139
1
86
32
144
47
278
14
65
116
4
92
30
504
1
581
1
9
230
41
5
1957
33
873
85
266
123
8
70
27
45
89
101
332
735
4579
110
22
61
196
25
56
13
42
61
19
11
113
1179
255
41
64
343
3
1913
2656
1550
25
1
1831
7
641
123
21
33
585
3317
66
7
182
226
11
2174
52
2695
735
1
137
18
7
323
243
27
3469
36
257
1171
155
35
55
1418
4942
1818
40
31
295
791
61
44
143
11
84
546
335
1721
153
713
10
560
2530
10
83
367
14
25
73
76
38
109
212
303
79
19
96
1
7351
564
66
2591
380
358
92
5385
885
14
73
80
149
506
106
444
1
54
406
2327
463
10105
1
973
231
291
16
13
33
13
21
63
28
204
760
1
702
36
72
5
375
42
752
1923
190
26
251
165
786
431
13
153
1697
166
146
20
64
5
23
11
1743
134
230
11
43
670
2056
39
32
192
27
156
17
1
523
56
284
1174
32
12
3
38
43
11
19
88
202
41
6
35
543
411
47
21
15
146
12
18
198
114
51
258
477
487
157
23
150
2530
401
618
920
1962
139
464
16
51
71
177
8
255
17
323
187
12
206
19
27
161
3380
445
1335
201
457
12
107
164
54
12
85
201
1371
137
25
221
7
291
45
171
12
127
614
125
2540
15
1360
70
49
41
47
1
83
722
70
8
41
1262
101
154
19
10
4
133
331
11
123
317
704
560
1
212
24
749
943
141
26
430
28
16
13
200
135
14
1
135
43
37
248
304
154
174
243
1
34
141
312
182
15
15
2624
1
513
387
377
287
7
25
137
35
34
201
43
890
9
609
90
4
20
158
447
71
971
71
5
27
7
41
1
345
20
404
43
1
1
1506
3
232
19
10
717
48
408
43
4
29
25
48
4
13
172
41
4596
68
17
39
254
70
119
21
61
13
112
118
419
9
3
68
229
31
427
104
325
93
61
3143
68
25
197
64
31
862
371
19
102
46
33
19
1
49
1
19
116
23
42
1
452
112
91
133
23
452
5
30
25
113
508
13
46
37
75
16
48
191
8
97
32
71
10
24
31
57
29
22
23
95
21
2113
1368
3593
9
18
105
13
10
28
289
1
13
171
28
59
68
591
139
401
615
91
77
6
12
56
796
82
5
93
360
18
12
56
64
51
36
793
46
552
199
658
41
70
1
14
201
1815
2449
7
446
19
18
4163
47
37
46
11
64
61
75
273
70
681
311
57
57
77
14
18
4
12
38
4
1
498
531
63
168
39
120
15
45
1
62
16
70
55
34
30
57
75
48
716
49
30
10
22
154
157
174
24
8
172
20
30
498
2470
9
374
29
72
44
11
1266
413
29
17
75
125
392
7164
81
33
455
1
612
55
14
11
78
6
846
164
29
1282
79
88
345
18
8
80
91
2
15
150
104
566
49
274
2855
3271
83
18
55
227
1886
19
13
902
178
92
19
31
1
15
4959
16
238
172
6
30
70
8
192
343
73
93
38
1
3
62
23
856
15
97
128
8
155
193
54
1166
22
64
13
51
1364
20
14
1
137
23
48
1768
39
179
457
69
37
26627
18
1
79
3
71
250
297
39
30
11
81
58
11
186
9056
371
137
7
159
99
22
20
23
20
1
14
634
24
1639
17
18
40
6
31
113
61
966
7
1903
643
19
25
524
22
152
33
268
237
98
294
238
688
240
22
12
15
113
118
51
50
159
18
67
257
6
23
28
151
171
70
712
16
22
233
43
128
902
54
59
68
1502
2885
37
15
177
1000
31
148
31
2
6
40
52
1
292
34
24
1
17
1
5
4
49
1034
399
46
39
26
130
82
18
56
100
5
639
24
197
4
26
253
6
517
345
53
82
383
155
181
14
1
147
127
1
64
12
54
26
970
112
311
70
109
519
1708
46
30
711
11
121
95
212
21
15
1044
49
19
56
39
921
145
1
819
113
44
102
1
38
16
4907
93
819
8
8
300
19
50
26
139
344
16
8420
138
15
31
59
29
1
8
90
316
66
3
98
146
512
14
16
4210
25
