19
9
21
3
120
869
9
1
1
156
301
524
1
498
22
4
5
4
95
7
11
189
79
990
1
72
5
194
252
1175
194
644
20
1
1037
971
40
1
10
2438
1719
101
3
2
661
39
8
555
354
24
313
462
34
42
471
107
1
1470
631
119
27
203
2
6
905
2020
238
18
2
356
1
736
2
31
851
824
101350
138
300
60
4
8
394
2549
113
13
1
309
2886
1220
53
341
958
1
368
56
175
15
19
38
8
1
10
982
1455
412
315
1
1
543
5
30
2337
51
59
40
39
207
165
781
1
301
7
145
723
1
3133
6
1
1
17
1
56
26
407
1
7
868
646
279
107
145
1063
241
407
1120
831
344
3
8
3433
1
212
1
6
7
1
1
1
