6
431
472
183
177
24
21
50
5
40
78
118
27
292
7
21
610
4
4
1
157
2
92
741
165
226
209
218
74
1
100
99
557
277
377
100
1
120
436
3
291
205
4
69
265
211
56
309
25
52
26
412
55
29
6
1
53
94
116
62
16
96
2
204
18
18
901
54
150
16
4
134
96
208
194
150
80
70
20
56
1043
1070
15
204
15
13
183
117
52
37
88
78
28
3
24
39
40
55
16
34
592
27
296
39
532
10
160
34
11
245
34
5
2133
15
277
114
647
796
63
150
46
1
63
180
25
1
4
33
721
57
163
45
814
179
111
29
32
307
21
84
1
2
354
225
201
98
2361
16
8
132
851
83
1
5
29
396
1019
55
128
6
10
284
24
233
15
176
9
176
293
162
175
301
32
22
177
50
219
7
54
5
20
127
190
64
37
14
402
341
52
6
17
43
46
404
136
243
123
23
6
23
429
34
3
31
21
7
2
40
3
48
129
242
14
6
12
53
314
389
71
40
101
476
2
79
52
39
13
143
2
46
1
42
1
542
137
120
86
28
339
1
33
421
41
2
2
7
20
271
5
139
28
189
4
203
36
25
303
51
340
47
127
18
1080
91
237
16
896
110
37
69
10
46
8
14
1
8
681
3
74
126
15
232
220
8
7
19
32
51
1
86
6
226
123
396
30
35
169
278
49
17
38
58
7
12
16
40
260
127
417
409
547
49
357
277
24
532
249
224
362
166
39
34
52
220
307
60
1
328
412
864
257
341
197
25
206
439
98
56
248
1
13
13
773
39
25
186
38
204
11
57
1
442
8
247
279
55
14
2
826
3
18
11
65
68
347
35
200
20
123
253
165
91
41
209
420
24
22
138
302
12
229
128
167
45
6
225
132
7
95
275
179
22
93
1258
40
18
31
29
24
11
342
168
7
32
43
21
113
172
350
160
7
128
132
185
1
50
8
55
2223
15
152
3
194
340
663
91
386
7
208
1834
88
332
1
53
95
37
7
46
147
15
333
345
17
3
125
75
13
14
37
35
1404
38
19
165
33
228
391
1
19
36
103
63
3
210
2
470
1215
11
1
1
641
381
25
280
64
114
4
196
123
40
15
46
52
66
11
35
52
89
275
38
18
90
18
66
45
73
78
9
61
109
26
62
94
63
172
77
13
91
43
18
52
15
1
72
627
2
517
182
66
26
25
130
168
43
18
37
109
153
10
27
26
663
21
55
305
10
7
42
168
118
159
30
4
103
233
21
10
175
1006
110
23
19
2
49
47
130
342
88
38
124
28
70
14
1
8
298
70
1353
244
1
236
9
136
38
55
41
11
58
124
149
317
1
320
3
73
2
24
475
361
9
50
41
13
2
554
265
32
22
5
19
66
49
286
44
342
26
40
2
38
313
24
119
14
240
157
197
96
18
111
13
605
592
18
18
10
90
673
14
42
423
60
47
7
82
356
323
1
11
110
202
30
1264
7
20
4
24
141
17
29
30
116
22
1
1
2
70
138
550
394
14
233
7
501
72
204
29
30
1
120
164
209
443
79
45
121
668
5
35
37
51
35
5
525
16
36
285
20
290
19
281
208
1520
26
47
280
79
4
4383
440
13
40
539
3
51
1
368
13
23
230
41
13
40
22
18
23
184
98
9
1335
544
28
30
81
345
78
13
9
30
18
5
31
334
60
11
49
11
1
443
14
10
261
11
34
34
414
177
99
131
12
61
49
203
45
184
4
32
38
133
133
230
212
222
4184
34
137
2
158
174
43
362
2
276
50
396
282
38
120
966
15
425
371
129
1
155
15
267
112
328
20
44
8
151
325
364
28
268
77
219
62
436
19
140
164
78
28
64
1283
19
70
1231
398
1
6
679
286
279
125
60
242
1
5
99
57
1
28
773
125
45
252
298
15
95
1
543
4
55
20
130
198
37
14
1357
54
1
37
137
398
54
341
4
655
384
17
43
513
216
22
297
89
85
6
29
1067
91
453
14
39
620
202
121
487
292
61
125
222
276
218
51
42
3
7
122
296
640
234
47
2306
2263
7
1
204
12
1
2502
74
29
7
11
106
27
415
3
29
48
38
291
219
1689
18
204
1
122
180
60
55
7
84
1
1427
25
70
10
17
16
5
95
236
9
16
5
7
86
90
36
71
22
13
8
334
399
65
153
129
2979
1
21
22
46
57
84
88
32
32
296
214
302
16
648
127
126
128
32
9
288
29
14
29
60
4
2
34
34
101
85
114
5
3
12
1
15
228
420
3
1
61
47
231
222
243
317
2
1
9
98
37
9
49
1
8
47
17
1
376
35
42
31
18
367
16
11
16
96
59
98
132
286
98
408
48
21
2
185
194
361
229
165
8
464
195
108
33
3
181
218
365
56
129
46
168
13
540
1
240
330
1780
63
1
197
43
75
3
454
115
298
220
103
1
42
15
282
1
172
242
196
2523
707
44
588
312
30
35
46
109
515
335
15
98
500
131
487
8
122
