85
2
8
55
211
215
38
8
133
399
49
33
516
411
75
39
190
190
17
138
19
60
336
1429
258
63
121
3
69
3
214
343
126
341
511
594
401
12
37
338
119
221
4
25
156
21
337
1100
90
1
211
100
582
394
261
48
289
159
183
208
376
4
6
68
6
85
26
18
23
355
139
13
481
358
338
121
234
122
327
29
59
388
1039
295
89
38
178
15
120
121
403
298
350
66
57
216
326
10
403
8
376
9
111
55
105
20
274
175
50
7
118
122
307
217
354
8
37
141
322
682
502
404
570
246
5
154
279
219
377
303
83
599
1010
19
140
444
214
36
337
15
18
316
439
2
157
339
343
221
294
123
529
180
221
