92
95
227
1
1
123
221
266
223
372
370
384
471
90
17
221
105
96
714
91
67
186
125
342
158
95
239
92
86
241
217
91
77
227
219
232
171
211
216
184
217
393
271
87
577
226
443
278
335
121
122
461
217
327
182
93
260
87
251
115
183
231
137
219
267
240
135
257
266
197
214
95
185
140
281
220
213
245
208
253
132
205
171
28
120
6
526
72
118
209
252
109
2
137
183
200
214
220
235
136
214
691
230
497
1
243
102
2
5
156
227
1
69
8
220
225
121
240
9118
4
355
13
280
217
90
217
134
131
104
240
274
138
220
823
240
216
252
217
1
193
114
920
182
117
217
94
236
141
92
92
231
245
6
244
18
164
578
92
721
228
45
222
277
236
168
73
165
231
46
56
226
94
240
1
191
441
254
33
122
235
455
129
129
296
230
177
220
548
91
223
216
72
562
215
1220
55
123
215
283
193
236
120
2450
96
122
197
232
178
263
122
558
116
248
226
11
127
180
221
201
247
186
95
222
223
234
222
254
183
137
1
214
192
216
26
256
90
340
204
325
23
227
183
224
429
274
235
215
210
217
290
214
218
6583
244
305
151
142
