10
148
5
804
74
7
636
5
379
678
13
40
519
4
70
10
22
9
11
108
205
139
43
8
180
34
16
19
154
21
10
12
29
13
515
3
10
50
104
63
11
14
1332
148
9
28
8
8
7
3
17
22
6
555
23
210
165
22
59
25
539
35
7
510
9
1307
99
119
45
41
5
67
1
107
27
21
13
76
98
42
1100
1
225
14
42
109
22
278
33
34
38
236
86
27
13
38
9
15
19
16
38
462
329
53
11
2
10
2
5
3
1
3
16
6
4
5
8
66
62
47
32
19
19
5
4
9
6
21
45
9
13
13
2233
29
8
7
55
18
265
23
1
29
16
12
17
176
19
1
39
13
2
3
70
16
11
10
3
2
151
20
63
6
4
8
14
17
14
15
12
15
85
33
342
48
647
38
5
41
1454
31
6
158
65
32
14
12
62
4
99
2
2
22
205
5
59
6
15
1
88
17
1
1
10
5
572
5
136
26
30
9
42
1
2
386
18
71
16
45
493
41
6
314
35
6
9
1
1
1
34
31
8
2
3
67
37
34
190
4
50
24
1
22
18
12
80
1
3
46
101
8
1
6
29
5
81
270
12
2
109
82
3
11
194
3
8
810
7
8
8
7
81
4
1
44
1735
9
5
233
33
5
24
131
36
12
32
9
1
18
4
2
7
22
8
39
26
5
3
196
23
40
11
18
1086
54
50
10
2
11
8
28
8
77
17
50
7
5
3
21
7
39
21
6
26
347
112
52
20
171
37
1
199
3926
7
1
6
9
2
30
15
3
27
1
1755
5
17
29
37
49
6
68
43
28
2
619
11
9
7
10
30
149
11
486
62
21
51
3
5
7
30
6
1001
70
6
198
11
57
20
1050
15
17
378
34
30
106
8
108
94
13
17
1
2
16
1
9
4
18
12
1041
33
247
47
94
8
5
38
32
38
11
12
28
72
85
21
5
4
23
12
34
32
34
6
41
10
123
13
16
3
14
128
31
5
48
7
19
20
25
5534
50
33
37
33
5
11
7
1168
30
475
15
4
21
98
102
45
63
13
6
39
586
2
8
9
240
11
75
9
82
117
335
120
43
28
1484
4
1118
9
240
8
10
45
40
8
55
1
36
170
439
66
2492
42
153
85
6
6
107
6
173
3
5
20
4
5
2
259
2
33
9
90
151
42
160
21
12
17
138
44
20
1518
1
111
4
1068
239
5
8
19
75
72
6
13
8
7
10
26
274
6
1
4
37
94
85
200
31
37
38
21
99
16
44
16
147
32
63
3
17
4
33
238
2
44
10
467
1
76
68
20
113
9
9
80
1
9
160
237
18
29
40
19
132
8
3
19
4
885
24
368
6
119
19
145
41
4
3
14
16
1
20
4
20
46
4
11
23
23
20
9
374
9
4
41
1
50
6
6
16
235
1
85
12
23
144
7
17
807
8
10
25
35
14
2
4
1255
2470
19
24
20
93
7
2
15
403
30
173
12
12
1
32
6
664
1
9
250
13
1
3
1
22
223
19
7
77
137
47
57
180
3
4
13
29
3
6
95
236
6
64
22
1433
56
26
1707
4
269
10
2
117
9
16
1
29
15
3
5
9
7
423
36
1
16
1771
29
17
47
104
12
18
1
10
8
203
68
167
141
74
1
231
12
6
24
9
1
20
9
120
226
23
25
1407
96
