207
211
222
262
232
214
486
4
217
2
125
10
122
163
211
194
117
178
256
218
112
101
122
79
91
172
172
216
202
187
125
492
123
179
636
76
131
348
408
156
245
1061
74
91
53
52
103
90
446
213
215
221
128
1
122
543
271
171
187
218
123
16
223
128
218
10
15
1639
167
90
218
22
91
247
162
186
11
240
34
197
127
34
52
20
153
161
95
281
6
216
122
731
218
145
209
91
199
9
36
90
146
210
371
90
217
123
76
124
149
234
217
530
491
187
28
744
216
10
65
99
183
96
5
218
233
186
244
185
90
238
218
65
125
90
105
186
230
137
181
91
210
391
118
121
127
79
121
