237
280
17
12704
34
248
363
30
35
27
2280
25
33
5
238
109
20
67
20
21
27
226
622
145
236
4
226
643
4
5
1
29
10
30
230
153
320
284
433
5
2975
376
258
2
300
122
347
153
273
214
335
4
155
1
20
167
59
42
154
233
50
153
65
1261
30
25
38
123
5
433
5
13
1303
231
24
470
182
17
8
2
151
176
101
17
512
3
228
122
284
15
5834
44
290
183
8
145
122
83
7
226
229
351
872
198
957
44
297
151
233
295
152
130
133
932
9
311
542
279
295
331
126
922
269
34
353
277
250
246
274
161
1312
440
117
170
302
226
237
301
393
276
228
226
251
352
137
257
397
302
72
115
41
222
577
294
267
218
122
290
248
226
150
89
215
195
326
128
82
236
39
163
127
798
452
375
141
5
160
119
49
1087
132
339
54
7
295
1583
1441
235
182
193
8
42
126
152
53
120
145
243
235
360
79
5
271
211
197
190
101
1
326
262
253
278
31
47
1068
600
194
71
689
58
64
1
511
104
386
624
281
1
756
45
220
348
230
189
33
312
155
98
6
251
126
271
397
93
240
18
246
6
278
18
218
13
15
3
1143
273
91
954
40
14
299
161
11
7
53
214
388
120
51
1
8
251
221
310
40
253
391
284
304
288
57
35
231
16
582
8
132
564
108
7
135
219
151
42
21
118
155
121
330
274
16
612
228
24
259
8
76
1
10
47
180
562
305
3
84
744
28
382
239
67
298
3
413
150
166
29
117
147
283
44
191
275
4
221
181
309
134
136
394
221
191
1
13
92
133
234
123
280
344
231
232
1
34
304
370
290
234
107
675
224
225
6
7
63
152
156
77
285
12
541
234
901
118
33
205
156
85
1
280
226
251
342
90
294
31
19
148
277
34
261
158
151
16
39
134
277
196
277
1
241
24
329
156
123
251
128
33
239
6
90
279
242
71
31
509
382
134
1
175
126
339
307
112
177
11
378
59
25
84
267
155
271
279
338
277
7
308
285
442
4
246
2
187
245
225
583
274
602
238
339
481
3
385
144
278
122
123
887
575
237
272
403
1
270
282
156
166
114
15
276
155
244
477
234
247
357
359
303
232
3
244
332
161
296
368
