416
270
140
56
903
179
7
11
87
651
156
11
88
9
1239
247
33
49
287
57
37
30
145
129
373
140
1047
80
660
36
51
129
14
322
334
76
341
2284
38
285
4
158
366
168
77
153
328
971
459
1
17
216
8
44
205
631
27
137
155
122
26
513
798
100
717
154
151
1001
507
33
352
419
211
169
36
156
155
341
291
65
52
222
33
1
466
223
47
400
378
63
55
884
636
1420
231
83
1655
99
221
657
962
135
402
76
648
399
281
586
86
84
248
714
439
52
142
416
1917
1976
2737
386
413
222
313
126
389
1856
418
231
296
1169
112
87
133
104
599
919
594
115
189
279
231
176
111
2039
93
397
212
2320
414
549
109
2167
251
3995
83
94
112
1116
1092
919
71
33
57
350
1912
34
649
251
777
49
465
127
138
619
129
18
778
73
529
344
485
81
45
557
137
883
133
173
34
176
212
64
535
275
440
80
1002
1600
203
143
357
683
778
665
116
876
391
41
18
37
98
788
151
496
143
1660
240
206
126
487
145
3
242
196
228
728
96
464
5
28
3
153
54
192
278
1437
75
426
327
641
3058
180
377
91
325
264
205
352
15
48
92
66
137
116
303
220
55
296
72
120
101
200
669
54
582
124
235
252
436
50
260
213
157
175
532
148
375
155
553
79
470
420
484
324
426
522
82
101
30
88
88
313
146
124
1549
75
187
246
268
610
607
186
1169
345
181
1229
370
199
1758
142
42
82
51
100
136
230
164
296
74
241
98
98
996
416
194
365
721
155
207
286
179
161
737
459
158
321
121
385
815
204
331
259
117
475
98
291
7492
125
1424
132
222
151
36
307
546
45
1148
549
742
1249
234
282
862
12
10
292
255
112
671
348
1
1620
2250
234
183
167
1735
19
2741
60
142
466
42
141
881
22
166
135
172
16
109
434
524
291
675
391
492
18
148
1
120
59
635
1293
56
3041
256
69
43
419
192
268
1203
945
993
127
118
222
68
195
100
683
131
269
141
85
762
156
227
242
113
184
354
225
110
321
151
56
129
3322
289
182
68
772
254
781
326
148
157
634
206
268
422
561
224
618
236
504
678
431
131
507
152
246
271
344
123
4
169
71
218
53
760
144
120
186
85
92
196
668
75
420
361
663
55
72
652
825
483
384
168
126
315
947
260
121
153
1088
669
219
645
126
536
362
25
213
264
891
1539
135
256
284
21
100
133
30
449
393
1020
124
13
253
501
83
354
381
159
146
409
611
213
236
48
192
120
147
47
1536
121
107
349
421
226
54
182
86
121
210
574
183
30
250
383
2030
359
520
1
258
368
64
2034
134
111
246
222
153
2730
322
663
143
270
285
611
384
435
106
950
776
154
102
133
138
652
53
87
104
362
41
314
31
108
1101
3133
121
178
256
50
51
41
245
259
78
185
5
44
109
195
1329
135
811
74
1185
960
182
134
42
63
94
237
134
7
142
25
262
716
66
733
271
373
78
606
160
35
219
305
420
458
1192
329
550
185
79
257
73
557
266
452
54
558
98
3009
723
260
830
82
322
29
230
180
469
264
465
496
266
258
213
80
206
510
538
508
136
27
698
487
68
762
99
44
77
136
250
94
99
453
810
97
76
67
373
165
116
127
1775
45
272
313
568
213
156
40
637
195
120
226
347
862
34
1650
128
181
89
162
673
809
186
135
6404
175
2
728
74
910
674
51
179
285
703
87
34
190
61
165
365
316
266
253
64
487
373
2887
274
112
329
272
382
205
224
107
226
57
833
96
105
209
5
212
35
34
575
155
1041
141
249
1364
891
892
35
84
200
4354
297
193
356
213
459
12
362
479
84
795
738
495
149
1506
127
1715
35
138
75
108
418
1155
108
474
225
207
118
47
343
519
712
984
987
50
71
226
439
164
233
9
105
1165
170
375
679
150
86
785
955
641
79
85
252
308
72
901
287
865
191
20
148
83
62
63
1
98
443
99
541
1
311
331
398
729
899
156
928
128
144
192
490
305
253
202
190
2
98
38
768
4
345
57
83
81
112
231
134
256
163
25
25
527
241
263
353
650
107
58
582
605
500
244
249
381
4
299
512
269
197
970
709
118
1001
1002
41
468
90
154
232
75
258
539
233
64
366
199
516
906
13
145
313
814
73
728
134
296
449
322
147
98
348
844
551
105
99
250
46
736
486
3445
681
1212
106
1009
70
423
51
788
1075
87
488
291
234
206
110
111
60
9
131
525
100
331
787
120
545
57
226
454
289
67
131
390
25
863
260
761
121
1157
91
355
345
485
461
77
112
181
227
664
487
56
447
3
551
652
548
3
3
1105
584
195
176
225
727
228
988
396
260
65
195
175
55
292
238
1646
149
103
367
311
84
12
146
235
880
240
161
1347
104
99
291
431
656
324
514
525
263
61
1295
57
61
51
1331
85
6
45
236
504
273
1069
1004
254
490
985
36
225
264
11
208
127
183
121
140
71
4
297
1
192
206
93
756
38
119
72
460
170
184
10
237
96
308
46
111
222
106
69
283
4024
6
42
1625
637
993
1119
84
632
220
318
107
82
214
41
253
453
632
55
8
164
176
774
132
464
1263
355
1123
217
1006
613
85
2213
1411
572
115
215
305
683
216
146
355
156
286
58
49
794
346
127
79
61
49
182
362
237
135
68
74
144
159
335
2522
88
956
190
989
524
126
123
510
363
212
137
90
218
435
363
190
98
1151
77
630
385
143
535
945
190
312
200
488
62
676
434
285
76
811
91
176
552
129
353
158
86
141
1
41
970
395
73
68
563
1528
5
107
168
324
203
31
427
384
27
68
44
180
61
224
85
453
118
170
1258
116
351
49
93
259
573
831
54
65
783
233
109
446
16
1797
722
926
577
154
391
1433
41
777
323
135
526
113
448
83
50
160
304
847
277
1157
613
828
151
641
303
106
341
66
170
535
328
116
197
148
65
160
436
569
24
1855
266
82
306
473
1251
230
595
275
277
436
588
188
463
104
2723
75
276
1436
203
517
501
92
180
55
117
38
92
154
570
520
39
660
26
418
335
368
49
322
464
120
257
193
272
325
233
292
601
116
379
94
231
77
1163
163
129
613
214
986
977
285
213
321
780
96
1861
421
316
353
158
205
404
73
1462
90
397
56
83
492
93
143
221
596
201
236
594
166
849
278
327
111
196
325
94
303
1213
59
1351
130
1414
281
336
335
258
1477
1129
275
51
119
144
98
165
181
306
773
439
21
330
658
400
155
124
173
151
385
133
214
1039
310
57
236
22
581
877
287
347
182
370
276
770
164
1264
100
354
96
124
181
137
139
153
383
1070
202
897
427
872
234
124
1199
35
253
164
311
71
437
413
49
464
393
150
167
703
129
91
304
91
2201
362
3014
329
220
740
21
139
590
193
229
149
86
632
524
164
194
78
549
650
227
314
336
160
111
106
1997
798
55
842
100
627
81
139
305
59
106
112
445
120
329
99
142
442
1026
565
112
494
116
307
83
114
88
82
492
262
97
102
123
220
52
2967
745
279
942
365
220
70
53
228
6
839
94
122
262
627
177
192
70
341
461
2
613
34
179
795
1835
965
80
14
145
426
218
107
390
613
72
279
73
109
243
70
738
2246
48
332
155
45
368
405
368
220
632
45
844
62
1166
50
109
704
1064
1989
234
183
189
108
559
307
318
2
34
81
658
275
619
120
33
85
84
1930
104
141
1
408
133
80
37
113
636
310
20
99
88
83
139
445
119
125
145
110
907
91
101
113
199
150
348
137
133
385
48
633
638
106
254
123
263
563
29
521
132
151
516
2618
91
356
23
225
78
721
831
365
188
31
153
239
234
683
605
227
84
121
189
330
440
462
313
576
837
479
314
384
106
230
789
347
925
50
845
1818
1701
54
493
80
62
720
576
467
1017
275
385
37
150
21
36
15
30
115
119
115
510
1261
286
76
953
186
204
384
61
11
445
740
251
532
345
428
70
274
985
59
360
31
1010
751
93
128
496
1091
328
58
62
103
466
160
1109
221
2454
125
381
1380
42
311
313
168
179
803
1023
196
479
388
69
258
86
531
22
57
104
268
593
134
965
473
594
452
622
298
1387
136
210
672
1423
523
71
1453
88
801
53
410
339
225
61
44
1055
267
427
271
470
177
1152
59
65
496
98
323
124
389
35
2569
1335
41
193
1293
41
193
538
808
316
300
19
208
57
349
462
461
77
309
467
1072
1002
207
332
63
546
102
138
449
205
142
5
795
71
930
563
2
485
42
314
161
98
585
199
260
315
1485
193
381
122
41
200
577
74
30
68
707
160
710
187
345
333
79
78
301
409
59
428
222
539
102
102
276
72
476
298
71
143
161
26
880
379
115
397
91
93
115
292
391
988
557
204
169
423
201
216
112
244
330
45
236
278
71
281
373
39
287
241
68
572
186
392
288
176
4
233
43
206
279
58
710
161
122
169
527
351
414
510
730
98
341
57
197
86
411
634
562
398
1412
457
186
642
846
342
381
139
201
117
209
671
110
342
1151
937
15
87
1167
157
389
159
427
192
190
64
267
329
1316
196
478
30
510
59
128
422
172
84
1264
3081
241
33
253
297
25
178
211
61
229
416
550
429
1598
63
838
513
341
110
244
206
149
352
64
57
638
177
775
657
263
129
255
891
87
53
204
58
97
672
366
66
252
237
446
39
98
92
648
414
314
54
303
271
518
133
322
556
373
401
159
385
351
224
403
38
466
153
111
62
40
264
170
748
423
893
933
667
334
1230
281
890
1555
811
90
170
184
237
70
225
1589
183
429
639
475
1564
330
365
316
275
264
847
107
1108
842
38
86
45
71
292
388
727
470
7
201
1463
192
697
345
171
472
36
1720
69
2306
90
188
295
121
430
480
130
133
121
447
199
14
431
11
156
1138
894
743
1196
431
728
146
229
343
178
168
154
980
232
437
613
44
474
555
285
227
592
970
633
131
22
887
692
250
874
217
717
1138
283
280
64
271
19
70
790
65
216
322
394
380
430
377
281
2
284
119
3
218
43
1098
90
3
195
23
526
485
294
113
142
132
378
290
163
815
361
135
219
2707
1437
435
1
878
90
41
142
68
524
115
106
302
277
294
1451
11
1324
129
120
2203
487
452
286
227
1216
71
210
1787
121
638
72
426
86
293
740
8
337
190
303
47
507
1405
172
204
245
873
53
775
142
767
459
140
572
646
500
154
18
239
281
1169
90
88
89
522
108
59
55
103
666
100
371
342
1544
81
201
203
1383
345
301
135
847
173
148
78
651
445
517
162
161
243
257
488
152
86
476
290
100
44
1372
262
477
218
874
103
172
295
806
115
662
1
76
46
341
494
59
4
194
798
1000
67
485
89
101
358
50
601
354
428
245
153
178
352
112
984
11
256
1327
5
365
836
1234
582
50
308
219
67
34
1045
147
860
310
458
396
400
91
159
103
256
90
286
68
1232
249
161
404
110
259
166
59
305
370
564
128
184
375
557
120
246
40
464
574
97
58
7
35
94
32
45
1213
22
584
291
92
229
189
793
47
970
9
122
233
100
124
2519
230
63
68
146
37
498
164
134
211
642
53
63
84
474
138
644
118
1224
89
252
683
214
1003
620
295
113
2155
142
461
73
187
64
545
108
1219
814
357
77
87
180
337
129
135
252
49
1068
276
513
170
839
2
54
566
454
92
893
1496
61
13
93
130
772
250
12
237
127
89
375
35
122
262
356
55
453
87
681
72
485
624
39
73
109
157
1736
90
144
159
201
1
75
149
114
28
122
102
122
145
168
139
120
710
209
11
587
464
72
139
100
393
90
83
249
10
316
361
643
200
173
180
89
58
2434
118
297
176
124
335
677
102
453
229
32
59
846
237
296
32
1207
346
210
37
168
159
165
1213
114
234
58
294
1698
323
358
260
455
261
384
18
146
541
204
325
45
384
132
453
547
18
467
403
208
1312
392
191
425
215
76
563
150
195
110
364
56
55
698
149
501
536
1025
54
1
10
1275
300
266
61
158
219
11
137
650
816
88
215
59
399
14
488
1046
419
1694
155
3025
921
1414
392
558
222
1140
13
75
855
1000
19
1683
499
1317
214
244
181
291
573
131
1580
439
98
64
177
113
234
40
113
95
159
245
377
284
91
131
103
111
417
296
274
34
130
101
108
88
114
34
60
170
530
478
214
2374
1466
221
193
203
418
769
108
63
8
240
154
60
221
167
461
521
432
351
108
232
192
109
353
84
1728
414
20
94
204
350
7
129
118
26
185
126
291
144
709
776
9
125
38
4
226
99
24
74
325
98
521
52
57
142
893
166
99
23
122
87
327
127
243
68
267
480
220
122
116
254
9
288
855
46
13
89
465
489
46
366
1274
1117
368
103
262
245
607
345
46
1204
243
1200
339
14
114
435
807
128
103
94
452
639
142
59
2382
592
59
66
146
659
56
3
20
615
153
23
627
259
20
281
511
857
224
212
343
417
50
1
747
145
216
222
103
61
79
659
367
49
684
55
575
178
91
63
147
142
527
1397
1370
33
107
30
448
11
106
58
640
566
1107
292
90
99
380
195
446
245
106
840
82
116
720
144
332
150
200
41
89
41
188
267
225
113
80
22
16
61
231
147
524
132
93
222
484
10
1715
358
344
165
80
19
429
203
25
1041
581
377
57
514
473
390
83
58
126
145
29
347
96
107
408
2942
152
170
243
210
31
212
528
291
38
124
480
290
776
4
274
708
16
113
28
1257
381
327
85
46
838
99
49
471
131
293
270
159
469
332
44
289
471
308
360
129
22
505
513
173
92
104
3
905
135
549
223
157
558
849
65
77
890
528
363
12
36
46
112
35
208
62
37
2678
485
188
475
176
1004
1422
250
625
163
883
169
141
61
60
44
1227
52
81
51
86
7
40
278
306
96
245
61
292
1
90
66
91
98
142
575
484
119
236
99
298
117
211
59
90
706
349
84
243
431
63
46
574
376
211
79
58
52
108
27
257
1
150
83
229
515
239
110
133
118
55
456
329
182
253
656
776
444
64
313
123
182
131
718
886
240
825
538
80
492
314
27
534
168
336
104
55
793
357
1484
675
319
463
681
755
90
123
1064
1427
724
327
1354
217
119
121
58
497
139
81
60
81
1235
261
298
126
823
539
152
175
2462
68
513
355
127
133
50
30
493
551
45
496
466
378
247
438
515
188
556
87
410
225
343
52
470
714
35
1400
81
670
73
72
37
397
106
56
543
415
461
26
1881
534
406
303
561
2874
800
876
980
1377
349
1445
1816
22
554
144
94
408
39
223
75
150
45
145
117
260
131
83
634
106
180
197
637
370
74
171
582
88
116
389
754
223
33
68
677
843
1164
556
179
416
99
275
71
752
3225
329
111
93
1090
405
468
90
50
1703
142
47
242
6
318
90
20
457
85
105
230
95
307
143
287
306
204
748
46
261
43
50
349
142
574
136
205
28
116
219
106
442
84
128
361
300
234
399
59
131
513
126
281
179
88
424
153
48
153
113
240
465
662
305
1016
69
126
218
17
49
517
44
1038
305
67
344
739
48
2479
613
160
242
144
150
921
522
113
1127
310
420
745
141
321
2399
48
410
351
221
2250
39
502
653
74
142
566
67
109
339
600
119
26
165
654
1062
99
570
248
57
364
910
254
555
344
52
622
13
202
105
407
133
331
129
522
359
457
701
352
242
38
539
63
298
21
69
108
202
385
91
57
152
194
166
759
84
101
308
219
197
340
1299
1093
60
241
997
235
106
470
124
23
1035
119
2279
344
324
113
271
184
3
61
122
104
67
117
153
232
227
199
1042
336
10
102
243
445
252
481
261
724
105
54
239
268
198
547
905
12
487
87
213
30
439
25
198
485
422
43
70
190
75
383
271
72
48
1257
106
107
542
757
45
410
157
227
578
355
384
1368
92
50
243
341
936
72
104
837
123
154
24
1752
552
45
320
804
96
2
69
71
214
570
179
452
288
79
170
36
2012
480
520
177
183
57
776
23
413
180
388
237
102
54
281
54
525
124
190
88
878
508
393
365
351
65
52
192
74
113
37
873
861
110
362
493
397
162
455
117
110
376
376
43
68
137
53
933
184
681
328
243
353
41
42
1142
271
155
474
516
114
265
301
827
88
80
49
602
37
166
55
49
54
428
584
92
789
374
667
212
282
673
70
353
394
588
382
710
48
256
609
344
381
550
299
35
719
43
204
266
102
1543
376
353
184
329
52
390
431
317
306
129
491
92
657
167
98
295
222
521
83
170
1211
1379
741
124
47
326
298
261
163
81
541
69
532
495
1084
361
1299
554
124
208
133
101
220
99
989
69
511
37
39
566
520
920
154
131
101
276
99
136
890
174
177
1
61
25
85
159
157
229
310
38
160
58
120
819
510
377
619
81
543
242
1
202
115
13
212
4
54
332
157
72
535
229
242
158
2266
1266
3605
1136
70
41
75
108
76
345
400
86
96
76
477
762
552
110
879
1237
240
284
627
237
736
1039
479
154
99
177
156
12
152
31
444
605
119
1394
245
2235
93
332
153
54
130
81
550
503
308
506
488
233
867
1615
244
6
51
199
165
85
73
852
538
731
516
216
61
21
1484
86
34
183
365
240
293
160
1407
1162
202
977
185
1153
828
180
225
2675
389
145
443
574
932
126
570
123
182
507
317
55
160
57
168
119
681
236
86
306
91
162
1043
12
665
558
93
44
19
705
213
22
345
196
784
564
97
124
282
1267
203
429
937
77
3553
140
118
275
204
274
330
683
87
397
26
177
164
360
171
633
95
35
263
112
301
197
94
15
1769
472
159
67
426
71
1347
130
1563
715
318
11
269
25
299
147
53
98
209
38
32
576
823
234
243
85
205
889
165
189
464
75
395
370
468
556
992
454
812
204
179
336
197
877
167
99
383
158
172
154
169
533
30
183
266
190
202
140
32
44
26
198
171
106
37
114
91
69
37
262
11
484
287
571
218
504
630
846
160
112
151
541
626
428
68
166
59
70
353
53
347
296
287
192
552
124
34
2416
7
87
1501
558
90
64
2
4
48
96
751
86
172
140
148
431
348
280
115
138
735
850
124
306
108
716
358
109
525
173
117
422
395
88
1235
743
346
1210
250
89
256
166
752
25
71
284
133
218
141
57
87
130
159
104
235
137
688
431
162
533
920
753
441
361
61
515
791
33
244
348
98
601
455
75
234
652
268
6
58
550
37
166
35
520
353
219
218
88
1688
461
73
352
187
570
458
65
708
35
41
106
23
566
371
55
57
131
672
106
216
355
407
215
147
5
53
81
100
416
242
462
284
455
105
240
13
38
160
73
28
754
382
10
687
478
250
53
456
153
158
103
217
474
1345
207
166
17
1809
409
18
1615
175
258
160
873
168
176
173
255
80
273
343
85
623
222
13
561
834
232
1359
128
702
380
235
70
51
147
89
72
422
328
1
170
93
67
229
20
589
86
367
357
13
607
270
27
245
1374
704
525
278
60
480
123
40
52
158
250
489
396
474
50
230
190
873
641
73
583
328
326
643
111
66
133
183
87
2
262
221
183
711
97
68
1060
565
220
87
141
172
73
807
31
305
1245
891
438
48
231
285
731
347
608
525
279
39
1518
1152
85
72
45
235
469
276
52
33
220
728
87
878
116
224
144
81
615
153
64
80
329
26
329
148
26
84
203
236
206
68
654
315
957
256
20
1
104
190
275
412
530
462
301
98
17
1244
139
438
340
62
173
231
382
11
111
178
1432
289
63
239
161
279
51
329
327
507
53
39
46
999
1252
59
168
214
498
63
40
252
58
123
468
382
412
797
3524
30
945
568
114
469
406
180
752
178
445
30
1183
249
197
397
287
200
495
116
426
435
183
810
518
220
9
80
48
633
80
87
426
314
142
207
73
107
194
508
336
341
506
192
49
1111
729
593
275
97
41
83
137
1084
147
451
216
139
87
103
111
63
153
163
153
332
111
636
44
687
911
602
452
343
254
376
595
80
322
544
190
123
93
569
320
366
65
37
608
134
108
78
922
250
77
1209
341
114
73
89
229
162
83
186
727
123
467
171
469
1991
107
625
668
267
28
325
134
431
172
379
331
197
429
218
207
137
34
204
374
134
118
52
94
52
281
161
276
110
197
162
1709
757
521
191
745
48
1180
719
1268
292
330
22
467
154
39
275
375
128
502
87
114
701
138
504
697
1265
258
194
333
426
346
11
74
95
499
528
808
125
290
317
65
2165
219
10
506
1742
133
35
185
438
198
82
209
92
382
372
135
120
826
90
72
552
123
70
1
208
74
26
60
347
175
66
144
994
67
776
451
158
31
171
221
247
23
52
1087
145
951
726
534
1222
475
20
257
461
1722
1642
18
212
78
349
39
91
140
135
2
247
117
312
128
600
447
557
202
186
1317
87
604
333
216
174
342
517
1092
483
990
433
4
317
38
143
1118
296
1036
584
87
379
68
106
185
90
788
59
77
118
886
12
542
240
39
695
130
937
907
426
103
26
429
328
588
102
244
366
506
248
380
279
186
804
941
105
158
1419
81
191
82
123
332
89
384
1463
704
99
388
2920
6
180
1015
65
59
885
46
69
290
1
92
754
137
3200
439
272
102
73
627
426
88
560
467
68
503
36
101
130
177
2180
599
103
55
59
36
67
190
106
499
143
408
187
95
268
380
175
314
330
562
73
153
263
42
191
276
147
190
140
1582
139
2037
114
28
32
151
320
460
322
172
98
391
458
2075
263
75
327
269
582
145
395
292
247
1913
214
72
67
417
399
69
137
375
480
614
1560
164
80
667
292
9799
130
84
204
60
173
4
735
168
528
192
122
63
88
401
208
229
269
1004
128
634
436
582
752
218
270
95
44
103
394
103
16
164
79
541
183
23
295
73
1509
819
16
13
2027
100
107
110
232
650
271
70
372
451
1192
19
89
27
231
103
444
725
85
166
222
1432
395
67
64
397
305
225
430
143
104
59
67
171
66
439
66
89
133
28
599
62
12
384
111
343
55
237
22
184
97
375
115
168
239
456
91
202
187
225
195
152
181
400
313
922
427
548
52
54
2
579
276
94
189
1472
83
620
1578
471
98
395
711
76
305
34
754
56
82
67
80
70
994
21
806
179
24
195
133
363
71
207
761
30
1255
174
222
100
190
325
92
810
103
199
783
241
195
47
106
491
39
527
150
755
507
104
156
562
389
527
1065
296
241
1029
452
765
381
1108
35
120
341
14
179
703
205
114
63
426
96
344
114
297
873
89
270
116
112
236
899
607
44
128
163
141
129
266
296
394
234
465
231
498
920
499
78
1
351
523
277
433
290
836
1514
223
179
28
43
260
50
408
441
201
237
455
3
438
219
52
1014
224
94
83
183
209
254
258
17
88
7341
179
92
88
100
87
98
447
264
294
107
134
341
168
155
326
548
163
37
161
350
64
280
134
226
986
237
268
126
442
603
745
666
525
148
429
342
244
228
1023
353
52
130
46
84
79
405
115
1441
488
82
415
117
290
429
780
530
116
48
863
98
114
173
138
95
715
67
334
146
245
176
417
201
931
598
146
193
235
196
707
393
39
12
280
106
310
153
42
238
22
95
97
1071
185
99
18
319
192
49
499
617
892
896
558
200
13
368
78
564
92
439
85
262
1473
106
130
8
159
140
4
64
3718
280
193
159
125
1100
760
2309
389
363
636
55
155
158
427
61
62
956
1224
300
937
165
236
269
221
587
57
62
40
19
38
159
449
377
142
124
318
228
1
74
215
