104
353
54
61
238
14
61
3
86
921
7
18
14
32
108
361
199
13
11
251
82
79
69
62
1046
36
73
34
248
50
28
653
1017
968
615
763
7
54
274
20
187
47
287
40
445
196
172
662
149
322
166
114
210
159
241
947
57
2451
62
2137
402
273
30
121
19
63
206
76
251
20
496
238
67
1020
480
40
6
1515
325
56
26
83
13
20
35
480
57
51
313
3490
16
96
67
230
512
214
66
70
107
215
53
40
43
28
119
5
129
252
491
393
426
25
163
6
99
109
144
175
32
328
13
874
19
122
8
138
17
476
3
323
112
16
874
22
147
773
66
142
65
115
103
204
93
1236
838
82
260
348
112
496
3273
194
222
24
131
182
187
32
4
182
55
32
1040
274
497
368
6
1489
17
94
506
68
59
113
14
653
158
1157
122
119
30
376
25
24
82
163
37
34
415
71
16
101
41
574
130
279
50
9
178
19
275
574
18
414
703
458
314
94
73
151
2160
126
1202
2420
1871
14
6
96
321
44
967
158
63
63
180
