332
2033
17
55
4807
278
1355
616
3470
525
148
110
3935
390
60
21
1
86
26
121
325
25
3212
1
1920
4560
1881
68
2201
431
3413
5
32660
90
22
105
6
19
3296
309
876
1311
1557
74
5
29
45
579
19
202
6
152
3
834
1
237
5272
1169
1008
6
56
509
1
4543
13
961
2873
3675
387
12892
1366
116
242
555
92
10765
6736
5855
1662
76
3731
1
574
30
6
3283
396
1245
102
577
55
22
640
132
192
29
4
2711
2340
999
2329
9
701
4547
45
176
6894
35
13040
4650
1595
19
321
8
1039
877
85
281
346
1002
3042
8657
1440
110
1260
201
2
7437
105
1
549
3598
8
8490
154
13
4
2601
3
3372
4131
2465
8215
105
3721
4100
2
6312
64
1930
580
3709
87
133
488
1
155
1511
1958
5726
16
2249
839
55
1
3812
1741
854
2419
7155
40
88
113
3172
4800
60
5280
14597
1767
2988
1762
5
3885
3882
2290
1519
487
433
8772
8768
20
12670
7366
674
3128
2269
878
44
2980
2030
8475
707
4212
1997
59
149
148
17
381
2267
2272
87
4440
2279
4470
40
388
89
2388
730
17
55
1208
1064
523
8851
3089
269
123
2
6229
3617
3369
2455
3468
280
30
193
4014
3347
177
1
6
110
1011
77
25
52
1413
707
6975
23
2151
15
3809
294
1690
1130
6367
390
175
3641
55
16592
3069
42
8143
3515
2104
336
171
2273
752
13157
1
152
14575
6460
452
324
24
2130
20
77
2557
35
68
88
568
14734
1592
6424
2119
105
118
115
670
308
97
210
5259
517
17
135
89
253
862
7719
139
322
268
948
306
1786
2363
165
327
77
8650
2939
161
2544
25
1930
597
491
1244
114
872
750
64
1
5005
22
269
868
4585
817
5296
6631
471
3059
9486
153
2849
2734
143
4593
6
41
130
3655
1
1173
465
91
302
2289
5447
1366
3565
166
592
3130
548
41
9894
5216
44
103
834
289
639
3598
3065
353
6
7854
4667
3514
5267
1022
4269
1295
271
326
6449
5490
4811
439
1512
253
539
3871
876
18
172
3432
121
38
7867
220
3551
9770
1
665
3125
87
4
687
5047
52
3386
2918
5701
41
158
1146
196
784
363
5252
771
765
9209
6963
3927
1459
2607
999
31
65
4238
3494
351
2846
2525
518
1223
1312
7443
11972
59
2511
20328
988
2
496
4995
114
16782
1466
4255
23
5222
155
1205
4085
269
76
3244
17
160
69
5557
265
202
636
2349
49
398
41
15
10274
11
1
9112
3
764
1762
10817
70
2646
375
342
1203
1041
7
5355
1078
4312
1599
4278
122
1315
1061
11
47
16
25
71
222
606
319
11172
33
481
245
2231
43
47
3305
1763
1241
3104
71
4528
7227
40
5981
6225
659
899
897
382
2069
22
4240
132
288
5475
4436
380
169
261
5094
214
4182
1723
6450
5189
2436
592
5679
55
594
92
1224
9917
921
1555
450
93
7153
5572
1188
492
313
3214
236
278
187
695
220
2673
689
808
692
687
128
55
288
26
392
2950
95
1844
11004
9587
1108
12
5452
913
3274
5633
101
3509
1774
162
43
13211
234
1
34
3854
947
51
949
4889
6357
3028
519
429
3878
41
784
1458
556
67
232
10258
196
246
3468
114
3206
7
5143
6562
6809
441
1433
42
3
335
12
4395
236
2095
747
26
7075
377
49
19880
3597
159
31
1349
545
634
87
422
447
38
5309
6923
2684
409
55
3457
20703
1759
1081
55
310
532
1557
378
10078
112
8
60
781
4885
3536
532
1140
397
388
329
3453
721
2701
235
5287
5837
43
6682
93
9473
431
395
1205
287
1
60
5347
984
217
14
3554
1046
26
801
446
6120
136
1688
820
1708
5381
283
9
485
893
2292
9
6847
107
29
1507
165
5
43
2066
25
118
518
996
3238
6078
158
3394
3638
12432
1428
303
448
208
3119
26
17
27
394
11
25977
144
88
832
18
30
322
243
400
1055
2710
2212
2156
316
2602
39
4083
8496
19
1776
204
1
359
20
120
747
60
44
196
324
17
95
125
587
2228
76
24
3595
1601
117
20
52
10
3937
6
4711
1144
160
92
13
2212
13921
95
149
2910
4252
217
119
1783
14117
92
685
14
381
9
277
65
3538
63
235
8108
563
1344
178
143
71
7
960
3852
74
860
233
3752
2630
808
39
111
127
327
36
46
3161
1882
1243
996
5289
1
111
3098
2003
37
2
47
11
86
826
434
110
581
354
9
14
216
3802
4774
2333
19996
107
159
995
30
179
2658
586
4594
814
373
299
95
391
2
1323
1009
613
343
4173
11
54
458
18
2
12295
403
3384
9225
5044
8945
4668
1484
2266
25
342
8769
1145
7489
7085
3953
5
129
281
226
13
307
16459
240
4446
2565
60
3755
3287
139
2605
1491
7
20
80
68
3031
1610
6551
2050
211
512
1752
2069
2672
2970
1718
11
751
1206
1
1883
372
80
488
1367
9119
1698
39
265
236
374
6353
5
163
653
1356
179
956
1644
4328
405
69
3715
69
4
14299
1719
95
4426
48
696
49
279
441
4308
4202
12618
3428
9498
890
612
5536
373
96
5407
5124
5186
2323
1266
4305
1059
10642
1993
1948
488
42
4045
111
1663
2826
11274
1799
3685
3970
39
4862
427
59
1122
72
273
3198
121
1480
17
2831
120
113
1347
3009
63
2716
3785
3065
169
27
23
34
515
4418
118
42
1760
8392
556
15728
8556
531
555
537
1761
162
283
3543
11
206
102
6684
52
2659
68
734
60
1308
455
8936
208
5695
461
1463
592
7170
14213
28
268
7566
983
2348
92
394
1453
7626
1581
389
1194
1
119
323
629
55
19
5059
3431
4131
1
88
5410
1514
624
14008
24
22
71
8567
50
1736
6
4288
17425
3854
44
23378
252
311
1749
3
4
137
107
9488
259
224
1616
157
189
44
634
8638
913
57
244
26
1517
57
756
114
13143
912
1349
11236
2014
2763
8360
3647
226
12
301
176
1415
2504
3065
28
7365
2304
29
6482
41
1359
461
1768
2374
4075
128
84
7834
3452
475
8235
812
3903
13
3208
703
56
81
182
13504
75
409
5415
286
2474
4711
6232
485
8707
2446
503
41
2150
774
8589
154
1381
71
7557
5902
154
28
1
109
174
6975
2563
4349
4409
16475
807
13448
1898
7037
70
4112
760
122
180
85
555
53
1335
3822
68
62
867
404
1439
806
619
173
6788
4231
240
3028
5659
775
1846
94
620
196
3831
790
953
8785
68
406
1373
491
104
17987
429
1234
1055
1816
4
996
37
2506
960
590
69
5322
2238
1945
1332
17315
196
8146
786
127
54
148
156
359
1998
964
219
38
10
2699
5013
8083
3261
78
17
2562
6771
2370
3376
11
2911
62
74
113
2368
3293
112
4026
9
169
1575
546
2400
29
15
834
4210
206
6
333
5228
63
73
898
36
94
105
1
47
96
113
13238
355
272
5063
5677
35
446
6191
894
5219
284
188
87
52
1801
66
2141
381
382
1
14
21
505
8218
977
7558
29
1404
121
149
876
274
3208
20105
37
1479
17
11
2247
369
111
509
3428
85
2077
26196
6698
1513
2856
79
1002
2023
1719
732
194
810
788
8066
311
16
5600
204
394
8405
252
79
2632
379
180
13488
3681
502
3169
639
94
1149
260
2372
1433
444
53
6515
5379
19
3228
4700
125
3039
4834
321
5987
7066
11897
32
1064
5833
1986
972
335
6300
725
2336
40
67
3999
5012
78
15
40
13168
22
3171
1803
2975
1988
130
3503
185
112
230
41
4328
4059
419
815
1732
1181
1006
96
6790
937
3766
864
31
782
63
646
3544
1668
4634
85
50
1413
4383
4363
208
60
2346
13
321
72
1021
1079
531
6090
23
33
255
2385
7
1852
542
4257
15
6820
2537
8159
1706
9358
5253
4624
54
645
549
2542
2329
8368
1156
3667
1360
2022
2398
943
2268
3685
5598
4414
268
336
46
2367
2250
53
927
1518
2549
1004
848
3523
2496
1797
1649
2971
310
15471
1280
27
254
32
4533
2612
76
2958
353
883
46
8647
153
542
1806
456
482
3311
7365
4553
2740
16
84
4856
102
11
166
1127
3447
4365
14
4285
1413
6692
51
2343
613
11455
87
8185
637
575
4735
8957
1985
341
1736
616
81
70
2958
400
384
276
5423
74
296
2641
13
1140
2658
6440
25
33
3781
7879
3769
6139
379
6139
8360
206
325
165
446
92
12
196
3776
3729
2658
1193
6739
1368
4114
527
5092
386
537
85
1166
15011
29
2801
219
11
1992
402
835
2474
180
1
275
322
9
8980
289
1203
10
108
126
215
8039
130
452
14
73
93
4150
348
321
12
34
2166
157
4244
406
5773
565
534
5382
3840
9768
64
691
297
3435
3340
998
11264
1443
2665
44
1583
7309
2130
1
7433
2230
254
5411
2826
79
4355
2447
7662
3
1574
517
1849
2947
62
720
3022
116
154
847
45
35
127
416
48
8412
2177
3230
3
109
549
6874
4664
32
10
8668
3197
743
70
627
47
1441
820
2271
1735
1746
57
232
165
36
5167
220
506
2885
2400
1672
83
19
1036
2427
647
4183
4212
1418
17
2794
3574
1670
142
3498
932
504
2200
4196
4848
7010
5131
1255
682
123
1422
32
854
255
116
6448
3896
8262
270
468
2208
584
1737
9287
231
104
323
4921
1276
6851
297
14
651
37
4044
5016
4862
1272
9778
317
1680
1
48
2117
2433
7161
81
3461
105
2362
7170
155
644
52
1806
534
520
813
7040
202
649
480
117
98
104
188
3307
949
311
2325
2394
974
358
4278
127
5926
441
861
272
5420
1813
7035
275
1
238
228
25
104
310
1
184
191
51
3039
8
5512
1500
14
19
99
777
275
477
2892
13
6888
10919
9811
1153
173
5866
987
21
8340
129
477
2596
6032
3266
564
122
42
957
125
849
863
699
4493
2648
3213
275
116
179
10
100
191
838
42
5
27
17577
97
71
75
211
6096
30
197
192
205
41
362
406
2259
1035
350
1965
287
273
93
107
742
1
4369
421
2255
1088
355
60
6014
68
33
604
460
7187
12308
4603
1865
24
2959
123
2651
356
2016
1235
234
839
10066
255
2481
910
14
166
2181
2529
1717
1457
374
41
558
215
976
6705
184
5529
4171
235
3352
205
528
24
5167
35
145
47
1091
51
72
494
255
18
2437
649
1698
4216
310
24
311
143
17801
249
1507
5596
92
34
116
345
21432
142
54
80
351
1668
79
914
182
3
64
28
1081
1
422
138
3628
592
2263
3637
64
2002
743
12
156
172
9331
853
2110
3112
2702
107
1617
2462
61
498
43
4486
374
40
1318
8909
7152
1602
3800
9293
163
10
70
317
61
224
3485
14219
204
4934
5
2489
4919
826
1888
1360
3644
91
45
1580
578
12
3996
325
211
4058
496
1734
4116
766
86
93
6001
99
125
276
3306
153
928
4556
2
485
924
285
43
160
553
4737
150
280
284
95
764
323
2035
268
3021
5490
2847
2171
201
4116
24
1937
355
46
266
356
203
1735
16
369
159
396
59
58
423
402
11333
202
1187
124
3028
34
549
2329
495
14
6165
257
2403
998
626
12336
215
652
1492
113
42
4425
857
240
78
293
304
2025
94
319
9
3
2184
6447
125
147
44
86
16
1
3
832
485
1272
1
375
24
254
466
855
180
33
1
361
157
605
693
69
63
404
3000
821
35
1666
145
5355
87
794
17
2862
638
908
1233
3742
4470
37
1070
2295
459
167
425
1313
517
66
261
4727
3879
1454
1147
882
2630
3154
2810
277
1076
1309
65
93
10
841
83
2978
1456
22
1206
162
121
182
2683
48
4793
267
4091
1019
1556
3620
607
1593
10225
44
3403
6670
30
501
9452
890
52
1992
10
14
77
27
796
15
5801
1
3156
201
6414
28
68
289
6604
4
71
85
1
6097
11523
65
2052
513
2160
218
35
242
21
18
7840
48
5
4623
4449
223
2932
6
704
3401
1777
123
164
15056
5272
21
5410
468
2527
290
632
850
15
5073
263
67
381
94
2039
2797
60
113
2367
526
54
1243
728
3899
2516
1771
66
1469
1051
118
1107
257
2585
1076
1526
1077
7
1483
7
324
2226
445
202
1704
526
5204
73
4620
73
438
543
10615
129
623
2003
1308
3746
681
7577
73
16164
160
148
158
393
114
2
3730
3864
330
119
12
14
22
288
7043
1665
4
142
31547
2899
593
190
5082
4884
968
116
510
6116
14
49
5240
96
49
200
24
1623
1171
154
69
2220
917
450
1629
1498
91
5137
443
8198
1015
870
24
4872
590
380
22
2160
9648
1
921
248
1233
2987
1817
24
1326
261
435
7631
24
39
663
7261
30
3455
1972
139
284
1083
273
158
490
190
17
685
9
3196
6877
131
4972
2439
259
105
537
113
2280
381
94
811
2771
5037
723
3293
293
934
11809
273
1411
145
94
550
140
259
3441
436
4295
2
9984
170
16560
2217
70
170
110
41
3973
99
2649
1700
385
11163
279
12
543
4959
70
12
37
315
66
3431
5044
262
4115
560
47913
705
23
1327
563
5919
2465
1430
2588
20
2427
23303
5525
387
4845
47
248
6043
6359
660
1178
258
12403
867
148
902
1558
13167
1136
588
3035
7642
2803
4765
1013
10
508
3976
29
2129
5817
134
188
3117
701
6865
414
4312
1734
1192
514
677
16
4761
441
88
3184
7734
29
585
784
630
856
418
74
37
428
103
4861
3879
2066
87
1071
10138
4180
480
60
932
4814
178
3751
166
7
249
3486
272
2145
1709
9
4
406
1666
1001
30
61
8
639
632
121
1003
7020
8993
836
3700
2
63
208
36
66
329
1
8833
1448
561
6080
3784
1126
697
4137
999
220
741
808
696
156
73
10426
162
3393
878
738
1588
2652
3691
991
157
5216
10081
143
3206
129
69
1013
11383
40
7727
247
19
3286
3698
2670
89
8051
38
6449
152
31
8133
42
2
822
56
3542
307
37
835
7105
2009
322
1757
2943
4013
84
155
34
441
305
4058
185
6
556
261
1992
336
26
2485
46
11280
490
221
2894
3056
141
1524
5374
8780
2622
759
776
903
4544
2561
305
3296
688
201
6611
3940
1964
129
281
477
4106
195
309
403
134
3278
82
267
1763
37
1037
1
348
1
1
1
12
257
2875
8142
1690
11
273
3118
8
5954
137
360
5421
4
2110
535
6249
65
158
1013
7152
21
1099
20
120
221
3357
310
143
3649
5677
271
3509
264
236
3170
129
613
719
31
570
781
1936
864
5343
183
5
56
2008
5817
376
2902
1261
2653
100
10
4725
29
2338
59
364
633
12897
15076
603
2430
19
282
1675
449
1686
148
3
237
37
6804
140
239
1097
1
133
4162
601
1348
7549
82
48
1000
7182
580
4527
2019
5306
115
65
622
3183
879
147
953
92
2722
129
319
1
2025
5118
5797
4777
355
33
10305
252
50
6839
2813
9
8258
2201
14
89
31
531
153
277
34
493
27
2674
236
8631
4574
231
6753
233
24
1110
500
52
12276
430
506
1194
1118
2019
111
7967
6356
67
886
391
7423
3298
1797
61
175
2397
3334
15
3840
5809
589
5789
217
1116
29
496
496
172
61
2574
7660
4461
3902
121
809
79
200
512
2984
6892
7977
2695
29
4
22
180
58
7840
4449
2467
51
929
2794
1148
924
4111
6190
6071
5240
9707
67
336
798
362
35
31
247
12
80
2370
626
2949
120
3098
1868
6896
7165
9017
1232
7117
12013
236
7771
6533
3863
3275
71
5785
247
2619
3169
2694
1819
2289
2560
3948
11958
708
2529
2959
45
174
1384
7480
544
23
423
451
1100
178
67
3
5921
116
859
4262
1423
64
2059
935
719
281
4789
1693
115
5077
2445
1421
2228
113
1257
3380
4787
13
67
108
29
224
156
5293
3177
17
230
250
75
49
2838
29
241
4539
348
3133
1063
412
9866
2559
3419
2127
2804
310
3242
42
452
313
4337
239
2629
1685
2866
4784
502
2783
4076
2165
2775
3801
35
28
699
389
125
285
13156
2545
1757
80
3407
5124
130
2722
270
4391
247
253
3644
228
3410
178
3241
392
449
3169
14
2978
412
3015
262
4776
3516
971
2801
1494
291
114
1442
1869
2081
88
25
3805
15314
16602
5597
1
4558
1536
402
188
9700
6892
20
13
2977
1605
966
682
4670
48
1263
6573
125
39
440
4871
56
938
895
2945
1422
3626
24
29348
109
388
6319
12215
77
1723
492
29
2444
407
3523
47
44
10973
56
3
5366
2253
14
62
1
279
27
413
1853
887
3812
838
928
418
6409
1424
63
12
877
70
884
9
1892
18
4927
1969
313
992
379
1393
2122
712
21
125
1820
25
268
3488
240
18
51
4435
9782
437
134
9753
3034
2960
13347
6974
119
814
2298
11
171
10169
5196
42
3268
789
91
1
158
483
247
4600
8
4942
229
2878
7323
3087
994
31
179
21
7012
163
123
9514
120
60
970
360
117
37
324
3722
642
2218
6565
1831
1509
72
227
44
512
54
24
47
7009
389
15
1001
936
418
2698
138
244
47
13
6421
2519
13
1280
303
1070
594
7199
2802
4124
11
194
3877
5774
14
2228
18275
1505
123
138
2537
134
179
820
638
1258
76
35
22
501
1141
4606
675
2847
1580
853
196
247
3904
298
3527
1
907
5915
9427
1496
8452
58
2585
1696
950
149
427
3806
6175
2494
2752
528
1026
17952
3782
3285
390
2977
71
528
3461
50
115
69
214
229
41
1209
3
370
3184
1892
7065
10139
2943
9542
98
16
8
4341
12225
847
2406
1967
37
8718
9206
7637
261
181
203
208
46
386
195
9612
75
871
345
14
13
609
6
381
26
29
4273
6558
3580
307
2761
504
237
173
1166
31
118
94
2556
1033
1233
45
681
154
31
1508
16
1302
9981
130
10520
216
2199
35
173
22121
3311
431
6822
7092
1200
250
2986
108
1305
864
1863
2394
23
1364
212
356
1380
438
14667
12
11
122
1767
1796
49
12068
420
7005
1
4096
571
422
40
3351
75
6014
7584
50
17193
18
139
243
958
211
174
234
513
3577
44
208
3664
779
174
6184
553
65
33
4216
75
14
40
1670
1
3614
603
1754
15
1753
13
1242
45
275
2198
459
16
1682
436
1024
293
67
39
27
115
71
13
4160
803
7231
3033
33
1159
522
8679
41
6846
5897
1597
25
7792
808
1015
16
53
560
554
3899
1750
35
374
4503
10
3792
2474
2870
7
5757
235
2705
50
2550
3732
151
2014
2722
9707
4821
178
416
4776
96
198
506
484
117
128
201
531
3025
11
2
1526
1225
48
47
8918
82
135
104
5660
2002
36
3800
4603
116
244
3098
1957
462
2698
8388
169
62
248
1318
2655
117
283
8575
518
630
73
162
3100
123
917
97
491
107
29
15248
5409
554
1993
4680
238
2361
3328
1043
15899
15281
13
5024
3444
251
11651
6066
134
225
1357
2945
5143
180
514
29
9635
9581
29
1540
135
34
1166
155
3155
78
1292
1216
2562
292
3
56
56
2503
7
2747
3545
8
54
4382
2173
2211
275
3
1428
438
123
35
2693
1768
22
1034
184
5735
19835
124
40
2126
17744
385
319
634
28
138
314
1
308
2
71
781
2158
744
324
30
55
7733
491
125
2537
5106
3672
858
1015
8931
81
598
17
149
589
1061
135
239
1921
4700
252
2652
35
366
518
702
111
1
4045
418
6749
1954
4585
134
561
64
15129
355
189
1442
230
580
551
126
123
470
3010
5006
14333
2309
2111
425
4245
421
49
449
106
2279
1009
6153
12850
10228
325
48
2797
19
5336
44
185
52
454
3303
80
1320
2557
372
1311
115
145
242
10317
2781
8945
38
2913
15
1977
336
82
621
2828
15
279
1803
113
56
488
61
208
1
5456
503
395
14528
4701
2828
424
3570
15
96
81
6
576
13
3774
4760
273
2718
319
5150
50
1768
9
2914
216
4899
383
3001
963
3829
4955
392
7930
2214
3922
265
327
1359
32
2755
8638
5358
2
2694
3324
3656
455
1259
228
2581
24
1625
3734
544
17980
4183
2295
295
1430
1258
1467
4341
8597
2804
431
972
641
47
36
4334
318
1686
2017
182
455
2443
107
90
855
5672
47
10849
2
85
6530
207
3
774
4159
5493
6254
106
372
4571
48
1968
889
28756
6802
9
6504
179
126
614
5082
7773
40
3286
238
2112
30
1096
1205
6986
108
4294
176
3398
5418
10750
470
6618
7
416
232
3094
9285
53
1043
5573
971
4564
4553
5
8258
4574
388
18
663
136
15008
9266
223
3138
16
62
1030
440
3412
36
2386
6020
6932
2119
36
518
22
235
4762
1887
4835
50
367
261
1726
112
8507
279
270
11363
3569
4281
1677
10
4248
12
9644
2704
203
703
892
5912
2193
3118
9780
7878
225
217
1161
2988
331
4507
337
3762
135
94
480
804
2040
2217
11
3482
190
30
1685
563
99
14689
3233
6805
4003
126
2348
897
269
5218
137
238
61
6479
100
3580
5454
5
113
54
7169
6191
362
6
4115
1388
20
939
36
53
9
3717
4919
4037
5290
15017
2592
159
35
38132
57
173
1542
3938
53
1278
524
1299
185
106
9
1031
287
86
8364
8
680
9763
427
315
7943
1279
29
2740
26
15468
3631
203
2330
7176
109
377
3268
20
5699
115
32
13
18
111
3480
241
1123
21078
19297
429
1467
117
810
1725
243
856
465
12
2442
18699
3178
3306
3084
2778
198
127
544
133
8290
52
1809
992
248
38
3018
39
4824
36
3053
19
258
1665
769
1697
149
8315
3377
2404
13680
4340
11889
15
3
1235
2610
3388
372
2693
13846
4019
169
894
103
14526
324
124
3413
604
221
270
110
6204
1243
1188
26
31
3172
506
16
219
8987
221
2922
234
2995
1929
1
1027
500
104
49
199
416
4739
2
214
16248
2603
4639
53
2978
7097
5353
494
1319
5596
414
1566
8133
197
2581
91
765
5690
65
21
608
1502
8
358
95
82
89
340
7326
85
798
2078
2811
3325
11427
120
5026
2488
123
4531
1400
3947
250
9551
2625
8130
30
1170
15
5667
76
10
7
2264
1
608
6635
285
38
51
5147
2776
1
11247
462
56
745
29
5771
38
1140
70
24
57
2512
1275
7
8
27
30
75
3898
505
23
102
282
31
1887
38
200
787
8170
23
621
172
6826
7
236
1508
503
933
2383
141
26
140
4687
53
76
34
288
19
10971
3659
6482
85
760
1286
810
917
73
87
316
1500
38
7825
2706
4815
1400
46
1382
5484
41
323
212
900
875
683
4009
2744
4858
209
1212
700
4281
4463
78
7315
1917
5667
279
1178
10
1683
45
1286
2138
2071
1759
2071
200
387
2334
4290
1812
227
655
59
1402
82
2052
161
710
479
1209
13
305
3403
262
347
16
873
405
572
3442
311
82
2595
19
2388
41
6462
210
11834
4849
305
179
883
3365
24
655
25
2922
1849
2872
1833
2
8162
174
32
1233
640
8
780
1097
17
221
124
2470
119
5647
1978
491
61
98
5201
8271
712
850
37
4864
209
8661
380
5627
5827
1493
5046
19930
52
461
1663
729
237
53
32
171
48
2211
5155
143
664
1286
4396
1180
11591
6560
595
82
436
4190
2292
13527
1627
2226
3167
3393
129
2385
324
79
3446
10
32
1086
3170
4380
36890
4883
1552
4419
5325
1977
5735
33
19
5796
151
3908
275
170
3184
462
15
253
16
1088
90
17350
261
733
1504
3266
879
104
691
688
2582
724
193
373
22
1109
991
135
2471
775
1479
2831
3228
16
1875
10183
102
1984
59
84
733
1867
230
1629
942
112
247
52
1474
5885
1634
1660
25542
18974
45
1
9008
605
13542
60
50
58
396
131
3915
2377
1016
239
3032
2773
441
81
5067
23
220
234
2404
41
874
1757
363
206
2834
2
16930
3157
1169
597
2610
5287
221
96
659
2697
6701
1051
1
412
3422
261
969
235
2054
5147
1081
629
1539
2714
906
1646
3408
455
4440
512
68
659
247
7539
284
9166
6283
12
3148
15
769
100
193
1214
65
23
126
47
3877
288
140
1856
906
8536
534
106
5903
879
1
2669
1265
3816
5941
236
584
14
123
889
941
1725
191
3509
173
13605
1577
10268
8872
1741
1568
4503
12465
106
18963
5319
1422
4998
1384
60
7470
1305
91
1256
215
1253
25
1157
2649
136
153
80
381
919
226
262
159
1370
818
11
18
540
7816
4655
381
79
104
236
2659
22
6416
4434
1417
29
1907
515
3028
239
15
1076
119
1199
20891
288
810
1487
10
55
1474
122158
917
6777
985
2545
308
5150
8
70
176
1539
1221
3376
538
108
1077
277
2315
16683
381
484
160
470
30
358
3140
7824
825
738
35
2466
118
347
6
127
73
4036
6405
1903
32
1496
88
72
139
2689
274
81
205
357
3
2334
5807
20
300
2352
28
227
164
3982
63
688
4022
1098
200
9253
2248
301
1864
244
3789
2
238
625
505
4855
281
38
1709
181
2118
3183
37
729
4650
8184
4312
5003
1618
2383
2750
2527
6025
3727
6521
326
2876
4875
8
3704
81
21151
367
32
1493
5314
335
4
704
75
57
13968
47
6071
852
10828
308
71
2948
2910
131
205
194
1518
151
177
61
9919
565
119
150
63
2650
11342
12
1543
246
139
3865
128
1084
1312
57
6995
56
1096
29
1890
55
13903
535
3712
1848
1
3310
255
76
729
1184
3605
15
504
3109
550
49
99
6492
2637
35
3532
1734
425
646
3440
230
357
3702
698
2830
4276
1688
28620
43
5094
1950
2514
1934
349
1081
1259
3209
1449
3254
889
3693
3134
1777
2363
1888
27
730
6389
57
23
296
201
1884
289
342
349
22
3090
741
325
981
839
17
224
48
1011
1009
2
70
5891
918
404
373
4424
612
2642
7009
621
5846
356
206
3379
6576
406
1757
311
573
1
113
15896
312
1
2846
3409
3079
625
1086
2648
1321
2187
724
149
106
5930
62
160
1356
1759
2510
79
141
2007
62
195
8564
3575
11256
2765
13
14
85
885
3568
138
221
48
1225
1321
7221
4
992
197
9856
3252
3613
141
7
80
140
626
40
71
4539
1406
82
6974
2276
1559
2134
266
8
92
3341
83
64
6128
579
1842
737
442
73
393
2420
367
73
1203
1909
221
206
96
2262
273
3144
1
5017
135
6071
1957
406
474
273
3532
494
25
83
226
41
397
2412
23
135
350
92
104
3314
383
3940
4
27
5048
835
23
156
864
13
110
3368
7926
947
2439
6718
6980
2967
13083
580
5034
224
4916
405
3148
25
11886
125
205
325
6805
32
3311
1470
226
392
741
8347
2599
69
5318
2650
1926
411
17052
68
3193
27
2355
5687
60
55
2362
15907
4340
4920
59
1020
526
5616
3300
2111
22
110
67
3711
30
1
7380
774
7269
205
102
235
306
5091
7625
5980
469
100
947
490
4343
4660
5067
1924
167
834
45
571
7595
1848
233
32
32
6627
8166
6777
2932
94
460
3035
35
4421
4936
557
315
57
667
2712
3077
83
3103
1517
2363
491
16753
274
1488
3429
5137
3187
1272
23226
5708
2
34
7773
41
10
435
372
2822
9475
338
3563
43
8026
285
37
79
291
734
123
93
87
75
518
4251
121
77
54
30
16
1289
8
14
37
691
1284
136
188
70
6447
1506
88
954
4297
717
1650
811
54
4
269
299
1012
56
8165
1021
50
42
2834
418
973
18
4
56
596
3563
2926
3337
20
159
3305
73
3428
5989
621
147
3654
4
4148
624
205
192
410
97
1
3576
1418
8549
3932
6759
1856
33
3296
2150
132
118
6255
7052
382
5
3885
8528
437
501
10578
5814
67
1490
48
4884
11764
7036
413
12
2239
117
6885
48
3008
4839
3453
21440
6588
206
272
1844
552
2104
93
13983
139
86
18
1659
490
2701
152
401
452
4774
7231
262
45
59
425
70
1911
8606
104
9323
7064
73
18718
311
2546
630
21
143
363
57
765
5274
8133
366
1262
731
566
1879
108
730
80
2131
343
278
1405
377
727
1
84
2750
6493
830
103
122
27629
2513
8495
8219
7393
363
187
13327
11
57
3404
2047
2575
59
483
2067
2368
217
12179
87
3262
3541
1744
863
2244
4011
1
512
140
256
699
1456
1526
395
433
1526
1851
7671
1186
117
736
2867
1854
569
516
1750
75
1625
5346
2682
539
329
632
1286
3777
4
291
4547
3514
1023
7454
1089
88
4859
278
2106
2267
151
16424
9617
591
341
90
446
106
4064
1751
2030
1001
238
6982
36
3409
1653
137
5456
23
7971
16
88
19
1309
420
896
3023
1376
478
2947
17660
146
1628
3304
38
2
2016
512
51
486
668
76
1188
601
320
26
1406
1424
244
696
69
96
33
5693
5718
202
1419
1319
36
2797
2707
4568
167
3373
7051
963
1837
13784
64
3709
16
274
76
458
41
222
356
7478
1417
2165
24
17
29
3681
3083
2747
1149
12537
10817
4776
5267
216
11600
79
1909
3469
900
69
5045
4009
653
804
162
264
5768
33
1695
271
24
934
15223
13327
931
711
6229
233
13702
518
55
6652
759
362
1805
805
13369
8213
62
867
1405
31322
6723
166
625
956
2
253
2672
6123
221
4425
2598
62
4
131
243
345
6990
4123
2752
2943
5555
5599
5246
5873
2562
4166
17
8746
2627
2271
3128
8911
4143
1017
5924
675
2557
686
919
2143
2724
4644
19756
8285
73
458
309
18
76
9
923
468
5
202
155
2208
1981
63
39
3481
1552
540
1897
1040
689
3536
17
488
2672
131
33
269
22
189
57
420
5
11
44
997
57
4984
23
3778
62
1
351
691
87
57
100
3221
154
108
133
80
3516
32
143
1
3070
11216
6781
1834
3845
11665
12
2097
7042
79
1731
156
2110
139
6573
7097
2302
3613
8942
20893
91
1059
1795
388
2595
98
284
2200
701
916
7
182
67
276
874
162
7826
2457
43
24
9353
11402
7709
4320
5746
17
442
6385
2360
2872
1012
13959
26543
2731
1234
3920
459
730
610
75
5
1008
216
22880
635
4078
1736
1499
4166
35
487
3610
184
5012
2659
685
187
591
222
861
1720
593
3459
380
150
5233
117
2054
219
225
30399
3313
344
27253
485
422
5020
405
117
270
11748
4702
2452
1147
128
120
229
15729
146
4606
12749
1025
1437
2544
967
60
2299
692
277
190
46
771
560
86
752
1
55
538
208
2500
16
7890
137
39
92
171
297
249
2905
1009
1710
9434
44
169
70
284
17342
63
469
40
1317
320
1
266
3293
296
3927
48
1247
4107
804
3772
8387
43
234
1808
96
460
646
930
4512
143
106
2674
123
4342
92
19495
319
1632
2
8515
1
3600
371
3851
2610
65
78
6
526
586
1545
40
67
2123
5
4800
420
103
3811
4948
213
14485
36404
622
4968
751
1170
106
938
965
196
3135
7
52
7434
8165
396
791
1440
366
52
38
1729
264
3367
33
4122
725
626
217
942
1111
781
5364
120
306
8230
1825
2020
1867
3313
600
1635
1071
2125
4
1309
90
470
241
1092
9356
176
644
1775
648
561
92
10005
2083
568
98
1
161
504
267
14629
952
4628
1241
361
638
1113
1196
879
881
4689
386
991
56
4158
1019
86
84
169
8670
569
2546
1
930
1721
6732
136
143
442
10
62
205
40
225
6
13382
64
2010
640
40
15819
11
36
169
5046
19139
36
790
3
4178
5181
3686
133
989
1306
245
23
13684
129
243
410
40
265
2063
524
50
1329
223
8436
298
306
15
248
765
7473
86
19411
35
5232
74
9669
7593
130
17988
13075
239
216
753
228
206
135
4638
30
1223
605
137
555
2550
1805
748
21
2621
2174
3651
2446
539
1070
186
54
58
248
1681
2006
3769
7212
18
2324
9
5271
1155
18019
3584
289
590
629
2045
577
5741
31
3704
22
6029
430
601
114
285
1396
289
3955
394
1212
680
249
3317
5074
85
1
93
1817
1274
36
3834
575
18
29
1050
1872
1784
997
34
6878
4767
6000
128
1243
50
2695
1380
112
628
19
816
271
1134
1549
223
167
5668
3337
209
5732
5506
139
112
258
203
608
549
8602
3463
1015
1377
5707
227
64
45
7
1112
4681
124
186
29
11
4
2684
1951
88
131
4772
138
2747
1743
4163
3594
820
1048
6
773
425
468
9
65
147
7403
214
224
11711
3000
1037
35
3210
3445
173
3159
2668
2513
534
872
15659
2329
4278
2833
667
335
732
1582
2452
58
332
1
171
11450
52
1714
7
192
77
790
10488
254
3108
14705
808
3803
65
5758
33
3762
68
59
1100
8358
366
2466
3518
5
281
7160
1729
5369
169
120
2170
116
4731
1595
5
809
113
115
32
7203
4614
735
4
268
371
67
188
6443
331
334
2125
616
6074
99
2822
1391
5157
135
1973
460
1473
1273
2964
1403
365
117
385
2627
1
638
309
124
5606
542
301
433
289
1584
21
10730
1062
5604
3193
3412
7512
1177
1353
161
5075
1632
1197
590
78
25
20
92
5863
86
1580
22
113
860
823
888
3270
4206
3693
2744
2182
6698
100
2820
329
131
1651
37
135
39
1567
3479
11843
2308
9582
3385
158
171
1327
2861
5706
306
413
18
14
5862
1323
164
204
376
87
3865
669
634
107
519
5
7804
33
3268
880
46
505
2369
2961
246
7802
5138
24
11
1103
14
5740
5307
1561
168
4536
262
75
124
207
157
132
204
1823
151
716
1
190
55
2369
658
186
210
22
1013
359
502
11
1
182
1
1949
1
984
39
3422
484
4640
75
1269
34
885
73
59
856
244
228
1
1595
560
289
1
302
19
137
1
111
326
1451
18
447
303
29
152
34
269
136
177
2008
200
99
3953
139
1673
2348
215
168
27
2222
10
79
3873
31
36
2165
101
186
1533
3704
6041
444
2124
4381
3909
137
54
73
3071
2255
6284
62
614
131
16309
387
57
52
3355
425
1610
268
11
316
358
149
8149
6559
15
2
1
1
88
1
12
432
31
2904
4112
63
208
3372
1
16
184
707
123
1
14
476
77
70
93
856
2603
12401
48
72
5450
1180
92
7389
1994
148
2167
27
715
19
2736
2629
862
307
300
1301
196
2094
13
181
121
79
413
76
84
4
25
4679
121
4
20
75
116
14
3671
308
720
20
1074
492
1
73
