5
5
10
3
66
95
241
41
2
7
203
34
59
219
211
17
95
34
54
2
110
43
5
87
6
607
20
254
37
610
3
425
2
38
148
193
25
19
406
88
218
184
30
964
242
297
174
146
220
42
192
195
118
931
116
408
211
93
216
292
230
214
186
32
411
227
45
195
188
126
80
211
98
441
56
127
7
92
1
47
42
154
219
2
184
5
39
5
128
220
301
11
2
1
1
331
51
25
28
131
3
18
236
48
215
42
220
3
127
235
2
23
32
119
1
36
145
1969
3
432
63
7
1306
49
218
73
33
7
1496
50
7
328
17
37
51
51
29
12
58
240
57
22
347
213
191
140
345
232
4
149
12
55
247
17
143
6
197
69
428
176
5
67
22
28
7
433
115
33
37
92
542
289
131
171
96
76
46
2
8
3
53
2
3
163
203
3
70
95
323
44
12
7
66
3
34
198
130
47
1043
82
51
32
23
4
218
196
140
375
152
4
288
242
