225
92
282
150
600
91
162
185
264
340
156
207
102
23
95
178
217
54
299
91
181
1
227
90
831
207
176
3
215
221
133
143
1
205
91
218
220
219
216
209
685
126
575
291
218
185
213
162
214
99
924
249
90
216
445
270
237
296
239
232
193
181
361
226
90
228
126
162
218
213
248
90
205
613
221
130
262
216
163
232
91
321
241
215
91
402
182
228
180
214
213
230
184
469
213
215
122
209
221
423
106
218
242
186
91
214
124
216
255
214
87
216
213
233
94
307
241
121
153
187
193
230
183
482
128
922
251
121
126
235
93
1
95
224
1
181
420
218
215
216
252
92
290
218
91
304
210
257
15
184
76
24
231
130
95
553
92
215
90
287
210
246
237
212
163
329
189
238
114
206
7
28
253
140
208
7
333
507
253
215
18
157
192
223
185
214
188
95
304
237
130
1774
237
240
211
133
110
22
243
417
288
2104
270
104
189
206
86
198
193
86
228
246
120
232
398
6
242
