48
10
57
12
201
290
90
1
144
20
6
51
123
42
36
145
6
10
25
17
6
47
4
6
292
36
159
1283
2
264
39
48
38
17
47
43
87
17
156
23
101
291
282
11
73
10
34
1
3
855
1
72
287
43
25
13
10
2
153
13
42
9
2068
130
355
4
13
1
109
28
24
20
194
15
673
8
14
21
35
58
5
5
283
246
148
44
3
7
479
583
385
28
219
7
65
34
75
26
126
23
142
48
33
18
13
1
61
6
12
76
9
137
68
197
1
2
9
77
98
3
8
6
7
33
12
133
68
4
187
2
165
7
34
73
19
6
635
61
41
23
1
101
88
8
7
259
54
11
29
18
2
2
1
203
277
65
16
10
15
185
767
27
102
17
1766
172
12
12
311
33
56
8
43
14
12
27
40
288
8
80
4
2
22
69
30
55
2
88
39
7
2
29
11
14
7
194
5
478
37
68
286
55
24
46
56
5
103
124
4
87
7
83
4
18
23
173
243
123
23
57
116
150
40
108
93
3
2
60
1
115
11
20
237
9
44
285
345
1
55
19
9
56
24
211
7
15
10
78
7
43
54
575
799
27
95
19
62
100
13
101
7
4
57
80
4
32
145
26
1
13
7
53
28
46
34
215
7
22
10
6
19
103
342
43
15
1
10
17
219
310
21
83
10
256
208
17
109
53
4
12
56
6
3
4
13
42
149
187
36
118
11
82
25
35
47
36
317
14
