82
42
96
18
25
54
31
189
262
1185
2
17
47
57
28
23
14
19
32
1415
111
128
71
503
8
152
492
194
51
38
222
19
15
33
83
61
22
29
80
24
41
35
94
37
632
10
5
1
63
1
44
11
257
229
467
79
29
3059
112
59
542
87
67
48
347
223
1
29
17
177
1628
37
91
32
2847
19
353
71
58
51
52
128
13
203
3009
23
103
3897
106
37
557
67
103
43
35
3
43
162
10
21
3152
6
288
68
14
37
30
31
327
1353
63
312
56
53
10
11
56
130
10
4
75
225
680
1161
27
17
380
138
56
927
61
91
173
83
27
27
5493
139
103
1425
434
8
9
2796
107
5681
51
57
61
102
26
8
68
133
541
11
294
127
55
59
96
83
62
175
36
100
241
693
196
117
19
64
2
31
177
10
4
602
7
5
32
428
7
321
31
107
386
5
3
244
77
167
84
79
1093
640
58
34
10
20
364
106
37
165
739
23
483
638
426
7
67
145
75
247
13
17
231
125
182
65
80
1112
5
54
45
111
55
51
73
3680
24
15
170
39
871
263
28
387
1
15
2369
173
65
37
53
30
119
14
128
84
637
109
94
4
2
64
545
480
149
91
839
144
214
145
165
46
208
93
16
69
140
10
76
22
101
5
38
25
187
51
221
346
6
613
27
78
107
304
56
82
112
232
74
577
534
244
50
252
54
137
178
114
61
31
71
120
141
46
177
79
49
259
382
221
279
293
98
252
151
1558
13
281
1425
3
30
36
14
90
299
76
86
86
11
67
40
1
162
691
36
77
30
193
79
200
29
37
60
295
90
178
29
65
256
31
333
171
708
937
175
58
381
170
100
437
4
301
159
919
121
1
211
808
18
235
925
127
17
317
168
50
921
301
1
280
38
339
222
10
46
194
147
125
44
1289
581
12
9
292
98
54
11
2
207
11
33
856
25
2859
64
295
147
33
79
91
79
42
48
110
46
82
3
45
24
90
106
23
147
12109
420
40
11
1
55
23
9
61
610
78
22
480
186
179
25
414
71
180
4
132
92
141
7
40
8537
69
97
29
10
78
318
120
35
19
52
95
3
507
10
408
99
3889
108
70
64
202
91
61
39
4
33
63
135
11
37
10
205
81
1
11
40
25
37
55
26
2122
117
1236
37
40
26
11
947
69
345
157
34
58
113
740
198
25
10
16
44
178
565
4276
87
45
1028
281
57
64
2
112
31
62
125
20
271
71
318
603
90
92
59
19
456
3
8
100
31
194
207
32
26
140
6219
123
48
10
187
18
376
51
23
32
16
130
266
75
42
14
32
34
176
83
208
22
118
303
45
15
55
206
24
21
48
276
165
17
34
3027
2
334
18
37
59
331
595
38
287
75
514
59
26
9
33
10
824
144
46
236
111
414
37
108
115
546
31
77
1992
8
41
544
39
128
32
149
1
128
72
39
13
181
3831
598
110
5
1051
309
2156
40
199
60
77
343
174
7
295
78
29
516
8
33
275
29
201
55
25
1192
33
1
324
4245
53
395
74
24
35
35
53
294
12
61
274
101
42
12
12
94
251
88
62
373
17
77
35
164
110
83
193
17
46
106
22
195
78
34
130
1
58
66
87
1632
395
333
8
192
399
94
83
44
15
2601
56
68
80
331
186
1
34
229
175
19
20
1687
16
206
9
95
2
56
173
27
6
23
5
301
10
9988
234
106
147
6
271
31
252
17
152
17
9
327
1004
269
86
1172
83
109
189
109
108
82
174
32
709
24
236
71
51
83
208
37
102
1
157
28
70
114
11
228
24
70
78
103
233
15
124
2804
73
42
67
8
42
28
1518
186
13
1401
88
291
235
193
141
108
37
29
160
450
441
11
241
87
29
10
55
1010
345
266
279
202
269
83
26
237
178
13
280
276
116
104
156
43
1673
163
54
51
16
176
47
19
14
580
142
26
40
18
17
13
307
27
26
161
17
71
48
21
9
238
401
85
302
233
412
138
290
94
110
16
23
34
42
267
84
105
14
22
354
69
30
1044
38
80
7
1
87
50
131
95
34
11
150
13
6
61
76
32
89
256
18
179
26
102
136
57
201
529
221
21
2
87
52
49
16
36
69
17
329
278
3
267
146
38
31
498
973
196
6
288
37
63
36
518
28
17
586
61
7
90
81
12
46
150
92
502
451
31
423
7
7
93
112
269
17
9
209
314
326
451
35
225
234
270
272
15
111
47
184
32
10
8
56
1
40
232
320
159
347
125
143
1713
207
261
294
223
19
29
5
1575
90
53
209
246
182
3
130
231
272
292
295
5
244
271
1
82
52
98
267
439
712
47
11
185
129
13
475
59
98
68
100
38
374
935
75
14
262
82
17
151
24
295
81
18
81
113
34
20
322
209
82
112
9
215
3
14
3
297
68
40
31
258
6
27
245
339
20
191
717
107
30
2
106
23
10
133
54
33
86
127
16
19
340
8
167
455
8
40
125
85
165
28
14
85
13
141
68
100
84
223
140
187
16
5
228
42
597
23
83
25
5
40
47
1874
22
32
22
242
38
731
37
32
21
356
61
327
3
54
6
121
117
87
141
11
71
284
295
738
32
1667
46
130
18
232
8
17
104
240
50
342
44
366
50
333
126
29
1570
135
56
772
66
136
1797
113
76
12
4
23
6853
189
170
10
57
259
162
3
37
6
16
275
2267
33
44
15
15
1
6
514
42
101
1108
25
208
78
51
40
32
72
1039
10
188
114
689
124
8
30
528
50
83
10
558
179
4
38
32
1532
34
164
5
101
2342
20
14
305
134
13
84
10
271
1034
141
220
579
138
1056
49
99
18
157
4
1178
344
43
54
383
805
260
2068
27
91
10
715
217
110
72
118
1360
31
266
430
228
66
11
1
247
274
15
322
91
85
60
151
78
67
22
237
16
1022
15
44
10
139
225
8
35
138
7
9
341
44
266
60
32
353
295
99
121
38
36
216
13
64
219
125
175
79
41
166
55
136
15
165
590
82
4
26
92
292
14
4
53
1591
131
17
30
38
447
281
1793
86
258
1095
3
42
34
97
354
27
31
57
201
258
100
17
12
6
65
1650
1601
57
76
1674
38
35
1
33
86
526
508
442
214
51
180
137
91
194
84
15
251
46
51
136
17
59
253
41
74
359
206
14
123
41
50
933
77
39
1013
43
164
44
44
21
862
36
67
364
169
21
181
267
28
123
210
45
83
74
34
38
18
50
30
203
141
207
15
777
25
493
237
13
149
370
144
722
96
295
157
397
1851
67
88
77
395
1192
64
297
248
112
186
79
38
36
128
18
24
17
182
39
150
45
4
16
628
54
127
344
119
29
256
237
44
29
26
27
138
21
10
259
791
1
118
103
1262
18
161
11
1244
110
105
41
324
7
107
28
139
3
93
2
86
39
20
237
71
54
11
414
106
19
21
268
13
55
36
405
11
20083
34
36
41
38
310
23
212
12
29
14
3
280
60
24
94
4
138
49
346
24
21
10
18
137
27
27
87
188
153
15
5
209
179
287
295
40
100
14
4441
274
674
236
345
28
74
94
235
178
300
5659
158
259
51
440
56
2615
50
7
226
252
70
14
2133
215
2334
29
360
15
40
44
241
225
1064
472
381
488
4
435
227
153
52
15
39
1390
294
4
57
130
136
63
46
17
74
76
28
729
14
78
2
15
25
64
131
179
1324
231
187
98
439
1967
84
87
441
595
49
149
467
133
61
242
159
39
104
242
118
283
45
467
120
424
69
168
26
15
6
450
616
41
116
171
251
373
150
228
2
136
834
44
43
110
28
10
106
280
48
75
42
38
5
163
749
52
1258
171
218
41
3249
249
71
62
63
627
69
26
1
74
10
303
146
60
25
31
136
25
61
87
1988
58
89
289
20
1
34
12
449
1192
529
39
6982
176
108
86
287
55
12
69
246
76
93
83
74
579
4651
54
4293
29
265
86
321
3730
35
9
91
2
10
6
115
385
96
313
54
430
31
17
44
968
96
13
66
103
345
28
694
74
19
10
12
76
31
1324
15
231
134
153
62
101
52
108
1
7
228
23
131
40
972
27
19
59
558
55
34
22
301
83
6
15
3
62
24
4912
3
25
63
1
67
438
604
38
114
125
85
5722
46
112
116
341
290
145
1073
478
74
60
46
58
52
11
225
13
350
29
213
126
649
49
53
17
62
38
30
7
392
1744
104
348
187
196
503
648
511
1
16
25
70
45
42
99
127
387
157
84
2388
6
121
296
73
313
907
56
45
144
217
46
36
42
603
472
110
19
35
307
113
107
3692
10
185
446
54
256
59
124
138
919
323
600
1838
10521
8
892
3776
383
211
220
22
180
128
96
177
363
146
136
35
762
253
5
97
62
2358
398
3
259
169
75
220
101
22
37
221
2694
19
218
60
272
59
50
77
67
17
11
365
148
64
102
91
8
54
174
4
237
84
1168
152
41
97
82
8951
31
62
10
37
339
2
12
5
43
12
4
38
17
6
17
71
46
19
141
49
13
68
26
275
1357
23
97
62
174
207
46
5
2814
84
43
45
209
345
358
331
82
270
1569
28
4
141
459
147
377
92
1784
39
94
91
493
69
306
4
53
73
44
49
241
22
3
174
630
353
35
1
506
51
92
167
41
57
30
26
114
1771
136
104
28
69
110
22
366
28
42
6
179
16
406
102
81
34
760
1208
173
29
141
161
95
159
17
118
127
2681
144
341
127
20
8
56
66
57
112
63
95
49
51
17
23
69
119
80
70
130
68
47
18
120
30
7
7
78
11
25
28
3
201
37
15
28
90
33
275
239
31
27
149
22
27
132
91
36
91
11
806
86
573
49
63
163
321
615
711
8
181
1
92
303
815
33
9
31
19
39
87
5
875
23
162
28
440
718
7
90
10
262
48
28
16
43
1686
422
57
151
58
157
61
418
348
26
8
152
62
93
45
97
107
293
64
45
12
510
7
134
63
31
46
35
130
15
11
13
261
287
180
181
60
9
11
115
11
537
51
772
4
23
436
3
564
136
500
203
30
2
50
61
19
5
15
781
50
635
39
62
36
34
49
50
67
273
29
7087
124
1586
1314
218
39
76
362
16
13
2378
42
1248
2
276
233
6
123
82
2
373
143
145
142
124
250
531
10
3
338
6
187
456
7
17
76
32
689
69
9707
35
44
311
421
544
25
693
114
23
52
38
163
96
39
14
55
1027
290
65
491
24
14
16
87
146
29
167
52
323
13
23
47
75
11
1920
21
392
285
4436
171
440
192
32
257
44
76
322
87
57
490
142
65
23
289
31
652
176
34
142
102
503
189
12
129
19
517
929
132
82
254
319
4
232
23
171
262
571
5
492
307
165
211
518
631
292
292
190
60
65
131
290
40
236
670
109
14
272
44
45
483
190
216
636
86
1619
13
1
159
263
569
10625
53
219
20
121
745
1189
44
3
26
13
401
125
22
33
298
6
1194
62
47
52
18
5
1246
81
156
35
264
142
24
18
39
64
205
12
520
124
256
48
20
44
242
38
451
104
106
288
10
10
166
120
6
3
10
1260
146
136
111
21
147
58
207
30
165
8
94
20
397
123
279
219
18
137
109
82
456
42
43
121
73
362
372
540
7
315
386
20
93
105
11
322
146
15
346
59
211
122
20
59
31
1149
159
10
118
87
25
105
191
114
23
63
107
185
11
13
246
40
104
47
386
16
262
242
102
48
258
108
236
17
65
94
39
32
92
44
8
71
71
53
126
1
241
295
312
97
4
121
71
161
212
64
24
270
97
371
182
33
26
56
79
148
172
362
53
36
188
142
2152
500
137
227
84
67
204
206
425
4
14
12
14
32
107
360
28
143
116
59
162
26
16
121
153
91
20
209
560
67
13
312
483
15
26
390
123
366
69
46
651
14
81
241
17
153
229
241
84
794
9
61
13
9
11
606
197
158
202
11
331
120
540
9
50
16
163
84
196
152
32
20
35
4
189
1
24
80
75
584
559
83
117
23
199
211
83
48
207
15
249
5
74
402
610
312
192
77
78
137
277
433
351
82
5
283
139
83
5646
8
16
81
8
285
7
24
171
312
349
41
112
140
54
7
237
21
6
189
47
105
10
16
23
50
227
88
28
178
286
43
195
507
463
746
139
55
91
602
147
361
6
38
626
317
613
81
286
180
209
58
1
364
175
72
70
53
89
29
5
274
37
72
38
328
266
8
178
227
331
536
37
319
233
15
332
6
18
783
1110
4
395
15
120
286
197
165
7
78
187
12
30
13
51
280
480
103
34
43
42
310
23
41
47
9
65
5
230
69
106
178
48
5
147
36
5
62
281
79
15
5
50
333
174
64
246
17
226
102
22
250
316
115
145
26
19
57
235
12
163
564
58
93
309
50
102
28
57
4
56
11
1
5
502
7
48
99
426
63
624
15
379
31
29
4
131
3
36
399
241
156
199
82
34
2
76
25
6
238
92
19
36
275
892
20
42
246
135
137
9
30
8
13
142
19
107
22
119
997
307
78
119
68
304
325
259
190
86
12
1
572
119
200
251
40
160
187
130
116
76
196
126
40
355
100
39
32
679
109
81
197
2
434
2
60
106
189
6
191
189
12
81
42
50
1050
168
1455
67
49
46
25
13
175
286
224
99
15
129
8
36
119
354
402
177
23
135
277
48
287
17
11
42
18
610
14
5089
92
33
73
53
56
346
97
193
3135
27
63
67
95
1322
51
28
309
946
479
73
111
418
316
11
16
317
298
208
4828
122
8
1328
271
208
122
362
144
87
11
47
121
192
322
62
1675
258
90
235
133
236
10
132
44
131
65
13
20
228
13
24
141
51
134
638
77
3075
424
55
219
6
105
39
1193
311
8
16
14
64
32
19
154
15
26
568
116
117
246
42
16
59
554
113
28
51
246
4
152
130
10
1
5
392
61
23
116
46
65
12
23
7
87
1565
701
456
11
153
18
143
713
19
108
49
761
14
21
232
20
44
79
2
10
288
135
13
198
26
235
666
344
57
656
79
98
264
9812
57
1
9
422
414
338
10
307
734
1
74
228
313
695
36
423
269
100
46
290
36
256
87
243
43
19
51
185
124
10
24
