3
8
570
161
32
49
276
1977
1442
417
88
351
383
86
13
377
297
49
3796
3
43
6
302
225
36
2173
1033
534
381
259
871
1114
405
229
731
800
167
1075
2409
452
85
506
1533
19
240
1085
1898
94
592
47
35
1614
259
3
147
168
50
284
1703
219
443
367
96
1132
1119
193
2
721
1325
113
425
1959
125
2905
159
810
901
716
144
75
745
1379
339
1006
83
273
36
415
116
41
443
502
1
1676
19
224
380
280
328
142
136
1
9
503
1654
1
17
9
205
210
996
821
165
231
1
32
23
158
470
453
247
195
1325
77
241
540
477
426
2490
2524
257
