204
14
3
90
134
12
145
32
21
885
307
38
218
222
47
211
131
90
222
34
7
101
154
40
9
201
7
91
208
208
1
222
165
19
190
134
216
831
214
229
218
423
214
214
166
242
217
37
122
348
568
218
24
277
245
296
292
248
235
313
135
198
22
2
10
207
124
224
32
285
197
413
19
45
9
1
216
219
1
598
146
167
237
110
59
198
91
217
40
258
77
91
398
111
10
88
41
158
96
183
223
185
220
125
216
441
6
219
8
242
17
9
101
27
25
232
294
21
34
113
232
236
7
414
204
21
28
139
42
2
1609
218
95
215
242
220
142
239
191
121
145
189
24
10
204
74933
2
215
91
160
79
69
3
25
13
8
1
32
216
92
219
218
124
95
3
14
191
231
21
217
8
10
12
306
362
83
8
153
35
95
1
243
98
219
15
177
10
226
215
2
133
206
4
124
58
241
566
282
195
95
276
123
186
95
252
204
181
258
217
90
360
222
192
95
153
184
194
224
113
216
2
182
133
95
472
369
252
169
207
95
211
73
183
244
214
129
273
639
232
