214
391
47
272
31
5425
217
688
1064
95
120
55
1
1313
605
1
352
30
79
523
41
2028
19
164
128
248
103
291
14
632
455
141930
933
470
54
24
141
258
133
121
12
10
219
31
3738
30
3595
191
980
307
2
2180
59
12569
267
172
2583
38
45
351
9
4
67
48
33
44
485
87
37
49
1220
101
91
4718
192
1
258
7
2
12
69
23
53
34
770
29
497
22
452
526
401
217
6
261
126
1
196
62
56
2
27
2263
1
102
369
1
161
45
62
18
20
1
83
56
182
1
7
828
1184
811
384
6
516
45
29
34
11
12
27
53
113
67
38
9
27180
190
17487
127
4502
14
1
3529
1448
622
6
2024
4
82
46
9
63
215
126
198
92
2209
1801
61
2
2918
1217
131
969
36
29
31
71
58
81
741
97
1
157
1551
41
44
248
102
28
2720
238
1
260
110
445
3497
2109
207
240
758
1063
1442
94
445
1056
180
39
485
220
177
918
351
116
404
11
174
25
444
99
902
299
43
22
834
1310
2184
25
158
4
36794
316
107
143
42
1
214
92
144
16
25
13
760
59
222
1
104
1
39
64
113
26
44
2233
7110
63
775
235
201
243
4
102
428
23
143
58
81
966
22
92
728
258
8
19
13090
147
50
1584
107
4522
1884
1220
85
32
3
175
278
327
78
1279
89
144
1
1
23
1641
1566
38
52
37
228
225
15702
179
176
17
559
82
3765
71
1223
162
33
54
21
49
15
16
337
223
175
21
1782
129
8410
30
23
1492
113
61
121
156
1020
85
68
15
113
652
167
520
792
258
127
14565
22
1040
1166
132
5
26
36
512
85
97
24
601
489
243
1272
112
16
27
8984
28
76
119
95
127
16
1
82
4
26
128
239
18
68
70
101
73
88
43
206
1235
8907
17
68
85
66
1
1953
12
69
125
343
20
81
12
18
371
181
59
34
247
540
187
23
57
315
91
2
27
370
172
263
536
5
5
3
271
67
312
215
1
1099
785
770
14
1268
21
43
96
1
259
5
5
670
128
10
1
151
1139
111
26
42
48
79
19
2
79
14
39
170
48
67
15
43
24
1744
126
173
55
248
41
1528
872
1
11
20
1373
1
67
25
73
41
1315
1
68
1088
17
48
17
7921
756
31
532
219
413
34
30
354
122
1
7
8
5230
75
113
124
128
4069
619
53218
143
2540
10
6
1
5978
52
140
88
79
33
2372
1251
30
2886
4683
77
268
1999
187
80
62
34
6
1
75
123
17
102
77
404
1020
37
706
179
48
90
208
68
77
7
97
191
187
283
487
17
353
456
103
1179
1
1632
354
4177
103
45
51
466
1466
4704
1
96
33
3287
124
105
237
366
507
31
39
130
1294
39
653
31
193
41
313
27
1
427
1
73
38
227
719
126
99
168
26
66
1
34898
405
577
1
54
87
1
530
61
3
205
16965
2440
124
32
710
1
94
60
3650
132
259
166
1
30
303
20
107
4
10953
54
27
1
63
51
46
1449
52
330
1
8
57
74
346
67
74
44
741
1409
47
1
5146
1
1
67
1
173
81
1
286
438
806
22
364
106
69
74
299
60
482
2
169
772
630
624
27
455
110
27
10
18
111
20
1
80
16
257
627
47
50823
216
118
45
126
1947
1
7
70
91
28
42
16
194
50
5660
1576
7
3
63
13
10602
7835
37
1078
645
338
71
119
46
53
128
139
18
4
109
251
608
361
151
29
59
90
56
374
1
595
71
105
325
14
3
535
65
16
12
403
379
29137
5
49
140
55
31
45
2
226
1
6049
22
567
46
141
130
969
308
13
170
384
82
203
277
34
62
228
78
19
72
137
61
22
555
1
5351
457
724
55
202
18480
60
35
678
98
21
2
181
11
47
52
299
144
137
1
51
209
29
67
57
193
15
117
1378
16
8
27
40
105
9
61
7
65
46
436
97
30
6
100
99
1
162
2
28913
4155
13
209
20
130
167
166
619
109
78
812
12774
151
35
89
321
57
90
122
373
151
1319
1027
64
53
4
19
6
225
1246
152
10
71
15
6252
127
87
144
53
72
2097
28
1272
154
238
49
2013
65
4919
48
80
92
468
1
160
288
164
2637
508
11
127
246
79
23
1
1
37
73
91
505
48
203
25
119
13
160
236
3174
106
33
47
630
1
260
473
117
130
3331
222
1509
169
1083
1027
68
1622
26
31
919
1351
133
109
1242
63
341
568
52
33
136
104
24
169
65
67
192
255
786
7111
36
1288
8
797
83
708
89
101
5373
104
100
213
532
6
1944
6995
120
82
81
254
98
90
75
48
130
1309
3631
196
54
122
1075
136
161
82
981
111
136
13
259
283
227
24
95
2761
56
10
323
53
1
41
68
142
232
3
13
117
58
335
1714
18799
1955
36
66
79
296
36
1
1
2
61
208
249
384
54
1485
6
1
282
1160
7
333
63
808
176
81
135
86
8
557
128
110
108
32
133
18
255
76
38
3856
11
22
162
11
5084
5
169
96
398
1
216
406
18
55
41
110
83
123
39
21
2523
66
49
288
1
1285
13679
10
63
39
6346
25
1
168
89
22
157
47
7
31
98
48
286
25
43
2149
154
159
61
142
12135
19
33
779
16
20
1619
2776
17
58
96
80
84
153
66
1
180
16
72
965
43
495
1
360
9
94
3
283
78
53
31
57
2196
127
99
120
182
8
23
37
126
227
108
86
2790
219
518
39
29
740
36
80
1
169
301
137
29
8
14
50
1216
148
40
57
4
207
23
1423
40
32
26
64
616
733
227
36
43
146
199
275
4
97
655
28
1
835
202
77
637
46
106
19
78
267
1
1
25
43
155
13
2355
40
15
468
24
151
79
16
91
206
119
326
10
27
19
95
76
518
583
161
965
62
289
104
193
90
132
21
24
264
13
18
2
119
46
13
319
123
30
71
111
746
90
5
34
37
172
94
25
284
84
728
11
1551
509
19
3333
357
15
43
12
68
49
483
43
22
1407
71
21
47
77
770
586
1327
191
7
49
48
1239
23
148
9
10
12
66
68
258
146
1
4354
118
43
2
19
26
689
607
68
17
512
152
578
215
116
215
2
36
53
71
33
32
207
26
13
32
31
1
35
66
35814
87
1
42
1
52
66
83
252
154
712
293
245
181
657
63
72
6
75
495
370
38
51
34
26
31
321
173
1
4637
63
1026
219
1
942
1
104
1
22
642
3816
2037
383
1225
1427
60
195
81
10
1608
16
615
2122
124
30
36
35
26
242
104
20
7
41
110
247
12
55
80
1087
57
20
122
44
311
1069
3
26
192
519
157
887
23
54
23
9
39
10
18
42
44
1
45
75
288
265
3064
615
765
5
2
120
19
229
364
1
795
4
4510
55
226
121
31
136
239
97
31
33
3642
56
27
22
1
261
45
39
149
2554
117
1
4
1
20
1160
53
158
82
449
33
135
73
589
1
9881
544
38
275
81
464
167
505
117
64
5
2547
15
8
2
769
42
59
139
1954
253
49
94
528
26
25
100
3924
154
5187
478
1516
1
32
1
197
84
183
26
53
127
1899
11
446
16
327
504
28
486
101
460
496
49
706
24
13418
153
369
10704
321
2
1941
6917
225
179
218
85
40
7
46
108
96
24
219
18
54
5
67
132
622
1376
195
1
33
53
1
260
63
18
24
533
22
26
22
71
142
370
22
57
2
44
28
728
352
109
434
44
307
7
15
37
2384
179
85
14
572
16
2
1369
11231
537
939
1114
5
132
1
23
33
34
21
66
6
1
6
20
771
51
1232
11
1084
471
1
14
312
50
245
1189
53
2244
65
89
147
126
1
319
2910
53
146
97
48
2
39
4001
559
42
123
86
23
680
192
811
370
504
15
387
56
14348
36
76
23
119
24
345
265
1933
37
72
33
1449
736
547
445
18316
27
1171
2600
731
1180
475
152
3
1465
64
114
131
17
85
64
100
478
72
311
3
378
40
6
2
13
1203
90
8
227
44
219
451
5
17
168
25
36
411
7
105
304
203
43
263
64
378
275
1
127
260
41
122
33
53
26
94
33
87
113
255
558
16
751
17
22
210
2497
257
1
75
23570
297
731
19
267
558
12
9
174
323
14
40
1
45
1
481
1343
78
222
6185
90
71
69
76
1
57
21
80
1
17
1
456
826
9
2421
14
27
23
4115
40
342
35
510
293
324
64
1
267
1025
670
1070
106
35
58
1969
77
1071
305
65
485
73
92
52
1866
390
24
27
56
30
1
38
108
300
808
219
35
44
27
874
202
90
66
343
5
14
4430
168
16
79
6
3
15
82
158
2030
1988
9
66
75
74
154
77
231
70
219
11
18
436
86
1050
