332
6
21
1
25
68
3413
105
19
309
1970
1311
74
192
152
3
834
1
237
5272
1169
1008
6
56
13
961
1366
116
242
8744
76
1
396
102
577
55
778
132
192
9
701
45
176
35
321
8
240
2
105
1
549
19
8
13
105
2
64
580
155
16
839
1
20
854
40
88
41
60
1767
53
20
674
3128
878
44
2030
92
88
4470
388
17
55
1208
1064
523
269
123
2
722
30
6
77
25
23
15
175
55
16592
42
8143
171
1
152
452
324
24
2130
77
35
68
88
105
115
670
97
210
89
253
862
139
451
322
948
165
77
161
2544
25
491
114
872
750
64
1
22
269
81
817
3059
153
2849
143
6
41
1
1173
465
302
1366
166
592
548
41
103
834
639
6
1022
4269
271
270
439
253
539
18
172
220
1
87
52
41
158
196
363
771
765
31
65
518
496
114
23
155
269
49
398
41
15
3
70
342
1203
11
47
16
25
222
33
71
40
382
1224
450
93
1188
695
220
689
808
692
687
128
55
288
28
95
1108
913
1774
234
947
51
949
41
784
556
67
232
246
7
287
295
747
49
159
634
87
422
447
38
55
55
310
532
1557
112
397
235
43
93
1
60
217
14
801
446
820
1708
283
9
107
29
165
5
43
2066
25
118
158
11
1428
208
3119
26
17
27
394
25977
144
88
832
243
58
1045
39
202
19
204
120
747
60
324
17
95
125
76
117
52
6
217
119
92
14
381
9
7
74
233
39
111
127
327
36
46
1243
1
111
3098
37
2
47
826
434
110
581
354
14
1
4
107
30
179
586
814
373
299
95
2
1323
1009
613
11
54
18
2
1484
25
342
1145
119
5
129
226
240
60
3287
7
80
68
3031
1610
512
1718
11
751
1
372
80
1367
136
265
236
5
163
1356
956
405
69
69
1719
48
49
279
59
890
373
5186
1266
111
39
427
59
72
121
17
2831
120
113
1347
63
2716
169
27
23
34
118
556
555
283
11
206
102
52
68
60
592
219
92
394
1453
1194
1
119
55
1
88
24
22
71
50
6
252
311
3
4
137
107
259
1
157
189
44
634
57
244
26
13143
284
226
12
28
29
13
81
182
13504
75
409
485
41
774
154
1381
28
1
109
760
122
180
555
1335
62
384
240
775
1846
94
790
68
406
429
1234
1816
4
996
37
960
590
69
1945
786
54
148
156
359
964
38
78
2370
11
2911
62
113
9
546
29
15
206
333
13
63
73
36
94
105
1
96
355
272
35
446
894
87
52
66
381
382
1
14
21
1404
121
546
1479
17
18
369
509
85
79
1002
732
788
233
394
252
79
379
180
502
260
2372
53
19
125
21
11897
32
31
335
725
40
40
22
130
185
112
230
419
1181
96
31
782
59
60
13
72
1021
1079
23
33
7
15
54
645
549
1156
943
806
927
1004
848
310
27
254
2958
353
883
46
153
1806
482
84
102
11
166
1127
1212
14
4285
1413
51
613
87
637
616
81
70
2958
400
74
19
13
25
379
206
325
165
446
92
12
196
527
386
537
29
219
11
134
1
275
322
289
126
130
452
73
93
348
321
12
157
406
1505
64
998
11
44
2130
1
254
79
1574
62
3022
45
40
3
109
52
32
743
70
627
47
2271
1746
57
165
36
83
19
1036
647
17
932
504
682
32
116
468
584
231
1276
297
14
651
37
75
317
1
48
81
155
644
52
1806
534
520
202
649
104
311
974
358
4278
275
1
238
228
104
1
184
191
169
51
1500
14
19
99
275
477
13
173
987
21
129
477
1090
42
957
849
14
275
116
179
10
838
42
5
27
17577
97
75
211
30
192
205
41
1035
350
273
107
1
24
356
1655
1235
234
839
255
14
1457
374
558
184
205
24
35
47
1091
51
72
494
18
649
1698
24
249
116
142
54
2083
351
1668
320
3
28
1081
1
422
138
12
156
2462
498
43
40
10
61
224
204
5
45
12
211
766
86
93
125
153
490
2
160
553
150
280
284
268
201
24
1937
355
266
356
203
1735
16
369
59
58
402
34
549
495
14
373
626
652
42
857
240
78
94
9
64
3
125
44
86
16
1
3
832
1
375
466
180
1
157
63
821
87
794
37
1313
517
66
261
1454
179
65
93
10
841
83
22
162
267
44
52
10
14
77
27
15
1
28
68
289
4
1
251
242
21
18
60
1777
123
596
468
290
632
15
263
67
94
60
526
54
728
66
1469
118
1076
1077
7
7
324
2226
73
438
623
681
160
148
158
393
114
330
119
12
14
22
1665
190
510
14
49
96
49
200
24
154
69
1498
91
443
1015
24
590
380
22
1
1233
24
1326
435
24
39
663
783
30
1972
139
284
158
190
17
795
4972
259
113
94
56
723
3293
293
934
94
550
140
259
436
2
170
70
110
41
99
1700
385
12
70
12
37
64
262
23
2427
248
14
660
148
902
10
29
134
3117
414
514
677
16
1004
441
88
29
585
630
856
418
74
37
428
87
480
60
932
178
166
7
249
9
4
406
1001
30
774
632
121
267
2
63
208
66
329
1
1448
561
1126
697
999
741
808
73
452
94
991
157
69
1013
40
19
38
822
56
3542
307
835
155
34
441
185
556
35
26
46
221
141
759
305
688
201
1964
129
281
477
309
403
82
267
1763
37
1
348
1
1
1
8
137
360
99
1013
20
120
221
310
143
271
264
236
3170
129
719
56
376
10
29
59
364
19
282
1675
37
140
239
1
133
82
48
65
879
147
786
319
1
2025
4777
355
33
252
50
9
2201
31
153
277
34
493
24
1110
500
1118
111
67
886
61
175
15
217
1116
29
61
79
512
4
22
7840
134
70
1148
362
35
31
247
12
1686
236
2694
708
1183
45
174
1384
544
23
423
178
3
859
1423
64
935
1693
115
2228
67
350
108
29
29
241
348
3242
452
239
2775
35
130
247
449
1494
291
114
1869
88
16602
1
1263
125
39
440
56
1422
77
1
492
29
130
407
47
44
56
3
14
1
27
70
838
928
1424
877
70
884
9
1892
1969
313
379
125
25
240
18
51
437
134
2960
119
11
42
789
91
1
483
247
8
994
31
179
21
123
37
642
512
24
47
389
15
1001
936
244
13
303
1070
594
11
14
2039
76
675
1580
196
298
1
907
1496
1696
149
390
2977
528
50
115
69
214
41
1209
3
368
16
8
181
787
46
386
75
871
14
13
609
307
504
31
118
94
31
1508
16
361
216
2199
35
250
1305
23
263
370
11
122
49
420
1
40
75
18
243
174
31
44
779
174
65
33
14
40
1
15
1753
13
459
1
436
1024
67
39
27
115
13
803
33
522
41
38
1359
53
35
10
7
151
2014
2722
4776
96
198
484
117
128
531
49
11
2
48
82
135
104
36
116
244
156
462
8388
62
1318
117
283
73
123
917
491
107
238
1043
57
13
11651
134
225
95
5143
180
29
29
1540
1166
155
78
1292
2562
292
3
56
2503
7
3545
54
4382
2173
10
2211
3
1428
123
35
22
1034
184
124
40
385
28
71
225
324
30
55
81
17
1061
135
252
702
1
418
4585
64
1442
126
425
49
449
19
44
185
52
454
2557
372
60
242
15
1803
113
255
488
61
208
1
395
424
15
96
50
13
9
216
383
3135
392
2214
3922
265
327
1359
2
455
494
228
24
1625
1258
1467
431
972
641
47
36
318
182
455
107
90
855
5672
47
2
85
3
774
48
9
179
126
614
176
336
7
416
53
1043
202
5
388
18
136
223
16
1030
36
36
518
22
235
50
1726
270
10
12
203
892
1161
64
3762
94
11
30
563
99
126
269
137
61
5
113
54
6
4115
20
36
53
173
1542
53
1278
524
195
1299
9
287
86
8
29
26
203
109
377
20
111
21078
429
1467
117
243
856
465
12
3178
127
176
52
992
38
19
258
769
292
15
3
372
169
103
313
324
124
384
604
221
291
1243
1188
26
506
221
234
1
104
138
416
214
53
91
65
21
62
95
82
89
340
85
2078
1400
30
15
10
7
2264
1
608
51
805
1
11247
462
29
1140
57
1275
7
8
27
30
1887
200
23
621
7
503
933
141
26
140
76
34
288
19
1101
85
316
38
46
41
323
212
900
256
209
1212
700
78
10
1683
45
1286
387
227
59
82
710
305
3403
262
347
16
572
311
82
19
210
305
179
883
24
655
25
2
174
32
640
8
17
221
124
119
5647
1978
1755
61
98
850
209
8661
513
1663
729
237
53
32
171
48
595
1627
2385
324
79
32
19
275
170
15
253
90
261
733
688
332
193
373
1109
991
135
775
1479
2831
133
169
59
84
733
1629
942
112
52
1634
1660
45
1
605
60
50
58
131
81
23
41
111
206
2
3157
388
96
659
1051
1
261
235
455
512
68
659
284
12
769
193
65
23
47
3877
288
140
906
13
1
1265
3816
584
14
123
941
191
173
1568
60
91
215
25
1157
136
153
80
381
262
11
18
540
79
104
236
22
1417
29
515
15
119
810
10
55
122158
308
70
176
108
1077
277
381
30
358
738
35
6
127
73
88
72
139
81
3
80
688
301
396
238
38
367
414
4
704
75
57
308
205
138
61
12
246
139
1312
57
29
55
1
76
15
504
550
99
6492
1734
230
357
1688
43
5094
198
27
57
23
22
741
325
981
17
224
48
1011
2
612
206
573
1
113
157
37
625
1064
2187
160
2510
79
141
62
195
13
14
85
885
119
221
1225
197
133
141
80
40
71
1559
8
92
64
579
73
393
1203
178
248
206
562
1
78
406
474
25
83
226
41
397
23
135
350
92
3940
27
835
23
156
13
580
405
32
48
1470
1926
17052
68
60
55
59
1020
22
110
67
30
1
205
235
306
167
834
32
233
32
32
460
557
315
667
83
274
1272
2
34
41
435
140
79
291
123
87
2
18
4251
121
54
16
51
1289
14
37
691
188
70
88
4
1021
50
18
4
279
20
73
147
624
205
410
97
1
1418
33
132
118
382
67
413
272
552
144
93
86
18
401
59
70
73
21
143
363
57
765
5274
1174
1262
80
343
727
1
84
830
103
122
57
59
483
87
1744
863
2244
1
569
2682
539
253
1089
278
90
446
106
1001
238
36
137
16
19
420
478
38
2
19
1406
244
696
16
274
76
41
222
17
1149
1909
900
162
33
24
711
62
166
956
4
31
345
4166
17
686
73
606
923
468
29
202
155
1981
39
1552
540
689
17
22
139
189
57
420
127
997
57
23
62
1
691
87
154
108
133
32
143
1
3070
79
91
98
7
67
874
162
24
610
75
5
35
71
874
344
19
117
270
128
120
967
277
771
86
1
55
538
208
92
169
70
284
40
1317
1
3293
48
4107
43
234
460
143
106
123
21
1270
65
6
526
40
67
3431
103
213
622
751
106
3135
7
52
366
52
3367
626
217
942
120
139
306
600
86
18
4
241
644
648
92
98
504
181
638
991
56
86
569
1
1721
136
143
442
10
40
6
64
640
11
790
3
56
989
245
23
129
85
265
298
15
35
239
228
206
135
30
1223
137
555
2550
748
2174
2446
539
54
248
2006
18
2324
9
18019
289
590
629
577
31
22
430
601
114
285
1396
394
1212
680
3317
1
36
575
18
29
34
128
50
112
19
271
1549
209
139
112
258
203
608
549
3463
5707
64
45
7
124
186
29
11
1951
88
245
6
468
9
147
303
1037
2668
2513
15659
732
1582
58
332
1
171
52
7
77
790
254
808
68
59
1100
2466
5
281
120
47
5
809
113
115
7203
4
268
67
188
331
2125
616
99
1391
211
1973
460
1473
1403
365
117
385
1
638
309
542
301
433
289
1584
21
1197
590
25
42
92
86
1580
22
113
823
888
264
356
2820
329
1651
37
39
183
171
413
18
14
204
87
83
107
519
46
246
24
11
1103
14
168
124
207
157
178
132
204
1823
716
1
190
658
210
180
22
502
1
182
1
1949
63
1
984
39
484
201
75
1269
885
73
856
89
1
560
305
1
111
326
447
303
152
136
177
200
99
139
1673
2348
215
168
27
10
675
31
2165
54
62
387
1610
268
11
316
358
149
2
1
88
12
432
31
63
1
16
707
123
1
476
77
70
93
48
72
148
27
862
307
2642
1301
196
13
181
121
79
4
70
20
116
720
1074
492
740
73
