1
1608
11
1528
75
187
63
85
1
2864
133
171
77
18
216
6
104
530
143
1429
46
275
1867
166
183
456
640
832
195
166
131
43
707
327
345
466
452
627
483
305
372
50
331
1135
968
51
283
425
1
22
585
467
119
747
939
40
311
1441
63
343
218
309
120
184
54
327
450
48
42
482
245
226
164
221
453
245
253
1239
732
50
705
907
174
53
387
106
316
497
36
113
450
792
86
284
108
122
143
381
630
44
159
249
333
221
187
265
301
843
176
206
2078
479
120
128
323
260
190
143
3798
366
28
87
151
54
665
331
97
253
356
813
11
216
52
81
446
57
154
833
375
1759
559
53
156
27
577
721
7
44
373
324
69
224
527
319
176
374
592
532
308
322
311
285
93
156
457
1823
399
950
562
125
1115
488
582
959
417
211
297
20
52
89
234
364
219
944
1449
59
219
137
70
283
251
24
992
90
2009
76
24
446
399
1206
128
43
80
725
1823
26
66
2404
114
1531
76
388
193
2642
250
405
503
2
123
93
189
103
1216
647
1682
367
231
108
356
896
65
1422
54
1197
173
18
74
15
553
104
511
667
223
125
658
32
695
108
402
917
14
26
64
1017
899
954
1207
444
40
194
56
201
679
252
86
386
21
46
982
330
601
263
33
308
18
683
151
1087
200
555
817
1257
979
221
92
51
169
437
846
3028
269
75
70
70
1395
136
62
1243
13
158
1779
207
254
105
555
137
284
157
180
272
1040
228
54
451
150
85
122
5751
380
2200
121
175
208
139
660
3156
97
293
50
14
299
1414
81
545
405
1435
146
108
1509
5
421
1656
59
524
365
250
160
996
923
214
851
564
140
185
177
124
32
35
351
855
742
555
254
406
251
11
522
234
196
189
1256
341
879
236
28
430
402
13
64
390
332
872
1046
248
114
1219
111
359
80
271
255
679
2651
933
136
122
191
61
31
1315
30
836
949
259
208
754
57
242
398
7
538
1099
1377
175
259
118
40
1055
198
341
159
102
153
590
1231
224
213
298
218
