72
10
301
6
62
9
241
17
1
200
2241
7
7
10
467
18
682
9
118
57
4
108
36
20
110
17
87
5
91
40
478
4
113
8
3
6
25
109
29
61
41
7
82
3711
50
201
113
1320
2
26
153
530
68
16
53
57
264
22
53
154
1612
135
104
1107
39
13
158
98
214
159
865
9
272
26
98
14
67
14
2070
270
46
17
173
5
557
283
150
16
25
290
3319
32
4
14
286
95
115
55
36
434
43
86
213
454
10
5
112
87
18
31
11
100
494
10
38
72
779
337
22
118
10
43
16
480
371
7
138
118
265
67
352
219
49
30
12
98
43
84
1
6
696
19
144
10
2
33
55
136
319
1
38
18
212
65
6
17
27
26
22
84
15
23
31
34
389
18
28
2
3
6
151
922
49
140
3
13
1
83
5
51
15
2041
26
18
44
26
19
19
1
589
39
454
20
1
67
501
21
81
22
149
35
3
2
48
35
226
28
320
76
11
14
74
57
466
21
161
926
2
2
27
19
27
17
22
95
3886
43
152
42
8
6
7
280
335
21
20
30
10
64
5
612
50
45
135
30
45
6
83
156
41
39
20
36
24
7
643
24
30
91
14
4
50
286
2838
11
982
130
243
201
13
66
366
17
26
140
102
1
1400
11
15
18
78
61
26
9
36
40
74
202
8
8
28
7
43
5
1
33
20
2
1
10
28
19
1696
188
30
134
5
355
72
26
29
30
8
17
18
5
72
1747
83
47
21
183
106
54
26
1
14
41
170
7
58
1433
51
87
36
100
18
69
17
18
15
2
9
3
5
1
246
32
34
40
29
4
4
18
110
100
93
36
1
10
26
218
241
909
5
22
47
204
41
33
195
34
65
18
3641
6
17
19
4
49
33
18
21
27
31
59
146
17
32
31
383
200
20
42
68
34
1
21
41
43
16
22
1
121
2245
47
29
1
57
4994
50
37
17
1263
23
20
4
30
300
129
4
216
109
9
979
18
1
22
322
19
40
29
111
61
94
169
83
27
10
106
175
46
30
150
132
25
10
4
3
14
227
74
267
5
21
40
101
114
39
257
10432
34
15
14
27
13
35
13
2
17
1
158
68
62
41
19
4
7
66
209
20
46
25
62
32
7
22
401
15
111
71
9
8
509
12
411
18
27
241
49
22
1029
47
40
2960
406
24
73
9
35
18
22
27
27
31
22
12
122
305
170
66
1690
105
52
115
16
13
299
1131
67
59
29
7
13
36
39
10
73
4
97
24
139
878
100
584
1944
674
286
684
173
23
53
274
12
408
16
1144
188
263
32
46
4
23
186
108
10
219
9
302
22
94
536
26
569
217
260
6
32
27
19
85
20
205
131
237
173
11
28
18
172
220
64
998
130
525
9
120
6
26
12
890
13
2342
150
30
1
213
1
52
6
22
610
103
21
29
19
768
7
8
47
1964
1932
21
211
22
33
89
40
1
17
1
96
208
155
468
619
