9
288
31
445
35
2459
66
77
552
1924
2452
3703
384
372
19
909
1048
217
189
5242
2338
2587
4027
328
353
3646
12567
3281
2006
35
97
6945
97
31
1102
5208
2703
1627
47
125
40
1950
251
919
40
63
4626
637
1115
310
2267
10661
260
390
4780
342
290
74
84
657
670
172
1056
1601
285
1602
244
3054
8239
2383
4853
6
1253
190
625
73
47
183
74
4663
6391
448
1197
1717
82
784
72
227
2087
571
369
1261
3422
239
692
233
1398
10
891
138
262
86
997
4
488
4695
20
118
1447
63
906
432
7290
796
1131
558
255
31
74
252
467
2910
596
756
216
5855
86
6682
1573
285
261
2087
2479
2125
12713
746
567
2442
177
67
1237
205
442
3751
104
2385
20
201
432
7050
434
1682
310
252
2390
210
674
90
464
31
53
56
497
456
5821
932
75
2661
1198
8793
878
523
125
344
496
854
1913
108
