71
72
74
1
485
4
202
1256
4
184
211
121
752
96
126
528
408
63
6213
76
1
1
130
145
44
45
126
21
80
1
1
1
191
206
1
74
227
173
1
7
5
122
71
75
128
1
82
250
463
201
595
73
75
447
93
183
86
553
286
610
265
449
1
174
75
249
4
1
1
144
157
119
1
538
1
93
9
75
73
1
86
477
72
1
198
3
92
88
1
102
167
42
1
1
118
208
203
78
119
350
10
1
1
292
85
1
29
44
252
247
360
1285
150
72
9
76
75
1
10
75
80
1
1
1
42
20
13
798
546
262
249
44
70
75
1
98
3
13
1
67
1
207
1
75
223
264
71
75
74
76
152
1
1
83
207
247
131
118
286
1
207
75
94
1
79
342
107
138
35
377
1
120
72
1
83
73
194
110
9
125
1
1
180
76
228
73
82
80
1
190
386
1
68
1
125
1
1
548
253
53
30
1
838
1
198
75
75
221
83
76
75
79
132
176
272
288
210
15
1632
251
1
112
617
102
73
110
104
72
212
