125
122
222
195
501
8
260
143
252
272
138
211
123
254
236
373
9
122
14
212
236
121
753
280
246
217
414
288
586
284
260
461
161
443
120
265
182
248
218
123
150
120
124
242
273
121
190
396
244
254
424
126
16
150
330
122
236
125
247
130
121
85
241
24
123
12
416
297
247
250
122
232
245
164
609
245
529
98
248
121
282
247
246
30
920
291
117
295
152
263
121
133
192
279
437
125
245
9
180
105
259
161
414
1
293
153
49
270
120
14
128
140
128
33
11
500
122
334
248
1
246
215
232
117
231
125
212
128
355
142
133
245
215
123
218
173
246
126
125
313
187
182
243
272
194
144
166
255
213
52
220
137
246
976
135
100
240
122
151
227
184
16
170
145
205
302
