346
246
282
183
469
270
153
376
153
503
1122
277
249
261
165
253
243
158
273
424
152
277
166
663
263
283
207
3
282
282
181
242
260
251
1455
306
278
302
273
123
523
280
280
289
440
257
10
278
694
332
309
571
151
296
275
362
306
301
267
267
1349
276
272
273
117
81
289
326
134
18
1
267
276
284
311
97
282
660
255
574
266
199
245
184
280
269
155
446
166
210
243
291
270
277
162
244
162
237
365
319
621
2
748
285
158
151
244
281
297
280
253
122
467
302
274
325
5015
161
238
243
1
124
355
367
152
332
287
482
265
283
311
327
383
151
128
792
154
367
1
135
279
269
276
252
221
294
281
214
325
307
298
311
174
216
133
176
295
165
288
295
308
639
279
254
385
281
633
278
557
927
254
26
218
316
279
152
146
236
155
329
140
488
235
1908
179
125
332
272
1
25
289
206
154
278
152
278
151
229
276
312
29
268
304
760
364
155
312
287
88
458
2
513
296
151
351
301
274
250
1399
281
351
732
288
300
7
303
277
128
286
484
152
194
332
301
277
143
413
331
258
155
311
171
291
4
44
250
251
556
184
572
476
209
201
1700
277
324
353
276
271
203
250
250
1804
277
360
151
347
130
271
151
292
910
5
252
291
1978
272
265
71
276
297
129
179
171
221
1
337
662
654
285
516
388
353
453
275
341
150
296
246
224
282
271
244
151
419
276
281
278
1
268
143
280
621
309
