32
135
2898
1173
70
709
107
873
232
517
1715
469
902
178
9009
75
132
353
45
55
158
381
310
773
355
148
130
132
20071
80
1547
216
361
47
7
559
1020
335
126
209
1362
6933
61
37
10144
22745
565
849
38
35
633
797
306
145
625
50
4515
4737
194
64
2379
529
231
507
14203
137
447
19
90
393
17
1180
125
274
955
34
1704
4309
344
22
8022
116
2204
805
516
267
244
204
207
3
451
564
12
296
2102
149
25
596
94
271
455
78
79
1708
291
1277
872
1163
1498
85
14
4
9818
648
50
468
3
33
1244
435
1296
780
22
411
183
428
682
2560
198
108
24
195
1971
227
656
761
141
69
2609
103
486
74
1814
691
333
38
726
278
135
110
72
2198
90
102
157
15
195
136
20
80
195
305
223
409
175
1070
50
1136
328
8
2137
1393
770
169
1673
283
186
310
269
400
190
154
141
209
720
859
212
7
1640
278
47
165
117
17
567
7188
67
60
1002
1762
84
616
124
1064
736
5066
7
502
656
285
2165
209
631
279
135
318
667
514
343
847
807
90
169
661
3
445
135
155
34
4444
3
16397
10
10
604
63
1079
192
13
356
36
500
190
13
135
1104
176
1575
345
6997
6250
2670
374
27
450
8528
27
45
882
2238
340
2723
115
614
147
835
673
5111
1232
133
1772
1581
23
258
1898
149
1072
199
17
124
133
192
642
254
60
171
218
13
2107
864
193
1185
55
660
5
2624
605
1137
620
1429
6628
156
1122
269
721
472
278
134
1264
11
150
1
291
57
3554
21
354
604
24
790
1
430
87
338
2063
126
67
3496
354
40
293
403
9
60
132
441
462
196
11
1465
43
286
1015
610
230
129
107
165
249
145
105
3
4660
162
822
214
1630
207
123
46
470
164
401
139
213
310
194
281
10982
30
1782
490
299
112
8708
115
124
825
74
410
112
1097
5
1
1993
8
14
903
43
153
152
271
7
76
552
309
466
163
205
460
276
208
156
166
306
133
769
