3744
1409
6680
18
1115
127
226
15
7731
3
10576
237
3572
8
3493
4820
419
26
9
3041
311
31
9
5985
69
540
642
27
8
2240
51
1047
91
77
13441
44
5
5
1236
137
256
72
263
2199
189
3
570
76
2732
1934
1
3173
580
1203
341
145
3716
13
1
3834
3
1
6307
2118
1745
4357
55
4078
2634
3748
29
125
74
77
24419
1299
1583
4198
90
2546
472
14
411
1270
297
622
917
264
3691
605
8538
67
1248
2116
5317
39
6
9
1465
63
41
575
185
4939
11
174
3965
46
265
13461
8
7
22
127
72
533
1746
13
37
1253
18
1186
111
123
61
1215
1464
32
1
15
1
7
1066
9
1073
395
511
78
925
958
718
3443
54
8450
5792
6248
5944
16
234
1357
36
1044
3
99
55
970
2
157
459
192
87
412
6
1147
41
6999
291
631
282
10
6
2144
9
1913
23
4998
187
15
39
228
827
2385
800
5905
23
3127
2
7
397
5
2459
1
71
104
41
48
40
1
179
3494
17
10
225
7
40
1
1646
1628
248
17
4332
7
121
853
16004
129
1393
9237
3
97
19
1084
397
626
12
79
1341
2860
1114
45
395
744
701
892
56
263
6
2880
4226
693
3733
2646
1389
251
3
354
1992
437
4497
75
40
2873
1213
5569
1023
122
165
3874
3
375
4144
9
1630
391
50
1
149
1510
786
79
720
200
18
6
19
90
660
2988
1
3
1785
185
5
2
121
1352
569
2
2516
60
28
2
419
19135
230
328
6
548
545
47
2863
2
56
56192
265
72
186
5627
19524
3
65
125
33
10
2215
139
2
3
72
15
72
171
67
4
1
577
890
3
329
610
212
436
573
119
483
24
100
311
5
13
1192
1585
2
695
277
17
26
11
2
11
1306
16
175
80
84
385
13
1662
87
10
990
752
389
40
1
231
317
1
8
11
83
553
121
1065
214
202
630
118
6746
21
259
20
103
3
16
38284
27585
28122
2063
2815
254
17
21
33
2
543
905
148
25
1433
10
109
1
190
1093
767
14351
1
1472
31
2
3473
23
115
2
16
75
1
26
2214
17
2
9601
263
201
82
5253
158
1
9
292
48
14
149
1053
33
1066
870
1
201
458
36
339
31
52
1127
97
961
2031
30
4
325
24
33
28
2
78
203
15
754
58
499
16
148
26
20
1060
777
3929
763
3754
32
375
2282
2
31
25
1498
2329
28
115
722
34
87
9
11
1558
436
