2
51
20
183
334
54
10
18
64
81
76
9
1
221
125
241
36
441
51
57
124
1081
174
22
647
163
52
340
187
206
24
8
91
577
129
1
54
47
128
128
55
106
60
55
274
99
50
30
4
21
69
55
735
3
9
115
55
97
379
1
19
98
5
145
9
48
12199
52
140
80
219
58
259
55
55
55
506
62
214
56
111
239
71
58
51
61
55
217
93
259
7
61
42
228
128
78
132
2
95
175
61
55
40
66
67
55
93
149
19
55
124
6
165
57
123
12
83
66
17
935
122
189
11
55
69
52
175
555
53
181
15
11
485
69
80
315
209
13
293
115
65
51
54
66
579
3
25
61
71
52
52
55
235
52
99
124
11
317
3
56
304
1
107
55
104
470
220
5
55
18
127
34
96
89
69
393
44
49
43
47
377
50
505
168
72
83
51
51
57
93
62
69
146
45
203
11
71
1
53
51
720
57
100
10
130
98
55
50
21
75
95
60
342
165
52
500
228
51
123
51
12
357
65
70
56
248
951
6
125
55
180
128
13
171
51
58
649
77
62
52
283
384
54
83
218
267
239
324
3
177
150
1004
36
235
51
8
102
48
67
75
52
35
79
84
190
151
177
8
274
90
124
1743
155
126
64
409
1391
2201
187
58
63
76
66
51
263
61
68
173
55
55
71
204
103
279
171
199
39
526
175
56
221
55
56
165
69
237
72
55
