392
1
1180
66
10
124
19
455
21
161
235
469
995
53
30
782
227
55
459
2
13
31
804
44
502
20
27
2
2
34
28
661
15
12
168
149
1905
28
2649
432
152
66
2
405
20
12
21
415
47
673
2
28
1
38
25
540
35
987
553
852
490
290
385
7
100
1046
142
1
319
256
1190
85
54
17
856
654
321
6
31
1238
21
600
149
647
4
10
307
168
732
87
499
5
352
903
670
46
157
926
86
392
91
269
62
409
86
89
1158
2622
264
166
324
142
53
197
1
17
9
35
10
20
753
1
16
41
570
729
590
5175
51577
16
3204
193
5
107
2104
25
269
82
161
84
66
38
898
102
20
278
133
188
45
8
15
765
4
58
240
73
50
94
8
5
167
1
336
828
2796
63
137
20
92
290
627
327
240
7
16
382
4869
1985
266
887
20
177
833
4
72
795
54
150
193
73
304
1410
448
1
110
5
260
656
770
558
18
4
281
3
10
60
91
351
98
9
76
258
675
63
498
55
577
28
4
10
38
406
660
25
33
198
21
42
10
134
228
34
302
88
705
35
29
925
180
274
101
3696
10
3
114
615
5
3
771
1279
114
209
177
742
44
107
28
476
26
50
792
1588
1078
145
7
6074
25
103
19
3
279
51
35
356
105
9
1
204
527
48
364
158
4
525
586
393
47
167
3
413
204
4
32
549
537
492
140
16
581
81
9
23
165
521
15
9
25
9
21
246
817
55
705
565
399
65
13
18
17
1
141
6
600
124
184
23
137
219
293
44
654
227
1
25
1219
261
82
119
327
57
623
26
19
154
27
724
63
151
42
383
373
295
67
59
77
7
1147
8
10035
37
9
11
5
309
140
29
184
31
102
350
434
1085
2590
13
247
47
5
25
16
685
118
26
27
336
527
253
45
145
704
392
85
23
1528
285
318
307
279
21
15
474
288
54
23
23
132
5401
1859
1475
204
60
4094
47
124
581
322
195
89
5
4480
1118
1
251
1077
1297
281
97
1193
129
5979
122
304
164
99
18
6
120
980
11
2
276
149
473
159
4
76
2639
10
722
21
5
9
64
230
344
806
172
49
892
100
11
253
2
182
6
11
599
1331
1
1
1
1865
722
3744
13
2119
218
85
180
185
198
1084
230
93
545
168
19
79
11
141
74
4
4
18
10
10
67482
613
662
2680
756
106
84
10
904
157
63
435
10
189
25
1
147
1
3
1612
738
3
164
18
209
33
271
21
104
215
899
159
56
4
572
11
61
3
504
51
188
4
9
630
9
5
1
15
2017
427
18
4
79
214
4787
4
805
125
426
831
14
107
13
11
378
5
39
294
458
114
230
84
182
12
1015
51
118
513
6
47
451
59
11
67
118
105
86
11
60
529
377
9
13
1868
214
1536
5
385
310
570
111
797
455
1292
562
866
5
82
111
1
234
3
16
1
115
114
83
192
17
800
534
652
3808
2227
15
6040
1
2614
876
4
25
3
1
706
9
1
589
1084
129
895
492
187
354
9
12
1
2
441
963
213
11
60
1
338
828
77
1181
76
11
98
93
2880
1
68
8
16
4
21
11
305
11
77
202
1230
11
15
1112
59
1
1
1
10
10
204
574
25
814
930
17
23
956
386
220
1415
43
12
532
3
239
55
1314
585
217
1243
400
71
85
1627
309
137
46
1372
10
160
579
36
31
21
21
7
16
504
99
93
125
1293
1770
74
10
199
1
3
764
159
133
994
165
86
35
1
579
1
6
290
223
44
586
5
149
234
2
222
213
303
5
75
2
1
331
1
32
41
10
441
276
116
476
299
1374
9
862
6
47
146
677
11
546
3843
135
2924
31
176
17
47
9
233
12
63
2
9
8
1
1
14
365
1
1
733
10
650
28
10
1
16
24
696
63
490
95
168
12
119
44
681
812
1
73
13693
11
896
43
22
51
229
636
54
33
58
43
2243
9
352
5
90
11
24
649
58
1190
6325
549
24
21
1400
25
48
641
902
1277
8569
906
573
237
121
59
35
247
446
2
764
3611
1157
27
352
629
249
1
2636
1971
10
1
1
9
603
609
9
1019
69
52
153
1
255
396
61
99
756
687
53
115
42
115
284
9
60
150
4
117
20
202
1
21
246
1316
1
240
168
188
1893
2
2405
2229
1610
1179
251
22
1286
309
44
1
78
5
3
26004
39492
10
1
11
10
2950
210
100
22
836
1
1436
117
599
6637
69
8
227
360
217
38
4894
5089
1
76
1
1
1
10
222
616
35
677
1
1
1
733
1682
3
1069
1
10
13
15
1
1
506
201
3
108
199
51
4
1
6
407
1
6
303
88
225
475
2425
1
30
17
457
22
41
592
2085
696
2
1480
86
10
346
4
71
21
19
124
558
256
1
1
28
66
154
343
1
16
4006
595
22
18
139
4
8
492
5
60
681
2120
318
1148
219
1951
748
490
44
10
25
10
86
10
81
1332
634
305
3
17
14
56
282
584
3583
1840
5278
2833
446
4844
72
914
758
10
1
11
776
10
10
74
39
716
381
24291
2
21511
91
1
17
18
526
1886
7
682
1362
2
268
8
46
968
9
693
1
3
1245
1861
941
374
2183
42
7520
62
1208
1
18614
631
591
32
48
1787
7
3987
346
10
952
89
8
718
298
66
1621
132
769
71
10457
1
5
692
16
336
1
258
371
12590
75
21
1
41
13
465
1397
290
1050
824
146
20
266
2171
74
888
278
1
76
295
111
42
73
280
122
298
55
318
2186
1575
200
4766
80
5993
14
33
561
48
1491
11
682
78
40
105
390
1087
132
71
50
8
156
14
14
2788
38
452
35
24
10
10
5146
275
2874
242
21
610
1097
14
104
8
116
164
1910
70
155
35
1
2392
1
1169
277
167
32
627
1
217
10
68
1298
30
275
2
824
147
1130
60
75
70
31
1606
334
10
577
561
13
430
512
1976
7
65
10
93
714
1098
280
105
9
419
1440
661
847
153
43
339
640
5
183
202
35
1
1
147
56
83
141
133
203
77
819
1442
244
9
9
528
5
6
1037
108
1
64
1644
732
5
422
900
850
219
565
1540
196
347
247
109
1
9
25
663
305
2851
478
91
77
54
587
571
1
39
47
71
20
987
164
526
646
947
10
49
354
280
6
8
1860
11400
27
425
2575
67
389
111
1082
35
4129
313
87
1
20
24578
419
12
3
49
186
1592
4263
8892
160
4169
365
74
466
27
27
14
640
1586
20
180
215
6967
16
475
1253
18
2
54
10
595
1
620
1582
349
1
10
42
46283
10
2205
724
7
11
10
107
42
537
2
29618
49
62
7880
177
22
1
63
124
976
18
12
262
1844
19
15
42
1839
10
163
5
378
4669
3207
8977
1684
4
3
189
231
479
1927
547
10
1
243
3042
11
14
30
58
57
1
22
6
74
749
4845
345
38
2291
1064
2366
2110
1
76
9
322
442
485
6
12
222
884
252
668
182
22
14
2693
1897
6404
2356
52
6
291
7
2
1082
107
1
440
5
1
10
265
46
38
10
143
2040
194
11
8
42
137
11
10
19
1
5
1607
9
10
10
281
140
11
7
685
14
285
49
1112
27
42
547
254
806
40
265
13
5
5885
1428
2
296
438
603
716
553
137
284
831
35
2859
62
35
13
160
3349
19
4
270
172
30
212
23781
268
1923
1
10
35
52
237
1098
2383
2104
114
51
40
10
76
53
897
1531
756
7
966
814
474
10
776
333
162
269
1
10
231
4229
492
108
19821
335
263
6
221
825
1
16
2428
9
29
9
555
628
19
11
10
8
24
1
115
1
17
138
726
80
481
154
696
62
27
1329
24
424
200
9
7
297
148
83
260
59
392
69
4
981
817
654
1306
1362
102
671
416
646
46
97
1
398
17
239
441
41
124
104
43
13
8
908
657
106
5
540
660
2
3
51
675
24
6
484
1232
1728
279
47
612
2
312
1
1
64
123
124
704
321
3
1600
616
478
133
69
252
2059
62
1
59
11
25
21
1
402
1
10
14
1196
44
51
32
177
536
28
63
2613
60
2060
282
13
7688
40
11
348
18
240
313
1311
653
370
5
865
302
447
3
11
37
191
269
53
823
134
310
1
62
647
38
238
58
740
70
36
48
1566
12
256
90
25
1308
83
351
98
72
12
29
939
1515
23
86
276
10
212
241
41
25
178
36
655
194
741
10
1
99
12
1
10
1338
60
2439
240
5
189
282
550
1593
60
6
2430
48
6
357
67
974
3
21
10643
10
328
191
22
4543
546
375
440
119
280
74
3
53
77
13
8
196
26
204
690
133
427
68
9
18
58
400
415
233
152
20
2065
634
425
601
397
139
244
201
951
13
1127
294
48
15
264
280
522
14
1263
2486
49
50
1092
1130
37
36
10
672
123
1767
160
657
666
1
16
984
2
717
1264
10
20
357
73
26
15
598
78
9
10
292
31550
52
6973
1745
10
24
66
4
486
4
3
4
13
452
2976
115
170
36
207
10
338
749
1427
373
19
476
364
121
434
110
2512
1294
10
31
78
10
5
26
16
2171
295
4479
1
9
3443
6
1142
290
177
1
2843
1
11750
628
262
701
2
431
1727
97
627
1790
326
341
9
119
3488
15
8
1102
279
270
271
1078
331
11
277
198
1
4
156
600
45
5447
800
24
314
30
10
233
173
10
11
132
2
6
65
136
310
5
7
530
10
2
72
67
2
4
16
4629
12
1
1
244
926
1
34
18
206
18
19
49
3074
1002
644
1641
163
897
1283
274
2
339
264
1449
4
1026
144
69
23
28
303
35
432
1158
75
19
255
937
55
3739
520
324
85
587
3107
400
4691
104
324
316
1
195
5
180
18
698
17
2163
83
34
343
94
1303
49
712
441
19
139
36
577
387
446
451
3
2164
88
162
378
36
462
17
559
513
268
603
9565
4
1032
31
191
1276
284
261
670
647
505
1893
142
8
748
54
51
32
1
232
202
675
1751
713
4
2
92
483
1063
602
357
61
835
66
1
997
92
55
1237
6
285
9
1725
26
3
366
1102
1
10
2
1175
779
49
231
37
1080
207
1770
980
155
856
6562
139
7
128
193
45
10
35
77
188
1463
4859
233
17
3
11
13
2
34
10
85
1
4
2811
1100
62
2139
8
92
1234
34
3501
1
3
178
10
18
11
216
163
3192
20
97
5
1133
58
892
10
38
10
12
1847
284
918
91
111
113
16
2
325
9
237
6
5
2
584
393
6
10
24
9
1276
376
1
4
16
48
370
708
259
132
71
124
9
1
2189
193
2041
14
102
1349
90
819
10
2
1
195
146
10
215
59
433
46
1
224
30
226
649
1415
38
20
353
369
1
32
242
1
79
824
552
8
660
288
21
10
642
10
1162
390
336
340
1004
11
61
1499
646
989
17
70
477
62
81
484
407
1
650
1610
648
631
307
5
473
234
272
78
1014
1407
114
11725
128
1
279
19
1528
810
83
386
62
4
23
1
117
220
2
193
11
44
1
10
1214
788
758
75
1
8
1524
634
9
9
383
8
54
255
7
10
1
310
12
63
4
288
141
611
132
2227
7
14818
4
1
472
51
426
4
378
1
1118
11
14
511
8
204
220
34
10
456
330
35
12
323
4
233
676
285
222
13
1868
183
10943
362
21
127
1727
195
79
279
534
2
581
1
435
440
712
230
243
2317
25
433
19
103
22
44
27
104
13
534
4
1019
15
1
6
2305
151
179
22
592
8
36
86
437
628
12
1
16
639
14
11
183
1
44
179
240
214
488
281
10
10
125
312
176
4737
103
23
402
53
15
108
10
924
107
187
108
48
28
443
35
927
51
4
3684
303
559
4
985
5515
11
10
1208
479
147
2
1962
16
41
3
117
24
1
7
350
1042
400
65
9
264
1
1257
10
107
80
4
604
39
921
335
423
34
306
765
414
523
13
23
135
70
332
1488
286
1441
33
28
656
691
40
193
22
79
138
87
1
155
24
69
385
9
417
10
255
20
1
97
1
246
802
15
13
18
1
12
264
4258
50
69
214
31
311
24
278
1
457
779
12529
636
173
60
143
1
309
482
1
1
176
39
335
3
84
9
76
296
33
123
11
10
159
1109
439
207
99
9
233
7
581
1778
20
1428
2987
28
146
84
434
725
1221
760
60
97
561
607
8
21
8
6
37
110
162
21
1107
10
373
135
423
341
1267
168
172
19
512
4847
11
25
427
445
144
359
241
265
2
10
1272
33
3312
1
19
11
146
20
27
2577
1
9
32
10
10
8
6
1352
1
28
1
54
30
4
11
158
15
9
520
10
1
2333
214
183
20
473
315
215
8
519
107
538
831
5
4
91
814
44
4
45
6
446
4177
8
33
128
956
10
92
306
77
7273
1714
11
356
923
434
932
8008
710
96
40
183
35
420
1
16
34
1255
306
24
75
2552
50
16
17
2
5
894
14
5
6
6
142
20
4053
110
1498
181
49
1
4265
301
15
5
1
164
9
774
756
443
39
545
11
72
725
12
16
1
745
908
890
119
30
1
149
1
59
4137
10276
11
11
1
1
10
10
12
490
91
125
180
80
6
139
228
1
101
10
14
165
9
84
546
141
198
11
11
399
143
593
303
7
2783
75
10
6
2
2
10
11
231
10
311
144
11
233
4
36
1509
156
40
34
359
108
3
241
47
1
55
82
300
147
2
45
2
3415
81
15
42
5
6
33
183
40
35
10
72
1
77
223
1
4
1104
8
467
34
3
89
934
10
108
118
263
10
605
1527
23
442
60
4
62
35
110
719
28818
39
40
189
55
295
249
235
41
98
722
50
1641
35
31
197
107
10
304
123
31
258
89
262
70
96
2199
371
7
1
38
391
10
488
9
21
406
554
3277
1270
1013
248
1
1
1088
326
403
277
279
275
22
10
240
5
5
431
30
1
240
225
11
1
227
38
28
217
169
1
184
1
5
239
10
454
164
197
146
1
271
1
233
310
6
245
23
214
10
450
625
7
146
574
1787
1
38
6
336
22
87
112
66
672
200
2324
1
127
24
12
10
1667
366
103
46
373
64
1
85
110
327
9918
78
353
294
1590
480
87
93
1
232
26
221
226
12
39
5449
5
54
52
173
259
8
187
2332
408
11
7
428
32
1
3
11
11
299
69
280
37
34
157
182
307
1
207
61
615
458
1
82
46
15
9
61
2
24
15
24
2209
210
26
3
1
1252
300
127
396
18
1
10
907
848
1
446
13
831
10
21
1
13
9
969
2
332
18
39
12
2
1
487
79
9
10
3
4
1
132
14
217
10
196
1
10
234
963
10
11
3
10
2805
3944
1
49
8
67
78
283
1117
10
4
54
1485
384
105
626
141
43
49
399
868
686
3
97
464
47
1610
21
541
936
3109
38
722
12
1
56
1
2332
179
4
2009
12
139
2
5376
35
16
15499
2392
405
57
1180
69
6
3
1252
10
83
261
11
28
7
603
1073
16
8
1
657
345
137
12
96
10
5
742
43
19
73
21
315
2968
311
7
69
1
12
10
2692
846
4
29
345
175
10
6
4
20
1879
1767
952
1
31
3
352
33
271
394
366
615
5822
604
10
1
74
1
179
89
6
53
47
2504
10
710
1527
5
83
1500
207
192
119
9
826
1465
232
12
617
234
264
77
89
55
14
73
784
270
691
38
104
164
11
29
348
10
2040
115
1432
269
13
8
1743
73
63
8
48
117
5848
128
418
875
663
30
17
84
1
1366
94
100
323
565
204
10
265
173
1002
2
46
336
1
39
192
31
100
26176
33
42
1214
91
523
2053
654
548
583
19
6
37
751
1359
126
155
30
52
40
177
67
541
220
218
816
58
324
1226
10
112
429
6
534
1131
260
396
21
155
263
949
10
175
363
298
10
5992
154
1
22
20
946
412
21
19
106
1805
201
6491
376
537
61
170
4
351
73
674
46
1
305
9
917
211
1
56
121
387
124
51
537
19
484
24
19
14
415
645
27
13
83
260
348
15
12
595
884
4
8
340
468
855
5
103
36
142
3
654
66
124
9
15
25
542
2087
521
10
353
584
1007
355
626
78
334
966
536
52
92
2614
2123
1446
25
22
28
596
444
154
1
3
11
10
40
132
3
103
316
750
13
43
11
10
3
701
194
74
157
256
1
22
3
34
11
10
52
218
1234
113
1
14
43
110
946
95
29
10
8
5
8892
374
3
26
299
4383
50
160
20
2826
55
43
18
1845
65
1529
156
220
40
347
3
1250
65
64
149
735
336
1
28
10350
3
194
7043
108
491
1343
138
1639
13
43
470
3341
175
6
412
51
1
1
71
46
21
94
5
112
35
16
233
219
314
96
139
72
31
194
110
765
696
278
95
515
327
805
395
33
11
286
26
108
132
10
816
52
2
588
11
762
1261
112
8
15451
608
9
36
266
314
13
46
9
187
1420
7636
9406
72114
1
17
2722
1571
18
3
1
812
8
285
1036
2001
3
442
3816
955
386
458
673
72
14928
24
433
125
228
218
529
15
87
500
3172
481
230
166
116
621
91
10
284
118
3820
131
146
1221
28
103
87
178
204
58
820
3746
10
1198
2
9
25
1
1542
137
61
9
88
14
2766
79
1
36
1167
271
41
45
1
1287
216
13
19
594
15
1242
46
255
1381
2402
183
763
170
370
38
269
4
372
189
165
92
7565
76
251
731
8564
180
7
18
10
32
10
5325
46
48
19
22
1
5
9
363
26337
121
10
254
513
7
3287
38
241
10
532
898
73
15
1364
2273
166
23
708
12
2570
2414
26
11583
13
72
19387
18
99
1072
10
1
3104
2
150
499
107
357
66
87
1266
1014
918
2
2
594
120
1756
11
613
568
1178
538
557
6
1
56
359
1751
10
11
30
72
103
10
7
387
2256
2
76
31
1
54
33
6130
50
935
1900
126
478
9
18
8
155
164
217
6
1
492
725
75
619
1671
285
12
54
1
1
3414
1015
1
83
12
187
427
55
33
61
51
842
334
44
125
1961
138
10
134
12
1310
27
102
777
37
14
25
617
67
10
89
1988
410
16
917
2572
77
937
8
2203
260
17
754
75
22
283
14
117
185
48
11
555
421
12
12
1
98
29
1
35
1
34
111
913
21
339
287
1
70
15
343
20
21
1
35
325
59
83
11
77
1019
293
17
925
1565
125
559
347
446
801
474
2
5
522
86
1076
1194
207
43
2
155
4034
12
264
5182
16
7
150
159
259
1
838
5
130
79
45
93
15
210
105
192
678
292
1
242
7
184
222
256
32
261
10
32
9
67
105
8
1
151
65
562
7
197
307
5
1682
145
88
20
326
165
2780
12
4
6
141
1044
11
1219
2
41
64
778
368
1
7
67
2767
53
69
282
60
1
10
93
592
403
11
157
28
271
147
995
512
258
490
11
199
10
17
81
1883
249
778
110
20388
11
4
36
14
52
8
12
1088
184
54
54
348
217
21
48
212
59
3387
593
104
1521
10
745
5155
50
192
517
980
348
310
11
10
171
1702
26
94
115
14
859
19
259
165
373
59
2
5
1558
145
1
140
821
2535
729
1091
11
254
227
4
49
50
1738
796
6
22
2
83
7
756
50
1579
3
7
12
267
41
22
58
27
515
186
17
289
547
10
6
75
66
584
2
132
436
61
7
104
10
26
1670
546
8
948
3233
200
23
1319
59
300
1361
259
1158
23
304
11
55
17
9
294
86
161
5
233
780
1
4
96
322
13
85
536
308
10
98
446
66
177
20
246
1346
382
5
1
1039
114509
1
12
1006
1
3
1018
310
347
617
29
2776
10
19
258
3237
381
53
1
73
290
1
82
158
41
1077
87
53
15187
1600
808
143
121
20
61
14
1329
328
138
4
10
551
1
24
1
149
770
1625
22
1
133
194
35
64
145
513
49
382
424
400
389
247
7
527
1
120
168
1
681
27
4
446
502
1039
10
51
168
123
250
134
2
212
1533
244
897
84
208
360
59
349
5
11
178
899
475
155
344
514
1212
209
353
7
797
126
49
10
957
175
9
480
202
34
466
338
1115
254
330
614
163
745
1
380
131
9
3
10
1
21
4
1259
29
10
35
85
50
340
3
16
2
759
764
151
261
1
10
9
249
1849
90
1469
2
24
2
46
39
10
59
37
137
18
570
797
10
18
419
571
123
385
9
13
319
91
1117
120
416
113
3610
519
140
42
385
192
10
3
13
30
93
224
49
16
1273
51
1
2
350
1
12
14579
2
267
504
11
163
1
1370
29
725
1
127
8
166
5984
236
11
4
116
75
239
61
24
12
541
42
17
44
22
1
14
290
143
51
14
160
32
501
28
75
2
10
84
282
176
220
241
47
10
878
77
196
693
1298
10
17
21
25
10
311
483
370
73
52
388
5
371
40
1426
17
19
1707
88
988
12
14
4
195
5
25
11
187
1116
203
20
12
171
53
10
9
2
747
23
47
48
709
360
139
98
82
139
1352
10
287
76
62
4
1
141
15
17
454
670
63
72
30
70
30
185
1
2
129
69
1
219
403
87
21
410
6
203
15
9
9
8
37
5
564
12
616
6
9
113
78
403
72
223
660
10
753
31
99
117
1653
1
13
605
16
18
100
598
86
2406
237
72
8
13
53
295
150
8573
10
275
299
10
214
13
1576
11863
649
4
983
1
1513
31
54
12
10
36
1
1
1
10
95
5
26270
14
587
10
2
317
10
633
1915
1
10
29
309
49
72
37
24
1
571
700
31
614
254
53
9
9
5
11
361
5
59
68
437
709
1
11
20
1
12
107
1
1
10
1
9
378
42
1715
10
3
3716
31
762
1
1
308
323
21
338
256
10
77
82
160
330
44
209
281
228
429
3
10
9
83
18
445
10
146
10
75
52
899
12
1
1
102
32
10
10
28
455
496
53
5
209
439
14
1
34
396
1
305
9
55
1
20
109
20
1
80
758
150
2528
1
1
1
3319
874
170
1036
487
70
360
69
101
76
10
1198
80
625
592
19
1335
22
21732
56
22
2904
1437
283
10
58
1013
10
14
42
63
29979
284
26
795
76
15
6709
407
426
1120
168
90
5
10
58
35
46
106
3704
45
652
131
13
14
7571
146
103
444
10
1
6
43
83
335
21
5
1
10
1
8
1926
65
13
123
673
1
723
79
1396
7
30
22
128
1164
1264
348
209
198
29
1096
89
25
10
12
958
627
287
15
5
10
1
255
11
19
196
2667
536
609
1
3
572
313
107
318
1
37
18
174
16
320
26
17
23
1
1071
694
64
10
281
51
41
689
785
1781
50
104
44
102
193
115
52
19
1006
33
143
1075
65
502
3
1
335
953
944
1449
241
23
635
3519
1
788
42
43
1608
44
119
55
4
345
4349
18
323
15
251
850
23
7
1
1
2540
15
525
127
492
14
379
710
1877
427
285
151
64
243
235
1
50
1256
1
52
712
27
17
14
407
598
1191
1060
7
50
54
154
14
100
33
552
19
12
80
501
52
176
1
255
22
11
44
117
1
22597
1
582
345
4300
201
752
571
1213
22
879
71
6
1
96
309
122
249
198
1095
1243
99
910
393
19
238
109
19
822
205
723
2281
54
661
1026
75
10
1476
66
10
760
485
320
378
316
138
1627
127
117
10
52
372
10
4724
573
5481
171
239
1
1
667
21
14
101
33
298
240
902
40
5
3
259
41
50
82
58
2897
694
1054
10
7
29
3442
603
1
11
92
164
128
362
109
26
16
1
2
264
51
28
9
643
2693
5196
712
5
120
23
27018
2
517
162
67
690
1134
1
31
660
26
23
11
10554
264
60
318
16
490
118
136
36
8
611
37
7
1
276
1
2
30
11
2639
12
1
329
10
1060
285
2272
783
2
45
6
321
85
26
105
465
95
30287
145
10
40
194
1776
1524
10
427
72
68
2
1
1062
210
60
687
938
376
212
196
647
33
5
472
864
485
61
865
21
12
67
1430
2697
234
15
370
31
1
6057
7025
120
7
16
17
22444
1926
141
1
2103
46
10
16
3
4
754
1161
1382
33
4964
540
518
2626
1712
251
12
101
82
5
16
583
229
6
358
152
256
288
1
167
12
41
1
1057
309
95
436
63
321
2
81
393
1
2942
367
27
3199
145
1188
86
13843
27
645
50
99
8
20
131
188
56
47
45
291
319
2312
1683
26
613
200
173
47
139
189
98
30
3344
19
20
172
79
74
48
2
134
633
7
14
807
43
460
32
85
76
1
35
689
18
98
449
214
56
10
177
757
415
1188
22
28
87
10
75
183
9
117
9
55
119
16
284
721
172
367
15
11
693
302
333
378
1559
6
81
25
576
19
646
411
2334
8752
942
884
261
149
1864
28
9
105
9
1
2954
134
1045
184
19
10
83
89
234
83
40
731
10
2434
79
388
13
3338
1148
546
648
1
1450
1863
12
20
209
176
1666
5
122
1479
655
289
40
49
396
10
312
48
267
46
45
1558
2040
3918
2
394
1764
92
269
781
7
17
531
556
38
1094
1
408
10
1
299
233
1
5416
388
21
1
358
316
28
623
1
10
14
9
3
76
76
1740
341
168
173
2356
6488
1364
158
805
4
10
7494
6
23
668
123
21
1189
1484
79
3
1125
2595
2723
100
1258
849
56
75
7
323
21
327
323
181
29
17
756
8
1
659
421
63
23
140
3102
356
319
195
25
60
24325
26
9
279
203
166
625
1
796
4
4
12819
373
385
5
269
2
56
160
16
92
81
475
214
1422
1071
115
70
10
11
411
2543
708
7
71
200
632
133
289
2084
129
54
5
14
5
99
225
508
952
465
10
20
214
140
98
1
10
11
18
82
72
179
512
2245
2693
1
1
367
405
818
63
1
82
218
1
6
9
188
132
10
57
134
793
353
10
10
28
536
87
5
1
142
59
58
20
67
680
128
810
37
57
482
664
169
21
460
996
1597
11
714
36
44
449
20
43
1105
15
89
142
98
1
7
22
221
569
8
509
55
17
243
43
300
5049
619
26
235
114
269
241
154
10
9
67
2
75
1312
1028
47
459
94
43
6
1462
165
12
109
15
1419
64
6
1910
36
1114
856
34
457
798
44
10
92
286
14
1739
552
291
150
10
5
1
131
8
14
233
31
11
13315
202
761
50
1359
319
644
2450
2278
278
354
331
2786
867
2
574
67
201
226
236
12
48
110
45
136
10
113
13
260
1582
35
1696
86
1106
92
145
13
1110
249
76
329
239
8
4
27
801
273
10
14
605
15
21
199
1223
250
20
4584
745
800
247
10
29
612
1699
4
2871
28
1
1455
1
28
49
35
49
10
163
1
479
71
391
17
63
5
340
80
36
1030
627
297
112
586
15
263
301
1
672
999
400
986
21
405
35
86
272
694
270
3296
91
1
1
525
1
1
382
17
57
258
2340
575
226
280
353
109
10
1
335
487
463
640
90
103
13
57
1
16
33
1
1
798
56
11
139
12270
3165
119
427
17
75
15
1798
9
44
429
605
40
1
1
15
65
1011
3173
308
9
176
1
295
31
35
58
25
217
158
72
14
10
183
104
78
11
1
820
1187
30
2719
162
27
8
1166
204
2
1607
746
72
60
154
434
165
135
14
129
51
1591
6
694
3660
427
325
290
10
17
71
66
327
764
28
197
69
651
485
618
657
23
16
979
9
12
14
12
265
126
121
117
1617
403
10
1
1
9
1
76
10
10
162
650
34
650
5
7061
69
238
10
535
265
140
315
14
1
282
43
10
127
42
1176
55
786
14
1
1
234
1
4
73
7088
2232
7
119
213
714
404
592
12
1244
31
1727
429
1
675
205
112
1006
704
1524
940
44
874
153
316
1
9
1
189
192
29
189
1903
10139
54
172
312
27
1365
437
4
15
1443
23
31
575
850
10
149
120
1
356
1998
581
192
131
526
228
3
20
40
378
1354
112
96
145
249
30
68
4
1603
7
21
544
15
316
9
321
263
472
22
500
743
527
8
18
48
11
324
3622
695
10
137
33
1051
86
692
429
45
31
364
42
10976
431
403
621
235
25052
42
1309
1
13
75
223
31
123
692
48
138
10
1380
2
37
30
1129
85
92
2
37
463
3
1
175
42
3
33
22683
1
256
179
875
720
369
139
6
395
37
1
1012
13
8
487
55
155
138
106
77
276
1602
6991
23
1
1
1
7
1516
65
231
3
1931
9
50
2
38
58
76
560
82
1
10
30
154
3
1582
1126
11
20
1042
1936
59
2
1
4
642
116
375
20
141
548
7047
11
3
7
30
1
200
17
1
604
41
32
94
893
608
2973
328
50
11
54
93
216
1177
17
501
3
218
69
128
37
143
1055
103
10
993
366
2097
1
1
142
38
321
952
918
15
37
9
334
10
4210
405
274
668
19
1
10
5
161
22
140
193
800
4
10
279
9
21
4729
70
1
1482
9
6
47
1
105
39
55
9
19
54
605
58
68
471
596
1
536
36
46
182
62
7
7
822
4
1777
705
3459
3
8
541
10
4
249
77
369
662
1838
79
332
378
176
116
188
72
192
211
10
69
135
138
8
2839
48
318
3814
118
24
22
376
632
489
101
97
4
10
56
10
7
150
17
11
14
1
265
23
2085
355
119
43
10
29
278
27
68
119
1
8300
3411
3083
1
18
10
155
1
453
1724
784
56
158
9
13
401
144
156
93
1790
432
209
184
15
34
434
712
45
111
170
660
71
598
3266
715
563
15
541
5
10
10
67
3
37
143
190
3294
1449
214
576
72
406
93
409
261
27
764
6
21
4
4
23
77
71
679
50
64
159
10
22
93
130
48
36
4
13
1901
169
372
491
12
267
289
214
53
391
1087
454
5
37
14
23
442
2314
606
60
2
25
15
10
1132
224
8
315
570
10
601
2634
27
123
9
22
1
17
1538
26
14
188
19
56
149
10
255
596
3
9
325
161
2
1282
76
25
14
91
6855
31
597
863
107
748
421
212
234
428
40
806
1810
9
589
187
39
10
1
405
396
101
2292
396
12
264
335
268
3
30
2
3
40
12
557
26
140
673
918
912
1
41
572
125
235
50
913
35
67
619
203
84
56
347
9
154
9834
679
1622
238
46
456
13
1
273
17
344
2
9
4758
83
550
17
5
205
10
7
52
1
2102
10
35
11
260
719
30
10
447
1346
226
86
116
10
1437
5
356
143
92
502
56
219
13935
213
7
78
266
485
416
111
340
582
10
231
666
151
114
1
10
577
1201
2880
61
600
18
1489
6
5
14
904
2
36
26
97
6
453
555
33
1728
11
10
1476
332
322
31
4
35
207
958
1366
15
9
36
10
36
1
235
185
145
249
29
5367
26
300
437
150
10
56
786
206
778
1015
1073
23
1620
1
10
15
224
220
490
1882
29
951
1947
17
18
108
1508
6
2436
8
2
59
1709
97
1725
120
56
31
39
9
127
10
228
112
654
127
4309
359
648
302
133
400
10
159
271
705
9
2
27
1
30
308
35
85
1431
231
64
2566
28
19
46
1
19
903
324
50
104
18
1241
18
1
16
8
9
1
458
152
272
155
817
391
717
784
1191
1162
30
29
368
141
10
1
29
56
76
33
123
370
24
1407
134
1
229
20
1722
16
8
405
432
665
1
268
281
284
269
6
1017
67
130
10
1
39
375
22
8378
1783
84
4540
12
237
326
217
210
1
1642
747
1909
1
22
1
1117
241
91
609
423
3
8
66
541
10
3350
4831
463
1958
3
14
36
101
18
1
3
2
4
8341
271
328
50
8
748
79
10
137
10
1
3
20
230
4
30
201
220
10
313
7
10
10
83
31
57
105
5964
9
315
1
1
36
36
44
137
102
2
902
34
435
104
211
117
283
47
7
721
142
17
59
181
12
1237
80
2
456
226
10
1502
417
711
27
37
1
681
26
8
90
217
23
148
2
471
10
6
27
19
1398
1
90
10
3357
123
11
5
1
2
613
69
58
1056
9
2146
476
2474
485
788
262
78
15
413
104
9
8
2206
2
11
2
158
132
4
239
3
58
72
11
9
34
10
22
23
511
1
10
3
40
64
10
13
620
8
239
158
275
170
641
159
5
9
212
10
83
1
46
10
422
141
303
5
2417
39
2768
23
35
512
219
6
34
403
171
150
639
360
50
2444
74
374
21
19
1862
3783
5174
984
1
303
7
42
588
190
2735
20
6
1
3
1171
48
1237
2
265
35
152
107
200
19
167
1
1
16
3
26
67
47
6
198
14
1479
3
24
49
138
1
55
412
3342
10
331
540
291
672
1000
748
2
14
201
1646
157
724
510
840
14
373
551
7
266
20
695
1
18
147
68
380
28
1440
43
947
1016
430
2
24
1005
374
9
125
1596
31
30
7
41
2
1111
1672
75
196
8
207
103
94
1
253
23
465
166
221
47
6
638
80
76
766
462
172
1
4
620
19
2017
71
160
1962
14
307
768
147
353
547
466
4562
601
334
17
546
2
59
143
33
9
63
205
1
850
1
860
4
12
21236
11
255
51
3
1
30
348
97
227
1
30
10
1190
25
11
80
1
4
2248
280
368
1
17
497
1392
1770
18
37
71
148
2872
792
1609
650
55
550
187
1
377
341
21
129
34
22
10
906
246
16
397
1
701
1
51
11
135
1
9
123
244
45
1
5475
661
4
617
729
691
23
886
32
1346
66
15
164
31
48
30
119
10
313
944
52
10
432
284
22
145
1946
342
413
1
2250
12
9
2
330
11
13
1
10
19
335
2
426
5
10
4
55
375
404
10
417
60
9
22
247
1
144
48
7
39
14
23
3097
7
43
94
85
978
158
298
201
1260
468
86
179
1
1
252
29
5
8
8625
45
1110
215
13
905
1
3954
12
1090
399
1440
1896
315
19
895
38
313
53
2537
1587
3195
190
108
371
483
1189
82
1
140
1181
325
167
767
99
23
100
75
682
256
42
150
41
3857
12
3
51
522
1753
15
4
41
399
364
999
46
7
67
1
491
3312
1265
8
227
813
813
228
11
30
40
386
233
78
622
141
10
3
9
1
755
1
382
286
346
916
77
6322
35
443
83
819
85
672
12876
199
258
295
8391
458
183
93
2
505
1
9622
434
168
34
1202
1
397
93
23
313
200
2
1
96
10
180
80
8
10
52
216
821
1
1
135
152
22
1
33
33
4
1221
10
548
452
74
3
7
507
225
9
144
174
10
2
261
9
1
10
9
1
305
50
204
479
46
635
5
97
65
294
6
50
677
103
240
260
1
10
59
144
68
100
15
1
161
828
7
251
10
275
948
131
325
4
1248
1
17
4
35
211
1
10
11
10
1
2
10
446
933
91
57
922
396
11
507
1
191
51
506
2898
1088
41
1
506
215
20
10
96
95
1
10
2319
268
2577
240
110
19
12
36
193
1261
10
10
3
11
6
253
191
716
496
1
20
4
186
220
26
255
193
2288
75
18
148
343
3
173
1752
1
10161
11
66
212
8
498
166
138
18
633
10
10
1
201
117
1
355
944
8
9
387
130
138
76
59
48
189
9
19
5
91
265
118
21
500
1087
349
37
8
649
29
1152
1
120
1934
139
79
127
175
429
668
42
7
192
89
970
70
299
1482
17
1
1541
1617
9
15
312
21
76
2
41
3
1
1530
10
230
209
30
227
1
754
867
29
386
1
1
1
170
60
255
23
1
8
1308
347
354
4
452
16
204
145
6
90
21
20
225
12
82
1078
6
10
3
1
12057
172
11
59
160
452
531
52
7
125
391
16269
123
1292
54
535
1
14
809
4
1
11
2
13
115
87
10
27
1
55
10
1
4
119
53
45
1119
3
261
2705
1391
1
50
135
9
158
10
10
129
57
10
30
228
8
9
268
2
400
812
480
6
9
46
764
468
420
1709
99
29
152
1581
7
47
103
8
186
312
27
502
774
279
28
75
521
4
189
88
1532
66
10
819
114
1
702
100
131
291
353
1
224
204
211
83
22
5
122
1
10
10
491
2674
261
240
9
458
1
62
10
43
9281
9
56
1475
1407
152
306
6
167
68
495
115
1708
32
104
22
263
310
1121
10
10
1
2
4
113
1
96
4
10
3
460
99
136
104
2
372
54
8
11
11
5089
11
12
6
240
1
194
19
1
665
652
198
1966
545
10
180
2
315
1610
10
4014
302
77
29
351
135
1
1659
4
10
684
114
40
424
5
704
39
1
36
173
453
42
19
29
1
3
1
217
74
1041
61
58
570
71
135
424
180
11
252
10
137
2
34
21
1852
461
106
1
341
7
234
21
373
264
2048
592
49
999
30
63
58
221
145
10
265
1215
1
2833
184
24
339
379
1
174
10
1
146
27
54
379
925
1402
1130
1
146
10
46
10
22
406
128
281
94
238
115
891
231
612
182
30
286
1
10
127
661
86
253
168
11
30
1
1
169
1
1
121
195
493
463
9
5
11
293
1
5
1
388
1
80
147
28
10
85
3828
657
14
267
27
133
224
2413
126
26
436
656
626
83
10
1378
914
490
4921
7
964
14
28
240
1
275
139
6
107
663
80
2
2
1
456
2118
13
14
474
16
1
50
216
110
959
699
35
11
239
39
2
150
1
9
305
3
46
21
52
10
278
50
3
12
452
219
27
292
726
70
10
193
26
1
11
5
14
31
556
138
9
91
136
1
43
228
74
57
160
59
1792
150
369
5
35
17
148
1
10
30
147
189
368
10
1
11
17
58
373
23
522
73
204
384
139
246
224
6
63
1
23486
223
12
9
464
232
541
5
9
200
4
142
56
15
60
275
35
7498
262
1
104
563
1066
191
742
8
41
48
466
10
328
106
1013
10
6
30
9
103
953
52
27
1
1071
2547
32
3493
1
2
70
37
17
334
3
384
183
23
10
199
977
8
1
734
753
2157
302
13
113
2366
52
1
2
282
160
495
632
19
325
10
8
1
245
1
12
417
1
7
122
169
1
414
25
227
3
6
75
10
25395
28
13
902
13
10
396
2
10
1
20
9
1836
877
220
649
224
1324
1286
8
63
38
3
741
268
12
3053
12
7
137
36
10
1
964
422
505
149
580
51
1
1
148
10
129
3
308
1220
7
2
27
48
46
69
8
363
1068
19
424
26
153
145
1
1
23
109
13
5
8
2
6
643
19
1573
4250
3133
1
282
946
9
349
4
246
19
19
4
23
1
10
669
6
1
1
172
1976
944
272
262
22
21
1
1
1
10
1194
272
258
19
304
9
300
5
89
475
12
6
1374
4
81
450
1
113
37
124
11
233
210
1323
6
1
93
12
126
17
33
10
30
2662
282
1180
44
1217
271
914
1
73
5
2
24
12
1
31
675
1
147
1
1
1
9
49
11
22
1
10
35
70
10
11
213
78
17
2
16
1
10
4
22
86
170
8
1
644
11
1
3
1
23
476
188
642
1642
392
1701
408
31
696
517
136
80
43
235
10
375
555
83
249
1
103
173
375
419
17
1493
124
1
14
8
1
25
12
8
1459
4
5
49
1134
38
23
1
4
372
4
199
2441
55
155
287
217
172
9
377
90
16
73
929
43
186
46
9
2137
479
81
1
388
185
8
992
210
592
170
12
277
254
1073
279
726
25
10
19
437
290
2438
796
4
21
3
2
10
9
60
488
91
249
12
59
118
2694
78
1
6
335
729
46
152
4481
481
282
10
1
53
36
10
11
162
6
367
1
671
50
7
3
1
271
7
256
161
31
146
10
54
8
44
3140
2436
1
1
14
1
8
1
137
124
409
712
64
108
24
1015
7
73
184
30
126
19
42
11
39
332
38
12228
95
436
69
292
265
81
32
261
465
1
215
2
261
534
296
10
184
49
147
1
1
1955
1811
278
4
380
9
3324
1
1
29
9
2
1
726
30
1
348
1
25
1182
608
1149
28
22
2
14
7
181
2
884
319
3
37
381
87
1584
583
1
2
10
183
215
1
10
7
41
438
1
1516
250
1
157
11
1592
476
46
16
1364
61
317
925
304
10
1
10
21
1082
313
4
40
8
138
79
670
1345
307
664
1
1045
69
823
71
59
3
158
3
1
27
27
1226
10
485
4
69
212
224
1
226
939
132
23
38
7
18
12
1750
3
3272
32
44
1061
742
116
10
9
318
1229
1016
29
437
18
269
431
288
133
306
10
38
69
72
682
602
2
38
1
8
575
550
57
3726
10
107
496
1
1
48
298
3791
25
976
73
57
131
1
25
65
13
95
2
11
1
15
8
43
10
90
81
283
212
1
40
95
1543
19
668
900
437
10
232
5
271
131
126
216
238
5277
146
1427
237
89
91
9
220
1
201
1
277
1
176
249
462
23
10
2
1
1
785
144
1
420
814
3
33
43
655
7
29
2687
259
1991
1015
1
18
222
26
4
178
235
8
9
11
273
42
127
49
654
4
896
93
221
654
239
256
1031
40
183
11
203
3
1
185
15
5
229
1122
4
1749
694
6
11
154
890
79
171
677
330
26
65
1198
220
1928
239
2070
161
10
67
296
588
105
583
1
873
11
1
13
213
459
1819
101
408
529
1382
29
250
71
10
3
955
253
2490
997
216
908
77
8
151
36
3
11
1002
211
7686
57
10
2627
4878
258
441
1723
6275
89
45
1645
15
469
196
6
5
121
584
1
1164
56
4
10
1
27
1330
1
386
453
23
1
1576
258
1399
6
5
145
276
1
11
113
24
10
27
199
74
22
2
1485
10
154
15
9
239
394
10
36
19
7
131
1199
12
10
2649
35
768
409
1
1
159
83
7590
25
227
2081
11766
505
445
24
68
10
11
150
26
6
52
1255
18
5
46
217
92
47
125
27
10
418
19
444
42
31
383
738
40
37
6
10
5
103
148
64
2
160
85
653
3
9
1
7
11
735
45
1737
647
3270
265
7
808
1
10
3
382
1
15
10
1286
1
89
232
53
9
3
340
271
611
10
4
398
1
37
6
45
18
160
738
1
161
1591
85
231
166
1198
8
30
9188
28
9
49
28
768
1
20
1
194
14
258
166
1859
416
1
5671
511
10
46
311
33
1061
852
74
419
169
3
28
240
359
5
3
144
12
4
11
10
554
259
55
1785
5014
45
184
130
11
21
393
393
3
20
10
16
4814
107
153
1
25
276
11
257
1
147
10
249
72
608
13
33
19
908
936
448
337
1
5
15
11
42
688
310
8
16
10
402
2003
85
651
80
68
8
588
270
2
62
350
39
1019
214
24
972
5
16
10
43
136
352
385
133
454
35
1986
127
24
32
37
11
285
10
7
17
691
130
10
389
31
4
221
35
173
1
450
66
4435
1
11
1287
262
21
48
5
3038
42
312
42
411
5
20
9
75
10
18
7
171
1168
172
4
47
149
2
11
211
10
1
9
8
766
466
10
181
53
42
35
289
42
72
14
1
400
494
1
127
150
122
691
10
2464
52302
1
5736
123454
1
29340
13666
1824
285
492
3
4989
275
16
152
1295
225
93
447
1
8586
9
6
1
1
1
29
144
308
19
4
67
7
10
33
4
3
6
1
10
1
10
1
11
4
21
7
56
393
4
1
196
1268
131
233
254
11
1007
111
1
298
259
423
778
134
110
9
838
206
665
927
452
94
47
228
880
392
70
62
1
282
169
451
150
213
204
111
54
10
276
167
201
12
39
275
1
11
1
1
112
65
13
71
1586
6
281
3
1
10
12
20
52
11
10
21
10
1
1
183
1
1
10
1
12
1
397
20
8
414
147
28
10
1543
41
9
56
10
251
7
217
20
10
711
33
472
9
24
12
3
145
182
5
395
77
408
258
300
1148
11
8
14
1999
96
2
1991
10
535
31
4
502
1
1169
290
90
15
14
1
151
38
288
740
10
1052
6
151
2508
954
21
24
58
163
724
333
1
66
1694
2
77
439
903
292
2737
456
115
7635
34
11
8
1
15
1
115
123
35
276
219
7
645
161
578
1046
599
522
36
217
222
412
658
308
58
3
23
1378
186
239
19
955
31
128
179
136
122
2
20
162
35
184
10
9
1465
2344
617
24
4
35
7
14
25
38
1
273
99
10
1522
125
122
620
679
1
10
124
328
217
10
229
1
1296
162
18
157
17
95
11
1
602
6
2
1
1
23
1
226
137
95
1
91
1
309
