365
81
470
12
454
343
2
18
189
30
420
50
85
18
18
407
34
31
15
237
61
352
137
518
24
115
66
10
1640
76
46
103
43
11
1029
58
74
149
146
30
12
11
56
154
21
5
270
164
81
1
30
4
57
19
721
19
1
21
95
38
32
1
3
21
45
17
87
64
28
76
196
40
325
28
36
284
51
779
8
117
16
121
25
18
23
63
57
119
9
32
345
23
13
487
446
873
254
205
74
230
45
14
20
24
136
304
1
120
40
8
12
17
31
67
74
45
11
10
41
322
208
561
919
44
12
10
206
18
23
42
38
680
101
1
21
7
17
176
1157
28
4
2
69
12
224
594
128
15
15
42
20
6
32
14
1
71
143
85
33
569
14
108
63
53
27
108
22
54
42
1154
77
798
56
17
436
50
1
49
44
6
1150
