9
10
31
3
30
2
12
12
2
12
5
12
6
1
15
14
17
13
42
10
11
19
26
23
10
33
3
4
8
1
12
4
23
2
1
1
31
18
3
47
27
7
19
8
7
61
19
2
3
4
2
8
31
18
1
1
1
9
6
4
6
3
9
7
1
33
4
21
48
26
9
32
37
14
1
34
17
5
27
1
34
6
8
1
11
6
42
6
21
49
10
37
36
18
7
9
4
9
13
9
13
14
14
46
19
8
13
8
7
1
42
4
26
16
155
7
56
13
3
3
16
50
6
8
2
13
104
1
26
15
11
5
55
29
32
2
6
6
17
7
88
6
4
33
4
6
17
9
60
6
20
4
87
1
11
13
36
9
14
7
79
11
7
18
4
3
2
22
1
1
38
38
8
5
1
6
16
40
8
10
20
9
9
18
31
9
10
14
1
24
4
18
41
3
37
21
28
6
12
10
18
15
210
52
3
5
4
4
1
6
15
1
1
47
3
20
30
10
56
1
35
58
10
31
1
16
1
1
4
26
1
1
94
8
1
13
4
9
1
14
1
5
1
1
1
39
1
1
1
4
1
10
15
7
67
13
1
1
55
34
146
30
1
1
5
64
11
6
33
1
66
3
124
8
9
68
1
69
1
10
1
19
1
1
1
1
16
1
1
1
1
1
1
20
45
30
9
3
15
3
14
1
88
7
27
1
