111
37
10
62
24
196
2
88
514
8
1238
438
247
7
1094
9
4
32
98
444
275
663
268
207
1
14
145
1332
15
45
40
9
10
2
2
8
1
1075
626
1
30
77
111
7
3714
113
2
2
49
1330
1
153
8
26
12
3
1965
377
223
1
2559
7571
1
2
166
2456
6
385
245
56
2778
4
51
55
1
11
24
12
945
33
2
738
142
11
2
8
8
13
1347
1
24
18
9
141
345
9
45
3
87
1167
52
3465
1
32
1
925
48
34
12
6
348
965
2166
60
470
72
609
4
3
12
1160
5
1
27
14
5088
1296
2
7096
1885
3
7
119
11
176
119
43
1
3
1955
61
17
30
7
3
58
8
34
2
11
87
33
1536
145
1474
14
2
82
3
3
1
3
13
2921
16
40
46
50
9
209
145
1
1
11
3
9
5
1144
61
1161
7572
294
74
12
8
1
498
13
2
1
1
1147
19
2
3
1
12
1543
14
154
622
4298
178
1
2
39
10
17
29
554
10
530
12
115
28
89
1
48
139
28
168
1
5
446
1
24
2
1
86
4
71
2
3
9
896
19
598
8
763
1095
7
8
17
1
33
5
46
1
33
11
6
14
59
720
42
1
9
9
3
10126
14
9
10
44
8
2
81
143
554
1
259
34
1
59
6
7
3
25
14
1037
919
104
260
13
844
14
319
47
15
102
1
1
349
1
242
1
5
120
2
745
2
439
2804
1
10
1
25
1
138
1
9
1
35
11
2018
21
798
43
5
1
17
8
1
1
2
23
38
83
213
1
948
1
5
1
56
1
31
1
10
23
188
20
29
679
276
420
112
21
4
1
209
69
1
65
208
3
116
85
783
1
1
625
58
632
551
65
5
693
92
6
18
14
48
59
80
1
1
1
66
1
1
1
67
5
417
137
9
332
13
754
33
124
1
1
2
7
4226
25
43
32
9
13
14
26
64
16
133
61
14
13
1
1
1
108
1
2
68
833
1
2425
159
66
45
6
5
11
2
86
1
570
12
22
2
44
60
9
46
13476
10
1
75
1
1
19230
1
51
69
103
1
36
265
5790
1009
6
10
1
4
1
203
932
5
11
19
400
1
1689
1
32
1022
24
243
3
1
17
3
1
218
3
250
1768
43
21
23
10
333
224
139
531
1
180
1
1
17
1
7
55
24
69
1
32
1
29
1
1
2419
1
1
1
2
9
288
1131
93
65
1
151
4
8
21
4
37
1
1
1
6
107
1
21
25
164
1
127
13
951
1
25
396
1
2387
63
17
412
24
122
59
1
716
6
1
40
49
515
74
1
1
34
143
460
5
28
1
1
6
2
3
1
48
4
155
3423
22
18
1
52
30
192
2
699
311
5
33
1
255
1
1
1701
17
42
138
1
431
168
13
199
81
3
1363
3
153
15
276
46
2
27
14
28
186
45
15
31
1302
475
26
5
62
2081
30
1
272
70
2
2
33
204
221
1
1
5
2
599
112
280
67
144
123
79
9
1
2
603
64
4155
1
1
286
3
1
1
4
37
110
7
105
41
6
147
14
11
28
103
12
2
511
82
2
47
833
2
8
156
808
298
169
20
219
62
309
157
297
92
10
9
24
646
240
1
12
1325
27
22
25
65
1
635
2325
25
2
435
13
37
29
35
1
4
37
38
117
6
1
23
3
3
261
56
45
1
425
19
10
1
83
3
652
1
8
261
1
9
1
15
34
1
1
44
13
10
349
3220
45
26
1
18
9
27
1
209
28
37
3
1
164
46
88
2
69
65
9
12
112
23
767
139
28
6
304
1
468
15
1
11
35
1
3
1
290
1495
1
189
145
1
27
34
10
13
1
68
7
1
2381
40
3
3
1
276
2
1
7
399
29
8
17
125
1
35
1
1
12
1
74
1
11
1
45
1
4
42
12
866
15
5776
1
1
37
29
41
34
9
8
344
17
17
4
4
63
1
3420
191
61
161
184
174
1
1
1
1
1
325
12
9
5
605
3
7
3
12
1
33
1
117
1
6
17
16
8
20
500
585
1
1
21
597
38
22
3
1
1
9
1
1
1
12
924
32
29
1592
10
272
1315
1
42
37
19
3327
1
1
60
296
3366
19
6
1
155
522
1
1
1
6
5
664
7
30
122
140
1380
12
4075
1
1506
6
36
1
26
6
1
11
2
30
1
2
56
11398
27
8
2
30
2
1
977
101
1
3900
18
494
6
6
177
2
95
9
12
1362
5
1
26
45
1
64
121
34
8
523
1
5
403
7
18
7
21
322
16
1324
485
1
3034
27
9
1
123
2
10
1
655
4
10
1
40
3
96
134
1
2512
8
2
19
25
78
1
1
35
1201
10
6
1
22
33
25
56
41
14
3350
15
6
16
6
24
7
66
20
4
208
2252
1
10
1600
13
2282
19
2437
11
1
20
1
455
104
5
230
9
30
2
3
10
150
13
29
31
2328
19
8
6
1
1
216
5
38
34
1
9
2
348
160
13257
2254
20
1988
11
272
2
1
254
1
12
14
2
24
5648
30
4701
2
215
7
1
8
18
1
400
43
233
157
68
8
1
236
92708
46
215
17
1
2
17
24
1
537
24
1
25
530
69
2
1
761
2
11
974
122
395
1
39
10
7
22
12
1
52
29
6
1
582
42
2
4
67
112
1
17
735
251
5
514
8
15
547
8
2
1
44
33
67
1
4
86
174
74
21
4
5
3
2
1
9
6
228
29
4
1689
10
3
21
362
47
9
87
15
13
112
8
1
7
28
142
109
736
16
24
5798
57404
18
43106
2501
228
1
18
1
37
41
17335
1319
1
293
97
6
1
2
173
7
878
31
669
1
10
3085
7
1
2
3
3
1
1
464
443
6
398
4
1353
422
30
4
167
5
1880
9
1
153
740
89
23
2
24
32
8
9
263
387
19
148
619
3
733
6
18
3
13
1
1093
185
90
1
22
2786
3
3
308
789
32
24
90
6
9
4221
8
9
19
42
43
16
136
6
6
50
42
3
24
132
2
4
29
2
20
776
9
3269
33
1621
292
205
2
1
2384
7
35
624
5
25
1203
1
5
1
1
305
22
2210
2
517
28
230
2589
1
2049
20
26
97
1
297
1
63
1
10
1978
23
753
29
29
1
43
613
159
69
2269
75
99
2
1
14
3
1
1
6
23
59
4715
1
1
328
15
696
61
20
44
1
1
42
1
389
1
142
3
56
146
2
13
10
1
948
1356
2
42
2
114
1
190
4
21
38
69
3
3
190
39
2594
247
599
5713
4414
21
629
11
4
43
46
106
277
34
10
11792
15
304
5054
265
5
20
50
5
7
9
30
179
13
3
17
4365
46
90
1
5
5
7
2810
1
2
639
593
19
435
22
44
43
159
243
63
1
6
8
348
14
5
2862
57
1
1421
1
14
1
21
260
43
23
351
10
6
6
32
1
36
21
54
329
583
21
10
339
2980
10
4
5
178
16
1
38
15
1
1
1
467
1358
2
138
3
6
1
49
5
8430
14
3
3
1
1
80
1
24
1
5
17
320
89
2
2
13
6
21
26
19
144
1
8
73
1309
52
1
147
834
1
336
12
107
17
48
2
5
82
8
16
1
197
1
3
1
53
2599
906
2
5
1
7
33
131
3989
119
5
1
174
317
57
52
55
20
1
1
27
1
13
263
1
18
11
5
73
16
1833
25
4
128
1165
399
538
652
14
202
1
30
894
9
44
7556
12
1
16
134
1
26
69
8
16
64
1
1
2
977
37
1
17
139
30
1
1
162
1
37
22
7
5049
50
513
23
1
5
7
110
17
4
33
38
11
298
19
22
21
4
4
70
1238
208
1
284
489
4
5087
505
6728
2840
16
321
95
307
1
1
4
2
993
8
767
1307
1
448
23
54
1
1
1
226
135
1
1
10
22
103
6
853
12
1
2
300
266
1653
4
185
27
5
1084
1
567
305
6
4
1
12
2
24
107
59
1
6
62
6
17
13
12
27
18
1
9
50
1
24
1
5
1
4401
1
53
14
2
1
45
1
2
10
3
1
16
8
4
24
1
1
159
19
192
1
1
466
636
22
1
1
188
497
3298
39
1
1
5
2366
6
1
1
58
123
1
96
7
2
108
5
933
1
85
4
5
694
67
4
532
15
450
501
1657
3
40
11
4
38
1
32
1
35
6
16
7
26
207
495
3
1425
19
50
16
3457
9
115
13
1
3
42
26
343
237
14
13
574
99
113
145
18
9
1
756
2
5
1
5
188
15
17
7
1046
1066
1
57
1
1
1
1121
73
7
772
430
1
11
1482
7
1
16
1
11
2655
7
727
83
28
1097
108
32
158
73
1
114
3
1588
1225
20
327
183
188
9
2
17
22
16
20
23
1
24
18
34
3
1055
141
7
60
56
1
18
1
38
231
1
2
8423
4
1
2
6
8
1
331
34
145
336
2
259
1
472
912
31
129
152
38
10
1
14
5
1
1
1
1
344
29
37
206
14
87
192
44
75
95
7
1528
31
9
2
5
91
57
27
25
1
465
3
69
1
21
251
4
5
853
25
3
105
14
1111
16
26
42
1
79
16
39
994
124
2
87
1172
8
24
45
3
1
1511
1
1
6
1
4
44
5
35
3
23
355
548
2
37
13
19
932
1
43
27
45
6
1
1
112
48
10
65
353
49
105
2
25
145
1
171
1
1
454
2059
8
8
32
111
1
212
2
181
325
2
33
4
334
21
8
425
1060
19
1
1
17
4
2
5
15
23
6
7
61
16
19
90
4
99
12516
103
1
140
201
6
15
46
441
7
1
1
93
5901
111
316
1
74
66
44
127
2
1
7
1395
28
700
6
1
225
36
23
1
22
51
1
9262
130
6
1
10
52
169
3
1
22
13
1
1
1
2
1
27
540
670
75
122
1
17
1
1
14
291
51
3
1
4
7
102
2
500
12
5
108
2
1
1
30
2
223
462
166
1
4753
2
9
1
1259
27
1
36
22
104
18
1
1
26
20
78
60
3
34
270
1
40
4478
459
1
1
77
22
1656
102
175
44
1
21
8
80
938
21
10
1
15
55
1
1460
1382
44
51
3
119
7
15
3
13
1
5
21
157
44
102
3
4
1957
2
1
72
20
60
46
53
2
1
34
21
1
705
1
62
13
12
102
18
2
2032
5
1
1
15
20
52
280
64
9
1188
14
2501
366
19
6
21
105
40
9
330
14
1163
1
2
22
4
1
647
5
14
75
126
9
132
13
63
52
1
61
7253
652
6
17
102
48
95
1027
26
1
2
2
159
7
15
13
1068
6
4
17
6
130
1
1
19
10
75
10
269
33
179
547
4
119
71
1458
1739
2
916
12
1
13
32
37
49
1
133
702
6089
1
32
450
12
27
6
9
2
10
169
32
2
1
30
12
700
1020
33
218
1
54
4
137
1
24
18
19
1
34
1
79
275
2
1
9
18
61
92
1
17
280
369
131
189
1
73
1
1639
1
19
22
841
1
195
1
133
110
13
159
25
75
4
60
24
2
337
1637
56
51
9
1
782
3
110
22
2
16
1
1
103
3
1
333
13
1
1
1
5
37
3
32
715
824
124
70
7
12
1
6208
99
5
104
6
6
1
8
13
285
5
28
437
1
156
2
4
8
28
16
196
11
1
83
43
43
1
20
9
68
12
9
2
1
85
10
196
4
216
640
41
31
1
6
6
6
3
7
1
122
1
201
61
93
72
20
1
3
5
31
3
3
82
5
21
46
11
368
3
56
24
32
52
11
159
39
1
1
8
1
14
21
1
100
15
1
827
1
1646
18
60
14
2
215
5228
188
516
151
215
608
57
9
536
15
358
243
1571
1
4
55
18
14
65
2
1
14
38
115
3
9
6
7
27
221
215
114
31
63
157
219
121
42
129
1
30
183
23
156
66
4
235
12
241
654
1125
61
196
182
3
668
170
15
12
154
79
13
1123
1899
8
52
1682
14
60
25
2
1
1
380
4
13
1
66
3
4
1
14
27
5
23
171
72
21
9
3
3
119
11
347
10
1782
1
264
18
162
69
30
1
22
1
233
1
6
35
1343
10
270
5
16
145
1
1
4
4
67
175
295
15
38
74
8
37
313
78
1
99
1
1
248
154
42
17
8
33
38
8397
3
1
5
3
1306
4
22
7
2
1
4
2
2
1
1
60
1
219
67
73
23
111
425
1
3
16
10
16
12
7
48
43
31
82
61
23
81
1
1632
971
23
3
1
349
2
49
19
44
1
19
1
946
1
7
17
31
44
58
1
34
4
67
21
4
1334
25
31
1
3683
2
322
56
41
1
1
2
13
14
12
5
17
13
26
559
1
1
41
44
1
2
45
313
4
233
5
1
1
15
1
89
182
1
15
1
18
1
1
4
1
1
32
1
211
51
27
63
724
682
13
8961
4090
1481
18
24
1
3
1
1
1
131
10
1
1
12
18
22
17
750
35
886
118
1
268
41
2
1
1
754
22
95
123
64
150
12
467
1
17
1
191
28
5
16360
1
559
662
19
140
9
1
2
5
188
5
1
2
522
1
2
847
102
75
3
52
1516
1
1
8
40
20
452
1
1
70
5
10
12
125
1
12
16
6192
847
19
15
1
3
54
4
3
91
1131
7
10
4
27
9
85
42
1
2444
14
4
15
123
34
1161
1
1
1742
428
48
12
391
4
37
2192
3
5
100
34
16
10
6
13
13
1
6
1
276
30
2
4
2
13
6
35
5
1
5
3
3
11
15
174
1
3
47
2
72
515
57
216
207
1
18
1
366
1
1
1
1
1
476
1
7
78
225
3
437
13
3069
1138
14
169
6
69
6
27
142
15
42
1
17
1228
3
9
14
6
91
1
7
12
167
35
1
1275
3
32
62
12
47
1007
2699
106
88
404
25
8
60
21
20
4
24
1
9
964
222
6
781
2
7
1656
5
190
1
385
43
1
35
1
12
4
1
125
602
38
39
28
11
423
56
2
139
5
3
358
5
32
53
435
212
31
155
82
30
435
52
232
1
9
7
290
793
10447
11
1
13
539
2
199
18
1217
2316
64
16
66
578
12
4
35
28
1547
1043
228
45
43
11
1
156
1
8426
17
8
95
5
3
18
2425
5
63
2
3
90
5
12
42
282
1
41
6
153
433
3452
1595
9541
827
1
189
471
79
4
3
1
3
254
1
1366
52
280
1
157
4482
5
1
1
4
500
1
85
104
1711
2332
3
9
1620
2
9
5986
17
2
64
25
5
474
295
3
55
4
6
24
64
79
1
2
83
293
28
1192
71
17
9
12
1
9
26
21
51
1
2604
1
27
80
8
53
2013
1
56
79
39
54
6
43
226
1
4
18
1
6
7
9
3
2
32987
20
62
1
73
200
23
4421
19
7
11
31
50
1
2
565
273
1
15
177
1
435
1
1
1653
12
1
6791
205
1132
27
2
32
3
5
23
18
12
2675
9835
3
177
28
29
5
54
241
17
1
79
62
1
3
436
6459
1
35
61
13
299
19
181
2586
36
85
53
1
2
1
48
1143
162
18
6
10
223
333
4
281
2
34
6
15
25
38
1
1
232
3
25
12
273
182
1651
1
14
2452
26
110
6
1986
2
46
126
1
118
38
124
99
8
9
7
349
33
2271
1420
10
2
62
1
708
5165
26
2
1
1
196
117
11
81
250
41
293
401
63
10
11
4
5501
7
1
21
71
174
11
1
5730
2
12
21
3478
7
1
2
16
592
1
9
1
6
11
13
43
1
2
5105
4
45
12
883
3
57
12
38
195
56
587
5
116
2
1
1182
21
1
4
3
4
104
374
1
19
63
123
3
55
11
1
3
289
6
13
28
15
7
1
7
1
6
3
6
2
355
7
1
6
9
8
467
26
1
20
108
19
2
1
558
571
7
5
64
70
196
3
154
11
7
61
13
768
31
65
1
72
31
1
1
16
26
2161
3
82
309
56
6
36
1
1
1
2
1
10
1
32
3979
9
1
6
5
3
14
1
2
317
12
135
13727
50
13
9
375
12
14
22
31
1011
33
31
1
9
324
208
5
45
21
6
30
3
11
13
18
28
46
1
1
29
88
1
4
12
1
1
3
10
13
97
49
1
1
20
231
35
6
1
32
6
2
1
41
11
58
37
2
14
74
1
170
1
2915
1
2
47
16
1
178
54
10
1
1506
2
45
3
26
45
57
3
78
2073
75
119
13
41
43
331
311
28
1
215
45
1
91
2620
1
7
13
1
6
2
27
1
23
29
2729
103
55
10
1
2941
82
10
1
35
6
18
1
1428
77
5
1280
6
48
93
7
1
5655
23
270
108
197
40
23
63
1
4
1594
10
8
1
38
14
14
45
1
1
83
338
5
30
727
16377
1
31
93
1
30
13
2
37
23
1
4
11
71
28
1851
30
59
9
1
16
6
45
63
26
67
213
2
4184
292
6
12
83
9553
2554
19
6267
4
59
1
18
1
17
7
11
69
29
29
1
128
14353
8
1
1
743
180
1
141
20
142
112
1
1
7
1
1
21
86
3
1
14
7
10
23
789
4
1
32
10
13926
6
7
1
5
454
8
1
12
329
8
94
1
164
6
3
13
44
1
133
4
2
49
1029
711
84
12
1292
1025
1
1
4
506
134
1237
37
231
140
182
1392
1
1453
11
47
15
1
1
97
23
7
1
125
7
10
4
74
1
41
46
3
26
3
82
1
222
1
3
171
17
12
6
5
8
1
15
1
3
81
39
6547
130
1
28
1
28
4
145
252
15
16
8
30
60
5
7
9
91
2088
3
58
6
333
28
1
53
1
1
1
1087
52
28
5
1
754
15
7
4
68
1
158
8098
53
19
39
256
4
5
1
188
423
51
678
1
5
21
93
36
1
1
1
131
70
17
1
20
71
30
44
4
6
16
1
4
11
1
4
1245
17
76
2
4
115
43
55
1
6
27
78
8
1
35
1
4
43
54
102
311
5
7
17
10
20
29
93
96
32
37
126
1274
6
2
192
11
44
1
1
20
1
17
7
1
214
72
11
1
1
295
151
43
1
54
1
3
107
1
12
24
4
1
1
1
72
1
1
544
78
7
32
11
1
1
1
20
2
8
1
27
21
14
160
42
2403
142
196
1
100
11
9
46
1
630
45
4
639
5
39
16
29
1
15
107
12
62
1
34
8
12
16
2
11
23
34
1
1
351
6
4
11
2
1376
16
351
49
1458
6
1
356
494
692
261
1
70
9
57
1
2853
1
737
200
4
674
2
8
13
9
21
1
1
28
29
7
9
10
57
19
16
135
20
28
88
55
44
257
4
20
16
1
2
6
11
28
15
75
3
82
1
99
1
8
1
33
6
51
51
8
237
1
24
9
1
238
31
9
30
20
6
1
17
12
3
35
1
35
1
1
19
7
11
8
170
1
27
41
8
1
1
1
148
12
3
1
1
41
141
14
3
8
1
1
1
16
6
9
24
240
7
101
68
106
17
1
70
2
6
4
1
27
251
7
130
212
2
4669
129
140
542
251
5
4
13
43
1
3
18
23
1
1
338
1
384
12
815
2
17
607
199
1
84
90
33
19
10
35
1
2
1
4
15
6
4
1
98
6
5334
1
1
3
59
17
37
1
11
1943
6
107
1
1
1
2
69
262
60
57
1
70
1
128
22
8
7
2
8
9
9
53
5
49
18
111
40
629
1
943
7
49
4
89
162
900
65
1
140
18
4
104
22
1
1
68
2
1
30
464
1217
32
81
1
6
1
39
251
3
207
2
33
203
18
211
337
16
305
1
129
1
3
7
16
19
167
1
1
12
18
27
1
155
2
5
1
96
150
4
23
3
265
17
2
16
41
3
8
2
17
156
91
822
26
3
6891
54
1
142
1
3
1
73
4
40
435
51
1816
8
250
1
47
167
1
5
20
378
2
38
244
1
20
1
8
2
66
15
8
12
11
1
25
69
26
79
31
1
5
43
2
1
1
49
55
25
30
4
1
1
20
556
1
32
513
1
1
38040
5
618
2
27
5
51
92
718
37
1
94
27
59
7
66
4
1
1
25
467
1
32
13
193
10
35
56
75
1
1
47
21
4
188
15
30
4
19
48
18
49
14
17
4
28
10
16
2
5
28
16
56
2249
9
71
830
1278
48
1
1130
394
4
33
5
86
5
3
6
1
1
1
36
1
6
5
32
4
32
4119
64
21
113
6
44
2022
9
4
2805
43
6
8
374
322
6
10
46
1
1080
5
1
50
3434
1
8
18
68
11
10
8
400
20
30
21
27
20
410
11
47
3
17
107
1
44
45
357
7
1
67
4
1
76
6320
2
132
65
12
227
496
32
24
3
440
67
4
6
1
3
1
87
32
436
33
165
1
66
1
125
12
20
8
145
309
19
226
1
1
1
2
37
596
2
236
4
8
8
48
9
26
373
360
15
92
5
151
15
201
127
23
9
32
16
85
13
21
59
28
26
1
1166
113
34
36
1
23
8
1
92
31
126
1740
15
1
3
40
4
1170
16
1
173
71
110
101
4
1
1
3
45
1
99
1
1
1
1
30
11
14187
3992
1629
2712
12049
1
304
3
59
36
439
347
53
20
1
356
4
122
25
1
291
8
27
17
3
411
18
2
1
30
1
29
33
122
367
8
4
15
255
792
169
1
52
607
49
12
1
119
13
5
7
268
179
8
2
228
1
145
14
2
2
110
1
296
96
1
33
66
3
13
1
43
12
56
2
6
4
33
1
4
17
168
6
132
36
1
23
1
3
4035
1
576
18
5
44
13
1
2
1467
27
52
124
2
1
5
1
49
173
30
1
1
20
3
1
3954
7
4
2
26
44
31
4
19
2
8
3009
125
4
1
82
187
9
5
3
1
1
429
1
7
7
1
9
120
25
1
15
5
280
82
10
1225
2
879
6
24
120
60
8
40
70
1
582
245
14
19
1
21
20
2
39
92
344
24
158
1
5
316
13
1
17
1
16
1694
8
7
370
1
1
7
79
69
71
5
292
1
1
43
1
1730
1
2
18
29
16
181
1
8
1
2
23
13
2
1
37
44
2
216
67
1
754
31
5
247
4
1
14
30
42
261
21
1
816
1
8
72
1
14
43
8
39
4
24
1
10
211
102
6
10
6
354
1
22
394
9
1
272
1
97
1
3
28
57
73
25
1
15
29
17
130
1
1
1
3
2
59
246
54
100
3806
139
8
12
2
1
46
18
30
139
261
2
79
1
13
1
1064
1
2
51
350
35
50
1
2
5
218
56
36
4
371
1
22
10
616
59
3
36
6
377
10
1
5
12
31
5447
336
461
760
1
8
3
4284
1841
54
1496
1
5
3
1
259
8
1
640
1
3560
28
1
181
319
405
64
1163
2537
8
111
4
40
5
1
1
29
32
1
177
1
955
100
1
22
1
3
1
1
1
19
46
1
1916
114
3162
578
5
4
10366
5065
1
6
781
16
5
1
39
236
399
6
10
145
233
28
7
65
5
754
4049
101
433
3
1
1
1
9
72
3
1
42
194
1674
49
7
5602
19
3
186
135
15
1129
128
5
216
9
19
1
203
2
33
403
414
60
340
312
238
15
42
1
885
1
234
14
152
1245
54
49
118
35
1
830
18
644
6
234
20
83
84
50
3
374
1292
294
14
4
51
1
460
1
8
58
1
34
1
81
17
1
74
19
2
270
175
1
453
1078
2117
1
704
6690
23
3
275
172
24
206
1
1
1
69
47
24
1
20
61
192
69
1112
3
390
4
20
5
111
23
1
268
1
3
50
2312
4
9
8
128
2
13
62
1321
3
19
56
25
6
94
16
2
14
1622
4
65
1685
14
223
24
9
2
71
946
119
168
197
2
8
224
13
20
25
108
4
3512
167
61
1100
1
321
3
12
1023
1
669
38
8
2593
10
1
45
43
44
1369
2077
60
2561
2157
25
13
2
2
1
5
384
1
1
31
3
68
278
485
18
231
1
1
140
1
988
37
1
388
75
2
133
15
6
5390
23
14
3
1
23
102
1
1
328
2
32
227
8
17
111
68
1
1
34
17
21
119
11
5
5
79
806
12
496
4
16
8
3
8812
2
3
264
109
27
1
4
18
7837
3
26
1
18
462
5
4946
19
4
268
7
16
15
5
1
377
40
61
3
264
1
6
3
42
9
190
3120
52
1092
1
128
423
4
4
39
1
1
74
26
76
1
1
21
137
212
25
1
1
8
5
1
6
22
10
157
12
4
20
59
2
8
2719
312
19
127
4
2
6243
2
678
103
4767
44
299
39
152
161
13
17
140
6
3
4113
146
306
1
81
4
3
1
4
108
19
967
754
59
1
1
288
78
78
1
6
40
1
104
1
22
21
299
2
20
12
3
13
20
1
109
1
4
1
3
45
4
375
308
19
1
2550
139
59
16
6
232
3
7
22
17
10
11
278
5
3
1
309
7719
591
374
5
1
22
19
139
53
74
221
2
25
1
11
1
2
24
2
8
1
694
124
20
14
4
5
1
34
254
46
260
4
13
2
8
15
26
26
13
29
6
2
4
67
149
34
962
358
59
370
1
46
10
54
1
24
30
1927
93
2
37
6
1
3752
764
7
1
1
19
1
16
14173
1
62
1384
10
14
29
3180
1518
1
10
51
18
15
499
1
15
232
39
1
10
3
159
4
11
1
1
1488
2
38
48
1
2
15
24
7024
184
6
18
1
13
4
27
5222
8
98
11
72
2988
79
4
9
16
41
12
14
44
5
46
64
28
8
7
271
233
2
70
58
12
12
1
3
6
3
12
129
8
103
1777
8
7
3
60
4
1
2059
35
630
21
467
4620
9
21
62
5706
469
1
1
73
1
1
1
29
70
6
30
3
399
5
90
1
16
85
2
6
2
7
1
16
4
6
2573
12
1
1
47
6
24
18
50
1081
2
3
11
24
1
11
235
4
16
9188
7
11
143
8
1073
21
37
7384
1
2
188
3
3
9
3
515
2698
27
701
2
54
182
14
27
1
28
1
1
1
116
1
7347
19
6
1
3
10
8
775
5
30
20
11
559
4
1
1529
3
1
8
1
6
28
5
2
16
1
247
551
33
8
61
1
96
30
24
1
32
1003
13
171
40
11
3
2598
571
160
8
6
20
1
89
228
3
27
89
1
185
3
3
86
76
1
89
14
5
28
1
106
13
91
15
399
1055
5
3
2
3
1
106
10
11
271
2
6
1
124
13
2
306
1
11
1907
19
13
1
7
7
6
1
89
1
190
5
2
1
1
28
15
1824
23
13
28
27
6
1
52
85
7
10
3
3
43
1
37
197
112
411
4
21
3
24
1
185
291
1764
4
1
7
27
426
1030
18
1
624
6
11
2220
434
9
3
29
12
41
32
1
88
18
33
48
9
1
145
1
5
36
35
124
18
7
14
8
137
1
34
1
3
34
3
11764
1
910
1
51
2
1
1
1
182
134
91
36
2
1
2
1
3
1
4
2
57
91
1
424
1012
1
34
704
1
23
22
1
1
6
37
7
4
13
1
5
36
1
4
5
23
1
1
38
2
155
1
2
1
1116
7
3
11
20
15
217
11
10
23
10021
111
149
631
34
25
1
64
1
35
1
5456
712
3
10272
13
2771
166
95
13
121
1
13
2
58
6
20
458
3
43
3
130
46
1
18
18
1
7
1
1
1
1
1
43
77
9
97
1
28
18
1
16
4
572
8
3
1
6
1
407
3817
14
225
31
120
3692
5519
45
15
79
5
20
2272
167
177
9
2
375
5
1
1
3
2001
4211
53
4
5
808
18
121
1
1
9
1099
10
47
167
1
68
54
54
288
2628
226
447
86
1
22
1
20
57
11
5
1241
1
8
4
24
116
1649
1
1
32
315
33
14
64
2
11
1
81
3
1
4
1069
1
74
43
230
18
323
687
5
9
2
1
1791
2593
104
20
105
24
110
7
151
1
73
1
4
18
15
1
263
113
27
1
10
233
22
16
19
142
1
46
1
1
819
22
3
21
3283
9
13
235
7
1006
1
1
10
1
170
3
3
7
149
6
286
40
1
1
203
66
204
37
1
656
29
33
7
1
94
206
229
1
11
1
1
171
1
7
232
3
443
1
1
11
1
1
37
118
5
8
6
10
6
4
6
5551
18
10
71
1
7
33
1
4
1083
28
1
272
222
7
24
20
1
26
153
218
348
1
35
1
186
19
7759
12
9
77
6
51
1
256
97
489
2
443
14
21
6
1
30
10
11
2
41
4
195
1
6
1
21
82
16
5384
20
23
573
677
1531
24
2
181
126
1
1
11
158
1
25
479
48
11
67
42
11
61
390
2
1
1
3
1
20
88
18
8
1
33
2075
953
9
1
7
29
4177
13
6
1
17
2
1234
5
10
660
648
1
2
434
17
82
96
6
2
407
1
28
4
3
34
34
1
158
29
6
1
54
4
3
2161
32
29
179
5
2
9
6
27
127
142
7
34
2
30
2320
8
6
346
1
1
45
4
39
15
8
9
46
1
74
42
544
1
1
62
6
1
5
45
28
49
8
153
1
29664
1
7
15
4
16
37
1
67
13
1
39
116
1
1
16
303
163
89
137
17
51
7
10
183
10
1
7
216
205
2
47
204
26
53
4
14
4
467
1
301
3433
4485
1
50
2
295
1
1
1
7
17
7
46
201
55
1
1
13
69
13
40
11
1
1
57
137
2
66
3
886
1
28
76
1
106
1
89
836
1
15
1
5299
140
46
1
1
56
1
1
1
15
5
1
17
177
1
1
10
83
61
22
2
1
40
26
59
1
13
1
1
11
1
135
562
66
1
87
9
43
1
18
1
8
1
8
74
16
1140
6099
4361
714
48
7
1187
21
8
648
2
10
1810
108
280
11
7
4
855
19
2248
9
1
134
77
13
14
1
559
585
33
65
7
955
3
3
75
92
5
797
22
359
8
61
33
45
19
20
9
271
19
163
24
4
2
1418
40
97
764
3
168
2010
22
552
4
280
450
656
42
35
14
486
3537
235
15
13
7
5
53
4
3
22
2
64
84
3
9
4606
1295
3607
3
304
1
1
2
10
1
180
1
25
1
177
1
47
21
1
80
1
4
1
1
1
2
12
2061
8
1
23
3638
12
68
3
24
1
292
1
1
1
764
7
294
89
338
38
3
1
1
8
10
76
1
241
11
252
84
317
1
20
96
1
1
35
12
1
12
142
45
1
1
4908
1137
16
2
1550
1
9
721
1
1
11
1
1
12
28
148
233
1
1119
1
1
3
345
313
8
8
19
3
8
13
1
6
1
21
15
18
18
1
25
9
1886
18
348
8
36
15
1
17
18
26
44
164
78
636
9
75
12
211
3
209
77
21
321
23
12
35
1
34
98
3
83
4
100
68
71
1
94
197
27
17
48
2619
44
65
10
1259
2
1
34
1
44
96
5
301
1
7
1
1
101
1
31
1
46
46
13
1028
2
25
259
1
3
63
56
1
3
112
36
574
15
63
377
3
72
1
29
14
12
15
4
20
23
25
2887
19
8
1
12128
4
7
1
84
12
5
281
82
226
1
1
40
5
29
33
53
7
13
1
12
1235
144
347
3
1208
1
180
11
79
81
2457
2667
139
1541
15
333
48
4609
71
1
87
3
1043
8
2
148
19
253
7
104
26
1395
2
6
1
8
1
70
9
48
1105
70
111
4
2359
1
2
61
223
25
1
20
1340
9
72
23
83
10714
201
22
39
19
27
89
87
21
3
44
16
12563
1
73
1329
1
38
210
19
6
1
1
36
7
4
713
117
32
186
338
17
1
31
15
1
4
13
27
38
3892
3
211
1
185
1440
1
115
164
2
387
720
2
7
11
434
121
24
9
7
1
52
95
130
1
965
47
75
125
125
1
299
157
1
72
12
1
2881
154
17
13
93
182
2
40
1
9
1
4
7
1
1
17
1
7
7
222
1
75
25
6
15
3672
10
1
32
57
79
7
929
22
6
8
885
24
3
137
88
8
308
8
379
11
154
10
1
26
1
1
9
1
28
88
1325
2
19
2154
1613
1
36
12
5
2
9
1
1
1
12
12
27
11
157
1
58
24
7
1
376
15
1
5
79
877
15
20
3
30
824
777
31
3
34
16
3
27
25
1
9
15
8239
95
302
355
18
1
296
68
27
1
117
11
753
3957
1
1
5096
3
41
47
1
1200
3605
866
1
30
268
2
14
361
4
22
11
7
1
98
143
5
31
4020
4
78
3
12
764
36
159
1444
1
253
1
42
1
4
2
2
1
28
46
8
56
305
9
4
16
931
3
2106
1389
22
215
1
24
1015
51
986
431
43
33
6
23
3
173
1
4
223
1
1
1
23
33
6
1
269
5
2587
1
111
43
9
985
18
15
13
100
92
197
11
1
1
1
10
15
16
61
1
2
685
1
47
131
1
4
78
270
20
1
1
1943
1
4
1
31
8
1
8
14
1
38
24
1184
2
131
4
4
33
127
12
12
1676
3
1
1267
1
72
190
1639
1816
21
24
6658
1711
580
1990
166
5
1
211
14
2
1
6
1
5
4
48
561
265
1
32
21
129
1
2
60
1
1
61
5
12
2
91
637
19
3
22
92
17
39
14
1
50
5
192
28
112
13
1
26
40
1
2
286
115
1
45
1
1
99
2
162
24
1
4
12
377
18
5401
108
1
23
1945
49
3
21
19
1
1
3
31
1
1
40
298
34
52
69
1
1
8
15
4
1
180
4
4
12
2149
7
74
26
6
5
49
18
1
20
3
9
27
7
214
1176
691
6
232
1
18
59
2
1051
3
300
19
18
7
148
10
1
66
301
39
25
7
8
55
4
52
14
3
143
21
9
12
47
30
3
31
14
26
1
129
43
110293
235
2035
2342
1
13
5
1
295
1
65
17
2
1
171
12
2
1
537
168
1
13
673
1
112
1
30
38
1
1
9
30
49
142
5
8
6
10051
38
1
1
16
28
1217
13
1
149
1
1
9
24
1
1
2
1
8
198
14
1053
56
65
49
195
1
26
99
107
1
1
438
152
1
718
5513
1
868
18
26
27
28
332
1
1
45
35
6
43
14
18
1
1
14
29
55
10
1
148
11
263
107
1
1
1
11
1
877
1
1
114
1
482
1
10
905
20
2
2
32
54
1
1
1
21
1
30
7
11
5
1918
1
5
1
5
3
1
170
1
3401
250
59
28
2
1
426
8
11
1
54
19
7
2489
316
9
24
14
79
43
6
7
25
52
8
29
634
237
34
254
2670
1
7
6
20
3
35
17
142
116
31
31
14
35
1604
8
53
5
1
1
32
152
43
1
208
160
54
33
29
21
2
360
19
57
47
779
31
7
13
47
7
50
36
76
6
1
11
206
944
20
1
4
5
98
15
52
18
2
9
1
454
33
382
11
9
165
75
95
1
30
57
60
3221
3
8
44
400
1136
1
9
22
5225
1
1
76
4
63
2
78
9
4
87
35
51
3532
1
4
8
3
3
17
1
1
14
21
1
39
1
12
1
15
1
3
56
35
34
121
35
5
2
174
13
32
6
18
1
1
179
1
1
3
5
17
42
33
2
2
6
25
1015
4350
5
290
8
4
8
188
20
1
14
3
7
1202
109
374
72
3866
187
40
2
1
269
1
4
51
1
13
2
27
10
1
1
12
743
1
19
1484
4
1
40
1
1461
94
1
3
1
18
4
6
1
1
1
1213
365
1737
848
17
5
3
12
1
42
93
175
139
47
216
92
354
97
418
10
53
1
48
66
33
2
28
7
38
1
1
10
2
83
3
1551
23
1
1
35
1
1
640
1
4
1
1
17
476
1
1
16
99
14
1
13
70
11
1
68
1
1294
13
1238
1
5266
86
1
1
1
63
1
43
26
458
151
36
3
10
6
19
280
43
11
1
19
2
13
669
2
64
7
107
728
110
1
11
870
55
282
1
10
52
13
5231
47
17
4
1
19
2
1
4
22
34
334
203
2
235
195
192
47
1
24
133
1
651
9
7
2
1
1726
66
27
12
1
159
4
31
27
7719
1056
47
51
7
159
5
78
1
1664
1
2
11
76
32
2
894
1
245
9
56
2279
14
1
1
1
74
1
1
11
64
85
92
5
106
77
227
8
55
25
1
1
1
1
597
345
22
1727
1
28
239
1
1
3
158
2360
17
74
1
1
1315
451
677
1
11
1
1
13
1
1
1
21
219
750
32
28
7
745
25
136
38
1140
40
9
229
51
1331
258
28
1355
7
2331
39
1
150
131
277
24
7
1
116
154
40
2
6
55
1
100
5
19
17
68
229
4
9
98
131
9
9
263
1
9
511
7
491
1
431
13203
35
1
1
1
33
1
107
1
1
1
7
237
27
328
1
10
50
383
12
1
187
1
1
195
40
23
355
8
69
76
14
23
1
13
1
1
45
34
37
1
1
40
3
382
1
394
142
6
25
2129
15
175
36
2
1
5
122
73
8
1
6
1
1
5
5
176
472
14
2391
23
22
12
30
208
25
1
1
7431
1117
2
1
11
45
1
1
162
135
31
1
1
131
10
1
2
59
1
16
1
8
17
2
9
2
136
93
9774
5
2220
7
58
209
58
45
20
6
54
17
35
7
1
112
69
4
8
3
1
272
29
58
581
2
1
1
1
945
55
6816
2473
1
437
7
1
2
35
44
66
1
49
73
640
1
1
19
146
11
15
1
15
36
77
1
5
41
3
1442
1
191
49
64
82
2
617
5
103
84
1
181
1
15
22
87
2
201
87
102
21
132
31
3399
11
626
6
40
1
1
3
59
108
1
34
1
1
23
44
1
1
19
19
1270
39
5
39
156
1
11
1
1
1
1
5
3095
2
8
43
115
31
62
8
1
37
630
2
38
73
11
2
58
3
263
3
191
9
1
66
29
14
5
3
141
823
3
546
1
73
60
6
1
25
66
31
1325
3
36
1
13
29
1
11
174
1
1
16
22
7
4
236
15
146
1
2
24
1
1
26
3
53661
1
1
1
59
27
8
6
5
2
46
17
10
1
33
10
19
1
17
695
45
9
28
28
6
8
1
10
5
214
43
1
11
10
826
620
597
12
388
64
60
89
57
552
1
16
3
11
2
243
5
10
4
39
416
36
2
159
8
389
7
1
55
9
73
1
9
16
12
1
56
4
8
1
4
503
13
9
82
8
2
364
27
1
123
4
529
2
1
19
99
36
88
3
16
1
4
5
48
10
5
1
43
90
217
1
12
40
1
37
17
1
30
4
1
96
55
10
266
3
1
8
1
21
37
48
14
1
1
6
1
25
68
1
17
76
13
1
10
9
4
72
32
34
39
1
1
121
2
216
2
26
7
37
7
1
42
54
79
5
12
1
4
406
28
96
121
1
165
147
326
127
27
5482
994
75
1
864
608
16
1
1
8
1
18
2076
137
7
1249
6
75
1
41
1
349
88
1
1
177
18
26
4
14
93
65
1
5
1
18
1
21
21
4106
6
495
8
265
58
1
133
24
1
925
13
7
21
134
155
12
3
12
31
74
3
13
181
247
1
4
5
107
65
2
50
1
9
1
2
9
1
176
60
48
8
1
1
18
151
4
216
3
1
886
606
1
288
2
22
6
7
826
1
153
2584
43
12
27
37
5
259
1
19
1
1612
1016
88
1
19
934
1
158
63
7
3
18638
93
1
1
9
1
1
8
67
8
37
4871
1
1
19
491
38
134
8
82
33
220
6
1
1
25
5
5
3798
15
56
5
8
21
1
1
186
15
2
1
10
88
1
15
1
1
13
43
80
2
21
1
1
1
1
9
284
1
571
109
1
578
339
1
224
12
1
59
78
18
120
1
5
1
1
1
1
155
27
16
1
7
129
1
35
15
26
27
1
148
14
16
2
53
4
102
1596
65
13
3
8
4
528
13
86
3
817
4
1
2
238
1
13
12
3
349
1
20
281
2
737
1
53
3
1
25
1
34
128
1
1
1
18
13
1
64
141
1
72
1
1
5
5
1342
1
9
57
1
35
618
1
213
198
128
1
9
20
27
8
10
10
53
2
4
3
6
22
2
12
13
1
1
4
193
119
1
445
36
1
55
26
736
70
32
18
652
1
474
2
1
19
201
10
67
8
226
13
95
1
167
5
1
12
67
1
9
8
11
9
11
1
162
54
30
3300
3
52
1
24
43
1
17
3
1
13
1
12
1
171
1
21
547
42
194
245
8
51
1
11
19
65
68
450
1
1214
23
95
103
21
2
1
4
4256
30
1
1
36
11
125
3
44
1
2736
12
2
364
726
36
183
15
269
3
1
1
57
3
248
148
10
235
60
806
5
10
5
663
1
27
594
2
3
162
407
1169
5
225
97
33
3
15
14
222
2
19
72
660
66
12
544
312
76
27
19
1
8
3
133
46
21
18
22
2
80
174
1
144
1
4886
356
40
114
151
70
1
108
1
988
3
10
373
213
91
509
3812
2
70
1
2
182
35
48
1
2
598
5
206
5
1
130
9
22
2
655
101
1
1
71
16
108
3
339
1
25
1
5804
6
186
134
277
1
823
9
3
12
6
27
15
11
52
197
62
1
249
1
25
2
61
51
1491
35
6
3382
7
1
1
2
1
4409
14
1
166
18
3
12
109
1232
1
32
3420
35
7
1841
23
1
14
325
2
194
42
1
55
1
1
231
1
59
1
7
508
2
4
1
212
10
29
2
4
7
9
9
3275
63
1
1
1
17
1
4882
70
1
1
94
4
1
1
1
294
31
25
1
373
9
2
5
55
57
3
29
1
88
17
69
1
26
10
51
207
30
899
3
114
4
45
21
1
328
4
71
271
1
62
1123
6
31
7
423
21
2
191
270
596
45
3
375
121
28
3
1
6
33
1
1
5
6
156
2
1
40
5
1
102
1
9
675
86
12
3
1
1
25
1
1
68
31
407
33
912
2
3247
9
1
2973
21
23
2
200
63
1391
35
3
1417
436
1
9
424
190
45
257
28
9
24
20
3173
6631
1
307
20
475
4714
1
1
1
14
44
198
95
99
12
31
11
175
202
1
11
25
4
544
2
11
14
26
1
77
3
6
1
5
3
154
14
13
5
43
439
10
85
4
25
1718
28
2
597
1
18
1
99
39
692
25
2
73
1
10
103
154
1
1
12
377
969
513
1
591
11
3
65
8
1
1
23
108
183
181
22
6
274
11
1
11
23
384
19
3
1
16
457
53
346
5
119
1212
25
14
1
207
1
444
655
21
29
1
1202
1723
170
285
3
1
32
39
1
65
13
9
24
1
12
4
7
4
6
4
12
2683
1
3
8
13
23
1
52
94
950
494
46
121
7
94
1
14
115
28
73
35
91
8
2
3
1
4
108
1
1
574
11
1
47
3
39
54
69
3
775
8
7
1
1
215
220
53
36
12
66
133
1
8
1
1
54
3
3
14
8
1
1
1
12
1
27
24
33
16
1
780
1
1
10
1
1
40
49
307
1
1188
8
33
13
42
1
1
6168
1
846
5
601
9
11
19
221
1086
75
215
189
1
206
263
403
2
222
154
157
325
1
3
4
549
3
7
24
1
10
35
4
11
7
5
5
19
488
129
