883
1228
642
788
431
170
4443
3917
1
206
19
4
99
3
48
30
12
23
11
2752
42
64
94
2675
55
209
92
7189
13
122
3
5888
109
8
39
47
649
88
44
3781
445
23
2
16
9
2
199
59
145
28
40
37
1
3
16
1691
43
33
559
24
29
10
62
64
148
48
1
1181
29
105
151
150
146
1
60
1351
25
45
7
15
937
901
54
1
1
59
36
50
51
396
1
25
2085
564
24
265
6
53
45
1885
129
113
97
29
91
242
491
586
136
131
94
494
370
5412
46
42
145
478
730
91
70
2420
46
10
520
90
1931
151
141
30037
845
3275
434
157
1
8
101
38
33
39
5
408
1961
262
109
104
30
17
826
382
1508
65
213
210
15
206
76
46
552
318
19
1136
236
478
172
486
17
36
40
245
38
2
66
151
30
833
94
28
36
44
36
23
8263
175
15
1
1576
1398
97
101
994
1
1
57
1
18
41
6
113
48
117
1
1091
227
2
531
44
19
39
12
5
1
13
114
1
18
1
1
1027
128
100
1
558
194
66
171
1
360
125
83
