1
27
3
150
284
9
7
214
73
5
7
171
1
874
33
231
4690
32
1513
11
10
521
43
29
2
41
63
33
153
206
71
161
6
87
17
1
10753
54
13
1
16
14
1
3
130
21
75
15
2928
24490
41
118
2585
101
8
8320
64
1
107
81
106
210
65
1
1
699
51
205
1
35
1
849
1762
2
1110
148
1
556
175
20
5609
32
33
25
2060
419
96
246
848
1739
971
42
1
18743
2463
88
846
89
159
123
68
73
43
80
690
57
56
4
315
128
113
82
335
31
79
1511
10
353
39
36
812
9
789
2
402
138
32
603
564
64
96
274
1
238
1021
1
2547
193
3148
1
2433
127
4622
4
129
2034
151
1035
126
436
678
1
15675
76
754
85
37
4272
4
21
676
1465
138
469
910
23
104
34
169
3113
1362
1
1146
164
3364
1
43
3917
27
15025
2599
41
3951
12436
312
208
8167
146
38
816
456
170
189
19
8357
14
8273
524
1970
187
8048
93
1
1273
370
3482
186
1
17
8745
63
16523
722
58
2058
169
130
42
683
13748
760
34
939
51
18
56
354
305
1268
5931
986
130
1
67
5555
977
17
4498
1
90
80
3926
16107
1065
2697
222
303
147
8
24341
2359
2447
325
99
587
5989
100
46
1298
860
627
3955
417
14591
46
682
10772
1
833
5
136
1
65
923
479
699
154
1
24
292
355
55
5413
2842
8999
69
114
3775
37
408
6271
65
14052
181
5602
46
980
95
1
2442
1
212
28
55
231
2133
1
41
16
891
375
23
90
173
136
1564
39
2401
1716
716
409
61
22
3
600
51
472
5
83
51
43
2385
720
825
485
65
22
2683
1092
221
1542
271
50
91
13
3184
3481
116
210
109
2390
105
353
1
68
211
55
1546
252
119
85
4879
377
173
2038
9
95
11
1136
3118
1
480
205
252
1
1912
779
676
256
2627
1
1852
46
30
84
1
1
42
569
14
44
19
1
7030
122
256
16590
1
163
1586
31
1941
611
66
860
103
2464
193
84
70
1
606
2242
28
404
853
138
1142
47
13
1
46
1
13
638
310
771
1
545
21
84
638
1
502
1842
516
687
738
13
127
23
84
27
135
1
149
1368
154
1
7
2
164
144
126
8
199
133
108
1971
1
1
45
1
551
14
1
1014
617
2102
2173
192
1
17
3
45
622
1
42
41
16
56
15456
198
169
153
48
152
365
8
1
1
1
4361
6
56
446
68
23
45
26
554
605
1
53
98
59
2693
156
1223
92
289
2588
1
121
1551
1332
219
1
11
549
54
6
567
192
23
183
138
232
4
1
167
812
5692
222
4
240
88
61
179
1851
3371
1
16
1972
664
872
396
5093
10754
324
1266
1
40
593
70
18
49095
5201
1963
57
1
100
384
1
4313
8636
9418
3
2149
3332
513
3136
904
1158
10
3060
528
740
61
3903
309
152
21
837
39
60
148
35
368
521
57
2022
1
18
1734
56
178
847
3
172
1
111
161
1292
1976
6
10
1057
45
330
174
29
257
32
113
8
79
781
1917
2087
17
5
48
2247
277
88
1
436
252
96
133
2233
79
6362
105
111
8074
114
37
2996
24
7
66
648
441
223
641
1958
447
48
25
236
641
2695
4499
5
2196
109
4166
59
26
69
24
56
126
41991
9
3
3828
1130
9618
232
2
878
108
271
198
1728
4901
295
1309
47
628
93
909
3
1
1154
13
233
36
80
5
120
94
653
2611
70
3893
39
68
3799
39
60
1625
298
109
107
126
1506
1500
154
8657
129
5
2485
1
9
17
1036
100
2143
909
8
1
625
56
1
45
898
25
143
1026
15
94
5
82
2118
161
1
1736
27
1626
153
125
1501
159
82
1367
813
407
29
45
3
73
1
3054
4
125
1831
360
1131
120
40
8002
53
1492
5625
40
6897
1
595
128
1
26
556
47
44
74
128
1866
102
404
821
190
1507
1435
9
90
162
101
43
187
1892
662
65
466
919
2426
639
24
347
293
752
182
175
1205
124
507
947
369
209
28654
477
154
153
29
56
3656
3119
46
314
16
1
42
2310
33
30
1404
53
1152
1
21
78
1357
16
426
143
151
2463
1
215
50
12
4
85
36
1875
287
4784
278
1308
1
92
85
110
3
68
454
382
76
2351
14
91
56
335
185
337
8482
156
56
332
3
207
384
241
1
3
5
5517
226
46
133
157
1389
9
30
4157
3475
154
62
398
1
202
2
40
16
72
1004
1477
331
180
131
129
50
756
16
940
3930
1188
943
622
84
443
867
85
169
34
6
747
1
126
15
1582
87
238
121
249
135
1281
19
4
27
42
112
40
2633
5971
2344
146
166
190
169
5463
13
3579
201
1
6
3068
2641
22
819
133
214
248
48
2106
362
651
890
451
248
498
1
31
1
149
294
1
5
1
1
112
1
1
971
27
72
1
1
2
1
49
156
504
60
446
80
2566
336
516
43
46
373
60
229
5272
1213
3107
3430
768
41
177
25
76
124
147
8
931
36
586
17
2082
1082
31
76
299
3733
203
7
64
4
34
1769
3194
219
197
114
122
182
126
4392
283
87
1557
59
2438
369
3195
582
196
62
2859
362
260
208
33
52
4951
3185
3542
1919
68
2398
1052
828
213
7
51
5
31
285
256
494
389
33
63
1
120
24
127
14
1
58
103
9348
3290
39
234
4483
1049
91
254
589
29
137
95
29123
1189
2312
26
1
2861
13
37
198
181
580
34
66
187
299
3953
439
804
11
58
844
554
109
538
1384
16
432
674
905
866
2336
394
1769
1074
925
3655
35
25
3013
99
2205
44
157
1
2015
30
95
6136
68
72
1914
4673
3848
442
168
781
931
1053
13215
28
100
27
2930
2536
758
125
63
249
161
42
1617
84
381
46
1372
1
1
54
235
498
67
128
786
1
64
537
38
196
797
192
789
143
666
1
544
77
7
575
780
2207
226
489
734
248
4
75
1240
325
901
212
41
12087
56
2088
6101
59
5366
36827
8458
1342
86
5
40
108
321
696
148
1023
397
75
418
1259
537
539
105
23
410
30
47
3
5088
2
3
7
216
2446
82
2188
1367
32
643
206
5100
1419
186
275
359
704
883
76
92
32
2836
49
133
482
325
1073
92
234
666
1757
66
27
17934
1
5157
1
919
359
782
166
412
355
2831
167
906
21
2
2756
1
144
205
653
1
6561
740
11337
9
627
1
550
1078
2181
351
911
219
6674
554
1254
366
1817
16
199
52
45
157
1585
279
306
1
1376
167
1011
2000
319
654
560
86
113
23
1
1
1031
46
659
76
18
1
51
37
30
110
64
58
89
273
85
176
2442
79
2144
231
1
560
208
52
21
1015
14971
61
10
167
9550
84
557
336
1
707
362
173
41
3
1144
9
216
287
41
9
3
999
51
210
1
322
1
1
73
184
727
82
12936
60
3496
116
7
55
29
643
2548
561
1
1546
202
6
2424
46
9
627
1
241
3134
1336
2522
133
238
990
50
41
1
352
1
249
3317
79
121
1
163
5392
20
215
206
151
2
180
56
17
92
331
581
5
1
425
4613
1523
176
324
124
100
3
728
93
20
693
216
1754
313
143
1
2104
521
766
111
137
352
474
148
599
1868
16954
297
415
460
66
754
128
1
1032
43
5403
6426
6324
138
83
1378
120
70
2230
168
3325
246
14137
38
397
857
150
69
1
257
437
14240
1151
441
1
83
1834
2900
3130
241
4692
179
372
3
1
1
6
1
188
4637
773
1156
204
198
593
245
12421
12
604
90
1011
435
202
41
6
121
1
1671
89
1133
15
3022
13
197
3
88
1
144
5
465
2
7
25
1
44
1152
8
1
112
1945
2288
1130
10
77
407
19
1
218
290
47
13
79
1
524
2
1
817
62
3520
26
193
1
1
30
1179
720
21
8
1
109
6
672
1
75
1194
138
754
115
3
5485
3374
33
1
54
8
122
1
93
367
140
1
1
95
52
92
137
109
3778
61
61
3
687
1471
1
1479
95
29
92
35
1
5
1
86
1121
150
1013
248
2756
174
707
285
419
12
1
4
21
791
26
38
47
535
281
456
3085
1
150
28
172
25
74
96
349
376
204
155
287
601
1964
58182
3381
106
1142
26
204
73
605
37
3259
4583
397
3672
9603
32
1
122
70
1121
2919
387
201
173
1031
9098
2111
27
3
129
1651
153
169
1040
1817
8
1
729
101
1995
32
209
4583
220
3601
10263
892
52
58
9
1708
819
1536
1
4662
1120
4816
139
103
2066
556
1501
722
245
55
1799
184
33
1582
53
621
26271
7364
2256
283
12
3280
806
309
11
4
62
1047
1189
5976
3328
8
1
724
27511
2040
127
168
106
100
3946
1728
97
71
912
120
96
11
530
94
234
15
30
48
54
2018
33
14
6995
696
64
772
481
567
334
26
9979
209
19
14
120
99
3250
6
1639
7
5839
24
933
41
10
39
57
790
726
28
3
8443
21182
11957
45
36
374
7976
12
14
274
34
63
24
92
2018
729
4167
33272
1
42
2246
831
23
129
891
10936
200
53
3080
572
27
15
1705
4
1041
84
12561
46846
106
86
336
345
526
1879
60
17
307
625
2187
743
793
149
96
745
60
2715
5578
147
3503
305
5129
177
558
243
52
57
1680
554
300
1932
779
259
304
2192
6278
74
52
320
1
70
978
1
5753
728
62
143
3262
539
534
4549
429
110
235
1294
21
165
2488
3400
10
3004
23
5
764
153
17
544
9208
737
1
186
1506
211
1045
2
48
1
76
21
1
4661
2642
2032
366
11
255
58
807
191
1
3674
287
20
1
42
21
1065
4394
629
2125
80
61
3090
201
7047
52
807
362
159
19
6361
102
66
1135
1
405
1
14
4
2061
75
1779
3
1
40
1418
113
43
1
106
4618
128
90
186
763
2571
1
54
33
619
247
2331
1923
249
41
10
7
245
97
2679
1852
871
18
102
205
2817
3
68
2412
1239
130
648
85
1060
11683
14
3511
4
3953
114
4
107
740
457
164
1
276
852
1
47
176
33
7009
684
3756
1410
5502
2530
912
157
602
683
289
1750
1179
822
554
87
105
713
1
2419
1106
62
50
1095
79
1338
1
77
113
310
2824
213
1869
1605
409
304
411
12
1
34
44
80
596
179
99
51
302
69
102
3
220
208
3681
2803
22
5
639
1
21
22
1
72
277
1
1209
1
337
1
110
909
3289
16
267
102
55
11
367
182
168
132
2598
63
1
1
141
438
1991
720
13481
1129
7
84
2474
469
928
1164
49
124
78
387
592
45
121
88
4729
216
123
307
167
2311
50
1153
20
13943
454
484
48
82
145
1
86
30
1449
172
103
66
389
1849
1621
652
1404
411
753
713
793
91
75
50
6280
747
5085
390
1765
621
1
173
371
1244
58
5
83
197
89
196
125
931
347
108
2590
2606
1370
795
151
11282
11
847
333
351
11
351
170
1760
2142
1
18
5
4345
1
38
1227
4988
822
1103
5
68
411
836
98
244
1
90
99
474
984
121
3396
178
92
495
85
43
1
62
116
141
1
25
86
329
319
1
39
1
1854
2224
8
43
258
23
38
2
201
77
4
51
844
9119
87
1
12
944
915
1
180
1834
2
67
53
128
59
31
936
4
224
419
327
669
898
3
4514
97
3
38
494
203
1
1
81
36
1
56
7
180
1
11
19
186
47
39
633
1627
1416
213
1
1737
308
104
6
1
336
2286
409
2
917
405
1
57
43
3115
1
2410
1
1883
6537
729
1511
259
52
2806
8
1
114
16
58
1842
1
227
3
111
175
41
719
234
84
88
45
23
2
18
2802
227
41
633
4
186
78
2010
76
1892
578
400
3261
1382
908
214
61
713
182
117
36
1998
128
1234
212
3737
393
1345
2932
349
52
407
1596
489
124
11
243
54
895
70
96
1298
113
1
31
1776
118
438
701
44
2163
1
105
5572
1
200
703
117
78
711
1295
82
2159
50
3281
1482
115
646
125
29
78
301
123
5187
2759
1
4
3654
49
1248
614
27
257
118
141
6
27
8344
86
4561
48
312
7
4
2587
105
1077
152
1811
446
377
2013
587
98
214
4
12935
143
134
367
1902
46
8993
1100
927
122
2015
256
1223
457
100
73
14247
86
49
4325
55
16
946
99
18
1
616
996
1
41
2322
1
407
3821
2725
173
588
142
24
389
1899
7696
53
3291
121
194
1548
5436
1304
762
205
1315
1
2617
1366
122
517
470
1442
2092
1
145
260
110
63
92
1820
11
1036
56
2163
626
1049
1307
174
8234
87
29324
128
25
825
1794
13
1124
1355
335
76
30
3
3125
648
141
147
276
2046
20
1797
58
176
2
1130
539
10
295
21
111
153
1
763
898
3412
5254
589
74
244
184
16
3685
28
372
136
17379
420
199
261
6739
155
1
43
984
2595
35
394
421
6089
183
5326
274
40
604
139
128
87
778
199
228
3219
13
4361
285
361
48
3960
12
2855
2006
1538
10
58
13
3696
748
2436
2
123
60
517
10
71
103
208
173
667
115
57
252
1631
292
51581
59
3077
416
276
7
9
4
105
1481
405
7392
117
28
170
1
24
900
81
77
44
308
558
2136
28
8
35
2472
640
1091
92
3518
3127
37
68
5162
1065
3047
717
309
43
286
927
966
10342
45
33
110
1153
447
310
5134
28
67
420
51
748
971
2592
172
7
2529
43
288
64
108
1500
373
74
1553
82
9
372
61
15
275
92
1644
626
33
227
2209
350
200
19207
46
27
207
441
315
3205
5697
9732
13
228
1123
11
519
331
13
37
1695
4801
724
81
1
19
463
649
332
355
10
1508
3987
4875
248
332
1519
281
83
20
8
618
6
97
60
122
3273
2657
19
4
23
1906
480
541
524
30
2870
533
9
1661
316
512
96
905
495
357
294
401
750
209
4
540
2
38
161
500
988
28
179
23
49
1199
252
1
159
218
218
113
1
7
182
583
3273
12
5421
24
3619
69
12
1050
156
924
152
12318
926
334
358
157
143
1
3325
3266
8778
731
243
1618
578
3
93
475
566
147
153
1291
9
19
85
422
180
53
100
1980
401
1349
264
1496
103
568
73
321
86
283
9332
654
534
252
1
533
94
3783
697
1001
281
60
44
733
2850
114
5169
3
2118
170
93
1891
13
38
69
304
19
907
152
194
6
9
41
1865
457
79
16
1127
1
136
49
108
3
1829
127
310
6
28
74
165
38
36
1790
909
386
77
35
318
642
65
80
1880
5
2564
45
37
114
1
703
50
326
38
445
127
25
55
1
32
1
37
91
17
30
587
15
2
1
1
126
118
87
4
1
396
228
2831
93
218
10
1
133
1
402
11
1267
80
18
36
94
840
577
334
18
890
268
28
694
82
1
71
425
28
37
1652
1
11
582
150
1
524
59
648
23
81
13
1173
105
1
13
1507
758
5
83
742
253
845
4603
98
4076
166
55
202
72
1527
120
92
3078
64
591
162
4
81
212
49
294
71
274
112
333
2433
1
203
25
1
718
115
18
154
673
2730
58
310
262
612
1
630
653
1002
728
370
27
591
2072
1369
492
1393
860
53
5
26
161
1
48
487
66
3137
104
1
9855
485
1401
806
299
3300
305
488
6861
686
260
120
261
2412
6269
42
19
83
4545
834
434
168
5019
352
25211
381
1
102
36
209
3322
18
513
28
3069
4
564
91
238
396
47
2579
4555
682
1313
5
4
389
1
16
8
14
560
230
583
8820
1165
1
162
15
1750
489
209
610
103
5
257
86
82
144
171
33
67
32
145
3302
980
2870
522
66
3637
754
6265
1107
133
1570
105
221
956
2171
216
398
586
843
613
6
65
1196
1194
1
31
71
122
882
1039
555
1
4197
113
3557
372
4
152
285
103
840
79
806
106
220
27
1301
169
1
120
117
30
1740
37
330
40
260
134
1098
305
1310
267
71
634
1275
1413
31
77
6295
2308
10
435
256
109
1036
83
3822
61
152
61
20
4023
1415
13
123
688
93
34
7
3
2601
963
132
210
167
134
569
153
1307
1614
197
316
407
183
368
7
39
2
6493
373
1869
22
596
112
69
1
239
360
120
33
804
69
1
23
1430
2316
3
6
3
153
83
3
99
223
58
619
58
486
60
592
1378
1621
5
782
10423
243
3353
452
19
466
487
235
168
80
392
89
98
243
226
130
1434
42
1984
1633
3752
1
113
87
35
63
72
274
4068
4
9978
1071
8
45
4804
100
23
1451
4524
31
85
468
52
50
373
3599
1
2231
1
314
1202
12
122
420
40
263
835
586
221
89
91
258
49
160
123
1740
3
65
736
213
10
383
962
71
120
15031
16
494
6
1
42
418
912
1281
28
113
3307
193
1
1
566
421
52
27
2094
65
1683
215
4790
234
426
20
1
83
44
153
1070
71
3218
1
96
91
5113
1
3744
15
120
551
41
5
146
92
443
203
48
214
25
563
1061
708
36
1
374
764
6678
6993
499
2
1388
356
193
158
32
148
2
546
22
168
51
147
347
55
129
4
1
10
130
414
15379
1130
557
5
69
211
36
542
665
49
46
41
117
201
1
19
259
1603
3
81
2
3
295
7
34
1490
186
61
4919
732
52
255
2889
2480
115
15
126
4042
1616
26
39
187
11661
221
47
4533
82
22
154
120
42
203
193
2309
23
300
3
1627
19
7
245
712
44
74
1
6317
58
35
13
1156
12
3015
1
493
6
159
1553
4
220
246
6714
84
537
89
128
21
180
33
140
4
164
685
521
506
55
654
5
1405
230
158
2
1135
15
276
2467
1375
85
351
193
1097
256
69
43
102
109
76
136
3852
35
9
984
44
1
4
1
71
1
61
37
111
139
336
32
45
735
514
63
1011
79
231
20
1
15
132
4144
206
59
440
47
112
6332
241
519
88
205
290
2524
5
527
406
53
734
71
61
211
1014
38
153
873
155
1993
1
9
2170
68
350
791
55
576
278
1596
128
19
14
113
128
1416
443
117
1284
24
135
157
503
642
46
4632
224
111
236
2973
504
1029
187
48
34
1
144
478
186
38
69
8
806
17
41
194
13000
102
112
1751
202
1
3
42
330
1601
389
17
1430
362
443
41
113
7921
228
151
117
1156
11427
655
497
4046
2797
16
154
1925
824
271
100
3
46
42
5634
1
4690
50
1517
11736
34
8401
42
197
1481
41
82
1112
47
95
919
75
38
2806
134
77
105
4208
146
60
102
47
117
14
1
35
66
206
174
1
14
1313
2792
1640
1
40
18
540
6
135
1
90
969
4966
107
255
55
593
1
399
1256
342
1215
1
567
58
1
19
1
1198
134
49
225
53
1
38
638
449
18
133
902
1
1
32
1
8
992
1
53
1235
10
348
34
87
68
56
46
597
534
41
30
56
159
18
251
99
134
459
6
28
177
11
1
23
1
1
77
325
87
735
172
267
298
353
2
98
1519
47
1
700
1184
36
93
137
262
354
125
67
251
130
21
84
210
218
497
127
1739
2646
315
788
442
3123
712
80
2168
3
595
2840
14
700
1634
1
7
1506
965
9598
1
67
19
121
1
50
65
503
50
79
99
1069
84
736
32
11
1
72
255
1209
2
1
17
1
70
503
366
165
1942
10
48
1138
265
164
5958
48
4
73
1
1413
19
3
159
190
2580
34
556
161
7
309
192
102
99
197
1
64
14
253
20
434
2166
86
23
351
66
71
24
105
26
1
187
5
2
45
472
1
1
362
1
77
5
1
104
102
16
1
60
37
61
116
23
179
980
5592
423
62
168
41
237
1147
82
1
901
125
7
98
3524
19
32
71
1
53
17
342
161
1994
25
1293
1
65
3219
51
39
3180
577
732
57
58
440
1547
1
4
7
17
4175
1178
418
294
137
194
1556
18
135
2637
5
14
40
93
21
324
287
228
153
309
303
48
439
84
621
24
1099
150
1419
1393
70
10
17
4
4
1192
141
88
625
9
1535
324
1
6
773
39
9
896
460
1489
807
126
2204
3058
417
446
247
46
300
1844
1
577
162485
9
42
71
146
40
645
2935
2
415
712
989
24
54
37
3423
1
1388
27
107
246
1195
52
28
1699
397
1
17
1309
23
208
1
9
1
29
2
31
1439
59
3
4240
150
3473
29
1739
3152
1
1
272
8
45
143
78
1668
1
12
2617
1
302
151
132
1826
497
1877
621
3677
79
1
155
485
1
15
141
1357
1516
32801
350
193
1
1
150
133
9
11
3704
1
293
7890
158
1
156
2
1
181
368
1
4445
197
221
2173
281
2619
13
447
44
294
175
98
130
8
1
10
47
1
455
774
2704
101
158
867
101
40
27
87
4296
67
48
1
1071
1565
57
574
14
14
59
3
83
8
141
193
499
693
44
1028
899
99
123
1
512
387
263
49
4
48
113
3
1407
194
262
54
1
153
10
46
140
611
18
793
1809
8094
1188
40
10
4
190
29
445
103
12
1
3690
1
1857
1681
1276
143
20
1611
71
16
28
341
2275
165
82
181
47
1255
1
1
104
558
54
178
2515
11
9
68
1
97
1
382
444
2621
125
20
113
6067
1
1
27
247
9
5
14
2283
1
349
726
122
250
82
70
408
112
7
119
144
5
3210
34
530
1416
446
1287
2709
30
184
1
1
122
193
1588
441
1196
1
1605
7
72
1132
18
243
1
48
275
209
1061
50
312
31
1
68
425
290
2352
17
1
40
7
1055
1
818
1599
80
1
2
1447
152
289
1905
58
223
1325
37
99
80
3471
237
91
53
1185
139
120
176
2275
351
127
3855
4576
1340
243
143
205
1063
11
127
26
152
56
149
66
4789
196
476
19
1
230
186
2715
253
1262
5660
37
1496
374
53
4436
774
156
131
1576
371
990
31
1
66
1
188
210
1063
885
175
20
42
271
283
1066
4307
327
6
283
736
1058
76
48
27
2
100
5510
253
1
3463
97
107
43
41
1
9
7
1
125
301
5
1853
3050
167
71
14713
1
2660
9
3
1
1
304
27
553
4
43
6
120
102
41
300
310
719
1028
227
517
156
2
86
504
3628
92
38
1119
275
86
47
1109
1309
562
3209
119
6804
155
3
72
404
91
181
43
284
392
1270
2467
296
2962
1
124
53
31
2
6397
14
3716
9067
2895
83
1081
73
163
78
19
58
8
2
471
8
1044
176
3408
303
114
56
1371
35
183
49
124
4083
204
68
313
370
26
487
525
1
96
16
105
1172
83
108
424
276
1
86
368
162
2
34
106
4
161
35
234
4
44
1
1
6381
81
3825
3369
2362
634
1
525
3
3680
231
31
161
341
1169
87
50
139
1
1
50
32
37
3483
1800
39
1
674
12
171
1
55
1286
2
1
1
37
246
48
120
6
34
6
3709
123
382
111
1
962
67
133
219
32
3
11
541
6139
6427
46
1
1
223
208
65
1
378
1658
12
96
981
150
601
2
6
233
1119
8
1661
77
76
66
12580
208
1
25
417
123
100
386
571
668
929
1
682
348
7
1
263
163
12
1045
26
45
54
296
159
212
1004
32155
25
3
69
1022
32
571
62
6
80
4
249
1781
6
554
207
119
138
91
17
725
81
1
5
406
77
5
107
1
439
83
129
113
62
1290
137
53
5
670
242
207
807
2864
307
270
2
1620
4
259
11
75
208
13
204
577
116
88
535
81
188
11
58
572
6
1
5
69
127
515
481
1
1
74
85
6
237
691
893
186
32
19
2
59
1
790
180
333
17
2
37
43
95
11
201
244
680
130
295
26
3
215
153
366
1
83
214
62
114
38
400
4460
76
380
597
21
656
1273
1114
320
1
31
26
155
42
50
60
821
3619
786
11
19
550
1871
266
81
56
73
48
36
390
40
1510
1
830
551
97
12138
142
68
35
159
46857
120
10
2282
4880
315
172
1169
754
29
111
5848
25
190
56
70
334
1720
825
218
4929
51
139
113
1604
963
687
1
12663
3092
1040
732
116
2597
3698
21
1674
729
594
136
20
90
6577
80
240
17
1
155
1596
3554
203
653
310
16
161
498
7
232
133
965
1265
10789
1
562
38
2352
15
120
105
599
103
4832
74
421
1569
71
2064
5083
28
4899
103
973
283
521
3
34
421
98
1074
47
1475
1556
10468
115
574
1
761
841
98
1187
512
603
844
129
616
900
197
137
1
1767
2
36
1101
298
754
69
125
742
1
108
557
337
75
127
106
4
33
118
147
13
3622
115
688
2383
244
16
302
39
253
26
1463
27
132
280
77
374
3137
16
222
389
67
116
2
278
1377
15
4
1
129
8307
268
1160
19
113
232
350
121
14
28
210
809
4
1
1
1
4167
526
18
207
1180
1
151
97
124
1
554
17
556
71
13668
141
1
555
310
698
298
106
19
38
103
363
48294
2610
251
203
8
9121
51
43
209
1
157
22
1
4
10
11
5565
1
19
284
2
2347
756
21
61
111
436
124
2124
41
37
1
1996
2
457
1
1500
234
1362
1
425
120
1409
321
4705
11
338
227
56
790
59
127
198
2
35
16
423
30
5
154
397
529
148
10
100
67
69
506
41
210
1
1
94
818
304
97
1
125
4447
977
59
1333
42
664
422
141
458
1
58
33
25
75
3149
57
37
644
35
114
17
42
1727
4
93
109
114
42
473
105
1
4
167
63
176
2522
182
92
560
2518
302
415
368
135
21
405
21
78
301
108
115
109
