4
5
2
11
31
16
62
71
32
2
9
5
42
4
48
6
7
86
5
9
25
36
25
6
1
59
16
53
28
14
1
48
1
2
2
4
32
4
8
4
1
5
1
14
23
13
48
205
2
5
9
76
1
24
13
26
58
16
40
8
45
13
4
33
38
24
11
10
3
56
29
33
61
20
9
38
12
25
65
34
4
1
21
6
32
11
41
26
5
50
7
17
8
50
18
16
27
53
26
26
74
5
30
1362
12
33
25
4
50
47
9
8
34
45
36
31
51
38
43
26
48
6
12
45
29
8
21
12
12
6
19
42
4
5
3
1
83
12
15
166
31
9
76
24
32
31
4
57
49
7
46
18
6
60
10
34
37
8
31
22
6
6
35
37
8
3
40
5
69
69
7
16
8
1
41
52
8
7
19
11
14
19
8
17
6
6
10
478
11
7
110
23
3
3
42
3
27
41
2
10
39
6
32
101
54
3
8
15
29
27
4
7
16
11
45
28
16
2
21
25
29
5
10
3
38
9
13
36
12
4
48
3
14
5
27
6
5
7
10
7
7
1
39
32
37
31
26
12
3
5
20
22
11
5
513
16
2
39
9
14
29
8
1
20
4
7
32
43
31
11
6
36
3
1
3
50
49
34
1
6
17
109
41
8
10
11
4
5
1
74
3
15
10
28
132
33
4
11
13
18
2
1
14
34
39
1
31
9
55
2
5
41
8
2
13
1
6
13
29
38
8
45
17
8
38
28
7
60
26
31
34
1
2
8
47
65
32
33
2
37
46
5
97
44
2
6
6
88
15
33
24
2
9
1
45
9
1
32
11
17
63
3
1
29
15
40
7
32
10
59
31
30
7
2
1
87
47
17
3
28
19
16
4
37
5
17
29
2
15
7
3
46
34
4
10
29
37
11
4
46
13
3
23
7
23
5
9
29
2
9
69
13
22
42
8
2
63
83
38
19
11
8
8
31
9
12
1
