1
67
52
848
21
1012
377
1483
427
401
6
421
15
181
190
181
644
250
210
433
139
3082
230
1302
230
290
4
6
341
101
96
183
9
308
2
138
1532
1128
446
517
125
67
208
1
94
982
506
181
241
5
46
86
152
109
122
3
1145
1
238
1035
732
197
126
296
44
99
69
9
93
229
224
150
52
1686
1062
23
54
2
10
114
60
297
11
633
387
110
3
864
1
109
512
120
101
66
1
185
249
435
22
33
95
27
7
2556
137
386
68
16
176
358
277
276
10
1
324
919
325
122
17
315
310
325
257
8
183
196
128
189
182
122
617
46
295
7311
333
190
319
883
53
439
215
182
757
706
309
41
176
198
6
245
67
38
547
316
331
354
27
1
325
31
2275
252
301
205
1436
79
746
298
402
2333
248
313
305
284
272
269
1099
1562
270
15
393
301
287
311
274
123
193
103
194
182
23
25
1706
1159
602
259
315
285
342
29
302
382
210
194
184
882
123
407
312
109
1346
4
206
2
52
248
327
1
307
10
479
12
572
37
765
118
306
186
6
3397
456
33
492
1
19
65
185
221
84
183
160
1
54
1
33
13
569
108
145
16
45
1190
31
139
445
254
278
38
106
8
300
307
1205
495
181
477
276
1282
311
141
122
1221
183
20
3378
308
148
233
304
1406
159
26
403
95
101
1
69
267
183
27
52
27
143
227
314
989
32
110
306
89
7
238
92
69
50
1843
891
9
1281
14
76
91
32
139
343
29
29004
19
56
950
2
49
170
183
16
1293
1
14
331
50
5
14
72
191
34
1305
277
148
311
269
405
1
56
382
211
12
28
18
181
287
123
1
433
2148
9
304
73
1517
180
498
33
249
238
235
26
34
25
6
1297
36
571
525
195
21
733
283
41
283
10
1172
306
180
301
302
19
4
232
60
677
144
114
2
8
5
219
934
312
342
367
65
714
333
37
133
130
4
2390
1342
1
48
183
467
29
26
133
50
30
435
185
520
2204
24
451
273
225
412
4786
346
238
25
6
48
1755
6
318
1047
954
3
1890
12
308
1656
220
438
242
386
257
282
278
379
6
54
1027
26
8
1
33
1462
42
3
358
1399
637
34
42
127
123
3
165
53
387
81
85
546
381
231
354
31
196
128
212
14
457
130
7
239
279
31
183
24
34
38
20
216
105
231
242
54
207
52
214
238
284
282
125
248
13
17
45
13
543
1
21
12
297
12
18
390
299
182
16
312
216
126
189
181
31
7
682
1433
228
121
301
286
75
5
3254
119
44
12
559
80
124
269
589
286
275
190
195
203
320
53
441
432
985
992
74
12
31
236
37
582
332
349
1
181
135
134
321
147
408
25
484
46
107
130
1
32
1056
12
119
344
8
185
296
518
123
304
27
61
969
39
6
182
981
189
349
246
589
301
116
254
333
6
809
197
292
182
185
287
33
196
323
321
198
367
24
179
173
72
1010
448
320
1035
234
302
246
134
1259
1225
277
465
252
552
32
28
350
276
185
54
23
222
311
78
221
149
202
19
184
187
293
250
181
265
324
57
98
46
7
39
541
124
201
335
