781
230
283
221
187
214
185
3
41
191
3
128
95
5
5
229
91
215
91
1
134
91
237
212
7
180
18
276
91
2
227
339
172
229
128
225
211
186
223
196
219
218
242
91
215
190
230
314
213
232
214
274
141
174
124
151
247
216
209
10
121
4
211
207
12
181
241
220
126
147
211
231
146
238
21
145
213
118
91
1
122
161
138
81
233
220
213
95
225
213
171
164
8
79
281
123
211
516
290
5
132
7
234
187
91
15
3
187
577
128
217
192
261
1
608
224
104
345
78
99
255
120
349
580
1
219
134
470
247
83
58
319
130
135
12
6
212
221
190
5
171
4
91
741
155
123
85
216
8
1
941
224
331
542
3
216
23
246
1
94
397
1
235
218
122
219
26
556
123
126
216
132
218
1298
95
182
123
183
95
138
258
3
8
401
233
161
209
270
139
236
73
229
222
220
404
217
95
216
213
196
120
212
244
211
211
215
153
123
12
90
71
222
214
237
184
87
124
210
211
99
264
240
164
249
1
210
216
4475
126
135
180
237
142
