1
30
31
1
9
42
22
2
2
6
2
27
1
6
37
1
1
5
3
2
1
1
10
13
3
8
61
8
6
35
5
6
1
1
1
17
119
37
2
4
6
39
41
10
4
17
2
22
1
42
2
7
4
3
56
1
40
6
8
1
54
8
19
10
28
28
23
6
32
4
6
11
3
20
24
48
2
3
5
114
12
87
1
2
70
92
12
1
40
39
6
4
34
34
2
9
1
5
27
42
9
57
4
21
21
3
1
5
7
8
51
25
46
1
29
55
2
2
1
22
4
2
12
16
14
7
3
22
2
3
45
2
25
29
1
2
36
37
2
21
12
1
2
2
42
1
36
20
11
43
19
29
29
1
6
16
26
1
1
54
1
42
1
2
4
47
2
1
5
3
45
9
1
11
3
7
6
40
42
56
5
17
26
33
3
1
38
32
34
1
60
1
63
1
1
5
1
4
32
48
13
21
1
17
2
1
6
2
3
33
3
3
30
45
1
11
19
9
1
3
1
10
1
1
1
1
41
12
9
12
29
2
13
3
6
1
14
50
1
4
21
4
1
22
1
13
3
4
10
1
2
1
37
78
1
47
2
1
26
1
30
4
1
32
3
3
10
7
1
31
2
32
25
13
1
7
114
102
23
9
60
25
23
6
1
8
21
2
3
2
1
10
10
2
63
30
32
54
4
1
41
15
22
46
12
2
46
28
1
4
58
1
43
37
31
5
5
11
19
52
37
2
10
1
2
1
3
1
53
4
2
2
30
2
10
13
47
1
4
1
47
2
24
14
70
30
1
33
14
97
2
35
9
17
26
25
25
2
1
14
9
2
6
1
3
2
18
1
10
3
1
24
33
2
8
14
28
10
55
71
30
2
2
2
3
3
1
3
1
1
4
