58
62
1824
7
109
992
490
67
1
127
27
113
61
35
3117
248
26
1375
5565
86
1314
72
6
181
76
92
695
50
5
10
8
1188
424
133
224
599
271
78
123
56
148
64
1006
1262
432
53
27
949
521
19
2121
16
197
189
451
5
3
2
203
5
10
627
139
50
457
985
108
447
48
269
17
27
8
18
25
2658
572
339
63
72
3185
281
93
3399
943
491
38
293
55
50
636
1084
573
19
26
659
213
851
273
635
461
116
1227
564
744
32
89
1139
1
289
779
30
780
55
289
283
128
1664
2
38
280
801
2359
171
1627
367
30
1795
893
569
30
1
635
418
2372
207
259
128
65
82
7
51
489
380
103
108
41
736
84
668
30
384
201
599
238
11
3572
185
148
450
1
4
77
48
1312
1402
12
95
662
312
25
404
514
191
329
510
176
51
134
620
495
879
334
1
868
69
10
24
90
157
73
101
459
57
15
442
113
38
174
24
18
179
19
44
218
290
437
178
12
9
196
81
1
282
192
85
20
46
1071
198
37
209
92
150
374
29
206
174
1
9
111
135
182
71
189
66
48
9
52
1039
1483
215
195
147
77
19
3490
18
124
54
13
178
51
35
4
66
10
21
478
90
864
3243
24
1305
77
166
927
345
131
50
142
15
199
88
18
1041
399
1962
397
325
245
23
12
109
156
359
34
123
1075
1654
162
28
93
135
254
294
18145
1735
98
443
11
263
1757
461
91
92
999
99
1096
46
375
89
862
283
2178
216
473
3560
56
579
1137
112
91
21
29
64
91
130
35
31
1282
947
360
432
32
8
102
304
175
2
843
20
44
28
397
54
1954
1
2054
926
29
1
4267
1228
272
194
653
964
1289
112
1590
681
5820
4382
60
1028
1148
69
295
332
53
248
214
51
713
31
308
179
164
350
111
51
2
74
203
581
2312
369
525
584
244
346
662
57
1613
109
1589
53
115
148
133
210
867
295
475
74
314
696
37
1028
1
525
276
331
339
75
12
289
10766
7469
5611
766
25
23
442
86
27
30
980
128
136
130
649
14
246
51
959
14
195
207
1546
14873
532
107
10934
70
260
136
59
5
121
35
18
654
222
828
1861
69
67
46
451
964
547
2121
76
43
141
1639
1733
455
1743
85
1357
1324
78
443
1307
313
335
297
108
40
573
689
114
444
630
1
1301
2802
30
411
60
347
8
121
3
23
513
60
410
325
129
329
8535
55
276
1615
54
68
35
260
126
211
549
3
125
178
13
1
193
1059
541
525
298
239
284
298
525
252
629
1027
40
158
160
662
287
607
863
722
278
387
163
211
537
921
1115
527
1999
136
157
43
405
3666
64
1462
180
2346
264
23
1506
367
342
211
464
264
835
850
162
542
1704
461
112
491
275
204
679
1728
448
4669
42
874
1362
36
1326
332
112
119
2951
298
393
2892
677
39
183
1
369
590
1623
78
173
161
75
361
167
77
16
125
17
51
9
918
1419
580
78
232
8
342
164
80
743
9
4
8
257
6
2534
39
1
474
85
52
307
686
421
92
547
957
884
199
130
182
200
863
187
96
320
2850
44
123
1
1
69
180
1241
1
1051
44
651
1509
17
290
80
42
1143
259
196
50
1239
2131
668
704
486
15
388
224
1075
1
211
183
382
550
32
345
338
5
193
850
3399
16
24
32
80
125
94
6
84
255
1052
237
299
37
898
2046
157
117
153
638
88
493
1
58
71
1167
111
91
323
1253
180
66
1588
424
125
5
256
49
1
838
241
86
2831
34
1524
308
6
111
972
4
49
160
189
2
796
110
52
16
823
1939
39
1339
387
21
324
1854
313
8
221
683
1228
5
100
65
2865
1195
1874
10228
512
141
837
164
23
92
403
423
2117
141
82
531
286
578
244
31
665
3
162
530
176
369
872
7783
1
169
212
89
6
273
780
592
179
1261
237
1083
385
2490
46
351
3322
80
106
2
15053
108
802
215
2028
73
192
223
10906
248
1466
144
75
301
530
780
921
212
1675
296
162
1652
222
142
421
2914
4
4081
1
866
129
84
181
1598
70
1448
156
187
3043
43
1501
486
482
358
263
7285
8669
347
64
168
152
173
68
51
2601
480
453
38
389
1146
117
824
68
303
5
877
791
1288
956
704
276
99
353
13
69
183
110
255
46
16
316
411
302
243
448
679
379
195
94
15
750
3202
1
438
208
42
210
37
230
333
31
2
840
271
457
2116
15
777
2555
1410
117
349
211
31
4
2995
250
446
20
99
548
2575
1
115
1720
372
10376
89
1012
336
178
916
432
92
513
329
218
1196
363
540
594
86
191
21
656
139
100
783
580
325
5
831
1020
794
478
118
5280
1555
258
298
36
544
16
35
1708
1268
1324
17
3617
96
169
1
159
2071
71
685
525
17
441
624
160
541
220
1029
167
219
52
1402
362
3951
1381
399
859
178
989
623
29
187
75
378
903
149
141
265
2294
1296
1086
1039
301
105
224
535
261
23
22
847
1022
634
164
374
69
677
146
80
350
36
1311
3927
202
1543
233
510
391
78
1583
588
70
223
96
55
328
2020
32
215
578
1476
37
27
140
464
556
429
1511
17
841
58
1237
878
792
181
948
1700
257
480
84
1084
23
18707
592
50
37
1
981
58
207
29
141
733
17
142
37
650
581
841
57
1
122
73
180
105
75
110
208
1736
394
177
206
197
141
813
162
176
19
106
657
1878
319
364
383
417
655
1421
9
33
7
1620
825
1313
4
1135
1355
498
475
327
1029
1
1814
272
161
62
331
965
22
1013
104
1
425
104
1841
1580
240
1192
187
251
2170
1959
303
3215
712
2970
355
2380
135
1339
238
409
199
215
5425
153
392
209
9
532
35
478
19
128
450
1297
261
443
780
414
102
58
39
90
881
505
260
1227
4321
202
151
212
1306
957
162
925
2
73
14
1179
94
975
777
42
2979
255
132
428
636
550
599
245
39
349
796
512
332
1748
7413
255
251
37
2357
75
618
2622
9402
25
6
96
930
269
543
155
21
1101
11
1815
284
1724
17
1461
13
99
17
1117
657
20
187
445
107
189
610
74
39
4635
2508
865
324
61
207
1003
5
48
1698
663
1195
130
122
13
72
153
106
4
264
1564
33
142
1183
1139
1003
111
140
81
869
53
153
37
146
203
25
41
1863
126
625
48
73
86
1612
78
230
43
458
162
105
607
3690
273
878
305
478
251
21
1370
162
39
529
826
111
537
109
75
263
384
36
8
184
1686
241
49
90
136
1002
1
35
295
1455
86
156
982
938
35
265
124
776
352
91
280
504
843
322
145
18
14
7
450
5
1446
133
93
495
3857
529
574
311
50
178
99
136
317
1492
720
2514
87
135
6006
42
308
251
641
2347
2770
14
512
3
1398
6
708
38
115
2293
295
1456
579
126
101
1403
437
100
91
80
227
261
156
76
118
2
131
47
20
705
231
16
125
691
640
446
673
61
997
59
105
37
99
246
74
18
425
271
2396
1456
278
1148
145
26
309
531
287
734
62
121
1251
962
196
193
325
332
695
258
990
109
114
1348
205
52
534
566
624
447
154
330
10549
126
1115
530
300
1323
400
757
1053
38
56
8
440
231
89
827
529
438
1287
355
27
38
37
260
898
1894
211
145
1208
2019
334
92
194
3765
217
763
55
6775
1718
116
96
586
87
1333
79
178
107
159
570
71
89
498
4610
241
112
2618
441
343
3316
361
995
850
395
113
147
669
1365
285
10727
2225
753
2525
3258
1312
37
2217
3588
12
58
169
2254
1
52
656
20
356
28
77
5644
1000
1
72
45
1015
550
757
588
29
591
537
5204
876
1554
776
705
898
969
76
394
458
223
2373
248
363
466
8
744
758
1212
349
153
205
1758
106
111
136
156
447
258
903
78
26
33
241
286
293
642
2272
635
26
373
290
541
1112
388
3
1
105
53
851
1018
278
474
560
18
1881
3699
1101
420
196
1
9
338
16
1
10
1131
131
73
304
195
313
413
673
5
319
374
1312
20
41
849
1
644
127
3480
113
159
22
169
280
3
42
53
77
9306
110
258
260
5
582
17
228
83
17
50
362
1145
959
7
419
460
1232
1469
308
73
683
1487
1908
1257
370
411
12
590
121
996
356
6
892
629
85
77
1789
1735
2418
336
128
94
1
2316
174
297
101
152
533
1661
2126
2518
229
266
577
1547
54
805
130
47
90
39
62
175
8
962
61
239
471
150
5
1039
337
60
301
343
397
983
37
1601
15
32
2196
270
400
96
384
409
97
112
7
1152
1203
163
625
1558
601
259
181
1057
29
389
14319
78
46
44
734
262
306
43
117
188
23
166
2136
223
5690
268
6
1152
366
2
347
215
353
201
2348
18
1830
573
1051
837
1093
9
281
3111
138
2237
72
201
256
3783
124
135
108
496
214
524
134
65
5323
223
14
224
132
1682
2707
1025
63
85
197
17
399
222
3
158
5
163
106
674
292
433
467
242
79
1444
472
90
124
169
22
1806
29
28
2
743
391
154
272
205
739
463
78
315
5
792
353
115
278
910
1806
1
65
222
225
36
300
6
32
97
7
269
222
174
1819
33
59
4736
104
427
121
337
462
2031
2105
301
189
6
42
584
104
3377
149
1
10
190
262
48
44
52
567
6
536
45
433
234
325
44
729
231
27
137
351
79
1066
507
106
65
109
188
453
38
1078
2737
15223
308
525
192
113
53
54
211
206
668
4080
626
2173
77
190
28
218
72
3036
266
72
913
1
1367
927
419
182
420
1310
72
280
198
554
200
1543
10
8
1164
8
129
521
109
440
503
4
96
221
55
2985
6018
64
90
840
83
573
41
201
2173
411
140
60
232
32
6
36
799
231
84
98
131
2010
4401
19
2067
77
245
89
55
5264
93
290
1663
34
195
166
48
1279
33
779
34
828
248
790
110
101
37
799
625
160
116
70
327
4698
250
127
328
14
139
24
19
255
5
122
278
1
707
347
345
2189
377
150
868
923
935
40
107
127
520
124
93
48
358
444
8
60
2470
521
137
13
229
2122
678
98
487
2510
6
816
55
67
1225
129
655
701
142
54
228
41
1252
606
71
56
3210
4953
12
111
2682
121
527
167
120
1
547
33
161
582
1
36
66
140
962
797
157
61
484
351
61
2628
285
189
1363
8
81
977
388
14
33
117
11
359
150
211
30
164
780
203
222
224
346
2328
51
127
451
55
541
63
226
8
31
750
169
651
606
940
107
148
33
109
172
164
43
105
96
1715
586
116
106
811
177
733
316
54
94
68
1459
1021
333
35
101
599
297
270
578
123
453
17550
84
259
616
51
1154
532
21
24
185
67
866
18
1
281
1524
92
207
42
44
21
45
278
3494
59
1
1400
337
391
1025
285
892
100
786
174
28
73
329
25
119
983
627
230
165
665
54
193
478
57
78
75
32
652
47
370
842
260
264
824
810
288
890
183
317
214
296
775
2367
1
378
84
102
1651
75
30
679
116
251
867
149
3918
396
3814
45
12
243
1092
688
637
1852
58
2283
1069
36
524
24
359
385
620
72
2757
90
69
693
12
621
725
9
399
496
1782
2
140
513
66
1795
8
41
303
880
26
188
83
149
795
2200
523
6598
65
1146
881
348
739
215
2523
1087
141
82
1207
559
23
45
1820
2675
3038
137
2175
182
2144
25
1431
1884
17
313
28
148
396
191
55
22
193
15
162
513
210
163
625
31
929
41
29631
1138
3
167
38
545
688
585
571
78
1772
685
70
78
59
1105
54
209
346
55
821
86
265
362
379
81
2227
175
1093
227
1207
1443
5
77
128
128
25
336
17
352
303
1736
113
942
36
60
141
14
286
68
589
323
63
75
462
1710
39
2
890
725
122
133
21
483
1512
862
1126
166
252
444
840
1331
276
79
498
12
30
2
131
194
3
1
361
66
524
129
707
92
141
1462
2975
148
119
138
61
4029
40
472
126
554
127
469
5764
71
1126
161
1314
415
137
492
20
9
984
316
1
324
1240
423
347
546
308
723
398
463
292
437
99
487
1258
71
49
4
1445
1
658
3804
9534
403
192
893
46
588
122
47
294
347
32
1
307
16
81
92
64
142
854
19
30
253
51
11
1
916
89
37
4832
80
2142
1813
755
1730
1
10
2427
49
203
168
228
5408
4412
217
287
329
192
10
76
85
17
35
10
535
32
884
9
124
372
103
57
190
55
69
874
489
1
2858
73
1
1894
212
82
38
346
129
299
384
32
170
1
272
28
310
184
33
572
136
71
748
127
175
93
246
597
124
420
344
122
84
3453
762
196
91
107
15
25
195
39
90
66
569
176
17
669
614
107
91
181
65
58
3098
622
1214
261
579
173
35
2111
19
243
454
746
161
459
375
436
368
200
218
298
2095
500
924
262
195
62
557
171
375
822
50
293
78
302
56
736
240
227
659
6576
84
167
120
25
249
96
395
411
4809
161
727
27
595
1414
112
1295
41
621
115
2151
258
1
117
1
166
37
458
264
417
765
350
90
1763
983
483
148
615
153
1003
1977
287
76
302
347
86
914
195
149
510
46
292
374
578
90
75
388
197
528
445
64
181
38
1121
1284
98
56
328
149
265
70
51
555
302
632
108
485
168
130
2238
650
316
18
361
93
55
246
131
422
717
141
678
96
1436
1994
210
714
503
60
619
4
130
38
502
10
33
109
38
1370
73
2258
603
92
390
33
262
165
346
1205
7
1678
93
4
2282
103
2136
68
61
1542
324
230
473
507
354
111
110
784
537
11539
33
519
117
7
433
513
1729
3193
22
726
73
95
25
394
70
55
428
452
327
313
37
125
452
3
61
98
82
558
335
408
518
85
177
213
260
56
328
95
89
1923
420
42
785
784
215
416
268
1391
87
1162
1022
100
233
986
350
7
133
2
1240
71
105
153
20
344
1159
265
317
423
17
3122
2351
133
125
809
122
951
73
758
1657
505
632
1187
628
77
416
1060
1575
394
119
676
6
56
666
45
6
95
22
158
476
2201
1
118
26
13
148
1395
431
789
24
37
52
69
465
2464
1062
1496
38
35
75
5057
31
83
575
29
1734
744
1049
2165
97
96
463
120
1547
11
200
1129
352
173
99
202
128
323
845
120
90
37
70
1
285
32
1
356
108
729
82
142
2284
227
2110
483
46
203
3962
28
820
178
358
28
55
1703
63
242
1201
113
99
513
203
212
176
113
32
541
3988
1237
1395
2372
1368
627
277
119
2
26
641
1657
1424
858
206
24
187
643
1227
2110
1058
351
288
1372
85
30
1467
2822
149
357
82
27
433
478
94
107
34
1098
431
54
214
551
1
289
1095
2820
11
65
66
78
1
453
502
7
296
182
94
167
226
258
2243
42
118
67
693
90
1228
154
1
4031
217
73
13
226
444
25
80
101
4
191
2759
73
40
306
211
145
680
239
823
107
67
473
462
99
954
14
139
268
1885
360
4637
1881
13
147
673
171
302
44
456
7
247
1964
141
577
1219
97
1370
209
36
422
22
295
81
94
564
489
120
183
1377
4426
68
787
501
78
401
982
849
222
896
328
939
39
476
297
64
126
115
162
1178
141
652
59
1944
84
103
17
71
1263
516
55
44
1368
108
194
19
90
1283
27
89
2087
2820
94
45
543
2709
183
329
82
557
122
88
123
226
56
225
640
23
426
1
235
468
807
225
15
33
353
340
74
1324
615
513
3092
14
73
95
1003
88
1975
66
95
115
362
15
1843
521
30
1703
71
862
10
533
395
50
719
270
1695
161
1257
1324
3079
26
194
66
85
147
120
1427
105
718
264
75
108
421
1952
391
143
235
1085
2577
240
215
682
142
13
233
262
54
203
7371
241
30
2037
458
107
2
29
1659
12
101
928
280
152
5
1
3
911
2379
25
42
3880
104
6824
108
121
212
4921
6
386
207
143
3618
81
7797
222
179
793
1787
48
3166
25
32
72
19
75
391
826
73
690
235
496
231
153
34
1462
1004
559
879
166
67
143
47
261
5
187
289
1270
254
180
739
14
514
968
142
350
23
248
11
34
251
7381
943
865
414
515
24
1642
58
2204
840
379
97
60
1167
73
847
305
395
303
1753
109
5093
170
756
709
750
6
1501
396
99
55
238
39
59
3
7
83
132
579
1477
269
495
73
171
3925
283
709
250
102
63
1045
29
41
276
3131
70
616
143
1
311
12
470
75
388
171
225
1290
169
2087
69
1007
87
137
5299
2690
282
1315
3472
33
335
150
283
755
126
72
101
1186
11
931
23
529
348
1
561
303
1936
119
66
145
532
427
192
37
79
38
1298
782
27
286
3411
29
7661
272
370
1080
1515
245
704
451
3841
5
27
11183
286
134
31
1815
486
60
668
2116
573
259
25
550
154
47
2018
113
970
3097
3270
16
2635
872
3960
152
338
152
44
1573
4
1025
1514
48
3354
450
351
271
95
156
860
640
70
1330
205
656
476
10936
415
8
122
1138
268
962
415
1177
2353
356
102
117
106
168
44
565
22
1229
29
46
52
307
41
193
431
417
139
749
251
97
85
424
256
2195
65
3
1467
628
248
1378
357
673
1001
370
7
33
1075
948
1
1025
489
246
112
147
36
394
465
537
1886
74
17
410
1102
194
28
1469
279
41
46
1577
133
370
970
787
581
341
983
1472
643
230
393
126
204
64
44
1179
1617
3641
160
2266
34
1944
3954
114
347
704
107
10
1247
298
94
68
87
891
73
1011
1052
243
226
219
30
232
4
1854
1025
73
744
168
80
4
4135
298
832
469
780
199
2708
1497
618
501
280
68
95
400
798
149
809
182
42
32
748
25
799
717
2960
288
149
95
2119
13
68
69
133
649
161
66
4260
420
1155
19
435
4767
26581
50
45
222
22
16
145
34
61
2737
440
453
129
102
29
158
666
6
141
300
3738
80
4601
3
57
113
31
356
327
1642
1971
503
113
45
244
670
1013
1894
1407
1291
64
1434
172
134
223
222
381
10
157
1906
5
186
2156
273
1428
109
70
36
1345
1024
14
1455
199
1873
162
490
683
1127
963
290
480
1362
1286
122
882
1080
158
380
573
935
557
6
70
66
75
112
8
391
1021
56
1
185
198
108
23
105
1626
201
201
33
239
601
162
4535
846
802
570
1412
10
412
2009
4387
155
35
165
3
1175
9
70
9979
1231
1
1719
51
77
70
63
32
140
862
22
742
260
6
105
267
31
76
64
57
1055
86
27
400
4556
330
1097
1411
143
1143
370
21
645
448
520
844
4227
6169
298
960
2
1978
73
262
99
898
26
108
3037
315
305
1096
1085
155
145
346
447
1744
606
1036
62
68
80
836
1
794
244
1410
5
8604
240
111
6
500
1645
378
758
252
1816
1223
139
1106
432
52
51
356
2
406
957
766
220
972
358
108
555
55
1067
958
236
1540
366
124
821
860
947
1
235
368
190
838
660
34
55
582
2060
1601
519
656
164
148
8
301
95
128
22
81
171
86
41
6
2427
22
162
104
1164
250
702
3
118
325
78
2329
99
247
56
533
37
108
5
374
1643
57
34
2355
177
153
70
1380
549
26
12
42
193
2074
305
1296
5
46
288
639
2356
17
1
75
50
880
107
63
79
15
1141
1
174
86
5
1593
157
710
9
135
136
361
191
285
1138
3511
1112
1835
22
235
330
146
71
64
25
73
29
73
34
10
31
162
12
95
494
277
3238
460
165
3429
778
440
592
3
15
212
921
579
986
1270
974
48
180
469
43
502
151
68
253
88
3525
76
428
2402
853
489
2231
319
1652
295
27
96
133
247
209
359
27
385
15
157
569
116
467
113
532
514
259
33
111
1845
325
276
96
267
42
3695
75
965
171
363
1319
2718
107
36
36
58
328
1885
313
35
162
1102
1247
313
178
109
2356
162
12
178
1189
142
1119
54
37
801
457
261
366
85
970
233
599
719
95
796
156
337
455
1652
146
129
103
856
441
5014
561
6
319
351
739
1
36
75
1984
676
405
3702
27
52
975
3459
367
1638
8
77
50
6
1022
2675
12
894
818
52
733
207
1075
886
809
23
7
142
419
69
354
47
49
852
368
230
4017
5
115
840
3442
131
218
117
51
296
2428
1841
36
485
176
411
3998
2143
215
580
160
10
146
181
174
518
456
617
219
318
419
547
13
160
407
183
62
259
836
157
608
168
1741
121
215
19
1
81
2619
185
3308
30
515
713
727
1285
152
72
161
87
4641
265
2
914
1921
631
921
97
208
9
1330
315
158
200
20
39
240
306
16
123
994
177
473
562
125
52
1762
981
287
57
128
784
6
84
450
34
965
4
1821
3553
696
2087
51
5
747
65
185
150
443
44
13
1944
1662
1352
183
355
878
3305
52
29
24
2
830
94
622
64
99
7
185
230
72
282
2260
1936
659
44
492
1348
26
1357
48
202
243
887
91
487
1057
485
1262
469
551
25
24
167
453
307
210
352
91
941
105
188
1034
265
34
130
323
268
468
390
33
3147
3869
4959
6
397
485
430
76
419
4322
9
180
11
768
19
315
43
5
442
355
208
147
56
2
283
1603
37
293
184
309
5
269
5
55
89
4
157
951
216
556
1889
6
739
220
397
361
223
260
93
940
91
1025
56
206
630
3061
102
529
405
856
9267
12
828
198
4137
72
1881
9798
121
28
95
442
1
501
49
218
564
38
99
28
1191
305
59
159
50
9
357
657
821
42
5194
79
66
17
1655
2
45
225
1236
190
940
459
3002
151
186
573
78
132
122
54
861
6
363
417
1592
76
79
36
963
1765
103
3
2558
427
1232
72
26
3462
215
161
47
982
188
1965
89
127
492
215
10
159
216
440
1
88
150
41
430
1152
451
87
210
44
35
5702
62
167
172
636
283
4171
12
105
297
241
728
287
901
282
199
122
36
367
158
28
404
29
92
160
70
1010
233
5
245
73
922
3
180
64
36
259
123
2197
135
219
865
321
28
230
461
273
106
11
510
178
960
65
84
42
386
15
62
17
996
559
666
523
164
84
84
85
1361
31
684
30
764
205
255
3671
75
552
10
11
11
113
15
72
5
418
266
55
45
82
59
408
4
760
400
423
45
489
326
1
878
27
11
1159
66
428
810
654
70
6795
189
1027
3038
199
77
13
542
228
482
2001
152
77
698
1765
322
25
119
1
87
36
616
250
75
1473
180
83
45
5501
104
12
88
146
56
52
1210
550
2421
81
119
33
43
6
326
19
1522
1258
557
520
190
131
198
507
1490
1187
1076
750
43
323
380
1
9
245
95
888
289
16
218
26
326
88
45
694
192
111
50
52
30
674
4756
35
15
17
441
350
383
263
4916
79
564
30
844
109
962
825
96
651
43
483
6
1340
171
826
188
27
916
332
194
896
106
398
1192
232
272
1288
61
2075
2879
762
922
2923
780
289
32
738
442
1001
772
119
192
253
452
140
220
434
212
3290
527
173
104
1138
102
500
5030
728
199
1858
397
33
569
907
121
41
802
52
123
205
72
2071
482
60
85
2336
653
18
1051
306
9
75
475
1061
51
596
247
77
1
239
276
109
1309
163
1
6483
485
66
727
169
321
1333
103
483
1586
1658
32
32
741
335
985
3007
2396
134
44
545
314
152
2
1509
1314
367
1077
132
212
87
94
302
325
7
49
6
39
3057
709
1
13624
651
2
481
403
80
1371
30
118
16
3600
44
1660
1162
69
303
561
27
205
169
79
1113
583
468
152
497
111
365
175
419
702
132
27
783
240
552
910
794
524
352
1186
235
1893
262
295
1245
7031
10
1734
7
1474
55
1201
110
10
368
195
72
466
109
14964
11
629
735
8
330
760
55
62
11
123
71
1116
105
156
674
373
972
80
134
205
70
76
237
391
727
259
2259
396
320
190
812
166
1865
1
249
431
43
193
387
155
188
72
6
220
935
1
70
22
4
1
4
95
406
29
101
1
15
10
33
165
3773
92
308
27
67
309
3298
188
345
228
88
102
38
14
59
99
790
208
170
22
1235
163
4
686
887
78
109
6
443
85
2240
8
1099
482
96
216
86
31
81
1567
416
711
3397
226
16
15
784
111
102
182
205
536
1504
713
1538
242
26
58
1930
221
192
922
174
495
880
682
1899
422
1
225
111
988
201
14
49
765
1221
98
178
180
487
1486
163
642
642
6
210
827
250
210
57
223
74
2098
228
290
372
362
14
132
356
684
1004
416
1489
601
1163
619
220
64
704
250
441
119
3300
199
202
96
1027
203
393
1433
67
180
1305
133
377
2213
664
2480
128
763
1
142
170
736
41
52
94
1282
1544
2156
254
236
23
409
47
1074
1287
366
5
1172
422
2409
151
126
267
1
3218
209
218
756
346
2
562
124
1142
1569
214
994
52
104
50
1116
62
136
230
51
53
353
473
324
276
135
60
40
117
55
86
141
91
36
575
3
316
617
128
1053
450
31
159
459
525
453
167
49
610
838
90
56
764
2025
96
34
867
758
268
78
164
6
175
483
181
364
188
865
491
150
4003
1240
460
78
923
278
830
530
791
483
825
4
720
278
158
340
430
288
66
1571
28
314
366
536
209
98
2267
6
1320
434
126
92
400
799
157
646
1852
80
249
30
4
136
582
104
219
45
249
189
80
1
323
72
61
627
350
467
1
203
1375
68
7899
725
267
3551
1897
6
1098
137
20
209
1629
734
373
1
198
296
324
3135
2446
317
882
465
249
537
409
89
808
1121
664
1
295
1499
209
860
83
302
468
1192
93
613
5271
1713
3
165
1012
166
1
1010
421
71
338
347
169
277
415
121
58
25
1206
27
903
544
4392
32
1049
71
2849
14
9
1802
1234
21
197
79
523
204
106
1224
39
1876
552
20
29
320
4067
49
1
648
44
220
793
4577
2435
902
476
4537
461
252
10
632
209
421
562
211
55
221
104
1012
500
153
1940
47
302
668
626
380
608
30
684
12
895
569
5
182
568
1533
10
21
485
696
940
737
727
556
440
507
50
138
743
462
573
76
294
1641
459
323
162
130
17
754
8146
82
444
174
226
51
405
13
596
1086
864
55
933
511
52
1
851
112
47
198
1698
1083
384
92
24
856
412
4
61
18
889
201
835
212
1061
328
14
56
764
675
349
819
40
637
276
1075
12
90
1
505
18
1
42
150
451
1075
77
644
866
793
4
97
107
203
11721
65
440
1595
602
64
1266
2287
578
2
510
816
483
387
43
374
3358
398
617
190
119
1576
8
2
278
2572
1
1050
755
700
119
270
3145
746
1470
118
17
278
2238
19180
1
869
77
1304
1
330
18
3
139
105
283
1030
317
58
713
224
46
1
1996
533
350
321
65
118
773
361
128
31
3
729
57
506
71
605
273
898
42
271
802
334
129
202
281
737
46
1
820
245
29
640
440
1776
154
84
2620
577
154
270
1
143
672
239
104
2499
45
14
1200
17
77
181
347
2543
92
804
77
4871
2638
231
780
983
298
565
477
564
267
301
732
626
367
29
54
9
554
165
34
294
135
591
1310
849
422
6005
2668
911
958
165
454
185
445
97
226
341
185
1802
27
69
4
433
18
20
1081
331
67
159
218
43
2
29
198
164
70
40
76
201
285
758
387
153
305
5197
3028
3
766
839
6
32382
56
408
723
59
53
928
148
9070
560
2043
3
229
99
278
164
332
910
153
1121
1437
758
47
498
775
570
352
190
366
116
42
390
449
222
1
835
428
104
1
3198
82
206
462
235
801
101
180
323
157
217
114
235
188
1137
293
126
386
867
1220
2171
591
130
2
72
414
110
1311
223
129
637
15
111
72
4130
414
5
132
331
106
27
50
107
105
21
123
183
296
73
44
1574
467
167
120
73
335
484
93
63
202
7
374
615
1012
1877
71
745
652
976
215
317
115
525
600
608
1
103
163
7
365
2390
57
51
652
768
1
2672
1541
2365
2
325
1982
6
71
65
1608
625
9
998
1046
1023
690
167
1996
21
141
2
85
916
418
6698
374
160
160
1150
407
1291
972
198
167
108
14
26
151
1
186
1034
1317
8
1027
1
1394
1550
506
1687
170
182
1
142
1294
16
1
595
667
609
641
291
415
1358
3302
2193
130
257
427
836
1102
375
1371
56
246
774
149
89
1119
246
818
8638
379
7483
782
14
128
440
695
506
2581
570
361
1406
346
215
604
732
156
10
91
60
465
336
485
13
602
3565
411
460
42
93
339
5469
1986
23
72
993
438
227
1394
1447
141
165
19
7
185
314
2340
432
984
1005
195
5953
1275
13
1427
17
4436
122
243
32
1
13
590
1971
573
691
16
2206
224
41
547
90
268
641
158
1229
1
266
748
30
112
1335
1792
59
237
3
700
56
798
2617
2052
6
72
5
1
550
274
714
39
93
1017
440
897
1316
97
611
100
297
2839
529
1328
252
1147
1
133
587
654
183
130
85
84
1483
213
350
197
2465
264
5581
71
1252
243
80
1
13
47
510
66
608
298
10
8
968
878
667
1737
714
72
37
158
1164
113
1738
384
45
1359
825
127
307
45
815
1318
6
685
25
2
637
38
277
875
293
3
7
627
2969
255
284
545
105
110
176
158
46
694
268
201
4723
564
209
336
63
637
99
56
120
674
234
1907
897
569
238
56
90
1595
361
3948
2728
302
355
370
527
112
497
39
113
1184
246
115
640
659
232
147
2427
385
811
412
586
537
5
425
3163
74
6
54
89
150
292
144
1250
18
639
62
484
1095
807
1038
164
217
425
389
86
15
93
289
80
239
5552
35
280
3791
1357
981
410
811
543
15
707
5278
853
12
717
550
172
81
31
740
1968
8
465
267
651
314
61
760
464
816
1107
522
14
135
1030
372
121
50
1
1677
558
884
28
1
332
150
1445
384
10
386
449
77
946
34
588
85
92
1097
371
333
321
1022
2666
169
788
52
288
303
324
717
38
137
652
302
2
54
258
47
1
568
267
1
112
1
82
10
185
134
2
48
457
303
94
80
120
70
7
163
271
32
282
470
155
48
119
99
1622
90
216
294
71
90
1713
3573
273
2079
263
4
201
13
6
1
187
44
2942
47
85
147
2227
1
526
242
117
67
375
1
65
2
1007
301
386
24
397
114
794
12
237
589
798
3611
34
1500
73
3874
938
995
875
106
555
397
427
105
605
7
4
48
875
2567
38
1416
19
300
63
1
152
244
14
526
373
818
974
112
584
2
291
65
36
464
243
2248
255
80
1
141
6
25
303
127
88
1290
136
2998
146
172
288
394
395
31
8443
1113
410
57
2026
89
534
1
587
226
4
720
551
339
160
182
1
761
1123
19
334
1041
156
1029
493
33
6
758
4
45
156
36
2912
33
117
4180
321
215
1044
476
1524
18
550
396
756
1
2
246
133
56
817
2361
90
300
79
123
59
160
18
918
19
423
1
323
208
633
122
587
285
587
1320
65
478
140
254
354
1
55
88
253
81
30
249
436
209
12
43
86
64
153
226
867
15
185
166
237
178
1057
80
1293
1562
747
70
100
162
1507
88
362
17
15
6
642
7
57
173
1291
50
1699
97
20
1290
309
20
16
1030
1
1159
55
707
441
1126
135
25
208
149
199
358
63
253
642
1054
540
138
124
235
102
75
6969
433
866
189
1756
3652
454
904
7
68
524
17
756
11
1830
864
1915
229
13
491
1532
963
84
492
806
22
18
149
497
17
457
186
59
585
2624
9
89
207
1720
10
44
81
203
444
392
2108
3462
412
95
620
112
749
124
614
1846
1789
2301
22
151
1103
1756
179
3172
249
3375
3540
1
185
803
116
198
1438
739
2738
133
999
1
16
338
1126
7
14
251
523
696
65
9
898
105
119
867
131
104
1
1414
926
299
153
25
65
1274
1084
145
792
91
1047
1601
483
14
340
543
110
1395
705
31
922
262
621
1280
313
145
512
1
160
2
1
224
444
1394
512
3
222
457
452
105
155
174
521
914
161
184
1679
5
383
1871
7
1274
244
30
69
1040
599
3867
555
411
644
1410
16
108
461
649
924
104
328
856
444
34
171
252
11
383
1664
439
181
649
62
114
386
177
507
223
227
135
38
198
660
967
1026
56
95
717
30
128
518
1562
84
29
228
25
86
2377
2
6
69
1046
47
239
1184
1281
1092
560
256
711
104
136
1694
233
1245
486
35
72
43
11
230
60
1007
267
520
3
736
41
14
219
34
919
280
1462
2097
22
29
88
4531
217
91
2205
333
252
562
400
519
1369
199
244
299
515
148
280
155
588
36
121
1981
574
377
328
31
267
88
56
131
41
49
138
744
22
79
113
49
52
886
6
440
15
129
1663
93
242
193
142
74
42
535
135
123
504
984
120
231
328
76
1301
1622
834
487
1915
528
8
535
347
261
1513
99
111
34
1127
69
584
269
16
55
59
26
289
1366
860
590
177
175
152
346
30
28
70
76
33
333
157
756
254
730
1
117
827
145
27
318
19
12
23
6
182
152
206
90
328
410
91
849
58
756
4
921
1068
393
15
1008
390
651
539
5
479
51
436
700
189
1908
1969
640
3411
342
752
138
54
1519
27
1
236
107
187
709
6
544
95
114
110
75
8
76
75
40
250
383
6
97
85
54
497
75
38
108
86
638
76
676
387
128
274
422
160
281
1036
74
1
7378
184
2094
354
255
354
263
485
75
3476
208
569
1
2
1542
255
387
27
1
315
385
48
176
75
372
174
34
147
197
227
891
30
730
954
112
239
1238
391
588
267
263
98
141
438
522
163
271
18
52
457
303
649
134
301
1
158
23
546
1189
8
370
692
9
122
121
25
766
1
848
16
307
20
244
336
323
18
95
85
20
1658
8
463
715
522
11
101
708
1583
669
20
319
185
93
34
374
75
788
205
188
163
675
179
579
87
93
800
2939
586
76
4339
114
41
248
131
140
599
36
4
41
183
656
126
75
75
499
76
52
2895
245
247
2044
198
170
358
148
76
1173
9
3316
9917
5277
1165
151
92
98
1060
28
45
17
139
198
32
464
6
15
6
518
979
2
1
