124
91
163
127
326
124
76
25
4
192
118
121
139
216
187
193
213
856
156
133
162
190
120
113
124
90
100
124
1
239
229
270
210
72
136
188
688
91
13
96
7
211
531
124
219
211
91
209
95
228
162
138
198
186
91
220
213
125
127
205
178
128
187
222
29
157
178
228
90
126
23
54
91
112
132
167
398
156
71
131
90
82
222
217
91
190
125
225
87
95
202
140
162
95
128
218
67
257
90
429
91
215
125
192
206
185
126
95
219
90
128
95
236
86
212
238
215
211
91
1
182
199
222
97
61
123
2
90
90
210
142
87
229
120
210
206
518
163
123
185
95
84
95
166
133
155
91
60
83
121
93
374
228
159
92
6561
215
