80
87
381
116
59
248
312
91
161
158
219
144
90
182
319
123
145
181
122
486
3
91
5
122
95
122
215
195
169
124
242
181
193
137
91
220
877
234
155
225
209
210
122
214
386
190
213
237
413
91
152
281
227
226
254
224
85
236
5
184
124
282
174
251
123
90
181
222
1591
212
188
185
238
95
235
285
536
215
356
210
3
50
91
91
127
111
92
147
228
91
6
222
139
242
125
219
195
334
99
219
219
209
215
136
215
507
170
4
203
91
247
263
905
6
73
91
187
193
210
219
223
222
1
261
217
91
223
262
169
218
99
164
215
248
91
155
211
131
132
316
857
224
109
181
156
1
65
146
102
161
218
240
832
230
160
96
76
57
114
219
244
91
238
95
164
230
2
22
217
123
222
238
186
101
192
91
220
215
91
18
166
125
211
218
237
251
206
3
216
139
215
54
143
254
103
171
358
187
72
95
251
257
212
140
220
90
542
90
128
126
123
154
217
90
214
461
129
54
65
218
34
127
1
75
91
55
144
390
100
95
173
224
209
211
127
84
186
193
154
111
222
470
62
148
192
210
219
187
216
190
231
148
95
218
124
211
217
3999
225
211
182
173
392
182
231
124
110
215
133
246
412
281
227
211
73
333
213
298
211
214
101
69
94
184
1
92
168
188
125
122
225
225
761
123
187
282
231
193
