91
115
186
223
123
185
118
216
205
187
227
123
294
195
91
121
95
122
192
186
155
211
191
225
127
140
30
218
867
234
211
155
225
210
123
218
98
228
95
219
188
217
228
261
218
234
83
313
124
305
149
1
236
123
222
223
179
205
212
183
249
95
239
245
496
240
138
214
210
3
185
91
120
91
197
148
239
216
92
140
123
196
340
219
216
217
219
123
216
215
166
195
156
234
217
282
93
211
181
236
26
215
94
95
218
199
90
224
91
219
215
231
182
191
131
126
236
228
211
142
1
56
146
105
147
121
71
211
223
472
93
171
57
853
261
133
91
135
90
160
230
188
150
75
223
229
216
95
122
250
246
95
212
125
211
228
242
467
91
246
137
202
54
207
90
176
357
213
172
79
336
214
200
122
210
193
148
5
219
241
91
128
123
180
223
163
152
127
89
18
122
241
218
31
159
75
14
134
95
144
97
1
212
107
205
176
192
154
36
488
213
243
192
139
201
129
262
196
184
219
194
127
215
91
87
215
180
215
226
210
152
383
186
236
124
105
210
163
95
238
216
212
263
96
59
333
214
174
231
189
188
197
194
1
234
160
125
230
210
272
784
187
319
184
22
