171
17
13
318
1282
176
2
499
7
268
1
22
13
731
28
219
32
165
481
79
10
86
58
6
127
221
172
126
45
63
29
18
395
57
405
39
92
414
146
90
185
246
31
47
1
9
9
1
228
23
321
579
18
165
181
443
1
15
91
5
8
183
47
193
311
1
152
34
390
180
277
119
237
41
73
168
554
21
81
7
214
1094
99
4
93
94
791
163
310
7
121
157
6
10
47
38
5
167
218
3
133
8
7
95
6
37
300
50
216
182
165
5
96
55
990
1160
167
204
423
2253
298
497
47
530
3
217
347
4
14
87
150
73
182
277
127
8
398
186
170
222
35
579
221
346
430
132
218
249
32
147
224
55
243
203
349
210
179
200
168
176
185
123
82
40
212
3981
95
234
160
5
90
220
97
195
90
316
267
266
220
186
169
128
320
7
166
6
333
170
169
185
322
243
1282
276
175
183
21
5
475
5
292
48
91
345
5
5
7
196
42
90
263
154
1
322
35
1
10
57
522
383
69
188
1
25
171
10
123
18
135
539
45
167
26
223
180
193
200
203
126
191
355
59
96
790
30
91
1057
192
26
62
377
260
26
171
793
12
14
223
214
10
8
19
214
43
1083
729
334
180
322
165
246
50
693
3
85
795
15
22
21
7
9
2
1
32
77
1068
11
101
10
17
2
723
4
1
106
6
4
187
104
1097
85
147
45
140
79
5
351
15
177
138
313
310
1410
167
50
190
220
291
3
57
15
27
2
15
3
9
73
214
167
8
9
610
217
39
99
38
120
218
167
1
645
1
63
149
533
55
192
1
165
124
131
1
37
228
5
7
949
5
150
179
186
127
214
92
21
324
238
72
621
11
296
87
244
124
38
3
112
362
628
290
179
201
174
111
168
187
214
157
150
192
136
205
274
774
183
172
12
194
34
12
204
28
175
19
616
14
64
104
12
171
4
102
1
182
128
55
236
354
193
505
95
185
261
17
15
20
168
162
7
1
7
106
17
61
337
181
106
32
3
169
179
234
78
36
40
52
10
180
181
842
56
184
56
137
125
55
46
209
52
13
300
81
169
167
183
26
8
216
7
188
189
130
19
112
3
209
229
129
1
103
1249
3
51
276
191
528
147
639
3
370
261
16
309
3
183
202
250
65
149
190
51
382
41
115
177
11
221
91
212
173
89
688
61
364
165
200
162
205
95
10
168
64
80
41
5
99
165
57
221
88
198
64
16
535
29
540
6
56
192
231
179
97
177
1
184
470
861
9
1
182
177
184
187
5
90
11
9
26
140
189
50
3
186
1603
39
7
449
34
423
772
23
3
64
1
84
1
14
165
163
183
43
6
129
193
43
168
217
189
1710
448
8
190
28
174
10
172
182
593
450
134
188
1
214
181
267
91
177
178
217
426
12
77
195
170
808
188
228
175
202
284
92
170
229
177
523
76
101
132
185
170
20
13
620
219
37
