16
36
179
5
246
10
25
24
26
211
706
15
11
68
120
37
429
199
206
7
79
40
161
802
292
11
4
681
92
212
244
242
8
48
211
34
67
229
386
16
74
119
121
106
119
76
237
261
7
626
65
55
121
567
145
162
38
253
68
610
120
102
122
19
164
783
68
203
289
64
12
22
87
52
319
74
157
3
16
125
118
50
1
61
85
97
361
49
296
11
26
7
84
74
168
378
252
29
61
64
428
231
175
93
24
411
513
526
1
67
23
50
111
1295
57
67
99
42
134
507
36
107
236
290
93
203
730
55
21
116
450
87
133
90
1
94
54
125
97
191
50
99
141
89
71
83
25
73
236
174
12
49
78
263
290
38
40
41
116
435
28
35
296
150
86
27
17
60
26
3
14
2473
9
24
145
12
62
44
90
34
42
56
214
37
47
214
214
31
116
48
63
165
447
91
34
38
636
1055
87
18
269
3
21
52
55
59
75
84
132
93
165
86
278
219
67
1030
63
276
232
140
34
283
160
60
31
78
377
163
17
19
10
111
69
240
35
10
24
82
37
160
1
147
24
157
4
183
124
2
73
103
161
82
231
141
45
34
75
107
11
39
78
42
85
183
213
32
150
168
35
6
385
26
36
72
85
176
111
233
103
80
66
58
32
43
381
35
80
116
81
215
52
101
91
6
177
216
294
31
38
11
122
63
182
47
42
77
1661
102
98
34
118
45
111
116
57
28
36
99
70
124
36
14
30
170
32
39
14
79
306
40
10
261
59
42
149
58
75
95
48
64
17
115
94
118
21
11
139
187
112
111
32
46
3
72
146
509
80
80
32
281
37
232
230
165
299
196
69
107
376
25
153
106
240
234
605
45
73
82
9
67
83
189
167
150
38
110
399
551
168
33
79
90
100
40
95
210
36
101
176
35
215
66
91
180
213
2411
407
24
97
96
111
112
43
83
26
45
132
179
80
246
87
57
81
64
363
29
315
181
165
87
173
813
81
211
29
83
31
190
146
133
75
48
283
126
94
106
206
31
84
4
126
241
197
159
346
158
168
36
604
24
131
282
6
38
474
4
49
149
53
184
160
55
121
208
31
119
421
140
63
42
100
28
29
102
29
96
273
334
107
15
5
144
181
166
208
479
233
368
242
91
60
199
286
160
64
179
115
105
28
95
4
45
37
60
119
257
434
262
33
36
472
169
76
177
74
29
18
