48
29
47
520
5686
204
8
1280
5998
1184
26558
2084
2645
1
52
1726
1968
123
270
21789
3399
467
725
6019
405
109
201
367
468
40
3072
585
330
2646
169
117
1405
621
9851
1589
68
2569
360
379
832
72
29
2042
44
6197
3907
225
4132
52
154
1650
435
277
81
158
36
1690
235
1414
1409
2385
1218
360
21976
955
101
142
102
1
21
118
1011
9
374
2119
607
219
63
185
2683
19
696
14167
278
186
410
113
214
136
1
901
413
578
1161
280
13938
333
660
574
161
11741
357
29
1527
193
1788
80
3374
709
421
915
96
8429
501
10571
71
1580
474
3
17051
120
10350
8
181
118
464
461
1698
88
2703
765
121
1808
35
102
200
7
7
1084
4699
666
294
261
413
271
17327
3323
29269
1689
124
17
273
277
537
2151
110
45
676
196
205
13
2
842
53696
1
5
2238
22216
6180
37456
14533
25114
12171
75979
143
1331
5201
258
153
270
661
3054
14
3818
13
1972
2924
20184
1743
1427
2051
23161
1
193
20
56
191
176
15061
329
598
7599
270
1478
153
143
486
856
5
3763
121
206
197
643
380
220
15
175
518
836
43
171
26
1331
659
9408
1386
266
44
14
558
169
135
69
937
11280
401
96
156
110
173
10073
196
229
265
192
401
1332
1022
38
37
124
26
474
889
2609
871
337
3875
513
1
1
494
304
2752
242
49
462
557
16567
342
875
295
744
699
1
412
1
9738
1
560
400
17092
37
294
1666
15
46
2197
1
24
52
1961
60
198
893
1
3176
8319
72
113
1595
215
2
959
89
1680
150
7
83
7909
813
14788
246
1197
3686
252
105
9
13
571
422
2
1
433
413
64
9258
124
218
314
4
47
145
5
30602
16684
1
500
513
417
1225
3140
244
42
12316
256
2670
1544
134
1065
9542
691
21244
15663
165
9240
102
55
33
2337
67
92
45
34
205
1833
86
55
37
269
1312
41
423
72
14
502
350
27
150
1915
52
63
38
1324
119
1639
3747
9563
73
745
241
1548
7127
184
1834
