848
121
125
45
649
475
29
2
4937
2621
3022
240
145
1536
2190
707
1592
258
2025
979
30
603
550
84
52
415
1083
2
2138
5913
554
46
937
1535
176
253
1514
1483
2115
1405
1780
793
2655
3910
1401
14082
622
2779
6141
2
408
288
33
2507
11
298
250
422
21
507
6
2779
820
1135
134
340
159
1233
1537
192
119
36
3174
1863
19789
3605
5110
640
668
4657
1322
24
777
3886
51
4704
1317
355
438
997
801
602
1180
3923
1105
14
2652
761
220
80
1215
2
1281
300
508
2170
1229
153
570
11
196
657
119
7104
6092
343
2078
7152
10992
48
13848
1147
44
2493
1990
907
1629
71
778
865
865
280
551
768
708
1101
159
1655
498
2333
3824
135
328
1543
922
318
41
109
985
5
65
987
32
1184
1
821
1463
1442
2718
352
705
73
1034
12
775
9936
3903
5010
320
1876
3072
2147
1404
3319
2538
887
603
687
11670
1400
915
305
56
5523
8
372
3787
259
127
631
71
793
2781
10
4159
1365
285
525
1241
4475
5376
1431
25
2161
1433
17
2566
207
499
2601
111
5
101
2434
10
49
1733
3441
102
2950
1034
446
439
51
365
1300
2164
21
4695
351
525
1419
5
5
11
1988
906
325
1863
1059
4
226
3955
155
2547
35
2247
2451
1866
69
53
264
1066
4
530
1081
253
965
