74
1
45
558
54
562
55
41
33673
114
1889
56
153
73
34
114
54
67
379
38
134
56
22
553
1
138
23
234
3293
202
54
1248
49
4130
44
8
82
94
81
23
43
27
121
67
3
694
36
19
104
38
1
50
682
1
44
67
47
40
95
205
4
939
29
13
42
56
88
921
750
664
75
21
44
43
23
59
268
29
21
39
216
105
927
3223
78
2991
25
8744
29
292
29
140
95
340
19
280
544
2005
169
11
20
66
1806
9
17
233
208
87
3
476
18
2
33
6
3
25
13
101
264
420
603
47
26
93
162
339
96
26
350
2737
20
2
131
68
60
36
6
537
113
6
761
41
3
518
239
658
989
163
53
2
858
82
330
173
36
105
63
14
103
117
661
18
304
582
240
27
219
27
110
298
278
408
114
30
177
25
146
153
322
370
27
26
38
48
416
65
47
5770
73
40
56
533
77
166
9
45
155
178
44
2847
153
944
177
183
40
17
19
36
26
1347
16
38
22
4206
21
276
38
197
13
563
44
3580
42
218
59
367
4
114
39
15
23
14
175
172
1
13
1
75
56
193
430
6
585
20
553
13
24
7
264
141
200
55
30
66
17
329
97
304
276
198
38
164
24
112
1
27
36
328
152
330
47
1
2525
187
298
681
71
284
31
402
38
339
29
781
72
2365
22
9
123
696
94
4115
23899
84
90
1
5585
392
27
368
863
538
9
100
338
102
7
200
160
10
243
85
37
56
56
7
12135
72
35
34
4
2711
139
2225
108
5078
13
35
6386
90
1608
42
14
39
1972
26
1105
73
276
19846
35828
505
497
35
75
191
12
563
38
262
47
59
50
333
24
2908
204
1560
3541
3445
678
81
90
3356
42
1633
3434
3463
2988
425
10
4
77
6
144
91
61
17
2475
1612
178
771
1185
152
573
557
153
5126
2817
16
1384
43520
8
23
2311
29
4404
10
833
53
118
797
213
166
347
650
3562
853
37414
9925
73
30
125
410
9241
852
36
591
88
1
225
425
10
387
215
7
3542
3775
30990
51
67
1884
785
26
222
385
244
113
120
138
448
803
84
25
339
217
244
143
10
8168
129
736
10
52
195
3448
7563
1
77
327
359
5277
602
72
375
1701
21439
58
228
32
821
398
78
280
191
740
41
50
33
436
644
3008
545
14340
4511
105
646
198
1065
1676
4447
108
8848
557
7491
17
726
888
15
8621
1854
53
163
15
2
6019
753
690
1212
4
1260
103
1091
116
2343
206
244
1395
2951
685
2097
8
51
16
859
18
108
488
4196
234
28
13
145
84
47
3909
23
31
122
13
52
170
125
2824
80
30
481
734
184
12
4668
1405
55
292
226
1
34
56
2
117
100
53
39
584
27
41
598
9
50
76
7758
745
42
2350
114
616
5632
1033
3603
216
10
212
1
46
33
449
1300
189
1203
1324
51
240
96
3
57
29
6179
3234
29
15
354
82
163
105
53
2852
35
1577
342
121
1003
13107
50
53
88
182
5466
214
48
43
51
39
118
23
167
5
95
133
116
75
35
1573
3219
1151
4
2547
937
2
34
289
69
34
774
1232
139
7720
44
111
2586
107
3386
152
48
4853
4284
7756
126
43
365
1730
969
820
1086
80
28
215
97
18
245
55
100
129
34
679
69
39
18
2565
2307
76
5857
40
5
262
375
237
418
28
258
24
20541
4775
1122
1718
1707
145
103
40
88
6062
141
11
17
18
39
2263
196
186
38
15657
42
1588
100
23
749
345
67
620
6482
1
80
41
119
318
633
36
159
121
10415
366
348
235
13731
490
5
22
1516
6816
389
1416
66
16462
3541
98
599
22
123
62
49
223
30
158
16
28
200
71
3333
471
1
27
6
145
153
9194
127
1073
165
177
1150
169
24
202
50
4459
64
3331
59
1639
13
866
921
10
4631
50
12
2019
5825
3523
431
426
93
249
3511
71
3612
28
2
122
6317
34
21
308
324
124
706
1204
3128
1160
600
26
3947
487
83
38
35
2156
189
20
1845
187
30
46
167
58
8671
5419
76
1662
153
3880
10
2955
406
1075
2301
118
342
365
594
22
4569
50
6111
54
251
1302
126
3
150
60
33
866
9
34
548
204
1831
67
230
1776
26
1130
568
572
73
108
746
552
30
2425
1015
3
1179
181
112
575
122
3691
994
1238
25
1045
677
450
1416
125
358
49
6
15
1106
164
108
165
3740
1902
27
325
7
36
1
6686
9
70
161
505
165
373
676
611
841
6156
1409
83
96
3
577
12
75
512
8
15
353
782
283
459
50
1129
35164
1154
4664
1404
3325
131
8454
21
97
6140
227
10348
411
7
26
77
18
175
4562
29
221
2974
96
367
15
250
9257
2768
110
1375
2364
431
78
6
578
221
354
99
46
4476
160
84
57
42
331
91
45
9
22
108
60
20
11
39
1
1943
790
28
889
11570
42
2446
525
178
46
34
567
159
4085
291
286
19
27
71
24
53
169
12
6875
1
104
149
973
996
24
192
527
10
41
470
342
48
36
16
1568
13
249
2233
1332
6
42
13
43
52
44
57
21
8
3472
1206
50
381
58
3691
2878
138
1245
11
51
21857
679
3949
2599
11536
93
9
194
2
36
173
69
58
10
133
5377
211
15
17
61
12
866
9
984
1599
154
35
350
4380
1060
71
63
54
673
655
45462
16
15
8328
12488
688
92
377
203
61
1685
34
30558
90
432
194
873
1483
908
475
5248
1497
124
36
1807
654
773
482
7
176
20
1748
954
66
22
8198
1420
481
2042
21
240
60
180
35
3258
44
52
51
2050
33
190
2
18
3658
2470
109
42
23
199
1101
234
52
1302
301
831
5578
563
1795
7956
53
288
80
1
145
1493
5
2012
231
9690
150
3893
68
11
88
2
8
6331
1438
64
1253
291
6167
928
252
30
5695
30
238
18
35314
206
831
224
36
413
273
23
1641
3
40
68
54
6
58
2
556
44
6734
3875
70
841
21
3306
22
7
34
215
33
194
14344
3983
27
586
30
539
778
24
3049
210
113
372
33
157
59
14
13
81
166
167
220
577
14
85
190
13
1209
16
590
3541
1571
929
1
4385
4261
19
21
32
299
69
320
306
56
41
31
36
46
4
510
173
1
5
9
803
97
9
438
37
264
61
44
24
4473
170
740
1740
238
641
1221
2972
28
822
195
119
75
488
163
5716
2060
2145
1500
118
25
74
117
4
52
27
10999
40
316
3
34
27
405
470
642
52
113
164
60
135
17
1
7
64
192
77
53
152
830
358
79
57
21
1020
143
87
308
1357
258
245
447
454
313
62
94
55
2
1730
120
1781
125
400
16
4
1662
3
67
8
6
18
36
163
230
30
757
7408
1731
20146
2470
105
3736
37
1
72
421
275
1383
1418
9
27
49
688
42
3109
333
58
25227
20
266
23
233
1684
177
1
3589
27
70
7
308
207
3239
62
87
935
258
157
54845
223
222
185
575
396
1557
19
15
292
1227
162
70
27
764
21
349
6041
7504
27131
43
710
60
69
8
1418
61
8908
165
64
3
101
615
741
431
3877
24
50
16
88
2287
602
9025
11
964
51
7793
23
3632
2792
106
1558
10
2003
78
175
28
42
157
31
8156
50
360
2
32
60
1007
46
71
615
1240
49
668
12
87
23
175
275
449
1941
76
8723
74
55
107
7
721
211
11
2284
31
397
814
465
27
185
137
3
46
1562
92
102
280
33
65
30
275
165
176
40
461
137
24
3295
1348
3235
59
25
112
703
4
1557
404
54
533
38
45
294
340
11
38
2199
87
120
108
7
111
336
734
13
64
284
646
5335
162
3391
218
30
404
9629
54
5188
193
55
394
1080
484
31
1595
309
648
3237
43
36
234
970
3869
192
1610
5827
29
63
1025
34
2159
1070
1933
4881
2142
81
6
42
20
3162
17
6617
1427
423
971
302
190
8
1292
334
6
1625
11
45
405
58
33
511
53
15867
8538
215
2975
449
4206
243
740
103
643
1
78
8
68
102
1033
393
1191
549
232
56
76
119
1308
7
16
24
101
63
10
1964
48
71
346
113
27
259
82
3411
28
24
17
159
1144
26
588
24
37
86
3
2
720
67
44
162
62
1115
162
20
124
139
102
9
95
2765
140
368
33
2452
13
78
1083
75
12815
8
4
99
79
63
17
26
6
130
142
42
73
394
17
198
85
18
181
331
5275
515
25
6508
24
187
66
1275
694
291
4767
33
1623
508
224
14
1303
5510
403
113
56
6359
62
1202
166
6
874
1110
353
1446
3218
151
323
5757
1236
162
26
24
830
99
8
908
98
25
66
3
4
56
26
1614
327
3040
2062
109
3233
1901
62
1663
173
9383
5946
19422
2215
1232
12792
846
524
42
1344
28
990
2646
267
2424
33
12
2640
59
1026
23
3192
1089
605
11722
13
568
4792
157
89
4307
45
27
10758
56
2307
6
486
14
7321
91
224
3082
231
142
76
744
22
30
1199
55
20
62
8330
57
220
14
1391
2445
27
31
231
88
1951
5
232
3892
26
238
2567
17
975
92
13554
23
17
2788
125
211
21
65
22
97
1098
68
8
34
65
181
32
4
281
179
791
65
88
757
41
48
1
74
18
1085
301
110
3775
151
84
3204
90
299
337
677
1128
154
1
63
51
3227
273
5
186
31
44
1
55
113
36
33
669
528
27
425
5571
1146
1
55
3842
23
83
1873
2450
894
26
274
80
43
216
29
1580
74
1948
1942
1882
2715
101
173
51
861
2205
1097
108
54
67
57
207
7387
933
1044
23
43
34
5832
132
644
5709
1254
120974
26
173
2999
1150
169
57
28
1614
633
24
81
43
767
4770
233
585
86
105
284
488
22
563
7
213
5
49
254
67
58
30
1676
110
70
1411
1183
3131
269
5
1931
1235
119
4682
9334
235
290
2961
1329
2635
162
1203
353
190
158
133
133
1
166
45
7
156
669
819
170
3
138
534
108
27
22
310
335
1750
107
235
47
129
160
109
1455
22
180
729
3589
7
115
353
38
11
3
69
19
5431
5327
237
1660
8
271
342
2
105
80
51
1638
309
616
245
52
4700
398
15
1105
21
592
6300
8
88
11625
8
43
93
3493
28
144
98
22
949
58
277
487
98
29
280
3582
87
132
128
26
61
2361
2
17
47
12
76
1480
1
59
90
1737
36
20
178
9
710
67
47
21
3900
84
1545
140
9411
98
144
34
192
17
480
432
504
3808
14495
135
30
44
70
23
978
274
8
289
1325
2781
933
1853
1784
684
224
1162
564
54
8
130
476
30
2434
21
49
544
464
413
2
38
644
215
300
26449
541
43
66
114
49
831
7
2234
1
42
7
73
59
638
501
283
137
491
30
11
128
138
107
79
27
42
16
90
166
62
91
18618
109
1549
381
723
961
28
31
156
412
30
91
129
13
1
24
26
18564
652
29
7
2087
634
34
7187
26
35
1239
31
1934
1395
14545
3658
145
56
1275
1668
235
586
945
448
249
769
874
78
97
138
73
4243
39
1508
10644
2202
769
39
26
491
1112
3602
32
52030
14
3122
17
5039
83
16
99
949
4740
571
816
18
2265
494
1020
131
2
6
215
22
1041
94
4861
695
19
76
1365
1736
123
60
750
7
160
90
257
1784
3179
30
3132
39
4229
541
49
4677
624
581
91
159
26
462
22
18
39
55
46
5
1
302
618
1582
1368
6354
234
44
575
37
5162
425
20937
10341
710
4325
48
56
299
333
1264
370
731
455
1
50
15771
1666
469
8
825
267
10220
3442
1826
28
478
3256
4209
125
90
813
44
205
110
515
24695
81
26
12
17
6
258
40
426
678
225
327
190
1108
983
1092
3178
36
2884
6980
1004
445
95
2468
1538
99
15
22
542
692
67
192
883
2954
1717
914
35
435
495
503
294
1326
19294
19
180
1548
6
13
1942
1738
55
52
53
103
153
59
77
1088
28
39
221
160
63
1
2
12960
4
2872
4
1413
499
3
111
4
52
687
382
35
2073
1816
156
127
61
690
28
22
8
6306
238
4546
145
276
85
40
151
96
15
94
27
15
80
1260
2837
61
52
105
1
471
5
151
30
130
283
76
30
807
212
842
51
217
112
127
1695
116
207
27
237
21
2
746
209
72
224
28
55
2522
2724
243
915
340
2
26
80
1246
65
205
103
63
14
227
55
419
217
219
1251
846
17
40
6440
128
16
215
39
1231
55
590
16
183
63
311
57
881
13596
229
24
2168
50
2
121
533
229
622
1
62
92
211
5
39
125
26
2085
65
322
17
1
144
1867
343
2039
32
44
239
724
222
4673
368
20
47
203
3865
39
37
2954
72
66
2148
5235
112
153
116
32
8
98
13
6
2814
385
200
1
469
438
66
6675
4007
13527
237
591
2928
28
3948
2
116
293
1603
45
39
427
181
625
39
7
33
1941
6399
115
11
185
1982
907
111
14
40
473
9
983
64
23
126
2762
5
124
457
4698
1450
160
623
624
59
403
125
1852
690
420
6573
1043
549
127
698
9
71
1224
305
1438
1106
2880
137
327
38
902
1206
1666
107
145
35
155
592
17
486
855
21
9075
1732
2559
15
1424
1732
708
3088
41
4258
237
36
115
119
1026
2214
3533
44
8
8823
37
1714
12
39
25
12329
1714
684
28
3176
313
4
36
65
1675
294
5846
59
5560
462
2966
265
5008
697
1447
129
450
88
54
103
31
403
6
3
12
11354
468
29
158
41
1231
58
6671
87
120
14
5565
329
94
24
18
1257
142
1206
64
117
127
29
121
66
18
98
135
66
413
780
20
128
789
66
84
96
18
60
34
12
7020
1064
35
62
5
5764
18
27
10551
34
5217
89
3
4416
163
578
262
32389
7992
2505
16537
173
2257
10326
8701
953
139
1954
2224
233
1742
1805
19
3450
2033
394
28
155
24
230
4442
175
57
98
6
390
4054
565
605
385
39
584
1621
4973
326
27
20
52
117
1
16976
1588
128
257
34
2416
670
9
9
50
266
186
229
1285
178
37
4711
521
2867
15
863
648
524
65
387
3
3291
104
128
93
52
70
69
1519
4
29
43
4203
1114
8682
64
21314
7
147
3
171
1177
28
519
20
1572
601
9220
31
30
28
582
278
41
24
1054
180
109
99
9
7
67
115
363
2031
324
330
778
220
795
21
13
10
172
20315
16
17
3
615
2405
474
45
1
100
2407
123
494
35
69
436
187
6677
22
1142
7456
14
809
59
1384
105
1017
94
50
5148
755
346
127
140
27
298
2754
627
366
75
29
7482
70
30
7
168
12065
5866
15
6001
10
121
865
1
2
27
134
78
2333
12
4
8
60
2164
101
6
42
3498
2462
25
116
27
253
6635
382
54
1019
28
7369
24
199
637
390
963
4560
105
66
67
25
1516
66
2945
94
224
5563
776
20184
1693
161
107
4482
292
1047
2697
201
13
1
8772
1407
52
599
56
700
715
523
15501
11
7433
1517
3182
88
101
12
712
33
39
90
126
152
72
30
62
45
1
1458
5680
19
43
4453
8
1782
813
21
41
134
67
91
9
2357
3182
27
656
477
53
270
316
400
12675
22934
218
946
7291
174
39
2787
1647
216
19
924
70
7250
321
203
42
144
163
26
687
66
1904
14523
501
220
15
128
9
164
53
2473
45
281
745
529
15
582
32461
4580
43
439
11103
1619
2576
52
558
186
15363
17428
3560
473
5877
1571
442
24080
2305
26
128
2008
7912
1513
9
12053
158
2975
3262
4762
7589
1177
7161
3
684
753
159
573
1807
79
27
31253
46
107
1160
798
21562
151
132
5
32
509
27
141
27
8471
118
201
174
61
25
197
189
18
6
142
544
24
173
37
47
343
237
411
2
6694
185
491
5
82
27
44
51
57
21
60
19
389
704
17
36
511
13
125
119
5
4696
1059
10349
45
12
50
37
24
10
330
43
525
1540
5
237
102
48
111
94
16
662
6815
29
1594
6367
25
88
95
62
5
993
368
82
47
440
3497
112
734
254
1111
57
4
15746
907
37
552
529
436
893
89
1688
230
102
112
13985
58
39
1646
147
822
87
265
1406
3165
1354
455
30
278
169
250
568
17
87
111
287
268
78
221
359
555
48
696
816
366
97
116
62
223
7
3759
4
37
538
569
871
1510
237
850
131
38
341
184
88
79
670
2197
89
232
107
1261
32
156
3
212
113
328
25
6421
33
7
367
534
906
1350
33
63
93
68
495
1419
48
270
347
15
301
55
36
11
182
29
1035
528
62
15280
2580
12
440
8149
6476
21
63
154
7
1105
377
14
643
160
92
451
885
961
386
123
83
135
103
3168
31
1063
3570
728
3
5473
3246
7
24
214
13
13
108
285
680
336
860
61
642
685
198
2618
90
30
1
185
452
48
659
2056
2
55
1
1713
75
102
87
468
258
10496
927
669
3
1074
4298
2244
132
1774
566
9
33547
90
49
8342
197
10
1499
14
81
43
250
526
70
21
893
1111
52
1495
4
254
72
2976
629
2026
888
226
294
94
457
3974
941
11968
35
140
3738
6
210
254
28
629
262
2
2187
2822
149
40050
3
1318
448
25
13
3021
92
53
26
1
219
2041
31
6729
140
209
196
69
17
548
2137
53
975
24
108
76
1098
89
5
103
15388
437
39
1
1224
51
212
260
146
716
1931
865
55
712
2713
2975
6995
2997
4682
157
154
5
461
21
7141
163
36
25
3290
24
88
4533
921
746
177
292
57
2076
1071
32
98
1215
850
2040
27
6081
901
1677
100
60
554
36
65
19
66
1556
7
345
83
178
261
55
2213
52
50
2004
2268
34
82
276
3382
146
1323
15
4074
107
668
109
64
54
20
5967
179
657
261
3561
38
36
33
1291
24
906
1837
2313
720
597
858
55
71
37
23
7
444
291
199
12
3
27
944
4336
68
57
4226
22702
23
648
800
58
81
35
221
2350
5502
328
1700
2791
376
294
2077
445
22
4570
959
582
1127
22
708
5479
480
9501
379
270
11
1769
11
641
6206
647
46
14955
1336
781
5233
742
373
104
155
66
46
821
23
539
291
1
503
36588
96
1586
5838
678
30
43
497
19
1299
2
68
54
48
82
23
208
578
2951
1769
64
12
97
174
65
3135
50
76
1507
119
95
49
470
52
53
8
126
206
18
1505
26
3
283
25
5117
3132
260
67
152
89
32
89
13
95
2348
205
68
6
103
73
183
336
1322
8354
5071
108
55
77
603
1920
372
44
1202
1
221
310
956
1042
247
959
3114
10
845
2635
2
71
54
45
567
2420
7751
4215
1535
14
88
958
76
69
1165
32
42
11
816
1054
1909
1402
31
8309
10657
93
102
1381
3
26
363
155
444
196
9
604
232
63
180
490
379
20
1923
3
339
3102
20
896
27
1436
7661
2
13
78
151
154
21125
30
130
6371
694
81
3285
386
2304
499
329
54
574
119
11962
36
964
6211
48
27
22
1
3393
10
9869
276
1643
547
3884
348
451
18
69
3
790
219
494
2298
56
34
1436
350
2251
568
75
5
3259
7
41
415
1393
5055
130
8348
1829
386
100
54
1841
18
868
5719
27
243
39
211
150
188
21
239
81
37
18
1422
9
556
1434
62
63
1009
1747
2105
255
97
632
29
31
93
84
5243
2378
1127
259
866
950
2809
528
1663
1
113
7939
805
20
26
182
164
36
2
72
295
83
172
23
60
239
124
593
1061
22
80
97
156
67
133
616
62
1194
308
28
207
3
3
2658
6
995
6570
276
134
1654
1590
2354
10
16
4081
481
1156
1600
167
162
2951
1946
7
14102
2855
813
302
603
51
3345
356
74
38
383
248
105
628
594
84
9781
8122
871
60
39
16
268
21185
488
15
38
55
825
2891
420
480
5687
171
5328
222
51
283
156
1858
49
10844
2
4
104
3759
1769
15
63
226
1938
153
18612
2209
16
12230
229
7978
940
573
140
105
15644
1542
2695
492
1841
783
22
13
64
651
930
11
30
71
28
3001
285
406
162
5976
2912
340
523
131148
4966
3326
54
8403
67
74
449
3307
20
26
16592
285
14653
525
128
2
100
1533
13
1360
791
38
1019
1957
2241
1883
19860
3685
7436
3991
1719
111
30
1977
24
175
31
2174
68
4782
110
4040
45
1514
1392
251
42
5354
18
1840
1
41
1770
3319
762
31
14
3708
1825
42
50
13
184
33
360
73
7
70
47
5
548
44
2540
919
8778
49
297
2080
133
2
6
515
25
607
3418
1021
1627
565
10
69
3361
14
444
5
82
5206
62
287
145
64
23
854
1
346
12
1152
660
97
805
358
634
5
371
749
168
100
323
95
140
4999
642
19
193
93
19
102
22
288
195
57
10
32
609
36
15
992
56
50
62
11
314
37
26
413
946
2881
433
310
25
26718
1777
18
89
21138
395
12
70
4012
408
4021
1726
11
4
88
494
18
156
240
838
663
105
63
89
108
3
3087
38
2165
627
2723
211
17
202
59
195
354
319
13
62
205
7
23
155
41
304
188
74
78
3519
225
67
17
3191
4541
86
53
1200
7549
56
81
4447
716
166
10
264
76
4305
637
26
58
116
76
2669
1411
32
318
1226
15945
256
147
3
1539
54
11
278
5
431
62
2515
8104
158
44082
359
8
42
45
482
707
9355
270
5
582
13090
4
3435
11
1283
2
382
622
179
278
50
1269
34
232
266
15
2561
1196
473
786
780
1866
8
242
40
2596
1558
165
4451
921
3
246
135
32
89
11033
7
77
70
1117
4402
143
19
194
1483
6937
24
1036
39
13
740
28
79
64
388
987
51
65
26
99
2942
4859
164
167
3773
13
1256
4087
23416
79
54
29
360
123
42
4
18
159
839
4011
17
541
11
570
90
33
430
344
1406
100
865
305
2
845
42
46
1306
255
671
67
91
284
13
684
1037
11119
2
2287
46
92
165
59
4963
2220
1570
8209
1711
5
217
11
4
396
126
47
1
165
321
29
323
271
12
19
26
88
2742
22
10204
129
173
164
119
508
14
933
6403
2
1595
44
1424
31
37
76
1784
21
242
31
44
2740
238
9990
757
75
55
864
30
234
791
20
732
225
531
71
35
3560
195
43
2914
230
461
133
618
50
5280
403
27
5710
22
82
532
65130
128
1041
12
1591
2729
1970
5
44
283
3833
44
40
81
808
2
120
33
392
50067
1
21
725
121
321
145
181
160
159
158
64
1
76
119
93
126
18
50
17
1
310
18
1403
269
10
817
590
416
47
20
1
57
318
38
60
242
549
1922
10
584
4202
2835
396
3581
291
522
700
27
281
12
198
25
34
917
219
5
10
67
30
1160
386
6997
4
3768
778
521
112
17
425
244
2715
56
58
21
194
1681
2365
1583
7
20
81
69
1
145
26
424
1803
20
2
29
196
170
8
43952
17
215
113
258
10
110
548
66
91
123
2286
1000
12
1177
52
201
1
589
12
2248
300
93
47
7
271
6
165
52
8
395
39
5628
3386
22
1
25
98
498
1365
427
29
374
13
24
3491
751
56
558
115
70
753
1412
15231
1785
224
843
47
192
473
2581
46
289
384
1968
168
243
180
1925
591
59
851
1408
54
152
19
681
50
7
92
1212
1381
9255
125
1166
3137
463
169
27
9
24
3059
28
3506
727
2823
17054
115
903
30
193
220
1420
6344
716
919
644
7252
24
650
464
19
24
27
1490
29
123
8758
87
109
66
758
26
292
33
396
2302
51
5040
83
827
22
394
237
98
10269
3967
506
332
27
569
233
299
1679
1753
37
4555
4
1
69
33
48
3419
1
1211
4
360
1526
88
3020
132
20
7462
32
931
109
66
124
2606
1041
440
97
12014
2
1104
137
267
24
1031
113
33
3127
55
68
53
1023
133
40
81
1473
1651
57
32
10
1
226
393
57
36
228
178
524
26
11276
115
48
216
176
212
4
5
4
89
7056
1
67
1812
2598
1
26
1672
481
1281
105
195
600
269
582
524
222
34
555
2
240
10
2664
52
1
2568
112
172
246
84
725
1641
4825
35
7081
80
1351
2402
860
726
34
86
19
2374
73
18405
15
943
6
15402
360
82
1435
17
57
172
687
2794
147
418
37
2745
2243
100
23
211
1
91
27
6
315
13
204
1
934
113
31
1950
67
104
1087
132
33
48
77
907
38
19
1653
581
260
188
223
1666
426
1726
177
74
14856
28
1315
795
395
2291
61
138
10
19
46
18
76
178
8705
93
4637
9
841
58
705
44
3648
45
18
29
182
196
174
779
32
34
118
432
2
56
1054
1043
43
543
12
3307
369
51
897
39
68
165
47
2193
137
257
2039
2
165
470
71
64
148
4
494
49
85
85
38
37
17
1126
38
1094
376
35
114
1492
149
1219
342
297
404
943
97
231
124
32
2187
3
61
3789
15
582
1179
252
2096
436
4030
96
93
88
292
61
4172
87
99
40
75
852
74
590
10119
55
84
3
228
6
105
67
52
71
1612
228
24
374
1218
277
4
31
41
35
1289
1541
55
6397
944
369
127
13
21
3
2077
7984
958
1128
15
11
144
992
248
3366
898
25
4453
1747
24
1877
15
67
15
8351
81
50
146
20
224
2326
3
373
13
93
225
49
780
153
56
30
4129
141
6
8722
2503
9
2506
196
9
61
239
1642
8643
154
15
59
236
228
66
57
11091
3287
39
1709
28
16
64
960
16079
1751
168
3750
24
183
3
75
335
1197
37
488
53
8944
42
459
46
26
41
52
66
1838
154
821
362
317
3
568
156
392
339
25
57
10759
119
631
5110
2167
750
6
4190
5
5570
636
93
283
31
277
63
167
594
101
44
73
1715
2500
3461
15934
97
199
14319
2061
42
1184
474
55
6
133
1
38
11
744
34
1969
22
28
15
182
446
100
1047
366
72
278
3703
380
42
604
77
18228
977
6492
1283
120
829
720
31
3309
1079
5
158
585
269
194
13
24
72
3
727
27
7
957
158
782
129
49
352
781
40
833
1247
3371
343
1691
5148
164
364
106
6
37
20
232
39
57
1069
233
52
47
55
24
14
96
1766
1466
262
542
6
7
2418
19
336
303
3209
719
133
655
56
107
241
93
96
646
1052
73
93
1264
55
1125
164
1131
24
48
1168
3964
4143
1564
13046
18
3729
18
44
10
25
1
38
9
816
3491
547
58
51
455
19
418
2
1629
1017
161
297
30
1
718
91
212
4971
772
790
105
122
1803
1350
19
2382
22771
2
1086
115
915
4
148
130
197
347
6
10
3298
617
6000
385
161
29
2619
15255
2418
298
9
10
3
29
88
1556
334
286
486
5569
856
92
1327
149
452
1830
283
34
146
29
10
11126
5
14
69
39
69
833
292
32
255
97
1295
601
115
426
146
288
12
310
79
214
4483
757
42
66
14
1124
110
1
1227
193
1
14
26
19
1027
57
1555
2202
1737
3112
816
154
61
112
76
62
137
131
38
1
621
2089
1675
2
21
890
2978
2497
251
1982
1444
191
6328
31
5
3
1
42
47
484
942
30
1031
281
642
81
1
494
69
2249
1116
359
6
101
4767
14
454
20
8478
1
147
1
391
67
3000
18333
21
58
86
17
25
45
125
1368
292
20069
528
30
9
156
58
711
1001
32
346
305
2438
2812
17601
11137
885
4
383
25
3236
37
67
6249
631
683
265
49
342
70
143
2506
7
2
638
46
10174
400
92
422
353
473
148
559
590
871
1104
315
26
879
9
156
130
938
155
37
56
106
409
55
321
301
1647
1286
135
32585
1027
16
5643
135
242
13
388
569
7236
299
113
644
100
499
10694
329
279
7
19
2516
23
571
56
18
2834
1
199
210
48
24
422
4193
140
50
50
16
48
37
34
8
1178
45
73
166
50
1980
18
170
323
240
2823
113
1
303
45
67
177
4032
1687
81
546
343
25
1143
1013
7246
17
3502
915
1577
18657
67
24
704
356
413
42
69
2019
55
596
1151
1
176
323
5
48
61
11
1
1
63
102
23
52
515
2940
1
819
604
10
6337
2211
675
932
200
829
20
436
22
2780
2932
45
134
142
2
7
5212
989
1036
217
910
202
6382
320
9
2045
17
2642
4396
241
9915
683
1852
38
25
173
17
80
33
248
599
65
1528
3163
18
60
102
1100
8689
17
65
889
184
62
2209
68
1523
153
5597
1086
212
220
13
3063
812
245
1742
1054
39
37935
1951
177
15
888
13
122
243
40
4274
59
31
512
1
291
1521
8
1
11
58
658
247
7
1508
24
4962
612
4748
13
865
1776
937
120
3367
23
1291
38
13
49
1344
145
80
53
113
789
88
20
391
1030
3
63
49
7888
5
1491
53
84
1010
9
8635
1059
807
31
389
1843
216
52
2
387
27
35
100
981
19
11
371
28
418
17
177
30
116
315
337
58
26
48
62
537
1362
126
4247
1392
1305
579
3
15
38
6
225
18
1999
264
42
1287
627
9
906
93
219
1095
21
395
1255
1052
10
2927
109
1345
382
142
1636
15
430
3
74
123
530
775
11412
1354
3695
212
54
32719
563
857
37
1817
3373
109
823
12
6866
252
3872
51
76
36
8
16
718
804
802
1121
959
1630
969
13
153
1095
997
21
33
357
7
7234
367
214
43
296
25
1862
12256
18
125
9741
8
713
51
25
1308
73
31
1
40
20
233
2551
305
54
32
2553
98
422
21
148
1
31
48
4084
60
41
939
2963
690
25
42
54
4915
64
11868
531
884
220
3729
15
267
312
190
5
940
233
62
49
11
39
222
2937
9401
333
146
23
633
96
268
42
337
292
3054
2
240
162
1230
113
10435
277
3898
7400
3108
604
9
2817
164
770
23
11098
7
1884
309
412
280
217
5
57
117
453
83
99
6
59
51
814
25
102
80
77
20
4542
767
7241
15
7
15
4137
37
756
12
284
266
1576
79
11633
38
23
367
502
364
1629
1014
13
428
162
4
3
28
31
2848
29661
27417
535
11318
106
9
118
24
433
989
37
36
25
477
17
9021
170
79
16
324
8942
499
2850
335
2962
11
9066
703
52
10
126
1459
789
4633
29980
4
3277
147
102
1661
8
33
120
365
651
74
10
56
11
7
1507
9
8837
33
542
17762
131
1437
3987
5559
128
105
174
42
17815
2464
212
7110
1221
651
5005
3729
122
779
198
5481
64
1489
1490
4980
1014
329
208
205
680
149
222
187
2967
2537
71
1964
1753
370
790
521
144
150
36
121
4
1
72
22
117
942
23
112
168
11131
9222
3
294
158
29
422
60
25
235
26
6884
4871
1175
461
6
2255
255
43
167
1345
1456
134
542
127
24
84
189
65
8
2
6
848
187
43
30
3279
179
113
850
275
49
651
24
5279
76
2955
6
65
32
51
403
241
70
230
4603
116
43
78
80
195
41
65
102
15
40
697
48
93
959
479
50
332
51
796
7688
129
584
19
7
15
293
12
51
498
1461
1005
607
390
46
166
14
309
15
585
4
84
25
8
24
1381
230
62
236
1126
225
29
3066
357
7
40
4
61
1447
103
79
981
12
1428
269
3550
418
359
83
26
2
331
404
110
306
25
1119
505
1930
21
175
61
1
102
21
1690
1380
8
26
2682
247
172
18
15
11143
1145
1594
63
105
42
1361
3773
70
729
117
37
20
20
2
6
294
456
2180
19
188
52
27
51
16
109
3
32
106
4853
53
5624
151
1833
9
189
32
581
217
457
703
1133
115
374
41
1174
2584
105
1486
546
29
364
617
3
46
48
433
109
165
172
46
27
14390
40
395
591
71
59
263
25
3887
1294
364
2
52
16172
70
173
84
113
127
200
334
17
23
11
84
60
84
1849
2564
5
1
703
1060
500
15
635
197
817
322
69
946
40
14
904
25
19300
2387
100
6562
389
5605
708
175
91
777
68
1370
808
113
44
148
158
3550
52
382
1096
16006
5
638
1262
359
1
6971
1042
55
18
41
15
21
961
384
33
96
41
25
725
37
38
79
20
2029
1187
2268
3359
1769
218
368
15
7811
10
1466
967
78
2505
92
80
1159
709
11
436
126
293
1879
370
1528
9341
32
35
13
588
5502
149
543
278
6501
15
1958
6084
96
2902
21
2879
180
45
33
765
87
6968
68
909
61
6245
16
49
80
854
3754
150
529
295
395
608
951
21
336
306
192
2905
23
167
488
26
773
196
191
2194
575
1252
11
1015
428
1917
1
59
359
627
113
298
381
143
11100
1325
6
1570
49
358
181
4016
12
60
123
67
90
333
425
3962
8
48
61
259
304
67
85
12
51
4
3668
1
179
1802
37
1614
1221
4
10
223
518
2
154
3110
1072
27
657
225
41
92
352
598
699
2097
2481
51
152
23
102
1697
20
1158
788
39
19
6678
90
153
3785
153
445
43
235
475
2648
59
3
16
88
25
57
3
993
1037
53
293
135
934
211
296
125
15
69
216
1839
8468
286
16
68
95
77
2331
3373
124
506
1
1609
12
9
52
5478
5133
3701
1870
162
2551
1
6524
311
761
1424
1397
302
592
227
1108
8
56
4
90
74
394
1053
270
52
763
134
350
2631
480
2665
37
650
233
183
107
130
127
89
70
140
4718
25
33
816
661
1676
298
21
1648
55
222
24
2121
31
7
11039
56
100
34
131
122
78
612
187
28
88
8646
30
41
913
1865
102
19
140
233
53
63
54
51
40
94
2631
49
82
1511
13
78
3869
1222
123
3095
1690
2208
3283
2458
117
1326
1564
1543
945
44
1349
70
196
11490
1945
30
558
1606
9523
956
52
1569
211
653
4948
473
888
240
25
8431
17
32
759
541
1211
635
1533
1211
1294
2484
1
62
70
253
77
73
1
171
30
940
9458
203
461
2063
795
431
631
1985
227
170
298
445
48
34
22
52
204
39
4
34
29
36
35
1244
24
9
146
1707
86
130
849
91
2089
37
854
284
11
35
37
142
233
3646
19
99
183
691
39
3185
50
221
106
218
20
336
33
106
27
5
81
91
12527
2
1548
46
727
6883
3
2902
6
1684
112
259
29
231
132
2132
63
2674
8034
547
295
41
24
31
2018
357
88
21
236
206
132
48
70
24
4815
121
983
6
110
1335
360
19
338
179
127
70
489
1835
87
95
26
2361
6
181
3362
13
29
525
4396
143
286
765
419
27
4340
63
469
559
88
149
116
155
86
1899
4039
922
12
30
17
14
1
61
1643
55
64
39
21
12232
2353
234
40
305
7
265
577
26
12
2129
3007
28
363
1202
205
523
2924
1589
2609
5
4814
74
152
50
68
89
8
90
20
770
42
27
33
12
669
24
380
1348
20
41
769
43
1177
214
190
601
416
145
253
95
9
36
2380
9721
193
22
750
63
74
971
3272
110
147
1813
9
408
329
2713
277
83
14792
18
15
132
119
418
22
44
977
3
34
4489
17
185
18
22
149
64
53
78
25
3928
241
67
6644
1158
39
635
138
1449
763
34
71
432
68
2414
494
204
4806
243
1
73
218
934
324
17
19
81
16
70
94
45
98
34
26
213
3443
1
2534
14000
11
3332
17
563
2463
48
4
68
300
80
332
11
254
506
415
922
346
191
10
550
778
6514
170
7741
26
39
15
712
235
1646
45
485
103
199
1826
133
34
39
161
1325
341
2
110
1972
13
109
66
6303
98
129
714
9
122
746
4718
379
10352
31
46
45
10045
1200
71
69
59
54
51
4
3
675
118
73
6564
55
2
1616
169
40
31
407
385
714
1738
1526
21
33744
2
51
588
417
1830
84
157
206
111
84
115
24
81
54
194
714
48
2124
2
103
687
754
19
2535
5
1628
32
4
143
1088
301
24
9247
27
67
180
3215
203
1426
526
34
18288
14
622
13
4695
19
88
3
74
26
54
95
254
312
1
100
67
65
75
19
87
280
1454
15547
27
341
1
683
700
1
3491
63
882
66
985
104
302
14103
6502
11221
1020
3990
1713
53
1
1017
7
68
4
64
10
212
546
1
320
101
50
72
481
105
643
1
60
911
53
88
33
2199
42
56
35
341
1837
54
47
44
278
7
33
733
28
165
87
60
2897
15273
3064
463
121
833
80
782
1
4
392
24
73
50
108
15572
8
240
32
6451
12
2137
1144
293
3983
257
1009
104
37559
3522
29762
40
2890
66
9975
41
720
45
5759
273
56
20
36
29
12
13
818
18
2
1036
4
5673
586
93
119
67
149
123
67
42
126
71
29
128
913
104
4067
91
94
995
22
75
1399
22
367
2858
221
276
913
127
42
3988
49
357
392
598
4
1260
1
175
122
2
53
61
72
578
94
3826
63
1028
59
109
1049
434
20
1253
327
51
86
78
7170
96
764
341
2313
307
404
39
1510
146
5
159
32
699
1461
37
414
7379
64
989
6115
81
346
146
77
17
3
3190
12795
3434
158
1536
1232
39
532
11877
88
1931
2050
55
4531
347
303
14
10102
150
127
352
4077
1001
2009
61
296
18034
7329
68
1008
52
66
992
1476
2286
191
2646
2693
129
582
3994
5156
6392
113
105
38
198
1198
8
1196
770
497
6970
1765
5
11
765
333
55
1564
3358
5216
6994
213
983
6704
106
161
22
56
901
141
617
107
50
141
830
27
7
304
248
248
654
3786
31
2309
928
1181
25
2867
29
10749
19
155
545
435
4361
67
695
514
14
5
636
57
282
538
2
722
4184
101
163
649
2649
257
176
2195
431
10458
733
211
367
14
17
2797
67
38
484
176
918
30
41
14
51
848
3552
132
295
37890
2512
489
2243
2
243
179
288
678
1248
52
172
114
2404
54
168
3954
537
1395
1
127
111
10
1035
1678
377
164
40
6118
50
50
47
25
20
3
22
6099
61
9782
613
1529
2260
521
1895
968
704
3221
778
69
895
132
39
10232
390
11
4073
99435
428
9
49
61
1996
1626
75
181
124
14
208
1951
253
1185
1893
123
8224
1295
92
3821
14
34
281
10747
15
471
3
3870
686
32
893
227
80
196
647
11089
150
34
1196
88
553
31
323
100
1002
878
4997
9
93
76
11585
1015
1
3
251
301
2227
121
156
18
229
128
303
182400
6551
162
1716
8
139
5396
248
220
1
197
2413
7343
190
72
882
104
802
101
5822
1598
437
312
513
28
1095
70
28
221
518
878
170
2404
1520
280
6084
72
1749
2261
4373
2376
5697
829
506
5071
30
1703
1676
2795
228
572
1962
108
676
137
5576
259
679
640
691
1135
870
1
3018
70
30
72
297
231
5145
43
171
2420
1316
2628
337
2384
348
19311
12
106
203
4273
904
574
5044
4
892
929
18
95
23
87
1186
4958
36
59
17
87
908
112
774
13000
2615
38
2
79
68
70
87
9587
566
28
264
6814
1
334
53
41
146
244
41
332
1064
1312
1068
2780
2280
1686
1645
8937
3990
509
1085
642
39
12
383
22
38
1028
158
29
3002
316
296
447
25
1204
62
56
25
3847
52
21
64
447
3
97
2766
115
103
6718
965
499
22
22
89
4425
332
12
10
202
47
142
9
79
830
10225
1502
198
115
10
5586
319
1312
450
9632
1396
2777
2761
64
1546
150
2026
1274
1
4054
1559
1225
110
2845
1187
191
358
9
1893
308
3856
3411
1400
3202
1151
482
193
1483
182
4
430
179
12
170
119
621
137
782
574
53
1465
134
119
8228
1
1765
337
96
31
10
238
147
610
70
102
154
21
827
840
754
1765
34
108
39
45
15582
5
325
21103
49
9
73
112
122
65
412
386
3945
12543
1690
1023
1442
1124
1760
97
127
1170
30
1608
8275
41
82
432
591
3
85
47
1016
2593
423
204
478
6
2047
553
33
124
3
1851
61
21
44
296
5
97
91
76
10
708
153
227
240
2455
266
62
343
520
227
1220
31
1
107
33
1768
33
3907
33
2982
20
944
110
1402
12
5
1492
33
557
7421
154
37
397
170
1022
88
106
4276
1251
108
131
2009
4136
789
159
10
175
216
89
17
54
14847
1146
110
88
775
45
2990
4404
1565
2289
1
650
1892
7
10435
1379
82
1853
1487
20
59
571
11
566
158
30935
510
437
103
23
64
752
11
298
143
3287
34
534
3
106
270
83
429
1158
7987
93
658
49
2818
10009
72
48
882
13
1201
410
6
121
157
46
83
83
531
4647
652
1253
451
610
34895
17693
505
66247
2904
5531
7009
2254
8820
15
1782
12415
23114
9876
28
116
2665
5
245
5
1021
306
4
17
14
158
4687
5490
1361
3968
30
855
2914
4811
10
112
2888
1808
446
4245
34
321
344
3106
87
9
5
300
441
296
103
1
2585
20
60
20
13
478
32
4
1009
3373
767
4367
36
11956
60
122
56
409
25
205
41
4
2995
104
53
103
3191
1769
23
6135
79
1
27
73
44
52
212
100
1597
1343
358
925
4316
663
732
1
85
68
23
43
1478
452
1071
142
3347
2114
860
707
714
273
42
1558
82
1854
426
1
11
15
59
20
58
45
3588
130
36
151
118
58
2686
3253
214
286
120
2484
41
13
322
889
3142
1871
8
793
1857
57
254
70
23596
1289
4082
217
331
88
2255
1084
1304
3
532
37
35
194
77
7
25
65
1982
59
188
1353
945
587
4040
50
615
1003
618
104
6904
571
14
564
52
989
10169
303
434
280
489
43
1778
424
151
631
311
128
3362
144
845
11
2984
4
4433
179
2543
48
38
2353
155
3064
33
45
277
215
5493
13790
76
2490
971
14
7
76
840
71
23
1928
95
95
216
34
320
268
1948
551
2958
216
63
17
5174
173
1132
57
231
46
46
21
815
1101
34
20
62
152
3
701
1793
2788
4633
751
7653
682
16571
1359
18
3247
1182
155
88
515
228
2
459
4149
13767
9
2766
3
9875
17038
4354
16978
2014
823
176
175
376
133
3719
2164
76
2088
1649
16
391
98
66
941
1404
34
1170
32
325
7798
456
74
64
7
421
75
222
3
56
67
55
13
3294
19
68
24
14
27
20
55
38
606
22
102
223
14
4
157
39
61
185
28
2517
2654
1904
633
66
1
133
12
35
51
518
143
30
194
122
397
852
30
270
273
2486
310
254
4130
190
27
262
136
307
57
3921
60
126
235
536
148
186
72
69
1899
77
14629
252
49
46
2347
1875
4
156
39
179
24
80
1990
615
536
81
192
496
26
43
16
811
618
49
13117
9
929
1735
468
14
479
305
1048
38
721
44
138
14
23
109
477
240
455
50
79
295
13
54
87
63
15
26
22
57
1452
69
43
43
38
13561
163
3
33
93
2176
2829
901
49
312
61
6
146
149
92
34
117
467
3100
117
3934
626
3094
173
2433
116
214
1905
23
68
365
38
40
4
33
20
192
90
2345
10
290
4
2
160
31
1163
64
2720
152
3888
4174
295
386
337
202
118
22
17
229
338
76
226
55
56
1167
55
77
99
68
56
211
72
63
254
189
137
7
482
10751
190
1345
10202
8264
130
88
86
446
64
196
1779
34
2525
108
2968
355
35
1
11
8
