40
188
278
213
78
446
1360
85
6
8743
27
614
214
149
2799
284
16
20
336
458
531
16
24
83
2
103
43
504
8
292
768
150
575
149
5
1300
69
70
355
1106
209
218
201
276
1540
365
120
553
34
13
6280
369
240
51
59
277
33
940
83
30
75
100
46
87
14
223
245
41
666
63
6
1131
490
64
902
34
1286
242
266
134
1395
259
1864
44
3844
63
118
135
22
1203
44
756
714
903
328
146
121
767
771
506
854
175
46
40
32
34
43
268
821
327
489
183
128
115
186
47
2833
367
27
540
203
89
16
309
3
291
88
99
75
414
116
55
123
24
474
179
82
334
1032
576
1278
21
525
12
87
171
85
40
439
66
36
385
21
20
57
53
100
67
3102
1531
130
24
815
46
126
121
3
31
488
47
163
198
420
21
686
888
234
940
1154
1027
338
95
153
49
271
81
47
1658
1674
9
1333
457
38
60
474
2
286
95
381
326
954
235
72
117
366
925
96
27
590
95
1136
92
147
25
138
116
34
2203
238
1112
1692
476
245
85
11
291
77
842
505
25
418
309
248
30
158
26
772
121
28
6
99
303
21
66
877
2252
121
128
37
240
612
85
467
125
7631
1752
1053
26
208
78
230
58
2792
200
1512
563
365
33
156
407
91
88
472
942
393
1261
51
422
20
404
73
53
793
594
124
113
24
209
16
82
28
359
132
15
965
7
73
503
39
723
1213
78
70
2804
162
33
85
306
128
553
21
14
2879
76
4
117
16
60
406
104
2431
49
55
4
243
53
50
288
81
71
105
44
252
418
84
2318
624
38
170
29
617
133
20
33
271
454
889
725
48
50
736
22
222
2909
1275
6
243
8
573
62
33
4050
256
5289
125
954
112
191
22
3343
47
4535
16
668
25
30
239
119
261
150
109
39
595
1631
379
28
409
148
33
447
20
10
239
12
29
2179
74
5226
354
47
1433
53
63
220
26
30
38
163
46
450
118
315
42
492
19
305
75
767
115
15
2593
28
781
343
99
90
852
758
73
68
127
298
30
755
48
535
18
18
131
16
5
315
44
51
50
3637
2499
2561
433
558
182
3203
610
3248
86
8
706
394
4
8
325
256
227
164
25
278
86
260
432
49
497
58
16
83
605
127
403
384
1715
298
1210
1374
153
33
58
152
12
908
1758
84
121
889
8
19
6
206
155
101
196
17
535
77
328
91
47
34
28
105
279
5
27
170
62
644
120
27
61
58
15
40
38
473
291
1260
689
717
34
448
82
249
75
16
52
16
807
735
135
874
926
31
44
471
23
7
160
63
52
50
2937
54
39
5
35
36
2504
112
113
98
3
353
461
214
1871
544
80
154
477
3
133
808
962
222
69
537
410
25
599
14
235
555
32
173
13
14
1
105
121
125
22
89
21
282
962
2254
241
68
16
317
156
12
381
33
304
106
29
16
5
4
57
136
72
323
15
152
57
5
404
1622
54
72
4
54
133
1014
146
117
68
793
2030
93
399
36
231
210
177
2310
92
15
426
2981
47
6
90
188
35
625
2064
646
197
33
288
229
1066
426
241
5
28
3
591
213
500
401
324
39
33
24
2
30
28
135
7
28
147
1437
61
75
1
1963
744
341
