19
1562
42
192
382
94
177
234
929
58
874
49
433
3013
43
571
46
1091
117
218
58
3943
998
1115
1772
340
399
17
159
1052
66
1313
14
3982
1077
124
625
265
2011
121
157
1882
50
166
504
987
335
56
1973
215
140
325
97
134
1207
777
71
47
617
444
1429
527
1363
82
2452
1250
2360
1797
514
264
1343
169
36
704
114
43
32
62
552
181
972
46
392
52
634
520
106
494
453
3389
460
51
97
637
692
284
606
1241
62
1
55
40
266
31
49
13
3039
2
277
448
835
260
238
608
25
59
109
439
158
647
26
63
743
121
320
350
96
23
607
36
1709
130
220
1392
382
62
185
329
1090
260
45
98
91
199
2
79
7
4658
