747
528
599
186
20
1562
690
3
98
1144
138
51
25
612
357
124
651
267
23
10
2
8
353
36
161
466
295
578
708
195
8819
108
99
1883
5
4140
12
957
742
1432
791
476
13
78
194
1047
249
637
1129
4
180
39
50
612
859
1035
955
896
1195
26
336
1513
282
389
61
1198
708
151
637
656
1
102
45
3260
121
779
226
291
972
37
519
43
679
68
78
725
126
213
1416
8689
8
356
191
40
1260
63
3
43
986
356
56
23
53
21
142
710
31
48
795
848
935
13
98
605
914
46
984
2
1847
579
363
442
662
806
3783
59
4142
3
59
686
546
677
973
387
359
49
767
134
137
343
1009
411
5
552
539
8
191
614
65
11
317
438
551
65
795
88
27
52
43
788
76
702
99
801
49
89
472
142
39
67
7
26
93
294
10
317
733
294
14
1753
362
1404
237
15
654
7543
72
2073
875
819
1006
891
19
786
147
59
8
143
25
974
261
34
1299
73
4855
805
55
322
305
35
580
1007
72
221
54
727
1145
934
406
74
58
4045
257
8
2029
920
7
957
21
42
499
126
382
90
1579
278
514
164
4
1337
5
3
58
84
859
65
56
2
24
444
42
300
1403
1003
30
5
456
58
271
526
135
425
126
1057
261
121
203
75
34
437
3
129
17
264
256
1036
76
75
783
599
29
3
646
24
178
292
1003
35
153
1228
262
593
727
84
1502
1980
2332
165
618
74
149
51
1
670
943
110
617
144
628
684
464
186
306
26
380
260
85
375
284
142
139
848
40
44
31
622
36
8
2
16
85
10
65
718
47
619
206
925
2261
28
23
3262
549
99
2024
78
879
44
68
1270
42
14
283
222
1092
606
20
508
1
330
1071
1447
2858
804
72
698
3704
161
691
1106
238
271
10
2
1426
743
421
820
1656
466
247
46
145
100
1139
568
72
369
255
915
1561
1347
800
620
3
320
31
947
555
353
5373
396
706
476
1926
11
268
1101
4
569
1299
156
22
1
15
848
715
1126
855
99
907
1218
263
364
2
1198
598
136
659
4866
277
3354
20
322
134
503
1256
9
462
48
9
481
752
956
883
184
1234
16
7669
4
1
1263
488
2925
21
1533
919
1569
423
1218
41
343
388
703
578
177
254
1544
996
1
1275
2359
516
198
34
800
70
194
116
29
870
336
5
1497
781
128
1017
687
6
197
25
97
243
106
836
1006
1522
1140
20
1289
1050
223
1135
1203
93
1268
632
230
2478
52
132
970
695
721
33
26
133
299
614
539
67
960
42
1316
789
535
239
1497
1702
810
520
128
184
1891
887
971
697
567
497
3040
767
13
1248
85
246
94
1854
24
667
1269
20
667
59
5187
669
933
67
909
3
255
84
1883
709
2
1248
327
115
1477
4976
394
1249
711
135
69
109
558
137
1219
235
622
286
49
16
393
249
2517
30
488
24
9
27
37
479
78
510
377
603
1052
1206
118
255
705
1007
89
280
653
613
291
33
478
960
1453
301
3252
509
29
162
883
341
27
199
36
642
652
70
19
83
716
199
114
43
395
916
1
1720
464
1032
179
898
556
680
846
1483
62
1727
38
187
65
63
693
761
790
950
593
540
672
710
185
777
620
261
509
885
769
42
733
5
94
578
369
982
763
32
923
59
25
277
84
4196
235
31
1115
19
50
2840
80
571
325
678
282
300
50
2
293
68
103
475
68
30
1094
14
185
828
21
850
654
67
157
241
16
60
362
1140
627
5
1011
607
686
597
1947
205
3161
908
3192
32
127
340
404
58
659
141
332
7
2090
515
2510
64
363
385
175
970
1718
591
38
491
178
885
214
69
277
958
135
933
1560
999
871
422
27
212
581
552
810
289
45
533
915
794
118
82
213
2714
1408
3435
15
84
820
895
18
51
7
473
2140
415
31
226
418
4809
2
5
573
1
70
402
1371
2009
6
62
367
385
75
297
185
401
107
3
393
944
424
234
153
388
11
979
96
948
972
56
69
334
79
470
433
970
654
1242
547
114
549
1246
1197
960
6
251
460
1698
416
66
200
143
765
57
461
136
98
629
22
410
2
71
23
489
232
67
45
477
241
197
224
79
563
29
1113
5138
891
157
9
398
72
365
187
110
203
86
268
89
6
88
2194
898
1101
240
874
3
296
68
1147
35
69
336
79
323
887
71
1307
1280
9
43
2
11
838
363
39
431
1417
8
410
47
931
641
61
437
568
210
1119
1628
5038
289
451
35
260
1768
16
49
3
134
578
31
515
47
137
189
82
176
1120
35
26
67
59
120
107
81
225
783
959
30
286
12
89
58
37
115
22
3380
50
74
1296
960
243
152
318
99
144
740
2278
916
580
381
2
1441
2157
1638
381
176
48
530
600
711
1035
253
1
926
335
118
495
246
1150
535
996
62
32
29
77
114
25
1009
336
18
2025
18
499
274
613
818
130
172
354
860
108
1146
419
347
1015
21
855
71
1
569
1023
1326
1247
440
1406
151
8
486
173
650
1360
475
685
318
25
88
1643
1202
4
1214
9232
11
959
399
66
238
154
314
2512
26
116
438
468
425
21
275
2505
506
3255
583
44
253
9
58
115
99
489
90
77
811
281
823
660
997
1
2168
53
1114
117
671
52
130
146
113
869
413
1
1213
74
551
466
15
97
485
434
26
2906
1195
697
897
206
172
584
95
112
2
1802
317
964
648
868
851
559
74
136
1360
267
522
2143
20
1221
1121
341
990
58
298
154
53
150
1
686
3
43
17
1640
1097
208
238
59
146
283
164
1661
7
2054
66
436
740
695
142
6277
172
701
13
150
351
182
120
34
837
2143
998
16
62
11
1382
1839
568
59
3587
673
667
1145
1769
613
1247
41
943
286
723
456
139
129
27
1
116
5
466
31
185
782
840
316
908
42
90
83
611
169
153
60
712
105
9
162
5125
90
691
83
21
323
154
1908
960
826
1
1057
17
190
4
43
173
1139
66
131
470
693
21
1462
107
673
208
12
106
26
1279
43
758
20
114
1974
327
1706
413
123
132
34
1245
51
372
272
26
173
85
863
347
2
646
537
662
294
52
158
490
275
171
377
17
28
911
44
25
606
37
299
105
1188
797
158
8
15
571
809
35
2
109
200
159
39
425
1395
1697
1307
2
22
2285
328
228
23
9
203
398
154
600
141
93
141
179
963
706
12
43
180
176
1737
58
612
297
487
154
396
340
327
1260
4
215
121
81
3
3
1295
251
1192
465
40
320
786
877
1185
1
25
118
496
154
7
75
21
991
125
75
1515
48
3761
284
130
5
16
424
185
221
688
21
691
779
1050
1777
7664
863
322
123
572
52
883
50
185
1288
548
72
958
3276
5
295
698
59
300
13
29
228
24
9
519
733
502
18570
746
1717
2060
75
664
223
305
20
1371
70
6
162
356
476
3422
918
328
612
804
76
995
83
102
512
157
2534
86
80
255
280
155
24
1545
1543
3
1
42
620
750
15
1946
324
38
461
2019
1096
17
198
170
7
780
104
382
15
173
742
1
572
6
446
4
126
1007
453
615
291
224
464
187
208
146
166
895
404
32
1180
5
373
1
58
3130
53
1072
632
108
544
33
412
273
1083
1042
110
353
724
718
69
31
784
21
334
941
370
128
428
533
1218
545
845
230
974
697
2685
492
2
2028
47
21
428
39
920
719
959
24
73
22
588
67
3
124
1167
755
452
785
21
37
28
1582
340
219
1747
55
77
27
551
197
192
2105
19
706
103
1211
1753
824
1686
727
169
766
1872
1122
41
2803
354
4279
414
301
526
962
808
10
583
83
2965
3452
228
655
110
315
393
1752
1283
392
467
196
624
2
14
39
74
862
2
787
758
19
403
11
28
848
144
732
1184
648
951
62
423
1775
208
365
1391
660
487
424
640
352
102
689
948
1508
2457
304
92
481
49
25
1902
3740
657
250
1055
39
634
1198
965
1037
858
865
1160
64
63
1685
66
745
7
1387
979
99
628
6
157
593
91
1192
647
21
216
201
311
12
48
1
1012
973
46
1093
1282
39
657
610
36
1054
439
1197
17
437
9238
15
15
234
72
499
947
13
660
44
550
1435
163
655
652
757
1221
927
2229
180
60
1158
68
291
851
1051
341
505
1379
684
1656
120
804
11045
46
29
371
126
1037
579
121
40
140
162
10
40
806
26
529
2149
22
2363
19
6
781
272
67
386
19
67
621
166
178
10
395
754
5
1031
115
973
2838
1351
754
578
747
619
590
36
574
13
151
619
29
1
976
54
982
164
1556
24
517
25
952
256
101
73
15
1197
268
526
49
187
991
3
17
16
1
6
80
832
407
822
667
354
550
47
815
46
654
53
57
314
428
133
5976
10
870
475
4
28
2903
11
656
589
3800
1195
8
89
14
111
2396
204
514
908
396
525
28
67
666
12
622
147
927
476
179
312
38
17
173
16
1155
225
1287
2551
650
1731
435
252
925
64
12
18
495
335
912
77
381
35
49
267
71
351
554
46
838
823
36
1
663
107
723
23
650
86
541
143
737
16
788
639
747
169
4390
139
999
3263
560
61
417
483
15
171
4
2
1
831
8
808
244
220
30
353
4720
48
20
116
196
45
2693
11
2
7
4
167
203
673
386
987
95
493
8
59
11
80
454
781
340
1534
233
16
2610
72
52
991
566
12
421
120
4
589
3787
248
618
613
2
18
101
1463
502
437
204
82
3
202
63
305
827
929
452
53
828
2024
53
909
381
516
1509
931
1606
300
235
312
10
64
750
712
436
341
204
4195
2010
262
1051
2823
13
2180
13
141
345
427
102
903
81
552
460
10
666
135
26
3005
1340
52
78
2300
264
37
244
129
25
603
164
868
3113
1213
39
16
244
230
2448
1465
482
401
52
462
552
4296
246
683
47
309
10
25
175
1054
25
469
156
360
22
218
1212
11
242
938
116
679
624
151
228
30
2179
523
236
10
5
454
341
305
2577
1075
548
611
202
1
6034
3136
826
13
100
552
466
2549
951
2
891
697
576
699
137
1143
1046
49
13537
609
648
142
1141
980
89
744
2895
1432
420
25
6
607
85
560
59
50
73
1013
770
374
323
711
159
111
1325
574
153
91
231
77
92
59
222
1408
160
40
712
730
144
284
5
650
1068
1561
837
92
864
625
50
61
20
1216
295
186
244
354
2581
3164
89
9
1077
162
99
200
346
2779
2743
805
1184
793
1858
599
3248
1978
181
668
17
1537
395
556
549
182
3476
267
1126
40
165
57
60
704
225
674
488
428
177
8879
16
1935
1338
185
4
6
1191
2803
649
2077
456
811
22
6013
193
244
4
40
26
2936
331
1419
636
1033
215
379
15
769
432
712
470
960
507
794
583
476
911
992
907
86
15
24
472
540
269
2
2233
1913
1003
36
207
13
1
10
2320
544
34
1441
1234
78
317
760
154
61
317
929
125
16
910
467
170
10
53
57
670
124
441
227
114
62
278
3
467
123
26169
624
600
198
1450
561
2319
12
191
216
891
527
64
140
769
228
15
13
714
223
2542
355
121
218
224
897
1
89
259
1702
2
369
2381
710
25
1091
453
136
1876
1366
149
443
14
109
1732
259
2976
363
38
396
1934
611
96
143
2762
307
37
126
20
1360
2257
2070
1371
1215
658
32
968
16
55
63
529
64
47
185
119
828
348
352
894
609
141
39
16
849
242
21
29
91
432
332
330
1133
56
1565
383
21
155
35
589
121
82
79
64
2540
1463
1797
1809
534
19
11
805
108
76
587
514
15
851
462
224
129
144
74
772
390
134
342
299
231
3
1897
6
4162
1
365
7
244
340
35
14
28
14
632
139
51
46
1038
546
4892
568
1037
139
706
428
98
102
1449
809
207
4
7
52
36
145
917
428
1799
1843
1392
6
32
4118
82
3207
844
928
349
314
578
42
78
21
1179
1462
162
19
1397
333
4
260
54
49
355
225
70
3
545
9
562
144
1182
10214
223
104
5941
440
1091
18
267
543
2836
297
545
837
720
97
639
597
120
73
2
717
56
261
517
81
1281
74
848
514
32
34
85
1084
640
110
153
7
94
427
1141
364
1355
17
977
1823
451
411
2459
1012
78
609
180
187
7
5
124
151
4150
12
525
51
1032
36
249
111
72
2280
118
16
582
761
80
447
2
141
1442
10
86
1
456
110
209
444
723
56
26
5
501
1020
51
3860
32
456
199
142
624
6150
57
199
185
36
496
903
58
1120
1260
23
1170
71
144
1875
125
757
149
1372
18
96
26
945
30
436
30
670
1857
859
85
5
930
103
400
1218
217
737
276
237
67
796
656
997
16
2119
750
31
53
118
1883
2211
209
968
1028
125
215
450
78
63
306
176
627
564
46
93
3522
269
893
430
124
2
1674
145
72
497
98
100
164
258
629
301
4
512
803
12
598
519
