2731
182
118
623
80
8
681
4656
711
103
1092
9
11494
570
352
15
269
73
267
221
17
2681
1379
2182
5907
3804
395
228
3889
9
5820
16704
691
823
3422
5393
9415
83
885
24
1263
448
1500
362
2229
576
76
1976
3083
1280
613
611
4940
5372
195
119
13
4054
1068
7732
301
1549
26924
1922
200
610
5267
511
316
2825
11062
143
561
426
3942
1894
1195
87647
1211
425
512
273
176
59
8586
418
319
26
10
904
2835
328
91
621
1299
419
6
1747
40
1
10459
805
1201
934
50
449
1031
1321
189
110
1626
2327
99
875
200
518
2929
20381
16968
1201
398
1309
1778
692
12083
2387
54
1
591
971
3033
1039
39
3048
1368
522
249
18
10451
336
1834
940
35
943
51
88
1497
4297
474
703
105
18161
4489
2833
69
126
2667
212
19218
298
721
575
1792
1319
6908
253
830
6772
895
218
1337
27662
7391
166
4737
19
1995
268
69
645
130
995
1804
1
373923
2250
6064
532
476
170
322
739
269
249
114
2013
181
529
1072
165
414
125
1965
243
4664
1619
2672
1798
2325
3594
2115
61
66
2071
158
329
161
3845
1309
2938
7146
89
1
4303
1281
811
1601
5026
14
1626
227
884
104
458
3541
8225
91
186
2368
9695
685
98
653
945
103
513
299
368
1657
44
493
9
149
229
1838
97
836
20690
2268
3144
698
80
3784
1125
3284
19734
609
216
2117
59
142
4319
1255
2202
498
5768
7797
383
1803
2
132
484
498
100
2347
7
379
4808
222
6942
6745
288
127
502
2329
4684
271
2759
496
354
2612
231
219
86
1207
8979
1092
380
11669
172
131
86
705
1466
9666
3820
1742
1620
181
2589
22203
2906
6740
8544
838
135
209
694
7984
7653
1813
152
4019
550
692
347
185
2677
5025
555
21
274
111
220
62
5225
1173
38
1686
626
11268
17562
234
1165
934
65
1069
138
5
830
1043
458
1658
969
16
777
4156
39261
117
373
1856
794
882
1201
1153
31942
1307
489
27540
451
768
586
583
2204
252
12410
3276
2743
986
7788
25018
1135
2157
58
5320
98
2545
512
13132
77
1707
7
440
367
138
381
996
68
139
50
1101
449
366
332
1948
152
168
69
270
4960
484
1144
384
4
225
11614
2117
320
94
208
2225
28
1851
143
175
1211
53
1324
2735
1409
2850
588
4111
528
2437
4
186
1464
56
542
3946
570
304
947
3299
5263
694
2834
677
52
4318
2735
18252
766
7
68
5219
7090
67
19
376
693
3981
536
258
391
235
99
1353
126
4409
1238
1323
256
2475
878
30
634
1523
16917
59
124
299
45
555
127
1048
20
350
5742
2180
642
187
622
827
972
173
645
1285
3892
3056
745
212
253
6047
226
208
1394
422
143
3042
5135
1119
120
637
739
1114
587
221
80
3568
365
3615
4678
786
296
334
2911
8912
3393
4508
1427
1482
728
599
830
21488
2581
5042
258
38
401
2927
31948
331
12
146
21
1934
361
3306
2253
3465
1280
1192
2874
44
2966
613
565
1226
20
191
3079
521
31156
222
10487
40
328
403
3220
2624
113
2680
2161
469
1327
507
290
43
1726
41
7727
6102
8939
25646
369
227
6019
297
2315
130
2230
7211
300
116
273
2054
128
4572
2742
138
699
2888
2085
78
2779
2166
2904
27219
18
655
2300
20351
2161
5637
1215
6
135
91
3995
2545
10803
476
1979
332
4812
148
103
448
361
5144
1186
907
347
52
14
1150
1675
868
64
19711
329
3464
743
73
2
201
190
1007
1989
6611
4460
2871
640
2598
1
503
44
5806
927
213
1339
4922
43233
1707
271
2370
3531
660
3391
291
69
468
65
1764
535
1977
110
372
1313
1186
674
342
108
200
214
2674
118
191
408
5188
85
21307
140
1217
2961
91
1370
87
664
2285
3422
35
2395
25416
9745
73
114
3518
283
690
292
6633
3135
6636
895
65
33
78
25803
280
49
2234
32
15422
891
22
4817
594
131
326
3032
6721
23
191
1196
1451
138
9775
3433
891
643
1166
860
21
3425
4507
512
151
121
750
1
476
401
215
295
72
102
1327
104
7289
355
6
2112
73
477
3322
463
3
1014
15
1039
1856
1
354
611
12215
767
681
10840
292
4057
8
304
215
1077
1268
181
3259
1926
1293
636
129
1577
83
767
271
273
3804
36978
70
313
91
67
291
1350
8924
1150
33
949
7
422
3496
2576
802
10
136
3444
134
698
5709
138
1698
3068
4390
17004
3959
9
1228
174
5037
1391
1334
289
1242
6648
152
916
95
350
216
2364
218
321
761
139
134
228
212
463
1411
218
216
453
6850
129
91
117
1003
15
237
520
2220
254
118
61
33356
202
127
18
2334
572
3883
62
229
1930
194
2254
612
3960
888
126
61
994
2613
9567
2349
2084
1433
61
1402
153
3198
5050
3937
3871
143
1037
4217
11802
110
6564
19
228
215
43
1326
1684
400
48
2395
45
4571
230
3145
367
84
7342
39687
60
2
4699
1365
725
1288
303
730
70
101
195
1
488
71546
36
1097
181
1452
2355
2076
1303
356
636
2864
53
873
272
232
106
183
789
98
181
170
276
131
31992
2594
725
831
146
44
4066
43
42
13457
6454
1229
202
245
130
524
601
10000
2399
1537
51
60
1141
619
6390
1674
718
593
4220
2291
10064
123
164
898
1197
642
154
22515
19328
2362
2251
892
11287
3052
2051
666
366
15332
296
12300
2443
247
4521
6424
8181
8522
4203
14
3193
1932
72
3352
452
1489
584
5530
2862
443
1196
1030
11382
1471
1237
11568
1338
424
1732
5676
750
309
1594
669
9370
31350
18290
4847
3239
4
919
73
2160
371
259
947
462
304
130
708
138
2918
61
3566
329
5170
4
2175
60
785
444
323
67
942
388
11260
1793
1541
1693
576
491
647
122023
89
716
397
230
691
1053
133
911
358
4879
195
1063
668
366
519
1288
133
140
1483
45
921
86
292
740
7150
16125
963
3183
11
935
806
584
145
66
2068
1574
75
240
230
8
542
38
1153
815
570
9186
4751
104
1486
1072
169
2067
206
4936
143
2
387
79
18100
6329
8063
12221
47
4076
1137
4540
69
370
5
244
58
351
286
2022
1400
498
188
705
443
1020
619
2935
284
673
399
1345
2140
1602
1222
222
160
1943
310
167
218
3068
588
71
5708
70
180
129
553
8753
310
1687
301
984
512
449
3386
504
49003
2909
2731
141
650
166
1446
763
489
2136
1878
791
9846
18
126
1779
52
606
301
24231
2721
1702
2303
276
1720
90
790
35
121
2981
509
1667
1110
234
50416
59665
772
1469
102
88
204
1755
110
295
14
160
1582
658
87
100
397
82
1694
710
2679
761
3228
403
1015
7934
7
98
547
5935
832
56
2553
385
3260
1789
207
35
6714
114
1402
2709
760
85
4395
459
703
2209
443
475
558
1358
268
454
798
637
69
399
361
1369
144
696
780
81
59
529
2496
3541
268
1408
818
129
376
1053
815
115
11203
2283
460
225
46
72
11670
23
3727
985
787
226
2380
3800
2336
47
2349
2215
4848
763
80
1159
1015
1826
2706
124
598
1559
56
4533
209
18915
255
1442
3417
1661
18141
2733
1812
431
3185
345
522
500
15
108
1471
297
124
2276
8694
8010
2476
1553
373
1047
604
9134
4
152
477
496
533
1139
522
278
1687
1182
100
724
1645
95
1257
3098
3025
1786
1
412
85
3451
908
43
132
1540
160
685
616
123
4481
1088
7687
2526
6114
962
129
1686
1926
549
214
7
499
886
285
1319
174
92
15
440
1136
116
501
2151
385
1260
460
1187
1117
64
476
595
32
54
6401
3041
424
670
387
693
171
204
85
1603
427
52
739
9411
243
3022
9744
1592
140
80
15
17
467
1997
1502
48
135
1371
4429
3475
2722
4
43716
325
1576
10
409
354
1744
8216
1103
1208
1083
11
3508
2904
827
625
597
15
36
216
1651
217
6305
214
375
20870
2225
3207
378
523
478
8
1240
79
26
4598
539
49
34
198
1473
31
35
498
499
525
4033
38
264
255
1803
365
613
951
6603
168
287
208
35
317
930
3020
1716
2605
99
1033
547
2056
9898
6008
1405
6183
4604
935
4084
525
109
474
2514
603
255
176
2485
2073
12357
2141
667
8089
221
1686
1272
290
124
5505
221
963
823
1005
41
17293
192
2957
66
2673
844
246
1591
747
5483
498
219
733
1934
398
9
406
2487
1205
533
3739
54
11112
110
302
879
725
227
39
356
1950
2426
1190
212
3337
556
2087
1981
347
212
92
2701
639
2464
1178
1538
109
2180
1191
1520
399
792
101
160
1520
764
122
399
2190
109
13463
198
11344
1375
8108
998
973
499
2975
1522
237
1079
3962
94
415
1553
651
2155
3898
102
376
575
22
28
239
15043
13
225
144
3252
1536
1903
8177
111
1802
131
118
31
1765
1117
51
22109
3951
15160
480
4009
419
663
261
2690
436
1066
604
1324
1065
3226
581
752
328
52
72
1539
663
238
205
27526
90
2947
192
1041
2014
485
133
1953
2229
8543
2654
153
965
27
1865
3631
287
10806
750
1427
383
388
112
180
4279
8
66
727
1028
9556
2519
1626
5120
2075
1491
264
3669
3096
743
90
6770
244
933
8442
1
7071
190
1219
74
6191
4543
614
407
4897
345
153
1587
202
918
697
4774
589
5255
230
7289
309
795
249
6
76
2221
870
24
348
581
6720
343
26850
1606
878
123
2073
643
615
992
625
4323
2268
1190
2746
3215
3161
1009
1313
18
148
607
13
179
199
445
37
554
1763
577
236
415
5205
993
151
577
3452
1694
2368
66
180
239
1351
10256
850
2700
1060
35
1990
395
234
208
28
53
366
284
4815
712
117
107
16
370
4465
1518
876
1906
32
385
186
281
8857
39
173
67
374
412
115
106
645
2111
3075
9313
697
1283
41972
17872
1543
3111
172
511
1022
6217
17
19206
1031
1085
773
258
55
3963
4348
4969
504
17196
590
213
818
213
405
361
106
51
139
10
9999
24
855
92
10
154
3206
21
29
1454
2267
15946
385
162
2279
17
840
110
29
36
2076
785
901
12
465
215
40
307
69
16
2443
12747
2221
33
1502
2511
110
1580
659
280
14103
22
159
4774
756
8144
12847
303
104
18
3228
156
225
320
1475
219
127
8731
10532
898
1595
70
22
59
831
1459
20644
823
1599
47
88
96
5991
992
445
3989
3380
299
11514
818
264
4663
1501
63
4718
13
305
939
1873
885
1567
1208
1081
35
7353
91
2136
736
71
4330
3
174
2682
2179
1186
885
849
3730
365
37
1345
983
13
28
109
1465
32
412
257
1220
2810
779
765
2608
369
51
407
2082
3898
408
3325
657
1076
594
1092
1242
184
85
42
1154
5909
385
292
2854
6199
4855
28385
116
115721
519
2123
428
224
11
3156
257
471
147
155
313
835
700
12
127
635
104
86
216
1036
165
235
1058
243
650
6193
3990
11915
215
2616
6086
946
5483
3869
397
577
192
1427
1
26
4195
162
9190
918
212
1397
360
5
41
168
940
2109
667
374
165
3142
533
328
679
246
13066
1
5080
1703
1564
17
10
34
11
78
235
52
331
38
6843
608
303
2263
45
103
1439
1552
613
6314
1991
203
2433
99
212
846
75
6009
2171
931
1
447
1729
8253
169
866
3213
943
60
179
719
5105
421
115
11208
1741
3780
220
579
263
408
1059
3125
213
113
3516
3205
30150
1200
204
353
1248
60
3951
245
811
16520
19357
626
5342
1863
4110
523
499
1266
32
1439
1
10449
82
6555
7934
23676
1272
15242
636
3307
586
296
610
422
407
494
1
549
2179
1997
635
343
4299
2940
5056
1132
2023
1745
7742
1661
3548
300
500
6
1486
4803
20
235
160
128
150
480
444
83
3624
1074
3207
14924
48
34
942
280
343
584
31020
1219
107
66
199
702
1288
46
4947
1933
488
35
3441
96
17
185
5928
1705
642
519
13
6841
116
32
4266
237
1228
2998
4941
5669
64256
18
1045
44
3960
2670
1206
107
123
16305
37
1116
186
216
441
6434
2683
3
37
65
96
659
8467
266
969
197
380
2500
6440
1660
18795
1965
2038
738
1241
568
214
2924
278
495
3862
2476
49681
569
618
198
6912
109
17
434
106
92
405
5220
202
29
1906
114
320
1171
883
185
266
1162
690
275
39
165
525
1505
1724
336
5
2262
944
99
5481
550
648
534
15199
1857
2763
3005
5007
3171
603
28
1010
121
309
3150
109
1771
670
1068
883
2616
7643
1373
927
4105
2378
2489
3879
222
4812
154484
2599
180
3538
971
2510
1506
7405
2640
741
1223
24938
2405
2933
1997
2438
660
2237
2389
240
352
1675
67
499
3870
1907
5543
7
458
981
6448
1097
64
83
820
65
4059
4749
160
4366
1799
1121
463
29
4775
700
175
5855
3703
78
310
2498
1276
340
841
103
32
1637
196
425
2
2354
47
928
237
1472
19
6430
171
4140
353
918
1244
2285
221
223
37
168
123
220
128
1136
707
2096
62
106
11
913
10019
1565
3606
1815
4026
1663
119
15673
848
3
2098
887
2775
1215
456
15
556
9441
1629
3169
620
424
2790
2243
471
22711
3583
10077
179
6247
248
2910
85
227
12796
9247
24
1477
15140
634
791
3226
58
575
6270
397
127
831
104
625
1842
1076
272
3747
40
445
211
1969
139
1043
335
401
317
211
249
9582
1793
10
463
1840
1536
3404
1561
3747
1604
4366
292
118
1002
309
427
649
118
13
39
5985
583
421
102
119
1324
139
4076
459
99
61
2906
583
5322
932
1362
1000
95
13883
10310
4399
212
621
3340
9230
77
1
2150
3442
680
1376
418
6072
95
794
233
537
838
29
426
2921
11180
474
36
1033
504
43
5404
2943
224
9184
67
234
1258
797
9177
109
1021
979
42
3200
4297
110
47
699
754
56
2549
75513
769
55
1680
294
873
5600
4755
207
256
1266
1922
220
1913
1653
1339
6
1146
6294
1590
220
887
234
1133
18599
227
1662
4753
2135
9104
980
808
59
645
2347
3088
3927
113
93
143
2354
6977
1251
744
56
184
1305
501
3350
1231
10104
274
182
18
233
2408
483
1596
117
1311
105
895
985
3501
1298
683
3768
136549
2449
1070
145
318
499
123
223
4574
175
95
117
9315
6237
874
1869
380
2123
79
217
2898
7996
2007
1767
355
90
1560
402
2003
3200
10
412
4887
1573
2692
3846
18
3168
10260
70
541
290
50
463
3460
2245
239
1308
20441
47
11112
337
359
864
4751
206
236
65
808
256
3818
48
3390
1134
290
369
88
132
490
5394
239
3698
531
2137
4220
14
2125
41
4372
491
1568
173
555
1446
491
130
6745
104
2675
261
200
1389
519
2184
123
2740
143
148
90
5128
424
146
29
4253
380
103
15186
2850
695
5074
58
216
404
43
3685
1202
1608
1342
1989
2160
14508
1346
173
2269
1657
321
53
20
1900
51
278
140794
1177
152
22
55
21
340
6357
871
309
714
832
324
22324
536
95
16
599
59
355
888
905
442
703
2775
210
98
636
3240
201
1987
247
587
136
292
960
1958
1708
17005
101
4487
218
4266
27
333
155
101
58
2604
124
1551
7
215
225
325
12487
839
566
161
595
199
157
485
150
502
1487
6
3687
5134
35
489
254
842
2639
2
757
1116
961
302
2545
19
496
5653
194
1176
6042
965
427
5234
44
12
1065
2141
232
1
740
95
5869
666
223
241
405
1647
781
515
194
696
492
1670
253
378
230
2058
759
3864
78
192
103
212
135
3714
39
589
230
23
672
1292
341
146
486
211
95
368
