16
7441
1107
2868
2679
4591
3856
2241
3471
273
625
13325
485
3774
1737
2382
3049
3855
1085
2289
1619
2387
3607
1642
200
3969
2959
2267
139
1930
1965
4204
3403
1172
1737
3144
1068
2317
613
73
17
6126
3712
483
2749
11
1388
2613
527
14703
3209
120
159
5990
1498
1410
3979
5621
1676
2696
3606
1730
405
68
89
162
6894
2224
1155
2196
1448
2256
1441
1846
1230
1
6191
146
3353
57
2517
1120
734
5707
14863
3600
11317
85
3809
4311
939
430
8218
2591
2536
20480
4852
5941
1804
1770
2907
6032
3813
369
973
10203
2487
2159
96
1501
2583
1632
1684
4328
1339
7584
395
6579
2091
1804
1785
2882
4345
3060
4813
5809
5378
4487
10
422
2072
2679
2940
1924
1081
2859
10623
355
7290
2483
2784
22462
2665
6476
4069
1859
2022
2078
3127
352
663
42
67
2738
5684
164
1747
1677
21
2050
3229
1362
4765
1432
5065
2164
2928
6175
647
1833
75
4330
1348
829
2552
2075
5615
5529
909
654
5608
3968
1938
1543
5572
5666
1022
2959
5288
2709
2599
2386
5129
1621
1846
2656
2654
6254
12229
42
1964
943
1357
7016
2440
1283
2833
2128
1472
1089
4679
6786
1693
5420
2791
3204
1906
5758
1028
182
6659
5065
1066
2896
1850
89
1668
10020
967
16924
4137
3292
1506
1870
94
3978
7329
927
2312
4100
1911
2311
3471
9
2767
998
1666
1291
741
1133
3011
1578
3061
1048
8088
5021
2008
4683
3264
2897
2200
2884
915
3237
1557
2051
1495
2584
3632
6227
283
1684
1208
7252
845
2293
1022
753
1621
3428
984
1231
2063
3743
43
14629
1815
1985
2663
1117
2003
2789
2623
34
384
2615
2867
4778
6312
3420
2248
7062
1652
1554
3958
1662
4092
3150
1006
230
4171
30
3214
574
1733
9412
3874
3111
6814
1605
1397
55
1069
567
636
1556
256
4574
8423
12659
979
5007
2131
16311
2827
20877
15500
100
6089
605
2998
4178
3012
50
3409
1036
474
3982
806
1493
534
5848
2640
2156
2020
1412
4471
1163
460
4715
2310
2922
791
3168
1123
6736
1124
7238
384
1855
4423
5718
1738
2215
958
1696
3438
2725
7206
50
1226
172
231
1772
2281
4237
1011
1526
1079
2290
3574
1840
1353
1792
1318
3612
1460
4445
1728
2094
4209
1045
5550
16156
5115
1117
2039
2234
1021
2079
1923
11679
1496
2495
1559
1093
2955
1118
4309
1057
2582
1253
3467
102
1365
6032
430
483
3490
996
2462
1236
858
1083
647
4899
1335
1158
16
1228
6243
2584
13885
3355
1615
4221
3616
2268
969
178
1414
346
473
294
1193
1226
7721
1418
6496
5200
12
2147
13798
3219
4013
579
4662
2595
1604
5783
3170
3206
2650
1843
3665
1051
1126
6644
2365
1822
1440
450
4141
699
1699
3059
2779
176
19688
622
653
34
1347
11411
1778
168
4746
5243
6003
690
229
20
3777
8347
2999
4967
2312
1661
2619
10149
1158
2206
1601
19735
3823
1670
2714
3136
254
253
488
3346
1053
11265
2543
1227
