3
30
4
1
1
1
4
1
1
1
1
2
1
4
2
5
2
24
1
1
1
1
1
4
2
1
1
1
1
1
1
1
4
1
1
1
1
1
5
6
1
1
1
2
1
1
1
1
27
1
1
1
1
6
1
1
1
2
4
1
1
2
4
8
7
1
1
4
1
1
1
1
9
1
1
1
6
1
1
3
1
2
1
1
1
3
1
2
2
1
1
1
1
1
1
1
5
1
1
1
1
1
2
1
1
1
1
1
1
85
1
1
5
1
1
1
7
3
62
9
2
2
1
3
3
1
6
1
1
6
2
1
1
1
1
3
1
1
1
6
4
1
57
13
1
1
9
2
1
1
1
1
1
6
2
1
16
1
8
1
1
3
1
1
1
1
1
1
1
1
3
1
1
4
1
1
7
15
22
1
1
2
2
9
1
3
1
1
1
2
1
5
2
6
4
1
1
1
1
1
2
1
6
1
3
1
1
1
18
1
4
1
9
2
1
1
2
1
9
1
1
1
5
1
6
1
1
1
3
2
2707
1
1
1
1
2
2
211
1
3
1
1
10
3
1
1
1
39
4
1
1
4
19
1
1
1
1
1
2
3
1
1
7
12
1
1
1
71
1
1
1
1
1
28
1
1
5869
3
1
2
1
1
1
1
1
2
1
1
1
3
1
1
1
3
6
1
3
1
8
1
2
1
6
5
1
1
1
1
58
1
1
9
1
3
1
1
1
1
1
1
1
1
1
8
1
2
1
2
1
1
1
1
1
2
4
4
1
2
1
1
1
1
3
138
1
1
1
1
1
16
4
1
1
2
6
1
1
1
5
1
1
1
1
1
2
1
1
14
5
1
1
486
1
1
1
1
1
7
1
5
29
3
1
1
2
4
1
1
2
1
3
4
1
1
1
2
1
1
2
4
1
1
4
10
1
2
1
36
3
28
1
2
1
1
4
1
3
1
8
1
1
2
1
1
11
3
5
10
1
2
15
1
1
8
2
5
1
1
1
5
1
1
2
1
1
1
1
1
1
1
2
1
8
11
23
3
1
1
1
132
1
4
1
1
7
1
161
1
4
1
4
1
12
4
22
3
1
1
1
1
1
1
1
1
1
8
3
1
3
1
1
1
72
1
1
4
1
1
2
1
6
2
2
28
2
1
1
1
1
1
1
2
1
3
7
1
1
1
1
2
1
1
4
1
4
2
3
1
1
2
7
7
5
1
10
1
1
1
1
10
1
1
1
1
5
1
20
1
11
1
11
1
1
2
87
1
1
1
1
1
4
5
1
1
31
1
1
2
15
15
5
12
2
1
1
1
1
15
3
1
1
1
7
1
1
1
4
26
1
2
3
7
1
1
2
5
1
3
6
2
46
1
52
1
1
1
2
8
1
1
1
1
2
20
4
1
1
2
2
1
2
1
1
1
1
1
1
1
1
1
1
1
1
2
1
3
1
1
1
2
2
2
1
1
1
1
2
1
2
1
20
1
3
2
1
3
3
2
28
8
2
1
14
3
8
2
1
6
38
4
1
1
2
2
1
57
2
2
2
24
1
7
1
1
1
4
41936
24
1
1
1
3
1
1
1
1
6
3
1
101
1
1
60
2
3
2
1
2
2
2
1
1
1
2
2
1
2
1
1
7
2
1
1
2
2
8
1
1
53
2
1
1
1
1
1
1
1
1
1
5
1
1
104
1
6
1
1
1
1
1
2
1
1
1
1
5
40
36
1
1
1
1
1
1
3
1
8
1
1
2
2
1
1
1
1
1
1
1
2
25
1
1
1
3
1
12
8
9
7
1
20
1
6
2
1
2
10
10
1
1
1
6
8
1
1
1
1
1
1
1
17
16
1
8
1
21
1
1
1
7
1
7
2
1
1
10
1
1
61
7
1
1
5
1
1
1
1
1
2
2
4
20
3
1
1
1
1
3
1
55
7
1
2
1
5
1
1
1
1
2
1
2
1
1
1
1
1
1
1
1
1
15
15
2
2
2
8
1
5
1
1
1
2
1
1
1
5
1
2
1
1
1
5
1
1
6
4
1
1
2
1
1
8
2
1
1
1
1
1
1
3
1
1
1
1
1
1
2
1
2
1
1
1
4
2
1
2
1
1
1
1
1
9
1
3
1
1
1
1
1
1
1
1
1
1
1
1
1
1
9
3
1
1
7
8
1
1
3
1
1
6
1
1
1
1
1
1
2
1
1
1
7
1
1
1
1
1
1
1
2
1
1
1
3
1
7
4
9
2
1
6
5
2
1
2
3
1
1
1
1
8
1
1
4
2
1
2
3
85
13
1
8
20
5
1
1
1
20
11
1
2
2
1
1
1
1
1
1
1
7
6
1
1
1
5
1
6
1
17
7
1
2
1
1
1
1
31
1
1
1
2
1
1
1
13
1
1
1
3
2
1
1
37
1
1
1
2
4
1
1
1
1
1
1
1
2
4
1
3
1
1
1
1
4
1
1
1
1
1
3
1
1
1
2
1
1
1
1
1
1
1
1
1
1
1
1
1
1
7
1
1
1
5
1
1
1
1
1
1
2
1
1
1
1
1
16
1
3
1
1
20
2
1
4
1
7
1
1
1
1
2
2
1
2
1
7
1
1
1
1
1
1
1
3
10
12
1
1
1
1
1
1
1
4
1
1
6
1
1
13
6
1
17
2
1
1
1
1
1
1
1
1
1
1
1
11
5
1
2
1
1
1
1
1
4
1
1
1
1
6
1
1
9
1
1
1
6
3
1
1
1
10
2
1
1
1
16
1
1
2
1
1
5
1
1
1
2
1
1
1
1
3
1
1
32
2
1
1
3
2
1
1
20
1
1
15
11
12
1
1
1
1
470
1
1
1
1
1
1
1
1
1
7
10
2
3
2
1
3
3
5
1
2
1
1
1
4
7
1
1
2
2
1
1
1
1
1
1
1
4
1
1
4
2
1
3
1
1
3
1
2
1
1
1
1
1
1
6
2
1
5
1
1
2
1
9
1
1
4
1
2
1
1
1
1
8
11
1
2
3
1
10
4
4
1
11
9
1
1
2
26
21
8
1
1
10
1
4
3
2
1
6
4
28
4
1
1
15
1
1
5
1
1
1
1
4
1
1
2
1
1
1
2
1
1
22
1
7
1
1
1
2
2
110
67
1
1
2
1
2
5
1
1
2
1
1
1
1
4
1
1
1
1
1
1
3
11
3
2
1
13
1
6
1
1
1
1
3
2
6
1
4
2
1
1
1
12
1
1
1
1
1
1
1
1
22
2
2
6
1
3
2
10
1
5
1
1
8
5
3
1
1
1
1
3
3
1
1
3
19
1
1
1
1
1
306
1
1
1
1
6
1
1
2
1
2
1
1
1
2
10
1
1
7
1
1
1
1
1
1
1
7
1
1
7
1
1
2
7
1
1
1
8
1
26
1
1
1
8
1
1
1
2
21
1
1
1
1
2
14
1
1
1
1
342
1
1
1
1
14
2
1
1
1
1
1
10
3
1
271
1
1
1
1
1
1
1
1
1
1
1
1
2
2
1
8
2
1
1
1
7
1
1
2
2
9
1
1
9
1
6
1
2
10
6
6
1
8
9
1
4
1
1
7
1
7
6
1
1
1
3
5
37
1
1
1
5
1
1
1
3
1
1
1
1
1
1
20
1
1
31
2
1
1
2
1
3
1
4
1
7
2
6
5
1
1
3
1
5
1
1
4
1
2
1
1
2
3
1
1
1
3
4
8
1
2
2
5
8
2
1
6
1
8
1
1
1
1
5
22
1
1
1
1
4
1
3
3
1
1
12
1
1
2
1
1
1
26
6
3
3
1
1
7
1
1
1
1
1
1
1
2
5
2
3
1
1
8
7
1
3
1
1
1
1
1
5
1
1
4
1
4
2
1
1
1
4
1
1
10
2
6
20
1
1
2
28
15
1
1
20
1
15
19
1
1
1
2
1
1
4
272
790
4
1
3
4
1
1
3
1
1
5
3
1
2
7
1
1
3
3
1
1
9
1
2
170
1
1
4
16
6
1213
1
13
6
