78
16
520
181
671
12
11
89
152
1357
13
5
5
82
1
128
14
101
25
1116
163
60
1095
845
42
183
2314
616
1127
1382
7
435
110
450
63
656
108
228
155
26
1328
101
257
63
511
274
552
212
16
2802
7
458
396
13
35
33
157
363
199
87
9
14
2
6
5
63
3
50
10
57
881
17
14
152
124
11
1798
153
775
3
4
427
176
2
110
16
625
240
3
1050
452
883
40
241
1025
22
1130
162
17
3251
2
726
124
507
392
18
516
31
999
2283
290
45
135
15
201
1
370
43
2036
2
464
432
10
318
464
581
83
123
1556
68
660
446
47
47
235
616
76
114
34
56
5
724
6
500
598
7
1043
8
11
623
845
198
3
7
73
1488
92
12
130
855
14
1109
296
71
50505
1091
105
216
1083
11
285
37
48
308
226
620
83
534
233
31
345
488
1872
1713
555
866
743
6
3
25
239
16
13922
25
87
534
136
90
1584
1041
17
37
50
1
770
29
496
431
208
317
1350
1
50
73
186
825
1
1
1
24
221
85
136
1517
73
264
312
1625
788
64
248
27
151
844
2513
715
22
1751
547
2268
5
2725
1167
71
106
3
1158
21
317
1055
291
8
103
1872
122
27
333
154
3
3522
2
2
398
58
2916
26
1379
18
64
1
26431
606
2140
357
3
357
3
16
4185
2
1184
246
1715
32
897
843
1365
775
475
13
13
199
1
211
11
123
308
364
461
10
182
125
127
170
50
5
414
59
76
445
82
541
157
893
200
29
147
27
489
1243
1674
818
516
3
265
36
34
51
510
22
30
26
485
15
114
2
1066
327
390
46
274
55
96
1
12
20
1480
1610
13
332
3245
2159
291
1506
104
1396
323
166
212
341
1019
14
1
48
10
472
314
11
832
2019
141
241
8
15
152
35
208
544
18
1672
1895
5
4
113
21
1818
63
2473
160
341
61
531
8
9274
7
471
38
71
526
186
2001
227
1716
193
6
152
163
248
191
587
165
46
30
17
10
141
31
1447
67
2622
180
10
207
2
286
1597
2
4
133
1145
3441
19
292
17
1007
201
1409
79
905
4
114
788
89
34
3239
27
438
1066
90
655
3
32
652
732
4
473
102
1904
7312
204
1320
17
378
55
760
434
211
140
429
41
5
2192
142
18
871
1041
147
7
444
51
504
895
550
2
1413
5
426
112
1176
403
2139
18
2222
218
4
107
225
2787
591
19
115
78
458
31
500
49
15
100
211
401
364
66
1083
143
6
4
549
1891
1179
74
7
3
417
1558
897
76
18
582
162
127
667
586
19
1416
27
18
51
99
152
383
332
103
48
954
199
119
90
66
762
229
36
8
169
3
371
259
35
132
128
1980
647
45
649
285
348
387
261
845
5
225
691
324
234
2412
3143
399
4363
1187
45
1490
270
207
72
555
116
1273
123
78
4153
3480
47
90
7
8
203
185
571
527
8
64
4
71
390
336
121
307
1185
75
89
605
673
29
10
121
689
287
1100
173
2124
895
407
1
70
703
17
310
22
233
1983
266
2419
13
156
804
163
426
146
2
125
9
349
304
101
665
762
29
1197
33
1
785
1933
322
7
392
336
677
69
7
1
85
1
231
521
42
606
1467
908
171
421
357
8
912
52
162
19
612
9
2249
4
231
4
102
82
39
349
1676
1256
37
5
1
242
315
82
489
357
6
434
1125
19
1139
149
3
5
2
340
162
230
41
92
44
5597
831
31
3
412
1805
241
78
16
929
56
664
13
5
74
307
8
379
185
152
29
791
169
7
76
649
22
117
186
1
94
46
5
17
34
122
1116
11
1195
37
31
9
93
477
769
129
87
132
2
6
8
132
54
44
3
32
33
120
19
554
5
324
2060
53
43
6
1428
7
809
2
1343
3
1
100
162
239
347
587
638
102
5
497
54
1008
89
100
7
68
4
117
286
64
55
12
26
15
209
2465
21
7
1
328
217
185
975
240
557
7
228
130
68
607
62
4
271
59
15
81
1229
3
4
121
14
17
560
40
172
52
363
77
808
668
407
2393
20
306
78
45
8
17
486
83
621
14
441
69
59
57
4
153
887
16
380
19
292
288
2253
329
1706
175
13
38
837
1054
3
17
11
799
6
16
11
30
544
283
5
28
547
164
388
3
2042
16
98
431
21
17
91
42
317
634
87
439
485
10
330
2557
621
4
1307
10
28
4
438
511
606
254
18
59
44
11
345
39
7
512
1073
145
72
13
148
42
70
54
8298
233
1013
1
1
3
2360
69
285
25
136
34
70
45
233
2
1384
198
33
8
3
57
813
139
2775
33
947
143
37
1458
243
439
103
157
1
267
642
463
1696
41
1182
1142
225
275
1582
16
10
63
3
3484
23
16
2
55
1130
820
4362
1
663
53
18
383
35
8
127
17
1575
213
679
3350
51
1
703
552
1781
231
448
24
104
28
6
22
24
40
451
5
213
1
20
33
149
147
137
2651
10
124
13
98
1
225
118
4
3
97
206
598
269
8
36
1748
51
136
4
162
402
272
2
657
108
207
43
123
19
88
201
40
91
7
55
1294
4
303
228
13
23
66
320
27
181
142
106
142
156
119
94
151
201
600
1
42
101
247
8
3
29
116
34
15
12
18
2
539
97
7
3
1595
5269
2923
332
16
29
8
1337
1398
18
621
249
983
28
1706
130
797
22
1303
5
453
9
1402
236
755
27
1354
7
153
8
124
869
32
166
45
314
1579
1187
27
48
34
10392
160
60
27
665
26
1278
112
56
42
3
51
14
1553
194
166
141
6
43
3906
533
615
186
3321
91
285
1760
1
4
10082
5566
4607
327
47
7
13
128
1290
5
251
44
32
455
703
1039
1
342
1461
187
156
166
134
9
854
224
25
1152
3169
7
156
66
8
3
9
1387
1895
7
5
837
99
12
977
49
220
8739
354
10
481
269
99
843
5
1
154
956
41
3
4
16
1379
55
39
306
67
2
2
211
999
247
196
140
164
549
21
79
1128
1285
44
5
89
1
841
185
147
16
155
71
22
2169
45
586
106
476
8
9
38
12
29
53
168
15
11
1
477
29
90
545
192
1429
11
618
84
1224
4
53
2207
274
330
1107
43
4
34
1
551
3
36
33
287
319
32
917
1
324
187
974
35
77
106
15
1126
37
238
602
144
325
27
170
668
112
65
921
85
110
3
62
254
49
167
120
17
22
545
294
972
75
201
14
303
7
753
44
1897
14
213
1448
999
165
549
1
55
171
192
4
349
310
143
194
19
114
17
402
1409
3034
2712
338
29
31
31
13
40
25
390
111
21
1113
17
5
242
299
909
474
5
718
325
1050
30
84
96
491
11
10
29
364
150
319
902
519
178
87
504
24
80
1316
9
341
176
10
918
579
195
171
564
150
380
9
70
18
7
246
38
59
152
21
395
37
859
34
554
7
873
3
339
1669
429
4
9
308
1044
5104
2
43
1077
193
2075
28
1
723
13
1064
615
1371
673
149
800
1007
1033
28
563
63
228
44
2529
65
40
14
5
16
146
42
99
44
1715
732
49
51
16
1
94
528
777
45
1262
867
51
27
41
5
107
769
215
397
354
279
1367
142
72
168
3
810
504
35
124
3275
33
210
174
123
829
1081
542
1113
427
273
15
451
17
4
51
1103
6
110
835
1223
1637
231
21
1208
648
1658
13
105
223
211
439
199
22
2112
66
222
48
1
1628
35
558
1277
75
57
186
1976
37
267
930
100
626
7
45
704
184
324
36
81
27
10
189
107
110
147
922
15
713
52
8
366
1041
51
398
953
262
1502
131
184
1
675
902
173
173
31
9
283
435
12
33
1218
246
223
1504
483
1175
35
76
664
832
1
116
1395
8
375
332
9
77
9
1212
22
2526
1313
1079
88
145
5
719
1431
69
220
339
273
782
7
40
664
16
347
99
119
187
526
10
28
161
12
371
3
242
429
1404
28
7
3
979
451
2047
503
241
10
1436
1153
124
362
715
1776
26
1327
255
4
1381
216
543
149
551
336
620
214
216
96
17
74
1263
146
2
398
3
78
82
2089
3015
273
4
241
661
984
243
362
829
35
232
529
672
61
32
6
247
76
105
954
116
183
280
5
6
664
787
1592
359
2507
41
174
119
2348
146
229
179
16
88
2477
502
7
68
50
536
278
95
594
570
114
288
95
370
594
4
148
27
90
67
35
3036
320
71
111
233
65
248
51
234
52
26
342
330
255
169
3
57
780
512
122
18
253
174
9
462
711
38
104
270
358
60
571
1752
10
670
1692
112
687
8
327
2286
234
1142
6
220
121
154
10
242
241
524
65
32
72
331
77
323
17
204
236
22
1647
16
61
1047
108
129
475
489
394
1474
378
25
83
924
73
151
110
2
461
373
185
13
430
41
356
129
11
648
1541
10
1307
1323
37
592
895
305
29
3040
220
96
2
10
258
32
421
3578
2
291
377
5
253
2862
1036
120
272
6
295
750
774
37
12
4
24
24
4
1693
882
313
4
837
178
376
5
18
385
2376
55
45
246
2
38
23
60
60
53
386
208
415
353
50
346
2
17
738
513
323
10
184
327
10
194
60
229
86
14
378
555
144
6
37
105
512
381
222
15
1788
83
2
298
2
65
813
165
318
190
31
707
6
38
416
26
623
2036
37
175
8
15
4
1600
139
5
44
1498
7
53
13
193
3950
1434
296
25
14
13
90
153
154
47
16
6
46
24
296
1
11
55
167
111
215
273
583
69
253
2130
182
275
159
1205
499
932
44
210
139
48
11
3
444
352
411
470
537
52
56
178
191
168
109
384
5
4
8
713
1615
899
3
60
523
124
654
6
24
78
31
205
705
299
45
274
42
472
86
5
48
861
9
603
471
5
258
9
2751
123
6
699
401
21
629
434
78
377
75
304
54
