31
120
7
37
219
190
17
5
183
211
21
30
521
186
25
7
226
8
298
12
23
18
61
126
71
28
129
51
109
143
4
27
263
254
3
104
189
439
237
10
41
9
273
169
114
50
459
257
53
49
1742
128
348
450
48
79
1974
267
77
156
304
8
86
45
200
30
221
936
15
523
3
185
242
120
228
374
68
316
43
64
7
15
5
190
472
173
169
8
8744
126
159
322
195
15
157
307
10
13
23
32
269
100
90
170
534
14
5
30
243
240
110
59
5
136
98
219
17
142
228
248
134
8
164
87
206
301
29
169
496
271
1
87
101
181
85
322
30
23
144
205
196
257
101
85
3
145
233
280
264
239
2
1
122
8
157
64
74
14
100
165
154
202
749
498
199
4
1
4
321
267
36
233
248
8
63
33
1
257
238
219
218
193
147
223
37
201
329
22
92
198
13
146
91
173
3473
148
21
38
260
8
184
382
484
10
110
10
3
15
181
386
269
69
1243
154
209
100
15
220
70
47
208
41
103
198
562
16
245
166
377
1
206
6
67
91
271
60
143
207
4260
295
311
6
1
42
65
201
128
55
120
228
101
72
70
67
35
349
203
58
11
120
14
1
183
101
60
62
5
293
3
317
165
192
67
30
48
293
102
98
30
12
30
2
3
293
29
4
8
63
9
132
12
162
88
4
39
261
276
7
221
169
78
10
179
131
142
33
55
267
88
239
43
185
52
242
62
9
10
15
771
56
25
233
242
140
421
1
314
91
51
70
71
77
4
55
62
164
8
1274
80
52
238
211
258
330
23
17
242
77
64
128
111
63
235
56
71
19
12
186
169
10
14
221
7
18
132
237
1
5414
12
8
55
270
219
202
384
9
58
236
100
8
166
54
66
16
211
17
447
225
46
187
196
5
225
203
15
405
396
228
242
8
80
174
188
100
15
216
618
393
72
273
184
24
18
72
74
650
138
90
27
17
218
10
355
136
57
1175
48
33
184
241
73
52
656
433
894
294
70
2288
300
16
253
290
316
65
210
66
18
52
5
130
247
241
238
47
120
396
182
51
213
184
46
87
121
167
80
1661
22
72
209
206
17
288
61
115
117
6
242
177
369
140
24
342
289
236
24
111
34
11
26
1063
119
191
190
256
1
465
13
20
14
13
16
16
1
373
13
119
63
74
5
291
6
228
47
258
12
10
17
29
11
30
97
212
81
203
261
419
270
418
179
58
66
200
242
51
66
126
126
30
24
137
219
41
78
211
109
157
12
146
97
8
7
7
4
69
7
269
68
262
4
13
114
935
11
195
44
1
308
22
14
184
68
197
35
49
31
50
594
277
205
56
151
94
28
150
284
59
33
69
205
6
29
1
19
256
33
102
1
7
59
2
261
158
60
76
438
306
10
69
57
279
114
60
31
2393
184
300
356
362
375
54
110
216
136
264
60
47
4
315
203
249
140
280
19
90
125
244
552
641
141
43
265
11
108
164
575
2
148
68
172
9
2000
225
4
227
1
67
230
121
168
382
388
145
96
10
34
11
131
375
223
26
182
8
47
147
85
249
291
28
8
182
37
62
50
1
442
168
16
233
119
11
71
141
12
83
1
235
160
46
17
233
1
17
59
103
37
5
435
92
16
107
30
64
290
13
13
276
76
3
4
14
192
9
62
7
4
288
175
168
13
415
319
253
62
40
585
12
7
83
105
102
252
12
175
112
185
165
39
21
19
47
59
189
9
124
58
63
58
153
61
10
4
9
44
23
312
65
592
161
58
1
22
191
6
27
61
87
23
50
321
270
10
576
5
49
216
148
1
36
98
48
24
111
131
57
244
75
8
215
49
11
63
31
72
24
264
199
83
852
122
294
192
182
319
352
163
40
229
91
107
153
11
191
8
304
17
211
1
199
81
165
304
195
292
232
51
259
247
19
208
248
266
5
192
361
1294
215
283
81
189
10
221
38
19
190
17
296
17
219
148
245
280
164
164
1
163
231
207
81
18
504
288
176
432
117
171
27
18
36
122
171
10
361
324
59
84
294
242
7
165
190
247
5
228
15
155
72
11
378
145
235
13
42
17
1
145
13
269
343
643
80
164
151
88
152
983
30
64
1
19
240
13
465
327
328
69
265
2429
196
178
95
19
188
94
31
9
200
10
283
47
15
190
216
167
163
33
1511
251
28
102
19
32
252
383
166
262
72
17
3201
188
116
325
84
214
232
149
275
81
15
853
10
70
115
15
173
93
186
99
12
100
284
112
3
297
8
280
429
124
7
282
220
10
49
38
105
195
241
59
168
491
24
312
335
141
77
37
352
141
222
229
85
31
16
182
71
115
118
185
121
8
99
174
213
251
978
232
87
335
53
24
230
154
88
23
100
171
188
46
405
57
271
219
64
329
220
391
299
287
210
234
333
28
190
270
303
256
222
464
6
67
358
44
206
409
49
343
183
44
105
75
324
154
196
283
377
18
189
121
333
55
366
309
297
55
502
269
156
54
238
138
816
111
87
7
43
148
373
102
283
8
297
225
44
264
78
8
4
33
213
257
22
129
101
60
5
118
77
125
204
167
66
32
82
196
135
824
1
769
316
255
406
52
262
147
1158
394
132
163
197
78
16
2
46
254
91
186
77
173
231
216
158
264
303
191
138
13
241
315
239
222
9
1
1745
101
180
1
173
332
293
288
135
1
236
123
638
165
74
118
70
364
189
140
87
14
23
803
45
288
10
225
5
232
29
363
295
78
4
100
200
111
159
216
199
197
127
259
85
26
156
395
12
40
17
2
372
277
184
130
131
279
6
167
251
284
9
28
17
479
98
254
9
51
314
481
153
137
221
13
1
247
113
26
140
119
154
1770
308
56
116
340
79
151
17
560
61
1540
213
1
163
114
15
349
205
452
210
673
36
75
2972
50
305
151
289
662
115
204
11
447
214
125
183
70
75
864
216
223
304
31
128
367
52
124
425
804
169
1083
6
324
199
101
143
310
560
24
23
151
1
352
39
47
132
42
24
192
30
102
449
13
84
30
228
548
193
290
9
118
76
169
79
49
129
32
4
124
66
612
93
142
664
64
135
302
93
68
266
209
24
15
195
78
300
202
78
25
793
20
35
23
196
139
291
945
24
301
30
10
201
297
606
12
10
173
55
289
1
13
65
142
1040
2
28
107
144
2
40
74
4
112
8
28
327
116
24
149
249
18
207
212
10
253
470
39
56
179
150
83
49
121
47
51
931
252
405
176
281
97
129
297
254
7
177
323
84
128
342
220
101
599
144
270
18
373
154
312
26
19
327
136
17
220
139
60
1
56
35
393
66
238
343
120
114
615
160
134
172
372
330
414
11
241
76
256
1325
205
43
176
123
105
83
49
13
113
288
236
7
387
253
261
78
17
322
221
10
87
6
91
294
52
458
113
5
313
238
319
11
133
337
14
342
9
1
385
364
177
67
13
7
187
179
69
6
9
77
66
264
197
1
232
28
222
14
189
72
237
220
96
126
88
55
15
1114
11
11
65
12
79
21
8
83
5
214
6
32
1
170
235
11
156
28
213
83
498
151
288
447
330
256
239
7
103
107
160
344
11
20
3169
267
178
30
62
210
210
24
3
164
48
141
23
233
155
968
293
236
125
8
312
66
949
49
95
442
183
205
11
147
27
72
55
188
36
245
172
138
229
213
35
83
1
5
140
241
179
84
106
35
164
58
305
158
279
168
24
46
264
52
431
489
211
143
153
188
222
5
59
177
84
14
1424
25
30
64
20
246
313
23
18
405
24
34
2
6
2585
1
269
144
246
69
3
710
223
7
54
224
72
432
95
5
258
30
263
44
36
81
5
91
13
28
88
116
117
69
662
615
80
37
87
9
170
207
236
184
676
13
220
106
61
31
15
182
49
8
195
8
158
1517
269
80
497
223
27
151
174
177
355
137
175
2
132
24
107
103
396
106
59
236
126
13
49
92
1
771
199
192
41
305
311
163
67
281
1
132
7
128
355
15
3
106
21
19
7
69
7
175
3
8
109
8
42
203
115
258
181
289
1604
300
19
227
28
5
91
251
58
8
152
32
227
43
297
73
271
249
345
8
133
272
214
11
157
5
13
735
79
203
103
150
8
47
289
9
52
55
1
155
5
17
20
103
145
297
228
12
165
227
185
174
327
52
233
1
397
115
692
10
126
9
51
19
193
73
1
24
73
201
260
393
214
193
360
52
177
118
253
76
278
46
79
2
155
151
105
70
1
105
29
1
99
5
48
151
33
37
30
1043
6
1066
128
58
126
64
161
244
152
6
198
3
150
33
35
353
51
62
25
15
86
956
4
13
228
29
48
168
1
12
503
203
16
61
485
507
338
141
194
28
95
30
3
323
231
54
204
118
133
18
9
6
15
14
156
196
123
87
7
64
128
17
470
176
256
134
118
89
196
5
222
8
394
217
313
45
2
260
220
311
84
31
107
70
138
99
364
205
130
202
24
3
546
342
52
55
45
22
1093
48
173
36
19
39
230
207
209
9
591
372
157
740
345
104
247
306
177
104
222
11
271
215
69
80
3
17
3
177
14
12
202
77
699
249
217
14
12
27
68
35
274
32
23
81
258
29
42
373
66
78
439
527
54
93
183
18
1095
165
256
669
171
219
50
1
187
302
90
59
34
7
22
24
156
33
354
339
1250
126
97
66
1
664
54
268
14
44
6
79
268
65
109
99
3
151
79
1
20
1
50
73
454
46
110
204
174
499
28
281
83
44
109
16
230
741
98
480
100
121
15
4
209
8
4
21
249
14
225
9
8
4588
70
195
4
12
531
28
424
206
76
11
16
183
155
89
8
12
188
143
9
2264
131
24
45
310
182
1
116
152
58
224
95
986
12
23
184
1150
55
13
73
275
379
4
1
187
162
2
239
49
165
113
91
26
38
326
242
249
40
202
257
125
2
174
8
55
41
7
165
55
151
24
201
13
220
9
1785
213
5
194
6
205
235
272
68
25
230
168
107
233
365
33
18
153
165
57
59
183
58
53
86
49
263
71
200
52
12
79
253
40
95
80
237
970
61
281
118
137
186
321
211
68
220
87
10
150
18
148
19
257
1
153
10
9
62
288
258
465
211
343
6
175
349
157
126
139
167
320
246
229
187
196
307
115
189
81
110
64
23
98
92
141
16
257
1
58
50
222
439
487
189
63
5
569
342
329
27
178
2
1033
144
85
20
92
330
5
2954
1
57
273
135
183
450
9
83
60
25
22
4
97
100
10
21
713
42
22
176
15
46
179
282
197
177
220
55
178
7
10
390
98
9
238
13
36
233
216
28
232
324
119
125
81
250
25
557
99
183
171
193
625
7
73
276
221
108
114
38
236
68
96
45
217
491
148
8
26
364
145
6
59
8
65
183
89
80
7
219
402
5
145
235
102
144
12
10
84
396
23
15
186
404
10
244
33
159
247
45
209
2
4
331
162
35
302
203
236
64
35
83
76
38
126
18
71
11
48
287
228
246
212
9
11
777
206
219
937
382
282
173
180
12
398
373
232
157
189
179
22
195
161
115
266
376
126
279
9
278
23
317
15
25
15
177
212
46
98
50
743
1
34
105
9
257
218
152
138
321
179
84
27
43
284
122
3
175
42
13
22
431
59
9
158
511
1330
116
38
205
873
123
86
395
320
274
187
60
19
117
667
126
52
316
352
98
32
211
8
171
49
254
128
632
212
120
47
238
51
16
448
157
101
89
240
276
248
6
242
177
301
220
487
239
84
24
124
96
68
56
267
267
103
120
216
223
35
327
205
15
8
279
45
87
63
96
209
401
42
4
226
305
165
417
53
94
432
350
48
58
416
6
55
235
170
244
740
207
672
416
11
81
284
261
155
687
51
223
99
227
6
103
11
348
49
21
129
8
6
43
3
169
3
222
200
46
187
54
64
121
68
3
38
177
91
13
13
11
159
160
56
436
40
91
103
693
67
586
151
14
330
16
108
151
61
27
193
662
109
579
43
370
217
343
4
154
1
219
29
661
36
11
36
186
197
164
23
159
196
68
120
155
17
43
224
364
27
210
319
99
4
6
1
44
137
297
11
208
94
90
118
39
34
147
169
26
37
94
126
332
132
305
7
14
74
49
136
36
219
68
9
270
247
394
19
1
30
39
162
22
141
540
42
148
3
227
372
14
44
134
44
282
41
318
169
60
185
1
185
80
326
232
107
13
107
9
608
364
70
7
210
203
68
274
159
43
44
12
20
136
51
62
65
7
92
252
66
7
55
164
34
3
23
89
50
195
90
14
9
3
130
55
42
107
8
32
14
99
170
168
90
153
190
49
9
54
216
208
6
20
51
164
3
72
193
234
83
13
2
65
393
246
71
148
1
237
319
112
9
234
183
10
199
208
29
6
6
109
51
50
87
38
125
10
144
378
67
324
94
192
403
91
71
13
5
26
159
109
1
265
36
41
51
310
13
72
186
84
65
53
14
217
4
320
1
19
45
298
271
100
5
1
238
77
202
202
65
353
299
189
594
5457
261
192
156
42
54
175
2
98
128
44
71
67
47
106
64
45
52
100
25
427
183
10
172
1
449
60
296
484
501
163
16
1
165
98
18
415
334
192
109
82
5
289
167
236
11
252
120
30
84
12
138
4
266
15
177
198
18
5
204
253
143
203
105
41
56
175
147
17
3
55
16
199
240
112
804
326
190
272
62
8
144
809
127
272
73
8
287
134
1
5
23
689
238
38
45
144
4
322
5
16
105
204
36
245
7
9
71
179
196
114
22
33
212
12
134
37
58
175
700
76
4
2264
80
117
1
182
39
98
4
349
31
1
187
279
53
34
289
59
297
261
8
91
138
3
168
219
53
107
6
123
166
9
79
170
212
13
117
50
223
112
124
101
187
18
74
27
165
28
49
108
20
48
38
185
40
20
22
75
38
15
7
83
408
55
74
131
559
10
278
62
135
367
7
271
47
14
7
176
11
57
1
192
525
52
44
3
100
43
21
42
3
409
223
297
4
38
240
80
50
118
78
69
45
7
173
106
693
654
118
14
36
248
90
6
360
47
100
225
335
19
265
31
8
5
26
331
234
9
24
1
105
165
152
8
11
69
177
5
9
181
23
132
8
106
69
36
116
4
249
598
270
224
1
187
827
140
28
31
128
98
288
170
141
127
134
171
16
42
251
115
78
7
324
75
80
5
2
123
80
13
162
220
746
84
58
39
7
1
98
46
166
7
162
717
63
48
45
11
255
173
69
73
145
62
103
820
361
348
211
292
64
403
1
202
24
40
171
13
501
61
342
78
3
79
236
132
16
9
604
294
12
17
8
317
217
35
178
349
521
188
269
264
11
226
231
83
100
63
394
255
153
168
234
122
214
9
307
23
297
90
229
139
19
298
578
340
10
39
11
70
191
416
77
27
63
153
171
237
105
44
41
386
368
6
273
160
200
144
286
310
299
276
185
57
172
81
923
1
797
276
193
180
568
213
46
16
89
1254
96
293
253
109
173
18
146
4
41
76
388
35
2
93
313
253
2
8
26
169
477
121
207
224
1705
7
7
112
110
381
303
147
234
33
532
58
1
567
34
260
3
71
167
39
327
32
133
645
435
28
63
1
81
55
290
299
68
182
295
68
38
239
24
6
181
55
26
95
49
165
196
420
214
67
175
7
186
306
279
9
400
1
378
1
577
346
4
12
29
183
3
8
40
21
27
208
35
913
64
306
7
229
23
92
1
313
229
84
139
191
260
262
117
98
287
155
160
58
126
76
236
3
110
275
142
1135
424
61
263
100
189
17
193
572
109
49
90
265
209
156
15
23
13
3
218
6
717
259
47
162
377
2
27
162
16
1
102
43
568
276
124
181
213
220
4
14
232
63
102
9
159
74
217
44
6
102
46
16
58
2
257
355
37
187
191
202
215
98
334
75
344
121
37
23
224
378
18
47
358
115
82
77
19
432
116
266
101
140
204
159
38
236
20
632
182
187
57
255
7
27
174
10
21
64
68
31
16
34
238
173
142
166
114
20
397
227
108
206
23
1
737
221
248
149
8
33
3
294
59
2
681
158
18
104
59
28
18
7
17
124
10
60
204
161
233
10
25
111
121
79
200
30
129
162
206
326
193
80
386
47
70
204
565
208
4
24
178
119
79
61
67
158
9
10
54
93
76
113
151
227
1033
119
64
71
239
306
309
51
337
229
106
184
235
42
12
85
10
108
12
197
20
12
309
70
215
32
200
9
270
213
11
69
34
133
226
172
973
68
27
196
231
103
226
195
15
41
9
674
272
285
246
295
15
106
13
173
172
176
213
135
31
10
45
98
4
238
12
260
53
131
11
57
12
520
73
209
151
8
174
210
87
26
52
15
54
886
1
53
140
258
233
60
467
16
204
242
156
172
164
191
110
118
176
211
122
185
316
336
93
188
226
148
124
378
22
2
85
128
457
35
203
280
228
192
44
66
5
18
196
287
126
327
189
1
255
186
1
233
16
22
119
230
217
180
47
169
81
28
11
77
18
220
136
8
39
51
221
2
56
594
56
324
18
78
18
178
15
41
12
131
189
140
48
95
144
157
99
261
179
51
133
2
279
122
165
22
150
96
125
297
781
14
3
607
209
704
275
81
289
162
238
13
84
15
239
208
51
126
63
554
86
77
179
134
173
361
73
8
34
238
21
126
116
141
130
138
245
48
951
11
88
229
255
176
38
69
58
345
75
1
79
62
225
190
170
1
196
2
345
99
786
256
84
245
155
51
113
311
220
26
39
185
70
2
201
129
109
2
117
4
11
1
117
83
2
153
237
202
59
16
90
167
3
171
307
158
459
4
82
1927
56
1187
311
56
755
181
558
8
153
129
167
135
414
196
163
12
44
8
22
239
11
118
727
95
100
237
1
46
158
102
32
211
24
130
190
1
10
5
184
61
222
5
389
230
18
45
264
22
449
354
26
37
205
215
15
226
184
115
184
6
205
73
280
187
220
10
54
288
238
204
73
600
112
78
172
154
23
260
145
215
1
183
169
316
273
173
185
112
262
23
494
113
64
235
246
86
99
632
87
46
156
686
63
2
151
429
176
337
1342
148
373
129
10
249
119
9
327
102
249
467
22
198
256
31
133
15
161
217
9
9
19
29
13
288
16
7
28
93
12
64
369
143
283
46
407
529
5
150
318
140
97
50
238
144
191
57
7
106
47
22
178
103
328
10
229
245
1
553
15
176
16
29
12
589
140
3
62
108
12
17
2
24
215
167
20
66
35
149
53
28
338
139
21
182
9
107
123
21
187
51
207
301
94
273
294
14
108
348
181
1
283
169
65
54
79
43
433
1
129
3
18
132
233
219
172
179
147
10
194
209
125
45
445
59
245
144
339
10
138
115
282
97
44
180
144
84
163
434
8
33
76
42
230
3
198
91
74
147
5
69
34
455
168
145
267
234
13
4
17
685
651
348
7
34
4
223
336
239
2
32
14
92
106
92
14
6
102
14
6
20
295
290
1525
189
981
259
62
173
306
251
48
104
1
10
1
72
184
172
82
27
10
53
30
65
36
1
154
573
154
201
185
181
51
137
56
49
104
71
1
20
9
159
155
164
73
165
144
23
284
28
135
29
42
5
69
139
34
193
175
36
54
250
652
98
175
281
197
282
9
76
95
8
35
188
132
27
134
61
3
162
98
456
517
152
66
417
1
67
59
9
125
128
202
213
8
13
2
131
43
219
205
236
242
231
50
7
12
339
349
70
38
92
13
400
19
25
129
184
115
417
126
494
256
302
139
4
219
468
68
276
89
78
362
111
81
134
196
39
236
12
13
203
6
85
15
203
41
401
80
2
169
23
2343
38
17
223
333
19
48
85
87
106
122
64
179
41
314
565
13
238
184
42
214
436
194
1207
11
72
261
211
141
178
32
39
268
248
176
8
236
279
10
9
154
106
9
4
3
180
264
46
32
406
37
114
82
12
146
355
10
1
85
34
14
9
138
167
156
6
19
13
45
25
42
80
25
207
307
159
13
285
43
863
58
1
123
237
50
86
83
233
75
11
48
1
38
20
7
75
1
1
146
164
205
100
1
330
376
1
188
8
56
59
443
186
28
3
220
108
43
181
127
12
5
32
391
219
260
318
415
40
63
840
1
33
228
94
133
49
69
129
180
37
145
79
18
337
2
464
100
52
10
578
82
352
210
261
1
240
1
61
1
136
333
96
434
100
15
23
6
11
4
5
12
399
107
8
99
6
192
32
1
104
11
23
2
99
92
81
246
42
44
67
98
45
25
3
128
45
128
102
7
301
13
272
99
16
21
104
213
176
158
6
1
373
198
60
70
196
346
348
25
1389
5
7
611
1
115
9
99
127
230
1
94
149
1
20
34
105
141
21
20
297
39
322
144
33
252
145
1
5
8
163
138
161
170
8
58
160
18
669
306
1
155
162
8
1
414
10
8
29
8
43
510
3
275
15
85
139
50
169
203
154
3
146
62
267
10
229
484
263
132
236
174
215
20
233
238
196
315
258
167
453
435
292
903
9
128
265
11
45
155
224
96
394
6
64
228
247
395
197
9
241
305
185
42
213
323
368
34
8
971
166
4
69
52
79
246
218
356
46
55
60
233
9
185
273
160
7
100
80
19
12
254
103
15
83
12
93
170
202
189
446
120
68
291
90
221
62
176
201
191
184
25
86
231
194
229
217
298
240
317
204
130
236
254
204
3
21
300
131
13
19
68
289
102
95
206
40
481
332
366
1
216
119
4
121
30
36
297
103
473
19
17
14
470
91
502
427
27
183
192
175
41
249
258
267
160
120
89
322
297
10
167
35
5
223
18
63
172
807
63
13
1
20
173
402
63
503
15
13
313
2
13
5
34
12
11
46
13
23
34
1
218
10
51
283
33
59
64
50
253
515
150
1191
203
234
50
7
10
7
148
4
202
8
63
103
45
3
50
362
7
217
14
186
336
196
77
236
178
181
57
48
832
12
18
220
56
456
706
31
9
536
143
169
14
198
126
167
4
97
2
205
136
209
14
295
105
4610
64
359
30
2
62
335
1
26
3
26
260
2
184
302
392
235
322
270
654
111
202
2
786
129
522
279
10
149
77
4
459
9
9
499
27
77
226
58
61
7
228
332
141
148
178
56
108
9
234
275
77
54
8
6
79
18
30
288
54
138
343
516
8
141
60
5
6
425
92
182
20
194
70
59
31
499
134
77
91
14
177
29
37
67
53
3
448
235
210
50
719
118
78
218
301
183
1429
81
38
4
44
171
144
65
355
126
192
33
231
27
7
345
134
46
127
38
9
13
116
99
394
2772
8
49
226
42
4
63
13
11
365
209
5
179
48
10
4
9
707
100
245
2
24
177
222
60
8
14
198
21
246
693
235
6
325
33
13
211
1
173
2
204
100
41
2
1
2
235
69
116
15
67
317
63
198
91
263
241
98
305
148
93
11
25
3
450
46
267
476
151
20
157
1879
129
204
192
7
170
10
168
149
97
313
14
181
1
560
63
49
186
120
218
50
106
16
51
120
2
75
172
62
530
33
2
5
90
154
58
48
23
217
24
164
89
221
28
105
16
61
16
243
186
41
186
59
89
152
235
460
181
203
86
154
5
1
213
335
4
38
428
142
13
77
36
94
415
57
9
164
69
292
17
73
2
43
385
243
3
16
191
6
267
186
10
1
33
189
200
51
317
242
10
3
4
131
80
1
16
17
129
203
64
206
38
1
137
59
2
20
1
86
19
175
11
270
7
184
12
267
7
11
45
77
44
62
2
242
208
7
73
3
269
22
1
138
52
46
56
20
89
2
24
161
10
2
84
238
388
214
94
46
74
447
12
12
90
41
54
205
28
40
73
307
149
98
45
20
21
342
65
1
5
78
211
37
96
1318
14
55
234
96
299
20
8
98
61
13
1
145
119
23
401
1
133
284
1
13
340
7
165
93
23
5
164
206
22
152
36
16
34
7
119
89
26
202
21
45
58
528
56
31
7
1
184
221
55
232
27
78
249
35
10
380
68
105
90
11
237
149
9
268
100
123
35
11
23
163
18
6
142
31
59
58
10
47
66
131
28
72
69
77
30
41
15
34
149
200
136
507
13
90
234
181
280
568
8
159
11
194
380
118
1
7
36
86
55
340
291
237
49
81
119
31
11
26
97
207
436
36
105
2
811
123
91
18
34
219
88
9
62
17
1
123
28
16
179
9
19
384
245
22
63
149
40
110
200
174
75
2
1
3
65
87
157
6
756
8
43
18
427
361
135
554
65
80
54
19
45
188
3
384
56
20
94
75
264
236
52
1
1
10
13
50
99
541
43
15
377
18
136
7
2
17
198
102
75
149
210
31
7
29
831
116
10
26
165
483
106
8
13
157
12
300
191
254
223
136
261
482
270
1
378
69
46
50
27
16
3
33
192
168
59
102
26
33
54
66
97
297
168
246
161
6
485
154
143
73
906
66
205
6
166
58
14
9
5
8
9
11
180
33
144
144
384
11
311
353
50
1
31
47
20
417
10
19
14
17
653
171
5
346
225
10
221
134
177
115
22
317
10
39
361
10
94
3
497
41
1
4
152
5
185
116
66
211
61
30
12
1
1
17
270
1
8
17
32
85
174
332
52
41
32
248
323
4
148
227
84
129
142
1
343
210
10
196
7
74
100
62
246
29
37
840
471
340
145
234
53
46
135
245
17
8
36
5
423
7
102
14
183
345
54
27
3
36
89
35
102
317
32
13
110
230
69
6
278
106
164
88
25
192
313
1
221
892
105
25
65
43
47
186
46
279
119
21
103
139
275
78
29
20
117
1
27
54
7
4
3129
12
254
189
3
300
98
242
98
146
38
201
8
132
10
69
4
6
360
49
103
37
128
60
5
59
92
5
2
7
520
99
318
70
12
2
136
193
17
90
1
58
6
406
242
109
8
12
1878
197
4
2
22
18
105
92
27
208
17
3
286
325
6
7
441
163
320
1
98
331
55
23
21
678
421
173
200
109
61
13
358
13
13
3
30
105
5
9
66
2
17
64
119
2
157
365
501
126
137
112
75
91
6
5
70
28
11
20
52
11
290
42
212
121
53
53
238
7
253
201
101
6
111
276
69
231
229
28
17
1
16
85
240
2
9
54
225
647
105
16
7
173
1875
63
288
35
141
10
187
192
234
229
1
180
115
124
1
9
29
17
3
12
437
470
1384
150
5
743
3
60
288
143
43
11
299
240
125
406
10
6
43
44
1
35
10
192
11
9
103
138
197
152
1
11
30
381
14
119
108
13
9
4
1
156
286
103
252
241
1
202
273
1400
129
180
78
85
214
98
150
348
159
8
466
239
114
64
7
6
192
76
16
205
208
238
15
10
558
151
51
249
6
329
36
216
15
163
245
214
10
19
281
55
270
83
12
251
3
3
53
36
190
176
224
1
7
14
313
173
252
69
242
119
508
75
5
264
1
20
15
22
285
19
201
263
7
26
244
231
356
126
206
10
37
101
150
31
53
255
10
1
20
88
164
43
1
122
47
484
1
100
173
27
1
37
331
3
169
187
11
23
878
3
148
87
122
229
252
919
302
303
19
53
1
7
211
76
56
15
24
4
10
52
59
151
241
112
37
251
137
34
52
108
138
435
2
9
47
513
23
65
139
199
22
139
272
1
7
150
89
13
87
216
88
291
85
17
28
140
131
760
32
15
7
38
480
11
4
378
65
54
76
70
2
314
223
771
282
267
121
1177
61
122
101
158
33
160
3
23
209
441
197
119
362
124
125
205
240
23
154
241
11
27
283
188
227
219
345
138
35
152
18
296
59
215
14
1317
10
5
86
212
161
76
77
146
147
46
186
36
131
20
35
9
40
176
366
33
83
80
251
9
105
7
189
442
313
172
7
23
111
5
8
6
37
252
68
183
18
5
49
88
35
232
35
36
161
283
211
108
16
169
173
62
6
77
362
13
11
396
164
18
267
215
221
377
23
27
8
15
42
248
7
192
90
414
153
121
64
89
10
1
43
201
230
9
7
47
147
253
147
325
27
46
1
152
219
89
222
11
166
8
226
236
3
27
324
172
401
180
12
61
132
278
101
67
70
104
210
8
69
877
236
113
7
29
140
3
43
11
40
81
228
56
9
21
5
9
6
130
23
405
18
26
5
81
14
183
123
22
67
210
284
254
3
7
20
20
80
93
136
154
94
26
1
44
10
1
1
4
15
243
480
13
70
43
79
210
94
22
63
4
79
232
230
51
4
52
304
392
225
3777
1
59
106
204
10
132
63
72
1
171
1
8
172
49
188
99
56
50
69
311
239
11
35
162
50
240
91
33
4
40
476
78
226
42
208
100
178
208
101
11
300
15
114
278
36
1
114
98
16
20
35
216
183
267
90
44
208
397
16
423
45
252
71
15
118
1
5
35
279
2
10
18
11
257
8
207
114
107
145
16
31
63
4
54
52
7
1
1
79
11
23
394
96
2
143
345
46
1
18
23
95
85
1
19
82
19
218
306
16
10
105
95
531
43
301
63
451
274
197
414
1
8
82
6
13
13
175
118
58
236
20
26
11
248
240
1
51
3
11
898
298
3
199
90
42
14
50
20
29
144
1
12
324
128
249
287
8
11
260
30
16
8
105
12
183
3
8
83
97
47
56
110
704
759
1193
73
90
61
1418
251
71
318
13
610
46
55
747
268
6
25
12
69
3
147
180
123
121
9
56
42
157
96
336
131
74
23
22
25
85
48
1003
175
30
19
266
77
11
76
64
20
59
10
1049
37
23
405
5
290
72
77
159
275
132
595
10
7
14
1
8
28
226
1
381
14
6
33
