83
134
720
229
238
501
257
68
1
246
164
4
173
1281
29
18
137
5
49
84
13
30
38
867
855
148
58
131
55
82
51
4
1
3
559
186
71
132
24
76
1
10
181
140
159
37
51
105
153
69
436
119
57
26
5
189
39
27
141
8
18
209
441
9
241
36
17
67
10
39
319
121
136
277
396
166
99
24
11
11
80
103
449
32
107
1
16
25
23
58
260
146
53
30
47
21
184
8
166
35
123
3
201
357
366
411
29
309
6683
4794
92
251
12
22
5
66
195
415
453
409
122
635
801
209
39
208
98
338
1070
6661
42
132
19
215
288
5160
5
20
229
321
423
215
205
615
232
491
673
30
27
251
756
45
383
126
117
39
13
233
4866
31
792
1785
113
622
2130
8
72
72
231
111
1131
21
167
9
10
815
274
522
1
1497
58
211
3
152
1
525
8
832
7
29
508
51
80
538
462
25
49
102
132
64
135
258
312
113
760
1339
9
36
389
882
286
17
126
186
1898
363
2702
619
627
43
181
41
320
56
5
2824
71
240
609
330
262
45
367
75
126
203
15
243
378
395
26
56
91
76
96
68
45
28
664
40
36
319
91
120
283
6
232
232
488
498
10
357
385
57
254
105
37
3
89
215
217
303
113
211
130
231
46
222
64
6
481
443
23
15
606
35
23
51
861
35
692
512
163
1
174
736
2
95
74
792
18
34
28
660
63
478
32
192
831
71
608
136
582
112
12
279
58
19
427
32
116
26
5
71
418
669
7
3369
321
1185
90
1494
33
137
115
108
76
42
54
83
38
1389
20
25
10
90
23
843
15
351
57
52
64
20
41
19
81
167
341
88
43
1
47
32
5
31
19
1134
489
3199
650
1232
439
390
651
2265
202
3323
107
370
266
1
31
449
1633
770
258
287
34
66
475
32
505
156
206
463
439
73
161
918
108
500
227
1181
370
709
39
19
95
113
492
57
514
801
97
280
362
159
168
646
24
86
81
15
1190
207
31
56
25
25
1359
343
218
36
19676
587
25
18
412
374
69
21
63
238
75
578
214
50
1
476
113
35
2624
2197
42
33
686
279
19
61
183
186
125
129
109
84
103
306
149
10
49
48
1
191
111
253
3
123
353
15
122
77
17
214
62
569
71
103
884
93
3844
297
618
396
265
516
608
322
30
1374
53
95
7
4
749
9
314
40
403
180
181
223
307
58
122
242
128
63
4
143
276
122
65
76
1058
7
30
299
516
120
318
625
790
3671
564
124
432
318
5
157
218
299
257
193
84
318
149
642
31
86
7
131
369
129
135
334
1
16
18
122
82
262
1313
57
26
972
223
41
117
102
595
10
128
80
163
82
248
26
353
1089
210
397
125
4257
47
144
626
13
593
60
22
11
730
146
109
959
38
4
93
117
218
184
1068
200
2
732
10
110
276
22
41
87
28
145
220
195
6
77
28
415
113
8
156
303
745
75
152
86
43
734
470
294
211
73
62
143
157
214
55
364
1819
350
94
207
15
349
172
439
19
385
222
77
105
96
24
43
1610
20
78
50
206
132
131
1239
106
135
616
11
735
49
20
269
64
361
16
301
65
98
61
1454
7
18
1037
56
1007
92
521
5
2
330
155
603
60
68
43
1386
544
70
197
130
331
146
26
744
647
12
68
479
229
67
188
9
20
6
7
10
2
174
156
14
220
14
417
153
66
34
227
26
123
128
86
28
158
68
104
119
33
179
1616
10
82
153
656
157
3897
51
281
112
1536
1111
396
114
214
91
62
832
55
41
268
113
4
235
776
1
1021
42
197
36
8
438
228
128
346
98
169
379
460
39
139
74
43
91
12
152
152
180
412
166
371
45
19
103
95
199
13
135
135
22
4
78
395
152
151
206
144
517
220
59
193
470
165
796
24
385
300
182
222
188
19
153
274
29
20
126
183
183
89
346
180
57
428
96
74
92
33
137
641
621
41
2333
370
13
57
466
185
40
131
239
123
112
63
201
151
18
259
147
70
405
247
295
473
75
90
170
475
580
222
197
142
278
193
99
221
242
127
180
20
45
32
268
2123
1975
255
405
213
103
277
386
1035
231
77
104
135
56
40
10
35
11432
258
128
41
104
32
55
232
16
26
204
83
731
22
195
43
779
95
65
1
7
137
211
130
901
9
1023
36
84
228
236
47
35
32
1810
296
814
314
125
217
26
300
719
22
333
126
304
547
154
655
19
1939
51
246
341
51
17
157
58
9
181
591
1291
55
790
18
379
45
308
163
468
49
204
29
10
407
284
342
147
184
24
68
680
82
2
1742
105
127
320
151
52
37
1231
10
283
6
132
224
69
100
7
1633
195
369
29
144
2051
78
18
440
848
934
15
388
273
67
51
635
424
9
35
280
12
1649
1
49
96
53
21
70
49
13
1
157
582
194
1933
136
873
260
19
86
60
12
728
407
16
56
134
98
161
273
589
157
644
9
89
176
38
275
54
591
234
227
363
401
123
122
156
1130
321
7
165
162
444
86
140
29
486
3
440
73
2889
58
56
281
35
40
292
447
287
41
145
271
55
142
1805
171
192
167
471
627
93
385
432
86
48
187
403
310
54
44
4543
18
902
256
44
52
1
3137
207
38
38998
126
103
34
985
12
230
96
35
155
299
543
17
448
414
57
45
77
204
3498
573
340
81
281
565
2662
62
4
93
26
42
319
579
28
128
137
49
12
35
192
109
97
393
9
333
200
529
400
264
521
23
696
881
127
391
249
239
23
225
249
74
109
2027
13
815
34
497
350
432
76
14
22
99
57
159
360
726
25
131
122
325
49
103
44
39
29
166
11
137
21
218
2
149
99
1095
296
113
164
20
669
30
19
504
7
103
177
16
2
98
587
91
45
14
7
118
331
1
26
172
135
100
128
727
208
633
755
336
581
219
51
476
82
1200
100
2164
199
30
38
50
29
144
252
18
133
61
55
56
2295
40
281
649
82
194
177
97
194
36
191
75
86
1001
82
20
7
48
332
10
304
268
2
191
218
27
27
59
26
376
27
343
23
395
285
23
629
433
522
68
49
156
660
5
57
1
143
155
154
657
554
133
71
21
13
9
502
88
154
267
84
93
148
46
5
16
332
168
437
5
434
88
83
462
10
277
3
24
38
70
167
255
60
19
43
251
30
2025
7
245
372
1378
198
22
1
291
258
2
137
73
6
831
301
37
198
121
551
51
1
85
126
45
32
16
149
1009
679
54
277
178
56
676
26
1327
206
63
5
293
57
16
215
5
81
186
31
59
45
1341
30
175
25
682
3
28
100
62
57
439
1
295
22
115
27
31
15
37
4
23
485
48
225
31
124
201
501
163
196
223
4
254
10
40
280
112
260
348
19
56
91
261
45
19
1049
245
43
450
344
175
213
392
97
199
89
28
45
15
35
14
47
133
81
100
118
81
102
96
229
19
106
495
43
296
67
150
316
734
70
107
6
39
140
41
92
4
119
2
228
24
110
2999
55
362
593
25
153
199
260
415
33
3
16
1172
2463
131
110
48
45
264
214
976
87
1700
175
247
280
25
851
384
7
13
1933
248
308
220
9
67
57
139
132
11
161
37
168
11
501
522
2
217
223
223
1147
43
31
386
112
4
994
504
46
107
177
78
39
30
86
36
85
56
289
1
14
26
56
198
34
135
17
156
253
766
463
193
22
247
70
557
1071
162
107
307
37
34
198
460
342
35
86
654
25
636
16
720
57
331
483
1
193
203
41
27
137
132
26
338
288
37
479
1239
241
412
111
325
362
115
81
36
278
96
143
8
1
1117
753
68
210
259
98
298
33
281
3502
45
1257
32
375
41
49
684
218
341
261
411
244
117
56
58
435
270
467
300
500
153
36
1748
10
39
24
343
37
19
13
9
581
377
40
704
168
24
600
877
543
53
1394
104
7
579
1041
68
276
45
232
489
200
51
13
52
60
58
24
144
108
6
135
234
614
1282
30
19
24
73
60
600
92
43
24
29
43
388
86
101
89
73
528
55
295
199
12
432
524
220
84
56
44
186
34
125
22
136
62
1
94
15
54
232
71
186
92
26
392
40
111
28
389
156
318
208
102
38
78
47
444
43
57
337
17
52
117
35
89
56
165
445
302
495
1206
296
242
93
38
193
446
60
20
55
104
5
39
1120
977
4
42
53
15
215
159
322
74
581
273
80
27
44
176
132
21
74
7
20
7
53
19
7
14
67
120
630
116
68
656
156
11
1569
199
28
200
2
59
122
118
403
1022
8
270
53
286
225
13
492
488
176
13
377
21
12
263
98
156
19
911
766
115
18
22
42
151
17
170
398
199
665
419
390
11
37
75
311
182
10
1362
408
637
41
32
29
338
7
174
43
257
110
2
492
187
192
31
20
17
164
49
457
33
281
326
31
21
401
8
135
47
4651
78
1499
29
100
40
44
118
336
451
1
36
211
1640
6
31
208
29
109
148
23
737
137
348
100
57
269
65
241
62
86
113
1280
160
975
329
25
32
1193
101
2551
320
488
89
1
2255
316
355
26
198
141
357
91
510
53
421
1173
16
39
408
164
350
41
109
117
57
27
64
145
47
171
299
68
205
218
89
412
86
560
233
393
209
275
71
62
5
55
138
15049
204
47
21
97
31
319
54
62
305
958
14
22
26
53
135
256
27
429
447
22
258
1428
51
184
25
31
209
29
1411
202
44
40
17
12
38
74
31
69
98
540
258
299
93
303
11
209
236
1
2
296
117
677
96
9494
213
61
907
218
464
33
14
53
1
71
64
166
8
374
374
144
26
277
132
3
1360
95
228
247
859
10
85
545
42
15
171
128
5824
166
11
267
11
82
654
68
548
588
12
7
580
249
973
310
52
24
310
452
114
24
3
280
11
22
217
50
218
509
71
89
35
52
289
59
57
47
81
86
150
97
90
279
530
45
144
579
373
84
226
1
59
25
252
983
46
72
342
43
138
533
1801
220
13
30
82
686
297
139
59
87
839
105
415
1
353
35
86
583
748
269
69
19
180
140
3196
89
22
435
32
29
53
43
186
80
77
103
979
155
82
196
17
71
44
412
96
50
621
27
273
240
405
209
33
1
62
46
6
31
6378
208
2512
1550
36
247
717
8
144
9
1181
52
31
1509
33
51
479
55
77
103
198
22
949
1076
122
48
2748
52
264
222
106
337
74
100
371
309
41
199
70
126
68
209
224
135
2242
108
58
311
207
99
79
978
13
8
67
1
42
180
4
100
335
531
55
500
152
33
417
5
458
63
15
1
116
66
36
86
33
893
90
51
887
7
16
172
98
98
524
26
1648
14
14
257
574
332
2890
15
402
7
28
401
11
56
88
18
191
55
421
129
867
817
149
52
228
351
92
19
333
260
68
1383
8
1463
42
82
338
27
266
17
279
13247
147
130
1311
195
392
633
88
1
566
162
541
211
483
658
202
190
361
147
2508
7
97
198
782
877
21
120
59
209
166
20
284
24
1209
11
724
146
5
315
16
54
18
3
20
104
104
90
169
25
46
19
73
571
14
219
126
36
397
1
39
78
80
138
47
99
201
62
1
378
188
1646
344
1
5
467
1698
52
161
42
412
215
95
36
1825
142
19
54
421
16
28
332
382
476
130
174
300
20
85
35
253
168
256
73
109
175
53
3
93
286
179
87
209
157
7
103
113
224
37
278
72
803
26
363
18
72
139
198
213
407
25
202
121
57
1288
12
304
661
378
42
339
19
5
499
9
73
26
84
300
11
509
183
1022
274
161
202
1754
106
797
186
76
4
1899
334
105
571
58
405
14
70
11
48
18
243
427
49
11
3
303
117
34
291
111
1152
59
2
120
31
323
135
370
76
89
96
51
64
1926
44
73
137
20
56
7
488
104
14
7358
39
759
117
9
365
47
120
48
42
117
1
51
4
335
54
175
63
197
28
1729
537
425
178
1
207
16
216
10
323
118
507
288
335
92
452
13
281
344
52
56
295
49
21
141
416
887
1
338
67
1202
190
153
101
213
137
184
128
76
85
357
110
479
40
39
198
160
18
35
9
238
416
353
10
34
60
772
21
507
151
158
404
31
444
87
330
2243
75
57
105
102
44
374
139
51
118
138
373
88
62
580
25
208
33
52
114
443
13
6422
28
78
200
51
35
37
650
102
175
1760
105
50
2433
363
117
36
266
301
1372
214
159
303
27
390
7
362
212
329
76
1
52
46
193
342
20
98
148
272
134
177
5
266
793
71
223
170
158
6
24
102
165
511
1963
56
380
50
743
212
67
43
77
279
94
620
15
81
48
156
75
177
174
29
254
475
59
136
105
2
86
27
142
365
51
99
13
141
18
282
9
122
26
262
6
27
491
39
621
138
150
305
3
1037
189
474
291
18
179
193
38
94
292
22
328
11
230
99
10
226
419
525
730
33
67
159
16
214
137
118
197
200
230
182
699
36
13
164
60
186
255
81
278
75
8
867
49
1
204
219
24
3
39
33
189
411
231
384
491
152
4547
68
273
175
222
182275
320
383
26
332
352
37
20
72
66
3
19
199
265
6
66
116
80
294
584
270
157
20
1076
337
110
21
267
356
101
37
347
59
104
253
606
137
128
120
232
688
763
96
762
61
3
202
22
86
66
132
34
105
312
126
875
264
46
213
82
38
435
369
1460
1050
72
216
390
468
96
74
625
1173
885
146
225
830
26
36
233
2
34
126
616
407
19
156
297
286
107
317
219
10
127
310
248
36
205
74
1
114
55
50
52
1
381
754
204
143
1
143
571
282
4
26
34
6
6
91
258
22
207
222
121
38
234
95
225
192
13
88
6
525
61
84
29
128
46
373
72
40
562
511
674
329
138
18
230
615
519
85
384
295
16
300
23
28
137
26
19
40
105
184
25
520
51
119
1194
22
233
23
138
62
332
322
60
113
49
835
177
90
582
227
30
257
251
537
56
11
43
21
26
245
23
20
237
20
849
11
329
202
18
262
196
878
306
35
102
5
660
132
128
94
402
309
136
720
46
27
540
132
548
778
8
2349
1
916
241
34
89
555
254
285
53
462
23
99
31
21
280
850
808
90
21
367
144
48
130
33
74
18
148
318
12
23
276
136
102
165
91
63
63
240
94
12
2241
279
682
228
645
343
5
10
16
642
522
471
56
497
15
29
77
529
378
395
181
268
483
170
157
176
355
315
438
989
569
131
282
651
65
2463
234
156
132
139
545
30
343
167
73
278
370
330
303
265
40
125
698
148
195
135
202
48
157
159
616
131
143
385
68
1399
613
1649
86
196
167
100
63
310
175
211
4
66
65
28
2618
31
336
788
67
30
101
75
22
241
671
50
174
252
187
177
110
728
77
779
372
70
400
38
2778
338
4
84
93
1139
1457
1648
87
47
61
48
75
177
1394
4
12
21
9
329
458
589
861
66
24
894
580
23
72
84
37
422
10
151
178
301
2021
13
1416
135
11
170
123
102
420
94
102
85
86
46
187
21
99
9
210
30
72
232
19
1358
129
7
593
383
20
399
299
354
599
6
127
95
83
402
66
161
278
24
155
186
281
75
365
168
256
135
69
308
132
192
360
54
7
131
1
222
2347
807
158
115
243
86
1
93
67
43
214
76
891
12
1674
39
1
313
81
78
109
90
768
