1
997
513
269
26
9
303
1
23
86
1165
6278
582
23
1
5814
59
1036
10
37
326
22
107
693
126
9
58
86
6
35
94
13
987
133
945
12
136
25
433
1116
19
90
169
24
626
41
145
479
97
2210
150
18
523
3497
274
76
511
289
196
132
327
105
980
41
401
39
112
10
201
50
40
153
127
1045
36
2847
9
462
2155
49
153
651
10
27
3
10
127
126
202
529
592
6327
78
3984
1471
5137
10
1
52
152
3773
3840
204
341
180
583
462
208
1298
30
306
456
29
6
385
215
321
82
1
92
1778
1734
65
3343
127
1876
1146
1749
1415
3554
169
23
1
65
214
690
57
69
3141
459
76
210
291
3139
47
1202
16
2378
1
1540
559
3533
34
28
126
1
101
3783
75
1093
11
1825
877
34
22
61
1500
77
2396
7
29
826
255
1442
60
13
3817
14
228
4206
25
952
7145
1246
990
74
15
122
1206
3867
82
77
357
919
84
470
12
1799
188
84
4659
77
4114
503
385
1181
292
23
1017
1734
15
19633
37
320
988
14
1660
3489
525
1686
1103
105
424
125
95
397
1121
270
536
166
8
238
62
334
1254
2314
269
486
13
109
1
7
1116
1160
20
291
518
302
68
586
295
4045
55
748
425
226
219
32
2
299
108
97
2838
1272
1806
174
757
125
1676
20688
16
81
1230
511
677
713
168
723
51
1355
2
753
421
18
264
877
213
11252
4426
1781
576
383
34
27
9
2080
1799
266
166
52
3601
330
5668
240
2498
1205
9160
458
1
664
4236
2876
19
438
12
33
43
404
1392
121
1578
549
81
10274
39
11
1685
1
76
8
94
280
1523
15
87
203
1466
33
3838
39
11
203
150
3996
436
584
412
27476
395
39
2137
6781
847
364
2358
1659
3018
105
724
35
1417
191
61
1039
11767
7557
8796
299
967
12563
7921
1128
8
720
5616
574
8542
932
38
4119
26
131
75
29
62
274
173
25
2
2351
2050
2505
14
1048
5810
2829
739
242
96
344
170
4901
388
7
861
27
1591
450
206
64
391
65
275
24
61
1666
453
46
1907
175
3983
66
436
2884
177
963
6001
389
83
985
1502
2336
24
365
309
9
870
1582
2407
529
178
846
1335
23
94
6142
45
630
931
344
235
183
350
18
1558
5794
1670
708
57
88
886
1627
19
392
175
1368
39
1919
190
1015
596
317
230
4685
2106
3057
132
354
2697
1907
61
1630
165
36
17
1120
12290
608
5500
224
12
237
4419
2725
2891
162
6965
6
2146
1410
235
6315
179
803
327
62
2361
289
2251
2939
391
1320
441
3992
420
2020
211
7717
2476
42
35
24
59
1025
168
1755
22
2624
384
332
268
47173
2304
5947
1089
2800
370
868
47
84
293
2814
647
95
400
379
44317
43
81
606
593
251
28
105
5428
3388
1147
829
58
1711
61
10
714
1172
38
159
360
23
1925
2272
58
1311
17
1
10
450
386
2905
18
18
40
134
1170
647
983
517
36
1889
1193
1559
442
5118
393
1864
30
452
32
3686
166
525
45
51
170
227
720
28
1634
22
12
438
24
1037
1143
647
2854
392
2570
8204
1060
34
1868
1636
76
348
131
610
153
295
166
187
30
7
328
1542
140
51
122
580
211
113
168
134
362
621
649
160
57
5198
163
2025
55
47
1105
895
55
9
71
238
39
2423
67
7
32
10
2324
65
124
107
1022
6546
2047
154
4991
1031
189
1833
3907
192
1
1195
953
4427
3968
397
422
186
19572
969
2516
2100
137
2535
274
1929
298
283
225
52
934
488
4
9
1637
36
1314
93
305
5351
71
13
270
4019
110
458
874
2827
934
1444
713
1092
866
85
53
125
144
46
1238
8329
4342
5279
741
294
151
553
53
43
233
54
1465
1845
2
367
2
6669
32
447
4005
7
8
21
222
584
21
365
2999
354
709
467
138
2034
165
10707
234
22
713
278
280
32
370
205
113
18
2451
2204
377
1903
19
1
1024
1892
207
74
1035
1587
16
6488
8
112
1038
49
25
98
167
83
144
85
67
777
1951
587
57
2945
1603
75
90
98
361
35
314
30
311
3658
334
15
1099
25
2251
1
938
1361
423
47
991
18
17
1175
1305
1243
1
95
411
1164
1094
2358
1122
52
3080
48
5878
163
58
347
16
244
327
305
2005
812
1216
111
43
1
559
4258
139
6577
3489
52
1865
3738
12
9367
38
670
1994
415
831
5209
1316
91
10268
18
7
18
2228
1413
1991
291
11
2358
73
1094
3852
31
757
45
20943
15
621
810
1
47
4039
1223
15665
346
235
222
124
6202
1087
15
3779
26
1336
1115
1538
49
2363
356
6
72
125
181
23
1022
68
440
58
183
2
11
445
190
246
155
9
2444
771
223
1812
35
16
5
1028
25
10
599
73
67
10
573
161
1
1368
401
261
3873
1231
1622
12
65
497
997
311
400
89
129
454
931
126
69
390
254
1205
32
446
1349
11780
1342
1938
25349
1362
1088
207
2744
9
229
6457
297
5240
1761
1485
1105
4183
3223
27239
134
66
133
50
143
799
2270
1009
294
3846
82
730
455
4990
2721
1307
70
2760
1194
3560
185
183
209
183
2186
7
295
287
34
30
53
53
2563
512
120
47
167
80
36
70
1
1838
10
103
88
1
2185
386
34
244
699
5
11
214
171
282
34
1306
50
4625
1296
22
5922
1040
884
544
4525
1052
19894
1126
797
27
621
1951
2018
92
827
3061
3745
969
140
605
1522
1243
112
1507
56
1189
115
974
372
754
982
24
495
20
38
65
7939
567
717
286
134
450
20
1550
35
471
1115
4337
135
2013
188
440
55
9894
242
86
48
7980
3260
66
257
4
7585
684
543
1449
67
2615
46
10
28
2517
818
24091
254
190
32
76
515
622
3395
1073
16
3244
259
20
301
525
4
209
1484
167
51
1231
638
434
7663
1155
5038
465
63
889
1263
96
75
510
33
3675
412
116
1382
433
855
1879
548
556
229
2105
5
754
51
78
1001
810
151
193
202
815
376
57
395
345
23
652
7601
1
1
81
3
97
321
1535
727
20
15
41
27
127
689
13972
35
398
25
37
141
60
159
410
1882
366
526
2094
85
1049
1871
13
1
163
993
874
475
269
5469
140
3215
310
872
698
5694
71
81
1781
1928
8026
330
672
611
49
2015
12133
3629
84
1
1986
280
752
6
60
55
116
70
820
291
201
635
176
20
259
794
809
2617
742
1146
20
4078
910
426
18
51
58
1134
11
46
63
139
7972
32
25
59
151
465
2606
1429
630
1492
33
1068
54
740
60
406
2609
3
3246
9
3187
730
62
221
32
539
1701
108
29
479
1412
7
213
3716
466
655
51
1413
30
5
2071
13
382
294
58
254
418
7
1087
147
1501
18348
855
1936
5045
148
1045
5
133
31
196
888
27
115
96
897
45
472
1
476
1431
73
124
69
298
6
1170
6
1071
130
506
17
413
1088
300
2103
13
239
128
15
6
19
817
1862
3348
1393
463
29
3506
93
332
91
349
1
96
870
13
949
224
935
140
1708
14441
5320
295
10428
75
1214
896
641
189
1748
21
20
330
243
136
347
313
2525
82
905
276
43
3205
27
1774
187
12
421
477
4044
19
1359
194
587
2543
936
1134
15
260
8582
761
25
19
252
360
1713
148
337
8201
779
1647
1346
266
445
6
1
491
5387
199
14
6
162
46
2193
81
13
1025
3074
474
2695
96
64
21
384
461
24
9
1145
105
167
453
128
7872
255
20
989
6
1
8964
15
795
60
16
2819
188
3262
34
207
183
137
21
1914
373
3387
6157
97
84
19
730
683
638
23
403
5139
36
2740
948
745
5263
226
86
2523
755
144
17
103
105
43
56
20
201
645
263
1816
102
1819
47
487
142
630
316
361
217
143
603
96
105
17
302
7
1385
8
1215
496
2465
249
16
12
479
3
1921
1580
373
2137
75
5
1381
2
844
2974
5
1823
165
113
1114
53
2015
6280
1024
9790
2224
127
91
39
875
57
2288
405
93
1030
65
1975
253
797
1915
1965
218
1224
716
124
33
488
12
14
2666
17
26
114
494
2588
26
713
572
94
1479
2680
1464
1513
5239
2553
166
2660
18
300
65
17
17
1268
224
382
501
227
12
154
71
7
970
1
895
68
128
145
420
21
706
1752
6
337
129
2092
508
43
63
68
24
13
404
208
417
1039
143
647
1516
115
9
1345
213
556
4565
2040
17
89
2551
20
2047
687
73
506
226
3254
37
571
523
1336
2418
99
512
48
47
8
1082
498
1235
40
1199
50
1292
11
1
6007
35
737
43
15
186
6
86
10
65
257
1338
317
1124
9
460
326
322
105
137
67
15
3513
3363
159
226
154
71
120
662
300
742
415
566
878
24
1699
3489
231
686
1938
114
1
773
23
410
86
27
1456
1282
3715
61
10280
83
497
9
14086
5322
523
180
936
617
638
26
1458
696
561
428
76
136
299
737
1526
1870
156
114
2690
74
2230
6454
102
75
268
2054
18
134
283
6886
103
1228
1780
869
1462
1435
8
2165
386
669
394
1183
3203
799
1209
1079
952
1040
1468
104
4257
212
8914
151
95
635
39
1901
4340
22
21
40
354
817
8
1328
9
145
2021
10
138
5510
414
372
2841
45
613
44
684
216
22
73
5015
1394
425
52
31
1213
175
130
229
970
375
366
101
22
1
582
137
193
42
3972
3638
6084
549
232
43
796
1
2
1860
1
504
266
1832
5852
17
183
2674
691
293
185
441
4517
2065
191
2626
169
15
921
784
165
73
21
2136
450
788
245
484
1273
69
179
22
907
15
2031
26
180
9
277
279
1281
15
102
447
98
143
325
56
1308
7794
3080
143
189
175
1669
7
300
86
37
246
259
371
12
203
170
1225
59
2062
11
313
652
941
297
92
528
2284
14
9697
29
37
2667
35
3325
305
38
30
207
319
12
320
1
186
120
139
342
25
17
1374
107
174
143
27
92
47
1709
85
1173
1
1401
95
338
790
4
1193
1413
1043
69
23
645
1868
54
35
807
407
3582
3521
434
114
1292
4633
83
15
2313
21
594
488
511
898
8
367
109
510
416
20
284
2917
2038
168
311
1203
860
3614
6706
6380
124
7360
1218
267
2855
3128
872
147
2188
35
5672
11584
7
7
1431
17
737
253
493
176
1155
2788
548
488
78
648
19
224
174
3644
88
673
843
226
1804
530
21
239
47
1069
94
48
701
182
1463
408
4387
683
1016
304
4061
5930
43
18585
99
1939
183
164
22
2656
367
299
3
87
10172
208
1
324
5658
204
111
2872
1272
13
51
1714
467
373
12
312
548
2500
553
33
164
4292
368
5811
2034
142
48
514
74
66
152
321
21
971
390
622
354
9
227
294
149
117
359
211
1661
565
537
78
203
2331
1282
301
83
1041
551
252
297
121
2446
2043
331
5707
31
1254
1719
215
107
35
1047
1119
1031
638
488
154
301
116
1012
227
1755
2253
217
137
438
28
595
4010
36
142
2697
51
9
1128
6303
171
913
10153
2651
2320
2518
91
936
5792
71
78
500
2
1988
59
7579
1455
5081
970
1113
4112
722
3652
97
249
5
2162
658
326
369
140
7
50
2435
694
327
69
667
1273
7
21
83
1568
265
15
6
16
1686
364
38
1
8
9096
880
30
963
1200
455
84
101
1178
1121
2165
129
95
498
1587
275
1836
7544
599
815
780
2087
4852
165
349
515
110
3
725
31
34
79
244
2631
41
225
447
182
537
838
66
521
71
233
1771
167
2522
897
2
487
46
252
4044
1
1681
396
23
689
1278
317
6
213
1092
7210
7504
1113
7
14
157
359
108
166
2694
25
333
56
881
43
218
1139
97
2510
52
1433
77
26
42
985
46
2049
308
378
338
123
160
178
31
240
5102
298
2921
178
888
7712
147
58
851
2685
86
11
1614
78
2
24
385
11
5371
644
1246
220
310
292
112
1536
225
261
45
1874
162
2182
619
60
17
164
548
11843
1334
1148
404
302
33
14
430
1491
91
3154
4712
410
595
34
16409
1111
289
277
322
86
2459
18001
317
503
38
2084
1188
968
319
488
706
111
29
533
129
74
8
1372
307
631
1428
17
21
2544
987
1231
160
40
720
197
2859
577
12
948
347
440
2248
58
3306
2797
3198
803
1660
443
2130
1152
99
495
561
1252
654
5225
551
821
2574
26
2099
319
1520
177
413
134
681
114
350
18
310
167
1377
16
1128
16
43
539
389
224
77
44
574
25
25288
914
1137
101
184
52
149
8219
20210
4166
2089
547
126
1606
4687
1224
7816
3314
5285
6697
4
1045
172
126
246
2145
1801
169
3781
756
1210
36
175
3552
40
1166
166
88
4241
332
540
182
47
97
6
350
241
314
341
97
2111
2012
470
68
121
3153
128
209
43
415
315
185
298
3007
18
416
74
52
234
719
816
178
49
8
2094
57
2397
341
528
9079
71
139
2170
62
46
558
2324
5
227
51
139
34
1123
34
1079
454
83
519
891
4280
55
366
4648
3942
33
40
1706
53
680
23
933
23
1549
1968
2546
9
186
349
4041
209
11
773
56
3330
860
478
2826
37
1
31
171
396
261
100
222
2758
177
304
29
802
98
1399
578
1036
538
993
33
268
4
40
217
916
1557
1787
195
1071
28
9
40
207
65
919
3830
1298
158
231
55
230
279
2998
399
4373
37
287
4146
38
37
3107
916
339
282
1
1
9
890
4441
142
3301
27
838
223
28
17
1471
74
6228
879
98
552
156
9
53
62
294
3506
110
22
1499
34
582
309
578
159
7448
15
63
693
845
755
25
1755
1010
158
539
566
17
1025
1948
1640
147
2021
676
170
178
211
141
1236
827
124
497
317
1144
146
174
12
1557
528
88
269
19
3959
228
365
1747
50
29
44
38
26
85
1
14
1194
12
162
5260
111
26
877
367
686
573
263
78
2812
451
56
123
477
41
2094
2644
195
45
1297
13
2782
1933
152
1070
96
227
61
255
2975
15
223
730
941
2514
1930
62
587
187
288
163
449
1228
8527
64
19
45
927
99
5279
38
8171
194
563
395
112
143
160
1295
2871
701
12674
29
496
710
2147
2757
782
157
68
925
4058
966
153
687
73
791
20
331
65
124
595
621
1
1562
270
52
103
400
390
2524
1621
282
85
116
102
5051
251
4789
343
757
119
1131
64
73
2787
29
462
1680
9
110
15
558
2085
567
48
1016
238
772
189
1309
2145
516
288
1672
229
106
51
174
2172
362
21
4601
25
12
1297
586
151
1311
979
3159
13
79
581
520
24
610
1143
5
1145
430
1387
2036
426
69
1218
3205
15
829
2983
2180
53
3753
1090
590
3981
