60
19
1
1
296
95
735
14
2635
26
95
316
95
32
8
50
184
106
69
478
557
124
3
10
119
10
8
449
214
138
5
66
127
50
59
227
6
3
123
212
160
218
1
140
130
123
533
9
7
161
26
1
8
152
34
119
224
22
106
103
33
214
32
7
131
45
1
216
195
8
92
2
385
208
1922
216
128
578
95
219
26
19
14
204
1
184
200
1667
166
83
260
286
953
91
16
193
212
30
1
126
88
380
117
166
227
230
123
211
223
122
206
142
255
151
220
75
290
191
321
276
440
3136
75
182
215
275
148
196
268
217
75
228
2
258
880
195
151
8
103
57
361
92
217
122
124
150
97
142
228
16
226
3
24
11
181
19
725
3
21
19
16
273
11
273
346
709
312
1
391
11
95
12
7
182
10
96
72
302
1
236
75
136
150
210
36
4
93
273
98
95
320
11
292
72
1
12
223
676
12
43
239
9
213
91
217
99
111
707
459
127
16
117
114
3
130
1
248
118
92
145
231
3
81
195
95
215
409
895
223
16
69
550
195
213
66
24
92
564
164
159
7
5
213
3
137
273
126
75
275
13
25
15
262
298
8
149
1
178
228
11
33
190
84
1
8
448
9
137
1
187
268
56
615
312
71
31
20
343
24
280
1
218
243
49
263
135
274
225
640
283
96
282
277
1361
79
3
151
238
124
5
674
16
659
75
91
522
8
197
5
749
10
1229
5
41
323
253
1
41
216
76
14
240
340
103
121
235
1
214
10
97
330
217
222
139
63
1
215
187
11
6
520
3
123
1061
46
205
122
589
254
141
3
12
90
235
225
93
201
1
309
125
17
1397
177
6
5
220
143
324
100
7
692
10
96
4
271
9
1
132
103
76
75
228
191
95
5
282
224
11
188
200
232
34
95
237
127
297
14
47
95
350
94
261
294
217
1276
19
80
185
135
1
80
1
235
27
20
95
181
108
94
560
203
5
258
10
11
13
344
206
51
1
29
271
2
216
21
31
202
1
3
539
239
127
125
238
10
215
65
2
5185
11220
108
191
9
25
3
1
1
218
261
10
75
122
9
9
225
81
141
11
92
13
1
175
11
101
236
223
3
225
4
179
186
233
520
11
62
144
739
6
128
223
133
181
3
183
90
99
139
111
95
75
222
75
204
285
223
2
216
216
169
278
173
123
208
201
222
415
211
125
46
112
145
215
131
95
291
410
595
123
122
146
229
533
227
238
92
347
91
8
215
210
20
146
562
210
197
92
90
180
126
132
244
102
75
122
239
224
123
121
