186
2
88
3667
15
16
7
663
315
355
1
4
86
12
2493
4830
807
44
28
1922
19
1
962
2540
25
618
399
31
174
1994
56
9
1
16
8
121
285
17524
6257
1
1
11
414
351
3076
18
210
184
1068
117
2347
216
1
537
949
2773
145
1726
151
3584
804
722
919
12
64
823
65
94
41
35
186
3486
4751
3
982
39
320
22
141
215
5
4
14
1658
10
136
213
2267
11
48
14
49
1212
10043
5164
336
231
62
2420
2
2831
1170
4013
34
50
949
971
1061
80
1414
70
2355
37
52
1
141
10
38
2169
147
84
7
1338
3470
173
983
2556
173
692
615
976
9
261
41
1244
1360
44
67
93
3330
52
46
428
906
34
2
256
90
16
715
943
891
735
195
806
1335
665
29
260
603
775
312
1354
664
5153
4815
196
54
13543
1819
105
14
70
123
1655
52
741
114
139
223
59
2030
45
838
6947
576
1883
1863
263
211
596
645
1634
4004
4
1
1516
5
394
7767
2284
203
6324
1937
147
61
4614
117
13
213
3799
1
2128
143
615
2091
1136
230
3239
12221
1317
1506
165
32
191
9188
1114
926
12
4046
2668
210
2392
754
765
3439
8
2242
3776
17
1200
54
3510
338
13
9663
53
5
569
810
198
14
1818
90
2334
962
6020
376
94
1
215
540
2413
1684
2069
22
4328
3014
2800
830
25
655
1
1112
1158
31
154
846
10
14
485
407
348
36
2317
1251
51
993
376
3143
202
1
47
1545
7708
26
239
67
914
6
368
121
44
27
834
4
8828
367
46
33
407
331
1003
602
43
19
185
38
3932
245
24
151
4641
137
5561
323
4604
1876
22
1646
33
90
3
27
5192
5
218
19
1
212
13
45
129
1071
152
2618
20
257
1190
46
73
3132
2552
91
14
9964
669
868
43
70
645
824
316
22
1399
877
125
1226
35
69
16
465
170
884
227
1
2235
2403
280
10910
2212
2
8715
1241
154
2759
3
1366
1176
711
2417
342
1787
60
3161
407
269
1
113
233
66
17
6480
19
48
403
654
81
193
1053
45
247
1197
2
2810
686
28
1776
1681
6
192
212
6548
578
2257
1460
3835
169
205
769
82
79
4077
87
20
10
337
120
112
2165
429
2463
2337
1
1450
1
47
3765
1041
70
2090
167
2
3015
493
216
27
28
28
30
3902
57
1674
940
387
1
1127
1218
2295
1
1
23
3
1
2543
27
17
34
30
2909
63
6665
396
225
443
43
3835
28
1510
8084
1
1425
63
16266
41
1965
1985
2193
1671
11
745
140
10
18
1335
4233
98
648
64
409
345
11092
141
1
1040
2981
627
9
3979
1136
526
777
2602
3645
4453
6152
578
33
781
248
20156
1272
24
610
766
994
1702
1951
12140
73
5
229
76
52
15
40
5
31
460
2017
193
14
169
2251
219
219
203
1135
386
226
579
39
8
2566
1268
1
56
162
565
10298
392
156
33
2036
53
1
1208
58
80
975
3097
932
3738
200
90
5740
193
4535
4029
1
6904
29
76
367
291
1
14
14005
901
8
3267
21
18
27
2
17
72
5373
3920
14101
4802
1864
3510
24377
1
2387
183
1983
33
161
3626
293
13
3730
11
37
1464
1126
1169
1
5737
2816
2
57
222
1
683
50
2297
45
1
896
136
7782
247
51
3
82
625
1
32
6614
141
560
4483
13
585
645
1198
401
3122
4954
11
115
47
16
1352
14
4640
1031
37
2345
86
282
207
9970
759
5568
2
7609
41
360
415
3012
50
3
265
72
123
75
4
2158
25
3730
25
1098
164
339
700
117
8404
179
5
76
2147
69
410
24
169
212
1083
338
325
1294
16
776
811
7
7387
128
34
1
3241
2223
860
562
171
1165
1
15
2
2897
1
978
11
221
87
823
12134
266
14
1904
1090
3063
76
96
3876
1409
2051
71
21
455
57
658
1
1
23
2493
113
3451
241
3029
38
2
434
35
3761
1015
7
68
8
6
9
3
1357
3155
745
5046
164
1
962
23
2
39
194
25
900
2070
1583
270
34
321
409
45
1658
11
60
711
671
91
117
215
573
46
2753
19
36
753
32
501
991
11
4648
380
9
62
171
6025
74
3531
27
39751
176
1692
20
2446
111
361
1245
1
4
111
3234
105
27
5
472
632
34
21
454
24
8
705
276
54
220
1302
52
92
4579
1153
2493
2610
44
2105
4834
1864
184
4
112
599
1350
856
803
3
88
2959
79
12
80
8
4
298
955
201
87
28
580
4456
77
282
4006
1
2928
15
1991
1871
132
3
1
1
1291
804
2996
1818
609
1760
1145
461
30
319
351
78
533
28
5
87
86
247
45
1
548
44
3035
88
2183
567
3816
80
1
369
1122
579
109
141
73
364
232
4423
68
28
279
1616
893
1166
4040
39
233
48
5665
3325
7232
6129
8
1265
1022
221
1969
128
371
3691
3951
4452
234
11934
41
7
59
89
44
1628
36
1882
761
5
1160
2772
129
1770
5
705
81
50
13
254
370
38
283
45
131
12
3
5
74
139
160
5
6
962
40
827
1012
28
205
7
505
3
1705
16
615
402
930
12
2237
1314
8
24
35
169
3557
77
4793
1585
2215
931
2354
793
588
192
1086
2241
33
154
322
104
829
4258
1506
2043
1
269
76
30
1033
2383
1244
1186
43
58
188
62
1715
123
69
42
1164
178
2861
500
41
9
172
8045
101
509
43
1074
106
497
65
41
79
1
28
335
397
130
136
2775
22
66
1704
130
164
2
1979
71
416
1289
1234
100
70
1016
1613
529
401
16
13
426
42
289
10830
149
194
361
7039
122
2328
166
3532
6
192
335
136
8
89
991
158
126
4315
171
3005
753
1
110
1
1315
381
1528
3959
50
1928
107
3487
853
18
2
183
354
1281
688
1545
101
67
1061
3118
406
702
243
3
1094
357
43
9
72
3520
255
894
122
3
56
50
97
28
5789
413
33
188
130
2955
2965
1686
11179
3
60
4
1705
369
35
568
669
409
231
92
4217
48
33
531
4618
22
729
1063
8
19
6
2487
68
98
79
3119
459
338
78
1331
756
1821
283
909
1123
1
1817
1650
3534
144
2959
2761
31
1
89
78
356
793
319
5496
3
47
531
3
5306
5039
16017
26
1
475
1210
741
91
44
980
19
318
29
50
1525
200
190
16
791
206
43
1944
85
532
19
1422
748
478
7
123
894
1440
4
651
2
1
1659
2561
110
1005
1920
3014
820
2168
56
1724
914
72
481
3901
95
2963
1035
1
11799
1684
50
89
3144
59
1579
805
1624
6630
83
1004
49
6
196
7
146
705
4
41
436
220
89
3
1515
10
3
5025
30
432
852
3021
449
1
1
1405
843
3
105
4772
1903
3910
3591
1151
538
101
48
55
3743
86
3
720
219
3113
3862
579
656
402
19
24
2236
178
684
182
19
248
92
87
331
1
415
98
9100
6
3106
79
886
2351
15
1
1467
239
1578
81
63
1
1323
410
1
833
57
39
31
39
359
223
32
575
166
1
5
2952
1
341
122
110
3209
123
37
393
2269
23
738
37
46
39
63
3155
77
60
16
873
11500
5823
36
121
171
5650
2890
79
1009
131
19
14
50
3449
304
321
742
135
41
7625
276
34
8
192
41
589
130
241
823
1039
966
1070
6
8119
5762
70
98
585
3364
70
4145
8
156
5197
228
1582
3321
4482
1224
2400
282
1444
66
82
46
4387
1522
2
4
16
2720
635
104
62
2195
2441
327
64
1372
3
68
509
4392
2985
76
1127
1460
86
168
236
6725
3041
597
80
1
67
210
27
74
2551
84
2
5951
1
760
93
54
6263
975
996
3951
48
239
1853
43
462
1748
344
37
2706
22
1713
395
131
684
73
1277
1
9363
499
4395
9
29
2999
8703
72
3126
6
10
1051
1280
54
367
103
45
324
654
5313
182
25
2010
550
1
148
479
1660
1425
2066
34
16
1998
901
62
197
939
53
6957
118
294
48
60
4
83
3
15
3191
7
3
8991
14
1252
16
714
220
10554
4628
4051
107
657
1580
7273
1009
49
12445
2367
384
1816
61
636
28
43
2207
888
23
10
1
164
2267
61
1172
52
17
3671
84
2
1
1494
2438
1
110
4570
128
378
1160
24
19
39
2533
105
138
1616
382
756
85
2619
4797
42
68
5784
26
47
6
179
158
3149
1047
787
13
1208
2776
34
351
516
3300
56
71
5218
3
731
821
46
21
3026
61
522
113
3171
68
5
508
3352
163
16981
6468
1032
1228
751
1926
11
111
162
2430
406
4731
540
7
2332
68
2324
539
217
8703
1023
4
39
507
1335
6
4409
39
866
303
30
4
41
400
197
148
196
298
240
72
63
114
5
6818
155
422
2800
3
306
89
1399
7
127
117
20
1420
1862
93
338
1212
5053
100
153
9661
37
1271
60
692
156
93
48
10
234
355
1538
260
3
346
5
4
196
412
35
26
1
215
342
48
21
350
8595
1456
47
57
2626
45
1194
2709
798
1809
5
596
3525
591
57
674
18
20
29
54
55
58
76
511
49
351
14
7
903
53
2185
31
142
91
5
73
765
515
3850
1404
16
67
1778
345
4212
37
4809
1302
784
15
4
1901
16
161
3
180
52
4978
61
519
3169
7708
1
55
68
191
1
2797
1890
1
683
780
409
266
148
1
20589
45
3
682
3
12
2294
860
545
976
21
700
711
63
1082
1749
1296
380
600
83
1046
6407
1066
558
4
9327
1574
5334
2476
172
2753
52
2731
3641
5898
11
74
2132
353
141
99
899
8092
6274
1760
36
12
33
509
5296
53
883
1531
244
1
280
46
20
313
513
8825
87
81
88
2142
2734
2979
15
1
1955
2080
81
23
832
2001
963
6
9
8372
45
411
6
3305
363
1159
1005
243
23
1494
276
214
175
1123
202
1
239
432
1
20
23
10482
1039
4732
5199
1
87
817
2
94
8
1147
1152
506
9
169
1544
2912
99
86
6935
1
1
213
339
661
6498
136
710
42
22
786
25
415
2
149
390
1
121
1
329
1882
4
1543
229
1098
2273
99
93
912
1035
16
395
25
3977
314
12
775
659
259
382
217
3
1349
185
534
363
414
53
374
32
61
1067
11
97
6
12
148
178
2907
167
1279
178
1996
142
175
405
1379
241
22
27
1453
82
486
138
94
661
107
1296
1655
342
1201
495
2
45
4
1914
14
1963
1586
45
1075
594
1
443
1987
779
3806
52
8
1780
50
1048
59
505
588
63
131
4393
6708
1
475
1968
69
22
1526
4834
902
557
78
394
36
58
3400
56
38
1411
30653
2569
10
1311
594
197
197
427
1552
35
811
24615
33
5683
48
3091
2
33
31
3
5
38
2991
105
1204
4367
1735
1
46
5
531
12574
1572
685
3
1237
17
4464
301
3481
172
260
299
184
2
3744
2423
1
2176
99
1544
153
432
1087
2563
222
4714
40
2399
68
21
155
519
749
36
2275
16
1465
1966
1605
1513
3
1769
35
8
14
3256
123
1050
3872
276
29
1339
128
1524
115
49
1396
451
42
66
433
2
381
503
1474
4008
49
2923
192
4855
40
9
42
1606
165
568
19
157
6
4
17
134
55
7
2334
12
3181
7
14
4668
2044
296
20
1001
5735
419
5036
74
2
85
197
4190
3515
5137
3
88
174
8661
259
569
2787
2613
1317
1134
5790
1175
988
627
82
2336
1625
324
1294
9902
467
618
618
119
14
929
132
690
6677
648
1362
6295
59
4813
1749
349
15
910
24
100
1734
788
7
137
295
268
106
183
252
513
1606
36
4
200
72
199
1
2192
91
58
4109
4292
33
755
7722
43
2090
1812
124
25
1
1
5
33
26
2982
997
40
143
56
50
578
421
9151
32
3
60
3319
3502
217
1428
1663
8
3850
282
238
3732
782
48
1725
1184
196
284
3356
3366
351
73
161
2929
126
284
5091
2775
61
1
1314
3550
193
83
911
14
5937
20
75
3024
2479
33
1337
86
2654
70
4078
2204
36
5522
17
2455
1042
328
47
55
203
411
21320
214
2508
70
1
33
41
1671
1608
125
56
105
142
8
7363
16168
46
4522
63
1
1208
811
11
353
145
187
11
2674
359
57
3370
1
7148
41
176
84
306
189
1204
18
1804
28
58
2
42
6380
24
947
77
949
3249
1694
779
853
1
6920
1
6543
625
18
279
125
2416
537
99
1065
4120
51
248
71
31
39
151
93
388
722
1931
1
1
77
141
4415
13
71
278
85
5
224
382
191
60
78
327
4
631
402
13951
236
24
2835
762
133
59
251
468
13
317
68
18
41
4870
1339
139
2918
714
7248
34
77
607
1540
1524
4230
5399
77
754
698
1557
30
179
27
4294
2397
1267
12
36
109
823
1623
1695
83
5
2679
23
2349
52
6
15
1226
1
444
155
463
604
1022
15
3561
4
1887
6
776
10456
13
140
4927
1
1
84
1
3719
1667
5
792
42
4015
4075
278
145
793
1621
516
139
3
41
1786
909
2804
731
1556
1845
3370
10
319
25
1229
988
2
2472
1
3027
832
2
849
2
44
13
4776
9865
365
39
72
35
3416
67
4
91
280
29
2
92
273
10638
436
1
37
275
126
135
74
581
55
38
36
5
2273
6105
120
7
1162
48
2631
620
31
247
2849
850
2079
4
1427
6
1315
2001
1026
28
94
11
351
3439
4209
5100
27
8
2304
21
354
1112
2
1
432
243
686
825
1588
321
44
35
2
2
548
167
92
92
20
47
13
7
7012
5
31
1085
1971
2052
5018
685
376
312
444
2303
840
36
27
900
4
1
8000
237
999
533
133
1188
2578
154
4829
4515
624
323
8396
707
7
35
7643
1409
23501
25
3189
30
13
1
1835
5114
2202
1404
775
1186
118
1
736
1576
2162
126
144
451
43
1984
475
259
34
609
26
599
8045
112
2362
142
37
178
2216
26
3
122
13408
603
830
2
46
25
1518
2963
637
10
2
20
457
3186
801
1236
263
188
4146
2
1182
1
4
2616
5072
2
19
431
2290
2
7459
33
10
1457
2085
15
539
62
58
2
38
3354
3382
782
1647
1326
67
1332
283
513
1185
1843
19
250
13257
1829
17745
869
1
314
282
17
7
35
168
196
1442
526
5856
1132
2173
3964
4032
36
1434
5241
155
764
18
217
1992
252
61
534
959
2469
100
2353
85
37
3229
35
28
33
15
9
32
120
9
932
2722
200
902
14
28
44
227
8
40
173
52
197
97
1325
548
1146
253
402
567
1
943
2860
206
640
36
38
1029
35
39
265
1013
4
230
478
1719
38
3907
267
34
1246
767
3153
4
62
42
1022
4844
2
1
302
5
61
158
973
1710
670
4149
720
7073
2635
2
164
519
28
937
1609
1858
200
42
60
1063
29
255
3593
1444
36
49
41
332
346
823
8
22
1
43
4780
2102
4
2
5
178
7
12
201
16
8884
532
15
4033
3
1813
107
730
510
25
113
3089
1764
6683
444
613
2
2480
2
1434
1749
23
1054
3647
3
555
11374
743
7465
4357
1627
619
4750
376
3289
31
2
195
1008
169
185
81
18642
11
71
281
964
273
53
605
7
143
8
822
185
784
2
3
9408
166
2277
443
110
1214
2374
30
1075
289
40
249
829
18
1430
166
109
430
588
2750
761
336
19
3225
2968
67
67
477
50
2690
46
49
4918
97
49
1677
1695
286
909
256
2211
198
52
3
66
3099
498
1
307
140
1
367
149
5457
42
3038
32
181
3
185
22
1511
11
4796
4632
69
30
6
19
859
26
56
4647
1210
51
5072
2
24
3829
115
172
695
50
1289
1886
363
1365
395
183
1199
605
1885
2
2173
169
3592
91
2
2545
2867
2
10
750
99
1802
100
29
395
229
2
48
2651
1
1
4532
1142
48
419
44
9
1138
1
1077
359
642
304
157
1843
163
11
147
77
34
121
157
2749
9
229
243
3797
2020
1324
216
5571
7
162
338
172
216
1114
278
184
1
4631
1457
7
515
46
4860
13
239
31
58
335
1
2
63
2228
1092
614
1
1
121
37
187
1283
114
931
1
3702
10
422
1672
31
915
72
1
82
1120
1778
36
3558
309
1761
79
309
215
2821
922
82
30
121
37
1171
497
218
7
1044
9201
111
4
15
72
87
741
321
65
1103
50
1623
3926
825
711
152
6738
35
264
161
9
554
5
958
172
838
4363
4180
6140
1
159
57
39
4692
20
622
54
1746
820
1379
29
2
397
369
125
111
871
1264
1117
1008
1
615
48
412
868
865
2544
19
1444
388
70
180
42
187
447
98
182
1815
1476
66
509
5
116
332
1036
1481
55
9697
396
8
806
1249
10
214
1909
675
773
1980
416
9268
2
2002
6050
109
87
6095
1598
145
1014
205
26
134
396
37
387
40
16
4707
163
370
2545
30
3051
196
216
8
287
1514
5
762
5676
2120
368
27
259
157
2904
504
2791
4458
1890
76
632
219
835
86
28
229
2449
516
1
2
2064
160
1588
719
180
71
561
837
187
39
724
52
2174
238
441
1
225
129
23
2
900
1766
2
240
1381
2171
66
323
1059
17
74
5
17
117
3533
286
42
1
1901
1092
67
1191
270
7582
8
3411
2800
2771
94
7
21
204
1360
1684
69
121
214
52
1283
512
103
22
105
3070
142
1566
1
245
3975
4844
49
1903
1562
50
985
2407
71
28
885
24
689
64
61
687
86
1478
1
14
114
942
1232
9
607
171
99
27
33
75
8166
369
1285
1
27
1637
8
51
2061
811
2381
32
458
97
773
1772
78
4436
1493
127
805
60
39
1066
48
6
94
10
40
6687
2732
1587
12
427
147
1
3611
8
11
61
32
39
29
530
875
3501
1193
79
2500
351
4500
1630
3075
1604
282
163
4
4170
30
86
248
3927
1
1
134
6
867
8
259
1
1130
63
1022
82
92
114
26
51
35
96
40
36
53
47
320
9
60
132
10
201
45
488
4434
39
1309
4376
866
6
6403
36
17
2
2315
16
38
22
2
97
104
3
19
1892
7933
817
7167
17
92
259
73
16
9
22
13
5317
112
2765
3
1
359
5395
81
4439
12
307
101
9
45
5364
1667
660
820
208
26
14
1868
37
139
2077
74
378
900
49
3492
1
3
21
136
16
28
2344
21
811
15
10
258
246
812
3415
64
186
5896
16
68
287
248
49
38
84
10444
3672
81
1797
35
65
544
469
111
1726
62
4932
22
807
283
555
5
868
101
1730
2771
4
2506
2036
769
73
32
306
930
1868
2557
874
476
667
68
7578
67
302
2706
152
2
9
9453
731
3286
165
3
1
1455
96
1
26
1267
1499
45
4163
19
1
7737
2082
260
5794
460
4032
32
111
82
580
414
51
766
2672
356
4761
1843
244
168
7903
32
1272
7884
7
11
38
2
469
12
89
7597
166
21
591
847
177
5857
115
613
4829
1300
1013
939
3066
1310
14
4320
263
5
1292
2078
1702
19
229
1626
179
577
2111
626
41
4160
70
250
38
40
1875
214
6352
3506
15072
1
27
303
47
4858
1550
789
1949
44
190
757
30
23
2403
3993
82
1
1385
67
9
40
19
413
155
2
89
635
50
4
22
5
495
430
395
1313
40
21
114
61
18
5251
3063
37
129
150
317
1633
5
244
1316
429
2839
443
32
181
1103
405
92
2984
71
70
2715
5
254
699
3889
6
21
1261
916
2787
357
3
366
73
5
9457
2378
3
341
6152
18
367
667
1152
2280
3341
87
6457
185
1216
1
7
3344
19
1
39
67
273
641
23
986
35
34
17
37
48
3068
3951
682
24
11
262
4
15
245
10
1502
20
1141
482
2421
130
755
682
8
5
22
1716
138
1434
1347
1296
3589
4555
1430
10
44
363
15
135
3947
3
153
1917
3
40
5198
319
2082
1915
3
52
4
28
1878
5962
329
851
7037
858
1
932
1312
16
446
1611
2306
2
4255
8
28
789
827
389
4676
2910
47
39
92
94
21
38
507
4767
2
9
836
42
1
148
4
1475
836
5
11
2732
1
1
7216
4347
179
1127
49
61
11
2630
1594
51
1388
5
2502
282
1953
1015
119
47
3719
142
175
217
2231
118
66
4471
455
183
4
1415
265
3697
30
1387
12
890
1934
10840
5
4442
3331
23
48
2546
57
6
6
751
2288
43
408
687
1117
67
4
3
15
191
1
59
1101
154
392
33
118
41
1599
163
1174
31
21
2907
30
313
93
3522
334
2508
11
1849
971
3410
134
315
173
1778
48
3
25
404
1014
5
2584
31
46
87
8855
2064
1259
175
3969
219
91
429
228
14
241
1233
261
140
123
4715
854
229
738
853
248
2228
9
808
31
46
6
2161
292
295
257
353
619
2739
86
8
2963
829
2190
39
278
1556
1222
12581
699
54
2695
3
4427
2361
1435
57
204
38
280
3709
99
107
2431
28
1
1493
120
48
728
1749
21
1115
109
1250
514
17
34
1819
273
31
2931
5
1
42
7227
1220
14
51
3
117
29
98
4447
685
89
3
1755
1449
6726
2781
17
48
98
192
9
4
110
771
107
21
1989
36
663
1740
134
1130
5649
4226
1902
4642
11
1004
1003
2419
1275
57
22
8733
1438
925
422
3
897
1448
6
1417
1182
3630
9
2
126
818
769
4039
78
144
3295
23
6236
1190
459
94
158
14
839
2232
1
46
8
109
2933
1495
1
57
3075
680
1234
222
141
565
21
284
9
859
5697
91
2106
2
87
299
5759
217
2529
41
166
984
2294
1344
1567
94
68
3412
921
710
1599
21
1169
30
57
13054
5509
11
1585
369
140
1182
334
915
423
74
259
16
1433
1229
87
494
577
1003
769
8
44
1184
410
37
1
45
96
5204
39
2389
338
2313
8520
1868
6169
125
160
57
5663
4735
5123
3240
55
585
1492
5293
1041
806
1
2
5
4857
1102
21
3935
191
1261
12
2327
162
4123
27
291
71
1
428
199
3832
29
235
470
381
663
17
182
30
154
91
138
3133
65
2523
48
39
197
336
121
32
4
114
66
119
154
98
2019
32
1252
170
1
7
36
1838
121
138
29
24
4
5
111
615
2295
324
268
11524
702
603
835
523
5
54
263
381
143
1250
737
4
1314
29
759
34
353
238
2068
13
629
1098
99
753
6
665
1
3
871
1516
246
42
31
3318
1013
1521
8799
6
2433
643
50
318
289
2521
1046
12
1781
1218
32
13
1457
7
477
44
2586
1547
37
57
5
4
2947
444
65
4827
605
283
521
25
144
5534
2565
220
85
733
1457
1089
8
2209
1152
383
4101
15
3691
38
146
1384
64
182
21
4203
54
14
59
3238
6042
474
2441
338
44
1321
18
1377
4815
53
92
2542
54
1045
8
3283
72
3444
187
47
30
387
2851
1444
14
2808
430
72
57
3385
6883
1289
356
27
3
40
535
1057
167
4267
4116
440
584
52
1356
3
815
5
191
881
3
1456
3196
41
2831
3
30
1304
1006
582
2761
48
14563
1732
5095
2786
91
9
1141
2399
19
1619
104
514
1
74
2064
1
1268
1995
2194
14
443
36
181
5174
471
11
4185
1704
23
330
62
91
1724
2935
42
1897
6287
106
1120
108
358
32
15
2149
2120
185
827
2121
79
8
716
17
400
47
1
202
158
818
3181
1035
42
350
41
447
58
1667
168
454
214
751
14
19
17
14
201
138
9
4450
363
750
1665
1
61
4002
192
845
2519
932
797
1246
49
7457
11040
2
1934
3487
192
25
59
67
1279
5
6110
12
35
428
600
68
8
522
1583
21
56
11
3356
352
1207
9
2
4743
1907
149
2500
4189
249
54
2765
31
34
19
2027
11
19
11
795
74
5
16
1378
3987
749
291
1320
2057
3521
528
85
410
79
1634
232
109
3
246
1
2
30
1251
1424
29
4412
1697
99
94
122
650
962
105
26
15
50
6
14
55
1
39
86
111
354
5192
14
909
1004
5525
4
3155
134
291
221
4267
1037
4565
142
3354
1
4
161
1924
1
1785
363
46
37
460
17
1651
7801
37
3916
8
187
1
167
110
254
107
23
3
88
15333
1
1
170
3
28
11
2186
9
91
51
383
38
92
1301
3750
5
1364
4
1
3
1380
30
175
343
103
41
76
17
10
1
2
7
28
111
22
29
402
7707
881
43
168
105
28
2267
3
91
1406
124
131
39
43
86
13
5
226
189
1
617
8
88
13
24
3
6
1252
72
3759
73
1761
293
119
2880
1138
2028
1559
2320
2037
486
1205
432
1215
34
11
9194
443
590
48
454
1306
774
6919
3653
38
1480
82
4207
366
14
607
79
3
78
7
122
245
1592
9
1088
3
153
17
1
38
5051
116
931
3
1
143
43
1528
81
28
23
8
3
20
13
974
1
6072
125
204
172
72
627
14
32
114
7739
188
80
146
15
607
67
826
1903
142
670
2310
1688
27
1490
2256
258
1033
584
118
87
270
59
286
45
1958
709
3292
38
6023
34
3495
1206
449
12
1569
83
2256
677
3126
751
1227
2078
2590
33
291
8
6
6
3461
88
236
8
6
1
496
50
13
42
12
1221
7584
17562
27
2
61
21
1148
45
20
138
33
22
33
1637
173
2
7776
156
2541
19
3265
5
2
2133
497
1
4
1470
918
1
110
1485
653
1995
566
48
18
128
816
1692
5324
5209
4546
160
173
613
3415
163
2
1252
312
1540
374
234
182
41
1
2798
635
2246
8
9
31
6
2406
95
4342
4
214
14
1015
12475
8
60
53
34
1150
1
2391
244
51
621
5
15
3437
514
169
49
26
557
103
9
297
99
1
2335
1
675
45
37
257
143
105
51
14
17
6518
41
1
13
674
1138
16
2618
390
1278
797
1507
1
330
4
31
246
35
35
