191
75
21
1
280
981
702
75
320
234
111
228
34
68
750
12
17
14
128
751
153
381
24
301
5
72
391
388
268
12
56
72
15
38
658
9
165
37
476
633
76
294
32
25
25
409
20
69
15
13
8
66
523
165
763
907
1567
3
123
246
252
89
154
140
89
2
3
743
131
1
236
51
19
30
2
69
236
374
312
548
107
17
247
607
165
64
94
74
816
1114
531
303
88
958
307
49
17
82
105
46
232
2
746
53
300
159
555
229
45
95
44
238
214
249
95
104
144
148
123
827
650
40
39
8
512
60
496
65
314
18
690
41
483
193
51
19
122
52
246
450
6
100
99
754
2
1031
20
294
6
940
141
180
32
223
243
141
257
29
234
28
252
129
360
150
339
51
69
88
327
36
1
139
57
353
104
849
4
158
122
42
589
430
5
387
88
91
371
10
3141
89
72
215
267
79
269
118
75
78
4
142
397
267
92
304
110
255
75
10
213
37
58
117
6
107
57
381
60
5
410
125
12
168
53
328
100
225
1267
313
453
52
294
132
154
21
13
47
6
292
341
51
2484
44
71
117
23
267
250
25
265
1701
204
75
247
603
1383
1964
401
195
26
60
39
312
3
298
305
396
561
92
77
60
39
234
241
42
91
133
26
145
29
38
81
223
1338
75
281
310
27
3
697
83
363
206
125
283
348
10
3
211
98
21
96
77
472
75
198
35
505
12
93
76
121
782
53
225
344
1
98
124
70
534
248
1297
1331
10
255
172
42
56
134
300
109
67
3
338
82
11
84
22
28
79
904
615
25
385
70
30
35
281
112
1
629
271
74
11
335
378
70
264
81
390
75
482
59
491
175
152
14
69
148
222
798
12
17
212
110
190
155
987
229
22
22
497
1627
820
23
74
153
58
308
1510
903
81
55
43
77
445
334
91
60
117
42
233
90
65
200
188
165
100
65
226
50
25
96
75
75
54
75
75
1
125
15
230
1546
122
170
197
113
76
86
106
127
72
37
48
113
213
5
86
78
504
76
1
233
15
82
51
20
43
59
1007
285
462
226
25
248
994
78
502
92
16
931
190
75
74
389
8
247
66
219
118
152
384
369
26
14
204
615
385
139
79
165
108
444
166
238
254
8
76
143
896
100
27
56
30
418
346
6
282
45
217
364
12
247
462
8
130
145
199
96
7462
550
7
93
210
178
114
3
307
277
333
143
75
75
75
23
75
127
212
75
330
54
350
178
245
75
19
91
77
75
540
117
58
35
118
88
77
77
222
124
10
56
83
77
75
1095
75
210
127
286
1
95
75
343
23
460
171
