730
55
11
432
99
59
238
301
1765
5
172
14
3362
125
171
7806
13
557
738
933
211
1082
1521
1139
402
542
2219
2766
291
1117
1016
305
124
846
779
220
10
1
1682
1378
23
35
167
513
20
258
887
346
146
8160
61
189
19
918
606
82
605
169
202
257
144
109
145
3185
251
12
1281
3581
9896
15
3949
272
347
106
2079
229
342
3985
1388
661
335
1783
16
4922
128
269
1041
578
411
850
134
674
418
319
830
1360
654
106
526
10504
2517
73
826
6484
87
1202
609
2223
248
375
773
3289
2211
813
375
771
229
8383
419
863
134
770
185
397
1782
1301
1540
219
800
3337
121
77
307
147
289
653
914
1003
848
75
1695
93
1189
3490
336
174
318
230
431
443
2002
65
57
1342
2761
213
217
3178
446
1984
224
147
559
237
3080
3290
555
375
155
117
814
1837
377
34
50
1468
1525
2914
64
18
932
1363
99
1543
7766
105
711
1056
4180
1375
8139
1427
2427
810
173
949
319
1329
614
1149
1759
1713
254
640
1111
1113
526
1193
293
2107
1426
229
180
48
166
1744
5056
2278
1723
706
3744
1200
1321
97
2241
988
554
6286
57
138
1093
4012
3495
892
39
301
1071
234
315
249
113
974
576
294
78
2147
70
1916
1738
246
2362
864
798
774
161
2504
236
101
363
631
2662
1115
29
1584
309
1938
1013
719
166
3663
1467
2947
1298
2383
175
24
94
480
52
240
394
4926
149
579
173
334
1090
155
543
743
146
621
695
2087
207
530
702
792
432
105
366
197
1124
1546
475
573
133
1400
91
240
1279
2019
993
2120
724
681
2124
140
743
71
386
19
1110
11
3299
1208
1128
152
4631
1056
50
791
825
240
1482
7214
1286
324
3345
602
1411
2228
733
46
891
592
7
2689
752
801
470
2806
316
658
378
212
494
33
122
5710
898
1209
1264
4856
100
851
1035
351
35
660
1048
476
1369
675
83
2053
1308
403
262
4458
2793
136
407
783
1139
58
5038
2970
42
598
7990
135
2801
169
55
1279
53
4184
667
104
221
76
1359
301
375
206
417
387
61
10792
428
1242
802
410
4578
1112
727
257
78
1181
493
457
151
202
177
139
2219
580
109
618
615
241
636
3008
1013
351
831
1393
7097
230
119
884
1562
278
3234
168
140
652
708
702
35
81
1012
316
1895
111
2426
1155
585
689
422
554
405
2966
395
642
931
2384
172
320
369
921
4484
58
440
114
119
272
1296
2254
587
5589
1162
556
1248
383
479
471
560
720
1009
1575
208
216
269
118
61
52
1220
781
226
355
1855
2008
1013
367
345
14414
264
1466
1813
878
582
208
72
2380
17346
216
36
817
1199
97
357
121
411
8841
454
733
814
89
284
196
809
1393
287
306
62
549
334
1461
2465
1812
1931
812
144
317
407
471
953
1394
549
2614
41
85
226
330
99
611
309
1271
718
1767
276
109
133
213
1147
298
681
330
202
2424
611
1318
1443
553
266
1251
892
5637
229
232
78
168
323
143
117
616
301
991
232
414
4044
162
929
500
1642
706
661
2486
78
2735
1218
25
944
399
313
762
132
29
145
694
21
240
1584
502
93
2902
176
223
3997
832
978
894
216
587
477
1542
120
1416
1629
1260
223
5722
413
172
1495
414
200
657
3186
5039
276
1421
38
2875
1711
1133
1281
792
1348
300
972
1770
12306
1901
212
127
3055
701
640
20
17
356
3028
380
687
2660
1273
129
2240
92
747
2559
702
1298
308
43
1313
589
325
69
1455
265
292
679
344
226
575
734
421
454
105
25
408
2739
1902
910
4392
1715
2311
2079
38
125
1045
3336
2871
106
16
563
156
3501
489
617
173
629
140
320
165
731
355
461
66
2250
716
2726
1837
180
355
11
3526
1748
1008
877
1367
421
324
223
2081
638
92
323
1061
170
1461
163
429
258
399
303
1239
1987
960
45
734
2086
788
668
72
642
138
16952
465
293
4714
3155
103
1901
682
661
288
1959
4743
98
669
1571
321
204
5379
1139
842
787
1139
748
77
1091
750
54
604
237
313
813
2
52
732
638
777
1344
439
44
1319
784
40
33
388
116
81
729
98
3284
314
99
19
83
3616
702
226
106
2463
3212
336
63
245
120
243
247
6069
1272
3230
55
306
311
194
269
342
117
266
430
1606
241
4600
223
2623
1191
1691
36
611
842
996
1430
503
1783
509
8647
5295
120
2290
67
86
561
49
320
373
210
391
603
637
43
1414
1090
174
3310
656
29
175
3295
723
397
489
1159
2608
804
483
1127
598
1236
52
446
796
509
102
365
822
349
6071
1438
2283
1117
26154
341
1369
276
33
19481
2876
1156
4130
1090
84
2093
1137
454
3080
9314
2893
106
416
428
1238
6899
682
38
1844
397
801
14
9230
990
108
1855
792
77
124
1283
55
3855
750
353
11
240
57
415
245
3047
1036
499
516
78
3847
1436
520
155
995
569
380
428
40
15
415
4481
349
2773
2445
227
769
522
931
60
51
1655
291
646
376
65
1507
385
940
140
878
715
1159
229
1337
414
5146
398
122
288
748
331
1434
414
323
392
881
437
875
429
489
276
1535
980
1134
44
191
1109
1137
1362
982
555
307
1496
722
931
213
2403
1596
1206
6839
41
379
4243
638
270
16
681
304
351
352
2303
1102
801
2405
622
60
372
2704
169
1217
1527
519
5969
4497
509
318
159
13
64
2502
2014
2538
391
2672
1652
1685
1955
2539
3688
1041
4109
53
2
65
34
346
6471
1392
515
1520
815
280
2854
322
863
24
5544
2795
141
2306
3687
789
2103
78
787
249
731
1011
873
494
1707
1283
2246
1181
778
565
2441
610
1948
8911
1018
985
174
202
610
552
2816
131
86
5090
141
603
1078
426
2928
2151
1184
109
243
1913
1326
425
155
643
781
1838
246
1541
229
113
1954
234
815
711
463
1154
1436
2004
59
80
242
284
97
847
3423
54
2393
3095
15456
28649
171
405
436
304
339
800
674
614
2946
248
1001
76
1727
48
14
465
584
87
269
2033
181
195
777
638
2544
2390
503
735
64
82
3002
36
130
4515
1561
1930
676
275
704
408
53
167
417
616
1370
511
679
58
2180
116
397
154
1484
141
1071
2029
386
305
296
574
490
1110
2659
215
1922
242
692
1835
1777
2393
186
13737
311
32
311
237
78
40
389
6201
253
127
145
147
107
752
320
536
19
1649
1514
255
4387
256
244
165
1394
973
1722
12
295
94
757
246
46
327
1025
1371
1435
6581
1040
1792
229
39
873
9118
3590
1477
200
541
306
96
1183
146
525
267
24
722
190
135
190
936
681
753
544
493
792
224
275
459
421
640
1167
4502
129
460
169
264
973
214
1566
1288
1417
714
1358
1277
4977
2871
745
7562
387
1029
75
1129
266
333
481
290
828
1453
424
4608
253
32
306
192
176
101
255
331
234
735
1542
973
274
221
199
1677
159
67
672
90
766
767
645
39
655
1117
75
112
286
382
1291
76
917
1755
113
407
509
234
295
1422
686
30
217
5269
251
199
591
21
3774
545
122
2253
374
2207
2423
172
3871
6517
1024
540
138
530
1918
64
1322
347
2252
2007
528
3390
420
2798
1905
334
476
2457
856
1885
86
1121
492
2977
487
1355
74
1260
463
3156
1875
1520
1824
1636
992
2801
95
267
162
533
831
1355
594
145
49
1044
1119
1273
1834
307
1105
2178
2306
418
3259
253
3256
921
725
1170
6916
286
3893
882
278
1082
16
127
192
1374
218
99
1006
2024
30
293
291
2863
50
837
151
438
372
786
6347
368
6
94
389
504
159
841
238
8010
559
41
160
14
428
700
727
481
86
339
324
182
245
1235
2733
1222
2624
47
959
20
1282
351
3184
100
698
1068
1977
1132
379
1036
80
188
279
169
26
415
2458
474
6386
414
506
1820
940
232
681
136
1105
169
1899
218
929
1808
2407
4338
157
5681
1013
2111
1535
2573
1021
533
1570
201
12
229
704
524
100
791
408
86
1716
1132
116
211
4176
368
6791
10123
4173
19
714
1958
450
376
3612
2019
190
238
1059
205
997
1389
1277
316
636
73
1102
3007
59
1780
610
908
1118
1067
713
215
994
450
85
1509
14
327
1185
1027
169
912
335
321
557
1081
738
834
2618
618
740
521
541
112
1217
4883
217
61
208
20
465
1879
213
456
171
185
287
2046
4956
507
313
117
85
209
1268
835
755
160
224
716
340
663
1727
3736
506
3778
16
246
3085
3626
444
882
1031
892
77
1357
367
336
1214
2325
1179
635
296
1339
462
1918
893
10202
291
1986
1476
492
1597
1205
3099
946
67
477
464
418
875
1337
1149
716
82
959
4084
49
1051
216
2335
406
261
249
116
100
113
353
1202
2581
5793
140
622
21
3140
418
65
661
550
6894
304
770
1940
620
261
877
718
676
944
403
111
3493
4482
361
653
966
242
2556
538
241
880
923
91
226
203
3337
775
1082
306
463
104
235
147
826
1526
263
64
568
1566
251
889
66
1603
3539
780
111
1324
220
54
347
399
3663
2066
275
60
161
398
1448
243
259
757
327
38
992
71
204
193
416
272
4188
134
1454
806
4408
256
5229
759
799
2797
2195
182
1050
194
1140
282
5654
424
1276
2490
3328
8512
128
41
406
218
2444
160
772
3584
79
386
51
6177
2484
957
769
1693
6004
756
157
2988
2473
328
3143
372
167
1980
381
594
335
279
261
592
880
275
126
4482
691
273
1522
201
354
122
169
2885
1563
1114
597
299
856
333
13334
1744
1375
830
2604
1812
51
1334
215
2501
305
348
4842
48
91
129
857
904
3898
1781
617
2059
300
3234
2604
455
5003
1601
5488
2685
1651
790
70
7483
1927
1223
2561
801
917
316
2082
724
1915
533
719
193
958
96
317
3649
1700
2580
1374
3315
62
1687
818
322
630
694
997
14253
283
480
3507
1939
400
1941
70
237
2169
193
132
1508
474
546
292
455
684
381
174
38
43
255
8094
249
2368
3213
74
32
153
683
3366
925
115
6665
688
889
167
147
48
1849
1281
345
242
519
2164
341
313
1438
174
152
559
56
1178
10632
439
1909
101
1208
15336
611
1577
2058
1685
587
382
1953
1015
851
930
551
1927
690
280
1736
295
1558
536
553
2224
453
1092
2390
202
1361
1259
1386
823
1158
5932
330
404
637
614
2533
569
678
828
496
4412
1965
64
325
994
422
932
437
267
235
359
2840
590
187
781
327
184
725
604
39
289
2599
298
1180
958
2732
97
1480
112
214
405
361
1606
2086
218
723
475
1429
135
310
352
224
2570
1137
292
234
78
250
620
968
2120
59
392
403
383
475
2875
5333
1137
311
1618
2104
26
580
285
340
84
477
321
79
234
307
230
587
350
503
185
3101
242
369
131
3280
2163
1082
51
895
108
777
573
1813
840
60
3803
436
80
1527
42
34
1070
416
1039
229
917
537
105
764
871
1029
1233
267
22
744
1455
1075
224
244
181
1411
549
414
31
693
175
868
272
171
319
162
1079
910
847
297
286
3450
1252
244
299
263
404
354
2724
597
6222
1551
928
1277
7
481
232
1202
195
555
41
826
513
4846
254
1748
1121
3829
282
678
72
815
356
381
415
2779
2724
39
2077
3268
1419
4416
109
120
446
198
1317
196
276
1833
625
1365
2241
559
1111
841
393
2104
199
2134
452
304
219
2745
222
376
599
3556
1743
5832
1461
4112
172
494
4277
1684
1068
163
66
342
153
480
251
507
804
657
1505
68
956
162
917
286
114
297
1848
2464
1632
130
62
61
516
495
392
374
63
5036
328
439
145
492
2095
690
196
229
1892
388
333
351
1042
