156
241
277
219
258
367
160
287
212
142
152
253
137
280
141
151
276
127
123
339
271
228
278
156
487
172
275
658
396
280
18
243
290
426
126
292
277
252
121
136
151
142
215
329
198
343
413
129
140
152
156
210
297
270
188
218
156
262
281
390
255
196
219
179
243
4
561
275
286
490
336
183
121
376
344
144
229
121
149
993
96
164
155
125
313
246
197
272
297
273
11
85
190
452
151
249
151
146
164
287
182
300
184
231
135
155
111
188
127
293
221
274
141
242
207
283
269
166
338
156
151
277
155
177
371
197
311
189
251
172
170
271
148
132
249
769
91
289
