559
1225
20
1133
30
168
927
68
42
33
27
6
440
53
28
1468
55
71
5
10623
266
365
14073
4532
70
13
154
23830
7327
398
8513
69
4375
123
3430
20003
4
20759
1
6
712
11
2828
192
21
1
627
381
28
6
1981
1093
6878
121
4649
58
986
15867
1000
47
113
198
102
1779
978
7114
353
455
2135
40
258
61
353
663
8
80
1400
8763
14075
5319
8797
4998
2975
1804
1197
8043
713
13
148
351
82
1286
2486
10
47
51
1636
3339
8802
2595
1681
42429
2318
576
699
1111
5152
75
5873
923
6505
19
747
1295
329
2479
2680
38
706
15
1683
9081
687
176
98
344
102
1849
60
4489
5164
1383
101
845
2334
1060
98
49
217
2814
30
109
388
7471
149
2617
1293
2652
724
123
432
1066
108
70
5027
1001
1910
370
230
7830
79
15391
10
3368
188
43
8189
3256
16045
8371
5326
453
232
8672
7782
61
6259
244897
11718
146
48
169
131
1491
1224
3394
61
11540
110
2067
2114
8406
1427
35
2997
5772
1031
25
480
104
16
3248
2749
710
1967
323
208
7
4566
1200
15376
18300
16309
4654
1
321
144
465
6
4110
4701
1570
42
5066
2335
166
1007
10539
6279
13063
711
13195
91
6221
9574
2144
7039
110
126
38322
86
5374
2884
6632
1017
5069
37
7197
25
30
12420
472
146
41
150
5463
741
8890
84
677
8140
16290
894
16
10385
3671
18689
4410
1355
509
320
696
36
458
2203
441
8541
207
7
2537
249
21225
257
3595
4153
2012
521
1037
10222
19033
96
556
8355
687
8156
3010
11023
1233
15283
991
8689
81
14040
3280
4741
13209
662
958
198
265
2360
304
1190
2080
370
15259
794
1029
691
6480
300
1018
3518
1918
50
1542
383
348
16680
445
339
9413
21154
3906
710
263
26135
4089
1173
2038
1845
1157
2142
3602
1279
2202
4509
106
503
3864
4104
1081
564
152
8175
393
61
1742
228
419
987
1009
5371
6
8047
960
1889
3728
24
24
853
6543
5723
8062
4529
465
302
83
4921
72
290
416
33
7047
699
1056
1389
71
122
253
9802
17
13
1858
482
26744
64
1086
2386
2111
822
491
111
4172
21082
2
16
1333
394
2040
982
1075
8355
6866
445
22962
6302
1553
2114
8088
1508
378
640
5874
3853
9803
4614
1485
3506
13895
9972
26
187
151
25
1031
476
171
269
223
10838
825
19113
854
6798
14256
1814
12752
237
2589
8524
1192
669
4031
137
1823
542
454
7900
1107
546
44
123
6623
13968
796
124
148
1372
151
608
6770
269
1580
895
1129
280
354
917
214
1056
16295
1770
22
441
1390
7383
5525
3754
252
7322
1325
71
842
7579
3458
35
904
416
1003
4873
488
742
3480
233
142
65
5080
291
582
1381
11
4192
14622
1601
1837
4430
1112
11407
2469
9384
2758
8981
257
8327
491
951
1840
142
110
1665
76
293
2216
619
305
1112
497
6755
39513
82
122
14228
830
16768
25606
574
98
498
3369
4635
595
1653
21
3209
1869
9194
288
1170
699
292
1375
5265
12778
15638
2405
2235
273
438
2375
1859
238
3387
1724
603
333
22
503
153
26
111
1212
11795
1545
1719
1765
492
346
84
378
545
9852
778
239
897
387
378
601
8459
96
8233
241
47
364
3461
3112
609
365
33019
2702
2753
31
105
825
268
11
477
21928
195
1052
117
4483
25
5631
548
177
1084
12555
3810
56
804
7259
2051
845
3477
1924
17806
1972
213
41
660
12437
6955
253
3447
15449
1287
10382
14725
30
41
66
478
5573
737
1620
272
42
1470
2070
842
30
21575
3075
103
71
436
2229
9905
74
155
40
973
273
5741
162
3305
457
3615
34
51
502
2552
1004
753
1002
407
725
522
2477
1426
2534
5
13567
915
2038
3354
8464
365
1649
6105
793
1144
11725
4815
16764
553
5368
392
8
418
240
534
460
13363
12262
1026
60
6754
247
1513
8215
4112
18
4531
141
11422
134
438
253
374
5201
96
119
2739
1084
3199
2737
57329
104
159
844
6684
36
6601
193
2634
134
78
8230
51
418
601
115
14
24265
60682
1944
245
1153
5518
3147
379
1450
13458
3825
806
11458
735
12
1864
9470
1120
37
33414
2215
129
429
2822
210
3258
1551
8992
14173
158
12155
418
36
20563
19833
11051
269
18703
205
1234
12481
8618
5498
20
5645
2519
4071
18
4053
994
2068
19434
994
422
166
2747
17
3199
3110
15498
8444
9437
4048
13670
543
3372
229
16438
4307
3447
233
6565
5080
4339
4958
9220
1398
1790
2373
1435
1559
95
310
408
165
1497
43
19947
480
4828
2540
8348
2853
634
4881
1328
387
12906
927
2783
1514
25345
37166
87
64201
491
13319
8609
7484
10767
62
424
1933
239
16
5932
727
1188
246
6284
7349
196
5241
4196
65644
1617
368
47
526
875
3729
1315
608
49
1655
52606
2398
11708
1597
19066
4331
20407
1492
338
856
356
4335
2135
336
648
71
356
3542
1
11073
7002
951
9594
11748
11868
25926
5344
3702
8581
144
265
8497
1743
283
456
1310
2498
220
9061
158
642
1881
7622
4284
1469
10230
4621
11763
3318
459
16190
2397
1
1070
173
1052
1056
17244
362
174
7107
6462
8677
1559
1489
193
4561
112
992
1393
109
130
383
12627
11894
135
1745
1011
4271
1413
3720
6279
1301
14343
19477
652
121
9293
460
63
509
625
2156
5605
16012
2322
74
37020
3696
2372
66
6507
1309
400
1402
16624
5745
2014
5903
5013
203
264
47
2144
11347
141
545
949
47
11
885
12010
494
368
1253
23
584
156
1191
4788
5202
3561
212
11185
793
215
282
2071
11928
631
411
59
21
1620
5253
1244
4398
42
11387
47
20
514
15426
2054
6826
242
330
5815
3864
7711
1248
786
464
16018
6358
13833
472
905
631
6680
14
6290
687
1025
663
8412
14395
5769
5632
2914
1292
51
1136
15205
40698
18404
3550
153
188
38
1440
2443
3890
1044
1948
18
9577
6944
5268
12508
200
144
63
195
31
41
31
15
820
2768
11636
289
10149
7382
1452
449
269
2985
1846
58
5
35508
33
43
1048
836
20
19791
1117
2358
13
6397
37
18142
3781
555
314
922
3356
1796
3648
2037
194
517
1209
3816
13
205
4753
11524
504
2538
366
2
401
12611
1015
6693
898
76
516
594
562
673
223
597
58
2908
9165
226
3697
878
70
14913
67
761
15058
1108
780
522
409
1071
2092
427
243
55479
3269
3869
156
7701
4677
19182
344
687
5387
327
8041
835
57
12693
5839
938
10871
2256
22225
7642
636
1009
2957
42
14534
10892
3489
2297
289
1793
1961
526
926
10552
46
6711
117
108
1829
53
10
116
9769
292
94
312
8626
667
1260
6292
2470
3271
16469
21948
411
3
116
1267
16199
10826
6382
28
7236
482
1738
9498
19413
1256
3064
2819
1128
1046
492
36
3
59
46009
5074
72
2332
1653
10300
5012
20
332
1585
3591
323
5412
287
45
5157
1044
10827
246
440
19733
421
114
4714
15
8232
859
10155
2999
11653
3337
848
9939
7119
679
250
1355
1583
594
566
1483
2277
1426
558
350
112
287
2691
13844
868
587
2421
150
36
297
2220
5464
379
4720
10821
757
645
4591
2063
11604
2727
9341
1469
69
14825
678
150
3533
109
372
422
3063
18
2575
22
288
1238
2128
150
2956
13460
3711
4773
714
1202
162
855
1627
63
771
4489
30177
2497
4560
2182
490
972
6130
20836
1529
4160
18950
76
688
11339
241
928
22
195
15281
7377
44
15
216
601
7075
38
7808
11829
11572
2564
18847
8386
2123
238
1
4193
21507
34
224
58
1998
8127
344
16582
17364
130
6670
2153
284
318
113
757
46
3089
121
1982
4758
24
272
288
2457
3721
159
456
287
3946
6820
1251
3172
15
1015
3116
6237
1386
175
577
11322
3981
1223
1271
5770
1644
121
1120
2195
532
12441
4832
1403
414
1236
661
148
323
339
2188
3510
81
2035
632
498
7550
612
251
3311
6298
36
15212
1325
661
12366
113
9552
6996
12172
286
390
93
6048
960
34
209
1229
21
1156
2592
3559
5478
339
3579
1697
323
630
109
5741
12
32
4676
258
593
5
2824
5646
47030
837
1355
16487
714
33207
494
2104
16370
21
17265
2681
693
11
212
8918
3215
19040
104
168
4949
3205
896
1054
1305
1799
603
16692
1094
210
5123
3632
9755
4079
15395
1755
4398
1197
3783
25
13973
163
1413
9419
6804
2028
13607
3530
9704
7199
5798
42
4125
115
9166
135
82
264
22338
757
1782
1487
160
991
888
4991
7751
2945
63
49
6582
357
173
14
822
19096
333
9665
60
16940
2130
287
3588
5990
114
2144
14037
485
988
1989
484
1422
553
94
1423
197
12
258
466
682
4608
17
338
6289
905
6047
7751
21296
89
102
96
22
4023
903
14724
9
1457
11877
1940
614
2544
2271
39721
669
1168
9
347
3981
1011
12051
9571
9545
75
391
35114
624
482
13796
131
2797
355
31809
1961
3328
1101
37
619
103
9
82
808
380
3870
95
10061
9880
5579
3914
219
1062
4350
148
198
185
750
738
11046
1333
343
4
170
3439
620
4314
7922
3640
29
13651
2580
9
1167
1341
9966
18440
943
1893
5627
788
3550
14187
3335
6749
407
42
18
382
189
286
6270
27
824
9018
83
11879
4813
246
99
7
757
1461
842
17
109
219
11010
5853
4034
675
1805
600
161
54
373
7070
662
24296
9807
4094
12250
6744
7536
9287
55
37
2112
133
1687
177
2154
2860
513
875
3497
3743
2769
2906
601
10102
6010
2556
52
152
204
3303
4883
307
866
2542
7929
3973
112
5190
269
921
16927
1770
401
848
98
4852
607
827
7291
7892
828
6580
218
712
9209
1064
168
1493
6644
5743
845
783
13932
4668
192
3531
140
3309
15369
16744
1194
230
305
1307
375
16249
1034
1274
6228
3427
1213
264
5863
71
5
329
10
1173
3905
890
350
2083
120
27766
1734
3757
536
6201
27
18200
790
34
5921
34
11766
4727
7423
15481
10681
3482
19138
2323
801
4382
394
14148
378
901
37
13494
2595
4833
1660
94
914
5913
7063
19
412
7753
3198
14215
10
8794
2736
1458
2448
2707
531
410
98
14307
95
21
224
2253
3472
6786
259
152
10314
311
4442
144
74
736
5394
3561
10999
2416
9252
362
16307
20
4241
149
8930
3590
308
11651
329
1867
4464
552
14628
1301
1023
137
2263
1229
22772
2524
18104
3345
116
679
9737
299
2395
27
25
5107
3005
179
739
10331
5721
793
1771
671
1068
94
1347
6035
4263
1807
3890
83
7863
3785
127
550
2064
17
292
823
2399
1642
835
960
22906
371
3385
523
11593
817
68
7677
15808
6300
184
6849
2454
6851
83
645
493
2740
1804
2866
662
49
660
752
1966
275
979
265
15419
2713
154
3083
6373
130
397
6701
4736
208
2261
129
53
435
144
308
2756
2702
1727
369
2341
112
14282
79
12568
590
2031
318
996
1119
4008
716
27976
460
8784
3623
1361
131
1969
2038
13
479
601
780
90
11348
1491
1434
1350
1244
2822
178
473
2063
239
341
6346
439
8775
11937
18769
14776
51
1015
475
9
326
6629
15958
192
1219
370
257
115
16762
27604
63
71
383
226
6842
1450
1918
2707
6
3062
5936
2004
2504
1053
10261
840
8381
51
1100
44
626
1184
83
9
270
1528
1283
6217
1643
1420
6832
34
11193
649
5
2056
797
1814
859
1130
166
6689
5671
3857
170
443
85
14
14
38
866
1765
2420
5322
3703
13776
12060
2028
5923
1878
3824
3731
1263
8363
1607
238
294
80
13074
12008
16843
12808
6647
9738
461
6970
370
2342
4774
174
9107
4559
204
125
6451
1112
37
6719
4797
28
363
3902
55
2511
1307
1677
1078
134
4090
2755
1996
2292
676
1500
6721
1614
3383
172
2355
11326
118
4442
669
129
15493
1648
1893
1
1676
3097
514
66
7306
333
304
159
23226
2699
1212
2073
1841
102
5943
379
162
60
100
421
68
11
116
9248
170
4665
722
14322
1050
683
167
504
7
158
626
105
780
4038
442
19
1114
319
256
41
246
12
5839
376
504
3
458
1719
8092
581
4541
1641
587
41092
338
7576
171
256
191
5116
15790
2981
340
59
1034
7618
4113
729
3320
3661
69
4254
6033
9301
7056
13433
3061
4209
789
25577
171
2822
7853
298
478
12543
671
35
29
422
166
109
16
51
729
3529
551
1319
113
17566
320
5734
228
65
2075
328
10118
157
158
2759
25809
4821
35
289
2588
6156
1096
830
13276
69
441
35
1428
170
908
111
235
655
332
3165
327
776
2293
55
26289
11144
1872
24
2424
23558
14905
9035
7
50
1038
7
550
21378
42
2820
6709
7780
15
208
19819
15710
77
8133
1844
2800
250
6971
2810
320
6618
21
4336
438
214
144
64
709
1087
22504
4157
321
825
3960
5660
53
10153
999
393
5466
20338
11855
22785
3424
3692
299
7359
30
67
1834
246
350
9967
13282
8122
22
13658
610
31952
6080
63687
9015
218
2820
151
767
438
10063
430
952
6800
457
338
571
49
2368
2985
15698
4399
5170
56714
23391
2973
34359
484
593
1966
113
134
253
1261
6407
1460
531
2280
3211
146
569
68
4
15072
18268
531
237
113
176
454
15985
1330
293
461
7268
6334
1252
236
12
1590
5293
1686
1101
87
1306
2559
3
391
1329
112
2573
2029
105
6461
6951
2911
19592
2
69
3261
1690
83
533
730
35708
235
955
386
18347
138
13286
751
2446
718
25728
708
6615
8384
103
1000
617
144
6692
864
53
591
5629
177
2844
2569
490
387
1683
970
22196
1922
4895
427
2802
726
5126
388
10710
161
249
12146
17820
1775
242
43
2851
11017
6564
1134
3469
2008
2997
5491
9848
2400
3553
123
1135
6511
7017
4588
7983
445
16512
2968
3116
676
78
120
916
5299
193
241
9
32
10264
16946
1419
641
303
65
178
2166
48266
10713
36
3751
5624
2088
6975
8614
9796
841
23060
5840
331
169
287
18
371
497
25499
30014
16694
241
918
11137
138
6156
382
1
538
2020
180
57
26310
16
1048
10923
13450
970
886
28692
299
7434
15447
2124
14
4076
30
13799
12130
3746
2313
484
116
49
5025
452
468
18
21748
30
33
1842
135
249
19882
30
205
8131
4327
31945
250
498
191
2480
2108
11959
5397
3478
2080
389
2059
11442
71
238
1545
17
3879
4019
922
3224
3269
3649
5709
6329
1548
9542
2221
271
11390
11852
6223
131
140
168
17944
538
358
263
7669
361
1310
636
55
2067
293
15552
399
3207
8225
648
661
1331
1164
1134
14156
984
1026
763
29738
5460
441
124
6970
1001
15050
2304
1
2750
18422
17683
658
93
175
805
6150
7454
13
424
984
1422
86
361
1688
168
202
140
453
1757
2678
6836
563
696
4923
455
10718
4721
5898
624
98
1759
9854
743
3108
672
499
4763
1338
162
4244
169
4009
829
77
2376
1883
3585
3349
894
15596
16458
6379
4
4395
1640
646
358
93
552
1857
8704
5763
12368
19
32
586
199
1484
231
3394
120
15
2520
10240
93
171
27
1629
49
1218
37
3870
1173
606
1441
10386
2461
1319
1
1421
1515
313
2674
3971
4774
756
418
1325
8
17
9273
136
7021
13
178
807
11
414
5460
555
22153
2284
13042
9169
1022
466
13
5385
1387
10741
160
7751
10392
1777
3
2094
5
7322
365
9063
4648
7831
2274
4435
1834
166
21563
7857
38524
366
173
696
114
52
985
1535
4567
20926
8092
286
397
4071
1921
3292
2937
13078
1639
61
365
1856
9035
668
1227
100
42025
3337
597
5580
354
588
10667
8757
234
245
3101
2702
3929
41
4450
3396
1655
37
3685
3003
2126
2890
179
2240
4325
1664
4707
364
202
2262
616
672
2133
1120
419
709
1438
972
1286
1703
6793
94
7162
12332
9806
177
2535
3940
909
27
13
72
2218
20
11370
1165
15021
210
18141
947
3580
3193
1134
8662
2259
252
1378
344
533
241
55
1363
312
6386
4431
139
65
2337
10936
506
3807
4226
561
419
26532
32257
1056
6945
585
10
594
242
4603
5446
380
598
22037
85
1341
2416
827
11367
11094
550
4780
843
4420
154
5693
2129
2090
2142
77
406
5227
6909
5455
3008
56
2893
4832
578
515
47
3724
3437
275
6364
1742
967
144
8618
89
24
5
486
10350
392
4453
1659
208
86
2482
95
4659
9541
50
138
18941
42
489
4906
48
963
153
14114
8391
3648
2125
880
3596
295
1084
1309
744
663
42
90
1283
2075
414
334
5671
2604
25
543
2132
240
566
9
1129
59
8897
13550
32
458
459
10360
2255
620
4986
1199
349
6781
10662
63
1265
228
1390
266
3438
2799
4386
53
92
23873
1956
1
837
571
1208
13490
13019
1616
258
342
400
140
13622
475
1647
4305
2956
5838
32
1044
55
27
4320
3767
279
715
17766
1734
799
17
9274
31257
555
1616
2675
607
14527
436
7600
1916
9699
2918
24
5897
10
467
198
6257
326
6158
1226
799
3400
21645
1487
412
421
46
248
148
8609
2397
30
2112
41
180
36948
6154
1289
3459
5078
668
55
20485
5325
8821
3742
345
327
502
4497
109
946
637
2286
7475
156
847
6208
115
3
1319
328
1319
629
530
7089
582
93
405
593
5775
390
9311
619
499
355
6
497
112
5077
2231
1920
5097
9818
1002
2410
3269
7553
3069
4343
38303
2030
16051
138
5083
2419
36
4
1087
1624
105
14008
16239
113
293
1360
209
100
242
11706
9402
2293
77
602
235
1150
2226
494
5148
5
18220
4276
21843
7517
1863
410
8202
1241
899
149
7680
3184
2874
2023
7269
8088
8104
3097
132
666
5890
5290
28326
5063
6850
788
2630
810
367
5
73
283
2592
206
5660
5501
5141
1162
159
1380
328
1351
275
6469
166
3015
2921
274
26636
2535
10119
5225
13034
28
1562
1271
8835
2331
1120
795
5445
3031
1126
4104
441
2278
3767
26467
2288
3563
3276
1966
9365
4305
1361
1292
231
4707
24968
240
1969
1634
3154
138
1401
430
2363
4479
1907
5748
219
674
82
3590
158
43
483
16539
2601
14057
1402
124
5514
63
2034
1891
8035
17329
255
1661
657
731
155
3073
2422
723
1654
17011
1599
532
1526
19059
201
2955
1419
72
147
3070
1
21115
4593
423
53
10234
7300
4899
1517
39
9670
14
1444
7152
9
766
504
15
1505
410
3510
44
773
10338
831
1187
147
12067
178
2226
5233
7627
135
341
3282
29297
3222
152
4797
476
19935
2672
65
6160
2075
152
6575
14709
1243
226
804
995
1322
32339
1762
469
7560
4081
69
1372
174
1105
27656
925
808
86
4858
2220
1130
9267
3378
97
274
7416
5466
37
285
5031
20
53
302
270
179
331
1829
877
1903
1581
22
9470
2649
1088
1483
4286
719
91
15242
624
923
6312
1465
393
8878
8165
897
84
409
147
1258
1304
1165
610
8623
349
15674
556
8183
140
390
1558
2210
302
104
384
934
341
8454
3339
401
11887
9402
31929
1882
3674
70
3045
2170
282
7851
3636
428
3006
78
594
13593
66
3794
71
1464
1987
13938
403
8146
635
8
882
336
7
84
2427
2946
500
10479
2579
22323
262
288
78
1
4111
6638
443
7664
145
779
880
302
14995
140
845
20
566
174
7201
1296
608
4167
5542
1666
2426
15663
11959
387
775
1854
716
4121
11832
2929
152
3278
1405
1577
115
293
50
1434
38
1232
5798
208
7758
1090
532
1108
511
1239
4016
2201
257
20717
61
193
4962
11216
5815
83
8057
2560
147
922
21
2205
89
10667
4449
259
588
2391
23278
1103
2977
1331
1127
1128
9592
2683
314
83
4581
3270
99
12851
2045
581
18
2533
11305
4666
81
3090
8709
18056
246
5788
34369
1401
13055
9890
99
302
6513
1660
28
289
1169
2997
14
12991
23
2792
1799
3682
510
2219
2584
389
106
692
109
3435
4767
501
520
391
389
287
19
7322
799
7200
17993
349
357
5936
199
536
25839
13251
7664
3932
9838
8223
149
13
1782
570
418
6335
1511
730
305
8850
2401
4137
338
682
5126
2408
1287
55
623
596
2075
179
2538
71
304
12
3181
8314
15
1194
29
1940
2607
2815
316
6107
21579
335
1453
6059
217
1337
4015
29
185
8403
4821
5302
4305
9759
69
1766
3402
1209
3637
2575
255
6756
141
854
1652
1450
24
5508
1219
6365
12001
672
110
2830
54
6
921
1431
4660
525
2099
21574
8254
994
9245
14474
3239
6533
4982
682
8961
333
6736
1043
410
8190
5640
1176
1349
4919
773
2935
1836
7323
15001
5727
12
1535
13204
3801
11
550
1534
360
2202
1729
5721
2502
9896
149
3523
2504
403
1096
10258
341
199
1581
1619
1539
840
9418
5329
31365
2537
5114
705
11477
4978
37
9969
13371
41
942
520
8928
965
7229
1802
558
6
3828
83
10950
5289
4482
8918
7179
2462
8672
116
11521
3271
493
535
491
10166
7344
11550
7513
648
611
38
1290
1363
23075
15
3156
2136
7908
3710
15127
1701
9423
18984
2109
12492
936
779
991
1262
6066
2079
2828
3409
1047
132
1383
425
16
456
7666
53
3573
1318
259
443
5978
5207
415
18
8179
2902
940
35250
3111
343
222
230
935
1381
989
7218
13792
13056
41
1290
1409
23550
2144
14310
133
6567
249
1410
798
10550
640
10325
28
227
479
2506
1557
83
222
777
411
170
817
929
71
10159
4294
1687
462
12990
339
13383
34053
238
2876
566
1428
1659
609
907
8310
5536
12675
400
3719
679
14788
8131
30
25102
13444
9075
45401
15
1438
155
305
58
1711
805
12930
289
6410
880
19999
9360
257
9837
169
700
63
4584
132
7701
2250
449
4673
11
844
1788
36972
1231
650
1816
1
1016
2440
261
5589
18458
3893
489
12514
8040
7552
3719
507
29
433
1033
7624
48
253
6038
1943
267
135
422
3056
6509
2308
1302
1001
743
658
4736
5053
1680
7411
1534
7773
762
345
8210
66
143
3242
7267
21392
1455
5685
3746
21599
1404
5259
1029
3632
423
378
1626
5386
4430
1223
763
2522
481
3161
20
355
10561
2002
8701
2902
4092
355
1147
7791
3488
23298
5967
385
6288
512
386
1095
1176
330
4458
6373
15500
1350
2052
4085
338
606
296
354
5423
9236
235
13795
4175
443
336
24
792
4
86107
1284
9453
3216
1729
10483
1373
1266
39444
605
8477
904
559
8703
68
933
13716
269
12678
489
697
719
1773
529
586
1221
7664
501
5048
2684
11025
15
14
15162
25
9872
19
454
17747
2440
305
1441
24
486
142
515
361
5091
9
142
87
12215
5580
146
20805
19206
9411
25
1037
177
297
14
575
4124
2280
262
1295
17896
539
9427
6545
2530
1855
275
1047
8405
6491
2870
3991
1259
11
2795
1536
1175
6723
9690
212
3119
443
13037
36
5350
569
13967
149
323
4123
10
14583
20
13864
18119
1478
2764
1454
332
3379
13059
1500
53
175
5586
2488
3344
954
1061
1707
7316
1724
216
34079
8554
7597
1247
1149
17960
3543
26875
1407
3658
5259
229
179
8332
2050
1706
93
16845
665
8419
134
17211
537
369
78
330
5826
838
4937
350
1393
20520
154
40
1172
4001
913
9005
3261
1802
1288
3856
13009
4277
3526
12004
1517
1088
10656
969
189
29
497
7901
141
4857
486
1245
125
788
453
4727
190
505
8969
612
90
24
93
4259
1445
264
1043
5467
410
164
572
1844
10774
3636
140
8516
3673
113
395
140
438
8721
1
286
1631
2409
2938
22
216
5675
31
1026
51
852
602
794
972
3339
1196
1296
17700
23530
4981
289
1477
179
1322
4984
44
4832
21350
3905
8605
2815
4380
3159
2859
317
1209
2603
2596
109
312
2999
291
4737
7190
275
1755
2
709
521
31009
355
2828
4371
872
247
1323
235
18014
51
432
13375
6640
2882
266
4199
24
1822
5229
69
29
30838
2916
4215
5371
1925
254
5934
1907
1873
639
4536
3608
591
309
735
429
15387
26
204
6185
356
349
602
1203
4617
392
402
5471
228
1536
608
89
1702
3395
492
673
33
11380
8792
408
3268
2225
14326
18
4671
6199
3349
3312
111
15087
409
69
774
200
2368
39
3755
1022
2332
350
43
1059
376
839
2717
49
136764
1001
2256
25356
4289
6272
2507
55988
5306
1470
619
210
87
1936
45
1985
160
2357
25
1475
287
1351
1735
1
1442
612
228
1569
422
701
77412
758
29
1706
2866
702
265
9866
556
2823
8952
2725
5578
1482
14193
637
19
102
157
2329
6231
23985
1595
11139
23
1686
99
48153
2039
1639
4932
76
6535
26875
3003
455
29
4058
6280
7122
1745
56
3419
1690
260
14092
2229
1176
511
913
57
22181
5096
22453
3375
2203
70
3144
827
3549
7472
152
77
4013
10823
1
2792
10051
11474
1150
9589
9034
3
16302
126
11231
748
868
920
903
1412
3184
4
114
702
137
672
546
70
1582
95
50
622
1002
112
547
398
1702
14052
6254
2229
345
2654
1983
3640
1886
119
3481
4390
357
13881
1855
1389
2401
975
1189
17260
613
346
7586
1707
1277
1773
9830
10100
13863
2542
1026
49
38
5127
22404
1365
528
6325
3377
1130
524
9373
6719
2768
606
5064
465
3184
161
754
319
1237
1443
12397
196
111
677
1257
22277
4958
808
14859
3892
3439
241
1197
4235
1912
394
471
658
10361
3017
1829
1764
317
10298
363
2379
7480
9092
683
3
34571
413
5362
921
3627
53
1832
2465
468
1320
2972
803
89
1205
3484
239
5387
1378
2715
1089
1580
2216
6465
4474
4541
1792
15681
7306
3396
44
1560
6424
847
10168
496
8653
25267
12385
474
1263
2233
44
4776
14
19009
55007
1112
9
10
3615
23444
974
1104
5902
341
12778
5951
45
12
11110
430
1095
2701
33
2179
196
9539
674
1314
199
3145
766
706
914
4514
1745
1748
2050
6361
1612
2555
18
3185
535
373
1144
2763
13874
1932
3330
3691
440
1378
13119
1503
937
7971
53
712
7593
163
3820
249
16740
4619
2121
417
7228
128
5156
1904
2259
398
11893
840
5180
469
167
343
419
13
8310
4919
151
2397
2114
560
24931
1793
4155
40
1953
6
6586
3006
339
5670
546
869
2434
449
3076
3935
658
408
4281
1274
62
103
1069
530
454
225
8643
533
75
210
3898
4356
68
44
5190
3370
308
3239
306
8331
1845
787
1035
43
2908
517
413
5286
4818
5158
37
441
111
11926
23
1545
7
1221
13311
321
468
548
2135
1047
4327
6168
1696
706
7324
7105
759
550
3964
171
2105
2219
3061
25957
2685
3282
57
1489
12196
784
45
2200
488
334
3850
1918
4017
404
262
7953
2474
28
2507
2226
9113
247
18126
2247
1526
286
2112
1030
67
924
156
565
1619
282
1140
4407
10633
465
11565
207
782
3691
973
41
1342
648
219
19557
6
1344
2064
1638
154
2329
2157
795
10578
101
4020
1335
647
3769
6274
11513
944
5401
287
3476
253
7880
416
187
5503
281
215
1772
805
15076
3382
10406
2627
934
9067
156
143
6204
827
4485
195
283
8692
1011
315
23
1066
275
5212
160
3463
746
9104
14877
432
1838
27109
8015
535
153
7896
1640
1908
1512
116
316
431
88
1368
1334
6420
387
401
1998
5021
