253
14
150
187
18
272
18
368
12
127
238
10
253
485
154
134
249
210
249
109
174
124
125
277
6
97
218
241
148
136
219
122
255
44
438
32
58
241
137
212
143
12
83
40
35
77
191
25
11
246
221
210
179
121
9
104
15
216
331
3
5724
21
158
38
155
154
247
125
97
151
54
247
31
73
10
13
12
473
121
203
129
200
228
63
77
4
38
36
1
8
140
16
255
11
121
2
426
5
5
2
21
64
159
135
128
145
12
891
49
40
103
246
125
651
247
261
14
274
278
216
223
125
213
55
12
292
247
95
106
426
65
222
148
374
445
118
213
165
138
125
270
157
244
117
162
6572
125
219
