244
407
256
79
777
2996
262
537
23
98
198
1792
60
5932
181
876
77
6
328
52
886
2463
129
3917
10
117
1069
176
18
1649
664
40
102
1
210
87
1
186
13
1635
2450
26218
654
126
572
546
1317
7
8
2453
161
476
208
1465
1
2051
1502
15
33
142
3656
5
275
28409
1018
9
862
1820
126
53
7021
4973
2221
46
377
2224
1953
77
3190
5165
3834
58
149
7784
1060
132
392
511
173
2917
368
46
69
51
87
30
856
25
67
80
1
6
2692
2
7
135
740
1
3839
3249
2135
1
475
1
263
83
274
67
7
18
77
56
10
20
138
167
2003
614
1634
10
473
2316
131
757
2
37
10
83
484
1809
68
60
2202
19
952
8
1039
1984
34
199
8
9
21
841
2139
11
6
770
212
371
39
4820
107
489
549
2733
338
57
141
49
68
20
35
127
556
1925
3251
88
4274
1764
4746
3054
2881
5977
1
228
357
7564
141
6
2022
35
183
131
24
2287
11784
224
708
319
64
274
49
2349
10935
480
341
154
2
3813
25
1516
851
18
1612
105
992
35
21
786
545
395
1273
19
1034
410
27
4152
5659
31
65
564
1945
53
4
4783
28398
51
1390
7
234
1
364
791
565
61
2064
112
14563
1911
144
2168
145
569
306
10897
2858
51
4
3
389
1365
58
5432
1751
8349
138
34
24
11213
521
814
206
7
3267
1249
968
795
646
185
26
157
110
11845
30
1
4323
280
35
482
48
101
670
723
2
182
2486
2545
938
72
1920
708
27
131
2913
644
3433
796
982
491
819
2041
1266
485
25
277
3725
478
1
331
7
128
23
156
432
1064
573
3883
1620
3256
130
22
247
22
4749
8
9009
664
5
18
16
82
3543
3654
376
16
5368
6786
332
893
1818
293
10
1971
1
193
500
3190
7
463
11
2273
2511
1734
30
25
128
2602
91
514
527
209
1656
2053
62
196
40
2190
578
301
62
6165
23
200
1378
2778
28
305
30
86
2109
47
2754
150
32
41
1036
24
14318
63
3606
15
3713
19
239
5
3805
6705
116
3651
480
1654
1629
4853
1859
169
1956
175
400
593
18
2198
8248
1040
168
201
3953
54
774
194
183
22
12
166
2713
60
400
3515
1405
866
6466
56
425
39
2
690
41
2732
1697
6109
79
1748
98
557
14
196
875
146
4
11
2929
5777
4953
1021
146
867
14
14099
3870
236
34
8
336
9757
4344
204
416
117
419
468
207
4871
23
1663
2683
25
308
1542
22
469
768
1433
235
53
8
20
23
20
5
55
2209
29
86
334
1708
168
2537
374
375
815
891
933
779
59
20
502
48
4580
888
4
47
3002
112
16
1190
1874
43
39
38
129
1
1414
99
2
77
753
31
1386
143
36
28
5
184
70
1533
180
1536
3509
8
27726
759
263
7640
709
7611
1424
5764
3
12
1480
3648
37
3201
164
50
2
124
267
316
4042
456
587
1337
137
21
1201
135
34
704
35
829
995
69
1622
1272
2539
15
1105
703
1417
366
38
4584
3859
2771
275
301
147
27
2628
133
6546
1115
968
1802
612
32
1174
1009
69
2014
69
426
2678
130
1601
833
71
1933
400
78
29
1014
310
11451
14
855
225
168
29
1822
8126
32
93
17
10
57
64
625
193
10
116
1176
142
26
2
109
1959
2449
44
1560
793
25
3401
393
552
6
3442
5569
30
28
290
6
19
3426
179
258
1
135
160
28
13
183
15
2366
9
129
109
3
306
175
2290
106
1805
552
1
1315
28
217
99
53
180
193
134
239
161
2250
6
61
4510
737
2405
1798
4469
202
85
77
1394
39
328
91
14
919
69
116
283
45
460
55
915
8
1560
76
575
42
154
5
665
2328
11
226
25
46204
15
23725
611
838
49
1277
16
34
1537
3076
32
20
2027
37
8
99
1155
30
34
1154
82
4
322
14
379
248
61
27
44
251
31
31
373
2384
3390
26
97
238
75
154
3699
28
93
234
1064
110
578
1618
256
1
889
270
692
56
3011
10
182
1308
227
485
2609
20
3258
55
80
936
135
22
19
277
13
164
1130
1092
36
1272
58
107
129
33
12
145
5997
9
114
472
1205
2503
934
1638
312
42
1
9
6159
166
109
36
129
627
4444
14
134
13
434
305
1
558
5453
27
1226
1279
33
1622
6
26
24
14
512
79
2786
44
1887
20
141
306
105
42
606
4943
18
983
137
60
45
132
109
319
20
72
694
53
1103
2681
2605
636
3
7
167
379
129
338
133
191
99
89
396
1404
780
365
16
4244
5648
970
18
58
18281
447
99
4
1024
94
15
47
148
297
290
8163
360
67
5287
91
6946
30
3424
509
91
35
59
5051
582
6
376
18
2027
371
49
24
1396
74
4
450
6510
7088
1068
22
133
8180
22
29
81
1183
905
4200
463
1112
3473
14
18
202
122
47
53
1039
208
58
2242
3040
419
16
5145
36
24
401
435
2
68
589
2362
11080
49
279
20
7
21
5
329
86
4102
5525
1454
686
119
665
128
2727
8214
356
874
99
186
7
6799
96
1131
1262
235
571
108
277
7
85
314
272
1
253
49
1015
42
176
10695
1006
4
183
5967
84
21
417
911
11549
653
514
103
6698
3385
679
18771
72
209
325
96
138
559
157
2774
2024
42
26
1643
426
1121
30
1512
161
963
495
79
26
170
137
6420
30
19
940
12
31
247
301
16400
14
20
8717
38
5
4
2838
33
9
421
36
52
23
8
4
108
183
92
127
88
116
38
341
9
17
372
15
2058
308
7
242
491
6
127
241
3
1941
1122
77
187
223
1705
103
439
4
64
1
172
6
14
288
2335
6603
2
3
4946
40307
1
50
1312
43153
438
29
28
64
2008
944
3
990
1
1166
239
39
291
798
128
1390
56
221
822
6
1570
44
183
912
23
3438
152
1
98
25
24
104
8
23
1861
78
524
5
5169
214
2082
25
372
265
40
105
62
101
2645
813
1232
39
65
355
209
304
235
42
144
5
988
1524
6628
18
245
32
238
2
6
29
113
71
409
768
538
2987
67
4908
209
1398
3
630
78
349
358
1019
9
255
210
4
1217
325
335
44
352
155
1815
356
6
9
176
845
61
265
34
177
2117
122
243
32
864
27
1396
76
43
5
1650
282
30
7
3
991
3
590
724
1097
624
10
91
41
38
540
1491
226
2
469
127
102
39
27
266
969
51
344
21
838
130
411
614
268
187
88
5
31
362
16
716
180
5
28
5338
390
58
964
128
309
2489
90
63
31
553
1493
6
148
294
33
198
79
37
61
176
2032
1143
409
91
174
656
469
5849
39
1222
43
9
5
47
1
102
286
33
283
106
42
102
10
829
840
313
28
482
88
229
44
17
1175
68
42
173
975
162
29
1046
701
57
58
48
459
17
71
1
109
182
5319
72
314
48
51
477
2510
120
1175
365
1
391
1875
3
157
259
312
10
820
12
1
3812
108
484
972
1717
1359
996
3004
69
488
2383
77
47
54
333
687
2443
398
367
712
100
75
144
385
206
1020
873
838
5679
505
52
7
142
156
109
216
227
4
83
7055
28
2880
127
2192
599
103
2185
760
5453
148
78
77
1732
762
1045
3
645
90
436
763
203
829
26
1581
6834
283
21410
115
122
776
1138
1999
5792
441
244
108
2999
5388
1605
1
625
55
1589
2438
21
2525
75
1220
246
135
6
14
1646
46
1446
79
33
18
1302
44
4766
74
2320
47
52
793
1017
165
527
48
29
144
1519
1670
60
1730
24
2302
1
199
18
246
1578
59
282
11
6469
443
87
12
1193
38
4281
27
2
1654
3730
51
77
643
57
37
771
84
485
140
26
333
41
18
2922
24
39
11
55
66
473
77
34
2
8334
876
11
4823
583
1480
271
506
95
129
294
15
6
33
106
479
663
1400
93
77
13
50
211
7
1099
86
4
177
11242
228
26
398
107
118
25
8875
6
42
23
8
15
103
297
778
1
10430
1501
52
6
370
1
1647
15
1
139
15
31
292
15
18
630
275
64
2
1643
99
294
85
882
24
222
7
2
98
403
379
3013
6
392
952
156
680
61
71
5
56
183
69
1
37
137
156
676
1576
434
126
158
90
375
398
6
24
2531
17
3438
30
5
7
1972
8
1115
3494
135
394
326
470
240
26
2
25
60
503
63
7
57
13
16
78
45
8
81
164
582
1095
204
810
10
535
16
858
3
62
11
95
27
19
1
99
26
25
25
28
12
1069
2234
1
28
4
1871
8
113
161
73
505
232
704
114
142
462
2
87
292
142
3564
558
48
703
7366
246
37
43
5536
187
84
444
5
112
8
393
3275
244
263
3
534
2263
20
147
3036
37
504
305
469
1553
26
65
64
634
262
209
456
36
413
82
698
129
55
3
215
11104
5
59
1242
179
1008
269
13
19949
79
101
549
1428
436
104
627
125
163
14224
2441
435
2318
980
18
132
1270
125
32
76
113
42
173
23
14
125
155
444
5
293
5
1240
12
88
43
764
43
5952
1171
2543
14528
17
4792
718
13
162
1535
26
108
284
5
6962
80
409
368
143
3186
801
626
839
47
156
2485
1224
333
10213
9
1302
2819
203
39
95
3
6
150
34
5408
852
11676
438
136
20
33
14
363
58
37
302
154
80
20
20
3844
904
111
29
4
17
1057
322
2893
112
692
35
4813
50
296
54
11
10
163
69
534
9
1758
158
125
2077
19
898
184
257
5
492
62
418
138
860
7
1367
99
14
127
38
142
6418
26
269
13
1040
21
1507
1
2
63
111
22
9
219
194
86
1
62
1075
120
1866
1372
169
1360
160
8
1119
565
133
155
403
24
6139
3839
14
180
2253
10519
1052
1798
21
307
1280
1
485
726
3675
130
20
3
169
35
82
73
38
1
4258
438
315
3991
964
8809
765
3265
30
5222
97
16
6121
39
6
4341
2545
2431
8843
20
8
161
563
276
319
72
2209
40
51
94
8
7
9
18320
9
5
913
84
14
2078
1321
1105
2670
52
373
406
266
9
141
44
3052
2112
70
135
5018
379
576
13
147
118
549
135
117
46
37
62
177
66
30
273
2257
1783
1644
428
32
1252
1
8
47
3986
2
1721
68
17
1315
4
410
37
444
1113
228
199
974
1213
2354
36
2538
69
4888
81
1340
103
193
1292
2038
73
1782
1970
21
16
51
14128
195
3381
778
18790
130
1450
165
192
2
4930
390
249
8
872
12
65
326
356
2
61
7906
83
980
65
5668
134
134
38
3797
185
1
8718
3749
1560
561
2667
137
58
455
1025
46
2355
28
384
2078
412
598
1176
63
136
1745
409
1179
2656
1407
7
2888
370
13
1179
16
2976
333
674
1257
199
4471
162
140
68
396
16
1228
19
19
5838
1216
343
6915
659
514
14
28
2720
341
290
97
13
433
211
1962
425
86
1481
146
59
156
13
136
55
59
1
14
68
4502
310
132
90
41
41
43
14
44
2
832
683
16
947
754
1148
66
11249
9
95
454
136
2449
550
3
167
313
3380
938
150
2
57
534
64
1111
778
1
480
406
4
14
35
2286
374
4181
443
23
87
520
51
19
360
401
2676
11
3146
787
323
8
4022
95
33
1115
6
6
2294
347
572
808
403
2539
21
2
1
15
1858
622
55
66
311
1168
24
21
410
88
160
50
1498
33
4
128
9
2547
1827
875
53
53
97
5472
34
611
153
20
6720
224
15
37360
28936
257
3537
142
720
970
89
89
1638
247
516
880
70
46
23
28
31
157
28
1
14
18
58
37
20104
268
946
483
15
125
122
38
113
133
157
231
163
2
535
39
197
65
6
50
54
93
374
27
106
498
292
44
13
45
6
1084
843
96
392
30
3273
133
136
7
10
3
124
118
13
6
494
63
136
2120
959
777
1799
55
2006
1266
1
39
1807
109
2416
30870
7452
1426
3083
41
18
1116
1424
8676
24
139
29
865
2836
33
998
1580
616
1862
3145
6833
91
76
1471
6
29
1605
54
160
523
547
47
262
17
2443
1613
194
445
1346
1157
76
238
267
1242
857
266
530
43
92
317
74
76
25
163
1340
1
185
365
3
821
210
10817
5788
2337
9656
598
158
3035
5957
357
1317
1720
970
924
11
143
411
5198
3978
2196
130
7
1319
164
1613
317
506
119
16
566
743
1310
90
111
3150
5
4628
6
256
2262
304
2222
649
1206
82
1
1333
195
506
12
144
1375
23
29
216
58
2202
160
1
83
4732
155
2016
289
37
113
41
1594
60
41
5
24
290
1802
151
23057
88
505
142
85
5
3815
312
159
8
143
1656
1
605
140
247
407
767
16
3586
339
1396
49
68
84
432
6385
12
202
55
470
1863
1
3477
49
14
3630
2
7
2117
74
706
30
20
59
793
1
101
3
483
155
2903
4186
520
11
43
787
32
629
35
51
1791
274
1586
1592
2
30
383
608
30
1192
310
149
1502
917
393
798
5
10824
1291
11
235
7
526
194
281
3617
2182
89
17
555
500
1475
579
19
1
1716
132
210
153
4502
687
88
1166
414
1580
4722
123
2864
5254
79
92
57
51
61
85
7
1984
117
33
4
3851
124
1340
1
66
2721
1790
6223
2544
8
62
184
52
871
1050
1
32
4549
1619
33
1209
54
39
5439
460
24
1726
1
25
121
23308
1207
15
3735
1335
814
232
208
84
15527
334
1979
180
34
302
132
536
1792
28
3283
2679
48
149
4
99
108
223
25
469
2
1310
451
132
134
4
386
11712
202
29
1489
20
27
154
35
24
19
1488
71
11
22
248
5824
3
67
240
30
3906
2410
653
286
363
1507
3
62
1
38
283
10
55
5
110
57
3
61
363
808
715
1369
970
85
13
9
9092
2
199
1799
2491
1813
11
3495
112
2145
805
490
57
26
3692
1590
15
794
1326
38
787
186
3
3417
70
4
166
1
22
189
351
454
710
6
374
75
3
112
223
17
203
688
85
589
2
61
2817
6
9
323
323
7397
1945
461
683
21171
439
688
4529
28
1406
2332
60
199
7532
12
630
434
955
69
5209
191
529
273
726
3989
6
109
4
12
48
14
31
1399
216
206
12628
270
723
119
104
358
152
8539
5884
2570
1129
4
279
25
4445
561
416
304
243
461
126
77
764
66
5255
7
32
117
1617
173
5016
395
84
534
41
46
1928
1503
35
2
21811
93
51
47
323
377
364
43
6598
294
28
6448
4446
3014
578
72
3612
243
32
1
3
2155
27
2494
46
2502
4238
5127
1240
1266
297
3168
71
10352
989
90
472
13
311
12
140
137
5168
62
2011
9
26572
41
1
26
97
1
10
5
157
238
73
29
3353
452
38
84
722
1319
25
237
438
10
7907
75
3071
3105
44
43
144
617
318
84
26
3410
71
1220
151
211
11
1678
2122
1528
108
1533
461
27
39
13
86
157
221
54
252
48
24
449
27
104
9
4
843
2786
4
239
1
2
240
5899
1546
31
19
33
18
28
91
32
407
1354
35
886
1967
247
6262
279
1220
45
54
804
6392
20
2
11
400
39
1171
263
429
455
2885
1859
49
2413
1431
3
93
149
531
100
24
59
1
413
1797
1845
333
563
24133
2
111
1017
62
4
7
91
151
39
365
22
72
478
2170
1865
146
24
1029
171
1844
90
2042
10
630
8
20
1523
474
38
6
95
159
109
171
74
773
363
225
213
770
88
200
167
974
142
91
2839
50
5
718
495
55
94
98
174
3561
211
38
453
31
438
1001
129
9
7044
436
121
86
47
10
2287
113
29
129
41
30
4
63
827
86
35942
30
15
110
53
1449
508
263
6
73
21
340
45
31
936
12
31
66
72
21
10
6
61
40
10
1607
44
739
61
17
87
16
75
115
63
477
70
413
159
1624
700
14
224
64
5
77
749
20
31
200
42
758
317
194
9
3
334
5
365
194
473
293
94
33
580
2503
85
35
71
148
30
2475
13059
4252
999
35
11
1030
129
32
28
66
132
1709
3152
30
420
567
704
6
12
1836
56
535
5443
2001
5240
141
1161
9
1762
13
3228
375
8728
372
513
36
200
762
565
248
11709
1625
25
5
2465
106
9
3211
2004
4348
85
231
2
8
2525
2415
79
6
149
2604
171
223
8
34
64
85
4501
32
1726
2592
1350
5
2701
1686
483
1734
1625
640
1688
1775
700
482
110
2750
5057
306
577
95
15
392
42
1821
21
389
1991
1
11
241
68
39
529
75
1818
986
1228
3
8644
2095
20
55
72
21
30
272
201
465
183
587
1
55
2319
31
6
1894
1533
1133
600
110
1138
12
475
116
73
1192
5781
324
273
260
2345
5033
6410
3111
38
28
22
142
396
72
487
88
172
765
902
51
11
151
83
396
33
15
18
679
696
2095
153
3527
45
2723
449
996
98
1557
1149
1414
278
832
1957
142
35
26
442
292
517
342
95
3978
48
211
119
48
110
86
1588
54
205
1065
8
33
403
46
230
622
427
6278
143
1
104
32
356
31
24
207
117
2029
693
6
444
1397
2140
8043
5283
2371
9
38
3228
1233
1118
1047
6
8
4375
351
13
11
1354
573
234
51
12
9960
2207
515
208
28
543
1719
1301
330
76
803
16
152
120
89
58
22
689
5458
392
16
3996
1995
548
1085
768
6
20
61
92
313
3737
2211
678
100
92
1248
16
3
7447
980
981
3
20
26
57
23
273
1657
60
861
474
41
10595
1
101
439
57
4941
5
16
130
1032
9
989
109
748
2060
57
1312
891
61
488
3
2036
2624
1882
280
127
163
3457
20
119
262
5
2
1972
8
3
36
160
21
1684
1911
2667
283
823
402
396
122
1431
298
84
33
98
57
584
46
404
1210
10084
29
6
1024
157
2736
4109
998
2362
72
243
2656
1961
50
55
9
990
6788
430
14
444
5
978
1809
29
5
310
14
1815
1
2454
588
200
321
1413
1594
127
29
550
148
172
2
10363
1
239
55
328
174
636
3
6761
359
79
4337
13141
180
2
260
7119
2939
30
22
463
116
567
4
2843
1267
449
6258
38
1
22
5697
1783
3
128
78
618
1046
659
3505
206
110
2509
50
1564
540
7759
104
1393
2127
1295
56
75
326
12
1247
2046
1
896
325
353
10
14
48
920
168
1667
9
9
4
211
2482
98
6126
127
15
158
6556
128
13
249
24
103
20
20
388
502
100
1062
471
311
378
539
3452
1840
612
1247
8651
51
189
14
418
8
1741
42
821
34
23
69
274
88
5517
3
14621
38
197
194
17
5
35
1225
686
14
1913
416
13
308
28
32
5630
860
1
10
17
6
36
4
145
1338
646
4061
453
1
56
242
95
446
39
101
21
248
33
1030
135
59
657
35
309
134
934
70
137
14
702
485
46
273
6
135
621
876
1640
1617
4077
106
68
37
1758
98
149
156
4
57
198
30
33
82
45
51
268
353
2002
98
3938
416
101
235
6
4570
13
11
354
252
10826
36
1429
528
281
899
61
414
45
66
27
55
2506
45
444
315
624
90
2933
101
914
143
4595
98
2
795
40
1005
51
138
6
124
21
1313
509
1772
2060
16
394
244
1065
2363
888
896
14
418
142
1117
1609
140
307
839
47
24
214
5
1283
205
6899
86
48
25
212
20
74
2275
200
184
13
468
546
367
363
408
5
36975
2538
46
19
90
60
1188
563
11
94
48
212
2263
434
1
181
558
3394
1119
28
705
145
1887
2311
86
3625
52
37
48
243
797
2092
514
214
908
88
89
1787
25
101
14
727
4
14
3268
152
68
2909
8
5612
134
9
9
143
1515
486
188
49
11
141
83
2119
140
464
1644
389
14
1437
1825
15
57
104
793
27
1684
4071
831
31
2264
2100
38
746
72
819
24
26
41
20
24
725
769
367
1567
33
1555
172
557
232
18
20
16
370
739
803
8
139
270
24
24
1
699
754
24
6742
2171
268
579
18
275
349
20
1790
2960
171
4
4284
6
1078
186
117
1
2045
6
5123
466
341
65
176
1351
1304
127
20940
12
1057
1032
8
238
452
382
4409
19
926
23
23
30
64
4
271
2662
198
1
165
30
3
10756
70
14
220
1078
134
566
1170
230
4549
50
15
1439
83
2910
390
213
468
895
37
638
2733
69
124
1372
72
21
2769
123
764
47
80
42
475
81
56
307
20665
87
19
1054
21
50
12
153
10
16
503
31
45
157
19
38
78
273
133
4
930
1048
46
3904
30
1749
1181
252
21
415
186
437
23
409
390
14
88
1237
53
23
611
46
65
3
17
3833
113
166
315
464
258
1791
138
149
678
298
732
1148
29
446
127
8150
219
5
160
1638
194
89
36
9
43
550
386
3598
5821
248
11
57
151
1170
71
447
818
11
593
46
148
2598
3298
39
235
3746
2
211
600
295
133
1677
19
2216
1432
3578
7076
637
3813
69
7
147
428
28
191
421
1476
153
2195
6756
35
384
77
97
3749
2858
186
137
4820
4015
98
45
197
132
1170
48
57
9
45
361
555
13
71
29
1115
410
6880
72
1721
10214
401
177
143
36
5
2200
12198
95
1680
760
331
49
194
311
169
72
1780
1272
10
210
1
1245
43
106
1041
1810
178
2494
892
429
2805
2693
1761
249
142
51
231
75
133
20
116
867
70
1
1
260
1280
15
93
616
300
16
622
190
189
7
1513
464
3
663
1122
934
632
65
1688
12
221
88
246
1014
11885
53
65
48
4
3
2
38
785
278
1693
106
942
7
34
185
1324
1462
3003
2661
65
260
312
26102
1821
1690
227
916
144
527
184
55811
175
23
10665
694
130
316
253
1171
3
569
47
245
1101
6229
76
11610
1
755
1948
15
25
301
41
34
159
219
259
746
1975
33
1733
312
303
13
21
3271
10
26
1798
40
513
91
1524
85
25
27
93
39
363
702
630
471
60
3643
4
88
32
600
4766
26
3147
1685
422
190
592
157
115
1
28
135
13
14
155
37
9
65
680
63
885
14
4109
202
5945
62
2951
455
68
1064
210
201
466
689
14
361
100
875
1491
27
6
1124
43
40
1294
7
992
30
2669
14
7
977
219
275
235
1435
1152
7
72
976
10
535
601
2592
14
48
39
82
72
2075
2748
5762
75
8
22684
7
41
59749
411
11
360
5290
56
20
79
2012
500
1717
1792
1
357
1267
84
314
19
1199
76
110
25
193
2173
4556
119
121
81
169
27
71
37
54
232
1143
33
215
343
309
35
38
161
272
2
46
2
68
1574
127
75
2178
351
237
2956
13
315
2
106
235
1027
373
75
62
10
143
166
4
61
115
12
128
379
3313
37
18
8
117
147
1269
151
1405
457
82
9
1497
58
21
298
137
42
65
1534
80
58
10
143
10
415
10
227
6
3
254
7
160
144
149
282
808
133
1
133
68
8
1
275
7
35
1882
153
256
201
62
10
751
95
2594
109
10
14
32
449
9
126
1640
25
112
14
97
197
363
59
301
60
184
48
430
990
92
4575
35
63
8504
98
61
34
307
786
529
10
116
4521
1380
455
92
273
397
153
162
8
58
1440
3102
198
654
400
14
53
108
234
284
30
186
270
70
94
4
677
65
15
55
64
247
99
820
73
11198
187
12
469
221
601
135
32
3043
248
240
117
161
144
158
81
318
269
180
3
394
154
182
214
9
197
55
55
7557
95
2923
18
149
3418
200
45
170
163
256
515
221
5856
95
38
9208
75
215
195
221
590
97
219
105
296
361
132
53
1017
49
29
4
33
372
315
200
384
72
38
26
231
355
372
121
488
176
23
238
7
147
61
224
244
688
1121
27
1185
401
784
50
733
135
36
1
628
123
56
120
50
225
10
671
232
183
247
361
115
367
109
307
106
633
55
3094
379
571
2201
741
1668
226
1470
315
16
62
190
314
304
43
4
55
1041
210
3794
19
71
9
503
4
1802
3246
95
11
210
2
1879
1
58
767
398
315
886
282
47
24
9
7255
94
258
276
291
320
44
2604
6869
2133
346
25
2192
433
697
10
109
462
27
6688
2063
5
227
179
22
811
2756
339
1948
86
91
1683
168
386
25
537
231
591
3563
462
220
482
3252
117
196
235
113
3294
313
30
436
133
2892
47
218
1
54
2598
9
3900
292
214
64
50
4
643
1
513
1061
7
29
662
7
1123
137
270
1
1255
59
257
357
193
332
126
134
721
1
19
18
20
32
37
10763
64
6534
1109
15
28
8
1086
5
1028
4112
414
122
54
444
376
60
19484
11
139
293
3071
1318
4
118
65
333
914
22
47
153
25
140
431
21
25319
20
36
1067
421
740
13
550
118
2
213
3028
2
216
98
417
35
1
2656
328
1
233
32
5
112
45
32
532
265
1
39
330
58
169
98
16
216
155
9
77
16
31
146
43
659
42938
100
470
33
73
284
26
93
302
2
137
44
820
21
70
125
73
435
31
174
34
17
117
45
212
3232
76
133
14
2189
78
1
13
2549
319
3002
1220
132
1
768
364
496
1025
431
41
501
70
82
531
202
197
242
37
36
36
108
636
184
216
52
275
1
9614
465
9
22
893
2593
1
3
126
190
103
30
156
12
26
742
331
34
9
8
32
433
258
1
76
11
109
218
67
28
234
109
218
11
1
513
882
293
3913
49
696
13
302
366
2
139
7
4
121
1589
6
3248
21
2346
56
247
34
124
63
149
60
2042
214
536
3787
3
153
526
599
494
1304
1
357
56
12
99
351
82
246
2073
49
52
121
190
60
558
3649
126
170
239
401
48
171
34
639
48
8568
6005
332
125
11
1236
198
15
93
1078
14
548
1155
396
876
54
3158
678
653
202
441
532
450
395
2107
109
339
56
46
249
771
235
1593
15
140
2059
407
363
376
648
1620
197
4598
3742
1
352
7410
354
7
3386
659
341
35
673
421
16482
8342
1585
36
2059
193
119
87
44
61
240
19
1385
5
719
575
31
12
727
9
33
3530
1075
22
28
2
50
103
92
2051
28
4236
99
212
2287
37
1378
92
2
198
1307
251
139
77
18
182
25
4
4
1
477
66
9657
13
17
22
37
337
2029
6557
765
2982
197
556
118
387
1968
37
7538
4907
39
1
254
51
346
147
195
5005
2319
10
8299
76
1420
1016
312
40
171
85
2259
1702
38
679
2401
67
7673
1409
2
70
305
345
1081
3358
815
3634
476
714
270
3
1838
190
8977
4924
136
120
195
30
69
2351
65
775
55
1091
32
176
4967
21
41
622
368
475
11
19
924
816
228
307
459
773
20
9
13590
2330
1
18
33
2340
2079
5892
525
15
34
348
7
31602
23
1131
2075
114
3832
2614
49
12017
995
132
253
41
22460
887
487
199
2604
77
406
694
1009
3
10
155
37
571
1059
649
50
475
72
1670
59
723
20
6661
427
20
272
21
4301
72
945
468
146
25
1670
966
40
59
3
388
703
930
80
29
41
607
2258
115
8480
162
1808
182
1323
820
6583
83
7820
399
102
39
2258
161
1659
2
3
6957
582
401
23
321
13
51
2114
1241
1585
11
2
2712
455
15
1885
144
688
30
12
785
739
5273
6535
1702
339
653
11789
426
2693
280
10975
6934
115
148
6302
83
12083
8512
343
567
116
149
532
154
3
849
727
191
699
25
1
61
98
80
1607
76
324
783
285
1
3677
10
38
37
806
2018
23
592
257
24
311
204
55
2284
2790
281
1245
592
51
980
1325
942
9
256
6739
4887
1446
66
59
581
3044
97
175
1295
16
740
52
906
2282
5151
183
5674
877
1505
2042
135
59
3530
261
353
9
1487
2253
581
1871
1393
11
706
211
944
336
4585
1904
3263
743
101
1174
97
2508
181
1
212
1573
5801
627
4315
661
218
423
2936
826
793
17819
458
115
464
8490
1300
2253
419
68
901
613
309
1318
21
1835
540
15302
319
2101
229
2132
1366
15
2309
5
1731
122
304
6186
1508
1693
4032
776
81
209
223
539
22
13
315
51
6967
380
21
1095
6
1198
416
59
93
843
216
30
337
34
1302
133
447
241
53
73
116
450
4991
3270
92
141
4600
1112
2234
83
157
2053
199
99
22
365
43
385
6649
1054
2535
3481
618
1040
801
2973
495
2252
9
312
5
1108
95
404
39
1
357
2144
15
412
2908
242
1078
2440
207
1974
9
80
437
704
609
409
5
289
232
1610
3232
7
266
6
48
16
73
390
20
362
8976
75
118
94
20
231
2635
79
24
86
222
11
6
61
5533
12
100
2444
131
1023
22
242
586
290
530
1
2202
199
370
748
1961
9
6839
412
466
228
6
15
20
875
747
321
483
1186
2865
60
206
2574
78
1335
80
850
8
7356
675
949
152
892
655
58
441
17
6296
314
25193
318
38
293
435
13
11613
1540
6
27509
788
1158
8
411
11
1179
143
75
16
220
134
60
55
965
1
6507
92
137
154
1144
1882
756
9819
18
905
1500
12
117
546
4
1551
512
1274
910
3582
64
346
22
39
19696
444
28
1176
285
13
366
234
202
231
203
58
490
824
317
66
410
12
2177
34
184
21735
124
246
150
49
291
261
315
2563
271
704
134
24
193
1172
39
724
117
52
643
203
1630
655
1790
27
1
1650
100
460
216
195
2071
7
35
981
982
24
143
186
95
305
67
30
7192
7
2143
33
1570
314
100
70
142
439
166
43
120
251
21
78
173
1101
4530
17
131
878
13508
434
1604
1
645
1361
45
17
2696
639
565
724
1
32
21
737
13
1809
653
123
614
56
70
84
710
54
870
68
120
75
147
233
522
479
1025
190
237
39
165
9155
53
150
422
16
30
9
242
526
223
47
39
45
787
1
79
156
18
1305
1847
602
35
66
513
830
228
181
26
15
61
239
3137
826
261
4
231
30
12918
158
14
1356
100
6
114
87
19
143
49
6775
170
71
1415
100
7
14
379
765
39
74
167
4367
29
224
566
1219
1786
7
99
1422
751
3
204
171
80
2358
5
524
604
1122
659
189
557
37
978
22532
8
912
3
243
29
16
38
5933
154
1817
1286
801
108
203
252
89
53
257
172
398
572
1144
416
1065
36
112
28
689
507
1485
523
42
26
193
18
556
238
830
270
146
10
226
164
9991
311
210
6
798
839
3482
432
37
15
369
89
77
378
10563
699
2304
4
6
556
328
55
11
15
148
2350
16
37
51
149
237
1539
3
4
1534
206
1477
321
108
228
96
1319
119
88
771
25
345
3952
6
208
15
1552
47
42
5439
1362
342
217
101
342
289
112
13
1977
3863
61
220
203
5651
96
84
377
52
610
1972
136
1
7
65
8
399
673
721
132
376
370
353
118
235
27
1829
2561
686
399
3512
2952
472
1747
1412
36
431
4251
32
4107
8
336
7
13
6
1447
492
895
335
464
177
8885
412
9
69
17
148
993
2685
815
530
3960
90
93
11
157
1455
549
338
10
26
612
1116
253
54
148
816
1829
1671
1293
34
27
895
466
1272
243
2220
18
145
164
1632
4
69
243
2283
420
15
30
4634
243
179
864
1146
2327
811
701
150
673
78
8
129
6482
5177
7
453
1989
134
36
109
1208
527
168
181
83
996
30
2584
1305
222
75
30620
4
3065
50
57
763
26
226
134
3735
4
794
1023
1473
570
45
1
290
3
885
10
447
2682
225
3950
4
157
8
286
11
264
63
18
44
612
957
2238
30
13000
56
121
105
220
975
155
622
427
186
20
341
529
615
55
28
87
27
144
1
15
397
60
218
241
115
30
91
765
1931
180
985
30
102
720
68
88
126
139
79
511
627
9
2834
204
4769
7
3576
246
1260
1962
17
101
510
433
1268
5017
250
20447
17
16
28
27
7
435
21
72311
396
187
313
394
6138
18
74
56
357
1108
126
3301
14
1461
7443
53
283
250
337
3910
1679
73
58
295
6
1905
561
108
79
496
3469
828
831
270
57
382
998
1212
2683
52
30407
95
353
57
492
579
162
37672
68
101
645
195
89
65
2396
169
243
3066
55
339
126
6
2
1237
2228
15
159
124
118
64
273
349
232
6379
398
440
561
96
747
1
857
1189
110
300
40
3
665
271
65
1199
74
1904
14
6184
3676
346
1490
704
8
10
875
5
1000
313
38
57
123
27
3
967
1088
57
2885
500
44
1272
66
314
444
607
1
12280
16
1989
76
148
106
23
233
5
22
28
2686
823
181
53
936
405
13
503
324
81
520
29
20
226
32
14
6
18
286
85
3152
186
50
1022
380
499
69
375
219
1788
1911
37
36
2137
605
788
98
58
214
63
183
1987
920
88
211
6732
32
130
149
701
1262
16
12
37
129
1846
10
125
24
108
347
82
347
185
19
137
639
396
41
81
157
2015
35
9
1598
483
4451
85
546
137
15
2399
11
148
10
8
387
795
3055
2098
74
875
1313
47
6
484
446
1710
1959
70
622
358
113
123
63
466
295
5
541
337
106
56
10
541
147
4
1058
3
278
221
736
316
120
17
16
298
742
3
218
48
2250
536
38
230
175
188
175
3
1143
77
226
2315
217
261
370
259
138
292
121
112
17
159
20
1414
63
274
121
10
1225
1986
2124
2803
893
507
1
12
360
7
309
9
35
1013
129
239
932
20
79
7856
196
144
73
85
342
239
405
186
2404
45
253
1201
37
1619
14
567
571
217
1625
238
1573
454
1
3592
7335
81
1183
1493
566
1095
141
137
1699
128
2719
16
147
486
866
11
21
433
11
2731
30
6024
987
69
2842
328
74
917
1038
11
91
69
102
1078
304
47
1459
487
145
16
29
30
8
26
27
268
1587
391
1134
220
28
5
18
3156
203
15
1425
1745
608
1623
8
1383
252
7
3475
557
221
103
1040
325
756
432
1026
355
2288
1131
13655
34
137
178
1237
1061
108
50
253
37
7
31
725
430
5797
1618
1808
1247
4
33
529
243
523
155
28
49
1080
11
61
296
65
59
37
1651
1111
19
54
1175
333
285
10
264
10
1161
32
17
339
72
335
285
14
6
1065
786
3
51
97
235
29
2717
1956
11
719
185
2502
10
9
1085
27
1010
24618
16
4718
31
421
155
10
179
49
380
133
297
245
296
2274
1
58
836
826
2193
39
29
638
1029
5
13
1376
20
180
48
5360
118
550
122
3708
416
90
1331
16
6
19
55
73
3076
326
126
12
2986
91
7615
1996
121
43
291
211
194
74
128
89
921
170
767
3349
488
4748
284
169
79
357
55
332
479
4
25
8
649
1754
1736
1
652
67
3624
1
2148
962
458
3310
162
2871
434
1
11
72
791
173
10
6
100
6
131
5
1511
37
7
928
131
1349
10
70
49
164
249
12
6
864
1
145
54
78
162
2246
129
2671
121
198
3800
25
147
10
31
15
1640
14
31
1895
480
244
738
1065
138
246
90
48
780
868
1710
1934
112
2
73
76
482
7
9
184
1567
3039
1869
2967
1674
7
132
8
6
8
597
699
12048
1342
61
1565
93
119
259
223
230
805
27
14
50
144
297
408
34
1331
6
105
311
148
687
33
4084
45
170
1470
5789
1764
987
129
5
35
2044
277
32
382
1
1492
36
6
569
66
88
2020
209
76
2658
1153
534
504
4
123
1296
19
7
160
1110
4
1534
385
8309
104
15
32
70
109
37
82
1171
160
50
51
1
1
375
6006
1032
77
838
152
36
10
38
103
2030
8037
130
40
142
1136
116
982
288
2032
230
441
16
161
436
1932
38
134
465
52
11
117
47
1
198
184
3605
18
79
5
116
98
265
14
3183
67
217
364
64
374
34
642
100
21
453
93
95
1062
415
403
27
551
68
2165
114
86
166
10
26
298
21
91
28
2177
400
44
2514
63
114
170
2630
133
4
3512
19
306
8
28
855
2237
345
1247
16
195
543
10
41
331
1817
945
590
87
169
1
7
5883
2
1363
1491
32
204
92
74
56890
51
56
1898
9493
580
298
478
9
140
30
21
497
153
45
148
6872
213
1107
218
524
324
4536
17
62
598
60
2
119
59
266
167
32
2862
135
205
1659
21
2016
1189
1037
3
1519
1
762
69
60
60
801
159
641
110
36
16
146
128
3194
2167
79
161
10
451
169
139
75
332
589
121
3
78
28
31090
2243
78
111
632
4673
86
45
232
77
1986
804
155
335
832
47
165
38
190
116
21
22
4437
308
71
20
216
330
90
3
246
131
414
106
22
3862
195
643
415
99
29
36
53
103
270
1
27
567
7
628
511
123
763
202
190
1817
85
811
59
327
120
181
58
144
177
390
981
172
58
162
5
286
774
1091
61
823
2966
179
1272
220
65
373
48
19
35
16
536
15
7617
863
32
127
7
3251
9493
69
935
158
39
100
2044
69
222
39
12
10
2687
391
207
416
22
2946
1134
88
198
522
2492
1760
1563
2589
1563
5
232
70
498
191
49
4077
20
1
66
128
139
637
1611
60
579
351
2491
720
183
30
25
1685
20
23
18
156
354
377
21
2657
18
640
379
77
2643
7
181
17
240
444
944
15
6
5
5994
18
19
1442
1343
445
52
1
2443
2596
225
9
953
25
8
355
4231
25
165
2010
132
142
119
84
1
344
649
113
126
11
248
112
14
4126
48
229
439
435
117
436
78
23
163
18
661
323
12
679
217
144
1
135
65
19
1
1414
609
581
432
1689
677
298
1
40
64
163
26
53
432
5661
283
83
115
1
383
103
4
80
128
104
1194
1
57
163
304
602
398
65
25
61
280
1296
8386
193
223
2429
207
4626
156
477
244
629
7
33
3
69
852
287
197
9
472
1150
30
4200
383
7
176
841
1788
1881
756
2946
3
794
343
1463
598
653
70
13
30
229
8098
48
1713
404
195
461
151
71
425
2326
13
20
38
180
217
377
23
1906
1802
141
121
229
6
5768
21
15
279
169
190
265
835
31
257
40
130
1062
31
100
120
9
165
172
68
343
212
543
95
10
3370
109
20
334
483
204
813
1639
47
2629
653
136
623
20
33
1
492
20
74
2
3201
904
2636
56
1615
84
76
3455
2144
15
11
656
1331
54
114
1
3243
13
58
87
148
399
984
3786
6076
148
1162
274
79
2539
6732
604
225
2
23
11562
734
280
196
24
1338
7
11
59
94
24
334
1102
13
748
3688
850
22
104
835
2593
1012
707
1800
40
289
657
747
18
20
1236
955
3698
36
68
1
10
1901
1181
697
14
419
24
36
2694
1
46
283
49
504
4602
41
591
1773
6981
528
518
7
165
87
986
171
130
3600
796
3080
38
67
254
1290
116
910
55
51
2054
90
489
79
2041
74
948
95
1952
328
584
8193
26126
72
1862
282
67
9236
5238
340
2110
1326
584
82
451
5636
2224
34
1052
17419
77
25
13
177
1278
153
2243
57
8
278
34
1706
1898
309
305
188
6
12
47
12168
20
2218
403
79
2705
1343
82
124
2167
3312
1859
918
1374
62
1016
478
594
5999
206
122
10
60
709
135
2151
30
132
5
1
107
52
2586
111
1312
2656
4676
164
1832
268
458
1394
2643
1147
393
14967
1092
934
1770
155
28
50
1871
282
120
268
610
4
949
783
249
20
1818
617
1182
14
967
39
1409
439
1593
1313
780
102
145
2241
2732
59
314
11
103
913
765
800
5
659
6738
21
460
948
108
961
1216
64
82
248
480
189
429
30
29
936
936
4
616
37
980
752
515
358
8
21
637
8
36
211
3940
59
39
614
500
200
182
88
95
182
53
27
280
11028
92
134
164
277
3944
10624
5733
88
54
762
20
103
209
56
66
57
638
103
15418
1788
3
1115
1280
1219
10
4156
851
13
78
5216
86
8
123
6399
6
45
715
6
811
361
1152
689
1353
62
415
1795
11
47
16
82
37
7
1814
1319
38
595
1718
38
1477
78
249
19420
1195
1238
7535
53
1681
20
1344
162
54
4384
13
35
635
766
28
16805
17
138
406
1229
8
253
110
51
927
21
291
91
17
203
29
603
118
10
1
159
373
60
3395
13
93
2830
2839
104
43
32
132
602
7123
365
7340
419
2154
1764
932
19
420
268
266
417
108
1114
45
1009
2823
6310
2538
233
73
305
595
219
352
3366
28
31
50
13
143
415
4
14
27
291
632
701
45
1659
2049
1585
11106
226
181
105
948
802
42
366
1442
1540
43
44
51
10264
290
155
1716
4541
2799
959
44
172
30
232
105
973
116
2
16
84
65
50
1673
622
876
224
58
73
6299
465
11
77
1
3
1
2641
5
20
22
1033
638
10
257
1227
693
446
1315
50
193
585
60
324
200
214
158
857
12183
62
8517
1711
232
3020
648
314
1063
10088
1879
71
252
240
2311
1307
14
872
654
280
1307
59
819
1004
367
3221
25
2496
118
512
1686
77
8074
10081
1094
3
69
1158
6
566
154
358
268
110
2972
11
30
12
9
1145
3
48
663
12
499
259
296
113
203
78
1328
158
1507
21
254
59
77
209
69
56
743
1677
18
4350
325
133
607
30
21
415
15
171
99
2669
24340
1331
67
260
224
14
372
642
11
4866
1393
752
91
96
1280
488
512
169
1533
12
9
25
1821
3
2010
92
1020
9307
891
127
49
17
179
780
1020
4
16
866
571
32
13
24
82
13
1387
632
20
14
2588
101
151
7
547
1886
195
54
295
236
751
2
5
93
57
1166
358
178
45
9
878
655
1
17
155
350
3292
12141
86
785
733
1673
2373
362
4784
99
7152
28
67
6336
1201
3963
44
66
11479
2455
165
37
1002
28
492
148
935
803
13
9
3153
414
185
18
16611
44
2220
172
87
4
65
19
14
279
34
42
4966
1451
105
69
63
3
2142
371
2018
1314
20
1
128
124
7492
98
1122
87
79
83
41
493
1908
227
187
1813
2035
36
8688
405
15
171
676
4264
1668
270
74
1331
828
86
975
257
442
755
158
9
6
50
4411
134
60
1557
1169
4642
2197
2766
50
193
248
948
5118
136
37
178
280
394
863
145
4520
5845
102
38
7
1
96
328
244
790
3306
125
97
1088
3
1450
5552
26
63
51
70
318
6425
108
69
54
29
2421
6
70
50
18
120
2363
197
9
39
1927
34
1571
4205
6
4355
301
4225
1132
275
3
822
905
206
3619
1465
991
133
373
3002
579
52
4
10
1720
410
69
144
13
18
344
108
170
26
3
380
238
18
3480
39
723
653
31
555
640
1444
279
45
4699
18
1
54
475
8
33
1280
328
590
62
34
637
1358
89
16
2364
156
170
621
222
2102
682
375
182
119
4352
494
132
32
538
1923
1591
4536
75
349
934
3276
46
50
32
29
1749
826
1941
409
373
1
1060
94
1744
457
6
26
419
29
1334
138
166
7936
23
11
83
1219
1214
888
46
26
27
8441
113
1074
30134
287
46
7
466
238
1398
1914
192
732
558
3283
2
1
203
1448
14
1887
26
312
4689
484
1071
24
695
9657
24
34
1024
3176
2886
259
165
18821
28
897
2841
9170
46
40
23
227
31
952
284
2
35
4358
2560
1216
82
2211
87
2481
1
7
637
38
1569
6
52
123
172
357
885
86
50
309
581
15
1816
138
9361
2985
25
70
46
47
2397
186
528
2620
32
5552
2951
2035
37
615
1782
4191
9497
10
254
29
25
222
1
1327
1258
82
8
571
5374
752
665
2880
3233
5213
76
72
323
5809
51
1875
54
2
182
1097
2762
433
1654
2362
6
1015
711
213
63
360
117
399
42
442
2491
402
24
2287
4
556
370
2841
8290
1909
17
2037
33
20
434
3161
504
185
113
320
34
951
120
465
393
38
168
238
35
381
551
85
5
348
99
1139
95
266
27
154
1633
4221
192
12
17
293
62
2
21
9
13
10
530
45
22
858
12
5
61
151
95
1337
163
27
5648
1353
1
34
25
593
1205
17072
274
3138
551
1986
303
1436
76
93
9
1457
1357
1215
3006
177
640
854
1348
2555
190
96
140
284
699
31
55
212
186
675
429
126
108
2199
2761
105
1427
771
315
1
3804
810
485
328
713
438
159
1876
216
249
1039
30
338
19
28
33
2070
2374
716
80
586
338
290
1
750
13
32
31
37
404
6
882
407
58
922
961
256
3699
15
1110
71
1163
2171
141
1075
47
368
224
375
663
109
81
4478
1806
1910
43
38
12
1545
217
10
5618
980
30
1
341
60
350
112
2331
1164
2463
144
98
528
103
7367
60
512
17
15470
30566
406
31
747
24
3120
8
125
11
5807
1862
1
823
7648
8897
5
12940
2
3915
9
95
38
1811
12
4299
201
17
851
8793
798
6
200
121
264
348
10
408
44
2011
350
392
230
4730
622
2041
1
47
99
6
191
7674
432
3054
20
511
2288
214
1320
22
222
608
433
318
46
1270
8
507
2275
702
15
386
503
150
530
1117
13
1976
20
191
4549
50
991
3
4
1269
86
18
158
78
82
247
246
248
37
28
3380
6759
189
813
13
2255
149
78
1543
235
283
265
10
45
657
55
61
43
2598
2466
1930
327
121
22627
150
2235
172
173
21
152
25
39
756
21
17
571
527
22
1130
186
1731
128
8
2492
286
41
89
350
193
11
921
15869
100
896
1604
11820
238
597
393
623
416
2
728
5434
11
82
122
15
4289
126
42
232
47
2028
68
4941
3105
14
15
155
998
3257
111
22
51
41
351
326
327
1
2423
249
1984
218
182
2115
11
141
4315
63
9
2220
386
17
260
32
81
1301
5247
26
81
2273
8
1887
90
112
225
41
4564
722
1775
14677
72
879
1738
744
2891
61
1168
109
262
760
940
15
1094
195
53
13
147
120
1669
232
18757
68
135
82
1521
14
2051
295
8
3212
3953
554
2099
725
7456
692
460
722
49
34
2551
81
15
616
268
411
5
13
4440
17
316
237
315
422
45
4374
797
2147
305
156
1619
377
1847
107
392
264
3958
681
27
48
1366
305
444
975
985
2096
290
547
296
2266
10
24
538
419
166
3266
121
689
64
47
5835
10
55
28263
664
92
2301
47
292
23
1957
319
286
3034
24380
193
1
95
204
5
583
128
71
3370
489
65
672
105
141
12
83
763
108
771
918
226
1
562
13966
423
8
62
187
7
6
856
67
686
75182
179
1393
1936
151
880
110
42
2597
516
752
420
131
1594
1198
120
2120
239
499
75
417
463
1543
7
23
87
168
334
85
1163
129
1595
115
94
6645
296
379
157
1664
23
1258
76
5168
465
399
154
79
244
5
31
74
22
13
50
83
223
1268
184
328
1730
219
14
455
4640
10450
202
200
526
3
3796
881
17471
843
187
301
37
339
1604
6963
146
1112
346
844
7
2132
213
238
24
401
253
29
48
127
779
324
1155
11
19
238
11
221
48
4437
236
287
26
90
44
23
311
10296
22
20
297
11
14
23
109
1175
2069
134
159
48
30
1844
18
168
65
374
76
5117
6059
15
647
22
522
4743
5401
1
3369
1025
23
148
710
223
3047
460
278
6
102
105
151
2356
1717
758
23
65
551
243
632
205
148
504
134
120
18
1446
38
36
11
71
126
158
1622
439
3
1543
208
166
126
103
34
2800
1
22
4
687
594
8440
671
1688
47
1609
9097
8
84
3185
58
690
50
814
492
45
46
2017
6059
13
12
3157
1092
2232
417
7
1130
515
97
124
1349
47
414
1
568
177
808
186
838
660
645
1147
72
1349
16414
4566
4152
133
224
1792
2714
182
1097
346
21
63
1183
97
31
681
6
10301
8
33
10
3650
45
266
167
6
4
98
213
367
5
8425
84
146
31
2639
122
3
1
412
41
20
237
2750
257
10
198
1
35
935
1500
3
15
4911
1441
277
513
8523
7
149
3595
3025
637
1793
764
50
1664
1361
640
19
692
215
217
19
368
262
6
6
11
28
247
751
859
80
17
4989
110
258
194
1
139
29
31
81
1941
592
195
1200
1197
3210
771
13
1635
675
1
296
160
1657
62
45
37
28
7776
57
2506
513
33
126
230
14
649
3232
758
819
882
308
3220
582
37
4
1154
416
2591
87
14
46
99
86
1044
13
463
15
1067
258
5364
278
90
1039
277
2351
3809
1189
44
56
1706
2266
198
43
89
2051
73
949
1904
594
10
74
14
22
355
3447
54
67
95
12525
215
1
2781
378
353
2895
266
12
9
399
54
487
160
79
444
245
2407
18
1023
1591
83
17
188
346
1732
1306
422
150
409
27
23
2440
275
489
534
583
203
417
38
51
306
10
250
84
849
325
1
125
4
337
1
4
1389
4
19
7
5897
161
11
1
2044
214
2717
406
38
846
8
83
131
367
34
97
53
62
62
134
373
2175
142
805
15
23
186
2261
32
98
1793
38
164
293
139
2648
718
44
18
3296
137
1197
1
3602
400
30
13
15
29
947
558
255
7453
214
46
92
76
1258
163
18
73
40
36
2458
3791
468
89
1176
1920
681
373
72
202
329
26
32
5
151
351
43
16
4191
31
7
78
285
132
171
739
347
1
6
1123
2947
16
1590
138
2574
36
98
608
817
90
113
273
598
573
355
560
41
242
251
354
172
6
282
56
288
87
1079
2671
185
41
1709
1558
697
72
109
325
189
2469
95
5727
838
49
1189
195
2723
16
25
208
523
3318
1
6
18
1790
6100
735
145
1
242
332
13
8
1959
346
29
1
93
148
20
31
24
4
1318
535
1
22
114
11
5
4309
2
241
258
37
66
1113
55
237
50
434
76
60
420
179
8
334
2808
5331
24
616
14259
69
471
3
99
1986
15
180
453
429
391
1
71
65
81
2159
1161
14
25
87
590
2215
6
55
1064
661
302
531
7
18
3630
200
2
1405
251
357
807
621
542
2338
17
3503
456
41
370
2
2182
25
232
5
1965
93
410
63
219
2031
25
2310
97
207
508
407
1334
1254
26
122
530
191
365
786
1344
435
922
3651
206
527
847
338
157
131
43
117
120
876
2487
2182
219
6
1220
24
2835
2390
4452
8320
11
376
1952
7011
35
114
246
19
39
6
50
718
236
222
961
43
583
203
143
263
5362
26
55
2429
2862
156
3276
4156
599
643
437
448
2187
2304
8686
70
210
1567
791
1946
73
77
707
1031
987
100
69
1819
107
872
801
3830
780
10
2
453
16
485
2723
343
7
1039
283
19
45
1937
1211
704
386
10
1
13
9
10
1990
169
3866
1891
9009
245
70
1350
17
120
148
48
35
86
627
633
174
46
908
561
161
227
129
366
756
1237
27
1821
8
13675
104
219
210
75
989
1
94
4779
1811
30
25
666
108
4752
78
97
448
10
81
77
1714
12
143
19
1518
63
651
315
63
2776
1439
48
32529
24
229
46
280
87
573
412
521
14
196
43
1249
28
90
204
754
623
2502
2061
8757
1011
388
819
199
37
195
239
1730
12
427
264
124
327
21
29
7
134
4677
166
1199
596
274
16
587
136
35
1063
224
171
12153
20
693
9850
2056
83
36
25
449
1268
69
391
5
1661
7
2791
255
434
5239
1106
30
958
8
120
3204
1266
1045
323
1
45
1960
255
821
186
27
2040
188
329
179
635
59
15824
80
17
44
121
212
23
110
87
4
114
397
346
283
60
12
2
23
18
117
2237
2801
44
658
3336
8
354
45873
1000
64
600
491
353
34
290
1
46
27
4040
22
3631
276
26
1
4207
5
4306
3521
72
451
980
697
50
1081
422
9
31
115
18634
16
179
3
4273
616
60
30
1522
3489
59
8454
409
633
30
772
68
13
30
8334
125
6
3395
98
976
7
101
616
184
120
447
11
76
149
207
17
3540
1366
684
748
287
17
835
88
7471
289
559
220
18
868
9
41
156
5
46
1146
124
317
1154
38
1179
49
2320
4029
19
255
15
3
160
50
2474
993
1706
3661
3646
124
256
279
207
354
1930
15
352
61
331
920
231
93
50
1254
3
318
433
163
4543
26
410
44
41
255
1
2678
214
71
390
344
1650
16
504
312
1317
17
1552
80
209
6
545
28
275
1243
182
1000
3107
811
121
200
2192
26
35
947
62
4086
77
4946
1860
14
35
12
90
3708
11
60
559
733
539
96
283
30
1077
3601
443
434
982
777
423
21
308
1428
75
131
965
134
1368
1526
46
39
4
565
3370
214
754
80
29
1363
154
208
466
1003
4080
757
16
100
235
9728
495
96
2
710
569
122
176
160
1013
1300
312
6587
38
15
991
479
761
204
401
70
781
43
136
211
555
771
105
453
2207
11821
10
1194
35
13
47
49
1573
34
360
1255
34
2
360
30
10
147
59
1394
1013
27
17
36
51
769
416
198
3939
188
1
42
389
2657
35
41
5
63
42
121
15
58
786
3703
1141
44
920
22
209
338
69
1391
2
2103
4311
2366
3048
620
637
39
1
20
1
3358
53
74
876
48
1013
78
195
1002
372
266
35
10
29
86
580
22
343
1140
157
786
2290
1405
261
495
98
18153
1405
19
17
10
500
4130
752
263
2975
338
7718
272
555
285
108
7
59
3
103
55
924
14
1
202
46
84
1212
1144
238
29
66
13
33
8
1011
5
9
33
55
38
6
482
1041
2861
296
52
201
4
126
69
68
411
217
20
535
58
57
298
1748
15
348
151
207
336
73
734
1611
19
2498
268
3937
119
281
1747
102
296
2
51
20
21
5551
82
3
4118
113
163
2698
43
42
243
609
17
223
528
39
11
3562
3045
15
32
1850
64
13
480
8877
1934
1433
718
174
2881
894
1264
47
1392
982
75
36
2574
1679
845
931
18
4301
1
1842
1194
63985
185
2071
31
3144
78
195
13
22
1257
178
290
1667
30
25
608
56
16
5
51
932
502
72
114
274
926
538
108
6
2339
7
1665
2175
1898
492
6
360
2806
57
1
682
1391
1715
18
291
3147
432
133
18
37
90
1409
599
86
73
678
108
141
113
26
19
4252
57
37
13
107
83
142
61
4
571
15
2
2703
285
284
1638
790
188
119
36
27
132
2809
36
32
10
248
2350
70
170
3907
73
23
28
1
279
287
61
331
138
440
77
30
5911
4232
15
907
11447
7
1
86
2249
80
6097
13
1
30
21
1880
461
470
121
134
430
12
2120
156
126
4
287
134
75
1685
24
13
176
1180
115
1053
1
1
1079
68
463
1029
13
9684
106
118
1306
468
303
1205
1
614
472
854
1041
2004
74
198
470
484
1006
144
75
82
355
128
138
31
176
1
44
2202
2744
764
3
39
80
418
1632
482
9
40
28
90
607
443
27
351
284
26
2307
446
6
52
242
694
2203
525
7326
27
60
3300
14
3
638
212
797
51
1011
114
62
1976
1721
285
1108
219
417
79
126
36
12
103
80
341
30
177
402
20
4072
17
73
34
38
628
15
433
397
1852
6
17048
62
578
217
70
1351
132
414
426
303
58
94
1802
30
81
270
3
13
140
951
28
4
54
1154
457
130
6287
10
131
1090
10275
1741
489
123
2
1117
10075
13
15
118
10697
204
62
25
231
11
165
49
46
397
3395
24
154
6319
627
87
233
1
136
11
23
86
1702
2007
7
30
746
1332
83
5
42
41
1056
8
26
2
5231
1524
1146
1
1363
41
1519
1760
867
1120
18
75
3475
15
286
492
187
1333
84
1578
18
229
649
38
13
1
5
41
19
437
61
96
768
6
75
9
536
93
32
147
7
216
89
19
1
1657
305
1928
2860
117
1416
12
8
120
659
58
3406
121
55
290
6
98
65
2137
253
304
2534
16
66
20
15404
62
106
4173
68
708
11
46
16675
287
470
2701
406
125
707
2107
2
128
2652
4486
154
383
337
29
8
34
1163
224
72
8
62
66
1397
2863
155
163
1629
67
139
6052
14
5193
5
11763
2916
436
78
231
901
1193
792
211
12
509
11
333
271
54
112
52
1530
3745
25
22
91
5
456
14
415
2355
27
1622
3
17
62
21
982
1231
1
296
1790
54
2211
73
1294
3222
3528
70
192
4172
1995
7
96
19
239
365
694
987
145
153
3
53
508
2419
191
4006
4
5
340
1929
395
2354
548
1166
42
2140
19
2661
1541
78
187
47
81
39
49
98
40
5
7478
94
53
398
109
81
65
16
18
469
2064
287
1433
12
2
168
484
976
5
198
267
7538
1054
291
27
109
12
522
78
52
87
3158
10
3194
163
19
130
188
1649
114
5
1
4436
14
32
7
251
16
7
8
25
1
30
3804
9873
10
36
652
1339
23
10
2615
150
479
65
85
15
52
2614
1195
48
16
218
242
875
50
146
2522
4410
3847
291
8
491
1965
415
50
760
5
1421
52
915
48
8292
9
258
29
97
449
452
43
1007
419
11
1016
3851
3918
1255
9
259
1752
5883
288
491
2982
668
242
273
1747
6685
3006
91
280
3831
38
5863
140
2000
1673
3192
1702
2410
2834
14
1464
732
2148
2577
1861
28
3937
3347
67
23
84
324
165
129
192
3975
3265
5082
376
1580
4166
70
217
31
65
154
17
260
65
82
60
1213
1692
6
142
277
2170
144
30
47
7
116
1572
22
6640
615
625
1600
194
1799
1029
23
443
1938
3091
511
710
15461
241
816
1508
46
824
9
7
76
42
78
15
9
1
10
80
180
627
6
2
13
43
82
35
293
639
803
219
59
3159
56
7150
1
139
65
2325
515
1069
149
635
1836
1625
1995
2
19
524
46
119
10
915
1051
1685
11
4691
572
412
28
15
56
39
100
1271
33
5807
22
66
17
12
63
39
7
437
58
42
185
6
535
17
1385
367
123
622
62
1444
756
101
18
274
6032
592
831
697
477
59
882
58
1754
1814
431
93
13
1160
12
6802
731
203
203
5319
85
16
16
2603
281
1862
271
10
25
23
30
192
690
86
88
733
414
53
120
49
64
154
63
1314
60
22
784
10
546
161
398
2418
26
1260
1164
383
7
584
63
1855
173
22
74
21
372
14
1434
94
3
140
74
3756
657
2375
232
2
599
189
4463
24
327
2159
500
186
8
27
1151
212
412
645
56
2270
42
2005
38
1940
61
2392
2148
322
71
9774
56
672
115
215
11953
119
5
7381
1747
746
3258
38
850
209
63
841
4901
1739
72
234
451
205
1
158
179
103
7327
30
3939
4535
149
6
32
121
62
36
450
41
3873
233
57
975
255
370
348
67
15
91
117
522
39
112
346
22
25
227
29
97
76
11888
309
105
18
251
123
288
31
2
120
31
58
78
182
2370
242
2012
919
1195
347
192
2179
10
3
165
847
201
171
216
185
192
13
484
826
454
248
386
102
69
517
150
89
170
143
508
377
984
10
484
592
139
405
30
138
89
110
310
406
124
2
309
2731
3
1059
263
66
86
4077
322
101
5
50
47
1
232
824
140
216
992
34
865
35
655
514
317
76
1147
1436
665
292
598
39
57
1359
305
42
27
158
5
471
5651
171
89
832
65
393
194
675
692
51
59
245
2184
72
203
63
132
129
52
595
156
17
84
1411
2229
63
66
383
44
525
255
73
1155
556
193
14
261
525
25
2787
29
241
491
461
6226
3528
18
776
5
439
3098
31
27
152
224
344
229
1306
2442
37
977
2931
17526
57
1
764
8
110
453
196
2177
2333
684
10
3904
1861
19
601
461
205
6579
125
491
1605
774
148
981
2360
195
1014
2083
164
3777
4429
2644
59
50
597
86
18
1085
338
1982
25
57
160
6
746
71
1064
18
12633
1948
611
238
3332
1082
636
3
2811
33
10523
57
169
171
1409
51
152
4319
96
29
4
1055
2842
732
345
185
5739
1006
162
15127
589
533
2163
716
515
4395
135
623
1932
70
536
107
2
262
460
1378
50
162
1640
323
1545
1252
630
4
62
102
6
209
41
4316
2395
7
1036
19
1
327
12
36
2769
266
7
322
405
113
126
14
114
135
246
2358
287
1029
948
310
173
24058
136
328
84
419
149
338
834
165
2872
151
213
622
139
3975
221
58
9406
300
85
1726
595
69
65
22
213
210
618
73
169
3
192
128
102
18
279
174
133
148
2
1170
251
1422
171
3
15
4
179
557
142
11
9
1
65
531
13
30
649
164
337
64
208
846
85
53
85
67
1218
207
1373
45
10
28
22
5
40
502
484
1
385
17
156
385
215
177
13
13
324
26
138
3
30
1
1812
131
24
161
44
2538
16
425
931
1532
1300
773
861
228
119
19
1163
237
245
137
318
69
7196
56
1
175
9786
107
178
13
193
505
188
2165
21
34
1365
1553
1179
108
10721
37
560
146
1397
28
4241
571
24
413
87
31
70
379
210
2
842
2179
189
518
566
11844
258
6
36
132
2472
520
3
122
762
56
108
6
98
843
205
38
32
13
100
57
366
32
319
115
2580
3251
12433
997
111
14922
14186
1038
27
131
81
399
1915
1687
380
623
149
58
16
183
3502
344
1026
40
565
805
184
1775
182
11507
570
821
258
431
64
14
1
656
666
24
1515
105
41
9
11
10
70
72
34
760
903
32
20
1
598
38
29
1095
5
165
199
244
190
1191
2
48
642
926
1
550
109
86
1
9
15
5
95
1367
192
61
38
170
233
240
86
838
211
233
57
23
10
293
768
280
622
40
372
1863
945
126
85
749
184
82
1
28
204
1265
157
63
170
60
2544
625
202
202
403
208
900
699
212
24
1
42
135
228
144
413
14
1232
520
631
3
70
46
188
87
2514
285
142
486
56
315
991
853
832
624
2404
255
363
2793
131
43
9213
31
207
35
12
187
677
70
3486
298
1270
499
65
386
222
29
147
4
30
857
235
122
491
261
49
227
353
183
166
103
4277
1
314
130
56
22
1282
8
440
35
1052
386
187
396
90
363
26
15
119
558
244
161
130
762
138
7
52
657
91
192
123
326
20
58
1329
4205
52
41
276
457
229
170
139
101
162
183
368
129
387
629
30
18
348
1
102
781
20
185
4149
149
423
49
163
67
37
29
3
510
83
523
389
6290
9
179
922
217
186
18
725
24
741
1040
51
64
1383
1025
325
186
311
2022
41
97
255
127
361
335
649
2068
80
17
33
959
716
57
108
360
37
9
32
4
2550
306
321
412
14
35
40
423
84
221
129
286
795
86
3
350
105
129
108
226
210
83
114
10
1
255
24
47
164
1050
33
1367
250
815
8
455
37
242
19
134
164
42
14
9
63
193
56
156
1
23
37
203
254
1856
1002
4
809
749
309
65
32
379
108
113
8
2482
499
30
290
5
207
148
1414
603
1575
118
978
7
110
2
277
1983
122
37
53
22
15
272
277
210
182
6
261
24
14
11
123
8
1169
1776
7
71
228
85
984
3989
227
7
956
17
6
18
5
9
4363
93
2278
20
124
431
1525
42
1048
178
48
336
68
2
2814
695
927
1937
27
291
118
23
3
23
91
5288
1210
188
544
471
63
56
3406
368
84
3
6
159
218
1297
58
1468
58
1066
6
57
128
7255
1487
161
2197
95
138
2292
17
89
51
278
167
11
308
1326
15
7231
124
1
22
6
34
685
11
1212
73
14
2178
55
672
14
343
62
368
464
7
436
1679
194
86
264
1757
57
69
77
34
3287
4880
62
48
103
148
2498
121
242
9
2246
7042
502
468
321
6
239
1025
214
340
1125
111
158
281
1187
1557
58
163
60
95
8021
11
357
1061
2
884
101
447
262
56
87
10
1658
120
6138
10
50
19059
155
235
92
95
327
314
712
15
113
22
3284
758
101
396
4621
13
1619
136
175
30
38
1
168
99
287
6
1
25
226
1899
124
1518
337
18
151
1384
173
75
1
1742
979
3261
226
1765
1351
227
174
1
124
42
154
25
334
1465
231
47
146
1
238
178
209
186
138
239
57
184
145
307
5
31
146
259
31
314
37
197
9
435
826
13
2094
74
976
1318
236
44
39
283
199
2400
13
277
301
121
195
304
81
125
101
277
162
1005
26
27
22
206
8375
1
1
1583
27040
72
542
376
994
57
2860
11382
3087
48
95
73
856
1465
14
24
220
2079
34
171
23
204
1873
2710
1409
7100
27
439
12
27
276
1
2473
459
142
26
2
375
123
245
39
4077
477
1237
517
9
8858
5
18
655
1499
13
621
31
127
896
1560
47
381
69
23
940
29
35
13
1
4897
1320
3
189
1217
133
3591
5
2482
73
28
35
60
134
1047
2796
355
12
104
22
2433
153
1296
20
187
30
122
1888
214
8
138
6
456
77
75
24
1029
6779
326
13
1865
709
29
82
23
1500
116
1
152
113
1
1894
9328
3
5
1012
302
92
295
1
73
10
272
165
89
7
139
19273
17
266
3387
29
444
557
2
192
1031
79
101
38
241
137
78
80
14
80
179
176
766
439
176
18
73
51
628
294
1
65
34
328
5
9
289
215
717
395
3921
118
58
316
1418
26
1813
10860
126
22
1568
2880
13
290
277
1639
46
513
20
19
33
15
27
9
3117
117
262
142
120
1
239
2106
10
8
9
133
132
226
3256
260
479
22964
150
299
1785
51
15
608
614
10
2011
1489
312
282
122
290
4244
146
30
26
64
351
1
9
207
555
141
4
196
775
24
545
163
245
13
24
164
472
2399
1060
60
182
143
71
1
643
87
186
2
10886
162
222
157
774
170
2213
94
621
373
516
220
142
295
116
81
1537
5517
354
302
212
456
19
4024
38
1520
2
95
1620
602
19
2
698
444
10
36
38
249
7
315
275
77
209
1724
14
1621
625
12
86
253
96
121
7
63
29
71
1
147
127
61
94
4
8
406
202
358
40
219
17
360
87
30
6
36
8
1716
24
66
467
30
12
4228
122
214
1964
425
428
75
224
900
118
27
19
52
251
3985
122
1
455
1189
3818
109
151
340
2002
17
24
22
3399
328
67
15
475
480
1767
157
1805
3051
31
180
674
682
1
4262
1990
1997
1039
8128
162
16
790
139
1176
2344
5
22
507
1471
53
54
472
3278
19755
228
3206
304
160
1
454
98
11107
279
17
102
13
6
1393
930
134
691
320
388
8100
103
387
7
524
798
127
2734
198
1237
11
62
486
51
330
500
97
19
797
410
188
893
12427
161
21
17
2665
2
40
95
45
3621
15
298
331
688
83
278
96
130
448
137
120
559
205
1473
69
94
70
591
281
10
58
264
2
10346
220
41
4155
42
76
1
379
752
167
15
4
190
136
3118
180
1824
2818
1
5
3
426
988
12
695
1347
202
37
2491
291
2
1441
47
380
12
214
20
1060
842
10
302
34
92
238
2618
107
34
11
82
4
721
55
631
448
22660
61
466
16
4664
52
2280
1475
2150
41
452
587
675
222
1243
418
5835
191
398
127
44
181
10
5
306
1
2551
227
271
193
2
14
2
336
1773
29
98
5
50
41
651
244
175
1758
260
312
1
878
155
1155
68
49
49
227
95
84
15
490
126
120
14
845
2269
251
9
1164
588
336
22
2169
2
135
138
10
4
22
66
305
28
8
2520
36
50
444
2
6
38
175
5
2
288
32
4
92
10
823
2
117
98
111
448
244
9
127
204
510
278
14
3257
11
47
433
18
5885
4561
171
9
1
13270
9768
4360
155
881
468
25
6
1299
151
5
57
16
33
72
215
44
4558
1989
65
456
34
377
1368
6591
75
5
126
85
3
58
145
73
179
7
15
250
2
19
78
18
99
272
52
7
97
298
233
173
37
64
3
47
5160
185
217
20
12
14
688
10
43
153
1
1814
1
1833
202
15
147
338
36
5
117
34
225
94
153
218
58
415
78
5
376
158
101
71
37
6
16
67
66
8
530
73
32
49
65
54
1133
144
106
702
1
29
182
242
93
23
2281
567
433
908
24
94
995
1
494
28
448
867
1280
1360
733
142
376
170
1349
408
99
966
68
5
72
111
253
1528
4635
353
277
50
674
191
39
24
37
291
126
2
1560
777
11
33
155
482
72
2237
136
118
1
2296
190
119
643
46
39
302
14
31
316
1522
152
10
10
89
9147
86
2834
3434
177
416
13
178
347
200
8
1547
195
40
206
618
194
6377
1105
268
65
42
123
26
71
44
60
11
435
6449
35
228
268
148
46
3377
1205
1637
54
536
5625
35
518
208
6
57
236
828
165
381
75
103
434
2861
73
120
713
885
7
6
2630
66
517
1
2696
302
537
2
1400
86
2552
11
2034
2227
284
276
314
1028
82
67
29
58
300
499
1426
314
3581
55
430
373
1119
221
778
38
28
826
35
1050
33
47
3872
1575
1240
50
467
2227
475
146
445
1896
149
911
56
284
22
122
131
47
39
676
821
125
139
80
296
82
1913
97
132
683
2
32
64
3
7836
347
344
977
75
161
15
826
15327
160
325
875
544
5578
1898
1
86
90
1507
16
1092
32
211
102
54
18
18
3064
168
18
96
15
3
2408
10
127
71
4449
1484
1
40
57
29
2930
50
2213
12062
260
362
19
210
58
877
1700
81
3
367
189
418
171
195
10
19
33
572
303
197
1228
162
6
1058
60
170
153
51
36
197
5
42
43
862
163
12
13345
418
315
25
17011
1
28
25
9
19
607
20
869
7
19
27
241
2
795
439
12923
40
113
261
4997
1999
285
557
318
254
81
512
1958
60
6221
96
206
48
13
7
8
54
961
99
21
406
48
1120
1
460
14
404
286
274
318
1
706
1158
1023
205
118
27
873
1
2239
978
623
694
2741
17
286
249
122
6811
628
12
26
87
418
3209
58
85
4
227
162
117
49
22
75
18
44
2605
11
11
231
104
1713
220
292
32
347
879
14
4992
603
721
266
22
3306
369
18
5168
29
688
187
164
3397
236
2161
293
24
9
116
38
306
14
88
1
318
42
8
8369
111
4584
1463
54
15
1228
179
548
129
6267
68
136
1073
373
275
55
31
126
719
125
917
83
310
723
659
2319
229
666
113
30
1654
713
65
562
2859
2300
94
139
1
448
11436
6
2
62
51
1412
1751
1245
435
319
5
57
280
694
72
41
92
343
41
162
3150
30
4808
653
13753
75
132
3744
1568
153
1306
52
1207
29
152
278
689
525
182
220
148
9
2180
117
1333
42
93
389
559
10
2299
187
718
184
152
1
130
5
65
102
214
164
52
1
123
29
403
14
3
109
315
1
47
12
66
2984
9
5
867
57
1
57
123
162
813
920
353
102
22
6584
124
12394
282
13
2681
79
244
132
6
476
231
118
8
32
1311
13
20
58
35
8350
818
360
12
103
1
150
1996
782
129
294
130
1
1472
27
8
34
4111
5
216
270
9
14
176
311
11
239
116
16
766
34
6177
310
194
15
225
83
139
24
16
229
24
872
64
73
16
550
42
8
197
254
26
15
138
19
6
44
182312
46
3432
542
107
42
775
2735
127
373
226
4
245
372
750
36
394
165
17
3
4
1
44
69
44
60
11
1127
69
583
101
106
179
406
22
35
1918
5
2977
398
62
63
474
236
3268
403
53
6
6
1953
723
18
14
65
444
27
1
248
179
12
122
3
5876
69
1571
274
30
19
12953
3
57
3
18
6
39
162
8
1352
389
1
48
10
31
24
28
23
228
472
269
339
328
7
1737
133
594
1061
49
53
260
199
234
437
293
1066
463
9452
51
867
60
1010
2282
226
46
70
255
1134
51
273
15
54
72
1214
219
22
822
98
1063
180
26
53
255
169
1552
128
7749
7576
396
828
1
28
174
2
78
385
617
259
647
1825
50
1517
795
27
4889
1
518
71
143
2028
276
2011
4212
426
1607
6
10738
192
307
19
14
427
915
53
68
6
4
218
519
27
9
97
133
1
17
25
65
26
3
1
93
50
39
561
18
49
7
13
386
2281
53
7
2
271
15
482
2879
7
10
263
1
2862
44
1
769
5
128
274
758
422
8
49
1029
3991
1
529
1
157
519
24
405
20
296
188
12042
632
300
340
1659
1220
79
152
122
742
20
107
6
21
104
170
1
240
421
14
78
247
37
6
23
2
4
250
1
113
20
2836
1056
1945
59
1
238
15
1
359
104
23
17
70
156
23
1
3
617
11
1
143
1
50
240
2020
2488
626
1
59
31
133
472
457
4
988
32
5087
96
3517
116
257
1980
52
616
159
140
146
1478
51
1815
3310
907
3
911
338
1
4604
970
297
21
93
29
25
255
5108
215
8
24
51
131
4929
1011
898
78
65
642
438
250
180
988
431
192
57
93
1164
15
519
62
121
5
2908
116
871
221
6
14
2383
102
588
71
6
62
20
8
7
1620
433
367
584
21
71
16
1089
411
2858
10
99
108
42
82
15
19
1
4236
10
1158
168
326
98
427
22
1
2421
2199
843
898
168
68
5
49
544
94
1
530
29
2
329
2
192
25
236
224
3
111
2775
4
899
481
57
43
8
17
219
416
23
367
245
1823
316
367
61
255
321
6
1
3
21
52
442
375
608
60
74
49
671
66
1086
119
175
531
1332
38
727
22
6
887
16
2761
546
314
222
71
1
1
1
3228
216
14
1132
274
11
1657
201
2425
265
690
281
69
301
80
441
606
131
1
688
477
411
7
5
3202
893
226
7
1677
318
5999
77
1860
829
195
145
729
21
18
12
82
265
514
2024
4
132
133
676
6
147
2241
71
42
350
248
113
2049
135
8136
1
119
346
171
1
9
8
5
136
3
315
12
25
72
326
224
24
15
348
58
159
83
188
204
1175
2513
27
1841
45
108
6286
206
16
846
11
6
74
282
280
255
265
483
28
152
37
10
30
111
13
142
13
651
242
74
24
321
123
17
359
744
222
58
51
2610
37
317
430
357
75
672
358
111
215
159
171
913
528
4
259
52
10
27
53
609
58
27
159
1096
132
27
371
39
760
239
1730
898
29
1415
503
15
104
153
48
351
317
477
432
1962
1082
51
6
102
922
571
1913
1665
162
104
3136
872
2379
37
410
1878
6147
13
15
4333
36
321
1873
6455
790
421
338
478
4856
737
53
1510
4100
288
64
23
20
13
854
339
5210
11587
1287
1497
1513
829
155
340
590
27
1898
138
266
24
1463
533
1406
45
64
45
126
23
1122
64
215
210
5114
368
390
26
74
8952
167
2234
91
659
22
42
36
12
20
32
1493
12
4
276
7
295
108
507
59
511
1972
1
13
9
49
3236
77
13
3
177
73
28
333
713
123
333
4
385
30
809
29
31
20630
87
1
194
9
633
7
208
41
65
212
347
67
45
6277
1
7
2156
91
175
1088
291
96
124
2
38
21
51
22
149
2
2
198
827
631
694
1
92
947
15
14
16
2
974
35
1160
7
610
1787
3273
128
67
422
128
208
164
1876
179
408
293
146
115
31
584
518
36
14
139
1912
52
5
348
9274
444
232
53
28
912
33
462
42
10
3
310
898
92
7122
62
84
137
301
1185
64
667
75
3
123
1671
818
33
316
84
209
166
5
50
3
92
3
59
13
155
4
42
17
1
776
236
941
11
25
116
37
265
340
20
271
88
33
147
5
73
37
163
38
174
724
324
274
29
8
715
537
1370
536
416
14
226
927
424
169
210
116
854
222
177
530
168
138
13
174
669
348
767
289
1425
4
1
644
29
221
2
185
53
3
26
263
50
102
49
522
1
630
22
640
1335
3
232
154
1017
18
258
2428
3012
4760
43
5426
2481
2264
1053
16
60
22
32
69
798
280
278
476
5
852
10
1172
68
1401
4
46
227
7
82
5
147
144
77
170
79
2183
51
729
460
23
773
4032
188
61
191
650
5
263
8
795
2183
85
55
375
219
374
254
255
506
138
315
317
23
65
2145
2931
360
323
1434
22944
12
144
2712
482
748
1576
1
12
209
804
5
6682
3
162
1449
3034
1529
8512
808
497
21293
702
1947
1829
402
131
127
310
37
467
408
731
75
23
1119
128
63
2559
27
25
1275
906
1722
56
60
214
175
444
169
99
233
9
615
59
1707
4180
179
139
8
206
6726
845
65
836
3148
5776
237
1139
1359
423
47
125
544
4451
28
866
161
42
314
682
373
56
1115
4110
255
3082
1
2139
3
242
2648
975
104
5886
452
80
1
696
4129
234
2018
474
3109
2655
992
2431
745
580
41
556
3034
11
2621
3542
3210
483
728
17887
4
922
821
4458
37
53
289
1108
105
21
73
238
3315
79
790
668
1402
227
2405
6
65
519
404
1
644
684
733
607
1729
5
943
407
29
81
31
419
72
106
691
2
233
265
51
11
2585
378
774
2340
7
680
295
18
81
1187
376
37
3427
32
305
10
507
1416
40
220
459
1400
316
63
43
34
42
5
407
288
426
1
2568
43
175
273
383
9
160
67
3362
445
311
127
154
1686
583
889
90
10388
17
2274
698
956
14
257
230
1
278
9804
4843
3457
1843
9
21
29
68
112
5189
10
302
92
91
189
82
146
141
42
83
59
4606
483
385
16
1965
6
1
72
3656
8648
16
520
2
228
874
10
2868
7
4296
968
811
29
75
2129
128
1097
110
1
14
34
123
347
84
888
13
7204
1334
291
13
355
17
6
185
270
1938
1865
256
122
39
563
26
38
6753
128
181
324
1
287
1093
942
2370
18
1791
3568
54
434
173
6
3
152
109
213
4
42
33
1178
688
493
3259
297
14
161
61
1797
2292
2710
74
6757
2666
133
432
1323
57
3061
86
52
3
6195
64
3456
837
1169
70
249
304
90
8651
2884
242
123
1026
1704
558
3170
32
292
362
25
17
3
302
336
3962
28
9
245
32
1731
78
161
129
435
42
24
1155
594
677
2883
418
6798
115
1214
1075
1127
429
6
24
159
2
46
1991
23
18
35
17
41
236
53
1163
62
11
3356
933
202
1509
633
716
636
8987
14
105
410
216
32
167
16
93
101
38
20
445
2268
83
8
37
26
2
7
915
44067
47
364
1331
18
17
17118
2320
51901
11
357
4491
986
4407
1163
51
466
6099
238
1111
352
19
126
1576
575
4218
2375
18
237
408
1197
225
223
5
3
226
90
159
25
21
20
208
60
366
38
19
251
216
1536
110
1496
1286
122
75
365
75
489
222
14
26
610
166
3655
19
11
3
174
752
131
23
71
77
54
95
84
280
137
393
2950
12
61
548
77
2678
97
344
102
52
2184
4
38
833
785
78
1182
2
1796
771
398
1
65
3
58
492
839
290
407
140
319
347
446
287
162
1
7
308
2330
46
449
513
6109
1941
11029
316
29
193
279
8
538
3973
34
262
16
220
3112
985
230
18
156
158
489
41
3132
144
1036
159
85
360
3473
330
17
156
736
148
1089
15
1082
640
31605
701
595
371
48
338
224
197
202
70
638
382
140
4077
211
625
154
32
137
1293
335
613
6558
540
55
1
81
411
10
523
106
692
215
229
1190
19
5998
171
7484
459
317
181
21815
70
694
626
1474
521
293
2650
139
18
153
3
12
74
3
15
911
1127
2110
211
1031
2018
58
403
2
2381
218
6411
106
5953
11
137
26
224
272
657
279
886
1386
31
5374
20
66
429
11
1878
112
2003
37
6
244
3
107
823
209
105
3330
69
57
1
26
101
764
800
546
97
345
46
2008
6
45
1856
5333
2550
31
23
219
22
122
30
354
7
15
266
19
341
307
315
39
234
298
661
332
241
2325
10290
110
1124
1853
17
114
1193
171
191
1944
4901
2027
414
1
1039
860
216
53
30
150
387
1
131
62
1796
1338
336
55
659
12
2406
3
56
220
6
569
4
301
246
29
40
33
403
217
157
181
840
122
53
3839
141
1
1282
378
850
198
369
3434
2799
17
352
75
551
376
16
267
199
116
2183
5936
61
2292
115
39
290
237
503
31
361
53
1533
23
685
135
2481
55
5
380
507
170
369
47
277
491
33
151
16
117
292
91
1
13
428
14
314
414
284
147
410
212
272
944
408
105
1
487
5
394
455
59
184
2158
996
735
1643
110
155
777
73
3295
147
47
269
1329
836
5845
315
11
2
240
4
9621
1152
36
2678
3804
65
2004
74
24
310
524
132
306
14
1672
163
237
44
180
49
2109
142
257
137
64
37
8
445
371
211
29
175
306
444
181
279
754
249
107
301
56
1407
344
47
135
55
287
186
1785
376
134
208
4
57
638
171
75
615
37
433
75
984
201
147
11
14216
590
91
341
7
171
98
3828
329
54
41
738
583
100
49
1706
9
1943
270
276
190
72
152
422
20
1307
1708
278
23
1
133
16
761
17
26
1
599
2662
216
796
232
780
1
222
1122
760
143
92
440
285
282
18
119
7
387
210
738
3319
11
139
328
38
332
203
8
11
11
7577
