176
111
378
30
131
191
4
488
64
4
5
129
354
497
238
8
131
170
156
121
1
303
98
1
263
31
34
2
96
4
92
162
141
122
1396
43
446
11
43
25
1
157
380
161
366
212
67
223
12
32
18
122
386
273
18
117
2
10
138
1
67
115
192
244
11
210
469
94
571
718
127
108
396
4
371
217
126
398
356
361
447
251
645
312
1448
401
58
3660
443
288
151
400
344
80
151
175
192
126
44
6
123
91
118
1094
158
254
553
311
420
4
276
11
189
813
1
579
310
2
757
127
30
88
514
186
304
125
346
60
5504
760
99
1177
122
259
143
334
121
1508
3
59
8
404
278
11
6
561
420
31
151
160
4
487
170
180
181
123
57
156
102
206
75
33
5
434
3922
1
71
16376
141
398
197
78
1
430
127
1
87
210
84
127
188
129
1
472
5
121
142
108
137
1609
825
107
154
207
162
1617
31
232
565
48
13
128
285
207
107
1962
278
408
1187
129
458
1160
93
245
66
227
123
149
73
63
226
28
251
59
1
60
5
121
1605
40
101960
128
129
1
151
544
17
91
482
217
217
156
218
1
139
121
201
386
300
3
571
3
335
127
45
200
103
1
91
163
180
121
532
244
222
275
5
14
295
5
246
219
340
123
82
343
171
212
7
126
249
21
61
244
6
160
243
71
243
125
177
123
1045
91
127
226
253
500
427
400
21
7
187
38
126
309
24
138
278
38
6
244
181
160
55
10
540
23
183
1500
26
194
217
320
423
75
69
196
106
129
336
404
381
123
22
233
21
103
124
498
184
285
278
425
60
1
105
533
871
202
193
277
549
150
89
580
217
49
16
463
628
120
510
30
203
445
30
119
41
124
60
105
57
92
133
86
