3
5
5
5
2
9
27
17
6
111
25
19
3
21
25
5
6
13
3
4
6
23
3
24
68
16
22
4
34
15
63
65
9
13
36
40
3005
15
2
155
2
18
1
24
2
13
63
39
4
23
3
2
1
15
45
6
27
11
11
8
20
61
2
11
5
69
22
4
10
88
8
8
3
42
17
18
1
57
37
1
6
2
41
2393
6
6
334
11
4
8
18
4
23
12
47
46
2
20
6
11
8
3
21
34
7
91
5
8
25
26
8
8
4
3
151
1
49
15
13
8
2
4
4
72
11
3
9
12
19
22
14
55
1
15
17
95
14
25
3
15
3
57
40
21
17
30
22
1
6
10
12
18
192
4
125
91
13
87
21
33
59
33
118
2
3
8
11
24
214
10
6
18
7
31
44
49
94
54
47
20
20
15
2
13
9
57
11
31
198
19
60
14
10
9
11
6
7
23
25
5
20
26
27
38
213
41
144
34
1
5
1
33
253
3
15
12
5
9
16
7
2
1
6
54
45
5
1
82
18
3
5
9
15
3
