7878
52
20
19
6
126
23
5
117
3
600
52
81
602
10
76
90
30
411
4
72
25
21
25
209
301
3
30
21
76
116
4
7
29
13
100
2570
7
3124
20
260
263
68
41
1
1455
214
293
100
123
79
101
278
13
18
1
84
77
64
30
690
40
6
5
1
1
177
92
79
6
95
65
28
92
986
351
3
13
13
104
183
21
677
9
132
19
6
33
376
958
17
10
1
198
4
73
543
13
12
36
8
17
109
33
63
407
76
10
24
15
14
11
327
144
6
108
16
777
205
33
75
101
122
89
502
477
164
119
1316
192
96
94
241
3
996
76
37
125
194
414
183
196
3
56
7
284
100
107
1068
303
553
326
174
299
21
1
1711
8
34
4
16
526
36
24
1971
235
178
40
137
77
60
41
13
158
1015
43
5
29
108
155
29
74
113
124
241
1
76
10
528
24
131
221
478
852
225
4
200
1
9
956
640
1
206
648
11
10
413
481
39
7792
159
9
19
46
44
43
863
20
2533
409
4
88
9
8
1
409
21148
66
136
76
651
10
7
174
86
95
2429
79
112
20
51
101
4
1847
279
1787
73
156
2
216
101
24
228
169
685
1321
15
28
970
147
128
30
114
24
207
66
77
377
1
576
36
21
68
8
141
218
39
150
11
17
5
495
114
6
33
382
5
7
271
83
1
13
21
37
2
83
6
4
539
820
174
334
6
23
136
2977
127
76
20
2
64
75
415
19
310
1927
53
99
72
193
9
13
2
7
99
23
82
6
91
19
1390
32
307
90
3
17
251
36
215
75
1
73
89
205
128
74
3
27
77
457
200
35
215
80
646
803
2
224
667
429
133
65
99
20
28
3
86
691
9
5
552
123
14
85
78
16
13
160
977
482
86
2
72
62
202
324
27
4
11
2813
288
117
29
2016
217
250
9
1804
13
1263
800
95
124
268
30
44
4889
98
4
16
552
10
832
57
99
2077
364
80
1237
741
136
75
14
91
2
158
97
39
86
671
3058
122
183
224
194
356
626
155
109
91
160
158
788
3303
84
81
215
60
95
28
91
75
104
102
80
14867
175
1160
243
260
85
231
591
349
1959
105
75
149
293
66
579
976
1099
77
2710
16
192
572
139
162
207
358
843
78
222
662
36
285
3
1
111
170
372
93
65
46
60
4
70
334
41
2
506
75
6
29
284
182
56
75
15
5
221
11
28
1737
24
164
134
194
94
9
3
1
123
1
92
20
755
71
107
59
254
60
1358
148
78
610
126
1723
40
7
326
16
756
181
6
23
16
756
5
6
6
59
1291
17
98
24
4
799
652
82
4
286
108
121
43
100
70
11
152
11
6
71
193
7
1
109
76
1
3
56
10
199
9
33
87
78
46
278
135
50
9
475
148
611
53
186
9
90
230
374
262
19
190
11
87
248
1321
32
79
120
6
1215
23
1829
71
73
76
7
505
73
1080
645
155
14
75
76
5
97
113
73
19
433
25
85
7
24
19
2
43
18
17
70
23
203
8
70
30
267
131
1
91
7
1134
224
18
2
40
997
119
9
5
1
34
68
9
175
111
87
2
12
228
11
212
76
58
1
66
1316
125
1
338
1
100
71
22
80
2
207
84
214
133
3
23
315
201
61
20
16
205
78
264
183
57
51
118
75
208
76
1
14
138
405
92
72
612
641
864
7636
546
176
58
87
2
83
19
111
25
278
2
878
34
284
5
123
29
30
26
12
78
19
7
64
419
73
4
561
35
184
76
8
19
27
6
57
204
62
244
71
45
1374
26
590
86
983
16
170
47
59
207
902
260
820
56
189
13
169
23
177
668
48
21
160
28
5
368
467
8
131
122
98
8875
72
147
62
265
193
170
35
95
118
94
84
37
7
28
9
734
9
24
3
323
2832
269
116
72
80
89
179
365
12
2739
12
327
195
18
76
397
1666
20
90
6
70
46
452
14
47
123
1251
86
30
413
10
126
422
13
100
87
40
1160
765
157
142
1773
94
106
535
108
72
29
672
75
1318
12
15
37
22
232
791
1994
13
358
180
880
53
7
24
1272
3
32
176
89
13
3517
47
14
28
77
105
39
21
66
913
240
2347
61
207
54
61
284
55
363
10
53
15
4
25
6
462
15
79
222
3
277
106
116
12
34
262
85
1
9
76
136
1
957
1
1
358
45
890
35
152
76
105
204
35
418
151
75
38
9
104
745
123
292
216
17
32
38
840
540
87
29
7
6
10
23
5
809
111
22
1018
14
17
4
147
161
303
1351
189
2126
320
38
305
169
16
126
34
412
40
173
65
250
101
45
120
22
14
354
27
104
271
327
176
223
116
11
19
29
9
509
988
814
202
1
12
249
25
172
8
18
104
19
175
60
18
17
209
3030
1372
15
26
90
72
135
8
793
27
363
584
741
36
17
61
288
75
1169
37
5
11
32
211
178
108
133
3
26
852
42
148
271
290
7
4
78
1005
225
19
46
186
15
945
368
73
3
2
307
112
3
960
862
75
3
32
1662
32
857
144
36
717
184
22
35
35
6705
894
171
537
7
30
92
62
99
75
143
155
33
556
10
110
204
683
64
269
8
12
10
643
75
62
80
57
45
188
997
13
45
57
148
22
43
45
32
2446
28
41
239
694
408
128
146
28
14
16
291
23
674
30
84
263
1128
37
68
20
167
24
154
131
251
419
1256
501
29
72
72
276
85
73
187
10
70
62
3509
215
177
819
9
129
80
2
12
73
98
2248
1524
1851
50
132
61
17
29
32
435
51
905
7
1
435
191
142
65
19
19
352
201
27
268
116
59
148
119
13
1630
81
92
343
9
5
3
104
390
1
220
164
14
58
121
492
7
134
95
75
23
31
1230
137
109
38
86
621
454
16
220
27
164
180
126
11
4
98
33
16
2
29
947
1342
69
1
12
82
119
185
45
204
31
6679
297
153
71
298
129
14
187
32
149
229
118
130
29
761
17
299
42
147
66
50
76
61
236
66
658
218
136
90
46
227
289
277
86
494
74
71
115
698
81
49
11
613
71
167
223
71
738
255
182
382
6
25
2
166
60
7
3
17
90
216
208
244
70
263
32
21
100
34
15
39
19
512
163
32
2
23
19
74
131
177
59
248
111
87
876
12
59
22
553
38
110
507
135
279
75
470
10
742
507
758
22
827
191
32
22
11
93
130
16
45
15
320
28
208
36
1
9
180
98
341
3
242
590
484
120
239
23
44
39
162
19
669
19
116
156
58
43
21
962
111
72
15
63
235
30
59
80
108
127
126
18
223
11
78
239
74
1621
871
175
3823
14
13
219
3
140
692
13
80
469
197
14
9
761
93
50
742
85
1324
180
78
498
29
9
39
39
338
137
1057
1123
93
35
89
799
692
596
121
160
25
3324
192
259
993
11
93
19
437
24
49
16
19
59
117
726
8
79
40
9
1173
341
272
21
17
186
180
96
196
30
108
111
79
569
499
92
18
262
130
528
25
239
264
1105
71
101
182
26
126
132
192
4
107
446
79
33
171
673
226
124
262
96
76
129
74
14
87
5
16
396
80
75
98
124
484
88
50
56
1590
91
7
86
196
134
282
11
34
51
42
1
118
18
211
406
44
125
687
1213
21
105
293
368
4
346
112
127
79
190
191
261
181
25
250
118
208
75
31
68
75
165
14
4
79
543
52
619
86
