427
187
527
71
34
139
389
636
57
2111
512
121
14
43
429
1
104
1780
53
1
220
75
93
1174
24
1930
951
469
336
913
517
333
73
51
8
49
1
598
17
269
5
110
469
52
4
2606
23
644
18
233
280
217
431
121
82
539
1
4
166
378
2459
121
466
17
40
402
297
12
160
52
59
591
1
1
86
310
8
18
92
13
312
4
11
11
59
5
12
6
12
16
47
104
12
543
28
31
120
66
176
6
427
82
1614
48
216
34
6
70
380
18
20
12
13
148
1
29
51
38
312
1
319
22
146
306
155
12
21
1
625
48
15
11
1765
5
64
161
1
255
17
329
25
180
52
5
34
378
3
116
131
98
14
299
36
8
272
44
8
193
51
130
97
75
419
35
119
4
228
17
22
23
388
20
1
1
4
1128
25
35
39
14
37
12
3
2
26
180
22
87
70
28
181
91
10
27
33
55
276
21
107
99
146
65
6
11
16
30
83
81
23
27
18
7
7
106
139
11
12
22
8
26
1
821
3
53
137
37
219
100
41
13
16
49
214
45
27
2
4
14
927
100
33
3
124
664
19
133
1
125
1072
723
1351
1
402
26
167
15
34
48
187
1023
189
27
3
38
34
254
21
29
1
6
2
70
45
27
117
57
556
11
50
12
1760
12
78
12
3
32
16
50
365
7
341
42
61
72
34
91
10
14
2
10
14
141
15
42
78
31
60
13
56
101
54
17
23
165
302
196
139
81
49
22
5
12
7
9
2
57
415
162
11
156
16
14
36
49
41
1
44
3
571
18
42
129
21
448
199
38
8
354
252
96
9
34
162
506
7
289
11
129
225
378
789
106
53
48
64
1
146
191
375
60
110
2111
86
75
33
20
605
215
397
37
231
10
1
1360
140
11
122
9
14
877
235
91
107
286
86
9
20
18
31
14
148
8
1015
20
3784
88
10
318
31
18
42
42
8
86
602
35
8
33
5
77
21
550
26
1
2
182
38
16
7
51
69
12
2
34
309
24
10
23
20
710
170
93
42
1771
25
46
41
129
574
9
627
300
4
162
77
7
219
239
130
116
704
2078
36
143
56
59
1
10
105
297
108
196
36
170
925
29
40
69
66
553
113
7
16
30
336
592
32
26
19
1248
510
5
202
25
206
3096
111
58
6
23
163
63
13
172
159
19
8
26
14
3
137
4
106
779
9
2
483
7
115
8
256
23
6
153
217
2654
5
7
55
19
17
206
102
82
81
8
298
24
201
178
7
7
1
17
2354
907
4
156
170
1937
17
224
23
106
47
6
64
32
2
47
123
166
28
370
110
36
45
112
174
36
42
30
4
83
166
154
25
23
27
14
78
107
32
5
13
298
11
216
2100
662
79
46
14
48
71
65
5
35
76
10
97
8
18
55
16
4
419
309
258
36
11
475
70
342
13
40
79
2
3
735
22
7
52
63
137
25
86
108
7
254
7
18
1212
6
52
1
1
367
1
8
169
15
10
21
15
8
120
1197
63
138
2041
342
3
15
11
81
10
278
496
258
354
62
1
14
26
14
403
47
57
256
10
38
30
1063
100
1399
440
73
39
10
38
256
2
5
189
24
4
246
25
59
135
109
80
260
8
8
173
14
47
39
53
49
18
247
5931
84
6
55
156
14
358
116
5
40
81
2
257
25
804
22
115
18
28
343
344
29
45
98
134
10
5
51
53
40
215
91
307
62
142
48
39
2
68
5
65
270
150
40
44
358
568
494
83
10
110
61
384
19
7
9
299
40
46
10
150
17
114
21
9
32
20
340
1
10
766
1741
1112
51
175
28
93
560
1110
222
981
47
136
23
5
97
3
293
9
296
5
39
50
12
12
8
957
40
17
666
26
13
872
78
14
16
1
1
13
9
26
6
2
921
8
16
316
195
24
22
13
40
42
2
8
12
26
240
536
4
75
47
264
78
20
134
2
7
127
102
18
44
49
11
65
99
352
8
38
38
90
87
3
8
7
2
29
1005
90
44
104
1
1
270
57
49
856
26
4
78
34
29
1
67
326
32
863
192
596
357
159
39
696
245
8
15
18
158
122
125
775
141
52
29
453
10
284
570
588
193
178
51
600
265
66
1
160
36
182
92
1
56
37
6
65
55
51
19
18
5
43
2
47
29
26
20
7
2
894
87
219
109
12
76
48
90
260
10
25
43
10
556
18
46
44
78
125
58
64
9
456
226
549
131
16
136
36
66
18
32
95
22
10
3
5
1128
4
13856
5
194
24
59
89
253
46
26
1
71
14
136
6
18
29
59
11
14
9
88
1227
64
1
455
7
107
8
8
2
7
29
83
115
48
36
6
11
5
114
150
337
286
1
330
6
474
7
110
2
24
7
168
191
50
20
49
240
32
224
116
467
6
8
1490
138
53
7
245
66
2
17
5
299
2400
198
810
2
93
3
66
14
237
9
4
92
210
60
90
2600
37
356
17
475
50
390
73
97
101
137
926
6
281
96
459
37
71
1
11
166
18
7
7
307
27
210
9
1
26
1
30
148
20
104
62
736
122
37
10
1262
15
12
3
111
65
7
171
288
181
137
2
33
22
205
2
22
311
246
434
2
659
739
7
34
115
37
46
94
119
8
94
14
163
30
1353
6
273
3
174
18
633
49
1
72
19
22
24
444
45
119
447
30
1977
7
1840
347
38
325
28
8
17
29
160
8
226
91
67
311
14
652
32
130
37
5
1
11
34
163
135
33
11
1
201
42
1689
37
1495
36
192
17
1
1
32
60
6
84
72
31
53
77
402
2
7
169
85
8
53
7
34
50
12
6
54
31
60
31
182
283
72
321
30
11
2
574
5
156
579
61
7
92
72
3
3
18
8
8
159
13
10
205
9
189
17
535
14
12
41
85
57
43
9
92
440
41
52
73
19
21
1047
39
3540
1373
64
22
4
3
20
62
171
2
146
201
151
994
47
24
28
2
44
25
151
54
18
21
366
536
587
26
61
30
12
64
183
369
44
8
1
42
91
45
23
18
4
48
9
34
39
180
23
31
75
34
9
74
4
115
62
48
66
59
7
1
95
392
50
20
18
289
7
74
48
21
10
20
63
42
6
12
46
43
5
101
408
149
7
19
16
1949
45
23
459
11
119
2
22
68
4
1
90
92
13
66
37
40
25
674
199
33
2
39
22
75
13
515
56
221
116
22
76
7
5
40
10
24
21
46
5
173
11
49
202
34
16
6
1
37
1136
305
69
29
27
9
19
14
10
114
13
27
114
50
37
227
34
49
50
35
2
55
1
134
1
825
10
24
6
184
37
36
2
35
15
85
10
19
13
20
9
153
26
1
145
61
263
24
27
43
409
46
11
17
90
35
293
38
26
46
1
49
19
88
84
30
4799
12
146
40
13
19
653
6
148
296
559
2360
505
4
296
38
29
8
140
866
80
1104
7
11
144
250
1
11
14
161
457
14
11
448
54
6
2
12
221
779
87
193
3
35
50
54
265
323
26
43
85
17
3
4
5
58
15
1199
193
29
178
18
54
2
264
16
9
14
1
1
26
97
932
37
105
21
27
8
1920
352
354
153
3
2747
141
20
264
42
83
12
87
14
56
32
1
506
892
4
51
51
6
15
246
2680
375
867
1
952
215
1690
875
59
2
7
173
14
1
5
14
186
42
6
95
173
233
74
449
5
11486
221
52
154
2566
1270
138
351
6
30
11
2
10
709
20
31
80
26
228
50
5
4
128
285
14
211
69
132
37
1
421
2653
124
148
39
1
19
464
23
32
38
48
170
40
99
48
11
106
9
378
1
9
5
122
17
104
1
237
65
94
2
14
85
85
603
1032
154
75
24
62
577
83
88
35
577
116
22
14
1158
601
24
662
7
135
540
201
1068
656
2
1820
447
22
30
9
8
41
13
10
51
38
421
5
42
12
59
2042
10
400
14
50
92
64
5
61
46
10
8
24
138
37
9
352
20
3
17
8
57
193
84
6
113
9
18
1
143
16
340
7
10
18
1
858
103
702
48
10
226
12
11
3
8
33
16
44
11
15
10
33
140
106
498
136
1210
360
41
20
130
16
5
75
47
1
368
90
6
5
121
720
2204
990
225
23
35
15
54
8
69
9
30
27
8
94
1
2
38
2
39
6
6
20
1
40
152
1
1263
13
48
368
49
4
294
84
68
24
30
358
63
70
5
193
142
700
584
75
10
981
498
23
10
35
174
470
9
106
322
45
233
220
10
280
1
340
69
403
24
4
40
21
163
36
58
61
615
65
195
99
225
8
7
752
275
1
87
48
79
9
4576
44
94
89
27
7
10
334
61
1534
40
146
392
15
31
47
41
4
12
279
101
345
92
277
142
22
482
280
70
18
828
1
39
106
17
3
2051
427
2
58
3
11
10
15
891
318
36
105
46
42
66
42
4
25
28
3
106
287
67
14
254
80
28
227
13
49
377
140
120
119
35
1
10
36
45
14
119
6
23
5
670
28
67
530
38
34
5
6
557
54
6
301
527
7
135
23
17
18
25
1
405
177
38
7
9
68
6
209
19
56
647
72
865
13
4
11
1
4736
22
1
9
18
1
132
133
25
7
82
6
10
20
21
15
8
56
149
818
35
17
41
774
6
6
4
99
27
26
57
18
65
542
271
30
123
1638
53
28
254
5
57
79
10
37
30
18
63
49
20
30
139
30
8
115
18
339
55
23
61
1
5
102
24
7
78
4
179
124
578
38
20
57
167
4
32
35
40
50
53
5
142
579
48
14
107
16
306
151
27
87
11
76
19
24
106
9
44
5
85
32
14
9
27
112
60
36
154
37
43
6
17
8
54
38
346
684
3
24
6
319
2340
458
26
4
333
54
26
10
12
8
12
1525
147
127
1
134
1348
170
776
37
239
293
575
9
2089
632
4
205
306
87
35
7
23
15
14
121
3
20
505
175
35
2499
120
20
8
8
19
136
194
7
54
10
1
6
25
68
7
22
6
100
45
33
40
44
64
32
14
15
9
81
77
23
17
15
276
8
20
165
33
83
13
34
535
184
14
11
126
41
6
410
87
73
9
302
102
43
10
10
18
23
1388
19
62
24
19
16
25
19
188
16
1
498
56
88
11
35
477
36
58
73
48
392
482
30
112
134
3
45
78
161
54
400
112
26
50
44
28
44
3
17
10
29
240
113
323
19
524
14
58
44
78
3
495
18
40
34
25
33
23
14
157
53
229
17
24
150
429
221
2
234
12
30
407
23
10
21
51
265
202
18
5
24
1360
38
23
21
47
37
254
216
17
40
9
308
438
101
13
62
258
190
1021
20
39
94
85
15
798
54
30
3
77
39
1144
18
30
5354
516
30
7
36
270
6
252
118
2
206
24
14
535
84
20
316
32
663
29
566
1061
127
102
12
25
43
15
36
3
10
70
7
16
1
129
45
229
795
114
128
68
178
16
975
157
81
52
313
7
90
49
54
144
32
137
155
264
587
86
294
25
239
6
310
30
40
31
105
193
104
19
44
262
3
37
78
64
40
15
44
38
3
3
7
110
17
19
29
91
45
21
14
6
164
116
14
29
102
196
14
118
6
96
352
68
2
128
31
4
43
13
236
129
19
163
36
43
1
398
33
34
12
2
13
1048
15
38
29
114
41
401
42
72
43
96
1128
12
50
43
58
121
177
7
363
26
145
12
9
35
26
39
7
329
12
19
34
129
59
218
20
105
1
36
14
10
98
39
10
3
19
43
69
192
206
508
12
178
57
21
15
61
138
8
37
52
69
1
35
111
16
51
421
37
66
82
82
46
249
223
11
25
12
5
46
6
35
5
11
102
297
38
39
40
118
105
62
101
161
17
12
62
273
68
19
408
7
53
6
28
37
118
17
13
558
7
100
14
2
17
73
1
1
68
252
27
150
4
37
102
28
20
102
203
1
179
572
25
50
7
72
245
565
151
24
63
40
2
580
6
211
298
49
445
17
1
42
19
77
112
127
15
402
20
19
31
36
536
14
58
31
13
19
34
34
4
2
102
3
50
22
783
37
42
1103
57
29
210
13
16
15
24
4
104
138
30
1055
154
152
1
1
346
375
350
49
62
214
126
268
402
482
20
88
1188
4
49
46
12
29
24
143
1
38
70
20
301
72
29
71
30
100
66
139
927
209
6
524
7
194
169
95
11
54
16
116
223
286
61
74
159
177
279
1948
59
36
98
19
1120
58
40
13
445
605
57
54
53
576
7
5
200
68
280
143
37
58
62
32
1
13
369
90
215
293
128
1
104
105
18
44
222
440
28
24
2558
49
100
42
1192
10
26
452
1850
14
69
64
68
31
241
151
687
8
3
4
60
9
356
13
13
725
5
661
9
10
30
40
10
7
50
15
36
6
9
18
58
7
75
74
3
20
271
17
385
112
19
16
86
8
7
1
19
64
16
762
15
23
6
39
18
57
57
45
104
4
106
21
136
108
74
13
1
14
86
26
156
54
100
14
18
1340
189
69
98
7
1
5
164
23
4
167
20
272
19
6
570
45
534
113
443
472
114
439
13
29
49
21
81
27
234
31
11
82
18
32
13
108
7
11
493
80
28
22
127
43
59
18
1
36
7
101
47
1
252
77
32
274
13
23
44
55
60
96
130
93
14
44
1
49
6
98
57
133
113
11
49
52
91
64
10
25
28
19
130
397
247
40
3
187
118
1
175
8
22
2
17
119
33
10
12
18
100
263
378
26
60
762
262
6
1
203
158
11
5
22
75
25
135
10
54
31
176
682
12
293
19
12
10
7
8
16
9
57
13
41
9
10
8
575
126
114
772
9
5
20
87
46
36
15
2
9
21
15
96
1
1
76
11
59
8
39
99
27
51
123
37
102
727
26
9
15
20
61
195
166
184
77
2
34
41
25
60
82
11
48
855
127
354
99
10
46
41
68
5
523
62
1
389
1
37
92
88
50
3
52
4
76
9
392
14
32
13
12
43
35
11
95
11
9
133
124
81
30
299
86
71
736
94
4
398
129
131
88
13
85
128
54
46
19
173
5
51
5
50
5
1364
49
10
4
32
39
132
51
20
15
239
165
280
25
8
402
114
7
251
913
102
31
22
6
47
5473
815
22
22
414
1179
3
17
15
22
15
6
6
25
37
12
26
4
15
45
82
28
153
33
155
79
125
668
27
30
12
33
1
41
121
25
23
17
578
23
4
315
41
103
41
8
291
24
2757
72
52
176
24
7
68
5
1
911
8
37
81
613
23
61
17
4
43
11
101
120
278
123
3
63
8
31
59
200
112
144
181
22
260
158
6
1
16
319
9
882
31
15
36
23
17
329
91
64
5
17
95
21
90
3
88
52
44
9
44
47
2
40
60
64
401
17
123
12
46
60
83
36
12
63
213
5
101
28
50
119
54
27
13
65
44
33
186
552
154
79
25
1
45
2
16
83
770
393
542
50
55
122
83
224
224
24
58
22
455
63
40
40
56
126
284
108
32
176
256
179
90
330
18
27
179
76
635
14
153
87
137
73
59
3
31
116
125
211
23
45
17
11
46
31
79
44
83
1
25
40
55
92
22
102
71
22
80
17
1517
16
3
81
1102
178
108
507
26
234
229
38
35
176
144
53
37
67
10
20
3
4
62
75
8
51
13
25
74
308
29
83
186
127
250
21
232
6
8
115
37
30
499
340
11
10
87
76
4
317
89
9
103
7
31
568
1
1
1
252
23
32
490
15
170
11
168
56
184
134
82
3
6
83
1
715
766
6
1117
185
78
9
145
384
34
37
10
38
16
296
45
488
203
344
6
130
18
166
3218
188
38
38
125
1
52
212
78
17
91
11
40
33
27
42
1145
349
114
43
72
259
19
1037
142
1731
316
1815
212
45
12
36
25
619
3122
1664
47
2
24
172
105
602
102
4
19
1751
5
4
140
23
200
216
125
248
62
63
45
2523
4522
14
195
34
108
6
79
184
51
32
6
26
668
180
99
131
41
1
6
127
56
76
169
100
31
68
10
45
25
1
105
100
8
56
49
245
31
207
60
782
69
5
56
1
7
6
124
39
351
3
21
836
8
135
76
73
41
213
585
36
3
236
141
194
3
2
16
18
48
511
44
30
57
4
16
113
42
119
473
285
5
15
187
7
23
415
19
530
79
53
35
224
97
28
26
262
13
8
18
71
908
193
1
606
1
53
167
190
22
17
62
1
362
73
1
205
297
1
