30
33
2692
552
653
231
996
943
343
211
176
556
41
176
1089
718
426
2645
423
457
63
813
2148
149
233
1088
84
632
372
1026
544
483
85
26
171
90
318
451
49
318
229
387
57
343
1460
237
135
1974
588
204
80
50
51
1179
882
554
243
39
166
528
992
1093
1473
1340
157
299
401
1260
636
221
209
188
2132
375
381
175
540
1168
477
984
114
501
96
169
1622
121
5430
135
300
335
119
463
567
64
634
1847
313
1517
636
63
129
22
346
500
884
460
668
409
90
172
171
2623
42
186
179
672
714
438
240
109
268
168
249
808
451
261
528
196
105
1398
123
1032
113
207
56
152
1519
