1
17
1
14
37
9
487
21
9
164
89
2
1
27
1
2
1
2
13
74
16
51
2
8
38
64
3
36
3
4
23
11
2
1
24
5
1
37
218
11
208
14
37
22
63
1
26
6
12
25
40
50
28
97
11
28
1
9
21
9
17
2
46
43
3
6
2
9
10
245
56
40
3
13
55
3
21
3
4
7
148
8
4
1
8
26
2
8
113
6
76
3
6
7
4
3
15
1
72
8
76
1
2
7
7
1
2
39
4
1
32
12
33
9
23
23
5
11
55
166
166
18
31
1
2
4
6
20
7
137
76
2
1
3
1
7
16
2
43
8
27
2
2
22
48
3
301
17
129
65
7
11
37
179
4
31
12
8
9
5
9
1
10
1
4
2
3
15
4
2
1
8
74
6
8
24
1
104
5
1
1
9
11
2
10
25
21
2
1
1
37
1
8
19
8
65
249
289
10
80
2
3
1
14
45
27
1
