10
150
9
11
1
169
20
14288
31
19
28487
82
1
3972
126582
18
2233
42
329
12
455
54
12
2595
75
70
473
2
492
7
127
11250
48
1
55
140
42
6
20
142
29703
105
3372
11
1047
212
1
31849
180
61
26
10605
14
6
111
13823
35434
3
2160
8
187
2694
125
781
6
10
639
189
44761
96
9366
126
1
11006
19
5723
146
490
76
22
1
26
81
250
150
12
649
26164
214
183
48
24
90627
1005
2493
25
212
65612
4121
1923
7
11886
1
75
35
5
550
42
6
35
37610
479
273578
204670
21
1
1
8
170
199
99
3599
1
62
564
18
11827
25343
118
52
44540
2535
1
21
137
23
41
36287
1
840
28
3
198
50131
166
53
19538
49374
4359
918
17
10
2
209
2
3521
1705
3
41
10
2915
397
5402
247
280
1
40353
456
154
56458
21
134
19
66818
3227
11
7
5
1
3
12
11
15
347
94
386
145
127
22860
6615
4
229
12
337
363
260
8705
11792
385
147
101
111
806
86
335
339
391
435
532
28
9
12
440
399
544
54
380
919
428
17
131
123
96
124
8
85
2302
3721
221
125
990
3
1
5
27064
24
9163
231
454
2431
88
400
1352
37971
386
10258
23
103
1213
352
71
124
34
454
299
422
403
28
23932
724
406
8500
30
108
1
3270
13
3477
628
39
2500
86004
2515
143
12516
1
20421
235
6381
16
168
1591
141
214
5654
88143
237
7
1792
80
27009
10867
40306
1686
1938
28513
33
25
66609
324
569
24569
6533
1251
964
23875
28662
344
889
11939
10564
478
4303
2003
34941
13297
36947
70193
14756
46033
4024
22892
852
4
110842
175
1355
150
34
31
6
487
409
1340
34617
131
3
151
40495
1008
672
12750
1
7
23820
2145
1908
6
78
39
27961
435
34
19
118
490
11
175
7340
53806
1
5
7692
9
675
48700
370
16340
40
88
25
24624
2688
4
1109
59
607
380
398
1
13088
24112
257
86
1986
1149
955
9
143
1
82
408
3
350
6106
1
259
32
216
27
27
384
22
401
71
306
1
86
15
268
1
50
136
10
544
103
99
20280
1
23
161
256
1513
33
352
2967
455
16
24
88
159
1
1
66
1
609
486
623
204
46
9
13590
3422
36
2251
30266
26
11549
73
48
48
3
93
343
318
23
14
42
16687
103
234
34
21
103
120
51
75
183
9
196
1
536
10
10
111
13490
1
151
2817
2252
318
6
22
1113
243
190
3110
9
373
1134
5241
96
1
7987
1877
32
166
1
16807
8
362
50559
270382
1
1210
14078
120
38
12
71
33
228
170
385
113
141
315
89937
120
58
7
51
335
1477
961
2
7
3128
5041
15
11363
135
42
407
26302
1544
178
2098
23
396
33
278
452
65
66
278
4
23
6
1053
9
615
338
1
122
4
2
355
488
921
6
5546
1
1850
126797
232
368
23
169
14827
59
435
188
8
27383
43009
383
341
2
194
22
397
14
401
14885
57
290
6923
44
593
56
1161
328
6699
861
35381
31
50
286
94
1
9
1568
2828
5
285
17
13
15745
3768
103
55
738
7730
2783
271
17
6
52
258
303
776
155
19
155
13981
18
1
3429
14
1473
161
99
2155
11969
78
7
9
10589
1
429
435
299
5261
29
3
3009
7810
12026
305
398
10609
128
14
6
11616
5138
485
484
492
5716
30992
1614
99
396
511
25
15
42
7
186
12782
132935
21272
17
72145
125
214
106
94
102
3570
74577
3314
2647
49
625
24673
16191
7831
8431
9320
15116
45053
29536
1223
9276
39362
12954
65859
3624
14714
1249
20026
50454
29818
26680
4718
17
398
19782
8980
2788
26122
4
4620
115536
5673
18503
573
628
3679
41871
50706
320
55
360
170
37
376
7
23453
52
24950
982
531
45475
329
32
262
505
7610
887
38627
329
8779
15088
777
380
528
42
2258
16946
40005
2556
5832
30
344
4
3823
381
13150
123
5
526
22
27
26035
2703
6
320
93
10646
4401
4086
38096
5059
4
8066
137
421
5870
16
383
5477
767
335
168
414
555
40
274
104
37
282
6152
42716
6742
30
16676
108
45835
5
8347
82479
320
3
5339
1252
146
365
9
16366
617
417
