693
1
1098
1
1409
2
99
639
18
739
24
415
10
935
2348
472
3
722
645
1
125
415
1534
1286
736
52
18
405
629
1
46
2
12
1247
22
84
2079
3
1707
9
6
298
29
612
387
361
131
3
302
993
1
35
1
12
110
1368
167
185
739
156
344
145
98
351
19
515
163
52
6
3
283
996
29
117
224
591
29
134
56
28
6241
52
60
830
6191
328
4618
184
4
25
21
285
14
95
1
1639
1
256
3301
14
28
44
22
2
1448
8
3
17
19
1
538
366
277
13
394
535
23
2
838
38
92
302
640
1
2
113
8
536
8
216
543
353
5
2000
275
1
361
1240
9815
297
14
1248
194
115
3
1
4
