403
145
73
104
925
72
478
205
44
2
2
19
3
21
29
11
308
13
1
16
21
32
17
3
142
75
18
973
36
1230
37916
47
147
248
38
169
3
52
11285
37
30
43
57
15
65
102
958
12
189
151
761
1
101
126
20
1
13
73
8
51
144
9
2251
132
558
19
97
168
36
46
230
2
46
10
401
33
2
122
131
5
1
991
382
3
216
34
22
5428
1
4
57
2
517
33
23
43
10
5
14
342
42
35
69
16
229
9
119
95
52
261
81
3
276
68
78
80
64
491
443
1857
286
10
174
7
121
22
15
18
282
257
4
61
8
764
3
2084
24
18
974
16016
25
2
12
2
4
630
22
594
20
41
4074
258
45
209
91
831
971
18
10
17
143
22
23
23
2
28
2591
157
341
4
98
10532
415
237
21814
156
18
14
212
30
2
28
47
138
15
120
189
201
191
698
128
4
194
88
472
1
401
115
62
4
50
293
79
3556
338
318
176
71
285
33
28
6
10
1198
21
851
39
1
46
35
108
675
2
92
13
2
3206
1
560
19
1
145
911
99
35
421
16
629
459
3
12
3
17
4
14
150
52
183
41
58
28
85
33
65
63
13
5
405
660
171
386
151
18
101
53
71
14
14
250
9
5
13
16
239
78
46
2
247
269
175
7
299
4354
99
46
117
468
57
98
18
167
57
558
370
485
927
1112
827
68
54
76
121
45
51
258
100
26
985
2923
317
5288
17
102
16
94
203
118
322
3
15789
4
319
86
646
13
6
1824
109
5
248
40
15
511
369
47
6
1127
5
200
1
98
236
2
128
18
1866
3
239
342
553
1
15
2
1
15
10
165
43
1
20
25
143
1
144
5
23
48
1
19
591
40
40
151
2
20
635
208
1275
1
263
221
41
1
15
543
25
131
10
139
21
84
132
249
780
115
97
921
75
95
1
1
363
2046
1
1
6
14
4
588
619
76
897
245
95
16
1113
348
20
4121
3
14
2792
148
3
107
519
12
135
511
239
215
907
1034
301
30
173
3
1
543
22
205
10
3
2
28
1
32
357
220
267
4883
67
5
293
1
4661
2728
251
3
6
6
13
134
4
61
6
1067
67
1094
2
45
2
389
33
33
190
522
1
7811
8288
1
1216
729
445
46
123
252
6
751
1
23
84
360
28
89
8
4
1218
212
15
49
6
9
46
25
126
23
87
60
87
3
55
15
2
5
151
50504
17
963
19
427
8895
359
3
1
4409
23
7
18
45
152
203
8
14
45
4
2305
656
266
1
294
11
672
25
1553
86
75
152
42
22
17
4
8
2
23
42
1
677
977
4
724
346
1100
256
174
2979
4
105
107
1
23
1
188
4
2002
1
256
558
397
119
7
59
9
12
1439
13
3583
2
47
153
5
1
17
5
30
93
65
13
7333
6
6
121
1
2
7
36
3
1636
506
118
3
1
255
18
1
75
49
52
57
28
6
1845
3
78
54
16
75
140
19
2
532
45
696
314
133
11
28
431
47
15
6
3
104
193
5
536
49
53
712
49
8
23
1299
912
1
3
216
38
21
138
75
1
173
3
707
1
480
1267
267
10
30
9
4
37
1781
62
21
184
1
367
1441
194
635
13
117
6
361
224
21
9
28
1247
9039
324
151
6953
21
7
1
95
18
1
649
10
32
146
157
163
230
21
24
19
2574
6
25
8
9
214
19
327
8
76
6
88
555
9
17
111
100
398
95
11
14
1193
8
3
17
45
166
14
4167
6
122
188
4
155
489
198
53
455
11
2
284
21
45
453
262
17
171
10
50
3
47
839
15
106
2
26
3
2
77
74
109
10
4
13
86
124
80
1060
45
78
1022
4
15
115
414
1
18
9
24
58
5
12
18
22
2
293
49
595
261
75
30
2
17
210
51
69
31
1
211
7
1
12
46
609
1
1
339
2065
367
3
4
163
5
415
7
127
1
122
1
2
1
4
1197
29
60
18
154
299
124
42
3
10
4
19
137
260
73
13
4
16
14
805
172
436
217
537
138
108
261
35
295
159
65
137
627
395
76
47
833
177
1237
4
821
293
58
2337
591
84
38
12462
77
392
415
13
5534
13
11
140
12
62
261
6
40
14
507
9
176
2
1635
21
12
128
55
56
31
117
115
1085
18
1
16
6
51
11
25
55
229
337
149
100
268
11
59
8
53
198
414
1
138
190
1748
103
6592
11
1592
8007
1
39
27
2
4532
729
229
457
66
1124
15
137
8
271
339
43
25
18
166
117
899
168
46
1
83
12
933
362
59
445
544
439
270
6350
217
172
315
158
418
157
21
428
247
22
9
3
282
39
55
597
677
411
186
6
1
1
117
35
767
1
43
14
3
163
80
518
51
682
8
5
14
73
102
53
109
335
1
136
1
60
7
596
54
839
766
2884
53
29
16
782
89
306
151
294
307
43
267
9
328
1003
45
3
97
58
123
451
411
15
90
269
267
17
150
4
475
1
5
622
685
9
24
1
123
370
54
629
4
25
58
463
2
52
63
72
15
57
2
867
4
8
2
157
33
284
29
4928
6
68
51
24
2
3
1
276
38
75
31
26
80
21
205
81
82
401
13
12
2
15
67
97
1102
8
20
1
131
199
319
1
48
62
29
8
298
1
609
1
397
2
1408
285
410
117
139
671
10
147
708
11
396
189
152
126
441
237
20
95
13
58
10
1904
172
218
12
1302
62
11
1
1
717
23
33
1267
1156
6998
1
153
9
223
75
15
1515
1
189
199
34
6
276
57
36
18
12
4806
86
44
541
47
74
1
68
1
5
1553
311
4
19
237
7
3
991
9
295
1
461
19
60
149
473
4
40
141
322
963
2
157
135
178
61
4
553
7
269
2
17
25
14
1284
17
13
58
26
56
1141
698
31
1088
4
1
32
27
1252
671
130
54
2263
89
22
27
1529
15
740
26
1778
36
55
1612
390
75
32
537
130
23
55
18
1
10
1029
375
355
39
135
30
286
530
895
12
2
454
20841
87
405
140
34
3
641
57
52
219
81
99
373
143
1
22
432
435
39
26
2
337
18
83
5
495
262
153
657
501
12
3
46
240
35
128
22
5
191
8
21
126
23
168
17
4
5
370
65
117
2369
5861
8
149
410
12
693
8
43
48
1
399
36
119
9
1
25
2836
101
17
14
13
147
487
1497
1331
13
280
162
57
1
270
1579
226
35
1
3480
1171
89
159
14
22
386
1
184
1
52
278
57
228
370
286
60
140
208
50
23
340
5
128
128
41
439
152
1
33
241
18
864
230
208
280
285
240
492
526
53
151
2850
396
1171
56
367
3121
228
14
9
69
2
1050
448
57
1051
152
31
24
689
361
1
10
84
38
75
152
688
125
29
155
200
14
305
848
215
141
3935
169
288
53
1
2
28
14
100
738
38
1
430
1
339
33
116
494
29
39
5
238
1170
638
43
27
789
405
6
286
12
11
440
55
32
109
1
20
124
180
127
507
13
37
13
197
1
67
47
29
4
54
4
1
449
32
17
188
309
2
130
1
23
1
613
6
1
144
48121
63
3
15
108
70
26
198
91
105
624
31
252
13
420
1
985
53
242
1335
1
595
69
14
3
744
574
657
9
49
236
5
4
87
474
372
659
244
253
2
5
239
423
10
759
1
891
11
57
1446
3
1
194
43
30
14
10
8
208
169
39
271
3
26
10
890
339
64
144
13
983
101
46
539
360
1473
1
483
90
38
111
254
41
243
18
9
8
1
492
1064
2314
2078
127
177
22
372
80
85
3
571
164
159
230
39
7
8
1222
40
249
571
1225
728
15
19
392
3
88
444
27
9
41
2
3
19
127
17
57
1
6
39
140
60
141
36
174
3
245
2032
73
21
4
20
672
74
1
194
15
66
58
120
19
459
3660
783
227
1
782
12
41
85
7
7
565
183
327
52
1
18
268
2002
7
1649
15
44
132
2
62
7
693
146
11
140
2707
14
1651
3
231
90
1180
128
211
261
91
708
252
337
30
14
26895
8
1
4
376
9
1
60
1
6
510
14
32
1577
1
78
99
126
29
37
626
8068
485
24
263
68
757
63
14
180
14
1
143
181
49
284
250
3
55
13
1
705
19
26
1175
20
1073
44
7
249
19
502
341
181
8
14
12
6454
1
626
196
596
1
195
246
40
387
38
9
7
169
1
9
14
1
47
1
30
17
193
29
245
7
30
9
5
349
60
55
14
232
168
199
31
380
12
109
1
1
791
22
279
1
1
179
9
1
9
112
237
431
1
415
1
98
12
1
48
181
151
443
92
78
6
52
47
226
2312
77
1061
62
6
127
193
297
83
274
392
149
306
245
232
55
220
1863
280
150
560
114
195
125
281
24
158
213
369
1351
27
393
64
450
614
537
52
202
49
1784
26
60
84
232
140
1
5
437
74
188
132
30
44
2379
1
17
1434
68
6
188
5489
552
52
806
18
1027
63
111
231
10
1422
1
41
1193
507
766
45
8
16
30
13
12
207
708
23
215
56
1019
496
80
1
22
107
11
25
338
17
31
52
161
4
2926
1
135
1
6
3
23
114
312
195
173
160
296
33
315
153
18
135
1
4
46
2
166
41
356
849
1
461
1483
9
3
3621
540
2
127
57
19
137
1
125
59
131
35
31
43
24
29
15
49
27
1337
1
2
118
372
6
691
5
11
56
876
16
1278
27
62
113
6
574
140
1758
4169
122
27
80
1
130
442
13
853
90
15
1
57
56
57
71
1877
76
270
574
3454
70
1946
3
6
203
59
3
2
227
2321
118
4
27
6
29
137
118
1
101
9
69
207
51
34
140
11
2
641
143
1197
162
8
830
2
1
48
10
17
391
1
1
652
4
815
11
133
428
5
356
374
35
160
1993
24
12
1550
128
448
493
621
23
6
10
2251
782
3
14
29
14
36
5
22
22
26
68
370
1530
523
845
6
152
138
468
6
1744
8
229
832
1121
34
12
1
152
1905
6
186
118
37
13
177
25
32
350
102
6
25
41
218
20
879
405
15
1
253
97
265
53
44
113
493
31
45
304
242
53
7
57
105
517
1116
183
464
9371
1158
84
1972
1473
337
162
170
45
6
125
205
4458
75
63
65
63
4
14360
101
233
44
10
26
413
175
154
83
30
104
496
22
56
220
1519
322
735
23
64
95
7
1410
46
1
16
237
216
96
86
203
671
1
10
356
11
25
31
73
3
4
64
10226
4
99
118
440
32
7
11
600
3
129
3
1163
158
2103
458
9
6
619
40
228
1685
4898
8
1871
42
62
158
12
4
22
2
17
2
189
181
1
12
101
5
114
7
4
853
290
18
44
46
93
18
1321
1
2018
50
2
3
35
30
132
1541
57
1
526
1219
11
80
1
35
224
3
7
749
323
12
3
25
4
671
45
2
78
148
15
7
66
143
133
291
464
51
42
359
117
45
112
2068
22
10
6
28
184
455
16
172
3
453
4
97
14
19
79
118
26
49
3709
315
13
10
23
334
47
52
1079
380
1
37616
2
140
5
103
36
129
14
41
4
1565
317
3630
34
698
105
14
191
463
34
66
117
75
1
23
8
10
8
1
219
270
100
22
200
17
174
49
41
464
25
50
152
54
119
1282
443
472
20
907
27
142
25
4
3
33
19
1790
394
37
924
1
2311
724
185
11
255
30
3337
67
6
291
55
265
24
5413
5
159
641
4
1
172
46
29
34
1423
1
168
384
221
312
15369
24
360
138
345
51
191
4
654
572
331
13
70
6
265
548
3255
56
68
25
2
33
8927
1382
34
331
29
79459
112
391
36
94
486
331
7
128
64
45
15
11
4
1
576
21
30
9
1914
1287
135
450
1074
620
66
17
27
9
59
12
18
2
66
977
11
44
16
11
14
86
61
180
7
1388
119
227
232
1166
31
33
105
3
720
52
11
8
123
478
60
22
2820
6
274
699
4248
500
1
794
15
121
35
92
739
21
2034
331
419
72
662
306
74
2
213
61
307
1
89
307
1
11
1
34
85
1
5
32
471
656
73
6
87
457
24
102
8
41
1
11
45
422
351
105
132
22
447
381
840
6
45
2
2
516
132
323
144
13
119
33
8
245
443
62
4
142
94
1354
49
1986
20
52
622
88
157
167
363
58
108
29
902
36
333
1
61
1418
15
93
63
14
1
188
2
39
109
3
144
323
9
359
156
762
380
179
40
133
330
455
5
138
1130
73
148
630
16
27
160
76
301
123
64
1242
1
62
42
264
296
146
223
113
17
45
168
111
1657
11
42
1
4
6515
86
103
176
28
119
2
425
77
117
21
216
20
1819
31
26
43
77
111
202
14
88
101
33
23
19
1848
1
98
122
354
13
38
455
2
752
22
1
19
7
272
1137
1153
264
1
19
119
8
46
17
1319
97
30
1
12
12
195
741
115
1068
532
660
57
417
433
309
3
1
4
793
2
435
5
171
2
37
1
188
201
3
224
11
78
1
160
8
319
153
149
344
6
451
1684
13
52
7
26
13
256
805
998
213
84
164
23
19
1600
36
183
171
931
157
18
6
11
15
103
682
801
372
1
58
235
1
249
2505
1
907
70
3
16
60
99
118
477
28
3
24
139
23
32
60
1
6
57
906
24
3
873
554
5
4
9
76
8
392
1
1604
170
2
52
633
1
1138
46
18
366
7388
129
64
482
4
186
65
291
1
789
4
81
45
1
1173
70
109
27
4
222
14
7
1212
9676
35
76
9
54
128
1464
473
59
35
1
10
39
95
227
28
385
1
1230
100
5511
47
205
1
1316
4532
150
270
832
1
14
1501
106
104
189
77
14
1
13
54
1
5
507
127
52
561
67
5
84
56
1251
15
136
23
1
525
9
1
15
145
612
59
50
95
98
1072
146
1
607
21
3
1
66
54
1
445
323
21
9
2
3
45
47
654
9
36
158
5
2543
948
20
712
41
4
101
1
91
57
1119
55
2768
14
186
2
793
460
1048
453
56
262
134
155
26
8
15
7
30
145
279
1
727
27
249
775
124
253
596
4
96
206
23
31
67
11
208
133
55
39
554
298
4
20
51
20
13
2
52
2747
103
3
398
1
1
3
27
48
376
10
77
841
1
1
50
53
75
15
1
134
6561
452
54
138
6
1816
70
334
40
18
153
138
189
16
417
6
28
1
6
104
237
12
8
4
55
13
1
66
195
79
359
96
8
71
137
905
1657
619
1
107
2088
453
53
903
35
182
1135
7428
20
17
1552
150
73
9
1985
8
219
25
118
68
33
46
1
96
2705
1
114
7
4
79
75
105
89
136
1
628
218
249
432
1
1
110
18
476
32
11
44
215
339
272
15
279
11
2
10
86
3663
206
552
37
5
30
7
96
104
1
562
190
20
551
636
18
418
641
939
1
148
721
240
160
278
341
5
170
65
55
11
13
55
125
18
599
80
133
19
65
91
20
950
258
1
248
1335
11
564
82
3007
1
60
69
1
2
40
320
131
677
4
38
26
625
22
236
763
259
587
219
297
2521
233
435
855
295
124
17
216
27
166
1
4648
322
12
46
110
262
72
20
4
19
738
218
102
125
8
7
555
102
120
188
1324
400
4
581
100
4
892
5
1206
1817
55
20
420
186
40
560
9
1
5061
1758
235
39
165
340
5761
21
574
33
9
40
361
352
172
1
22
193
31
6
28
608
52
13
35
1906
9
995
55
180
714
145
52
297
102
23
17
1253
1
173
2
231
172
1
4
455
298
53
121
20
6
241
105
1
21
2
244
22
3
440
132
70
245
6487
44
464
150
28
1
482
233
360
12
841
76
1156
1
238
179
75
158
1241
1379
18
1
5477
52
19
747
1
13
18
5
671
65
175
118
104
83
158
1
17
20
428
1178
474
76
1550
3
42
483
42
2
1164
25
4
237
29
28
117
239
90
28
99
666
993
476
123
1
23
1
187
4
10
43
422
108
1020
11
50
1
34
62
104
471
179
1
361
17
171
8
87
42
50
93
60
167
149
319
194
78
1797
394
1768
5
193
242
70
794
18
41
139
69
122
64
27
1145
1113
555
70
161
15
12
9
17
1
412
114
19712
32
173
3
138
216
40
3
1
8
1
252
359
1734
859
79
1
4922
4
2
635
3
62
117
6
226
408
31
282
364
17
823
93
200
64
83
1
10
15
4
89
3
393
274
7
253
33
518
27
518
38
42
18
29
46
110
76
35
291
14
32
124
13
1088
71
143
12
33
43
704
238
55
22
158
27
184
15
1015
52
89
17
59
11
17
323
171
74
75
143
1
25
165
52
384
61
1
356
195
255
10
27
9
488
1804
157
3
88
476
3
9
336
32
17
307
348
1
43
15
7
1
3082
29
720
78
237
831
33
178
8
63
1
456
17
13
37
573
112
1814
7
611
1026
185
633
1284
15
2
272
13
153
1048
32
1
416
17
21
265
25
1674
4
90
49
157
160
13
1
1
1
18
26
2
34
1232
141
89
9
487
157
2004
4
15
7
207
497
59
8
148
1
397
367
922
2727
7
275
1129
210
45
5
337
15
21
4
350
22
19
110
19
17
908
14
19
59
22
1077
2055
37
229
58
14
4
3
1
2511
488
25
98
289
42
24
1
1172
21
19
1
287
1539
14
779
140
162
2
8
506
4
521
122
129
583
10
11
50
315
27
29
570
21
569
5
214
103
3397
1
58
82
31
320
1
1
36
71
80
436
19
4941
15
238
338
401
1
190
337
5
223
48
14
310
1064
127
766
1155
392
1
3269
104
143
35
21
174
58
228
56
60
337
1
175
15
117
14
7
11
20
879
1
2
5
124
897
3
160
22
98
7
195
500
1
26
164
9
464
22
82
77
11
1
6382
1
7
1623
1
36
90
372
56
30
4
78
56
48
1711
262
2019
25
13
368
1
26
596
10
58
28
268
183
18
1
24
460
5
444
58
703
146
792
153
22
4515
91
71
132
28
47
1
100
836
1
126
13
61
22
2
78
1318
62
19
275
10
86
146
25
35
1
6
5
8
128
55
126
185
128
1158
15
82
31
121
1
334
399
571
310
21
5
2798
48
7
161
30
565
994
137
176
44
158
65
98
164
595
217
618
1016
1
85
4
871
192
1
20
189
1
667
8
10
284
2
42
140
3800
961
3040
261
4576
361
52
888
426
113
1686
372
133
113
9
25
69
208
24
27
1
43
29
188
43
31
195
1
1
77
110
722
6
13
4
37
196
10
47
548
47
1248
1
108
569
107
21
45
52
19
191
456
141
371
1
89
20
20
2
30
59
7
792
1
53
30
264
967
10
36
84
161
121
143
181
15
2003
251
1
33
8
10
126
1
33
5
8
980
1675
1
37
33
1
56
629
53
1
41
98
3
43
4
83
125
624
133
419
127
156
192
1
18
494
1322
115
22
4
13117
12
34
18
234
2
660
4
569
44
2385
16
2167
17
163
277
102
13
1205
837
270
40
5
17
865
33
57
2
3
50
281
1
58
42
133
76
215
1
13
42
533
1329
19
275
419
27
29
228
16
426
94
27
1368
1676
1
172
37
172
2
1
1421
133
19
397
6
131
83
453
85
79
81
652
199
43
8
64
93
40
11
47
1
1
1406
22
200
208
534
110
268
63
542
46
80
6
5
1
354
81
136
537
1
16
714
98
60
433
1
7
273
1457
274
185
48
69
510
4
224
164
65
2448
132
101
561
1
4
620
286
1
29
9
17
138
17
117
124
74
2
262
18
32
58
1
75
20
38
9255
1
1
258
17
18
20
294
198
42
179
63
2
9
132
73
1
51
334
6
23
26
173
40
708
40
12
22
128
13
502
102
1
744
1
32
2851
69
3
118
12
3
26
11
352
854
25
1
412
411
87
41
317
1
1
101
1
11
33269
32
28
62
95
74
412
16
218
62
1
172
4
14
825
37
166
6
75
1
98
54
77
150
4714
626
78
44
56
1
8
250
1
19
195
59
349
21
10
15
50
2063
12
73
125
4
13
281
36
888
2
85
4
225
39
389
173
7
149
101
1
49
9
22
20
64
22
4848
4
204
71
26
30
162
180
6
221
39
14
106
221
158
117
249
17
21
1
37
850
5
48
5835
260
1961
63
138
22
119
5
245
1382
14
62
183
7
135
503
20
711
67
27
235
61
769
1567
1375
144
84
4
417
14
3
137
2
477
700
89
1
30
64
178
19
23
283
12
528
107
479
30
41
16
114
7
160
28
3255
9
6
61
206
734
1
564
1007
59
24
51
147
27
188
120
258
64
334
319
470
124
55
8
2429
177
309
214
112
232
310
604
150
1
3
1
103
239
269
10
227
27
49
12
13
160
85
403
2
104
2427
99
953
2607
52
273
437
41
1
19
375
608
73
2
2681
479
11
20
5
7
70
16
5
829
18
381
100
1438
5
1
71
24
23
13
633
260
291
608
12
1
301
171
5171
1
1186
1809
146
269
147
202
165
74
227
375
374
338
36
850
65
394
709
10
306
462
2817
47
11
151
10
1015
93
217
114
34
10
1
3
262
369
12
769
20
19
13
29
26
2
334
596
1
104
68
31
19
1
110
21
390
176
351
37
2
154
1
14
2
1
355
751
1
16
55
47
259
882
11
1906
34
77
49
2
671
1
1043
27
121
1
616
553
1677
85
2561
15
38
617
10
4
2444
30
1
7
98
1136
176
175
22
242
1237
452
115
31
338
103
800
348
309
380
129
3
132
92
5
101
66
21
101
177
333
13
2180
12
15
110
22
47
95
101
231
30
230
697
100
244
7
24
95
81
26
808
65
567
129
35
21
225
131
61
180
1119
3
13
32
1911
7
33
17
186
240
1859
54
111
370
751
1032
1056
6
2764
1205
85
19
174
117
176
300
202
171
42
82
263
27
73
69
2
13
367
56
26
82274
146
191
621
129
1
81
227
10
871
403
234
477
3
1769
65
14
15
192
15
10
6
213
1355
84
13
11
12
9
1
1623
3006
73
311
69
1
1
6
69
19
14
33
23
95
110
846
28
359
42
678
61
362
458
860
44
13
67
379
24
35
877
894
17
12
379
217
380
162
692
275
148
1449
11
31
58
14
101
11
100
89
222
123
540
126
11
39
1
17
1
252
2
90
160
102
161
25
1744
3
136
167
1295
75
16
3
30
935
71
3
10
4245
1
292
427
227
11
83
289
218
2
137
585
634
10
156
1
1
4
15
670
19
1457
46
9
8
395
743
1
29
530
147
54
276
207
4
534
398
13
644
183
46
1236
11
350
514
75
355
2218
24
44
1
2460
1
181
389
10
46
5
2
1
138
11
13
1252
69
22
19
1063
4903
5
553
2
4326
6
764
20
15
632
71
179
1
29
292
4
428
1116
116
11318
701
8352
185
29
8
64
138
15
1772
1
2
2099
116
11038
443
39
1085
18
15
52
281
36
58
1
703
134
1
2491
357
149
183
845
1
432
3
739
1
312
1
1725
3
531
73
297
299
249
194
38
93
50
418
66
328
22
43
89
126
140
103
342
961
60
53
62
21
23
1
483
1
1
37
28
5
7
2013
13
393
15
625
51
1886
5
129
7
115
99
4469
432
80
864
265
17
1057
489
650
166
15
284
6
358
180
1
132
10
14
4
1
1994
215
2
378
424
11
3
74
137
263
8
467
1
3
3
1
15
3
38
45
1
1178
31
4
332
70
46
408
1
1
78
463
230
1
11
1256
5
431
2071
627
178
57
1
5
495
49
923
23
7
1445
89
1221
1982
23
49
71
5069
1
52
1197
1
14
607
195
39
54
18
116
219
24
79
96
283
167
172
113
795
165
2
80
1089
2
146
207
188
3
105
5
10
56
216
133
32
2095
897
17
51
814
1
4
522
440
1525
417
36
12
97
748
28
1
1184
27
24
23
404
69
1182
7
41
4
10
1
646
24
476
286
467
3
2644
422
71
20
220
7108
418
461
1234
1197
410
2
1
1087
200
7
200
24
102
17
670
14
158
690
5
69
96
323
133
379
26
31
28
1
7
3
1
39
1
774
75
27
241
257
101
546
285
411
156
55
314
2
45
54
55
871
38
482
16679
34
36
262
32
567
9673
530
23
3
14
1448
21
16040
944
87
2
44
8
1
75
1
1845
2260
8
1
810
47
42
246
5
18
15
2840
2
551
1025
73
20
34
9
18
326
6
1
74
10
11
24
379
18
3
62
18
1277
134
1
386
26
324
4
174
3
439
41
11610
259
1750
76
340
254
65
22
8
15
365
2
74
25
11
175
1055
627
2102
3
982
679
93
429
10
106
76
299
566
292
2568
60
1
250
148
1
227
327
209
20
169
65
36
840
10
1
1
788
403
97
24
26
1
211
3
37
6
50
966
50
136
37
8
3045
4
73
213
1
20
174
116
166
41
174
61
93
109
497
73
94
1375
196
674
331
281
1
1
333
155
2558
161
59
800
30
184
34
2735
102
246
80
22
99
662
58
238
26
170
745
5
844
3
47
53
347
1547
3
611
2749
7
286
27
27
4
77
5
21
17
25
12
364
313
7
9
101
446
125
632
6
42
14
344
44
11
12
54
80
905
1
2984
1
1
111
15
7
223
11
444
3
1
20
40
1
5
62
1182
25
86
113
1
1
1598
206
41
2062
150
1
1339
2853
46
4547
94
45
870
29
11
193
59
136
184
22
48
1
22
1248
1
1
1819
75
27
64
1
60
13
11
34
469
26
4
140
3
9
377
100
1023
27
111
146
1
1896
1
69
8
3
69
1
643
25
218
12
630
190
4
93
22
37
5
5
244
146
288
4
24
1
39
8
273
55
12
1
38
1
26
52
39
150
5
242
137
190
1181
504
34
354
621
1
756
39
9
3
124
5
134
1
194
987
10
19
33
64
13
212
572
438
16
66
334
22
44
22
49
16
79
44
11
185
61
36
1580
4200
36
22
5
31
139
38
2
1
5
33
1
109
11
117
747
286
823
2
14
52
23
71
593
25
43
14
2
452
9
1
23
65
45
106
3
13
71
3746
8122
355
1
707
132
330
10
3
5
4
85
79
134
1
14
85
3
63
902
622
103
51
1
2719
1
5
33
83
220
281
1214
21
1
121
97
178
170
2020
583
717
3
2
4083
221
16
3163
12
7
12
56
443
9
79
15
49
239
584
348
261
2
613
247
167
12
24
49
217
1
1
93
37
1128
9
2978
144
92
872
3
2
723
69
283
11
10
9249
10
3
94
55
22
1
3
1273
467
1
11
372
1
99
192
35
424
229
848
113
5
2
18
40
21
236
13
4
195
11
13
128
7
5
636
137
152
122
96
2226
106
19
1
1
1356
14
77
9
14
2
76
55
253
90
9839
25
236
1
3979
5646
31
92
655
171
156
234
41
638
4
981
1202
30
18
16
3
209
8
29
413
1
8
21
92
200
138
55
133
7
14
238
33
1
18
193
15
1
320
1
620
7
329
1
301
17
215
1276
1263
1
107
1
1597
109
5
21
448
114
20
1304
4690
487
330
125
1
1
1161
313
22
1
263
11
6
11
2374
164
1
190
28
1
385
142
90
2
1
148
3164
6659
4
53
38
26
679
1
3
575
88
185
634
5
34
2
483
188
6
19
4
7
1975
1
60
4284
14
1
36
201
38
6
108
13
214
1050
45
44
10
13
40
667
51
36
403
120
397
14
7
5
137
9
1
104
1
119
9
2
142
3
10
121
24
210
139
112
278
1
12
9
5
54
968
122
20
47
188
237
1150
1
289
377
160
479
507
10
16
13
122
29
119
120
57
1
12
32
1
2
460
1
100
4
2
850
63
22
355
14
377
1
113
174
1
425
97
14
199
236
1
1
1333
16
14
806
42
7
18
4
1606
344
1
659
5
182
567
37
265
3
209
239
47
61
34
5
144
4
173
14
4
123
6
119
65
24
1
21
7
14
1563
826
173
37
326
279
188
7
30
314
1
3
3
18
296
268
11
449
27
148
4
1
334
27
155
38
27
680
1
74
68
769
7
1232
2979
191
22
31
64
2
224
121
1
5
11
250
10
9
1
1
69
1035
2058
16
335
52
43
1116
623
126
390
146
26
108
235
860
21
2
56
685
22
75
221
102
3
55
340
84
73
33
102
22
31
28
11
932
211
1
1
55
122
8
940
2577
231
1
13
15
1
55
32
51
55
1
6
9
954
185
333
62
12
12
10
107
31
12
6
327
28
64
1874
309
58
14
13
42
619
8
26
18
1
148
21
866
10
11
40
37
152
29
1
1
33
898
6718
82
43
1
15
1
62
321
24
51
523
98
18
140
5
129
1022
2
14
13
86
152
394
16
114
1
14
104
2
1
49
1
399
722
35
383
240
1340
89
6
457
84
384
15
1
1
291
758
14
3
272
9340
1047
55
574
153
30
21
72
12
29
2
4
14
40
8
1
52
608
1
12
31
10
10
177
1422
424
386
16
774
13
282
14
181
14
2270
173
1367
16631
305
454
27
14
155
90
4410
440
196
1335
17
24
19
1
13
16
14
3
5
252
9
20
41
78
16
14
654
3
52
143
586
34
6
212
416
8
69
13
221
8989
23
563
994
50
2
4
4
58
56
51
29
20
117
52
5
2
1045
1042
47
13
222
233
153
36
259
1464
211
969
51
52
108
398
10799
1
346
490
134
18
1424
941
14916
1
819
20
2
313
12
11
3112
68
84
4
202
207
1
61
68
4
32
379
173
64
111
133
88
70
1
109
402
90
274
77
70
58
873
7
52
246
106
24
8
204
303
85
42
29
40
125
1
6
40
209
18
243
1535
30
63
5
27
153
95
6859
3
49
166
1230
136
11
8
4
48
2746
96
165
2
749
65
113
10036
67
8
121
7
76
234
365
103
989
381
1282
31
60
58
937
59
48
132
38
264
603
698
120
5
54
226
2
95
9
3
8
2
284
59
474
15
11
4
37
83
104
39
31
667
22
41
89
4
11
13
1
1271
111
322
1
1
11
115
50
299
5
7
58
219
1
1061
1
48
1
31
93
78
84
13
1165
126
113
145
4
123
9
1
124
229
3
975
1166
635
42
88
141
637
2
9
31
191
11
225
307
937
81
48
275
32
549
80
64
1
35
31
8
265
1
1
657
50
62
18
38
15
35
41
531
753
1
235
104
96
14
24
55
2
13
54
88
980
4
84
1247
195
516
1
20
172
16
342
14
281
143
24
66
20
167
12
72
8
102
24
165
50
10
181
75
244
1
1
70
405
260
118
489
52
789
172
1062
10
43
89
388
25
1623
2
10
1459
43
1111
165
2842
16
2083
23
138
8
358
4
130
1
23
11
504
382
395
128
69
15
636
636
242
230
69
9
354
459
176
228
4
129
69
5
3
337
81
58
59
6770
1298
46
3216
29
13
30
23
20
70
2968
133
3
264
805
13
1
1
1
132
45
450
3
12
160
214
190
14
30
25
128
247
810
6
1
218
451
1740
25
12
13
30
2789
562
51
1
935
197
2630
611
32
486
68
13
75
16
55
261
1116
40
201
1
413
135
15
64
228
942
940
226
54
24
945
30
250
330
2217
249
224
170
19
1367
211
157
67
108
2
21
63
1
1
26
9
32
18
82
169
25
24
3
108
12
1
369
35
3
46
47
106
2
5
1
79
158
74
602
942
3352
203
29
100
589
4
1
35
1
76
1
1
286
9
40
1
21
206
39
419
43
6
19
1
59
1
141
1
1
1
1
10
2
154
247
263
7
3
8
8
16
2
1
50
12
151
231
16
329
165
20
8
2
30
11
49
2
20
62
9781
5
271
20
85
4
285
447
5
1
56
365
773
79
5
1
684
53
309
182
38
85
129
105
1
25
202
43
51
95
2
71
811
120
194
276
73
7
61
211
157
245
1129
49
86
75
4
57
925
1
98
7
1
16
1
4
68
2
80
1
12
4299
1
317
4
4
744
460
149
122
1
333
69
205
69
56
2
220
151
20
1
108
253
53
