6
72
401
260
250
176
757
41
26
24
28
1115
299
338
53
571
11
25
277
202
25
164
113
129
17
474
472
81
9
46
154
16
348
58
1
26
51
24
2221
341
58
203
1450
188
17
70
350
47
8744
534
113
91
428
325
140
5
12
97
318
144
164
2
222
719
443
53
142
159
252
1
3
230
70
9
455
15
197
433
126
101
31
28
26
542
375
55
279
1643
20
6
792
21
421
47
366
173
459
2
16
33
50
26
11
74
20
42
31
195
115
51
34
469
28
101
89
178
156
1898
106
20
855
369
363
23
1
56
646
478
146
35
168
17
275
493
19
113
51
106
176
228
428
60
39
28
40
121
10
412
192
18
1148
26
217
11
91
16
260
401
99
36
76
10
17
246
116
284
22
51
441
1350
547
114
156
316
267
179
873
238
74
158
377
14
199
2
387
20
103
4
76
27
261
5
60
400
500
641
3
174
34
109
547
2
241
27
8
299
4
188
28
351
38
13
12
1
183
10
24
409
120
230
174
252
3
102
15
23
634
40
13
5
135
25
179
230
120
283
23
131
304
151
188
419
7
105
969
1
174
41
225
114
27
453
19
9
66
110
166
336
1153
397
14
33
200
23
38
132
98
118
193
137
7
64
307
179
12
272
1664
42
1300
274
40
667
72
177
3
107
162
179
21
822
174
60
7
15
148
214
149
419
45
58
350
15
445
511
1233
5
55
161
326
9
428
257
373
110
18
271
5
65
4
155
450
82
3
22
403
126
263
55
34
30
335
9
422
1992
36
83
920
314
7
33
123
15
39
46
20
357
29
49
70
853
49
501
367
82
1
257
187
264
55
69
64
4
1156
27
34
18
107
129
306
229
20
174
110
40
564
56
163
323
2
554
85
109
43
214
2
201
758
6
227
72
108
188
43
8
21
166
449
1
531
114
398
94
574
1229
126
74
460
287
128
68
31
52
33
4
330
24
784
204
92
212
601
281
84
965
23
353
35
205
1
70
43
99
48
63
144
299
26
27
39
277
413
292
65
333
15
33
103
183
36
22
5
1
957
164
150
48
125
11
56
240
174
200
787
377
399
172
143
16
278
123
37
499
580
473
696
1
12
1
13
235
1434
121
622
67
3
62
77
26
2
17
30
77
365
28
202
2
339
183
18
52
20
34
267
680
9
396
2440
182
11
39
30
55
3
6
310
24
418
137
1515
182
176
3
17
248
251
7
22
18
175
289
415
211
60
45
60
28
204
339
22
72
52
115
4
5
82
20
184
2
125
24
226
58
3
467
513
117
394
27
70
354
232
91
190
145
7
94
11
238
205
25
3
42
23
26
591
321
1
143
18
401
967
265
130
6
193
15
3
77
255
4
2
20
37
206
294
81
419
28
20
1009
104
40
20
2
363
37
171
2
314
569
5
115
523
26
412
107
37
269
285
13
238
20
211
74
361
9
114
101
269
56
42
196
6
88
36
342
313
4
461
339
25
37
21
58
3
431
38
11
1080
409
22
98
48
3
1
3041
986
1048
421
67
14
989
52
57
22
7
170
1207
172
246
1
39
1
29
22
7412
1
1
323
1406
117
494
31
86
7
48
489
1294
352
22
27
517
33
184
31
602
118
352
14
11
265
161
451
168
48
38
10
395
17
109
19
8
9
250
397
162
581
2543
198
34
175
222
336
35
11
11
23
612
352
30
3
14
24
282
5
3
64
229
44
302
14
33
97
2
24
618
127
35
209
25
53
56
105
151
56
339
97
297
28
71
302
334
301
51
186
335
9
695
108
123
4
559
43
56
9
452
38
325
133
174
117
84
20
16
1022
21
27
727
69
31
34
34
92
24
2
3
178
50
175
1019
59
114
5
81
3
304
3
147
40
74
12
25
19
26
59
135
139
25
172
56
3
1
101
5
8
195
3
4
372
136
1026
116
60
43
73
43
265
106
224
26
241
524
112
98
8
5
917
25
193
424
26
10
71
416
90
60
48
142
25
20
227
71
50
3
94
289
183
93
1070
95
10
34
36
364
28
76
1213
7
114
138
593
44
86
439
1098
23
17
15
77
389
76
4
117
186
95
29
7
15
36
15
177
182
235
178
160
1
2
16
206
39
298
902
24
41
978
642
3
39
108
8
23
21
176
10
52
305
22
219
501
142
1527
19
116
279
11
750
86
163
100
62
86
6
676
855
15
21
571
13
26
92
12
72
49
285
178
37
23
11
123
44
40
163
2
35
101
27
27
14
216
172
162
95
121
481
558
13
142
151
18
568
23
816
28
349
23
13
19
10
18
79
30
78
548
261
3
1
280
57
37
151
211
36
5
284
15
36
25
19
9
3
1
441
8
52
16
64
137
183
192
9
91
52
56
81
30
131
26
36
85
2
306
193
1887
902
474
7
8
229
1129
819
370
80
35
208
4374
33
64
4
2411
70
64
31
2630
27
39
157
204
1
4
172
173
137
28
193
19
471
77
77
32
26
48
25
206
384
939
51
223
452
1
144
202
92
648
2001
278
58
845
664
36
228
50
74
41
53
4
366
122
23
230
127
6364
128
437
42
239
362
121
235
199
387
66
211
130
173
68
202
64
1
578
88
196
32
401
2
4044
385
143
276
100
11
233
30
308
47
107
17
89
63
23
353
100
303
1458
102
337
47
269
1
80
36
66
49
125
341
17
123
72
261
380
9
18
19
80
905
1
523
68
1
342
8
20
7
67
16
727
79
776
58
7
49
7
40
115
26
1050
25
39
1
1
144
95
16
82
8
15
14
76
465
81
49
109
104
69
111
882
375
25
34
46
8
40
87
284
26
25
282
34
3
754
32
31
201
33
280
411
274
252
61
63
49
33
71
33
42
138
44
898
572
271
82
5
127
1077
17
20
1554
15
399
76
201
100
58
126
11
33
736
203
23
41
133
89
719
115
47
9
8
59
296
106
7
131
567
275
507
34
13
168
25
1
22
3
18
222
334
157
805
116
18
41
274
357
423
847
35
1167
26
255
741
68
24
17
55
39
36
165
42
139
51
74
448
18
1966
97
35
118
26
10
57
777
417
44
47
134
8
253
182
9
463
235
9
71
772
55
812
41
8
51
58
108
1526
256
504
804
608
4
307
29
80
162
480
37
81
20
41
200
44
143
37
734
261
2
228
105
150
21
690
73
162
381
188
11
8
2
27
41
18
2
21
105
319
478
70
63
183
34
238
86
14
3
20
66
122
156
84
532
118
2
337
32
1
308
35
610
171
150
91
68
39
302
275
129
171
478
55
87
11
9
715
269
9
1
21
31
250
18
14
99
1
10
223
3
89
227
34
190
28
235
64
80
4
587
2
56
269
227
164
120
35
876
24
166
52
43
349
203
99
18
7
150
34
10
91
58
45
114
352
1
5
431
142
60
394
17
79
55
73
12
6
461
8
550
134
96
6
9
22
204
27
103
28
194
42
289
248
113
543
31
34
54
36
184
3419
156
135
356
3
11
46
13
4
86
828
45
85
11
17
111
3
2737
107
144
34
276
59
2
139
8
43
243
29
58
113
175
33
198
2
105
73
422
51
74
153
135
31
398
26
105
298
398
2
153
209
130
19
28
250
9
209
537
59
54
213
4
34
619
180
57
27
221
64
6
24
157
196
186
364
30
273
163
388
185
94
435
20
126
259
50
1468
89
24
346
44
24
9
936
2
35
2
764
6
26
17
208
189
176
18
1
185
20
68
47
205
168
63
1158
5
114
