103
3
59
1025
8755
27
23
959
454
144
7
6
42
25
13
117
73
10
5
5
24
23
54
1
81
50
285
248
12
78
9
241
50
124
114
192
232
221
685
976
2
75
171
9
132
36
14
60
22
25
125
239
231
228
229
21
4
350
240
279
40
171
48
14
133
62
101
63
116
71
47
45
26
20
77
36
100
52
62
18
320
19
89
21
17
177
123
130
736
55
12
7
114
7
25
92
29
121
56
219
1
31
189
122
45
244
18
21
436
77
105
2
14
255
82
16
6
142
105
16
8
131
1
3
125
156
107
396
47
278
27
112
140
14
38
120
117
194
215
111
234
23
107
105
140
123
249
663
127
237
120
106
118
105
112
701
2
165
2
122
109
107
302
107
4
118
380
99
33
105
105
8
26
62
12
90
3
24
11
155
14
16
161
117
301
139
25
196
196
346
105
107
4
105
109
301
9
304
62
112
347
238
547
1602
20
241
26
163
150
244
105
181
21
13
265
248
161
42
3
28
137
125
420
136
225
4
411
14
1
106
122
99
937
105
227
220
372
119
3
8
97
1328
7
971
24
154
33
44
255
128
919
646
171
48
13
118
27
1439
16
122
5
12
59
209
247
168
53
120
18
131
368
635
7
20
104
261
18
211
212
10
9
1903
13
95
3
6
26
63
4
101
105
40
231
262
9
7
239
105
1
70
5
14
217
54
12
255
27
257
89
11
45
7
231
77
74
16
3
197
105
57
57
25
2
18
206
4
3
117
106
33
3
19
316
170
60
44
17
158
285
143
366
106
90
115
111
89
452
97
164
105
93
502
1
2
28
412
42
35
106
50
127
67
121
112
5
18
103
2
105
113
315
34
163
223
28
17
272
343
102
88
137
104
14
255
55
27
21
241
168
1
26
226
445
98
102
230
105
110
115
250
231
79
1
106
24
42
23
262
4
2
15
107
235
60
144
18
1
216
107
28
112
1
124
68
1
112
33
443
107
2
15
174
247
43
244
261
30
101
105
6
124
43
6
94
9
23
249
138
13
232
229
387
67
38
35
105
105
233
303
107
121
101
105
312
389
190
105
270
94
5
417
931
125
147
100
13
17
247
1
250
131
79
474
359
1
124
129
110
105
196
281
130
24
231
238
