70
16
71
23
40
5
2
1133
48
20
1452
368
36
111
15
2
1
25
9
62
17
1131
13
15
76
253
81
33
88
334
3
2791
73
89
1
88
168
139
10
24
43
53
616
2
59
31
86
252
15
22
142
163
3
1
96
137
137
5
158
11
13
10
1
2
90
63
202
84
36
28
3632
157
188
1
27
371
2902
45
1337
1
4
1
1386
80
1229
8
72
9
109
211
1
222
1499
504
100
7
227
70
3000
816
37
71
1
211
693
34
149
1
37
57
131
1429
726
8
80
1
588
155
365
95
75
256
4
100
2
82
8
1
81
692
1
2028
77
22
2
488
1
79
113
404
72
124
1
91
317
73
74
73
91
107
57
72
80
72
23
82
1
1
144
74
377
27
151
2
8
794
1614
1
84
48
22
188
152
269
14
150
3
105
273
18
646
87
3135
8
1588
32
773
429
76
52
30
95
2334
113
135
46
103
61
132
16
6
75
89
6739
72
70
76
209
132
51
30
17
112
19
498
79
232
510
1
1
194
19
72
59
126
1305
110
52
12
73
103
34
53
76
397
664
80
563
20
378
154
1
73
1269
102
1
1
24
130
1224
267
645
68
602
1834
31
1
32
505
1
715
64
201
20
44
178
85
194
294
211
1
78
73
283
159
66
293
63
77
78
141
1198
96
113
420
304
21
61
5
270
192
72
73
237
32
4
1
62
54
493
86
8
6
364
6
99
79
78
382
288
160
17
91
1007
125
109
100
107
267
154
75
66
60
1699
17
174
176
69
559
17
57
840
125
1021
13
507
979
65
6
17
299
60
231
80
7
280
310
52
66
91
76
47
711
475
133
655
30
1697
73
74
41
57
330
1
102
201
72
9
47
48
70
238
1750
143
40
281
229
234
249
74
708
31
55
56
997
2
322
77
73
354
28
429
315
1
74
72
145
72
11
104
77
82
108
165
1914
8
574
58
135
3
704
23
24
1600
251
468
24
96
606
112
2319
18
1003
1307
6
105
1
31
2
536
67
51
2
145
22
540
1159
44
850
85
380
53
12
73
2
181
15
291
178
84
211
250
185
89
987
8
1997
298
1453
105
10
2
170
385
98
55
192
1427
1602
73
58
78
99
7
1308
196
565
323
163
88
367
48
57
49
91
51
87
83
562
69
10
545
90
190
910
61
507
8
372
1314
57
73
449
533
531
25
112
112
32
159
22
44
60
72
55
189
1239
88
226
74
105
57
507
1673
709
116
22
64
99
3
40
34
124
401
179
42
132
159
42
73
429
96
135
78
10
72
81
1
1879
98
467
74
561
114
73
144
149
303
99
1179
109
79
97
72
71
80
206
82
271
959
15
95
163
88
209
312
75
1
99
104
75
3183
72
670
255
184
212
80
1266
93
1
47
37
1030
786
78
35
28
43
41
2329
1449
72
1565
715
1744
346
119
894
948
450
57
75
86
23
159
74
14
20
75
319
2
55
373
1194
2
6144
97
3818
917
332
7303
35
1106
218
1481
340
2
128
19
64
5
1942
72
444
86
3
252
306
2
21
1445
1
124
512
1448
50
85
1
1191
81
74
1
61
40
404
122
478
93
60
183
1
105
93
72
16
127
362
241
69
77
821
42
73
57
4
18
73
416
302
312
11
156
74
4
3
2071
85
209
15
8
77
108
68
703
661
103
403
25
1
1730
107
15
79
478
567
10
141
93
77
547
517
26
10
85
294
178
1615
804
36
65
88
72
1290
93
274
8
143
27
72
78
15
79
47
217
322
59
1275
3011
80
3
81
221
311
46
101
192
1689
355
78
42
277
123
325
106
61
186
7
30
332
38
640
285
129
1916
14
328
6
459
612
743
53
92
36
83
14
178
90
28
18
36
1577
6150
2
855
2464
1
289
236
184
163
3350
379
208
123
23
12
122
326
241
593
235
72
1
7
323
18
46
17
219
43
87
1886
1
60
216
175
84
10
370
218
2055
72
71
81
72
49
69
1116
16
301
19
36
1368
1400
1741
85
49
14
540
936
77
918
375
91
397
86
409
58
20
63
787
96
744
1
38
72
1
524
1
3
41
450
279
210
12
88
79
25
28
90
24
1
91
816
11
18
105
390
238
538
1895
15
79
89
1
2578
10
1045
300
6
172
110
3
74
4
28
137
1679
597
126
73
402
144
1626
100
408
12
351
238
125
813
70
447
1
25
98
2
1
9
1768
8
822
71
9
74
4
2419
35
60
172
616
243
9
99
804
6
10
169
10
2140
65
174
120
81
83
84
53
1
117
4
157
99
78
500
46
3
1495
898
82
4
29
198
29
717
73
1
6
825
194
137
148
30
29
106
176
4
35
716
1068
101
2116
1470
19
1141
129
773
250
31
6
24
493
3
154
225
87
267
79
98
80
112
113
4
142
3
2043
37
74
16
228
39
200
201
92
297
56
166
142
4
75
241
53
102
4126
3067
1252
231
232
106
108
7
661
314
7
446
1177
304
273
1213
212
241
926
252
1387
1421
128
97
1026
60
1197
619
262
112
131
296
231
210
99
2
76
156
136
10
328
526
103
166
49
72
1228
197
1562
254
97
2195
47
72
26
198
221
420
14
73
86
1294
5
266
33
12
10
52
58
97
58
71
7
334
127
4
1620
447
5
291
525
138
72
21
193
76
58
2
82
345
186
190
73
3
169
41
29
5
108
144
386
15
11
85
605
6
108
28
588
28
551
29
117
71
90
95
165
6
102
363
6
83
221
108
37
1686
74
898
168
85
128
907
1
2
190
1
10
149
43
97
96
676
705
1068
72
194
2990
116
24
41
75
1
48
775
289
514
79
957
56
74
336
75
75
1463
133
2601
49
2728
474
175
114
76
71
79
2
91
661
73
92
13
85
1
100
96
25
211
150
45
221
64
9
84
100
79
85
31
1619
530
49
180
7
5
32
89
1278
4449
103
92
72
1337
47
1
466
468
91
16
864
9
152
218
15
126
127
163
121
77
7
599
92
47
1
848
98
101
397
2657
201
316
188
50
67
17
1
79
84
168
88
712
84
1952
2697
71
24
84
6
1409
80
1763
55
332
39
77
60
244
980
996
83
89
553
76
3
600
2
1187
85
477
315
48
369
1
143
1
73
1276
1222
76
65
151
213
70
751
103
1285
249
231
482
1265
17
77
145
198
212
23
7
1
741
1
156
92
1105
57
40
47
38
225
2
296
1
73
2414
245
597
145
2101
1
174
2040
670
794
21
61
15
81
563
1
283
691
1
80
2187
71
80
74
34
201
98
27
72
101
6
767
5
74
268
12
584
163
1308
16
83
663
170
556
39
94
793
554
16
243
726
62
7
379
106
82
58
226
86
108
73
772
784
72
68
206
11
295
339
111
97
3
2353
38
92
9
824
73
298
42
2294
74
1829
75
112
60
228
7
117
85
174
4
3
21
278
281
82
80
67
1089
85
1
315
143
383
90
76
137
71
157
3
89
96
478
176
1
74
77
2175
110
1184
227
89
350
713
8
73
73
240
1
83
374
197
1023
4
133
17
3273
42
78
25
62
70
684
87
1
127
86
3300
1108
3948
159
108
14
1
279
1
23
98
103
125
238
38
78
549
138
38
72
596
1
1
876
229
77
447
749
6
109
1155
442
5
1406
1
115
751
27
833
10
31
42
142
19
498
80
426
75
6
47
28
3056
38
10
41
1349
619
77
71
85
134
1270
82
1212
2064
12
17
17
302
35
1632
612
51
53
287
118
1557
82
77
3
75
23
29
1
83
160
65
32
8
71
65
904
1
6
13
43
30
73
31
11
164
150
98
271
90
98
36
77
769
72
97
1294
1
84
1466
2
271
228
82
186
42
110
90
564
76
324
1
781
12
3
76
95
52
660
3
87
746
2997
815
2
295
71
78
38
217
4309
373
320
82
452
77
10
1
2
123
276
30
80
336
412
80
142
500
165
64
505
17
197
5
6
30
16
14
92
492
239
28
681
129
108
104
75
544
580
1
92
625
43
769
156
76
243
511
644
377
433
127
1005
5
107
716
1
46
410
92
85
14
497
22
128
43
727
6
407
298
149
88
84
27
79
705
1181
24
1817
128
75
487
75
8
109
108
601
203
26
59
15
1
69
66
69
939
1183
151
1636
61
4
1
5
72
536
95
42
80
118
78
8
73
88
78
73
83
57
72
10
110
64
1274
257
1
76
2745
10
87
287
5884
809
104
511
1152
30
1632
97
274
78
1343
40
218
93
337
7
129
402
8
188
109
4296
1469
16
3
656
104
1
23
177
11
75
71
396
126
299
73
106
932
5
1753
84
183
62
60
203
75
71
253
20
33
2
19
261
69
28
1205
87
85
628
11
1
80
1062
697
75
825
6
74
1668
87
74
1590
75
809
2
1213
1661
84
70
96
86
72
90
21
399
55
38
8
130
766
276
80
2016
36
478
200
1
297
1296
453
26
461
379
29
11
73
331
72
1669
17
83
1
313
169
232
81
108
73
520
72
286
519
72
25
496
95
508
72
72
846
102
135
88
138
7
532
73
201
752
178
81
634
14
1065
567
218
435
14
113
1
1322
82
142
122
189
441
86
1231
102
7
347
783
16
19
90
94
1
193
1093
83
80
123
1720
101
130
2150
216
1
6
2418
104
793
1012
2197
66
26
106
211
83
254
81
147
255
438
6328
41
9
80
19
5392
84
202
3602
422
90
48
3602
2209
212
75
1
25
117
230
150
90
144
162
16
901
2140
91
83
2
55
409
1
2481
4
74
778
10
1191
155
38
4105
3
73
55
157
1
231
26
183
626
50
439
1007
344
554
3
365
909
2263
1093
979
75
24
3923
94
365
140
1483
657
1196
818
44
110
21
4
299
151
335
95
1236
247
75
731
247
84
54
293
143
1070
1
258
82
88
61
231
21
3236
5
167
14
30
950
763
28
1140
1045
449
98
390
8
9
91
5
478
711
144
74
82
1
103
157
343
79
120
751
134
5
76
100
16
216
79
108
72
317
444
11
62
96
919
1
108
83
3375
1320
1137
1483
119
115
94
94
16
97
2
9
909
7
498
1235
73
157
378
373
762
465
191
1
767
77
56
8
43
927
40
78
30
887
33
154
66
9
104
876
6
86
74
177
911
81
229
91
1
375
131
688
72
548
72
87
192
90
17
443
11
1874
828
73
1568
53
1
1150
78
1597
184
230
114
3
163
229
78
106
449
366
88
98
2
72
1
408
65
1
17
5
181
64
51
2054
7
374
78
71
288
5
1
9
298
74
634
900
3001
119
35
86
78
108
18
1
2
65
21
131
467
46
1
74
39
823
1358
72
957
28
2986
1114
211
1180
1351
170
97
115
37
990
8
27
81
273
5
187
156
17
1
1344
96
243
1166
2284
63
74
401
1
15
47
2069
195
367
504
46
1430
11
49
43
6
52
392
279
731
30
14
5
72
173
75
341
106
2093
1455
24
449
38
891
12
85
182
3
356
72
25
24
20
972
1306
226
84
7
12
193
5
175
70
72
1130
394
1139
74
229
71
33
266
34
91
88
26
831
5
571
308
657
92
156
1191
1
164
105
2393
140
75
76
2
7
11910
4
23
73
279
231
77
135
11
77
134
62
77
598
48
35
4
488
1
375
79
644
54
19
782
156
79
13
142
1
100
116
22
226
103
30
14
798
80
223
459
109
315
292
706
21
1116
120
89
474
42
60
147
410
80
297
73
8
78
113
105
145
69
72
1051
15
1
15
143
82
88
130
99
151
83
417
77
218
146
1284
82
113
794
1
147
159
9
101
95
290
153
164
3
146
47
32
72
98
18
73
72
1
98
665
1228
73
72
1102
94
74
106
234
98
253
2842
14
644
1807
187
541
533
94
132
129
9
33
196
84
81
78
29
151
262
1347
16
3
1
62
65
106
211
73
105
20
150
672
1413
78
76
4
8
24
11
10
715
1021
150
533
43
29
51
620
17
2796
165
72
22
76
116
37
1838
1513
14
280
98
197
105
99
109
99
90
3
102
541
465
161
2754
1012
11
424
257
226
30
85
12
1
156
29
1240
179
907
73
996
108
90
31
90
74
1
2179
75
22
1696
1521
172
223
300
48
777
1
72
14
1
30
228
104
14
184
132
1
28
73
73
100
71
29
1447
96
123
15
78
32
1
173
82
47
157
591
187
736
272
420
42
428
1263
78
415
25
306
355
15
168
343
223
138
1489
236
5
242
38
1046
109
353
64
9
56
6
210
19
16
575
4099
29
423
165
33
408
1252
84
82
167
881
98
73
16
846
304
448
31
25
618
16
330
569
2270
1
877
260
785
221
1
528
252
1
135
18
208
933
3
7
303
59
665
404
1
1
1813
11
160
181
156
97
2280
86
34
426
964
149
533
90
6
154
1600
944
2
73
288
319
30
768
99
30
986
151
372
379
134
34
1
846
399
1160
1969
6658
73
11
974
216
239
12
16
124
79
394
16
6
261
1
177
4193
233
121
27
285
2183
107
398
4
384
343
39
119
88
101
173
622
712
103
84
33
189
1
78
2
28
83
13
31
1135
8
771
75
1
901
184
118
58
315
90
257
35
326
187
207
1269
9
497
3
211
1710
120
121
43
62
22
10
553
17
185
43
8
977
6
13
1895
254
121
1
51
539
92
15
4
1
880
1
1
408
1
209
988
17
3108
2460
743
1890
62
126
278
107
102
620
94
1
143
70
115
622
119
78
157
2
99
248
553
2078
40
38
71
332
1
1
1162
62
6
425
19
77
13
130
359
505
131
71
196
101
172
1952
10
437
462
63
10
64
16
1
119
36
48
2
661
61
57
34
384
267
78
13
608
420
63
177
700
76
4
801
44
287
77
1007
44
84
408
80
210
942
914
796
262
77
79
26
1
1312
130
50
23
11
43
76
102
160
534
17
944
417
1
1
291
157
1209
1623
73
1712
3490
2
36
115
1333
45
115
2294
3
45
81
27
58
1
1
306
11
159
40
376
192
45
44
262
1
92
25
220
20
11
72
1
504
2903
41
186
72
74
89
948
1
4892
30
1859
75
1
921
8
320
82
117
188
72
13
106
1138
32
285
97
21
41
72
18
116
3257
238
83
1
7
1554
1525
185
1123
82
72
151
155
443
710
115
197
1
1512
1031
2195
1202
168
84
74
254
267
200
89
140
872
71
76
97
92
78
86
791
1
1
7
79
412
48
74
72
1
139
851
130
132
123
1364
963
8
182
279
760
249
273
28
699
299
125
58
867
71
37
1073
160
225
263
49
14
645
1458
1110
13
201
6
41
7
16
1682
67
90
285
3
105
14
1529
1042
35
35
83
1
79
1572
86
1514
93
396
33
44
16
39
1174
486
51
37
492
48
22
1
15
1257
206
3165
1
12
177
70
95
195
271
7
1
222
34
3
450
346
360
347
108
61
395
262
177
9
42
73
276
6
1055
3
27
502
150
3
86
1
108
126
235
856
13
233
633
97
248
232
251
115
519
164
51
879
23
80
192
74
44
104
76
192
135
3
1444
1592
1712
354
100
3
425
1038
1064
100
1270
776
2
411
1453
374
88
45
73
78
128
353
169
561
443
450
21
53
49
799
58
3
108
15
15
1
73
1411
116
125
183
1
216
1557
99
73
520
47
6
31
106
952
502
144
200
43
33
212
1
127
917
177
9
45
604
1251
16
20
10
404
730
119
78
221
82
206
105
172
86
89
1202
314
78
148
850
445
142
1572
1
536
1
123
347
326
447
1333
222
58
92
9
72
182
748
97
247
156
1
479
90
159
85
117
1020
364
5
21
1
10
116
25
295
1018
1115
322
81
184
1131
170
87
114
693
5
792
83
1
1439
2
27
1
12
28
376
1
4
18
426
3329
1126
240
137
2340
5
112
31
5
294
21
333
73
86
346
38
33
90
539
54
844
154
73
109
200
281
79
68
51
94
8
953
190
1
1104
1842
342
2
131
16
18
1
836
925
6
157
184
75
3164
252
381
6792
21
1518
81
7
247
226
797
178
117
74
3
95
77
117
90
253
40
208
157
30
9
1489
154
428
1
53
285
43
636
2
84
79
1559
46
958
1729
375
201
203
83
72
73
70
336
6
141
147
1773
349
27
297
23
41
258
17
185
1
1001
66
2146
27
117
409
33
96
69
1
221
101
544
116
432
499
20
1
721
162
409
78
559
170
78
112
152
143
46
661
73
11
400
2905
163
503
57
124
3
108
598
6
74
631
901
239
21
293
522
659
35
1182
1065
1546
1
106
72
104
109
73
128
1219
181
137
299
76
100
72
98
159
188
73
60
82
22
10
105
686
90
165
1
47
191
635
517
79
171
1
255
245
433
341
74
853
40
78
102
1199
97
293
45
93
10
175
418
923
77
1027
2392
97
33
105
1151
193
1
75
78
85
57
15
1162
232
1
174
776
190
175
353
345
74
323
63
1327
269
28
229
2
247
81
122
158
197
10
1378
81
2
270
451
950
195
3106
1
236
84
82
172
140
164
156
162
8
688
83
225
994
140
18
220
81
30
412
648
205
8
132
445
30
60
1
143
130
163
119
75
100
114
75
80
6
249
223
1180
85
746
142
67
2422
163
122
387
142
217
92
73
880
156
141
83
51
6
173
192
49
468
1
227
22
3
55
23
81
1052
63
6
286
265
5180
112
62
103
1
18
1700
84
257
396
61
169
191
72
135
130
149
37
2755
1723
16
125
537
90
5
77
54
73
48
550
3599
372
338
175
1240
164
1517
2226
162
205
376
8
85
76
87
83
83
92
261
66
81
103
43
121
445
148
181
86
764
60
106
132
166
97
655
31
827
277
192
144
917
89
5089
290
84
97
3760
114
84
507
109
12
118
320
127
85
266
147
164
108
204
20
96
310
1
343
73
20
1
1951
359
72
1315
1013
788
1
297
168
1
140
20
75
11
1589
638
53
297
537
148
721
280
57
776
138
280
142
534
197
41
9
269
17
71
144
16
370
1
79
96
313
149
88
1111
64
11
1
91
74
2
30
150
80
30
2
168
1
1
167
91
34
104
110
539
142
73
76
1
889
4
31
123
1138
180
87
878
67
84
2418
110
116
990
249
112
187
23
114
124
10
21
79
1734
217
1
454
28
163
57
641
1
1263
432
90
288
18
58
202
414
794
62
72
186
53
29
327
58
74
291
367
5
314
15526
96
325
35
385
21
403
121
45
659
80
44
934
287
156
242
75
13
268
111
25
120
154
203
93
249
718
245
176
299
37
7
200
690
468
90
1
287
8
2
245
84
9
415
161
77
99
2
12
88
67
193
108
200
1
156
116
74
131
14
92
75
4085
190
15
1
21
126
10
95
311
1398
231
