25
43
2
252
155
21
206
806
50
4
481
89
103
1000
159
70
291
24
1
10
90
46
264
266
157
17
2420
75
48
33
4006
91
4632
3614
14233
1
33
5
47
567
15
49
382
315
1971
166
499
788
222
1
617
2
12
265
39
2
34
16
32
1
45
3
21
1
104
29
48
112
20
22
27
435
75
5
581
1252
52
25
1
19
36
2
125
143
61
63
99
10
97
43
42
729
34
4237
117
327
53
125
1
5
94
371
9
26
57
2056
77
587
22
2362
959
41
59
19
254
59
85
151
6
96
107
888
64
79
9
1
5
40
9697
1566
10
22
21
28
18
183
3096
508
1032
546
7642
394
27
1594
206
1152
2358
742
80
320
1109
277
85
6
1
9
329
244
7
161
55
298
14
92
48
63
41
74
114
25
11293
15
263
337
1
3075
55
1814
19
71
132
339
22
152
368
36
2388
1867
358
1104
77
26
155
34
25
1166
4
585
211
11
633
1
118
94
259
21
23
22
170
17
299
14
384
180
16
191
38
11
1
23
8
122
91
10
2249
5838
110
1
18
6
74
1445
15
18
22
14
17
31
1
13
175
57
199
154
32
12
4014
1545
1754
270
784
1089
28
29
1
6
1
11
20
319
117
12719
32
17
1168
3
12
35
451
15
16
16
786
48
1852
23
16
9
45
83
245
34
28
37
96
77
162
15353
199
1757
397
10
1
6
17
644
119
73
158
1578
58
33
76
39
1206
81
1895
5
5070
291
24
32
328
755
23
108
24
5
642
240
606
4
24
61
12676
37
124
457
46
93
2499
5
102
53
3695
32
32
361
13
37
33
96
212
288
2448
34
157
442
49
3979
59
589
23
1524
8
129
9
11084
1298
1986
139
156
3462
1208
1
217
20
32
6
13
64
6464
271
2720
5474
30
2235
607
18
5
29
61
20
74
122
44
413
192
4045
6923
217
425
3473
4126
136
10
29
394
42
11318
25576
31
1
70
1122
11
581
65
444
21
234
14
886
4
730
240
455
74
509
4
139
5
287
897
32
626
2413
12
829
158
739
2181
44
4
19
73
17
565
8
51
158
34
1072
139
4
1
1137
43
4
125
420
10
1377
54
86
101
214
1200
122
5
316
81
19
89
1281
11
8
515
91
50
230
4239
72
8
141
110
24
9131
75
731
35
183
171
7
78
1
663
123
953
199
8
2802
14
309
143
37
366
55
18778
85
8
1408
1
3
334
3
15
7459
5
480
769
7
85
20
124
24
9552
11
78
17
25
66
78
1301
383
5
1977
84
2469
8
8
11145
299
4
96
76
202
486
27
122
13
172
28
7
585
24
283
22
13
7
53
1059
239
9
105
16
11
682
18
865
330
3201
4222
16
108
1576
1118
42
200
241
1068
218
60
6
40
831
2775
119
7
88
7
34
379
177
76
467
81
8
21
1036
113
3062
1703
9
93
111
1
22
225
211
121
33
2
111
21
108
110
16
123
7
596
24
50
119
14
242
48
566
447
77
697
11
5040
120
241
73
28
18
34
79
739
32
222
355
7
9
8
187
440
909
1870
2665
33
36
461
468
46
24
168
1428
322
21
18
56
209
1213
899
14
361
333
45
23
81
232
1123
236
155
1857
23
607
28
12
28
1
449
25
29
172
125
26
4528
67
27
2
674
264
5791
293
24
3034
7
10115
81
17
970
126
457
173
12
1751
323
193
1214
15
3041
2
14
557
637
197
39
7099
307
57
64
25
17
1261
1803
14
54
71
636
1016
52
61
25
3
913
18
36
368
277
1546
1121
59
12
9
43
240
22
273
90
58
915
886
296
2481
2907
33
15
273
28
20
59
2
3
172
6
4
2142
13
773
6146
12
133
63
133
30
28
1656
102
807
801
722
4832
43
7
312
55
74
967
1832
72
5037
26
120
1730
2
176
135
53
80
595
27
306
2317
64
85
16
4
400
33
100
354
48
1271
454
89
6
31
2
21
141
11
968
24
16
146
27
117
13
8
182
17
48
470
17492
15
54
2519
3523
47
65
223
319
54
5
109
53
5355
9
37
736
14
109
256
179
7
182
39
13
269
734
342
2348
7
658
28
104
724
20
3296
599
83
53
1154
446
610
10
5
3215
1223
1324
132
14
16
5
36
301
2006
125
27
57
64
45
378
17
167
1159
23
6202
5
3222
379
419
648
15
1382
2568
139
19
64
475
2694
812
466
30
5727
35
202
646
223
229
18
179
1081
2052
1310
14
353
39
46
120
2019
25
15
16
55
65
52
878
1108
11
14
29
62
324
1
28
89
7
441
165
123
439
166
16139
42
1978
6708
174
51
451
28
10998
2518
12
1997
1
3247
432
19
420
98
176
511
542
8
240
8
319
3897
14
21
25
40
1200
44
5
16
22
132
601
515
32
787
592
2261
9
27
878
24
666
1058
64
87
190
736
754
1970
11
12
11
96
1
480
43
969
6
1861
91
11
76
559
397
1899
336
101
420
240
47
15
26
1457
483
8
164
24
98
159
6580
95
49
42
10
3
300
121
87
516
11
2778
39
877
8914
143
6
62
138
351
60
9
2817
1235
2391
289
8
7542
677
21
6
139
10
1007
11
367
131
1496
155
326
112
373
283
57
33
3329
1192
40
90
7152
1237
5980
11
56
24940
20162
2680
29
15
1
472
1810
2052
47
16
3087
20
66
608
4080
30
319
6
3665
12843
48
11
2944
298
9
309
31
5169
37
39
31
45
89
784
40
16
295
1979
30
63
452
90
894
549
33
3967
212
861
3175
61
164
306
2348
7
13
329
67
443
360
30
405
140
471
1516
20
1
22
605
34
216
1
1068
51
456
205
1994
2412
182
2958
73
2064
7
10
320
377
639
223
186
4
48
1
6
11504
1729
1619
186
17
178
134
496
989
35
104
303
24
1
1778
190
1
99
2599
26
12
10211
5
6
29
96
8
10
298
1763
218
358
67
19
13
1160
224
239
834
29
15
564
466
308
734
48
35
33
44
19
6870
10
19
1078
12
58
112
30
6
87
30
135
123
1339
181
24
626
2392
976
50
2567
355
1
45
149
76
1
1436
1524
625
141
275
2860
93
25492
17
32
111
1573
525
12894
26
2
399
5033
260
1017
310
41
20
76
397
64
15
14
524
6
200
838
7
217
5334
1342
43
10
2949
127
681
83
2157
155
56
46
1227
19
10
1275
83
671
1
249
115
28
5
38
8895
19
1185
112
1700
13639
1
13
272
1
524
164
26
2815
31
19
116
32
22
6
556
8
305
387
57
2954
24
1303
1
657
1157
124
81
25
308
41
301
153
818
294
92
349
752
65
618
30
17
27243
987
5578
46
25906
1021
3523
202
7
1925
2328
2954
1126
28
84
2402
853
1
25
10
14
57
1304
11864
54
112
172
126
74
1234
11
2617
693
378
98
2373
16
31
41
8
108
70
37
2207
828
11
262
1
236
24
2392
28
1329
10
3176
202
157
313
10319
19
129
19
245
113
68
3
4
34
2562
788
14
406
733
9620
31
1948
49
1046
42
59
8290
23
8421
144
56
108
58
72
1051
108
5891
44
44
1503
71
26
7
8
68
67
30
1164
44
286
25
2501
6
218
11
18604
42
13
137
675
8
1
97
13
795
1
16
238
488
5
220
307
4
1566
31
3
3238
13
345
17
69
43
5535
302
112
26
11
59
37
177
37
306
519
192
1274
972
24
272
3374
404
1643
306
548
154
151
221
11
182
31
15871
64
458
19
1407
1391
34
299
49
1691
137
38
4
159
214
524
840
7
153
5
3
345
135
7
165
1
39
3
721
153
88
22
11
148
178
402
15
54
3
23
23
31
128
87
7
404
106
1410
45
666
21
257
177
184
265
149
183
18
1401
11
13
63
223
8
48
10
1133
2663
692
1642
3226
166
13263
1
277
132
29
539
719
20
26
114
2726
650
8
444
19
2498
417
8406
12
162
766
191
13
552
128
2
13
99
12504
14
206
104
434
2504
24
123
6718
293
38
29
81
1861
294
941
13
11
823
1512
465
232
1941
39
170
547
2630
4
110
40
3
43
33
39
16
227
81
44
12
10485
82
1
36
139
2453
23
154
5
107
119
12
328
276
20
15
90
621
17
269
110
88
107
2249
127
110
243
5358
2306
9
47
979
22474
115
3217
2773
32
17
281
45
11
1039
58
2531
214
20
26
50
6154
2326
199
137
25
17
68
489
457
3367
59
130
2042
186
4092
26
61
156
802
4
2
77
11
737
221
24
3013
6
428
1122
6064
171
729
4876
30
620
49
7
765
103
12500
9
17
1
87
32
662
275
633
52
253
36
52
50
361
448
64
308
723
276
15
11
1904
81
813
19
29
12830
97
24
10
1173
1792
3075
315
226
27
35
362
14
101
7
127
37
154
42
18
52
3
41
8
98
62
337
4632
13
565
155
124
450
25
47
1
64
7
9
9
17
29
483
39
21
49
75
8992
6
11
9
7
2
1
915
52
4
137
582
76
44
18
30
13
259
10
744
54
276
15
9
67
65
553
1081
6
233
72
8
59
25
18
1488
85
13
153
1072
1067
188
19
75
18
3079
17
5
540
711
585
15
51
36
283
26
9
13
23
37
1
37
247
126
25
218
7055
24
12
65
4
7
202
82
48
16
227
180
61
14
519
136
45
668
1
132
10
52
18
25
39
23
47
82
17
10
15
33
11
496
81
1
425
23
6122
940
629
3
28
86
65
92
8
48
1001
3554
19
9
31
134
1056
55
265
837
11
167
1
5
24
66
23
223
483
1336
1
103
2
1
61
33
113
34
13
30
23
46
51
112
83
10
40
251
228
44
29
28
296
16
63
13
753
13
24
34
6744
2811
63
6990
18341
22
655
98
4546
5
299
33589
4474
1685
122
1708
120
2070
79
21
85
625
60
584
200
6943
25
9
57
906
191
192
50
309
90
488
73
1
64
238
2266
3142
27
354
984
14
38
732
1
16
198
137
624
64
493
1890
32
381
391
339
19
748
13
20
23
1928
2381
1386
86
1
18
241
1287
33
5173
9
578
61
10
13
17
17
158
180
115
48
44
44
206
665
33
46
45
21
1
1
35
228
4
34
23
11
2820
166
44
137
260
13668
251
28242
40
332
16
1328
257
17
501
40
6688
143
10
23
22
85
10
848
4
191
189
252
765
89
33
1
106
5911
57
3870
27364
4
442
147
42
122
6
13
35
19
78
1197
114
83
3533
21
5
76
10
5
30
320
11
844
32
47
1307
55
1174
31
674
56
31
8140
7
78
8
27
307
5
377
16
10
74
18
51
366
189
59
580
52
88
720
1925
69
353
53
34
1
68
6
50
17
24
718
17
302
8
7
3
27
143
23
171
46
194
8
48
46
16
1
9
32
241
629
888
743
344
150
12
24
154
330
10
29
671
44
30
47
19
2021
14
17
111
21
164
154
8
103
285
27
11
29
6097
4468
385
176
21
563
9
243
142
3227
174
158
214
7711
82
138
90
110
1582
14
8
1
58
1515
12
118
33
3
10
1
16
40445
88
136
205
57
4
36
121
59
15
39
320
316
27
25
117
23
1
21
9
13
522
2175
1318
22
39
26
8
7
18
4
49
159
26
24
14
4
62
13
19
17
153
212
14
11
59
2767
13
12
220
751
178
14426
32
76
410
266
2430
24
1
148
20
2186
41
671
304
20
159
530
95
85
169
136
6
603
132
4
36
93
47
21
529
52
73
295
1695
53
21
10
11
3
7
409
12
13
29
11
23
38
58
68
113
53
7
304
1519
510
877
1443
24
181
38
42
542
100
140
33
1
315
1
168
3
6817
7400
81
53
22
121
7942
87
110
192
98
8
60
37
174
210
1497
18
30
95
69
221
4486
1848
2
294
23
384
4244
339
871
455
3119
25
3752
18
25
455
67
38
1
13
138
36
46
969
99
447
1076
15
90
2368
17
790
212
17
44
719
19
34
296
11
1134
30
13
533
21
26
9
19
29
200
20
569
45
254
28
3796
113
279
39
583
63
542
12
327
732
704
212
23
7
212
1036
66
21
6
50
1332
5
1248
15
513
196
1
607
507
59
831
1599
377
48
20
45
42
40
15
207
58
50
9
112
46
112
130
977
1034
14
3
423
582
3
17
14
3951
18
78
600
25
443
63
10
24
70
483
7
199
11
55
283
338
264
175
76
8
138
31
5
14
326
50
809
54
41
52
50
61
1
47
18
94
505
23
395
34
727
9
70
14
7
179
259
248
176
85
19
106
12
19
102
60
46
268
154
26
25
84
15
39
1
86
15
32
8
26
210
16
132
102
106
120
81
17
24
290
196
137
32
188
63
14
243
40
162
15
381
395
121
6
16
84
1
49
1300
9
2940
22
33
395
22
48
75
12
28
32
274
7
70
154
8
48
164
90
22
117
9
34
15
48
35
297
46
55
31
80
57
2542
640
19
99
1
17
22
85
1
134
4
125
13
126
25
5
4020
1
94
19
48
86
214
15
25
179
265
2
10
25
10
134
2
150
71
20
707
631
99
10
605
71
846
12
19
163
24
44
1784
20
94
98
67
7
444
31
9
624
707
1093
1
75
26
40
103
11
246
31
10783
5
322
78
63
10
35
7
239
17
73
1868
16
23
6
32
43
3
2735
33
36
25
1
47
257
290
2558
2700
14
2643
58
573
212
35
140
21
2
75
175
396
37
22
25
38
13
12
91
12
60
9
21
6815
144
11
195
1245
46
385
607
42
639
24
356
4
28
77
103
193
4
374
5
285
48
50
26
50
55
25
73
172
129
191
320
79
344
31
6013
46
1143
19
1
954
1258
618
28
5
1
7
155
79
811
21
27
3847
472
1927
765
40
185
68
69
528
260
21
1
669
2
1300
34
5
135
6311
326
89
481
4529
1868
37
119
23
19
187
65
37
86
9
19
3521
1
6
33
10
47
57
537
79
45
19
1512
211
2909
83
10
79
218
568
33
65
23
15
6849
1465
14
356
2333
38
13
25
7
222
1
145
3422
532
12
508
670
217
272
161
17
276
125
82
1864
78
440
50
90
13
3308
1487
2802
17
1
22
11
36
18
300
7
1
52
245
3624
141
50
5
76
35
37
70
96
90
8
2
10
385
276
123
1
2736
3266
50
624
92
12
1067
1342
38
10
28
56
205
2
23
83
236
251
71
10509
3
1377
6477
89
233
11
73
26
38
239
117
9
89
211
69
116
8
493
97
1663
1
1163
699
14
12
17
37
347
107
680
29
1
147
65
329
68
40
165
37
6
11
9
48
4287
135
51
28
3
300
77
334
11
1
245
32
8
10
68
8
21
