19230
504
336
17
23
4
8
10
8
19
32
729
185
15
277
324
144
151
402
358
3
23
1223
1480
189
731
85
457
804
410
49
86
109
86
2
24
12509
504
120
1614
217
121
57
76
4
13
171
20
185
384
360
167
141
835
73
445
335
84
2186
241
1231
148
9
110
5
502
80
5237
243
55
2159
1
592
8
184
8
90
113
244
5950
932
189
3
11
19
84
52
388
201
1189
99
455
4
17
12
208
1398
9
19
772
698
125
126
355
1816
10
82
70
9
10
245
3370
17
2
14
134
10778
4
329
268
183
1
25
9
51
18
6
20
658
26
26
3302
61
105
30
922
1
3716
3
733
4925
4
231
1270
2820
10
10
46
3
181
4045
73
224
127
693
2
96
97
42
2
190
59
44
51
23943
753
365
1
