5
118
3
3
3
16
1
73
48
33
45
840
90
176
10
35
33
6
50
266
636
9
5
1
28
57
30
7
11
84
66
36
4
8
26
42
12
240
222
26
218
29
72
23
23
46
85
1187
76
32
1
225
10
38
10
14
8
5
31
17
97
5
165
4
3
93
127
29
19
34
8
10
1
1
4
53
41
75
80
165
4
3
10
38
12
5
51
2
129
3
102
175
7
1
11
29
20
88
155
54
1
50
782
34
213
209
3
54
56
215
5
253
65
207
111
54
15
4
39
93
21
151
16
12
110
4
28
122
19
8
76
18
4
100
50
12
36
35
37
28
7
161
69
108
418
179
7
182
167
34
113
39
464
3
37
615
34
6
63
66
2
2
238
206
183
220
1
54
22
1399
5
146
19
16
22
55
32
16
3
58
69
15
9
311
77
75
179
3
6
60
177
114
265
7
61
24
237
4
11
15
8
60
25
37
63
1
1
300
38
55
5
30
38
71
241
9
13
3
145
6
1
95
10
14
5
27
31
4
9
9
355
27
35
312
22
131
99
565
32
47
35
163
56
169
42
8
16
1
132
48
69
702
21
57
130
7
24
1
167
47
11
1
91
106
33
117
41
95
9
68
143
178
47
45
100
1
95
27
38
450
1
310
24
45
2
166
182
76
5
10
5
128
134
13
15
182
476
424
273
191
26
182
130
133
222
