54
1799
365
1129
2347
47
720
126
298
1702
1443
3359
1790
1372
315
1475
1276
310
1022
997
2618
1175
27
2565
1082
743
358
543
1521
188
22
755
294
34
2467
2907
447
997
1258
1440
605
64
68
984
46
234
6
28
18
202
1
288
455
2
3
1151
5208
884
3451
990
4692
1388
1206
4121
2219
1087
3850
858
2960
999
214
11
2173
936
2938
11412
44
2115
774
97
296
2192
600
877
803
2100
1173
2358
1343
8656
1622
2150
1471
30
7277
867
285
1516
2555
248
142
43
1310
2
1528
2797
600
1585
1249
632
876
1327
330
306
78
2093
2049
822
5
1742
871
1309
595
1521
114
524
957
37
1913
7074
959
2947
784
6
281
1144
916
3271
643
22
4567
1268
768
1003
157
3668
901
257
1481
10
869
499
5009
650
1403
142
2425
214
753
425
40
1159
1159
753
634
151
146
2084
2218
272
4116
1116
1287
45
2728
50
253
142
3
213
275
573
262
3
1198
41
76
704
936
98
702
883
3524
1743
1532
3472
61
897
3
9
746
23
745
452
182
137
833
1010
1726
487
67
1715
203
1137
1117
128
3029
1796
635
667
2904
77
5
651
1996
169
2182
1116
281
1526
22
1103
141
859
334
2013
67
1420
1273
1024
168
117
1139
2356
115
203
2986
732
88
140
640
4592
759
13
343
1
59
554
145
17
1133
372
1371
6973
505
60
1210
1548
1063
1023
3897
16
810
151
881
4408
2448
1211
1801
1
153
227
188
748
2436
37
1472
169
1006
341
759
1187
896
68
678
1385
3478
4046
78
1
13
10
49
81
46
8
1295
1666
159
8
56
18
113
986
722
111
2619
1364
5
391
12
4422
24
2143
297
214
902
146
889
1751
1789
14
292
709
1
22
732
157
5816
851
791
185
1172
104
643
1528
263
980
232
221
944
669
501
52
661
20484
889
3294
2790
1
574
2999
466
4
55
274
6
443
1313
754
4018
91
6
3199
68
172
10
9836
1784
62
1841
39
3864
1112
78
1429
56
75
540
136
1969
1500
335
880
3180
70
252
6195
287
129
665
363
1689
1398
22
768
3
731
158
2332
1887
77
11245
3508
2
983
186
24306
4153
2232
177
1145
2775
1956
1578
354
22
1296
1658
852
222
2510
896
1393
678
1243
112
1831
1277
1467
1870
1114
21
4
374
4622
3286
3152
89
2
366
513
437
247
966
1229
3028
560
4252
2320
1425
110
2
18
2648
5
1593
890
851
7608
2768
3400
1146
19
1750
1137
59
3766
1208
7777
1355
2030
247
4879
1703
245
1094
3661
182
1683
81
1539
3190
1784
83
9
1066
18
2447
147
20
2757
212
299
395
3146
1059
1656
546
16536
1286
73
4628
1574
689
1040
893
904
1125
34
1434
1354
1762
2573
2
332
1674
119
4929
225
1053
1671
85
1962
547
1570
1173
4564
333
140
2077
319
1
1342
1
641
74
982
1626
1031
506
925
1744
835
155
2291
168
858
1214
130
1636
1048
1097
2169
3040
292
277
2057
320
14
987
746
962
54
3725
5
62
2616
1961
960
754
975
5
1277
914
821
625
123
5387
750
19
314
2798
2154
246
985
232
2217
36
3780
536
1047
1804
5755
1055
1626
174
277
1092
3072
1632
2136
1431
292
1000
1453
1736
2051
770
1796
1156
2006
148
1267
2
1383
675
1051
53
191
928
1701
1149
6
10
812
1846
3
7174
993
321
1225
102
3193
1487
107
877
2568
324
854
150
61
138
1297
1716
76
1412
565
3031
503
418
1766
2738
498
2343
230
924
588
401
95
236
639
4866
1441
928
1980
2753
1628
788
127
9
94
660
990
181
21
399
953
16
325
393
1323
174
371
78
1705
3121
1122
2
792
838
6236
2044
2743
912
764
369
1187
1334
80
163
2089
880
2536
242
1063
113
3632
633
1259
134
1858
1538
150
92
990
56
831
1937
636
23
92
309
1405
633
185
271
2874
82
91
44
2032
83
700
28
25
3876
16
2
945
221
2577
1025
1182
631
283
1356
1273
619
42
51
1599
2464
230
2055
935
1359
38
49
2372
952
54
1234
2443
1272
468
1906
1366
119
4
259
6959
4565
75
1348
2651
1387
12
242
1504
929
862
8
1865
2331
1860
928
334
385
8038
454
9648
1680
1713
3889
780
475
1
2936
28
1434
133
566
879
982
1037
1384
1738
1344
694
4648
163
68
48
605
1517
6
55
1343
241
603
35
48
962
253
117
14
2045
51
9
267
610
2
1884
468
385
3225
1002
43
747
1604
571
33
14
138
4481
63
32
2479
1090
105
270
16
99
6
1181
1177
21
1
662
94
56
329
213
174
7610
1202
1233
113
105
384
205
1
8
1601
58
2
422
403
24
1328
127
2053
2170
1307
1430
220
362
412
1649
81
1554
947
916
665
2450
1126
3052
83
1650
2968
580
2
39
75
1006
214
860
4016
1488
9
131
643
454
10
273
68
368
936
6
118
1935
1633
2272
83
2445
3960
1514
5309
1092
8
3720
25
1271
873
232
719
948
785
2489
2131
283
126
1371
1
756
1042
1382
10
372
1555
1588
380
978
1481
254
116
311
5555
568
467
942
1339
818
4558
242
1306
83
6
221
16
161
319
1366
22
35
1287
1108
796
701
534
802
292
2175
66
1705
3331
1830
2536
1570
201
1445
989
99
1688
847
608
1828
748
934
1305
875
3949
389
11
13
251
772
526
314
702
737
1590
2890
4
1136
47
210
250
106
494
3819
1063
756
766
1997
131
2231
369
318
2284
215
4138
335
208
532
2
1941
475
184
78
23
1930
617
101
4463
42
1533
402
3849
523
1569
771
1441
196
271
4974
527
488
773
667
2710
4396
89
1857
3
2094
10463
1118
1232
1295
2706
116
100
5
166
5787
13216
24
3
494
609
1051
309
901
57
926
372
1051
185
1020
205
406
682
268
2
101
2313
27
3337
6
917
192
783
47
44
1278
664
1155
822
790
709
559
1833
2750
1183
186
1300
12
372
487
203
33
112
16
46
5671
191
54
628
28
882
79
5
39
56
2715
57
777
1108
977
175
691
30
363
18
31
75
865
4308
8
545
919
1105
1162
11
596
901
41
798
107
1957
1105
3
1420
1009
16
690
1413
1146
3782
1179
1027
20
1354
493
2185
315
22
1851
1875
1114
252
1265
68
1257
737
42
2727
1478
2696
1058
6836
111
219
1176
7
265
163
51
1619
1350
1772
55
127
1206
33
170
1852
1194
39
505
2451
79
603
720
176
1157
3
1486
9
215
66
87
2
20
285
6782
1373
27580
18
1
78
212
2
184
632
626
804
14
95
1272
764
8742
38
1268
655
1036
366
1108
7
31
24
16
1688
2792
156
858
227
360
64
581
1471
273
2647
199
155
4689
2
5
83
334
44
210
107
291
991
1796
195
430
82
792
1096
1192
582
3177
1168
14
1852
972
238
61
73
593
2419
865
259
777
1173
260
836
7691
888
576
985
329
139
9096
1183
927
4179
980
159
1131
1937
510
1727
48
857
330
386
1094
286
199
606
1284
764
28
30
2661
500
933
14773
2830
945
1629
419
1161
96
63
1798
3852
1294
769
1275
65
9
3
78
46
849
54
400
796
773
361
356
66
1125
18
41
159
1691
121
2132
2280
1527
141
27
1042
9933
81
447
1180
608
275
1005
174
272
750
587
1572
849
275
482
962
1238
215
11
13
27
67
2227
69
17
163
1119
100
70
12
542
2599
377
2611
1740
806
200
1030
2766
612
1255
228
3083
13
2733
303
1657
3535
1476
1585
2244
1096
1121
4630
17
5404
1193
183
1061
505
213
780
139
1682
798
3428
1125
3511
26
702
856
683
201
1857
51
158
957
978
10385
5631
46
1302
4
635
40
670
836
313
1139
1661
962
56
1272
91
582
5
28
106
341
11
474
259
1530
5
28
585
134
262
927
158
144
1009
588
53
2417
2305
619
751
2368
1978
181
5299
637
749
617
329
2645
754
748
153
29
963
118
3007
729
288
1359
998
39
1292
91
1103
86
2184
941
1180
2244
122
2148
1836
346
523
947
532
2364
17
936
1896
39
250
1027
1678
48
978
1500
104
1000
1200
57
497
166
3575
129
1388
129
933
1621
808
202
527
878
125
956
421
235
27
58
254
1557
3433
811
946
1180
3244
2089
899
2598
3228
1673
28
1278
141
844
4203
858
919
69
483
433
105
1919
336
49
7
112
15266
550
133
127
230
949
940
1598
367
1807
1089
1028
1442
1863
7
26
427
2621
9554
1239
1767
555
32
67
1677
189
811
19
496
1890
7959
213
27
2625
1898
53
852
109
93
1781
3493
49
1046
14
998
598
2083
1717
1767
1044
358
180
266
46
105
6
13
17
23
1
2203
129
3379
1328
1412
1647
1762
1714
4630
1466
49
277
348
8
799
356
132
966
2080
3386
1996
418
3900
151
298
142
1516
103
94
257
553
322
45
22
31
117
150
707
1231
119
194
2300
1012
54
1295
1513
1761
2127
1016
596
820
974
955
2313
705
1651
461
1027
1011
1223
143
2045
2555
91
1016
1049
65
5255
96
1287
1866
954
4360
134
685
1161
1220
951
7300
350
152
114
155
28
1027
761
1989
306
1749
504
717
1122
94
76
7
839
1555
709
105
233
467
4481
184
631
190
179
1588
3252
334
1329
2015
836
19
371
1392
74
805
1283
852
9
41
66
549
708
524
189
3693
132
607
429
125
125
296
424
353
3482
303
460
367
231
2256
25
2339
1220
2844
229
292
613
1054
648
63
84
937
6
1623
618
1725
1847
107
275
120
12191
444
994
957
80
328
2407
1273
2
544
868
1352
679
63
101
284
62
845
6894
80
83
208
263
80
653
775
103
1928
528
2321
815
2139
160
4169
756
2443
2
785
3670
1380
202
38
42
848
2824
5
124
1
16
2612
8
54
657
404
241
9
2
914
554
913
71
80
6
528
723
1651
156
266
95
522
1127
604
795
121
100
774
30
1274
339
1258
1024
72
1372
116
1196
64
919
802
47
1712
82
2706
437
106
1112
831
2232
1608
30
2369
7538
1304
515
786
101
1080
2696
777
4614
241
91
244
895
417
1394
8
1
1061
57
193
283
715
1631
1075
1599
149
3457
1285
1207
1160
373
1
1356
1584
4875
3420
2790
600
281
1706
3370
956
7312
11
27
1993
2265
1329
407
209
99
2199
408
11
581
1923
57
807
173
4698
1901
1792
886
887
192
45
1537
75
3
369
16
53
600
96
39
53
13
691
202
17
47
12
92
400
16
710
2410
700
33
22
2247
1108
1069
5628
14
12
1925
289
1429
1740
115
2683
132
3907
151
69
109
245
1930
62
45
2045
5
384
1306
2226
57
2069
1593
738
1731
20
1509
15
544
37
675
2571
75
596
1133
83
54
203
242
814
83
17
2005
683
337
90
6
2
1734
2486
90
16
54
1745
202
35
12
1
4759
27
406
787
639
577
151
684
96
8222
492
23
72
1976
213
233
27
99
26
4
31
26
1601
25
46
290
26
781
4
1
1
38
4
879
420
4
5
437
2
1903
1
70
190
48
837
1136
3562
22
423
245
81
21
446
20
69
20
12
28
17
1
32
6006
1190
701
17
11
262
6
7686
62
3
78
59
49
1
4
268
25
163
97
52
60
241
9
10
33
20
4
130
3067
3336
16
705
656
41
56
14
2202
54
2855
99
5
2455
1310
1331
97
786
346
1322
100
165
24
10454
1922
313
54
24
12
280
132
1272
32
1310
513
70
6
364
20
125
73
189
53
12
1376
78
258
146
22
2
21
4
4126
1285
195
53
18691
29
32
168
1
14
222
3000
13
15
3
29
837
107
30
4062
9
10
1264
828
3
1480
16
18
187
464
5
107
1009
3009
10
17
2528
7
14
86
292
1
680
184
4
103
3
141
2090
10
909
1672
31
14
6
213
195
441
12
859
116
2547
162
4
9
18
14
277
14
36
156
50
790
2583
26
45
66
5
9
8
26
5
469
4656
1884
14
47
7
1594
3854
12
38
160
174
1665
42
448
3
16
52
3
24
8
2
609
443
2
26
210
2
7
711
1100
758
3621
362
812
5191
137
72
2
1340
45
2
73
2063
1593
23
12
616
30
47
2
2708
29
1329
92
69
3070
8
2848
98
26
185
968
133
13
1725
100
122
8
1780
270
1529
86
603
1010
1963
506
1078
178
2547
901
367
875
442
116
1121
66
114
120
278
4530
309
78
2846
900
541
563
1238
32
17
16
35
27
303
1235
1020
395
1133
258
999
122
167
5
371
64
46
139
755
101
43
877
1
11
1004
2345
149
179
708
1482
1309
2479
205
1345
1915
670
1060
56
31
139
64
119
1107
4602
134
2
25
915
53
3140
31
582
218
3
1110
1274
30
