23
77
7
8744
677
421
297
1654
1311
243
25
20
80
12
54
14
1316
7
305
9
4416
21
28
178
24
13
437
103
289
748
8
1565
546
14
29
7
435
890
366
4085
1
66
2431
128
862
110
41
1670
6
1351
12
2
328
151
216
816
76
584
43
107
10
1
137
3
377
523
2
40
17
14
8
11
2
9
16
503
14
135
17
418
1785
1200
7
64
1031
18
38
1282
680
3
7
332
18
631
434
1681
2482
7
130
1
3381
2
31
19
7
13
8
143
30
89
18
60
7845
125
1205
84
398
2757
635
407
37
90
182
1228
3
6
2
2
394
20
445
2086
1046
69
45
380
23
182
34
659
392
392
31
181
13
126
86
11
29
92
10
100
14
1199
1254
6
10
129
2
7
120
173
13
353
246
197
37
470
19
6
7
2
3
2
619
26
3511
21
269
367
861
5
43
825
359
345
10
224
452
91
