31
121
528
118
39
3
179
2
159
26
185
1288
53
126
1320
151
280
209
471
187
56
180
121
1973
60
3
165
90
1294
1225
218
611
56
56
215
129
76
215
263
679
240
95
306
55
52
185
15
126
55
59
214
91
1761
217
50
179
70
52
94
1396
180
229
34
1555
55
212
55
767
149
13
519
128
1681
95
99
210
185
963
124
574
55
55
45
516
560
54
242
1680
218
234
668
1
42
76
53
71
1620
55
75
55
55
20
214
55
55
53
6
55
1043
150
595
362
326
69
1
151
332
36
23
130
32
55
40
1795
60
362
55
697
178
562
55
56
1229
127
209
182
56
504
141
61
30
95
255
176
52
51
52
64
50
214
222
419
2071
56
1581
94
110
1
94
80
1637
736
837
347
55
538
1353
55
187
150
57
55
185
194
55
55
53
57
59
250
63
353
52
68
68
