352
377
213
5
89
9
393
6
8
160
3
342
25
325
221
1
54
231
1
18
1
15
2
4
162
1
137
22
2
58
47
1
14
2
32
3674
9
13
73
359
360
2090
190
275
400
28
51
358
246
103
26
287
25
36
368
4
3
26
45
219
84
20
38
49
72
15
7
185
13
631
1
130
1
119
2
112
108
76
54
580
21
116
30
485
1
39
2
107
14
1065
329
91
854
32
153
5419
693
255
117
1091
6
24
25
86
5
3
1041
22
573
6
340
47
75
6
42
26
1
45
977
34
13
26
40
36
1430
28
39
9
39
806
218
149
23
10
7
422
677
75
24
94
126
186
92
4418
3
54
4
144
745
723
8
703
174
248
1
29
10
88
69
12
5
448
139
121
41
134
29
25
13
49
69
436
17
26
234
8
404
3177
64
446
48
462
928
51
1330
20
253
55
7
10
361
191
11
194
14
384
77
934
50
82
11
40
207
39
27
10
1480
158
4890
3
21
10
276
196
52
37
1247
416
51
75
105
62
68
13
55
72
31
143
21
71
2
297
207
9
324
55
9
264
24
8
7
53
22
107
16
14
8
11
27
10
1
291
160
7
18
95
2
557
4
35
1
16
2
148
13
453
41
137
2
90
22
84
22
172
76
161
8
27
401
7
85
985
20
193
723
138
1178
215
126
76
13
1273
257
2
17
314
22
210
16
21
17
181
7
14
1
14
19
434
1
8
15
242
70
149
217
250
7
5
26
7
9
734
178
6
6
123
13
1077
29
280
4
77
37
91
224
19
74
2114
167
64
25
131
14
92
78
74
58
4
1
14
10
43
122
93
79
37
27
21
1304
1
220
102
2
59
1
181
96
10
3491
3
1
1
2
1
932
28
20
8
11
176
7
48
59
20
24
604
344
132
132
52
6
26
16
32
157
41
18
609
11
198
215
40
38
47
6174
5
1
125
6
17
13
50
604
34
549
151
10
12348
210
65
578
516
687
84
398
27
570
105
2
86
1
38
13
14
119
52
102
66
11
1
417
209
646
24
267
16
163
4
132
9
62
19
76
583
36
15
56
27
10
21
52
108
12
116
55
40
128
3
17
168
1130
14
1271
15
9
45
15
137
81
60
57
18
8
1
37
201
41
13
510
29
10
32
40
6
79
11
93
41
75
86
1438
1
29
37
5
253
9
53
55
31
76
1
14
171
8
372
7
18
1
45
55
39
36
8
2181
1
34
12
36
3
227
34
1
130
37
9
20
53
59
235
4
66
24
25
24
12
197
138
33
18
26
46
24
1
2701
19
10
1
85
243
80
277
131
206
17
33
17
1064
115
76
18
14
8
123
21
28
60
143
16
20
40
26
37
45
488
41
9
21
53
53
42
442
299
558
123
106
30
15
42
13
7
24
31
42
1
37
21
627
2
178
145
20
7
624
804
18
280
92
14
1402
8
1457
14
406
17
781
4
275
26667
59
19
16
154
12
250
32
12
8
480
2458
53
60
36
191
29
94
65
135
1380
10
1
57
268
405
397
14207
10
52
9
30
309
14
408
4
93
1548
1
46
126
195
88
32
87
3316
39
2
264
74
72
250
10
103
1096
1065
86
11
44
289
273
14
11
293
219
3
5979
388
1841
15
40
198
165
36
72
6
34
4
163
104
36
26
754
706
940
7885
1
73
1205
337
434
260
93
428
20
296
32
363
414
97
2
69
43
40
19
46
115
48
3
132
49
4
18
23
397
69
5180
1
532
1
62
523
106
5
25
116
569
5
88
228
66
192
263
89
7
15
7
183
358
1
23
19
197
426
72
539
22
146
1646
487
31
41
1
522
391
637
170
284
373
2
5
10
64
10
38
67
18
29
21
722
133
109
46
293
4
7
59
88
16
42
47
34
13
8
15
47
1138
44
179
8
1708
431
230
5
946
62
149
122
314
722
182
255
158
4
155
410
64
87
18
10
1
43
30
18
116
96
17
55
62
8
158
37
2
16
38
75
49
509
7
235
7
251
54
220
174
332
80
206
622
46
766
378
98
184
18
1
1153
6
7
1
55
1
27
16
31
90
265
1
20
309
101
3027
472
12
27
43
1627
3
421
27
17
85
25
61
55
548
174
26
337
157
267
40
80
16
111
15
56
12
486
589
308
9
1
9
29
11
211
7
682
136
274
5
228
242
334
88
60
29
22
106
20
98
13
62
365
37
22
433
397
4
12
146
2632
36
160
259
2387
2792
99
61
16
18
226
585
15
2
53
21
14
162
152
401
83
191
563
7
28
113
165
76
83
55
55
55
19
48
413
1117
148
110
48
1449
772
104
28
11
314
20
405
5
190
112
83
50
121
48
37
82
5
2
20
39
1
350
14
72
8
30
632
50
27
41
25
65
15
17
37
39
21
3
162
37
58
1504
51
933
7
175
212
193
27
287
25
31
11
43
8
133
633
4766
17
33
2166
1148
24
43
7
200
3054
55
55
1
49
4
2
459
57
240
590
206
199
34
244
54
238
242
145
1490
122
65
5506
376
15
18
8
14
1
10
356
116
1148
1
6
42
47
48
151
19
5
463
12
133
1194
113
1
85
29
25
179
8
13
42
17
32
2076
65
5
17
1
127
51
92
20
1847
51
103
2
30
34
1629
13
8
2
21
2
124
1
686
1223
1
36
22
330
4
129
36
8
269
11
78
2240
9
27
1923
68
950
1
323
64
169
56
3
38
120
225
136
32
474
488
147
104
20
1326
40
18
69
636
615
36
216
104
72
20
243
552
1291
34
9
54
15
23
4
1608
1
53
94
8432
353
31
672
42
100
1
2959
1316
12
52
33
5
345
420
488
309
880
72
20
394
9
823
33
60
102
6
2
27
585
40
49
5
6
933
25
9
117
111
36
114
46
67
1
170
1
99
116
1
41
18
2
2148
535
516
31
11
1
16
73
175
32
423
23
89
15
57
563
9
34
74
1
42
7
85
12
22
48
22
50
13
8
2491
1
12
198
1
219
32
20
19
9
18
17
1
642
101
164
205
678
3
1958
5
93
42
1
77
42
823
15
1501
3155
4
77
25
110
199
9
56
6
16
327
55
883
206
41
7
123
477
21
120
133
86
18
15
9
25
436
139
323
43
83
115
80
71
59
46
142
232
43
311
85
262
17813
3
380
7473
1969
50
734
37
6000
185
535
7
1477
1017
4168
283
162
6
62
188
43
1501
113
83
1366
66
2
130
15
107
35
19
330
43
14
12
128
44
79
18
10
2
211
374
92
41
57
431
550
22
397
156
31
9
388
123
1447
17
17
171
138
166
65
15
22
61
76
16
1
213
189
95
98
181
45
125
66
1612
666
42
219
28
40
27
1
432
17
2
1361
84
190
24
347
4712
8
8
33
1
20
3
40
311
142
80
15
21
24
2650
9
972
61
8
41
39
259
8
75
48
73
36
2918
18
66
2
18
141
38
183
35
58
7
565
1
48
12
282
253
902
97
20
101
1
306
1065
37
80
4
37
9
10
39
15
52
86
54
576
1175
197
1
118
28
39
300
5
7
35
51
34
11
189
70
1212
42
36
3
4
7
186
7
21
2
113
20
565
1
24
359
7
37
136
9
35
435
22
704
130
27
186
1345
21
134
2
159
163
63
12
2
30
27
2
18
108
51
1
128
19
156
4
46
79
18
140
4080
35
14
11
95
105
93
14
28
42
143
90
3
14
91
164
47
41
504
223
228
4
1
29
74
14
1
1
19
25
10
4
13
60
123
24
4
137
3258
176
68
21
8
1
331
16
35
108
182
2
43
84
486
142
18
67
357
1
59
1
121
283
33
932
6
83
43
3
106
559
13
364
250
24
334
262
3
217
232
4
244
109
215
434
215
420
141
99
57
565
226
157
13
5
432
167
525
215
188
193
223
16
9
37
24
55
193
95
95
15
17
194
53
76
48
31
55
11
47
8
286
510
186
21
315
240
1344
227
165
39
1169
55
29
18
484
33
193
229
223
6
107
220
127
9
36
149
59
219
3
106
299
12
815
2
197
10
284
35
54
24
15
30
24
28
38
26
8
249
11
5
3
252
104
91
127
1
23
1
96
921
37
72
984
34
1587
889
58
16
219
46
52
78
11
196
43
51
103
40
115
1
102
44
1
218
43
560
49
67
103
107
561
4
78
81
6
5
17
15
2
6
89
38
25
127
3
1099
454
755
1
46
20
41
58
546
1
23
22
16
214
113
72
46
55
33
13
13
11
10
1
4
81
26
18
125
603
55
384
38
12
1
8
9
170
99
61
44
388
25
27
96
2337
15
2
38
10
1
43
9
10
13
86
78
135
668
143
382
6
23
1
58
45
1
309
8
27
227
17
2
341
31
4
159
4
10
2
14
10
112
16
22
8
875
349
37
61
30
402
7
31
464
1320
130
6
47
69
7
137
400
87
4
1
16
245
23
199
2748
10
1118
59
201
136
83
14
14
129
1
105
11
40
29
6
18
2
4
1
735
85
167
98
121
57
309
783
9
149
171
26
10
175
26
10
52
23
113
63
102
1687
56
2027
26
47
204
402
19
144
3
2
203
38
16
59
793
48
36
451
50
789
141
1
6
1
6
159
36
29
113
21
46
321
120
14
171
173
82
49
619
10
6
70
25
158
1086
83
7
119
72
94
67
5
11
55
877
1714
13
39
108
35
55
168
27
229
81
28
17
7
219
1446
23
471
479
38
845
268
299
8
32
91
1211
279
231
1541
68
26
47
2
24
61
11
76
94
281
49
55
633
157
57
291
1
12
1281
65
91
13
8
53
13
99
39
123
74
470
223
68
6
16
1
42
205
909
426
97
17
56
83
49
75
146
879
58
18
3
60
57
64
44
67
107
99
11
130
681
10
13
127
10
43
44
14
196
676
1
1260
19
37
24
312
488
39
3
47
19
581
39
50
275
10
25
18
16
154
5
79
186
454
167
22
33
386
334
23
100
1
10
32
492
267
17
2
5
37
80
6
50
22
38
13
98
23
246
18683
225
215
80
424
33
179
68
1221
339
467
114
82
9
260
95
53
178
1
11
30
12
2
281
151
4
34
11
431
140
23
44
3
18
160
624
17
1
4
38
3
18
6
5
42
298
51
68
164
74
41
57
155
2
71
55
67
9
19
28
74
26
59
158
3
10
43
6
91
44
35
194
55
31
109
486
239
7
1
56
21
24
26
29
19
133
21
279
41
56
37
39
18
140
1
3928
19
151
203
8
377
248
132
25
1
34
10
53
135
337
187
76
159
155
118
1571
24
1
1
240
44
288
971
166
5
65
8
309
89
250
126
288
19
271
80
476
19
32
867
230
21
3
40
37
87
18
7
916
48
69
40
110
54
27
167
19
32
18
7445
426
123
40
17
15
247
148
8
168
16
62
216
2
34
214
595
10
52
282
9
78
125
403
37
49
1168
314
8
50
13
259
56
198
49
125
44
761
120
93
199
3
74
87
515
49
30
54
22
45
239
8
8
160
336
1658
9
327
64
82
1
16
17
139
1
185
4
854
401
76
70
23
250
35
43
24
266
54
57
50
80
153
174
1052
188
300
15
247
50
372
104
38
51
183
146
89
37
9
411
22
142
31
15
104
114
14
17
815
8
110
35
108
7
41
183
4
17
74
2
89
267
441
106
4
71
15
104
105
94
697
1
1565
12
3
284
30
55
134
19
1
51
7
25
17
13
18
32
298
703
53
29
24
96
70
26
10
356
43
210
67
32
33
253
71
140
13
8
325
1
247
59
178
1070
5
67
5
8
62
2699
1653
23
27
4
136
666
203
265
251
5
1989
26
30
7
49
1560
79
69
996
89
275
234
22
6
182
1
394
22
5591
55
4
45
56
19
13
52
65
236
54
25
567
700
1138
4
3
1327
2
95
65
1
1
9
21
14
37
314
18
45
30
155
113
22
158
45
27
38
824
148
59
21
5
17
2
29
2
55
69
36
27
28
25
118
659
613
1104
1371
22
8
788
1
16
263
1
137
21
238
146
192
124
57
313
24
119
11
36
89
2
15
20
33
84
32
20
193
246
1014
36
278
22
8
2157
1849
7
265
462
133
78
522
894
5
12
13
18
238
33
42
1
180
65
81
3
21
727
69
9
2
3
238
331
52
9
110
10
29
1
14
17
96
12
15
463
1
335
50
89
52
159
4
48
391
10
1
5
184
6
321
19
39
8
27
1231
67
397
119
20
128
63
108
15
179
19
3
86
527
4
2218
3528
296
302
49
4
21
18
33
3
36
5
286
34
225
185
113
62
80
176
29
358
13
4641
160
18
6
22
12
246
79
65
81
19
28
59
26
15
89
909
1800
69
84
532
2
67
178
4
38
1
15
312
56
28
55
1078
20
52
58
16
9
13
13
50
398
303
185
2524
13
118
1
355
1275
142
22
14
34
19
46
1310
11
7
6
6
17
167
14
414
287
286
510
2
23
1983
17
11
236
10
388
1
32
50
36
16
92
4
1
18
24
1879
49
12
9
19
132
12
76
36
334
23
5
128
558
12
41
29
5314
121
57
103
66
9
172
25
6
160
23
50
133
49
257
6
38
30
21
1868
28
246
143
1334
12
33
5
219
2
19
177
258
28
1
12
144
83
3513
686
44
454
85
14
18
1
118
25
83
10
186
181
32
2136
74
584
34
154
307
54
1284
17
15
121
275
3
33
25
4
36
20
45
2
60
50
41
15
82
205
106
2774
85
71
65
11
68
74
12
38
63
64
190
12
86
4
2091
684
67
96
309
240
1236
18
3
92
1
162
29
33
7
1462
258
49
25
635
359
60
17
208
116
72
28
19
15
9
37
31
224
216
14
608
7
268
41
16
635
10
182
17
83
262
51
18
14
133
1346
34
94
54
180
107
20
22
382
106
117
67
268
444
1582
277
15
1
349
2
179
4
41
634
26
181
51
391
47
62
888
26
13
58
9
18
1359
12
23
90
207
2
5
950
235
1007
602
56
84
15
18
1
1
218
44
55
2104
5
120
5
63
1
94
45
238
15
43
73
839
79
271
12
567
18
70
13
305
121
445
64
452
167
50
23
4
247
21
56
97
7
74
63
24
107
21
165
35
118
144
363
822
51
197
38
136
2
223
13
2676
63
73
42
29
79
1112
39
68
1
2224
38
116
1350
138
5
88
224
70
43
78
74
37
152
33
8
7
333
81
1449
1
33
41
12
1164
1
316
15
150
71
164
18
417
20
62
31
47
17
49
51
178
595
476
742
19
357
42
22
20
1
74
69
111
49
30
194
133
10
35
57
143
484
3669
117
59
41
21
5
3
18
91
12
132
154
365
58
27
224
5
38
346
63
2336
108
433
30
3
43
935
50
132
28
205
116
7
105
111
150
23
198
1
94
455
355
45
14
110
71
179
6
115
164
16
23
15
2256
6
141
147
87
42
162
103
40
76
61
100
12
42
25
84
17
2928
165
402
1
63
1
1455
69
111
83
409
48
254
80
2609
2544
23
170
947
265
194
121
158
353
15
87
41
4
211
37
1
409
129
55
34
68
1
599
809
1
19
3
220
3
212
9
185
1
184
37
40
53
76
34
11
562
1
1020
84
19
1
20
320
22
138
193
105
21
82
12
44
819
22
3
58
16
34
11
49
162
27
16
16
119
483
33
1
83
59
56
28
84
727
67
6
313
7
53
3
170
91
33
24
125
1397
6
48
41
249
3677
1
135
7
44
20
120
2260
6
80
296
121
217
5
8
4
384
61
20
52
3
568
240
12
92
480
9
247
155
1099
141
168
29
24
62
17
16
330
32
9
247
226
57
39
22
37
77
1
34
9
45
29
34
50
464
20
81
190
13
335
196
99
213
2826
12
69
1
184
40
89
129
81
1403
43
92
238
30
207
69
548
25
442
388
185
11
84
1
421
30
104
40
332
199
120
519
121
426
196
104
9
20
61
18
441
85
35
59
46
28
31
84
14
12
47
26
30
7
87
20
27
42
240
215
6
34647
67
3059
83
9
28
57
94
155
10
9
20
92
32
29
530
4
19
135
702
17
19
1164
5
62
206
47
1
10
1
29
33
20
184
204
3
39
387
3
25
18636
27
63
18
7
138
57
24
6
197
170
250
48
23
17
117
75
147
1054
34
81
97
7
50
13
112
143
336
77
157
159
216
98
51
17
143
366
14
1
360
3
14
141
12
19
258
219
32
20
111
20
38
104
60
467
8
491
19
25
31
63
7
6
721
79
20
99
498
195
63
19
42
44
5
118
35
798
48
480
5
2133
2
5551
19
60
80
56
30
117
94
1
6
34
23
5
6
12
47
353
64
57
11
12
95
709
12
43
34
12
135
53
384
42
2106
4
222
6
4
24
494
71
48
87
22
51
1
24
30
91
311
102
25
35
105
4
990
43
1
31
83
35
7
136
7
1
134
31
3
9
83
2405
81
4
235
33
1
518
37
609
13
108
43
6
25
2132
1651
464
541
18
14
45
20
14
212
702
18
539
99
19
50
7
240
35
4916
14
12
55
1
44
47
8
41
3265
3
1
16
73
27
48
496
116
1
87
105
26
53
10
18
2
12
24
40
137
11
5
163
84
30
293
12
47
61
22
5457
1
1090
84
21
76
23
73
46
200
14
142
818
113
1
29
300
8
10
11
5
64
494
55
19
6
1045
214
62
187
6
141
76
141
22
78
17
2
210
39
60
9
34
901
155
28
6
50
5
27
178
51
38
359
1
20
27
37
81
7
42
96
81
1
1
1967
32
57
1
407
374
63
226
28
2
70
553
25
33
277
8
180
15
11
277
71
45
5
163
1
7
33
39
62
56
25
15
636
77
1379
45
111
1
66
48
157
330
33
23
51
53
2
28
26
441
6
50
69
78
293
41
1490
1238
216
49
22
129
86
85
148
90
73
310
21
18
258
141
174
15
297
618
272
32
180
24
11
168
60
6
22
293
61
31
27
83
19
18
527
10
1012
93
96
7
105
59
515
17
25
151
12
1215
3
170
56
320
254
1
5
264
89
15
19
16
5
9
4
1230
2
91
252
214
53
59
34
16
13
147
16
93
682
868
184
26
14
26
4
35
7
3
22
294
12
590
1566
127
36
153
15
21
56
2001
28
625
232
4
39
10
668
74
93
605
12
576
2
11
8
54
552
1032
30
2
92
2
1312
16
32
19
256
14
563
16
27
484
43
351
1
42
1
17
289
14
451
29
14
60
188
15
41
32
22
661
1979
46
1314
12
121
3
41
125
14
15
12
96
2791
171
9
70
82
1545
74
28
10
4076
13
17
215
24
8
326
60
4
32
296
57
68
86
394
63
61
8
5
5
37
63
15
1
154
19
17
119
24
44
283
1
298
24
251
83
3
34
294
582
1222
261
36
343
58
4
44
1462
179
24
9
383
618
44
188
4
65
17
1
17
115
462
1746
237
978
223
310
278
30
319
7
1
39
13
12
194
15
393
15
15
168
1329
61
275
77
30
9
2
2024
67
518
150
44
671
1483
11
4
900
307
296
22
103
221
57
72
8
69
45
358
1
1
471
3593
11
8
19
32
18
33
18
2
13
24
5
31
1440
13
1
365
24
12
714
56
9
93
169
1353
724
43
408
26
292
16
538
74
239
22
196
54
136
47
15
8
53
4
93
115
11
94
1
63
16
37
48
1127
18
6
2723
626
26
4
8
18
1
2
2
39
69
208
30
154
94
184
3
7
8
102
8
3
27
34
48
66
12
11
406
150
328
41
19
46
221
22
6
273
1
507
128
42
1
221
1062
44
89
52
162
396
66
17
361
37
159
166
54
6
47
40
393
8
577
40
153
299
150
133
2
1442
185
30
151
1767
58
116
12
100
2
18
74
527
140
109
154
2264
6
95
44
56
529
58
388
146
7
3
15
21
30
24
52
10
76
43
32
24
9
1422
157
62
30
5
278
45
23
7
17
35
25
32
1
184
12
11
755
37
36
408
7
35
7
226
186
69
2
9
11
1381
47
454
37
57
5
134
51
706
1
49
15
70
7
252
625
322
7
35
148
31
721
580
99
19
11
138
20
45
286
9
14
51
44
4
98
70
21
59
61
94
487
137
376
99
17
230
6
1348
239
86
236
226
54
123
25
30
72
1
813
1
365
126
6
209
25
20
238
88
470
9
121
70
36
20
106
147
173
96
260
431
371
20
213
3266
102
1045
2
29
58
2154
108
53
187
221
12
165
8
11
34
39
23
2
31
93
120
43
184
14
29
24
1
71
193
34
94
11
41
548
15
130
284
156
423
54
10
115
52
7
1
17
104
36
24
30
289
17
2
793
140
91
519
63
179
5
15
346
77
89
10
21
183
1476
234
676
334
49
34
380
6
117
50
33
96
13
13
1247
199
7
23
1446
27
20
9
10
45
154
38
3
7118
158
5
156
2163
31
75
44
94
54
42
21
8
10
1
1551
181
136
240
706
1
104
58
191
27
40
3
15
104
2
225
143
23
125
52
31
916
37
8
11
231
133
96
393
227
87
60
130
109
273
173
18
792
49
102
30
113
107
933
314
17
162
356
36
5
122
9
554
1041
12
418
13
67
292
9
74
39
8
6
158
1
84
30
3
100
858
43
9
438
81
45
81
269
18
42
11
9
26
57
9584
4
30
70
54
11
6
9
31
344
21
13
46
69
100
14
68
142
97
77
303
28
7630
48
44
104
52
1
35
1
119
17
29
31
9
8
495
16
1
137
1102
1
10
10
145
3
990
15
1092
132
1
343
1219
4
4
29
27
45
5
4
11
42
167
155
42
100
444
9
25
572
69
10
39
5
6
340
77
4
12
57
5
154
153
20
29
183
23
197
21
463
8
10
41
63
33
20
23
24
80
127
15
264
4
5
53
470
75
6
43
3098
368
1
151
103
54
1684
946
169
88
38
281
1425
120
81
75
85
48
1628
735
9
16
177
159
19
137
14
257
33
11
38
44
432
89
95
1899
162
491
5
29
73
292
32
598
105
144
209
2
1
918
70
259
84
525
42
62
134
19
55
7
23
13
16
113
4
276
425
158
172
22
64
60
320
2
838
275
21
21
149
2
25
530
31
55
26
117
95
182
504
22
11332
66
1
1
12
95
20
697
392
64
44
9
85
42
38
95
117
1
96
59
17
21
122
18
16
30
7
748
180
152
27
70
23
20
30
245
12
215
153
28
27
640
32
2492
1800
11
741
7057
108
1
19
33
89
31
135
94
8
130
32
8
130
1176
139
58
65
16
196
50
13
791
59
242
407
135
9
273
12
80
30
6
55
141
89
75
18
36
518
40
124
52
15
26
1
53
4176
39
77
10
1
11
13
656
71
142
46
98
37
62
1
7
72
2
52
523
261
56
32
18
44
15
593
21
3
453
12
785
55
347
266
433
135
50
50
168
2096
326
43
61
61
49
555
335
320
93
173
192
81
195
15
557
114
72
142
7
63
1
307
31
9
1
30
35
312
15
1
256
121
162
661
11
7
11
580
222
9
14
136
57
12
11
344
34
20
13
196
9
128
500
107
7
16
23
144
1947
113
428
3
431
23
74
10
433
38
75
40
14
27
235
1469
995
38
48
25
254
227
58
249
385
1
62
229
2
14
111
339
47
21
3
4
2249
4
159
6
44
63
123
12
387
523
279
106
30
494
122
124
326
229
205
139
866
124
386
25
46
49
132
2
17
80
7
58
24
205
1536
72
10
1647
294
389
1372
79
103
10
54
79
84
115
140
23
23
17
416
200
7
66
8
318
16
1
829
95
21
239
78
65
514
19
541
162
413
7
321
137
125
28
282
16
33
186
936
30
25
12
2524
332
7
161
87
342
800
5
60
53
20
1003
3
1
6
1280
817
384
74
900
53
23
434
1721
14
6519
9
520
135
119
541
714
8026
260
41
23
351
342
49
242
48
87
104
198
5
228
51
52
23
2280
3
966
1
843
5
14
22
7
3
47
97
24
532
119
90
7
48
26
38
118
19
33
34
104
16
430
118
81
56
296
125
38
7
207
244
36
68
17
17
91
2209
80
32
7
10
47
7
807
16
603
85
183
44
77
866
336
206
3
13
7
102
16
546
26
11
1
28
114
66
8
4
120
362
222
46
279
229
246
408
55
1041
39
910
35
713
64
2
1
40
17
222
8
80
416
33
56
42
4
6
227
53
91
7
3890
58
60
1921
183
24
1
92
250
137
1968
36
139
1181
70
44
11
116
102
50
25
10
15
63
280
137
67
6
1
1
53
29
989
27
42
100
41
95
7
213
11
617
288
9
348
166
681
410
29
147
32
383
87
1
30
9
676
592
325
21
24
1
734
53
97
14
1
63
23
288
120
30
21
67
62
611
94
115
50
116
2155
106
226
8
48
183
18
399
126
400
47
283
1
10
7
44
1
13
1
195
108
81
36
773
62
286
15
155
239
49
12
69
4
120
56
2
23
2
20
493
7
53
42
47
19
1
71
33
229
98
89
1
15
63
55
42
53
106
143
63
84
43
8
2074
10
131
11
1
34
23
48
1
172
7
49
21
5
193
18
91
337
747
1
1409
780
202
20
277
118
91
9
247
378
958
33
857
69
176
56
102
131
91
11
10
210
112
21
1
1
19
2
5
17
14
15
111
93
97
343
21
129
98
81
224
3
61
181
41
2055
105
1
27
11
2
362
70
62
79
43
12
44
49
46
75
34
214
8
96
25
59
239
2
121
39
110
147
14
7
159
15
42
90
14
5
20
158
24
190
6
155
12
29
94
22
2
1
27
104
2
11
9
61
27
301
4
4
23
71
109
1131
113
257
52
16
194
88
54
22
14
3
7
30
1
20
181
26
62
45
38
104
933
47
35
270
211
8
1327
9
85
124
27
236
50
172
69
74
363
17
677
114
6
70
1
161
92
245
51
9
770
1
1732
142
94
16
80
63
1
9
28
188
116
195
442
102
27
28
14
25
6
663
273
217
28
45
5
37
158
50
449
251
13
5
5
15
19
15
1657
218
23
373
103
179
948
548
69
51
368
46
51
15
45
267
370
11
146
7
17
56
959
11
494
15
80
16
51
41
57
26
252
174
343
112
21
17
446
340
127
806
4
175
65
5
95
84
121
361
142
1
105
14
188
31
9
121
60
201
263
180
2
68
5
8
18
29
1
6
124
146
360
17
115
41
11
235
124
92
31
46
36
96
52
26
41
136
337
22
314
123
918
2
45
30
20
2
3
18
35
109
6
17
357
34
157
12
5
96
123
223
17
23
8
117
798
13
232
3443
32
1
49
691
12
340
227
462
239
78
51
14
59
184
52
102
119
39
30
140
241
15
59
76
14
55
35
33
28
24
26
213
300
148
22
35
13
6
185
272
23
2
1
770
1016
2
49
15
641
113
56
2
16
12
67
46
25
10
19
11
139
7
22
16
62
6
182
27
111
55
22
27
112
204
933
18
647
13
124
666
42
1
66
78
11
26
5
73
210
227
639
45
5
299
28
44
1
10
558
44
26
27
24
40
258
39
4064
24
10
11
293
11
830
27
1
59
438
122
4
2
61
239
1
3
46
89
1
224
20
36
26
1079
46
47
48
298
3
20
1
20
101
13
1498
75
156
130
54
242
455
20
523
2290
1464
36
728
58
13
486
25
153
19
25
3
36
71
38
52
1056
27
19
1
12
8
15
19
49
17
46
53
180
131
9
20
107
297
8
57
30
4
84
1
52
60
207
16
163
4
27
1
277
12
6
2
22
19
3
7
60
45
159
36
1458
834
85
30
98
81
7
96
116
1127
40
140
109
1
631
25
37
990
30
102
25
239
14
1089
1099
48
197
195
10
4
240
11
51
8
146
452
830
44
225
115
153
2
40
31
21
6
119
83
4
470
39
27
1
204
282
85
812
143
324
3
102
28
19
289
150
38
1
8
313
286
54
150
70
55
377
146
15
30
38
453
10
40
38
155
1
33
22
19
16
47
684
32
56
66
3
6
1917
54
225
15
93
47
129
287
114
14
10
25
189
5
674
4
82
74
16
6
17
5
1605
1
63
399
26
21
323
449
56
142
19
1136
81
184
1
30
32
16
4
29
83
27
53
216
27
30
166
9
28
127
1
5424
93
177
10
16
100
290
105
577
280
26
83
25
5269
71
18
23
102
28
24
363
19
3213
7
53
501
44
45
29
323
21
446
1
11
205
54
24
23
414
114
42
24
16
517
293
6
212
119
20
928
21
32
9
20
50
762
19
19
1
503
44
27
394
18
3
5
107
54
41
10
234
630
9
31
701
22
44
52
32
34
275
3
17
5
2
7
117
15
52
14
7
4
31
37
69
4
3
29
16
55
189
172
1567
45
5
96
34
29
1
51
827
116
310
46
238
373
5
28
83
20
28
288
33
100
11
123
296
121
26
105
69
82
19
23
555
318
7
19
6965
128
160
4
194
1
13
1
440
16
3
3
832
40
240
1061
9
8
37
124
5
59
211
775
1426
61
4567
213
76
17
23
41
52
173
6
379
37
19
3
208
95
49
436
4744
720
99
30
6
6
35
33
48
7
99
63
144
24
48
152
140
7
37
1
136
168
323
23
27
36
29
113
120
66
77
38
17
16
167
22
17
41
26
217
46
9
77
1752
9
32
7
1845
280
51
20
411
37
35
2718
207
725
48
1686
223
60
419
466
9
3
35
84
134
94
20
25
171
2
205
23
40
7
49
10006
5
3
4
278
289
225
638
41
76
35
171
45
34
1508
21
129
42
8
67
47
171
25
2
239
772
17
11
23
32
34
657
389
1593
19
23
55
2
2
255
20
177
40
6
16
62
15
125
17
28
421
644
56
11
181
42
5
75
248
540
51
9
293
182
192
117
193
80
24
29
225
62
74
26
38
21
206
129
2
329
2874
471
76
21
54
138
170
13
3
19
226
75
68
84
71
492
227
411
557
177
414
280
92
293
353
24
716
7
44
6
20
230
43
289
19
6
7
200
8
25
44
43
73
111
412
39
53
51
60
75
148
139
168
6
33
4
9
14
121
212
30
23
57
1
306
66
361
83
731
1
2009
3
47
12
311
690
60
2
53
1
30
18
210
260
221
2
10
3
46
6
209
91
39
634
67
167
46
1
42
254
218
34
85
775
29
16
14
10
128
271
90
934
62
4
277
124
776
403
43
808
259
182
46
23
305
162
997
32
2
39
135
134
148
15
9
95
1788
107
91
2
52
88
881
69
7
541
6
30
6
7
1
56
38
464
8
90
84
84
85
171
7
637
26
5
10
21
8
90
58
32
94
60
6
10
27
15
14
30
33
360
76
28
49
68
16
1
63
55
452
8
244
346
119
59
29
22
730
142
6
51
224
206
26
540
5
6
1
315
124
19
129
34
178
1
74
124
84
256
6
65
214
307
9
2
123
25
233
70
96
311
12
74
11
1
16
1
47
204
31
145
83
344
4
13
1
10
42
2
313
23
47
1
14
10
162
1
540
246
145
161
31
9
24
370
1056
27
181
270
221
260
36
39
412
178
35
637
27
13
4
30
448
79
66
49
20
159
24
1086
183
114
140
15
5
228
19
224
3
20
10
26
31
5
39
4
2
43
2
171
16
260
8534
56
144
24
14
161
1
11
30
29
769
180
444
165
223
125
1
199
222
26
15
11
117
176
39
27
106
18
80
38
231
628
114
3
52
1
1
534
190
264
69
172
209
89
43
68
234
13
2
3
195
51
141
130
141
9
388
191
221
257
33
270
225
98
140
56
211
239
234
226
19
1
9
59
274
42
369
8
8
200
109
285
44
1188
239
53
3757
3389
385
5
85
519
35
6
335
1
40
169
2106
51
7
152
397
18
1
23
770
272
4
6
22424
