309
171
270
47
436
62
16
180
8
24
42
50
346
2464
32
16
16
96
8
85
214
39
39
43
185
12
1255
76
274
53
32
7
115
74
2681
413
1
43
258
76
32
9
54
4711
169
234
77
8816
268
11
268
281
2367
933
320
355
57
18
237
1557
254
6014
272
15
58
245
959
246
1841
261
250
333
2625
575
337
251
74
39
14564
28
209
22
90
10240
5749
94
289
242
242
3
434
1
22
138
2024
46
19
694
16
27
120
3
80
39
55
75
1
290
369
304
260
197
1
670
6
5336
18863
2737
75
182
45
218
802
151
196
43
7
36
143
260
158
99
2088
83
24
158
73
185
263
166
13
1
247
18
26
35
4
14
1232
23
681
50
20
6188
6288
33
97
1
412
186
3053
1643
1751
130
1
1
281
54
16
13
133
224
1755
43
283
98
10
29
9
277
268
37
29
27
16
126
155
1648
23
96
177
367
30
25
13
216
16
64
3
59
36
76
139
266
2
90
182
170
16
308
8
42
232
149
144
226
208
42
401
410
4143
1811
92
187
35
201
354
82
231
19
164
78
381
104
6
839
478
129
276
256
668
397
8
13
62
17
121
1
167
293
306
308
28
2810
100
589
1933
315
264
32
294
5
68
92
195
20
1030
86
37
308
48
76
27
120
163
239
104
303
13
245
52
312
94
165
43
98
7557
4850
147
1
842
13
116
362
438
294
20
1325
30
266
194
341
110
202
529
10
268
68
114
1549
301
64
1
360
138
268
174
218
18
45
18
189
86
3
290
147
17
2029
290
1
28164
4519
684
2841
518
110
40
113
274
76
2744
87
15601
148
263
78
335
4
92
246
746
34
13
220
229
3
107
28
92
334
1
236
210
2669
34
471
58
167
28
259
15
189
168
163
627
77
22
213
116
273
3
239
1
9
1
26
47
4013
387
1
16
3
22
17
157
92
75
21
3658
345
291
290
32
154
1
247
188
1469
27
1200
2259
313
292
30
183
7
1539
1429
130
77
10
37
6
312
87
1
396
185
59
131
39
11
54
38
9
1
219
205
207
499
149
57
11
22
375
571
738
4
178
69
624
244
249
214
917
1
35
99
16
805
321
261
454
16
205
1108
53
50
498
22
4416
202
18
666
101
665
17
204
1294
297
272
1
112
213
532
2
7
4
151
21
1
363
222
463
11
543
11
17
106
45
331
269
258
275
394
84
256
1563
415
161
306
123
203
363
21
218
210
77
166
1
188
168
191
208
431
123
95
331
217
690
446
205
91
23
374
271
140
476
85
147
178
341
358
263
255
135
206
361
267
759
191
62
105
99
281
241
393
62
560
6188
246
148
13
905
9
31
204
138
3
8
4
186
540
14
8
373
1
25
122
269
264
321
46
75
7
81
191
1945
2539
46
10
636
77
1473
2
31
92
192
269
572
62
20
25
161
18
90
25
1044
1
236
25
219
241
314
72
273
283
276
96
75
330
35
6
20
24
4
277
2
1768
1731
6
117
8
86
3338
175
154
1308
146
43
43
7
123
363
69
845
28
4
402
59
253
298
236
7283
5
73
58
7
89
15
21
309
10
4073
25
2
5381
104
131
28
350
47
438
14
217
45
243
1
185
1
488
12
623
36
1
201
12
3748
4
252
23
98
19
229
28
769
240
44
474
330
230
346
51
261
33
20
209
56
235
37
219
8
122
374
26
40
4
20
7
57
2
146
6
156
1113
48
291
13
233
81
32
395
221
4
16
1844
175
18475
245
207
528
38
49
114
466
767
634
28
159
317
4
2671
3854
1
250
89
203
76
305
177
321
35
56
323
239
24
73
387
122
116
70
14
26
63
22
15
72
14
27
7968
8
19
31
206
100
217
91
85
3426
332
11
951
28
65
22
56
1
307
59
88
191
134
9
217
336
655
557
1797
60
29
396
33
95
17
200
204
1026
232
129
123
1784
217
190
86
945
112
4635
156
22
17
159
4
24
79
76
7
195
63
83
22
88
149
12
347
9
55
24
957
4807
107
213
1044
430
1488
75
214
376
220
20
48
61
1947
354
257
132
145
465
1
377
87
67
191
99
1295
278
220
148
446
337
319
142
7
56
99
552
452
38
301
8
11
36
13
261
53
5483
4630
40
12
14
131
51
283
191
5562
34
49
337
282
271
5603
52
1
503
187
71
176
1118
22
10
20
36
19
18001
3
89
1509
10
28
46
270
113
280
130
255
278
774
23
432
676
196
102
11
13073
205
9
157
114
252
47
174
523
18
14
32
157
498
350
127
576
448
35
146
749
352
175
45
2936
1105
304
158
4
309
36
15
323
166
263
9
113
183
1
142
100
172
190
351
1354
7
9
3
8
862
1373
93
1722
1363
7
42
3225
1495
2477
140
1
65
3992
144
35
2
12
207
140
162
341
7
5
53
25
30
509
57
122
8
8
105
1
43
39
76
97
62
1085
389
31
1486
5
1681
136
11
30
216
22
30
1
443
170
97
252
63
4
451
107
26
114
1756
35
7
91
11927
1
334
22
15
421
115
217
12
271
8
1152
12
703
1109
353
207
120
19
29
941
231
967
387
167
303
197
139
361
420
36
331
36
32523
1232
3
115
27
6
1161
15
185
136
3
4
500
2177
688
13
6
99
41
220
590
183
211
1075
1696
2
37
4022
312
789
125
95
13
36
268
178
507
82
290
250
19
105
103
200
40
1114
23
2117
65
14
161
55
1676
267
12184
2986
71
1
295
4
10
9
54
3
218
9121
1620
412
36
369
225
115
55
445
316
620
61
23
3
94
22
26
13086
651
1
347
2
333
1164
84
2652
226
167
87
70
124
1
88
33
19
57
307
2
1
208
50
15
72
27
217
275
418
267
22
218
12
2
207
19
98
47
73
2971
18
59
344
297
120
33
9383
129
2477
93
188
1
75
94
1071
153
103
29
1290
15
102
208
180
164
53
256
139
233
243
78
16
211
200
102
267
151
134
144
281
391
73
618
2372
377
142
71
78
104
365
140
1
361
18
407
23
244
1
37
245
117
903
69
79
51
131
120
348
4983
126
371
145
222
36
19
29
62
213
126
196
148
22
119
109
11
270
1
13
415
24
234
305
743
218
244
663
439
6
173
135
232
60
416
95
116
6
23
22
18
3
97
7
42
216
491
95
199
110
152
8
4
6
119
194
733
125
1553
231
108
347
121
126
8
26
3
66
262
694
69
19
152
779
106
18
199
39
240
7
44
100
661
1113
302
70
453
299
101
948
99
338
51
192
12
1140
13
280
90
262
26
121
73
4
70
540
93
190
323
4
159
131
38
270
1777
4822
186
46
162
2940
98
38
7476
26
107
95
25
96
99
133
277
1136
107
265
4196
907
14
6410
569
14
21
560
1
121
491
12
215
71
247
382
243
687
27667
52
123
306
165
7
257
363
247
92
86
213
6835
47
14
1
203
27
326
21
259
63
577
2
1
132
213
55
18
134
10
3
12
260
161
429
18
520
21
45
30
5
54
245
5744
1843
505
21
177
275
128
278
123
371
20
295
33
10
247
3
30
217
248
75
121
17
1
63
161
39
112
101
600
4
201
244
83
311
100
27
208
210
454
1
131
215
176
111
206
124
60
95
16
185
263
158
4
313
27
2
219
61
259
1
472
90
256
61
11
125
231
14
136
355
95
151
