1
25
407
301
63
1163
295
241
1564
218
726
75
31
17
6
150
32
19
19
139
34
1
3497
1
28
766
14
3
314
4
16
26
178
7
151
174
37
20
2265
5
519
3
4424
52
5274
160
4169
8
542
352
38
639
97
1
40
38
4
171
39
14
209
10
4293
152
8743
2218
559
2
19
1930
3623
166
146
2411
1180
2919
302
30
101
28
30
56
19
42
3
950
37
1
315
843
372
3
590
303
1
170
145
8
16
3905
106
189
114
43
2370
1
75
758
722
501
176
10
315
26
156
9134
1220
50
341
6551
1
84
178
7558
165
507
110
101
166
55
9
118
100
5048
252
75
20
465
44
125
383
439
9
2
189
70
166
58
1567
8892
46
11
159
196
5
118
471
198
1
1376
39
219
472
1208
91
5
18
28
33
2
27
25
3157
4143
56
279
29
10250
823
189
4202
2050
1007
10
634
206
111
275
1
56
97
115
2353
289
2
1
9
9
6245
29
154
85
3695
764
6
17
15
29
110
1269
122
29
472
347
1511
110
76
46
782
37
27
1482
36
345
6
16
1118
1830
567
158
6
309
76
461
67
199
68
1717
624
2320
135
10
166
205
84
89
3343
2119
967
259
20
23
9
69
1102
37
1
211
521
140
1834
326
12
5
141
408
21
9954
1279
873
1006
5
33
286
630
57
277
21
72
207
376
24
22
52
365
441
9
103
2
235
13
141
260
108
557
10
57
90
604
899
27
13
858
23
75
3616
69
808
153
7
2
1301
173
107
401
165
404
78
3880
323
54
204
271
1
204
834
306
11
88
293
67
41
232
34
58
15
239
362
15
420
10
3318
8
1211
269
308
210
32
446
3
241
309
17
500
269
6
322
393
2
1
3
611
6
82
25
168
1208
41
14
23
632
163
87
6
908
9
1944
217
118
156
120
850
776
570
120
250
119
66
10
720
437
381
295
127
67
2
45
44
39
410
4322
15
1
11
7
43
13
237
592
737
4
1297
7
20
92
39
283
44
204
123
914
167
733
28690
459
6
6
83
7
2
97
255
666
352
639
4
10
166
24
346
3556
3
223
123
711
15
2719
717
143
57
8
1148
5
61
1324
79
180
2387
4384
4
111
69
789
49
920
237
75
441
68
12
49
124
37
71
242
107
26260
20
16
1401
502
3161
8
350
27
30
463
4422
237
206
60
199
608
4
83
486
2
4303
304
538
27
2118
151
71
1
1566
169
44
383
42
113
557
27
210
38
681
3
16921
121
22
412
538
181
143
255
1035
82
37
906
264
5
2397
67
374
2
808
284
339
603
397
16
2720
7
376
241
2773
37
240
1
73
200
24
524
55
5
62
235
504
6405
2765
3
451
125
131
913
96
122
276
62
184
348
311
7491
453
209
818
816
2
71
666
89
9
933
772
6161
485
86
7247
47
286
83
961
2518
49
28
17
32
1
1
74
848
300
15
1
35
212
126
169
368
73
375
46
123
82
1095
3
15
17
118
10
29
297
22
223
510
185
5
163
3234
91
7033
468
250
1184
11
110
4
2223
1237
82
35
223
229
149
111
4802
171
66
1758
117
30
79
1
102
51
155
155
143
14
9
680
1744
31
166
22
28
76
3
17
193
1
338
488
79
401
129
37
56
446
33
80
1
136
23
2769
372
130
209
731
1
2116
145
1081
625
683
2296
3
36
32
510
6443
210
2
194
16
1919
4234
270
210
213
179
114
379
810
491
382
170
85
2964
47
49
1
49
6
1
1
7
252
10
6010
400
115
67
89
3
415
241
185
81
75
134
498
184
165
22
281
5
226
530
5441
1328
14
1
1
175
26
26
33
134
285
353
1069
3
60
363
802
236
180
73
44
129
1
256
26
563
1003
3
11
106
3
51
43
64
31
240
43
251
762
1
16
95
264
261
96
3
462
4375
224
12
523
17
4
3
130
742
100
6
10
23
96
13
2
477
191
219
139
4766
6
86
67
37
312
4
31
115
1387
2767
214
10
142
15
697
188
30
324
64
746
1
180
192
64
103
2405
37
62
94
7
112
177
53
10
419
154
134
101
158
25
1
7
3564
9
614
99
79
154
92
2899
420
90
1
765
38
601
476
1284
283
276
18
20
262
423
994
308
909
40
75
434
186
6
341
52
10
40
251
1773
689
1090
2
24
1
555
178
2152
91
159
2159
8
753
157
17
272
17
220
1257
65
620
437
4
75
12
93
299
4989
38
30
11
22
676
599
21
37
17
1
273
1
3
174
5
211
39
660
282
30
276
605
101
658
7064
16
324
329
4
302
18
1
115
196
139
143
2
164
484
43
185
289
921
119
176
20
9
33
397
301
1
365
1360
275
480
944
2
20
763
19
218
5
4
138
26
70
38
121
715
142
142
3074
342
197
124
71
115
85
9
2764
270
8
1015
1200
4
41
173
201
176
19
1397
1202
136
600
447
585
122
341
28
87
248
581
3
20
198
6
43
807
96
226
358
127
108
490
37
136
368
3799
525
5
32
473
13765
11
93
1310
103
42
27
168
1415
4
686
15
57
28
49
145
75
7854
155
197
5
281
1911
18
119
13
265
616
17
55
8077
260
1339
1419
3666
68
2924
27
9317
47
162
64
83
2962
30
114
6
51
167
408
74
2
5
33
119
54
73
3015
1837
33
952
711
962
11
366
87
32
19
43
62
105
265
59
14
31
1
68
57
1212
62
54
145
57
4
313
74
4
42
107
57
360
69
72
134
15
670
24
241
668
651
7
2
334
433
19
8
35
3
14
18
6
29
526
990
705
19
134
30
182
69
122
4
22
130
292
498
907
13
26
6
5
292
63
6
59
38
49
68
41
119
2
329
13
66
51
10
318
298
49
7
10
275
60
119
159
3
224
260
152
128
286
31
5
2
34
87
68
80
7
12
105
1183
42
16
15
38
95
79
10
29
3651
370
42
2360
103
21
1
346
83
1
206
71
716
13
35
1
235
96
161
9
1827
534
254
24
1
606
4
105
122
20
155
49
5344
304
192
13
40
730
4
10
389
4948
217
373
183
23
4863
1
1589
269
56
4052
126
1574
91
136
97
152
275
9
38
458
67
314
114
238
227
301
81
273
173
758
765
71
315
1
626
24
1
11
5
60
60
146
35
206
85
802
7
1847
13
2
401
184
8
464
545
6953
1
647
69
2014
33
208
3
282
72
183
19
281
1041
19
2
2
19
39
588
5
46
2299
3
632
18
161
1
1502
4
191
809
18
44
364
534
21
74
40
1991
131
758
171
127
3572
155
159
265
721
29
25
130
27
44
20
27
364
334
319
404
246
33
37
1582
89
150
228
233
214
308
135
41
290
463
247
450
4
6
142
373
48
343
604
82
421
98
372
148
24
33
62
363
449
48
1617
2
147
336
207
81
143
918
251
211
802
100
23
113
13
411
25
7
44
23
16
29
1151
773
17
297
3
1
56
355
728
12
152
1632
473
597
38
407
586
56
51
24
82
28
87
968
73
154
204
166
41
1
297
536
44
14
59
53
1276
1
95
126
76
11
42
7
51
86
363
7
126
565
105
228
511
12
97
89
136
746
3
58
703
105
113
67
2
114
7
118
117
53
257
479
23
354
16
552
29
16
3
61
42
99
544
128
3052
78
95
899
29
84
1479
21
99
453
23
41
9
141
568
8
27
42
199
105
1
2
14
120
608
46
1
151
40
1
3
56
7254
7
65
55
456
1134
340
6978
4
326
63
202
8
44
5
1332
12
211
89
17
18
74
51
915
1896
31
171
26
161
18
62
18
103
420
849
86
67
115
13
5
1
161
707
2947
337
20
459
257
926
577
4
219
390
261
82
15
420
117
18
38
499
619
82
54
4
440
502
373
169
8
8
9
46
54
257
423
967
113
6500
1
138
1479
1892
14
5
1738
464
743
138
475
620
98
178
41
899
1
210
43
585
14938
669
2
109
397
1
27
167
57
96
266
4405
794
109
263
1968
2750
10
209
40
1
23
5840
4
86
78
41
7
135
346
253
534
19
8
580
18
4
243
95
47
111
10
7
1413
88
162
506
4594
4
445
81
46
1696
203
1
33
268
9
2
8
295
81
451
316
20
174
30
12
443
68
9
3
5
772
55
58
5
1205
9
22
12
533
49
94
932
810
374
98
22
19
192
33
753
321
39
2
87
8
1122
773
13
4
59
47
434
82
14
192
2
53
10
7
107
497
4
254
77
511
1
61
26
1
1690
26
3
3
271
31
1979
1349
227
63
1232
435
30
211
9
317
843
28
50
47
120
125
95
111
177
203
71
6
52
389
97
74
266
498
401
79
7
7
252
447
459
520
792
196
105
1
293
9
41
359
42
513
1468
206
434
792
150
89
6447
577
533
12
351
5114
1
39
1350
643
539
2
11
240
1666
1264
744
31
76
35
1507
2
11
256
7
607
128
94
406
591
23
79
442
302
139
427
424
54
608
465
306
618
9
69
650
39
88
3
1
411
55
383
5
1044
245
38
251
285
342
36
364
34
1741
21
43
31
21
22
11
2
286
6
33
52
123
249
15
157
532
4
6
19
37
31
2699
187
278
133
564
64
98
1
37
2913
4
83
8
566
94
247
228
39
418
377
84
184
37
14
161
4
26
732
3
164
188
80
261
20
5693
196
100
41
395
4119
45
18
14813
34
2925
15
203
759
16
139
415
7
252
2
686
2104
59
28
96
18
4
166
443
15
369
281
5
568
3
473
39
110
687
253
3
43
129
102
5
328
337
35
1
3
556
2703
10
175
511
61
80
26
537
235
207
10
4
61
17
2
107
270
131
83
153
2
336
1078
289
641
289
467
7
103
85
205
183
522
410
7
19
15
149
6
245
703
221
81
416
45
1584
1159
20
9
56
475
387
90
12
181
301
12
196
38
11
370
39
2029
160
276
3
16
71
341
46
696
2
5
75
85
6319
26
39
42
76
5
417
98
104
99
51
855
517
14
198
10
285
10
360
133
33
260
203
68
141
292
129
16
179
17
1
23
67
223
164
3
70
346
26
404
382
1123
868
333
183
19
70
46
5
167
5
19
194
33
17
56
5
71
16
195
422
87
23
53
513
170
1
281
1809
648
103
129
7
266
30
158
143
4
3
245
51
29
51
79
640
63
362
131
268
4911
9
161
10
331
129
76
4
31
3110
148
6916
2
2058
509
2751
87
17
39
5682
35
1
43
8
255
351
161
1
142
6
25
147
4135
1047
222
58
299
129
11
2
1324
26
1
241
619
2391
220
1
10
3537
3159
173
217
23
361
167
305
20
63
9
3678
269
921
113
260
622
1624
110
246
13
2
19
255
32
35
209
355
26
51
111
4
576
2
557
5
93
106
2708
1242
5
23
1725
27
61
650
421
171
68
81
139
100
38
410
42
119
28
110
1335
288
288
183
665
80
130
233
400
2
184
2561
108
226
994
105
4
80
57
20
17
462
310
345
32
152
187
231
409
418
2
395
889
45
23
331
57
63
13
130
114
215
364
35
794
25
15
15
80
105
568
814
48
711
64
8
146
36
252
332
2
1561
495
950
71
187
67
71
134
13294
12
1
53
2589
50
319
1
431
1163
10
615
180
305
2
1897
20
1
1916
2745
62
31
153
108
124
1
14
20
1149
198
18
152
53
562
123
150
397
38
9
65
1
408
247
1147
4
4
559
71
370
110
1
7
21
126
662
104
2961
365
197
13
11
121
82
134
73
1876
29
182
28
1
622
112
91
219
56
17
987
66
201
12
33
3
16
449
49
8
223
44
44
117
610
453
772
1570
1
323
256
28
755
79
324
209
1437
1008
518
114
545
14
225
24
101
463
19
395
195
184
163
18
377
2
280
35
4
47
141
4181
417
858
739
1827
3
9
57
285
59
918
33
146
8
124
37
957
63
1388
1442
51
108
242
100
29
159
476
152
187
278
38
376
251
824
7
36
177
23
1836
79
32
12
690
51
3184
86
17
465
14
40
856
208
52
2
39
1047
221
169
105
14
77
144
285
100
29
730
87
65
324
245
25
76
1183
74
547
260
170
121
35
22
134
834
660
116
609
645
46
357
41
189
286
3
95
552
6
109
19
32
8
90
41
257
3
2
838
5
4152
2276
84
194
838
32
11
117
366
164
248
1114
380
700
10
1043
134
414
28
23
690
21
286
461
1717
179
34
176
155
280
429
5667
691
55
347
384
637
59
280
426
70
166
162
28
425
337
61
16
15
133
314
230
1
441
5
1649
182
2
178
366
226
33
6
37
889
263
38
14
67
156
1
83
200
1
218
76
615
2
56
63
15
25
726
714
228
1775
118
41
54
301
14
178
670
920
980
164
12
1051
3
161
65
2
924
1
674
948
105
291
38
8
40
338
582
246
560
28
29
1788
1218
324
160
1803
242
353
6
569
1446
152
778
35
215
42
131
27
16
1037
131
145
5
106
5
14
22
132
1003
94
61
1452
234
4842
17939
541
18
18
40
29
415
914
376
47
870
13917
483
47
155
12
93
11
39
276
6
214
8
237
2
50
183
438
29
1293
2282
5
123
392
441
640
49
204
627
1333
305
19
55
1035
6
2118
8
412
639
20
1039
416
23
3
165
7
10
206
1328
1159
91
203
14
1
2935
863
243
54
704
310
269
98
240
494
102
110
48
616
202
658
162
87
19
41
154
32
656
636
676
449
191
637
413
1629
400
801
1079
307
348
258
262
408
261
46
556
181
100
15
1
6
9
938
17
907
594
679
1765
100
2220
1838
64
9
120
266
267
378
408
117
68
225
1303
109
154
89
310
230
238
574
84
152
569
619
29
8
12
687
32
1
156
485
1
977
70
1138
2
19
50
116
115
292
29
16
25
111
7
184
46
571
19
1
235
1128
143
6
638
19
570
495
63
769
283
841
52
66
2142
26
154
573
1215
124
81
521
818
32
10
48
824
79
302
381
3
83
10
190
12
883
182
71
266
190
75
353
28
4
62
72
1
8413
1151
117
30
3524
406
8395
4
175
564
864
237
434
80
24
125
19
11
244
721
299
323
11591
146
9
1794
58
16
25
514
3
180
184
133
225
24
165
30
54
944
107
67
12
609
61
13
8
254
24
116
266
244
375
204
156
1382
715
323
51
18
12
1255
653
2
356
706
922
69
490
2354
28
87
83
37
5369
62
238
125
9
25
49
179
3394
14
629
86
596
597
3
48
12
4
41
63
6
8
42
52
406
192
812
7
205
37
63
161
90
47
4859
319
173
44
710
665
131
583
50
57
567
70
287
19
65
251
3
7
25
219
404
1038
326
701
110
2697
277
135
2
437
436
79
91
4
47
25
35
102
1320
980
276
581
223
726
262
61
256
132
458
65
494
1497
696
454
169
573
49
5
466
449
116
1361
57
40
3464
569
777
28
597
6705
15
1852
24
318
1
6
98
1
12
249
11
300
4
3
5
230
300
2016
102
14
268
61
20
166
13
2956
234
64
22
11
2749
2
12
208
156
8
5
536
223
74
11
37
21
114
1
183
381
10
9
278
6956
37
2
25
42
32
210
868
6
154
602
1136
152
519
17
87
112
8
13
7
972
11
132
18
305
94
21
15
54
