3
147
4
63
51
165
6
56
55
2
39
8
16
7
8
30
3
47
13
66
3
9
28
20
4
274
44
1
56
57
125
10
57
456
31
94
1
22
23
22
28
8119
14
120
2
37
4474
1
2897
1821
435
24
28
10
138
71
999
24
155
196
15
234
27
10
1
220
22
247
10
25
82
1
342
60
8
19
354
7
7
67
1491
3026
26
12463
311
20
2
114
43
1
403
9
226
21
11
72
29
324
39
6
1
38
41
11
11
91
9
19
26
61
3
7
1895
40
163
4
75
1
77
24
11
28
62
38
6
1238
217
3
1242
7
13
1446
4
62
8
16
60
44
9
162
172
295
28
21
1
164
3
52
58
5
5
224
47
2385
148
17
56
6
5
21
4
17
30
77142
15
3
6
41
6
3
28
10
90
1
2
8
2
196
6
33
2
36
3
4
65
3
7
16
1
19
29
3
3038
2351
4
16
31
121
372
49
18
8
34
181
94
341
1
4
2
161
81
492
12
125
10
53
348
1
2
6
27
5
2
12
91
22
42
1
39
799
5690
36
146
36
10
4
10
1
35
40
118
3
6
61
40
3
1446
42
3
28
1
1
514
419
109
195
60
1
4
13
11
4
4
10
8
3
3
16
1
7
24
21
4
1295
69
54
4
10
147
5
10
42
6
15
2
3
19
1
17
18
1576
1
31
44
55
130
1
69
6
789
4
10
18
311
2
17
12
2547
18
26
95
2
1
5
6423
5
425
5
3
2185
328
2
1
32
11
12
27
3
22
63
6
153
99
9
2
805
48
271
40
8794
156
14
47
7
117
3
1463
4
1
5
465
1484
4
9
14
115
1
15
757
474
204
1
95
46
35
7
503
43
23
4
17
11
94
250
37
99
6
10
4
4
19
39
17
18
37
24
510
4
10
26
581
1
11672
5
27
1
42
39
57
438
613
11
18
21
284
318
27
26
42
57
50
7
25
3
79
8
44
126
5
701
54
108
625
7
39
6
22
14
107
487
5
1
17
21
68
49
52
15
3
7
8
3
58
3
24
240
82
40
1
20
101
142
123
14
1003
27
25
15
206
144
123
13
5
1
10
9
5
641
175
15824
13
1
3
346
11673
35
29
7
6
202
84
12
1792
10
57
21
293
30
13
3
541
93
8
333
84
6
6
1
149
20
8
2212
74
3
77
6
8
2
12
95
3207
531
5855
17
54
305
244
6
8
35
31
16
5
32
18
5612
162
2
61
2
126
12
6
21
19
20
2
349
119
1
6
124
82
1964
8
1
37
96
114
17
5
19
243
4076
7
44
1
7
48
7
83
1
28
2
185
130
15
15
1
88
6
6
2
3
4
7
14
18
95
7
4
388
8
12
111
100
371
68
5
32
4
28
135
37
52
10
2
62
65
7
49
347
46
57
56
25
546
134
37
182
65
39
14
72
294
70
6
1098
8
552
42
15
46
7
23
56
2
1
3
151
9
1
5
11
15
2
8
33
502
26
23
11
10
23
1
1
8
1
950
7
1
11
1687
14
50
26
36
30
8
33
52
218
63
14
128
147
33
20
26
14
2
2
1402
8
16
1
87
6
45
7
3
29
16
128
3
11
613
3
176
64
95
24
20
33
10
19
223
50
8
1
1
6
34
118
5
18
7
1
7
36
4
29
1294
7
247
3
6
1
8
43
86
1
57
696
7
43
1197
2
2
4
4
20
31
50
734
1090
342
175
211
1
200
11
3
203
149
20
264
160
46
10
403
28
344
30
49
8679
22
30
23
4
13398
492
9
44
103
1
14
1
17
13
477
2
2
7
53
192
2
44
1
162
35
6
6
367
1
210
5
2
1
175
14
133
43
1
1
5
138
1
12
363
1988
26
16
546
376
50
396
95
50
157
9
395
211
272
585
217
4
54
189
4
10
7
82
84
888
778
11098
26
215
29
49
216
229
564
27
1
203
203
216
229
14
211
197
2
4
13
52
97
187
1
122
456
68
273
12
21
51
12
254
30
93
157
2
1
7
32
163
1
17
39
1
5
67
1
86
1
2
631
3
2
1
29
40
14
64
2
702
1
80
14
3
112
4
210
6
11
10
6
2
1
85
5
49
13
69
66
46
20
11
68
56
31
25
99
77
9
34
5
1959
3
238
1
39
5
8
5
4
55
22
12
1
18
302
5
72
5
481
122
344
144
5
39
10
5
37
24
6
5
22
767
51
87
305
6
21
6
17
97
19
3
147
1
13
8
39
11
13
118
67
3
7
18
3
11
921
30
8
817
20
3
46
1
12
29
6
88
1015
24
23
532
22
20
56
1973
5
1
1
39
110
380
1
45
18
16
9
8
41
246
2
26
1
2
1076
1
58
38
39
71
45
3
7
344
34
4
164
26
84
60
23
230
112
677
11
131
156
3967
8720
19
6
16
11
1
83
12613
4
209
50
77
3
3
35
14
2
47
5
119
6
3005
137
86
3
12
1
18
720
4
19
91
16
4
28
11
4
44575
12
6
309
96
151
180
4
5
1
317
15
380
16
19
98
11
54
55
6
8
11
8
184
1040
6
12
416
5
5
6
143
19
1
2432
70
68
4
24
19
160
75
791
135
61
6
346
4
91
100
217
182
97
3
1
27
5
8
40
11
30
2
36
29
11
7
7
70
69
2
459
60
33
9
13
150
29
100
133
3
212
4
38
100
1
18
1
1944
13
9
28
22
3
1
56
499
19
49
44
66
29
9
843
3
9
1
4
64
4
9
32
24
5
825
123
42
86
19
40
49
50
15
22
5
20
413
19
2
70
237
2
10
19
1
1
6
1
10
13
1
81
55
32
32
51
2
56
217
8
3
1
9
11
3
955
1
3
5
1
100
12
428
99
29
1
1211
26
48
7
1
1
5
7
101
143
62
84
46
183
35
3
1218
26
4
20
9
11
208
31
13
55
1
38
1
5
67
6
5
155
9
52
551
1
40
14
18
1
2
32
3
26
263
2
7
3
23
51
8
33
8
44
2
30
2
4189
37
2
3
22
20
54
14
2417
27
16
2633
82
26
21
8
4
215
1
135
549
96
1
3044
36
31
11
6
432
3174
1136
13
18
33
144
7
71
1
29
1
9185
19
2
1
2
75
3
40
2936
95
2159
39
8
7
6
465
5
18
7
13
6241
19
15
27
6
6
25
25
182
136
24
5
29
80
65
11
6
6
52
2
9
7
135
1
219
2
38
60
58
32
1
7
3
15
326
603
133
11
72
16
23
3
4
12
10
69
49
2
75
160
4
84
32
5
7
4
6
70
1
1115
91
41
26
2665
16
99
3
20
98
45
2
2
21
5
12
2
13
64
1
5
18
58
13
5
782
234
43
12
27
5
6
4
52
13
28
56
17
51
1
51
335
217
65
6
50
3
161
269
45
15
1
862
929
8
46
121
12
118
18
62
6
63
28
21
34
13
198
20
2
12
87
231
644
23
456
164
2
272
16
79
40
3
8
71
368
62
1
37
5
1501
406
8
16
1
2
65
25
12
9
36
3020
14
183
11
9
53
8
16
44
8
49
49
97
2
22
36
81
48
14
27
32
1
45
48
26
1234
6715
28
3
1196
7
30
185
393
9
107
6
22
52
24
255
9
104
121
12
118
780
3
65
3
50
229
3
22
526
17
444
3
238
2
20
7
49
3
2
1
1
2
62
4
1375
408
32
10
334
20
3
1020
461
858
148
66
23
158
5
7
7
36
8
9
1673
25
802
13
390
21
20
109
17
97
85
115
504
17
296
31
9269
34
19
12
428
93
116
12
43
26
390
204
217
3
41
13
380
337
343
154
3
7
25
146
1
497
6
202
3330
59
53
198
132
15454
34
1058
10
98
23
204
31
239
20
2
8962
11
5
8
1189
1
15
17
10
51
290
32
3
7
12
112
32
1
290
2
9
73
107
132
5
265
8
49
30
49
28
1417
3
42
21
8
15554
3
3
15
30
14
134
43
9
489
54
1
53
10
3
38
4
371
89
22
24
3
1
48
4
51
11
41
28
2793
1
51
8013
91
1
4
2
3
289
31
19
3
3
81
44
21
33
7
88
90
1
1
37
53
13
8
61
128
2
189
88
1088
6
18
15
307
21
55
29
1
3
4
137
357
26
10
22
3304
2
191
10
11
1
51
62
7
10
30
2
4
260
88
6
95
292
240
5
19
18
20
50
54
51
321
91
10
4
6
19
7
176
49
4
155
33
5
2
1
15
8
19
22
2
15
3
491
141
26
59
29
3
3312
527
109
10
92
76
2
596
1
173
18
3
3
17
177
3
121
36
24
1083
4
91
11
195
21
133
15
1
383
31
48
2
16
20
2
40
12
11
9
66
6
6
10
3
19
3
7
8
15
123
19
29
23
6
461
400
9
25
84
22
442
94
1
11164
8
5
54
23
97
152
26
364
10
18
8881
93
154
106
299
3
40
20
285
24
10
301
7
134
7
234
2620
19
127
3
7
33
14
145
7
87
1
44
29
16
7
61
39
34
7
7
5
225
1
14
18
6
36
13
2
986
64
12
45
48
174
84
8
42
5300
27
12
863
43
19
2
21
205
992
198
45
2
6
33
48
3
24
2
10
4
13
4
57
1
110
1899
2
139
3
2
24
11
38
9
15
39
1274
396
7
778
8
10
22
73
3
24
36
230
3
2
11
13
15
26
261
609
114
104
1113
165
118
1
39
27
28
210
114
246
1920
217
221
91
229
216
19
394
114
2
6
218
124
73
1
145
9
217
237
1
45
1
5
9
33
35
177
156
97
19
5
966
4
2
439
1
821
51
12
22
185
3
25
9
14
21
495
1
106
35
75
8
81
4
26
5
84
2
1480
12
40
10
126
2
19
17
16
5
25
155
6
3
6
6
18
101
20
36
328
3
12
30
33
6
4
7
7
1
32
457
2
35
2
84
18
7
58
94
263
34
9
143
5
1
91
4
39
5
122
1
1
2
137
1
4
1
4
97
80
9
17
3
48
3
51
9
106
2
300
73
58
6
8
46
2
60
28
42
346
8
1
6
49
41
35
1831
1634
801
15
121
4
301
142
3
13
39
21
15
63
97
1
180
54
82
162
5
2
120
75
31
167
21
4848
10
379
12
3
2685
4
113
6
87
41
404
242
4
76
89
19
287
248
60
6
122
9
5183
1
663
25
47
508
104
29
127
3
8
9
8
171
19
80
2
4
2
276
63
4
22
10
22
41
33
5
1
1
3
300
24
10
3
19
2
1
8
15
4
3
20
25
164
22
12
29
3
27
49
55
219
31
88
9
25
485
20
30
1
5
180
5
36
517
42
6
42
128
3
26
142
5
723
11
1
57
4
4
32
17
34
60
458
53
33
16
44
92
19
125
119
221
115
10
1730
3
3
137
164
1
3
54
31
22
146
1213
28
20
5
1
3
5
2
276
79
3
1
496
4
2
2
713
457
14
120
23
36
29
532
7
120
5
613
3889
32
1
1
5973
47
24
3
341
408
24
418
24
112
3
7
264
5
3229
5
30
7
162
109
5
93
3
54
1
3
24
151
210
404
31
42
9
22
4
187
408
289
1
7
606
3
3
36
3
32
45
13
10
10
23
230
9
200
2
514
28
9
423
7
16
2
7
7
7
33
10
327
4
9
21
2
41
7
66
40
33
8
51
16
5
1
8
19
10
7
14
78
3
17
27
1123
12
6
12109
1
1
1
4
32
1
8
1
9
7
11
3
8
13
30
33
17
6
3
24
725
246
40
51
37
2
56
38
15
10
319
57
301
11
53
7
7
43
3
3
28
111
1
148
31
116
6
406
4
13
1
354
5
2
40
8
8
5
41
8
3
23
47
6
51
11
11
6
28
94
5
2
107
55
36
8
46
9
11
1
128
66
2
161
36
327
19
57
5
60
3
4
21
3
2
21
1
22
1
13
1308
2
212
8
63
49
5
198
5973
32
7
167
10
412
16
205
1
17
2
12
3
11
2
3
5
3
143
35
212
125
82
31
192
274
131
8
16
137
217
1
135
134
156
2
20
265
3
3
37
1
173
271
13
1
3
48
427
221
10
1
247
9
3
25
86
1040
76
29
36
7
16
644
62
3256
27
5
76
54
1
68
2
3
9
47
2
9
178
219
2
1
5
122
2
37
1
604
95
12
1
149
65
5
374
10
5
1389
3
5
135
4
259
76
5
1
1
50
340
1
23
6
1
120
2
75
538
2
2
29
7
11
4
137
125
13
27
230
113
311
4
57
78
9
65
2
21
6
8829
7
126
136
49
1
552
186
10
49
1
2
8
24
155
22
48
1
4
7
29
23
80
92
8
7
1
14
72
7
18
8
222
8
301
2
76
4
490
6
51
100
24
77
51
76
6
42
8
6
13
1
5
5
22
502
422
10
1
7
2
216
7
1967
169
26
201
100
1729
186
4
7
202
235
3
25
6
242
104
3
577
4
5
1
5
82
304
2
40
123
220
236
42
33
1
10
6
18
1
1
19
12
26
3
155
4
95
597
5
5
250
2
1
122
21
4
15
3
11
7
228
5
131
2
199
7
19
233
118
24
7
2
5
215
104
650
183
238
4
223
1
16
7
15
91
6
3
7
6
98
179
165
