1
27
6
25
17
7824
110
31
1314
146
16
23
87
2653
237
219
56
11
23
2863
11
21
279
2
58
341
14
202
11
1457
5
890
1454
1
1
146
28
154
3143
1054
30
9
4
30
2715
599
56
37
51
74
51
73
1555
14
1023
247
1
1
85
16
649
37
32
1334
3888
98
27
7
246
3565
115
207
471
1321
256
2
157
732
15
9
414
8
31
584
63
4
160
235
668
132
453
102
47
197
4089
179
46
7
236
167
107
872
261
14
552
22
1
61
273
830
10
99
4
412
39
1091
209
255
9787
5
23
11
201
64
373
144
295
1
611
216
283
175
157
22
95
283
1
209
259
17
434
20
192
896
823
7
219
212
358
1017
1117
121
10939
638
3
15
1407
788
806
1298
490
185
1273
638
24
175
300
19
25
195
157
866
17
791
160
15
32
69
307
3937
1032
201
137
818
473
160
27
21
12
21
218
5
29
127
662
229
29
5
10
211
6
1
63
7
30
31
4
252
47
2706
1
2792
160
23
104
761
1
2200
74
2
88
45
126
67
35
216
501
3230
376
40
1040
255
19
469
213
41
15
100
242
64
74
193
34
22
46
3
146
60
143
143
255
25
264
3
4723
141
1626
95
41
250
493
1435
281
28
4
4
498
127
395
80
582
2262
1
522
1864
858
137
148
22
111
36
324
2
17
1209
182
245
59
118
1358
50
262
812
504
46
176
640
128
18
1006
595
3388
68
155
15
132
3
148
615
334
44
15
2054
1
51
20
1625
1
285
461
74
1
80
16
124
556
23
674
261
30
143
218
35
15
1270
44
1
379
1117
1
262
471
35
1676
214
168
680
189
1837
31
841
32
45
380
21
38
286
260
1
213
732
164
15
240
385
35
23
275
7
84
128
653
250
1625
852
557
1
2
209
338
2
126
852
59
1
76
438
435
62
227
301
283
273
393
412
278
316
260
275
377
35
259
606
128
1
306
1082
267
129
1
271
618
261
423
306
122
281
218
266
296
258
426
268
228
92
257
