2
32
6
5
8
51
57
3
10
4
6
1
9074
23
7
9
10
765
60
13
6
165
5
4
139
6
9
19
29
24
1
11
17
48
62
67
24
68
14
10
81
19
77
18
19
26
442
54
25
38
75
38
517
18
9
8743
97
243
312
742
208
61
7
31
84
106
5
369
159
237
43
6
17
107
62
529
166
1
76
21
4
16
12
24
223
33
79
90
42
43
2
58
11
75
398
49
31
218
702
43
1
136
20
3
5
17
113
28
14
11
67
8
689
1204
267
33
17
772
170
128
106
204
6
4
247
61
107
9
93
390
131
59
12
14
46
1
118
4
113
368
45
2
133
73
33
23
3
139
1599
171
323
4
47
595
27
5
385
12
115
330
44
185
735
17
130
611
85
26
10
297
29
1472
29
57
712
168
692
4856
22
39
197
67
39
328
89
9
196
82
26
631
717
1831
35
229
126
125
131
712
349
40
65
159
19
4
12
44
142
327
282
6
3339
830
381
736
306
532
14
132
285
51
38
1303
278
24
70
232
12
286
110
258
98
573
349
450
1121
24
1041
359
31
13
84
154
306
171
28
5
567
639
48
11
303
1298
1178
3
22
128
2
3363
82
4
33
652
13
330
1680
557
548
41
663
1898
20
52
10
768
123
42
69
18
52
356
1
27
158
1097
23
29
1911
88
80
16
159
56
28
10
21
1
243
10
32
19
191
56
81
183
37
1621
178
913
17
135
574
10203
67
439
111
1
59
586
2492
1050
8
6
762
4303
679
334
277
2007
393
764
159
1556
123
188
2270
587
359
193
9
2952
897
181
1305
522
1760
23
396
15
420
277
175
441
512
54
210
38
82
3170
276
200
10
533
100
125
262
445
76
6
13
58
165
63
21
24
42
53
41
365
63
41
117
19
1108
104
268
39
148
48
302
335
467
64
323
1114
92
55
76
28
120
23
251
4
103
53
21
2283
191
236
426
46
62
228
558
3317
2571
36
388
7
119
93
1249
189
130
492
287
747
192
362
267
110
4
54
68
99
381
986
5
70
257
2
107
264
1575
5
8
439
373
303
511
504
58
29
29
30
495
68
899
26
918
222
537
35
331
36
199
38
107
51
416
917
464
47
53
108
182
2724
191
4
1322
6120
97
72
533
813
2809
28
243
498
1257
579
547
5
158
1
38
124
283
136
3
16
282
31
1
104
372
110
306
10
1790
94
59
87
78
89
383
667
227
411
74
79
65
646
49
15
21
2288
10
13
6
8
7
13
11
302
507
49
91
154
1
175
67
157
103
40
58
132
11
8
3381
238
483
470
458
52
69
408
32
223
402
397
2086
33
229
45
13
61
51
73
94
123
337
4
882
226
6
43
629
1351
43
90
334
30
335
350
225
125
343
26
687
10
278
399
480
152
478
35
16
166
149
270
465
31
48
8
165
256
1377
691
26
320
6419
19
338
396
571
1465
244
902
178
1921
10
154
316
9
487
413
569
25
64
8
65
245
23
5532
84
176
256
329
657
278
445
61
159
213
337
303
161
187
1512
101
66
1275
45
67
76
3888
23
74
69
458
234
79
666
228
1616
211
583
895
1610
15
359
18
217
141
732
282
395
4
13965
390
1831
158
196
903
14
588
118
2
98
178
131
151
155
269
136
55
295
302
1091
108
33
14
126
1781
82
155
8
1126
127
29
100
275
370
14
58
864
142
1652
270
301
54
236
677
1415
940
284
85
120
727
41
71
76
8
7
266
105
652
229
4
381
64
8
121
333
229
28
42
155
779
2347
386
28
238
76
516
156
106
22
5
34
32
33
153
26
449
851
81
35
357
267
688
39
7987
45
201
22
1169
2
300
653
15
33
15
791
118
22
108
279
3
47
133
4342
44
5
39
461
24
63
10
458
86
13
16451
50
207
40
207
707
209
1
162
53
21
493
85
37
10
341
96
229
644
500
135
455
571
1275
367
1106
51
193
31
720
47
94
14
1
50
1
177
77
933
13
42
32
17
89
12
1917
84
115
17
88
1
587
465
202
176
5
28
183
254
2134
53
5
147
50
88
18
220
55
53
2290
380
109
192
3
3686
1679
8313
29
201
52
2615
243
200
108
4
6
91
624
173
4142
35
154
267
80
19
382
229
2776
10
40
826
155
57
183
77
1173
319
236
1
13
149
237
66
10
181
1
247
75
88
165
188
873
565
17
214
73
317
284
180
936
196
278
11
341
774
17
18
130
5012
60
548
53
33
16
1
66
6
45
138
1020
142
50
10
157
163
222
3
154
287
107
71
554
738
42
202
246
210
127
343
16
57
587
38
1321
1360
19
299
27
106
178
2034
121
20
504
940
432
588
288
1402
54
188
112
119
5
7
246
7
5
45
1521
821
144
2458
225
2
2
127
300
211
87
486
1903
23
153
121
3041
301
67
699
159
121
9
167
8
47
2436
242
14
299
31
45
72
213
321
20
633
157
45
8
24
233
5
280
3
177
13
56
1226
214
106
536
10
138
371
96
427
8
54
642
448
54
22
1716
146
151
96
1572
174
75
6
191
114
198
432
36
1153
83
66
175
76
235
287
184
2
303
61
160
848
383
386
170
170
1846
535
207
1311
5
35
1379
374
1534
586
7
21
78
181
28
12
40
351
8
265
1
485
42
24
849
5
13
5
27
161
42
9
47
568
1406
126
325
20
97
443
7
45
56
362
285
310
710
6
856
2325
104
18
13
1
112
305
140
52
1268
139
22
1513
121
269
81
6
1029
1003
597
36
6194
803
71
87
78
1412
400
110
354
73
78
114
694
406
105
109
83
263
91
76
590
161
22
16
13
1166
514
146
98
4
126
183
936
52
353
786
382
96
7
2
35
871
95
97
88
179
972
22
45
673
445
292
135
552
370
285
23
759
90
35
327
620
74
15
465
11
102
17
19
1163
30
2
553
109
1684
319
386
40
79
2002
127
3566
431
33
26
81
2581
1
1253
108
1203
14
1918
1179
41
145
47
220
176
228
140
1175
396
638
10
75
15451
36
239
4314
688
221
206
27
769
1058
639
334
591
371
550
989
959
1
34
231
142
49
32
636
40
653
652
301
288
1342
554
10
601
314
7
12
599
117
147
90
224
3089
78
209
391
169
11
52
310
88
4
657
321
437
749
640
4
722
710
3407
2
193
16
83
14
163
8
2523
1220
63
3314
100
626
574
122
28
492
52
13
302
345
122
12
181
287
6
90
57
3
122
49
33
461
119
515
221
57
1404
3
249
1548
29
78
49
144
71
95
73
101
11
4
463
1
163
1170
45
78
63
517
71
444
82
275
276
47
75
1382
32
25
58
1749
119
460
1154
70
1078
112
551
134
31
91
25
389
5
79
230
395
153
172
603
2074
193
94
46
17
39
54
115
314
55
11
86
225
14312
3090
42
674
8
395
364
1
100
84
160
158
446
44
1470
45
1
108
1219
781
683
36
141
41
684
283
579
50
62
162
1388
107
2
226
168
1314
208
101
15
808
94
555
3608
49
231
96
14
36
1796
2
48
1
205
100
596
76
47
1735
212
116
1029
97
642
164
315
7
24
140
874
71
193
96
259
801
2365
27
18
40
87
3
60
291
50
55
6
258
74
28
38
81
48
321
433
862
907
178
992
589
145
37
125
103
27
3983
193
28
284
137
106
357
134
360
17
21
1295
98
54
186
67
5
145
10
67
444
356
240
17
3
102
64
646
1083
21
263
656
174
153
15
10
169
31
76
453
96
394
6
85
132
1733
529
3474
16
33
367
15
228
132
581
344
1162
1199
205
181
366
48
181
74
3
5
26
282
439
104
13104
68
172
31
35
233
14
152
43
44
719
2148
58
663
40
460
22
36
382
1604
150
107
41
1058
1
268
230
502
44
9
224
132
135
283
93
84
53
416
129
29
200
6
90
375
16
93
295
576
90
41
14
2037
686
1062
29
679
254
59
32
142
818
442
128
83
45
9
2807
9
219
67
111
2
16
81
149
135
507
6
56
148
60
927
76
5
135
393
109
1188
28
6
1912
315
707
216
346
109
21
15
292
69
166
67
45
49
595
258
73
415
280
15
146
12
105
4
25
1462
468
91
912
1
2448
17
5
26
1193
2
81
107
195
162
189
2
3836
982
199
1035
4
142
564
422
18
360
341
643
393
511
137
458
3
146
240
193
327
808
41
89
17
222
516
25
239
398
468
352
74
92
86
500
41
601
92
1962
233
80
104
273
29
68
1
93
55
328
49
3
12
80
6
2
308
77
98
13
148
93
41
158
67
948
36
1058
601
375
52
362
1529
170
1137
1438
377
357
51
118
418
2164
77
63
255
1
228
40
316
385
520
778
1156
116
234
255
760
33
36
17
1526
2436
95
2
5
256
139
5
26
1438
24
553
87
150
944
693
57
1572
197
28
4
421
94
7
576
294
772
501
869
38
125
633
24
42
342
186
352
550
139
42
10
312
12052
65
335
746
27
168
12
23
9
11846
341
7
3
318
455
17
35
1288
783
177
360
291
77
201
206
880
200
5130
22
3
54
124
377
17
130
3
71
147
7541
445
444
677
4404
10
2
391
624
113
63
90
3838
6
128
5
36
1084
305
332
10
112
149
7
3
125
55
2
41
152
147
151
219
26
180
335
111
178
1135
6
132
252
1938
345
164
1996
81
1
41
433
482
642
1122
215
1286
35
944
23
166
131
718
6
14
94
70
35
203
1
1077
798
4
16
314
78
16
222
8
123
22
14
9
123
41
47
58
46
131
131
1178
31
625
16
124
1216
161
225
3
17
74
113
5
77
29
94
182
265
10
1
1590
126
3151
62
25
1445
125
4
1809
50
640
10
2252
16
63
220
3
428
10
61
492
209
202
160
95
8
526
37
616
87
386
1495
410
310
403
676
109
108
53
17
505
18
2945
45
109
1
1
531
504
78
164
107
1764
468
102
285
128
8
7
1094
2024
281
85
98
353
145
45
19
67
17
786
1177
164
270
235
1071
241
16
238
637
249
461
4
292
37
31
53
186
107
52
17
21
198
31
145
14
59
10
58
89
2357
640
217
202
372
58
27
198
406
35
300
452
233
203
536
1595
47
12
14
75
354
19
60
1
27
41
183
553
21
278
31
133
82
2548
27
23
6157
190
28
19
133
91
195
208
3994
153
290
5
1532
319
154
85
114
287
21
176
99
66
206
28
1649
4763
376
754
69
2220
52
123
64
278
846
303
215
279
29
226
709
2647
2368
572
57
223
392
98
1377
10
216
102
395
91
295
107
9041
198
948
193
11
112
138
76
152
65
3962
6
4
20
5
40
116
23
76
44
14
1065
959
78
751
74
204
120
14
2
10
46
82
62
42
490
2
127
12
1
482
30
5
14
73
647
109
3282
15
189
1
217
20
360
581
170
23
43
2
96
803
310
4
36
30
8
76
166
154
40
323
752
27
67
183
6
80
182
4
65
28
491
40
17
469
40
298
39
32
39
33
12
1060
307
73
3173
4
13
6591
188
83
335
78
322
37
30
132
260
740
44
429
605
36
108
830
120
73
17
355
49
63
7
115
41
30
204
55
14
9
150
591
22
913
9
445
5676
4
18
404
217
21
1
52
2216
408
30
188
55
14
7
193
44
194
2
27
115
74
105
47
1798
192
196
212
227
20
424
1841
125
153
245
64
142
184
168
2221
1493
4
213
118
4
809
12
116
83
3
6
68
28
572
212
169
16
42
183
47
115
274
1550
103
168
104
28
107
44
7
104
33
3624
67
96
85
23
205
206
61
93
4096
4
561
16
66
147
6
503
15
9
159
1308
330
47
116
164
90
2
188
107
33
294
500
2
270
441
206
2104
4
5
2307
4915
191
391
16
647
40
38
62
465
4
327
135
227
123
136
38
147
35
18
7
47
177
96
15
62
97
53
579
829
58
3
1222
409
103
820
316
958
45
29
184
135
570
408
396
114
84
37
2969
7
161
11
205
9
49
105
15
158
162
260
1559
804
848
115
44
448
37
3
238
345
613
42
34
10
463
33
1315
6
10
781
103
215
90
176
860
4054
931
64
2
185
12
196
26
686
112
12
138
3
1720
83
198
55
79
4243
320
24
979
219
308
430
2
17
156
916
13
133
312
21
926
51
1609
80
27
57
1663
19
5
354
316
492
123
1445
5
406
2
9
21
727
80
875
105
79
134
764
40
2
1317
105
286
20
31
11
33
35
777
514
11
131
47
80
446
299
383
19
222
347
95
373
386
235
330
276
144
18
100
103
3544
369
48
1103
241
2
544
1627
759
472
48
108
175
385
205
56
43
72
400
49
368
783
60
507
141
24
236
782
53
1902
837
39
120
139
396
2105
1694
201
293
237
504
511
99
37
12
125
67
110
64
26
6
14
714
58
78
55
13
332
20
1271
16
102
835
105
67
176
183
54
45
76
159
98
1
105
23
162
9
369
351
179
1561
1
261
228
4
534
199
161
16
57
191
60
201
116
59
78
156
57
815
90
783
1134
1139
31
102
55
81
1335
31
1099
36
92
275
756
38
275
63
166
46
113
22
252
504
10
598
97
133
144
286
147
401
308
404
25
31
183
214
610
135
1300
69
111
322
4
517
495
160
334
3479
44
19
1
271
57
39
68
130
1851
32
82
13
387
8
13
7
287
4
2642
103
99
59
1085
17
40
634
81
2326
485
12279
1105
473
37
71
139
278
34
76
37
415
838
679
488
161
49
366
20
1013
1416
473
1224
376
161
1005
200
13
38
133
91
267
5
85
27
84
156
112
1719
1186
199
51
824
81
1463
290
350
16
57
524
161
9
94
143
398
1
25
225
147
9
440
8
224
45
211
93
7
12
152
16
91
22
43
29
19
290
96
442
53
247
55
58
2447
43
745
980
182
90
225
136
2007
774
2567
167
154
116
295
66
74
214
187
169
336
362
323
18
963
244
2571
3031
501
519
482
81
589
490
759
127
95
1521
2355
1230
646
2290
44
265
83
1266
140
836
401
139
59
28
44
89
1193
48
1195
51
15
13
122
11
226
17
265
26
424
1679
144
66
42
21
149
77
196
384
7
30
2407
47
296
153
240
57
813
12
191
71
912
133
1628
258
2
173
38
40
6196
62
136
702
165
708
429
925
52
80
32
5
411
45
131
686
4
5
314
123
4
16
192
521
161
733
146
539
340
2963
91
42
219
41
170
13
426
13
147
62
7
1673
22
12
34
126
35
150
118
985
14
693
427
638
2
759
476
1059
401
507
146
230
279
4306
643
596
55
11
493
109
227
2517
176
186
30
96
1448
213
1154
1
1786
426
559
1003
57
654
749
299
223
46
1222
48
3160
721
200
492
87
1604
328
181
906
101
27
3
462
37
83
569
139
6
356
623
262
786
926
122
13
85
71
243
70
17
402
454
62
292
1822
56
244
98
34
133
214
2470
201
304
18
1
31
86
104
147
214
451
181
305
609
44
251
213
390
2
20
628
50
299
52
36
16
334
632
139
1386
99
704
20
2246
132
104
358
150
1093
249
322
44
32
31
49
33
240
58
1158
64
270
1801
341
182
1204
231
1557
26
468
42
143
52
17
242
69
154
256
900
436
239
48
77
174
36
267
48
10
1176
116
443
110
1256
79
383
352
844
1904
508
22
191
3633
375
261
1100
251
1961
1272
930
150
78
84
226
250
41
57
3048
86
220
526
70
327
46
35
159
102
549
167
146
957
7900
585
954
41
427
305
85
122
691
122
39
77
156
21
484
98
357
437
2485
535
978
71
2498
776
287
479
39
1845
1
284
28
24
224
146
79
3196
495
855
60
21
25
1943
114
232
297
486
23
18
98
43
50
45
431
28
12
28
228
472
290
5
78
424
660
270
559
66
103
97
158
11
110
223
24
1149
793
261
77
173
49
44
283
146
3414
1146
119
18
81
66
22
1029
463
337
32
38
55
22
266
203
545
290
301
123
244
73
118
26
281
16
216
18
263
321
8
114
277
47
2729
79
29
620
29
24
88
151
39
1394
74
108
64
155
576
277
14
15
80
60
944
150
14
204
417
296
21
1378
55
56
144
1205
48
69
909
3
109
70
106
209
9
395
86
350
214
605
397
560
156
37
217
30
375
147
82
16
391
31
459
129
92
110
218
648
12
386
67
59
5
444
802
275
82
363
1084
126
2872
3
50
62
10
4
114
83
33
84
282
322
269
222
451
20
1029
132
2702
37
139
72
493
908
700
861
74
158
4
993
26
3
179
39
246
27
31
96
232
61
726
285
137
624
43
6
1000
464
153
146
56
135
10
115
11
328
670
14
399
115
10
267
1172
518
920
16
16
21
88
11
3
197
302
91
6
82
2430
7
345
2
746
30
113
17
25
45
658
12
5
33
15
170
70
71
364
510
416
434
8
426
47
319
84
128
16
83
835
204
122
2
507
36
46
63
17
721
449
341
69
3
19
6
187
689
2220
577
484
118
33
153
815
26
5
7
141
993
2182
33
95
50
4
102
810
119
1266
1978
2249
679
3
96
71
155
22
67
7
804
576
12
34
82
1
53
413
26
104
13
895
427
319
252
1937
154
2428
569
300
246
60
1240
443
51
58
443
44
1768
23
16
152
287
5
49
101
374
170
1018
87
222
858
660
3612
417
67
63
1018
123
17
40
896
32
1
29
75
156
21
746
51
59
63
1
2
69
61
25
360
651
125
32
103
238
1176
178
1061
101
45
8
605
319
26
96
33
263
4
104
331
82
91
11
608
218
40
272
132
74
296
482
106
67
215
194
67
288
48
41
983
121
820
143
1
4
37
180
273
13
25
207
24
39
1545
20
6
322
23
52
10
107
18
10
1586
47
81
1304
243
772
20
1032
181
34
198
56
619
18
26
24
27
144
445
3
1572
22
239
48
163
52
151
317
9
24
221
237
173
134
2
214
89
671
9
13
61
17
121
334
33
118
425
220
28
112
158
8
30
42
196
66
46
1028
429
159
315
7
1625
22170
376
6
9
1804
2
1298
417
177
355
3
859
1
2
1358
783
128
1
195
11
137
518
33
311
350
822
439
17
235
59
122
1878
69
144
9
191
144
102
1622
161
665
23
140
61
64
180
13
32
1727
233
4
687
47
24
308
9634
249
40
125
1
207
75
241
518
30
229
91
18
9
189
189
25
155
1130
134
1550
233
1674
34
64
476
139
46
7
72
148
83
10
42
99
568
51
37
6
5
29
1978
475
161
1187
497
58
6
266
13
27
4
16
580
46
118
429
83
133
135
213
7
16
129
115
6
1134
576
112
2139
414
3
27
40
13
19
97
11
51
34
308
2469
17
85
21
5
232
87
144
240
333
425
55
7
46
28
60
119
42
2321
61
246
14
55
136
316
321
285
49
536
64
348
590
4
167
3917
591
726
230
30
53
113
21
76
27
1176
163
41
171
5
139
91
543
130
3
26
41
2091
29
51
321
281
1269
294
42
46
45
128
172
17
1104
1
38
94
63
43
167
7
60
33
264
502
399
40
350
420
55
135
68
11
1
480
126
434
121
157
38
84
36
33
26
880
130
64
36
18
31
3
37
55
138
59
2356
358
60
308
1927
34
30
16
266
97
415
26
341
29
91
272
22
166
195
169
1242
105
7
29
80
284
18
450
113
3
354
129
57
15
982
2453
849
220
52
230
5577
123
5
1819
35
43
18
217
1
630
649
19
999
119
322
268
58
10
540
965
147
21
96
106
50
259
24
199
401
511
830
126
141
28
61
110
1887
128
134
638
342
34
666
24
239
16
39
185
17
374
1935
582
1047
112
379
463
27
518
15
2474
1
566
74
159
100
544
65
139
31
556
349
1958
328
53
21
40
182
170
154
656
264
134
1180
46
89
5
1757
6
321
32
5309
709
389
53
125
473
438
676
460
24
359
872
12
108
182
17
450
19
102
35
401
33
52
30
666
1361
1641
182
495
5
516
189
580
74
508
55
55
17
1058
50
102
537
30
591
4
100
1433
102
29
1614
142
2
739
261
345
2285
81
211
55
2031
161
1193
820
6805
1062
280
170
20
10
43
277
30
4
201
393
2
1143
241
963
452
118
178
1476
356
10
101
37
553
582
141
848
30
295
775
1268
299
237
311
4
330
54
227
107
75
195
712
238
661
573
174
83
53
149
106
28
17
238
1070
123
405
601
257
488
1547
14
1628
254
74
44
78
173
67
493
46
814
96
2648
793
149
257
234
665
431
228
380
5
13
50
1841
83
640
142
811
36
195
264
23
144
45
310
452
345
1
201
31
157
73
60
410
55
6
63
274
4
10
28
4
319
25
47
389
151
375
825
44
107
8
82
229
545
104
25
1023
140
797
7
4
51
390
161
379
12
145
76
24
23
93
55
74
11
34
167
396
165
124
54
883
24
385
221
10
266
162
86
3
19
63
233
859
1589
100
39
462
206
845
127
1513
341
65
165
24
90
166
12
8
575
9
32
15
3766
897
376
49
140
19
72
860
25
39
2031
1861
37
172
537
48
295
433
330
72
69
60
195
178
104
300
965
16
756
932
112
150
1
588
103
14
24
89
33
44
352
7
394
19
103
157
112
81
343
264
111
160
28
5
848
7
41
37
47
98
62
4
146
102
1020
2118
183
77
320
22
57
66
519
7
904
353
2688
39
89
1693
4
50
307
238
282
363
18
104
2
19
196
21
223
7
261
14
13
712
2541
4115
379
136
10
82
14
6
230
432
31
30
64
830
41
3
98
728
774
77
161
68
282
253
145
96
183
70
59
1236
7
1624
85
529
647
25
59
1738
87
40
179
1
20
439
19
21
79
782
579
498
27
107
72
363
402
5
4179
156
226
9
4
285
891
415
108
43
63
1133
3341
925
414
42
72
438
1170
12
592
15
3
196
95
202
248
98
447
37
146
121
7
25
390
161
119
958
357
119
721
393
7
354
1940
45
477
4
297
247
36
51
16
76
351
16
404
69
191
21
498
9
1
4494
136
317
122
682
17
74
317
123
92
2289
140
644
158
145
2096
156
16
114
80
1078
395
57
670
3303
548
10
93
136
1011
28
122
594
31
45
113
3054
32
155
38
1074
176
286
1000
346
144
4
16
2038
753
236
18
298
658
511
120
130
222
1310
5
118
652
1235
108
528
83
577
38
80
768
59
21
75
53
41
1299
691
229
66
207
40
5
19
18
5278
136
188
515
267
166
16
22
413
64
1670
130
22
1407
9
95
848
166
195
48
140
149
7
39
152
833
6
33
388
284
1159
14
646
270
6
25
6
308
31
26
107
212
64
93
783
186
1572
110
19
249
173
29
127
116
141
230
108
29
492
27
243
75
255
118
120
1522
222
71
310
244
13
250
177
7
3
198
813
32
181
155
352
77
366
283
33
53
474
1608
678
11
354
65
616
38
629
2792
4679
2
864
11
37
71
478
367
47
128
26
179
249
1572
42
2
323
258
223
359
13
52
65
103
126
605
19
7
16
729
28
110
9
77
12
95
110
15
172
88
425
176
597
1
1458
27
98
367
698
49
1464
313
248
78
1
17
21
23
780
150
389
1745
143
348
130
33
77
178
448
12924
317
575
249
3496
46
557
83
236
40
17
37
42
4
648
111
344
17
146
50
10
505
1505
16
24
21
11
500
31
78
152
212
14
417
2396
152
19
38
58
898
179
155
85
387
75
665
32
900
24454
133
15
39
1154
218
11
6
600
677
99
5
74
302
747
46
168
44
116
81
2
50
74
366
73
852
40
122
288
493
91
5
1068
426
405
248
312
8
16
125
163
275
795
499
1617
44
217
6
211
36
650
159
384
37
36
359
98
512
69
2018
2
152
79
560
216
745
158
193
903
311
176
3
159
528
1657
605
117
84
478
265
271
186
96
60
28
531
2031
115
1101
1415
164
2970
179
6
3
244
102
1228
1338
3177
28
18
3
35
1221
473
23
248
5
55
114
707
1146
1947
52
752
91
284
38
313
1047
488
1029
1007
63
35
917
4
62
1623
197
66
2075
593
1015
49
231
4832
56
297
320
18
366
15
50
272
153
298
138
300
1155
190
2
104
27
665
2
1681
57
63
1164
384
720
102
2
484
1916
64
682
191
61
187
531
278
12
1949
161
503
958
41
275
55
412
100
996
969
21
41
104
314
199
228
228
45
12
16
146
51
2540
4
104
28
55
67
66
64
488
140
26
142
506
23
521
41
379
15
1259
296
1579
303
74
229
5
25
326
58
55
40
22
58
6
44
91
1006
176
863
194
270
113
21
412
39
18
11
104
252
229
997
332
861
191
739
750
124
542
869
24
640
192
16
1
135
84
62
21
5
47
518
583
502
86
487
234
462
803
249
797
115
441
111
195
62
666
4658
1602
371
69
511
450
31
118
52
46
168
931
1660
2111
214
168
1075
1573
29
9
34
46
5677
299
26
382
1497
825
102
10
28
1331
540
456
7
67
67
34
65
727
436
26
703
267
106
32
41
359
1533
10
57
249
47
252
17
22
639
44
2812
129
448
221
584
132
464
264
422
1546
1509
148
294
214
79
132
289
71
1371
25
27
34
6618
2183
803
2536
2146
7230
85
1642
299
115
2733
146
14
1187
2418
347
772
169
333
353
65
338
587
332
35
32
574
657
22
100
1311
729
194
100
794
12
5
203
710
12
205
801
5
31
2144
155
331
41
3336
374
129
1742
2740
81
59
335
294
63
7239
1664
6
22
19
382
233
361
27
268
4
277
386
525
36
72
1
203
831
290
98
259
134
761
26
120
10
2528
178
74
107
175
51
554
447
75
57
141
345
1112
120
461
391
1496
94
1231
1225
181
555
43
18
4
804
27
105
89
51
1787
25
136
268
2521
405
142
127
11
75
1604
78
457
203
2806
777
233
12852
451
1070
487
302
939
1666
277
207
370
359
586
309
133
35
119
111
218
9
576
175
593
128
437
500
120
287
3
421
293
576
4
105
11
230
2
269
315
568
99
397
60
366
101
161
55
290
15
27
35
165
47
70
522
551
921
108
3469
27
223
248
659
1
162
1
26
132
35
9
104
51
427
156
7
21
169
36
1998
95
2
256
611
64
482
96
3
117
58
337
145
480
1574
2
994
1733
209
105
36
207
100
1968
15
58
2279
176
885
182
197
971
23
1220
426
109
8
12
1
1
269
305
513
126
146
410
860
289
9
1020
64
2932
435
100
252
1000
1021
145
287
26
151
321
7
813
4064
60
1331
2809
2602
4551
58
671
27
75
1294
322
233
43
214
1995
50
159
4252
79
165
19
373
826
585
8
2
58
1289
212
203
8834
57
146
16
1628
420
63
155
164
9
239
34
88
513
664
202
2347
1436
605
42
279
44
1441
200
13
481
32
1240
64
36
2899
10
787
788
303
22
2429
3026
535
40
1987
993
231
1161
2103
241
33
208
307
98
1
90
528
52
276
11
6
11
1461
135
963
366
1340
267
96
32
380
450
666
208
875
59
109
1143
1208
132
80
898
37
356
133
51
1602
803
738
1977
16
426
56
140
22
1116
1555
422
870
243
4
1750
302
41
25
1441
96
2
433
39
136
60
44
311
553
970
2120
104
155
377
1733
418
1
501
25
81
219
841
199
1054
760
1938
963
12
1819
8
527
73
370
106
11731
755
11
773
129
65
531
768
31
305
1833
167
379
3789
5216
48
1026
228
74
515
152
889
2543
230
71
21
727
190
191
525
135
82
136
57
302
14
101
29
87
343
177
1573
206
34
72
968
1896
175
65
209
9170
1064
253
12
569
606
156
2358
128
807
60
453
1615
11
72
16
4856
113
1650
202
394
68
69
212
964
331
3613
1233
234
1173
572
188
301
167
539
34
62
190
106
550
28
3
250
44
152
524
13
846
25
115
99
212
38
75
66
3
811
289
1004
3
196
61
112
14
538
135
89
64
101
7786
14073
1988
369
5
52
12
685
6786
2475
213
446
310
244
438
318
43
6044
1021
1246
1
133
41
2556
2390
44
28
77
457
9
660
152
55
1363
75
301
237
272
16
258
37
567
7501
43
201
18
484
476
152
1
1714
2657
732
240
41
9
2015
161
1406
161
583
3
39
293
410
12
6
585
24
6915
1222
210
753
20
733
1140
302
361
90
236
24
1088
884
1198
301
201
494
465
119
21
277
322
44
157
179
2176
1444
260
62
2
146
7
424
2424
46
1810
101
593
1091
392
1
595
208
1840
393
118
1024
503
28
6
2
282
7
323
325
474
44
248
5752
144
292
335
175
22
342
422
42
71
525
211
80
9760
640
158
13
537
4270
72
45
1794
287
2834
353
73
4
959
99
348
682
7202
258
26
18
49
795
676
7
895
105
120
1055
7
21
2284
797
3016
4414
1933
373
1781
1
30
651
182
396
111
480
28
1331
292
1582
1076
1885
675
20
63
422
508
430
68
247
35
246
27
2008
17
120
339
95
1897
1727
78
241
791
42
105
1326
11
438
709
626
2223
429
71
167
269
34
597
525
610
47
317
52
396
1322
422
228
2551
77
58
1026
601
5
3165
259
49
6
11
441
156
253
553
122
575
615
431
144
305
245
39
307
504
34
24
141
374
893
491
856
47
630
902
109
6265
12
547
855
1860
4800
126
28
1014
577
341
25
59
890
32
6711
25
78
25
90
711
283
30
2470
880
29
7085
2426
44
548
353
82
1
585
243
204
120
812
931
537
146
392
263
1524
26
48
205
221
7
183
448
2106
276
429
59
270
153
516
43
75
1391
1928
136
261
586
610
126
75
110
6
574
2
1003
16
367
203
377
187
1481
8
244
72
47
379
2887
1343
94
36
44
190
6
31
623
148
817
148
133
2
1112
1795
9
124
47
3070
1291
496
411
177
68
90
573
78
39
107
101
1040
6
2069
134
201
369
582
3879
4063
2270
107
275
494
6342
310
102
272
810
3699
2633
5
309
1097
1036
2024
178
751
927
2998
40
61
36
3349
548
450
4992
336
521
3203
1590
53
89
8279
57
49
2485
510
1074
608
241
133
130
136
605
68
575
112
261
28
227
230
5
1181
45294
325
290
389
43
184
15
12
491
125
881
418
86
515
93
29
2083
949
771
487
15
193
251
1097
79
277
59
495
204
1352
192
1431
81
14
724
92
337
961
1323
32
103
198
134
197
624
20
10992
123
3
677
331
836
38
1849
11349
2
169
968
215
234
242
473
17
91
3
645
881
699
43
7
171
235
33
69
4
4014
33
617
2246
363
1376
3639
748
100
246
10
844
3795
16
328
1473
1405
991
51
20
1340
24
550
3062
281
1299
33
392
237
213
3610
7
181
1177
91
231
646
479
32
2
693
43
893
22
50
103
27
350
162
1461
385
12
40
9
32
5490
650
558
242
151
499
136
473
2
173
934
9
72
40
600
377
769
3
219
280
1404
442
17
974
254
188
59
248
294
67
110
263
2659
23
64
834
464
39
18
11
595
46
60
74
705
151
473
1896
458
3
375
3
610
1013
1836
4005
875
156
22
894
39
110
156
176
2
759
12
5
8
174
442
1576
123
326
385
237
108
1837
30
184
101
767
355
52
184
1635
467
15
257
435
40
238
34
38
50
120
18
4
493
260
207
6
310
790
47
176
69
128
209
3
159
101
238
442
1290
110
1209
5
104
107
23
935
7
1225
14
429
7
92
102
1225
187
53
7
69
157
265
2241
334
36
60
191
160
11
415
30
6
601
1445
197
2932
34
700
74
332
8
174
108
172
37
2162
57
1107
9264
1034
591
3
241
104
242
41
473
630
59
106
237
188
205
201
391
6
1042
1517
254
19
113
641
48
56
166
472
500
933
44
292
1306
1599
1338
221
158
755
116
459
171
198
899
194
615
5204
923
79
10
188
28
69
283
58
362
160
2
53
524
332
334
6179
2
246
623
541
393
2117
231
3273
89
48
2811
142
308
49
312
123
60
1108
1918
75
108
193
45
73
9546
62
753
1061
3308
58
649
1696
39
210
1229
553
20
77
43
33
358
9109
394
23
2319
26
84
2385
7
296
383
651
11
514
349
24
505
223
116
12217
750
408
473
5
236
98
119
546
1184
128
58
16
707
148
258
197
7
1961
68
247
1345
506
77
578
1831
225
722
27
16
3
58
8
1352
499
42
131
55
745
321
632
450
29
86
421
1225
147
40
5206
139
158
113
86
35
226
803
14
1477
459
733
259
696
93
1629
1212
1354
275
60
806
27
21
70
40
304
395
1660
105
119
5
322
592
66
99
340
212
392
168
150
36
2014
1295
112
274
2
17
316
131
88
6
1458
237
227
1511
111
3094
26
1642
3278
72
247
153
119
12
7394
1347
139
393
797
11
1305
154
576
963
264
35
3323
152
2204
710
119
4
279
42
1637
961
219
491
2006
40
278
341
34
581
40
40
106
142
97
530
1079
283
235
188
1166
1681
29
944
75
839
1
101
2490
41
37
44
40
135
532
111
187
25
192
8
285
72
106
209
10
449
154
49
650
29
120
91
1008
540
137
145
1797
18
27
134
14
1
1680
92
81
284
262
6365
80
59
52
35
535
130
107
21
90
52
463
761
8
1
367
140
1111
5
1433
412
30
15
42
464
36
110
11
86
197
1
1505
4456
358
34
189
99
233
30
412
8
243
16
23
371
181
37
480
280
30
106
227
66
91
259
1331
257
48
22
7
41
1104
77
37
212
152
106
273
12
53
18
17
40
435
5
242
162
241
28
2996
66
232
417
2256
66
13
79
1482
1789
38
1094
1074
228
580
528
344
7
4
70
648
2
7
7
33
778
273
85
11
93
25
662
202
216
5
72
1646
305
313
327
3
2833
269
40
1276
340
554
228
749
25
1719
242
160
94
17
12
485
885
59
38
15
344
33
16
149
29
199
72
258
219
1
77
1
138
49
47
198
388
175
1498
647
10
556
9
14
47
34
4
329
9
1146
170
220
123
3
259
56
713
151
123
230
3192
4
432
568
354
3
365
427
122
783
210
204
135
538
405
920
59
1227
108
223
96
94
65
353
464
50
8
313
478
57
284
93
262
62
135
51
1
3
661
299
479
17
91
65
19
3
34
24
26
885
451
8
1176
71
7
272
1037
837
259
265
807
76
194
249
8
1397
15
550
9
1901
224
77
370
50
11056
233
515
590
139
166
62
67
21
709
70
96
482
458
62
1
175
30
57
21
1049
16
43
382
81
833
421
410
1200
380
863
218
1107
541
221
824
56
196
130
99
266
381
5
779
157
1
103
15
756
64
174
49
243
1489
1
5
378
10
41
69
214
53
5098
399
2197
245
3
5
924
56
96
101
26342
242
2462
282
7
10
22
37
55
304
362
523
82
207
35
526
330
99
163
305
779
3
383
89
4
594
175
14
150
20
129
399
20
13
378
1663
15
21
29
311
35
163
115
96
651
31
175
961
337
1031
39
2591
641
1100
959
520
172
201
989
540
556
1157
197
498
905
11078
154
74
1904
187
281
96
156
70
714
4464
11
7
727
285
614
1
3
52
325
8
21
55
526
3
1065
316
361
535
738
197
8
1749
68
17
269
153
2228
19
738
22
397
129
365
22
187
