11
20
2
91
133
4
1
36
1
51
222
90
72
3
45
219
1
41
85
14
27
7
8
1
1
1
10
123
3
480
6
4
1
22
1
1
182
1
1
1
281
1
230
494
228
218
180
127
221
212
12
188
117
91
25
240
221
1
50
183
218
141
4
1
1
45
276
6
205
1
8
367
82
2312
1702
325
217
217
9
1
16
1
41
2
1
1
960
136
1
1
16
2
217
210
71
61
1
1
287
160
7
1
43
222
231
95
226
15
7
1
1
1
27
128
206
18
1
92
122
56
66
94
6
248
1
1
2
69
1
57
1
20
2
1
31
8
37
238
228
375
227
146
16
124
251
91
1
187
12
210
1
16
21
90
761
221
129
17
8
191
95
257
219
215
603
35
1
120
76
309
431
4
1
169
211
20
1
215
58
126
95
393
87
119
154
103
