122
25
1
132
2
159
30
80
13
12
367
116
104
313
17
10
250
14
10
20
123
14
45
12
127
217
31
81
25
75
1
1
2061
11
246
103
136
1
1
95
331
283
4
5
61
6
20
7
33
1
269
259
5
20
3
1
33
152
36
78
23
148
127
1
183
6
1
198
100
3
54
51
162
2
183
3
1
115
200
32
4
21
12
140
192
28
221
61
73
141
239
9
4
13
22
1
160
214
67
38
6
23
969
15
135
175
226
1474
39
490
185
79
148
619
200
63
368
185
4
3
587
1525
14
12
13
73
37
16
3
14
271
247
115
30
15
30
14
46
24
46
22
176
33
17
2
88
11
69
30921
431
24
95
154
73
8
241
144
4
15
31
1
7
187
81
1
193
14
105
15
27
127
35
6
523
106
5
137
369
49
78
8
3
221
42
134
86
655
236
125
184
59
8
274
15
1236
68
108
2
228
35
47
356
534
255
31
19
189
24
151
7
6
38
232
34
319
20
318
109
335
59
16
128
279
34
1201
2412
9
281
381
168
199
1
260
1
244
17
100
477
60
278
61
114
443
95
11
18
25
173
150
91
22
11
15
38
1559
1
274
17
151
15
2
4
3
11
218
9
3
325
126
15
43
9
11
4
2
20
186
6
61
31
1
12
3
136
13
12
186
19
12
5
4
33
207
4
12
44
4
2
31
18
26
140
15
12
20
5
11
2
9
12
16
23
46
8
13
10
4
17
288
4
157
158
21
309
51
26
4
3
10
185
1
37
23
203
4
4
7
9
10
1
107
192
82
6
4
40
3
10
50
7
496
21
8
18
13
27
7
79
47
43
9
156
13
21
182
3
1
11
12
53
73
97
5
3
27
9
5
3
10
198
68
17
100
43
829
14
302
14
236
353
81
138
39
4
365
75
29
15
29
333
264
160
7
79
200
473
1
24
42
70
35
31
160
146
48
82
1
85
47
94
261
18
3
60
25
268
17
84
141
157
296
49
29
511
13
846
33
92
27
147
6
11
22
81
314
276
14
47
2263
1
565
14
853
1739
59
79
15
3
183
171
25
62
447
34
4
70
14
117
41
17
153
4
49
3
107
15
1
973
11
291
512
230
11
2
442
16
9
8
203
27
20
31
98
127
353
143
102
199
90
340
77
12
318
143
141
63
119
127
190
30
21
17
6
31
6
28
21
296
167
92
50
62
22
2
318
13
465
435
22
31
27
52
331
69
480
340
381
83
1
32
1
378
7
25
150
294
6264
6
21
11
25
95
27
550
5
149
23
75
1134
17
409
21
541
53
1
21
40
67
92
152
6
1
314
70
10
34
6
174
282
67
179
28
22
74
457
610
810
37
242
127
333
21
3
290
483
2283
92
8
117
229
311
237
8
38
2
9
18
49
24
14
54
4
7
161
1
129
17
171
34
3
11
76
12
16
1148
187
6
94
29
23
176
173
36
18
12
200
26
173
47
24
161
437
24
11
37
84
48
52
447
98
211
22
3
6
60
481
264
93
289
13
47
1
351
60
8
27
44
61
157
7
209
604
149
10
2807
1
1
323
88
10
12
16
2
489
423
25
91
1327
1044
72
47
125
7
42
19
12
3
258
22
152
7
36
69
43
15
155
48
90
62
167
34
4
1
69
361
6
5
20
135
162
1
18
362
7
6
7
11
177
3
113
24
7
2
131
17
40
329
24
18
58
17
134
157
13
14
63
27
874
43
77
17
2
8
4
11
3
322
218
6
176
17
1
43
86
5
1
28
244
86
305
7
1
216
126
28
95
92
267
30
178
13
193
51
26
26
2
1
182
83
730
6
161
29
87
50
34
5
1
138
1243
3
97
1038
204
170
1
154
399
40
41
12
87
3
164
162
118
51
7
39
3
30
27
3
300
13
8
16
8
82
1
91
299
171
2522
14
184
257
39
1
85
9
30
667
16
17
2
17
25
8
1
5
376
21
391
588
36
157
4
199
243
124
15
41
6
264
1
52
5
1
148
2
14
9
7
226
2341
3
8
72
35
126
125
226
225
138
390
251
322
755
692
150
95
230
40
90
265
153
120
44
293
155
199
258
21
509
275
129
23
252
275
124
152
259
7
215
219
200
1
269
1886
3
48
271
36
83
293
3
25
63
142
4
44
91
1
1
17
82
2
3
14
158
5
524
174
47
4
382
26
29
181
50
47
18
36
636
37
6
20
6
220
54
152
2
1
12
228
6
160
6
4
1
11
8
29
17
392
822
410
199
3
60
136
33
3
59
583
175
42
24
112
200
3
41
399
3
4
87
68
377
241
23
6
75
93
637
7
5
7
13
167
10
115
271
36
15
15
617
42
388
886
71
2
3
11
71
26
401
3
76
52
241
444
77
19
81
129
172
104
132
92
8
394
1
8
292
804
255
20
91
33
11
254
5
325
90
79
388
542
3
153
169
182
5
1
30
1
122
10
11
19
117
28
23
109
4
62
42
13
6
401
5
18
7
6
78
8
220
7
271
283
79
33
116
9
2
32
12
9
150
231
194
91
54
88
348
10
404
6
15
461
144
42
63
36
17
58
4
405
3
9
38
8
4
167
41
5
5
243
114
24
1
6
49
247
27
48
94
123
367
82
42
124
134
172
18
120
996
180
30
24
3
56
42
471
7
381
3
17
16
44
40
2
247
1964
7
1
135
93
20
15
93
5
45
43
3
4
130
1942
214
144
1659
684
32
15
14
5
36
616
172
9
42
880
13
4
16
4
4
16
1628
185
6
28
45
350
91
15
26
61
10
336
43
2
14
17
6892
6
987
88
8
71
853
287
21
34
1
10
209
10
8
305
325
6
307
20
11
240
13
8
98
186
5
92
88
239
25
543
8
77
4
266
1
52
27
83
8
281
26
426
4
5
3
2
135
14
9
316
118
320
95
645
49
11
20
5
959
8
572
3
1
1
216
6
97
84
6
14
15
21
247
250
3
465
12
6
30
4
45
13
28
146
4
34
7
56
646
10
84
61
60
24
8
25
210
2
6
1
180
5
185
347
23
20
6
2
14
24
2
26
443
166
14
301
11
160
159
2
282
5
190
15
106
3
22
7
13
21
34
1
2
224
7
8
6
16
4
57
7
2
1
1
270
6
17
320
17
16
8
6
192
40
2
5
38
64
57
159
4
515
94
32
193
2107
1
39
90
26
362
20
17
270
33
36
64
1
188
61
131
4
44
31
101
16
68
66
65
4
23
5
1
1
31
98
94
202
1544
14
32
190
7
136
10
46
35
34
7
10
48
38
38
378
88
278
78
38
5
13
49
24
63
14
270
3054
176
5
151
33
46
196
13
342
3
86
119
40
41
27
32
6
25
32
2
250
5
39
71
2277
213
3
24
153
64
10
14
38
46
22
329
13
23
390
32
431
42
1318
1
49
169
199
607
38
14
7
19
1
282
22
111
13
45
2
237
226
2
26
14
216
651
5
25
1
3
37
181
1
12
112
12
15
17
220
36
3880
17
286
18
383
199
48
5
4
8
2
285
30
4
75
412
13
5
154
9
30
265
23
3
10
48
21
164
5
276
76
12
70
178
13
6
4
17
68
335
52
317
252
23
10
215
39
103
35
1
2
75
11
347
13
224
12
831
25
36
255
210
8
112
298
105
161
242
132
320
165
180
17
17
3
85
63
83
10
19
7
20
4
69
8
174
1
303
1016
67
146
10
5
3
54
153
6
12
10
8
26
143
1203
131
30
48
28
7
4
441
14
62
242
25
51
3
6
39
72
44
108
484
165
155
18
265
148
8
231
15
11
10
503
17
22
73
19
131
26
79
207
169
32
8
2727
49
1
88
234
342
6
14
18
159
96
1094
16
22
2
1734
35
40
741
214
14
4
3
1
11
25
134
58
155
41
341
102
152
2
12
26
22
20
31
9
14
57
290
28
15
261
100
1
38
97
3
171
308
13
7
43
181
37
5
189
10
29
73
6
17
19
128
23
303
175
3
12
1
147
5
36
1
4
6
18
8
27
19
431
54
701
3
91
4
42
21
25
439
138
4
40
24
65
49
31
33
12
11
118
239
19
4
59
4
19
442
10
120
192
23
46
247
42
14
115
36
88
2
42
43
427
324
16
53
574
1166
39
15
59
25
21
284
204
3
17
155
27
326
447
15
24
16
1
10
28
279
1
7
373
180
225
113
311
331
46
10
45
32
4
6
47
366
486
212
206
2
5
98
18
53
13
174
55
12
844
20
213
13
16
99
3
43
7
9
34
4
2
63
78
47
34
1
5
6
65
171
1
268
4
25
6
2
1
446
146
12
183
177
42
41
15
74
16
151
727
159
92
95
39
101
9
28
22
26
11
130
76
24
26
15
124
26
58
15
153
247
19
5
32
109
301
279
65
12
2
210
31
155
7
84
21
1108
4934
123
73
72
6
29
88
60
263
2
42
2
11
4
14
3
90
8
94
63
431
66
28
10
20
1103
141
32
38
5
5
156
30
566
48
4
42
81
15
49
2
68
208
944
14
14
390
68
21
152
535
1255
1
11
739
10
31
68
4
30
1
18
53
19
14
3
454
123
43
116
93
3
37
1138
23
5
5
21
26
95
290
41
5
38
30
8
125
12
42
17
83
1036
15
14
31
92
184
220
429
3
139
95
165
279
199
133
491
192
248
216
42
4344
197
4
1
284
42
1
125
25
287
420
457
248
10
11
228
5
114
555
85
268
166
172
6
636
103
22
44
27
202
64
55
41
16
114
259
51
7
11
131
7
2
153
183
156
8
272
293
712
9
62
433
7
4
48
14
2
93
294
93
162
272
109
42
846
391
1203
7
59
50
27
49
521
10
206
82
3471
5
22
202
3
155
95
151
77
12
5
16
7
184
7
33
102
3
332
3
8
9
209
10
223
1210
147
7
2
60
108
550
14
1505
15
1
520
756
17
280
115
214
159
27
41
23
17
8
273
221
18
9
1
1185
7
2
20
1
490
95
81
27
42
13
5
48
112
21
652
12
22
1052
82
628
41
719
8
555
107
94
1
2
104
22
2
10
585
95
1
15
77
399
215
2174
20
41
8
74
25
10
1893
70
27
288
97
115
470
144
33
9
2
554
3
17
171
1
34
1
11
202
8
22
482
11
9
19
6
656
1
35
231
1
47
3
2
24
335
29
143
181
10
338
14
21
80
344
492
37
82
1
452
1
3
14
13
14
998
154
28
42
3
11
15
37
243
150
9
316
163
5
27
42
5
12
373
1
22
20
5
155
18
428
6
1263
102
139
32
3
7
20
209
81
155
150
41
24
25
1
9
19
2
1
82
99
60
4
3
8
33
7
12
193
3
14
9
2
9
52
163
279
1083
2
292
2
175
468
3972
129
52
32
3
91
7
24
155
136
84
2
1
155
597
374
30
221
32
13
309
7
259
12
39
384
3
5
19
10
8
1
10
14
24
22
233
3
517
64
12
157
10
9
72
16
29
138
20
85
264
301
16
33
19
217
1287
117
33
160
9
5
9
26
464
174
8
8
503
15
70
9
141
416
3
1678
205
149
13
10
62
1338
2
13
11
992
81
11
283
355
130
4
832
6
10
29
15
23
21
10
29
9
64
9
26
198
3
8
274
742
41
31
678
46
1
9
314
2911
3
2
17
121
48
22
115
15
42
74
62
796
246
7
21
26
28
68
205
376
95
13
269
9
1
34
340
2
60
121
549
524
29
63
53
199
5
206
312
92
10
651
20
44
3
3
2
29
72
23
386
3
16
4
224
21
242
23
2
93
282
315
1
7
104
54
50
69
376
49
672
464
20
164
223
22
11
5
7
28
64
329
20
3
993
18
1
4
6
4
14
492
573
9
17
157
29
347
11
12
159
1
824
1158
7
811
11
133
10
30
6
105
10
4117
86
328
978
25
46
8
7
6
171
49
23
79
5
8
32
35
7
3
215
96
126
884
235
18
12
25
219
1
1029
25
302
2
6
22
39
121
164
1
137
16
5
3
80
60
13
21
131
14
57
9
4
889
7
3221
13
759
93
237
27
44
5
49
2
53
67
226
229
117
1
211
35
2
12
11
67
89
374
41
10
11
166
4250
29
41
398
202
212
43
22
8
335
333
95
103
1
537
166
396
199
4
20
15
8
351
7
8
7
53
274
2
13
1
7
76
104
1
1
9
234
2
147
32
121
46
1455
1709
12
141
95
1457
897
29
528
128
13
58
71
13
46
4
133
16
197
398
23
103
31
1
286
5
12
13
1
157
30
295
48
590
1
285
105
11
31
217
4
1
219
192
92
371
73
3
21
23
374
26
120
5
201
33
12
51
7
268
189
66
62
11
260
74
6
620
337
573
8
253
200
453
95
162
7
318
34
31
19
45
278
5
17
87
262
1
20
2
11
51
9
107
10
20
35
214
2
14
30
5
7
14
2
5
113
102
142
26
170
7
2
42
45
120
336
1
1
364
17
170
8
638
5
44
441
89
445
128
3
6
8
2
5
128
155
428
30
167
4
91
32
5
88
6
5
2
2
104
70
7
2
635
122
27
2
108
1
8
135
45
28
290
37
121
132
27
6
5
3
282
171
11
30
28
39
29
3
40
662
151
156
121
85
24
12
28
38
53
208
2
192
6
140
7
3
1
155
4
266
3
224
285
199
7
304
43
234
407
337
120
33
122
12
9
368
112
225
136
557
496
211
7
3
218
275
166
280
23
84
322
559
49
22
6
33
326
14
27
26
3
6
129
26
171
4
151
43
352
1
1
242
