18
23
14
3
83
15
12
33
22
6
249
5
56
2
1
21
19
31
15
33
22
90
27
53
12
43
195
29
125
43
2
17
35
216
26
4
78
5
2
9
32
5
13
59
22
20
3
9
33
46
11
16
912
350
2
4
1
2
25
4
70
8
19
35
30
23
68
3
10
6
3
2
150
159
193
571
25
7
9
13
39
5
6
125
9
121
3
3
50
9
2
7
241
7
31
65
10
81
29
55
10
4
237
6
15
8
43
15
46
11
20
92
5
9
193
22
14
5
246
24
1
1
8
444
2
21
32
9
6
393
8
2
3
8
2
47
54
341
14
26
58
11
10
29
2
88
18
19
217
20
13
27
71
67
293
29
4
22
5
26
28
63
20
21
4
68
215
1
10
6
144
21
291
11
23
16
59
15
32
134
13
18
127
26
5
57
5
15
97
246
23
246
38
141
17
610
2042
125
214
921
11
3
19
3
29
91
17
25
52
13
68
13
7
59
20
248
30
4
328
23
17
106
6
42
11
307
1
5
23
52
223
4
11
10
250
49
2
11
9
13
63
68
63
5
52
28
43
2
2
24
1
107
93
22
6
1
44
3
13
17
38
3
78
10
43
11
14
5
19
92
470
17
40
5
5
22
32
27
80
75
369
6
4
10
23
93
104
2
216
1
11
7
43
52
143
7
4
40
47
2
18
6
19
6
2
25
19
8
14
16
153
30
3
8
9
922
19
46
20
112
33
162
1
2
33
6
7
10
1
10
11
1
22
13
40
12
7
2
39
100
7
13
36
22
31
4
6
115
198
12
17
22
5
19
120
6
12
35
19
14
15
208
384
35
25
261
81
26
1
68
58
43
7
1
19
14
20
8
34
33
2
4
29
10
471
12
65
48
11
47
35
1
268
4
145
52
3
59
20
22
29
14
13
171
308
13
656
1
3
25
35
3
52
23
8
26
173
34
49
5
18
132
249
140
14
8
38
117
13
3
8
8
17
1
310
30
33
16
6
3
1
13
3
12
16
3
17
4
23
15
6
51
6
7
77
8
2
14
11
2
20
6
43
100
6
2
22
2
43
220
10
51
245
4
34
45
42
26
1
61
21
263
