1043
12
21
921
1
41
202
35
12
336
1
1
805
36
21
49
30
1
2434
39
1
9
12
259
2
1549
153
514
710
235
74
311
168
160
53
106
7
260
48
112
247
57
1681
191
37
70
34
27
119
41
21
2
92
18
1
32
32
45
60
10
57
882
36
1
17
201
15
76
349
1352
119
163
642
69
1196
170
134
108
141
51
734
250
87
2411
742
119
138
565
46
37
669
213
591
22
252
355
250
123
949
94
108
28
2482
6
76
89
3631
115
1
906
126
25
147
138
3791
115
889
433
941
357
126
94
429
8
149
745
262
947
57952
106
9
1
71
14
27
69
1129
235
20
632
1623
207
17
4
690
263
50
165
42
1934
305
2
14372
34
47
50
438
394
9
1158
279
53
162
311
831
1
138
1
4
41
4
1
64
851
733
20
232
25
1408
1
766
412
51
239
25
173
976
258
148
388
1508
114
22
306
11
243
52
637
3
217
372
595
3818
242
4
33
314
14
578
2
125
82
563
196
430
35
231
48
481
54
56
1577
55
671
8
113
410
1154
20
367
13
7350
1136
70
298
315
306
184
110
932
3
1935
888
13
1016
1
114
292
208
55
54
1100
1396
57
4
1347
68
59
1042
5
261
3
105
92
5
13
4
3
1196
654
58
833
23
111
7
43
624
114
2610
129
96
127
267
19
209
32
145
483
1306
2
25
27
661
146
29
67
133
119
156
1461
1857
7329
61
84
85
76
423
301
319
158
25
336
177
24
81
1
57
89
1073
106
271
38
3
133
27
539
352
654
3218
873
17
153
73
301
129
4554
2
8
1
2997
1020
21
342
880
12
99
1323
192
302
14
178
99
68
15
22
152
1
237
217
790
25
271
138
201
146
21
10
2
48
50
39
1370
61
47
199
48
8
544
1623
19
44
1832
9
26
65
249
381
41
1116
187
8
1188
23
34
261
891
109
1
105
44
63
1
1
1
151
1041
851
137
1236
4
870
1035
117
19
837
374
1
244
1
125
246
53
18
82
10
6
165
292
96
86
94
5
31
42
15
141
646
8
129
84
234
277
233
2
2059
2213
3064
30
647
51
4
1
130
113
6975
35
880
54
27
21
606
1
111
579
13
923
735
1205
112
35
1
4
5
22
1468
17
311
1643
1444
253
118
10
987
8
763
121
706
153
264
166
735
36
688
681
716
60
403
11
13
1190
189
26
860
213
104
163
31
1
879
336
95
1
223
409
1
37
77
271
957
18
54
1120
189
78
707
1
3
54
653
5738
194
594
4
86
27
158
47
142
34
44
319
955
25
72
1707
258
1
20
15
83
803
54
19
337
23
210
1
57
1822
99
297
97
44
161
34
289
352
388
127
107
1708
35
2358
381
1
48
794
11
753
9
34
50
113
865
220
165
1505
69
13
420
93
13
503
1
17
631
141
3637
148
743
578
9
810
723
1010
131
232
22
229
866
954
44
20
899
1449
96
1
199
33
52
67
22
222
1
87
478
6
57
460
59
563
1
167
85
105
170
26
220
926
150
911
486
242
643
2568
176
214
55
44
154
85
80
50
1281
249
41
9
88
59
1
1
19
1700
900
52
27
8000
5
183
1
612
643
80
17
117
541
149
2
80
82
143
1040
3
102
62
82
22
54
539
9
249
89
784
1529
521
194
1
24
30
98
92
11
90
26
44
360
702
33
45
72
5
14
267
3
17
579
35
65
138
580
36
5679
841
72
810
1012
7
519
15
54
360
116
1
23
61
248
64
208
160
441
1022
3078
410
1
13
105
392
701
689
349
157
42
3735
1570
1720
4
9
91
5
131
141
234
1321
27
143
1079
114
13
1024
346
18
24
22
46
30
47
9
49
65
2759
75
311
3903
118
219
36
12
1092
791
50
23
66
1057
274
74
441
137
47
6
1011
1634
162
540
124
26
104
134
1331
76
66
515
456
531
10
937
40
2237
259
107
92
7
1779
2
46
482
441
15
135
90
160
105
684
1158
41
102
733
46
1
3274
102
59
78
92
53
406
1004
45
26
311
87
26
104
38
253
73
43
664
79
95
312
65
1766
2
48
44
336
144
61
2
2
1056
49
163
37
4138
89
364
21
124
73
49
7
196
189
1
247
270
783
33
43
669
48
42
32
112
72
31
142
1
22
214
28
70
564
313
748
78
12
115
178
213
35
4
84
203
31
27
1
11
78
122
55
4
9
1169
394
1
1357
120
81
19
737
94
150
22
129
37
14
122
81
58
13
109
4071
24
994
529
7
31
277
1
852
42
139
78
111
759
50
17
57
198
24
18
39
17
4
27
588
67
530
461
706
2
69
52
75
8
1452
347
211
216
1855
15
3
346
24
73
2
240
1209
643
246
221
1251
665
71
93
21
15
962
954
87
24
44
375
33
426
98
371
320
100
2458
249
698
29
919
74
31
230
53
21
1
1
74
456
157
349
75
886
24
2719
126
19
12
3
16
50
116
628
187
1447
9
181
44
4
93
26
4
45
390
1185
128
548
806
11
1
45
3
35
995
1
689
25
1082
1130
577
86
147
38
364
468
70
6
193
48
241
2289
31
70
196
21
48
402
2
8
18
171
92
356
1120
15
27
2458
16
717
133
27
38
1025
625
1374
358
1274
25
194
739
1
158
219
15
106
267
116
21
88
130
207
1
1
14
348
19
99
10
9
20
1
93
132
85
5
39
1041
19
1
41
649
4097
1
124
57
1785
6
105
136
258
356
278
46
99
478
28
72
19
62
326
47
18
9
18
117
107
288
65
38
778
507
102
104
1752
1429
718
524
33
612
11
1
1
4
1
659
698
8
259
1208
279
12
229
2476
164
355
772
764
535
609
232
1339
139
7
19
109
901
42
1794
8
3420
27
87
104
100
72
2
136
15
251
144
39
684
43
51
14
742
2554
186
4
1599
52
9
15
1142
968
1157
840
166
415
434
1
86
16
1
6989
203
6
280
313
96
1
83
435
56
252
55
4141
440
1
135
29
143
41
72
366
46
38
359
1339
1143
444
61
337
166
1318
125
99
7
249
1472
242
4698
135
1761
22
15
1294
25
249
912
102
33
74
1331
90
249
20
6
484
201
642
38
5
86
633
329
60
157
121
6
250
383
629
15
4555
531
23
165
33
43
34
561
5
1
15
8
31
20
776
510
72
6
64
84
1
1
