425
50
79
13
30
394
107
31
177
21
24
2
27
347
6
13
1
69
120
28
164
8744
1
69
49
64
158
170
27
871
155
166
22
61
63
14
286
14
14
144
26
14
67
4
244
104
84
610
38
40
13
281
36
65
225
17
63
78
800
179
13
19
138
23
30
55
612
177
51
26
17
68
13
159
166
39
29
51
108
32
49
33
69
38
68
385
34
57
29
3
16
597
54
27
241
128
52
3
35
18
183
431
215
13
12
5
142
55
13
32
11
36
48
26
353
42
23
78
16
1
32
27
84
27
12
61
33
56
129
46
26
64
332
37
198
1
90
24
279
76
147
1
74
70
10
791
100
28
92
14
417
12
293
2
13
122
14
86
19
58
38
32
33
25
436
62
33
319
62
239
25
195
421
13
150
174
31
54
63
17
43
1
79
26
9
113
5
42
135
390
283
114
28
16
7
67
29
1
173
62
18
98
75
15
41
27
44
33
101
16
28
137
51
32
125
104
14
3
11
12
29
269
2
84
157
138
5
50
18
28
37
75
26
15
52
15
71
13
30
167
571
29
14
28
88
14
20
23
13
3
237
263
34
77
647
241
401
35
171
127
41
13
29
13
59
51
69
311
50
121
42
13
40
44
55
13
223
33
48
23
107
28
68
370
24
14
51
117
67
19
129
275
53
30
12
37
133
13
39
64
88
224
54
246
431
202
1
3
12
91
16
15
15
27
186
265
19
73
157
30
191
38
46
27
38
41
30
138
9
55
4
112
20
21
80
123
326
1192
42
178
26
12
141
9
14
42
19
2
261
51
42
8
33
237
48
260
84
44
499
145
573
203
12
350
87
15
138
265
200
28
129
27
148
9
29
2
23
11
55
9
130
1
15
3
4032
64
147
63
264
22
105
387
3640
246
255
224
636
40
1
235
39
26
16
213
656
29
255
24
1
409
53
65
138
21
13
346
83
9
47
64
496
16
1
279
475
1
80
4
185
124
641
13
107
50
34
15
28
47
168
17
82
128
407
54
58
142
77
9
74
31
60
66
26
697
17
62
66
25
10
42
4
58
314
66
13
14
26
38
1
17
32
26
52
294
16
37
31
57
15
181
17
44
105
32
13
28
28
220
13
73
6
5
47
22
3
88
16
88
24
52
29
13
1
1
171
27
110
5
61
1
201
83
30
16
14
107
36
725
13
79
14
73
333
81
13
14
25
27
159
18
5749
13
188
50
14
271
58
20
46
1
14
29
1
625
39
69
16
15
14
35
31
11
9
40
2411
70
138
15
1
64
63
34
101
128
28
222
293
246
84
15
55
129
35
42
27
96
94
437
113
12
58
14
176
81
4
30
1
214
14
65
2
1
15
141
112
11
24
39
19
54
4
1
2078
41
364
13
338
28
57
11
135
30
31
33
15
52
28
3
104
58
217
64
60
40
3
117
183
1
13
11
26
266
58
22
17
171
72
28
42
5
8
34
38
100
98
52
90
99
1
139
23
170
111
131
118
848
221
620
27
497
81
617
16
29
88
139
126
24
7
81
27
217
11
1
40
622
14
141
170
5
16
167
199
5
53
174
21
191
3
223
2
12
6
114
58
114
226
244
212
92
13
40
59
44
138
45
107
36
19
178
72
695
61
367
2
29
119
166
70
58
149
263
248
26
120
58
4
18
27
158
167
87
26
17
46
33
14
4
27
97
711
12
1
138
15
294
14
54
106
17
182
4
182
13
84
138
101
807
50
94
476
13
76
174
25
9
12
1016
3092
50
53
15
185
182
183
12
63
4
38
28
27
185
85
333
3
56
185
10
39
1105
65
2
122
19
16
124
105
55
98
282
52
70
119
133
55
71
20
14
17
99
13
44
58
360
14
107
14
90
12
112
38
26
17
40
58
56
89
78
8
17
16
16
281
83
39
18
1
29
35
26
24
898
75
13
50
53
335
399
66
96
31
21
58
289
54
56
9
915
58
15
46
122
56
34
200
163
22
12
122
37
31
256
52
82
183
48
29
265
4
95
163
157
14
71
46
238
591
13
8
140
274
6
5
13
185
5
33
41
2
115
288
229
31
32
14
45
35
83
160
14
116
15
316
18
106
18
111
183
5
119
25
359
14
28
6
26
5
44
37
96
93
70
57
391
70
797
13
370
125
264
250
17
