83
69
11
423
146
3
479
48
52
25
96
35
686
47
18
43
43
115
165
68
3
20
32
85
25
40
6
25
23
11
481
150
36
4
199
59
512
327
189
159
24
24
129
107
44
190
72
1159
1044
66
111
7
182
3
461
7
37
199
4
213
634
78
82
136
35
250
469
737
25
172
27
23
126
411
51
4771
220
67
55
21
4
31
133
29
45
170
122
8
10
25
22
1
276
195
874
144
27
6
16
59
299
7
1
9
98
281
22
36
731
800
1446
33
4
30
438
28
67
70
27
2
44
76
587
41
294
813
37
114
646
65
283
57
5
15
8
61
8
257
364
499
38
12
59
401
9
49
10
15
79
7
70
7
63
1191
122
10
78
3
50
604
294
362
344
147
69
32
295
92
4
17
3
373
227
36
26
55
38
278
91
51
30
88
18
134
120
13
16
1
32
40
48
37
30
384
22
168
155
130
26
13
14
86
19
25
11
63
26
24
173
63
36
4
154
401
393
5
126
21
50
301
200
23
3
36
194
12
163
26
12
54
632
13
17
40
18
153
8
20
70
56
249
15
25
67
10
87
1
817
25
52
78
86
55
310
61
22
34
36
52
130
34
44
620
19
201
47
38
47
18
14
65
8
129
93
24
27
17
4
4
43
4
19
73
31
288
156
9
146
2
104
116
15
522
148
51
314
45
9
92
24
1
73
105
90
284
16
6
14
79
76
26
327
74
454
258
147
131
134
226
95
76
105
56
55
6
70
227
94
45
11
201
91
20
23
31
110
46
316
81
10
118
139
16
151
60
81
142
33
144
5
25
99
28
353
50
236
21
238
109
6
18
15
14
11
338
87
42
36
258
33
34
80
77
56
36
3
165
71
133
5
110
91
553
38
442
70
40
381
39
12
108
144
160
2
54
280
19
40
29
197
69
7
4
117
205
55
26
6
55
140
383
6
57
65
233
45
39
70
67
8
43
206
260
88
56
10
1
68
22
24
427
212
3
50
9
4
96
190
53
161
25
57
9
76
40
3
240
17
2
13
46
184
17
39
38
118
11
181
93
53
88
12
11
123
193
695
37
116
1
27
276
23
77
1
6
200
70
56
6
55
37
11
10
9
12
281
100
34
460
89
8
28
778
121
7
80
152
11
13
78
22
676
93
55
1113
582
107
180
380
97
113
9
37
12
39
97
166
27
28
4
281
27
2
83
27
18
10
80
17
49
276
12
749
216
207
24
165
20
52
608
55
5
6
15
348
10
184
292
16
238
36
294
71
106
144
145
7
14
67
238
49
583
851
154
66
94
58
34
61
41
11
94
1372
118
34
332
91
11737
50
38
137
229
100
14
7
49
68
77
753
106
55
46
110
1052
82
138
241
21
27
133
12
59
3
50
36
103
25
10
54
201
169
25
17
3
141
147
8
77
18
24
219
22
7
19
93
80
9
14
5
2
115
31
19
33
35
173
37
77
322
110
72
190
121
55
65
6
8
61
26
7
5
54
38
277
6
63
32
19
32
37
77
89
90
397
92
1534
135
511
61
5
8
24
256
7
23
40
51
25
88
3
596
66
215
183
111
121
51
127
25
104
19
119
128
5
485
36
324
49
14
9
656
7
60
177
215
734
59
565
107
227
4
53
320
516
1502
1
196
67
76
5
1153
13
120
5
7367
100
4
58
133
124
180
294
41
16
1
5
27
26
37
81
53
62
5
122
18
2
271
10
321
76
238
99
53
13
6
86
232
79
10
696
388
39
231
195
7
154
82
30
129
73
25
12
6
50
151
62
68
77
8
79
130
23
59
74
44
159
25
26
5
19
83
2
1
33
10
70
23
20
61
106
161
448
43
1
44
68
46
5
46
17
5
35
69
2
54
1018
10
13
3
318
54
15
322
73
358
5
145
81
45
6
58
32
19
32
183
166
23
31
61
78
203
33
19
30
53
8
63
1
254
74
31
176
94
28
42
627
79
4
11
391
120
198
34
137
46
136
43
24
65
58
55
7
317
21
130
153
168
120
55
86
34
55
72
3
32
96
678
13
6
5
186
64
16
228
26
6
142
138
8
20
623
30
1
67
53
11
151
102
74
106
56
46
125
162
131
62
77
22
29
180
3
310
74
424
51
17
9
229
36
126
29
105
112
68
5
2
99
58
5
9
201
57
55
52
6
93
43
26
165
542
9
25
11
223
198
26
103
14
2
60
56
105
167
214
58
6
85
81
51
17
20
109
12
29
109
220
74
64
450
1
218
7
237
17
56
143
306
36
56
23
92
9
807
18
18
81
233
72
15
34
18
131
21
67
281
80
149
25
361
2
438
227
130
31
109
7
57
178
14
62
933
156
96
12
155
12
163
11
75
187
276
257
226
3
123
95
648
675
3
54
100
121
148
55
36
11
33
9
25
552
21
33
220
208
66
65
26
5
19
764
90
9
13
82
214
669
37
245
65
3
442
25
5
66
1
6
84
68
321
29
3
63
7
545
43
8
347
94
177
150
5
133
34
81
8
706
8
112
276
44
137
13
100
9
8
38
3
229
6
54
87
291
92
161
268
42
101
215
23
688
107
41
114
6
27
141
70
5
142
99
41
29
343
178
17
35
17
96
1
8
29
41
40
129
131
267
334
206
407
49
6
219
238
418
21
231
76
130
118
96
30
61
1
220
106
47
31
1
40
1
99
190
2
14
36
31
17
45
9
29
19
109
9
198
68
3
67
107
172
9
215
238
23
17
6
41
261
24
24
83
64
858
6
6
4
55
20
72
4
7
18
8
108
55
274
50
95
113
23
159
127
135
21
23
510
8
164
1079
247
26
170
127
1
235
24
133
53
11
291
77
45
66
28
101
9
318
180
4
2
54
1
124
19
22
201
34
35
585
32
98
208
48
131
102
231
27
23
378
4
109
15
8
40
25
32
586
223
37
11
16
222
84
67
27
312
34
82
32
109
2423
73
463
112
31
278
487
122
138
86
7
217
3
117
2
16
10
5
129
97
99
32
27
4
1
264
152
151
69
4
173
154
92
70
21
206
130
2
11
40
22
39
127
33
103
32
3
59
116
64
59
27
65
90
58
139
76
163
69
41
6
34
62
9
89
127
98
174
1
6
94
422
34
10
39
61
24
4
39
18
29
187
18
13
41
90
13
10
185
232
22
12
306
185
39
64
1023
28
166
498
7
83
112
90
16
4
404
68
126
75
12
53
357
60
7
68
55
128
131
27
52
25
71
120
119
39
87
144
14
480
253
103
92
35
127
236
70
8
12
63
64
31
5
25
29
269
137
38
5
11
68
14
97
9
8
10
15
113
48
98
67
86
17
250
11
116
17
26
22
58
11
89
88
119
52
55
782
207
124
79
141
7
58
35
216
10
7
17
4
6
1
81
13
191
606
69
59
834
7
73
72
6
23
24
62
53
71
24
58
105
107
25
1011
79
307
8
5
3
137
42
117
22
17
3
250
23
15
4
14
19
1
78
2
137
73
1
300
2
8
116
100
30
2
6
8
60
178
350
43
8
330
91
5
8
98
62
44
6
21
196
48
101
61
1401
95
736
52
25
91
145
107
59
82
200
213
73
525
178
90
5
223
42
78
39
47
293
46
29
487
67
22
3
7
33
66
24
93
121
123
117
7
120
1
100
762
72
4
25
268
24
410
8
74
210
84
6
207
107
27
2
185
19
48
45
112
64
263
123
96
173
6
65
541
4
46
8
32
3
502
2
27
4
84
939
9
37
140
114
7
15
49
5
703
23
70
57
56
72
34
119
169
12
18
189
41
30
12
15
128
6
98
3
5
56
245
220
26
156
21
315
115
10
116
60
296
179
80
168
55
51
18
493
15
37
27
56
221
41
11
309
295
54
4
9
1
2
55
607
414
243
68
60
1
105
11
22
9
21
