180
8
591
14
7
56
6
582
1269
96
9
418
6
74
55
156
534
6
144
3
1354
1084
1
218
112
30
293
26
216
175
1
4
601
87
16
14
93
372
6
105
33
20
194
73
11
4
3348
272
468
122
772
57
19
1038
274
72
1
590
257
30
2
209
135
6
155
185
21
94
64
8
46
4
5
789
11
3
27
253
635
846
13
14
191
44
858
33
16
36
123
64
1734
140
5
188
155
3
225
92
32
246
182
161
132
1607
156
30
6
355
118
761
370
10
419
1176
222
286
9
257
599
51
5
109
325
162
17
50
1619
464
5183
1268
479
156
747
272
390
306
387
295
177
173
366
5
141
226
43
5146
59
8
313
294
18
4
129
168
7
246
204
192
194
93
3
5
167
1
71
21
106
290
511
299
45
2
175
1636
575
18
21
228
159
156
269
371
1662
159
1148
23
201
174
394
156
6
809
276
64
106
8
8
59
181
179
249
378
13
13
7
397
105
6
184
19
83
308
615
2
4
1
12
153
492
165
160
181
1104
669
1
7
311
487
310
366
176
174
25
640
139
2
184
71
168
557
721
154
64
182
3
346
48
710
192
46
10
3
741
143
1335
13
18
13
24
167
612
5
155
1
2
250
155
156
32
36
557
494
113
56
32
45
48
203
7
337
7
253
8
9
199
1
380
18
612
51
780
4
192
5
36
17
2
277
5
6
78
555
109
3
318
379
434
14
210
234
88
171
3
958
440
2
4
77
519
201
413
603
238
225
186
155
374
400
21
220
147
190
606
141
211
723
162
491
177
361
125
2
369
169
1
311
3
15
1
21
364
20
618
369
172
201
162
716
294
258
167
143
284
256
278
1
161
421
15
7
9
389
112
174
190
357
194
3
113
373
182
220
143
5
20
25
183
3
1
181
11
17
172
91
1
1
199
226
425
395
1047
185
283
75
3
423
201
315
228
281
271
162
333
140
161
176
374
177
162
