1
555
1
2
6292
31
5784
807
914
2255
681
99
23
20
602
629
334
29
258
5596
154
234
34
452
97
855
39
68
43
790
63
90
171
629
5
394
7
627
275
19
302
2
4886
102
2941
552
2142
398
550
2894
382
1989
496
4033
155
10
5291
2804
879
2133
15036
683
2
6
422
27
18
45
233
66
357
451
329
3
13
647
43
99
3597
137
265
1974
4081
293
144
3
347
2
1489
108
2113
249
3
1
76
736
16
502
36
1402
20
265
203
254
657
97
29
43
663
716
1141
5
255
6526
3
91
12
1
1691
272
75
141
3335
5378
66835
982
648
4
31
5849
34
62
1
401
110
110
444
459
1486
1339
401
1515
75
6
43
1752
471
1752
1718
247
115
370
3386
8
522
693
2219
132
2842
110
224
56
4926
418
1454
4
187
2416
5620
4
298
2700
276
165
60
297
50
2
1261
165
290
66
665
15
6726
482
26
11
7231
525
17820
17
82
300
8004
7
91
55
2110
23
929
229
61
360
1
130
68
10
1068
20
188
489
851
419
80
96
1338
174
1324
1726
1534
1
1365
4
1518
51
265
259
148
1181
317
32971
839
81
833
790
393
165
8
80
9
1288
490
152
17
471
2033
4343
5
5443
86
5244
194
19
37
1903
3
82
57
449
366
19
337
19473
1764
8
1472
431
9
1206
487
38
130
504
72
1459
2321
157
455
542
90
181
1842
6172
3694
48
244
4191
426
341
4
20
133
46
35
1
677
282
33
12888
23
201
129
325
994
78
750
941
28
296
147
971
105
258
3660
2472
63
273
4386
151
397
1000
1700
192
1209
198
195
2276
12
182
98
301
292
134
682
333
43
965
1032
1328
12
42
1902
14
31
6
73
38
272
1277
5964
1083
178
477
849
2179
104
1442
423
1577
564
698
114
1334
75
253
2855
2096
2255
963
1
41
4
606
88
52
89
70
62
672
648
162
334
120
2
1119
623
37
637
319
1
1824
2059
393
6
1946
385
1168
6
33
68
276
243
486
4
485
1
719
8
232
251
13349
514
37
12
2060
511
371
1028
1456
2
28
5187
96
1265
2517
78
603
2648
789
34
1710
8
90
154
141
150
143
1
1597
80
260
2158
26
321
414
2477
2
940
277
26
31
24
6
359
2134
5196
1
1
1
501
4240
809
369
9263
1494
1106
269
18
734
3020
1451
72
339
57
489
1688
65
179
1738
112
1316
82
1139
111
525
269
549
246
7
644
1301
245
369
3868
6
791
269
131
15495
480
36
575
200
720
128
1598
38
359
138
139
21
1724
36
148
8
22
95
17
13
93
112
317
107
159
509
1443
274
295
4259
6308
987
562
2344
23
432
585
803
46
1169
324
120
691
736
3745
123
1523
25
1141
83
383
63
1
50
9
20
2
1491
101
20
128
580
738
1568
206
1273
340
1946
786
2113
8
1705
597
3936
523
26
65
29
1678
46
29
737
1246
318
708
1490
419
677
8162
542
3380
1066
695
26
79
798
112
9
139
2897
2062
372
1010
504
690
21
12285
8
55
276
15
649
287
944
10
919
77
878
132
230
27
45
334
21
15
596
441
14
67
252
19
2221
1717
411
41
53
1700
2531
1131
5
56
147
20
17
21
73
189
221
1164
216
10228
162
2128
1609
21
107
75
1454
157
179
3051
600
180
90
221
672
369
403
249
46
165
1319
308
103
490
499
26
1167
549
386
633
77
10
218
13
30
14
32
1247
2801
25032
512
4
24
471
453
6
20
130
4
54
36
670
4477
70
183
15
4125
104
9
8
635
2273
634
68
373
954
22
72
255
230
51
35
692
88
429
1084
720
180
24
115
1611
42
3
512
107
68
378
513
40
19310
644
2077
7
88
807
492
1124
235
47
232
242
1143
2777
863
348
177
2464
378
284
3366
39
303
540
2373
17637
403
207
431
869
1746
162
263
5
576
1320
1195
86
163
902
1160
2
470
4418
2050
1860
112
2391
12
17
1472
305
435
4
1
237
66
1368
162
187
319
27
29
62
160
68
1888
2575
61
45
6
242
34
80
2456
2870
94
682
796
762
750
581
388
593
1725
184
604
26
420
157
1403
76
1032
1086
1201
9
5
537
1383
57
239
2840
903
150
538
116
441
246
1355
707
3042
39
1020
37
1696
226
1
56
844
202
2473
114
58
321
9980
4948
1630
2817
3198
535
191
229
290
5531
27451
41
1626
168
503
7883
185
3
217
963
86
29
53
274
3
691
938
272
7
377
62
1108
37
86
503
33
177
671
69
1224
1
1449
2936
23
1469
945
335
1006
1163
496
984
48
76
2544
83
1548
305
635
1589
116
187
2
1298
1711
206
993
1220
1186
1247
138
4
819
58
642
4332
4
88
1062
2181
1606
443
909
369
33
3172
1343
360
960
4624
369
382
316
1808
2284
5
424
366
37
2292
7849
1129
1172
1384
129
1380
272
1
1
26
1158
3
3360
1500
384
2282
327
3942
165
555
27
59
6280
1454
503
62
113
2
47
760
1639
230
1206
765
386
34
1035
71
2681
45
2611
257
986
163
2941
35
24
3215
36
1385
420
73
336
998
1630
5
160
44
94
770
301
47
18
3774
222
327
6
246
1160
182
3129
74
4
754
1193
14
395
270
3965
367
287
225
11
93774
13127
57
10
3227
1577
74
28372
27
30
59538
5109
20
574
8502
347
783
1431
2
37
12
167
3872
13991
22
79
63
184
527
143
8
1582
38239
2428
211
2936
821
188
1996
458
2366
14
180
993
1230
234
14
248
4048
811
132
201
1459
107
1
15
548
233
274
1
254
313
2793
1812
17
577
118
93
76
197
757
1339
1317
470
993
29
654
87
9
201
18
1
1695
651
306
1233
982
40
1865
1236
1866
1561
98
834
305
10
893
9
4459
4
338
3980
2657
122
643
168
370
1276
3990
860
1
59
97
1
736
7555
1239
253
6239
157
722
246
255
284
455
80
3726
300
357
507
4234
134
2822
59
190
20
108
3151
163
36
248
30
457
2817
610
480
555
925
51
36
1
1
22
203
3980
211
11
1758
3
1205
381
316
113
477
280
1
639
31
10
1137
156
2263
23
3268
628
328
2
736
35
297
25
7
182
10
116
206
364
132
70
26
1791
87
1464
249
2
1680
933
8
332
36
124
290
207
11770
716
1068
653
83
4
1
20
447
58
1671
159
71
42
1197
468
8814
4
21
136
249
136
1076
1286
778
522
1173
223
1138
992
337
281
2743
1906
102
307
63
213
147
471
1890
12
170
125
480
146
484
573
2029
3744
370
46
11
2
295
1200
4446
950
23
903
11
1001
4
626
110
2081
668
388
23
10
53
3021
162
89
1624
558
619
1
26
328
6
287
1290
4999
226
5
164
2357
1295
1054
466
777
1
421
108
57
1
863
482
341
5
650
10414
2451
76
109
3718
1
174
84
30
311
510
576
83
3927
144
370
50
223
36
310
35007
1378
856
2655
59
1998
2922
383
146
3361
588
581
346
735
27
83
897
245
790
38
3
847
74
1178
10
1597
17
468
2883
724
335
4368
288
1893
1131
37
116
756
677
594
7
79
13
1049
39
381
1985
1514
14
12
110
845
1
3833
2
363
1
24
6912
56
67
1
598
154
3448
143
1
10
179
898
681
28
175
31
26
189
348
438
1877
59
148
13222
272
2014
518
1
58
190
225
2896
19
15
349
6361
237
1
159
14
1757
204
26
177
1617
1709
102
35
7673
9
257
29
7
796
34
1892
125
35
2042
8
350
6
487
50
1728
5
142
200
571
39
637
1
3446
515
2
275
1395
780
285
3324
416
408
657
1872
3783
1110
483
493
451
1
336
946
3
539
1808
28
1603
818
2081
16
1756
579
16
164
153
549
347
924
1990
5
67
2
55
48
366
1288
157
61
8
308
6118
7
138
372
87
1220
481
109
503
3
5
447
220
53
1612
5806
260
248
118
5
16
179
14
26
1
164
723
246
1
5608
225
722
151
278
36
36
325
534
1199
4
224
1250
282
185
1539
911
5343
272
844
22
1
2009
31
7
341
12
222
931
176
169
1
412
6255
17
48
1
127
1498
2066
5
32
867
27
98
628
107
990
15
365
138
428
68
6
154
16
1638
42
537
1
248
2571
473
179
305
396
3
101
175
38
824
346
49
17
694
502
81
285
114
93
1318
993
73
31
34
3156
55
204
113
27
1834
63
200
231
16
2241
29
1999
76
2
4
181
338
15
179
459
94
69
20
271
211
277
61
102
2
18
125
365
336
5
11
1093
314
3560
1622
88
16
2605
7425
8
231
1732
388
427
3236
151
585
3
3238
19
7
22
122
345
258
200
1
402
41500
3813
12
18
906
5732
320
118
343
859
17
1054
133
18
35
1030
86
1107
487
145
2
543
797
18
1
4757
136
6
3582
504
106
28
1274
563
38
65
30
159
131
6
1253
6
328
212
121
145
173
120
1160
122
6
1863
1052
20
64
69
1301
68
29
65
643
201
34
139
122
597
9553
601
12
47
653
211
73
73
13
785
2889
49
11
56
210
22
258
116
4504
133
308
215
15
161
180
2515
21463
52
419
107
1591
160
308
6077
1883
7
227
2224
137
301
102
55
81
2445
299
195
191
2290
611
14
9725
197
138
2715
1005
331
766
73
2142
214
44
231
420
120
3958
653
1186
3180
726
1129
3405
723
1
909
253
336
135
18
67
6
119
96
18
22687
81
1665
268
835
276
2953
2053
21
778
26
1022
127
936
1531
363
290
14495
2033
638
25
27
682
1
1054
52
1757
6
167
396
234
1095
315
36
366
468
390
269
21
122
338
132
308
523
576
1
29
6
2
2501
3
11
798
187
40
246
1255
52
491
695
37
586
190
1527
26
39
144
521
2249
253
198
4375
1256
420
68
190
31
103
6
154
84
24
1
1240
1176
329
97
454
3565
267
226
96
15
287
64
29
1063
35
5566
74
197
324
720
143
40
149
38173
1
1560
1337
891
28
69
591
694
1094
5626
15
3210
77
1527
6456
509
12451
807
182
45
183
1025
201
51
3520
184
1146
8
29
24
591
4
819
708
292
1
863
199
60
108
217
4532
871
265
4454
27
3062
222
188
2936
107
24
717
1763
322
63
306
4
9
108
4905
56
1387
134
566
7714
218
15
42
33
4492
311
27
1115
6
764
216
1297
28
27
127
201
514
996
14
150
487
10
394
1261
83
319
62
33
152
174
15
99
173
7
21
21
1888
216
110
156
23
334
182
74
110
516
41
99
67
457
4
74
78
225
2664
564
19
114
2
145
92
7
180
23
6324
413
28
1741
55
38
10
2956
320
40
3
1809
47
105
331
128
161
3054
48
99
240
26
2
35
573
553
1169
167
800
261
229
1244
122
208
354
11
179
19
161
1106
85
1
240
279
59
6
509
2
21
1090
869
247
17
502
813
126
88
9
132
138
4
1
305
5
70
189
126
1720
2336
244
154
68
73
29
1
75
83
15
228
53
331
49
50
545
320
2272
639
206
76
1088
180
100
2
45
1375
100
47
97
37
224
544
996
179
117
2431
33
18
1909
72
239
12
1142
560
98
55
3
89
2
20
88
33
14
9
4
52
386
1
6
10
60
283
305
294
194
79
306
4048
1614
1231
198
39
19
3584
1
33
79
13
5
242
600
999
716
40
12
5959
1896
51
283
709
129
2
454
78
918
972
270
61
242
26
1
1837
92
125
39
277
1118
93
1132
294
118
1694
825
1107
339
93
31
634
15
1329
43
1864
494
136
4
331
25
39
405
1938
50
200
613
8052
78
3347
507
14233
74
986
680
1
338
5
1
14
1486
1792
38
49
718
520
432
9316
32
353
1855
446
2
55
45
13
1410
869
522
351
555
62
23
1068
527
158
4623
374
2
20
357
467
1
244
39
237
798
6
84
173
2583
538
975
1946
13
363
622
45
264
728
114
106
4477
76
856
1057
55
1547
733
670
2028
259
260
4
392
513
371
37
16
757
219
372
10
1
222
465
500
208
867
593
205
410
856
9
31
38
712
40
366
350
557
245
130
92
1281
1382
786
171
129
344
697
274
1010
99
964
319
5
51
1188
188
1959
261
1591
221
337
218
1640
1535
263
1912
251
4009
4989
1028
8850
3978
1
2
10
976
198
33
231
138
27
307
2319
37
582
19
92
154
181
380
45
1551
390
8
4
19
85
144
16
99
227
1
556
95
1238
1150
58
127
2
88
668
53
2
10
505
236
281
23
103
15
275
8786
305
2936
211
76
575
2083
409
11
803
333
2
1168
126
16
16109
269
13
1774
5606
48
2661
6002
2155
678
28
6
134
196
522
286
24
116
225
3435
1606
176
5313
82
258
134
848
1430
22
949
2493
3
774
1533
732
38
126
433
11890
147
114
341
47
476
1729
1318
94
431
706
5645
1
3857
85
33
1917
547
184
2
2804
2230
45
54
6
6
278
1486
165
86
1090
580
3215
220
4265
2
2550
2251
1231
2269
553
746
3240
80
644
705
178
525
12
220
100
1292
577
469
98
147
130
233
166
33
21
75
1974
156
1
750
36
294
6
512
41
162
1548
946
571
2778
4
174
3016
5421
3
31
4
411
79
4
104
146
3520
203
857
1523
66
199
161
192
1793
1485
453
50
1056
78
6
264
43
40
215
14
515
86
115
6177
1
551
384
146
2207
68
118
1
706
286
145
11482
686
3321
133
3054
2444
1935
115
316
294
293
161
694
2074
462
965
1163
1428
1162
265
4
6911
51
1266
180
182
383
1749
254
1943
885
562
43
4774
51
129
3483
27
1998
22
3719
7584
34
1464
299
61
1136
109
20
691
2316
278
2
4
374
1411
2
167
101
194
119
852
1019
26
1311
1451
598
2
3080
98
683
718
21
1056
15
2928
467
41
1670
1846
2033
9564
5522
52
13
87
855
579
82
903
109
103
1300
687
116
718
112
1169
3011
275
522
6
782
2190
224
75
179
19
445
1448
1320
179
1246
40
58
255
1354
29
1761
235
90
558
161
405
381
202
314
307
630
236
1699
8684
304
214
111
158
183
61
1911
270
8
260
1039
46928
6775
1
19
629
178
167
67
44
9
44
368
3890
7
91
366
57
4943
2676
963
50
332
336
240
124
50
73
190
19
7543
57
1
1674
4592
2
694
111
583
3602
35
100
3969
107
1056
1693
27
340
999
1788
8
3450
113
232
18
8
2318
2260
129
1
35
178
82
340
1888
301
1607
17
7370
32
12389
86
87
1085
240
780
2597
323
867
105
924
237
7
1115
172
84
214
303
177
47
388
693
787
1442
1531
149
1102
1132
383
10412
285
323
1005
619
86
284
512
118
842
14
623
503
20
1477
142
271
1222
10
112
5631
430
1398
1164
6947
20
56
234
131
5349
403
63
453
563
100
47924
2042
14
152
374
17
2939
274
22
1
1647
759
421
141
164
3175
1516
74
9
10
3450
2141
1570
882
48
133
18
7613
826
339
41
656
231
94
6161
223
1
20
1427
4439
293
1173
9
17
113
182
74
43
353
121
289
2778
36
351
74
344
526
24
1593
762
428
154
178
12
191
7553
227
182
6991
213
4
1250
303
343
7578
2589
2
1540
492
819
4687
102
97
1
493
697
59
257
5
609
554
1627
1144
1070
552
7
62
176
386
10
1
255
2092
3
115
38085
120
1
34
160
772
218
2544
623
268
833
152
197
859
3112
949
309
2087
34
87
1048
2528
205
502
3706
1353
180
22
27
105
218
1178
72
1401
140
1541
807
279
365
164
996
228
300
1020
20
501
28
446
17
4146
582
2
216
308
159
386
20
4766
745
61
545
421
113
1507
212
7
794
68
113
44
2189
9
486
1
4
123
457
3
288
12
1683
46
834
298
9
4072
754
1962
2
1101
5279
523
1
325
119
1486
18018
614
504
9
583
3
12
2075
1440
20
440
65
207
1752
1486
178
100
612
367
4
330
1339
929
1162
1
935
378
317
2843
14
1
268
8
550
440
3557
3767
131
146
55
37
481
388
1454
932
425
1304
359
1217
63
914
2
139
7
1246
32
7
517
124
1
140
789
59
314
25
140
330
849
41
14
243
1075
2448
632
293
311
39755
6
725
8
52
1
10551
8978
13
1190
1882
570
1343
1053
41
2476
150
1516
2
17
1336
1588
501
14
313
139
451
24
1988
320
283
494
4297
43064
20
170
1281
107
541
1292
1491
5
8123
3711
206
4854
372
539
1340
6
181
1488
224
156
266
522
231
111
274
189
1
1416
203
11
124
217
826
18
183
631
1142
116
151
3595
53
732
491
7625
66
488
2210
25
1854
2111
65
8
18
43
334
986
118
366
422
355
1820
8066
1
4778
307
3317
957
1181
559
606
108
4
234
12
552
69
3551
2579
2714
594
878
1044
914
3033
33
1446
858
625
186
823
231
64
37
3297
29
64
222
7
22
1016
126
1194
92
98
42
1584
732
5300
153
1177
4784
701
12
214
6
948
785
144
1728
5
2878
617
554
30
1474
261
255
1450
2415
180
311
553
12
272
218
259
47
1818
603
9
2553
44
10
731
166
24
743
111
19
660
1490
2402
127
1358
210
1603
2002
2350
39
28
58
9
6
2117
133
38
1752
1153
487
2005
1258
44
212
9381
3107
8
3523
1
38
795
3668
15
84
93
2150
76
219
335
437
462
854
6642
483
1180
303
18829
114
169
43780
282
858
1902
1357
1677
56
660
1489
1172
793
3087
673
234
109
2146
557
274
451
747
57
1356
26
84
13920
25
193
37
101
408
132
2733
269
3
207
856
193
2
367
53
245
11197
18400
22
41
36
1
62
204
1
899
135
73
883
2922
534
3656
35
415
7
40
2
191
1033
345
968
473
510
52
21
140
134
173
1437
34
1023
131
4554
325
1215
1688
6432
341
1
80
1131
1617
184
1909
656
19
54
45
25
700
196
489
170
261
955
239
175
6
1142
7
1
1209
2213
1016
593
1405
1051
11
4067
2
29
227
1112
57
176
250
338
83
22
711
8
447
387
83
861
2638
58
5783
3
429
47496
958
498
51
196
94
235
77
112
56
201
125
745
7
185
5
45
1337
1194
73
3
2622
14
47470
3200
442
311
249
446
77
3030
123
140
42
2687
811
413
85
295
186
240
586
26
845
240
13
39
52
196
643
249
69
16468
30
1764
732
4842
295
442
15
135
37
2085
850
15
422
2388
37
55
422
258
212
37
120
1
3047
3075
7
829
858
31
745
44
1078
108
148
21
96
488
3662
3
75
200
44
9
101
29
313
647
1500
64
50
248
47
1433
463
21470
69
216
75
4320
101
347
428
46
32
55
3
1552
348
258
957
566
567
329
138
410
538
4
12
184
12
215
411
698
159
214
558
298
723
23
27
3257
1
29701
635
152
38
374
76
48
109
386
85
50
1852
1765
116
227
1503
1896
43
456
24
816
61
550
482
269
1143
206
31
633
790
805
2667
212
753
113
53
374
5628
964
1463
1060
721
337
97
124
180
59
2714
149
162
22555
495
309
1418
214
382
2160
2309
868
517
28
9
131
1292
70
12218
7
1821
3276
60
22281
19
82
1929
64
453
91
1
37
9
50
2017
11
925
153
508
201
230
353
989
1
1203
3089
882
2
7
51
491
282
88
8644
305
1102
3833
85
26
529
859
156
20
560
2583
378
1246
546
354
280
2082
1750
71
397
39
222
561
118
3887
8
293
193
423
166
301
128
116
3974
100
16
809
11
97
633
383
9
82
360
10
883
1631
9
499
503
280
1148
319
31
775
6176
3538
688
3994
378
9285
2834
36
2046
1522
123
655
477
258
114
97
199
39
4743
62
724
1094
2
76
69
531
4890
3
9916
2236
149
52
838
2
3
939
438
22
27
13856
29
13
2
21
2789
390
49
729
155
15
650
218
679
25
701
689
7066
50
2600
567
270
137
4743
6490
1316
12
3670
129
732
231
25
11
5435
2331
2
1975
20
142
20
179
109
1125
2183
32
717
116
4384
996
53
1
108
3918
139
69
131
35
1219
1181
133
135
36
1590
14067
564
72
975
45
38
166
4653
485
169
863
984
1263
4
171
28
303
565
126
82
285
156
3040
12
328
46
2901
80
16
165
643
3154
593
3
2
397
4
24
107
5
252
598
13
5735
33
11
2975
1464
397
26
415
1
1770
1609
1243
4103
1157
5
7
71
6082
3810
87
742
5
49
254
2537
350
594
1199
1895
1680
92
37
86
854
304
44
76
1014
203
10361
1591
3056
66
116
103
2881
151
402
37
2049
7
84
2871
674
937
264
5
20
1919
1662
153
808
93
65
41
449
6039
1384
72
3
656
33
211
89
472
4619
11
116
138
25
187
40
244
1060
630
1
839
37
225
60
89
23
3
550
657
516
508
394
2962
188
64
145
8
353
3573
86
11
1
149
120
101
165
374
19
320
95
70
59
99
1335
272
6
464
448
52
498
78
291
3
42
289
1
1215
668
417
472
54
1138
470
151
4
569
15
410
3688
1099
9442
835
1075
109
55
103
1
139
1118
86
13
1
1113
236
21
32
1
14
10608
136
56
997
359
738
44
1030
2706
190
915
8093
1
3
4
740
22
5542
41
122
397
28
103
54
28
64
4
4
7
220
180
160
134
133
113
16
500
70
39
1053
151
43
22
50
9
1059
642
191
16
1926
1
16
1774
23
3689
628
2444
1884
1355
2441
640
76635
143
359
17
1
3164
186
48
36
11
1
4
272
432
1528
2389
297
64
1699
1
19
612
1
251
439
1177
1
845
17
247
41
642
1691
373
74
37
5002
871
822
1388
344
307
1028
15
3067
263
127
132
537
19
277
367
1415
1090
2399
213
3464
163
426
4987
1868
88
11
501
9708
207
363
258
7
8
179
1355
247
3506
2206
1056
140
520
249
2210
2
134
77
62
5968
2443
4
95
1498
650
1648
151
16
242
47
4
270
2727
5
812
114
82
1808
137
13653
5052
342
258
3
911
1642
4181
63
81
1
350
771
875
1
2057
1
42
170
1392
161
384
229
27
942
57
2897
2277
526
107
4002
130
495
959
1
178
285
54
3004
527
200
2379
664
148
1046
26
68
1055
2511
2457
43
424
31
45
931
2146
219
395
233
338
56
865
243
393
388
420
84
1851
86
755
563
2778
51
63
975
77
13
425
38
1182
515
108
83
297
12
966
822
344
205
61
899
1190
609
22
867
1513
5670
33
707
50
118
3088
161
100
239
1832
35
874
628
2149
262
116
50
176
15
44
232
1
799
878
110
110
23
30
460
1518
76
1714
225
591
1075
486
89
87
880
82
1389
13
65
28
1686
76
1443
301
684
2182
2549
539
3283
738
57
1902
153
14
2015
1516
261
1
738
31
40
63
1455
4
1546
7022
487
222
2359
31
2191
35
170
361
4
8
924
1832
204
2667
67
582
1491
307
98
5
10
15
10
369
69421
237
977
25
6
607
44
1776
156
2666
8240
534
14
1634
1418
928
12
8735
166
28
974
215
5
27
43
6
635
75
1358
54
231
19
189
15
657
203
587
14
28
194
221
1302
4325
53
12829
8
5735
926
25
197
56
4625
3575
3528
269
2326
94
360
404
2011
593
187
978
2232
800
1506
264
47
1
670
433
669
7
309
14
7
168
5
8
28
4221
92
628
44
291
8
1124
5
82
637
3
15
27
1
4
18
219
35
338
862
513
302
240
275
9321
1362
1468
563
22
42
12
3732
1739
43
295
62
1992
974
345
341
19
445
1306
173
36
252
14
78
1
1420
38
2
532
1780
35
511
1
496
1400
13
2
333
177
170
531
1567
49
3
220
1763
65
153
72
469
20
152
175
523
579
1317
72
133
81
5271
318
33
2514
37
52
2
1201
562
137
50
147
55
103
32
9
321
6
534
85
9
1431
89
27
480
74
68
1593
1
246
160
298
451
19
21
583
2011
10705
79
1410
154
1208
10714
5
1198
1056
156
3
1450
3563
3
963
2084
270
536
656
440
204
94
4572
355
2438
816
2289
119
10
170
965
3232
3943
1135
105
1
2320
489
245
51
34
1
201
16
1
1860
153
1636
166
131
4
132
36
409
52
283
1
17292
133
1
379
202
65
52
1850
6
414
41
532
511
2
4
3163
365
448
75
39
151
6
74
513
13
58
10111
82
195
3084
3582
155
1558
124
2180
1436
2919
71
1019
730
232
197
18
719
1866
469
1057
327
12
2265
125
244
10
6
2522
23
487
928
766
1594
12
49
65
2279
352
73
460
1097
850
211
359
2658
11
2582
310
1236
79
144
191
584
334
136
551
5894
1491
135
79
258
3079
283
1447
273
1435
234
53
338
351
43
269
1389
359
1123
386
622
11
165
59
725
1036
230
1267
7720
767
695
1482
31
4160
120
399
1027
419
168
177
472
1144
212
165
2639
272
548
167
54
1204
412
6
182
1436
38
120
98
573
166
1111
248
728
791
228
215
959
452
54
370
7556
161
972
80
49
7
98
85
356
2677
2313
314
571
1742
47
25
128
77
35
71
567
20
380
318
1660
1792
2054
12
13
1800
785
5
44
646
5
118
680
135
452
3932
125
393
838
24
2999
350
831
6813
9
1337
33
1198
250
111
1151
1362
382
1196
154
1891
32
8023
966
115
1955
21
2375
365
45
26
83
1054
2
54
541
28
165
2445
197
20
829
14
340
661
267
16
1308
1970
201
7100
1186
1789
33
694
84
1029
1766
644
695
27
73
262
54
1
27
114
1
217
82
2453
1734
183
20
55
529
222
390
143
986
4452
407
4292
186
35
103
64
218
192
142
422
896
2400
427
4755
9
43
302
130
318
23
4
1969
614
533
501
45
26
206
1476
13
111
14
7101
362
10
3294
32
184
49
149
3
528
23
147
38
316
37
85
122
32
12
8
61
134
47
727
485
8630
4
5646
1545
14
96
109
527
625
2430
765
12
544
387
617
216
206
8
2485
362
13
77
2254
86
77
212
561
928
107
63
255
515
99
2617
18
1004
2
255
708
1
49
11
1740
922
106
16
240
3757
1072
1572
602
11
286
303
102
580
688
14
213
541
188
126
517
589
412
32
60
15
16
42
165
366
1021
524
303
3784
2341
786
1077
280
119
74
215
331
625
719
6497
11
167
580
964
4
1385
243
91
2891
3434
136
637
86
148
259
101
2505
443
6210
316
2331
1552
171
172
1410
1039
19
140
327
6545
130
38
533
37
1431
71
7
67
7
707
131
617
74859
1363
11
6
1
328
1581
2320
201
2795
832
217
458
3099
1909
697
442
2821
246
2
306
89
1476
485
710
359
60
1076
37
282
1966
120
408
257
892
1097
56
2406
2
2157
1165
3905
1195
396
1435
77
1796
12
5
86
1109
288
30
6326
14
1682
2276
17
2137
4898
121
112
2493
148
594
391
1
115
1795
119
284
362
2832
1069
90
1786
168
1830
3449
623
877
8
512
187
6260
21162
3
404
186
44
820
299
685
255
134
408
584
616
1875
4861
24
37
1390
29
1381
70
674
1718
33
190
46
167
62
16
301
491
35
609
24
4117
197
60
339
170
276
424
169
10
17714
14
226
2391
1024
694
317
1004
772
15
267
199
34
493
702
8
112
174
197
1428
263
99
54
250
1
1575
1081
13
42
19
187
2
1665
373
1
4477
243
534
285
1556
10
107
316
1156
50
50
76
1
22
50
16
39
3
3
69
1245
1161
37
215
10
215
1
34
16
129
20
1187
7
995
766
1781
242
20
877
42
700
24
84
2425
2054
119
103
277
610
41
2201
4
4392
6971
405
91
51
271
14934
2
2181
1466
347
4381
203
418
2126
2739
1255
289
102
891
45
6576
1001
2238
334
906
44
176
462
91
49
96
145
1166
4390
29
1455
1514
18
35
839
124
342
59
18
23
3
182
110
2170
12
6
1443
859
74
11
2304
2069
241
6812
965
317
304
285
104
174
76
57
737
113
365
1261
536
18
401
5
404
6
7797
23
123
24
69
224
3
110
549
251
726
18
720
6
455
17
2676
1301
43
251
101
1416
692
1941
1767
1602
38
49
1587
162
2720
9
212
2510
80
149
1577
220
48
275
342
100
7
663
1881
1384
166
28
450
126
1157
15
98
192
215
212
5168
7
1884
2
2231
122
1304
112
43
224
51540
413
2155
5113
137
43
235
144
10
110
341
284
147
552
1850
1265
6
154
233
106
742
52
57
1849
4561
3071
462
534
10547
865
740
312
8
8
37
18
1285
463
7507
3431
3584
719
80
209
101
149
554
1646
56
21
4824
471
513
106
1109
1776
3591
71
2
1218
920
1558
128
28
1595
1731
330
978
15
231
1077
312
573
473
1128
6952
1047
137
3407
178
1031
1
1
190
639
36
821
5223
119
7
1775
333
1322
4
326
387
9
436
236
158
7316
167
5315
63
4810
17
1085
163
139
143
4
13
45
213
679
30
684
447
565
2
265
78
530
318
98
560
36
900
1216
575
13
203
49
1480
18
21
169
81
7
289
55
8
404
273
466
769
140
170
2339
540
730
593
31
309
4187
4
30
115
11014
14083
412
188
1
1329
2433
1424
1
1883
85
1196
16
1501
4162
627
60
66
24
163
551
157
372
649
194
202
50
403
41
556
37
271
275
4268
637
45
1125
520
355
124
5
127
128
43
4772
232
10
45
122
965
106
134
2
22
24
210
120
169
261
32
13
214
123
46
1152
1185
42
39
21
78
994
364
1796
31
288
5796
10
693
48
146
261
57
169
1546
11
70
4
30
9
574
1879
137
17
136
436
840
1134
50
14
180
168
440
61
122
17
4402
1647
639
475
148
36
5
3865
142
392
2227
22
141
339
871
436
511
100
8
1924
1
34
1602
1072
194
407
872
116
688
13
74
72
16
11
249
666
906
389
78
215
204
40
2580
19
750
1
1259
12
268
67
1463
460
130
11312
3630
36
1
280
527
955
220
898
4
9
1007
1867
13
19
5218
127
47
121
70
520
61
138
479
262
198
53
7865
7
2181
554
5937
2363
290
528
792
80
411
801
109217
158
2767
671
85
38624
53
733
908
127
1
1
207
28
628
7
301
1
198
56
123
105
344
527
3322
1453
1153
597
671
1616
390
190
593
9
773
1299
72
1008
5
178
12097
44
450
254
336
853
389
405
587
2349
1
117
62
27
3214
408
4463
1284
25
11162
94
68
21
1877
1
1204
1694
321
606
396
454
181
590
237
67
887
144
24
4800
332
121
422
1
1728
377
579
160
182
871
179
9
220
8
1278
12
3149
355
17
588
17
1
5
204
529
123
2561
15
28
159
2543
597
15
35
1821
518
17
43
522
119
287
357
3272
1804
87
1879
16
2107
609
47
962
331
1712
70
19647
6
368
165
1
914
584
462
13
324
73
259
127
776
33
65
73
292
665
3438
1
25
2290
17
140
154
43
29
47
56
366
1001
55
112
197
234
431
56
35
386
1242
1214
2409
1
23
664
860
6
1539
54
87
63
7
3565
1185
50
446
56
659
602
1857
42
578
138
837
1224
7
5257
104
1474
201
132
636
713
934
201
1
9
12
1571
192
29
677
5996
1049
518
127
11
239
1141
303
1591
273
10
782
304
262
1519
60
1
544
147
191
85
2244
170
77
1
57
27
255
284
37
22
394
25
125
3430
417
1
224
71
2
477
89
35
259
475
117
495
544
10
438
19
47
1042
6382
303
49
895
1042
6
1808
5
174
6
69
10
292
15
1420
160
1
267
487
1800
289
385
623
522
587
40
471
1036
5209
6
537
177
40
6
171
25
469
43
1432
480
23
188
33
138
2
18
291
190
2347
1754
84
283
2
1
3262
184
579
386
23
52
236
21
18
663
1608
290
672
143
1893
812
1122
196
107
351
113
91
610
81
1343
7
30
7
91
58
52
7757
2
1491
3592
29
913
4029
14
4
443
596
18
23
47
623
8306
2311
152
71
7
89
9
5
568
758
70
10
66
350
564
17
248
48
609
266
27
254
28
166
1
316
127
92
421
47
183
249
558
81
2
4
37
1
113
219
950
18
1581
132
361
15
523
1320
149
28
340
829
79
4
1
241
194
1736
737
73
83
816
352
9
154
486
20
85
4
206
439
109
3657
2046
602
155
390
20
59
9
116
4
45
671
57
376
2
4628
22
508
61
198
54
3
111
65
184
156
7
3604
728
71
1023
71
17
4255
111
1026
1144
83
240
31
1797
158
149
442
11
25
771
463
176
3320
592
53
4096
87
4
557
575
43
11
1710
168
3189
147
532
1432
170
1620
24
82
1482
42
31
1
3589
546
3
381
12
329
1589
1
82
3808
6362
73
6
1
344
4929
12
3745
4
193
441
71
185
59
81
227
70
248
1014
580
18
232
245
94
145
151
601
261
95
85
575
316
218
253
138
157
70
116
88
80
3663
322
28
276
21
2780
285
100
196
407
5353
240
360
1059
13
765
45
697
324
224
111
1028
2841
6992
20
28
68
193
664
540
201
2525
2107
12
373
118
507
561
112
4
227
1824
105
34
1
686
350
898
249
531
163
244
20
1424
390
89
171
98
231
3220
403
86
212
1710
432
60
196
264
88
81
12
202
666
132
1934
89
127
1393
918
978
195
218
207
244
1
239
265
418
1
389
79
198
1176
190
57
2412
123
342
1
10243
255
46
395
123
277
14
218
12
55
510
212
6
400
65
119
145
212
65
4045
466
120
1292
94
11
41
2502
54
490
44
622
367
687
194
659
1755
199
65
1117
109
846
224
3203
473
2363
366
3
210
59
949
69
29
347
20
3
51
188
46
67
290
240
232
70
836
689
17
759
331
238
1042
454
121
1211
4
277
89
361
355
22
941
392
24
1445
235
8
204
2001
7
5
197
1590
1681
45
84
117
6
3223
222
32
1707
89
46
4
729
6993
3269
225
505
17
1094
1309
939
48
11
1726
238
1348
1028
46
411
453
484
19
11
29
31
93
2
152
50
479
1214
49
95
35
94
71
617
116
125
91
79
61
197
125
4
13
1888
577
64476
188
187
13
44
183
1
34
350
59
2936
39
1495
125
153
4305
368
57
2824
404
1985
989
7838
784
405
1143
228
531
1743
219
1291
1517
265
2
1
1463
174
208
196
1426
203
2
11
12
140
123
3205
184
516
882
896
1522
2166
207
2152
3
164
7
456
1
4
99
216
10
26
1148
28
78
62
31
42
811
7
286
90
1
1243
2751
76
94
411
3
701
22
14
16
39
1807
540
529
123
253
669
274
1907
332
2081
668
230
301
311
1341
1810
232
171
1
3
44
782
1337
195
105
390
6
7591
18
412
24
771
95
465
31
477
4567
1232
1358
127
424
5
1394
102
136
71
1236
1804
285
32
997
133
491
143
4452
42
132
1
131
52
28
28
490
10
12
1755
498
1097
352
14
616
29
2544
720
119
1079
105
70
77
211
178
326
3
423
524
113
7
326
911
11
28
673
60
23
7
2016
38
126
86
367
45
76
285
33
1288
1
3664
337
27
258
245
3
14
9
6
9
1057
1388
5
133
18
235
80
33
130
46
55
460
55
6642
439
865
47
2082
116
3918
1133
160
1356
31
265
44
1001
288
838
13
5425
4739
1193
3289
20
251
1050
808
9302
471
277
1024
142
3415
51
102
183
296
508
56
83
8525
1
1178
4
448
69
49
284
40
475
94
44
424
224
3178
57
24
225
485
88
190
1
40
2808
404
277
20
493
923
34
145
246
191
310
1397
877
33
187
88
1299
1100
9
141
864
206
20
216
3054
677
282
75
58
564
727
390
16
2114
1449
140
319
1
31
26
137
62
15
104
258
217
395
27
209
117
1
222
1304
30
1585
83
3386
1806
63
43
392
77
154
93
6
325
29
12
4305
8
14
29
211
3
39
211
49
12
13
5
1449
588
522
13
5
478
265
232
402
15
61
1580
349
1795
90
10
570
2326
3154
292
47
653
67
104
1
61
11
126
4
13
258
726
512
6
121
5529
252
111
1857
168
2615
24
1679
1721
175
805
1
240
1443
29
24
305
207
133
1361
62
536
1057
2681
1
1
3000
59
27
2662
1865
69
216
20
212
150
38
215
496
2
22
137
256
454
15
652
333
249
640
51
255
3093
34
368
89
20
190
7
1
20
756
149
1
408
34
1
976
3604
580
42
136
2262
82
260
23
2570
106
15
35
275
68
624
475
1445
34
24
42
804
94
58
79
105
15
38
38
768
453
587
9829
2536
319
616
397
121
13
821
5659
1299
11076
24
57
305
41
1173
172
2697
952
6
318
8911
453
665
1299
35
527
1059
289
1247
14117
3223
3877
216
460
72
261
8
274
6628
718
23
16
151
79
816
214
868
389
44
1585
239
26
621
46
66
196
63
8
1132
248
154
901
65
5390
524
515
742
2191
450
2064
997
2768
111
34
53
2218
618
975
1778
360
254
971
173
637
2851
1016
30
573
151
287
482
90
892
454
9
110
47
3666
923
126
376
2037
141
76
793
5530
67
3492
12
12
943
131
309
355
296
63
317
503
87
113
242
1333
104
66
257
17
344
3271
777
343
1
169
326
169
6
741
25
1340
222
34
640
1082
37
253
1031
298
222
43
122
51
216
1757
81
3
114
1366
146
102
38
170
10
1136
170
1009
1537
311
81
2435
186
4
1411
109
1559
1912
855
23
792
1624
10
65
186
251
1
51
1285
131
8
2416
6
390
2603
2883
127
2374
407
25
49
1313
70
18
150
4
1783
1896
15
209
3798
590
59
398
199
133
2
1406
11
77
1669
1069
1762
6186
131
206
492
864
477
437
1753
573
170
356
748
50
379
55
44
72
4809
16
1547
4523
441
964
1362
1453
963
153
118
1905
155
279
700
618
964
2116
780
1985
437
175
204
18
55
24
3
28
327
73
150
652
16
165
950
2
645
102
2567
276
2561
3643
612
27
1472
8
1551
38
6426
147
206
1716
680
48
11
9395
1884
195
943
27
190
630
610
17
841
118
1045
3604
2429
54
831
1990
25
574
6
656
31
499
351
19
468
33
475
9
1705
25
214
825
150
286
3760
130
145
48
693
220
6
780
5022
7
37
713
2397
330
107
896
1277
2320
200
744
66
26
3460
1609
252
193
109
74
78
196
963
15
256
1960
341
56
15
1324
292
362
117
766
633
2255
3356
22
220
267
191
7
1907
760
692
1
1
1172
196
8
1424
1064
1243
145
275
23
76
449
2014
2332
32
2268
18
7
922
833
460
12
208
270
1541
93
1028
5490
39
4550
568
1034
1644
1302
146
90
519
178
415
194
1051
2502
264
2344
50
16
928
1961
1
455
2449
100
2081
5
48
590
27
28
463
167
228
63
362
1118
6894
382
1
20978
607
1369
812
40
411
75
35
1302
3538
326
5
342
216
1156
2914
2864
32
47
247
2061
669
1523
71
92
1487
96
1934
812
82
2
558
26143
2596
4451
74
33
3692
214
28
436
1
368
250
15
10
6318
58
1479
76
470
4011
32
276
503
5420
1644
649
128
36
146
98
32
1146
189
249
1553
150
1
1063
36
114
2379
768
36
28
342
1835
3398
1629
106
282
714
192
3802
465
628
14
3793
165
76
54
16
132
1028
653
1
795
218
99
262
424
409
1227
240
582
25
184
935
1909
258
257
12
286
83
2825
1996
124
25
2871
196
255
766
1616
20
1181
437
5824
455
81
305
111
222
345
5016
1280
110
857
3649
596
175
88
7231
67
2398
802
73
173
264
15
276
108
1275
612
505
543
532
20
23
275
137
307
824
766
25
1
57
111
3
1848
177
854
541
111
61
21
76
1
42
958
2374
637
2776
774
149
295
57
36
414
1150
70
5
2576
21
278
960
727
72
173
56
163
1074
233
1
2
96
3648
219
227
1674
13854
34
1018
1318
14
524
1491
962
2828
168
863
1160
1647
25
967
577
107
281
27
210
566
4830
4327
570
187
2259
92
71
321
371
58
1023
292
154
520
540
900
5
3
415
1123
23
794
37
116
673
268
105
142
216
325
278
399
153
368
503
690
235
1
248
573
3091
761
426
457
52
71
893
2842
115
994
88
15
7886
5176
1308
721
13
655
530
319
43
48
165
2340
956
28
92
2131
2173
780
40
870
2
1649
34
296
436
672
1020
820
601
7
247
2225
466
106
1026
748
1286
1678
15216
12
43
1
1342
386
574
23
818
5519
803
63
2382
421
187
7
1234
104
36
363
17
1195
271
54
6
4932
8339
1251
2630
195
4617
370
130
2524
266
12
610
374
889
29
324
109
403
199
38
230
310
558
111
110
772
59
770
1778
1579
210
145
1108
45
119
44
1125
10
8
13
78
252
1302
19671
36
368
2854
238
31
570
384
99
456
91
36
444
227
15157
589
139
142
869
4549
487
42
1717
194
37
1073
1050
390
1043
113
246
1268
590
182
972
825
570
7242
2457
14
163
443
769
3
1788
94
24
4312
1319
74
1
23
1366
196
675
9085
353
356
83
1010
17
652
224
370
13
557
168
104
104
16
60
14
111
202
78
109
32461
1710
839
310
13
212
166
35
911
3967
1162
2484
92
100
383
1122
430
750
3
52
365
4
752
303
3667
269
3673
571
415
268
653
552
255
14381
103
64
864
4590
1354
92
150
4150
1
20198
240
22
8351
1621
60
56
60
777
26
143
177
107
171
13
41
363
1372
27
10
171
2709
66
699
7614
2053
885
63
46
4785
114
1772
47
306
3975
402
279
13
2633
475
128
62
4825
1298
298
15
4772
1001
22
5033
7
3357
229
1322
1632
827
25
743
685
43
346
56
367
29
1007
5628
644
6
469
831
242
276
6
227
999
287
14
1337
510
911
1
4590
885
236
219
176
4
209
38
534
51
3
670
3777
39
3051
180
235
732
370
1062
2945
6
224
1441
2637
1
1274
66
310
926
42
2479
684
125
125
899
1326
270
30
102
16
2690
1418
378
546
227
169
44
267
234
26
5113
16
98
466
624
2
31
1058
50
286
28
2
67
5
106
60
367
1503
1201
45
760
2
91
1295
10
62
61
16
572
373
2234
1610
170
4
755
115
50
262
47
1
79
124
779
583
8831
1
403
4929
204
405
1235
4207
1947
26
656
120
2190
178
104
2670
1278
117
1087
122
7209
5043
8
61
24
1924
139
4
1508
353
1186
2514
3254
183
4105
1383
645
169
8
98
76
1894
625
3112
17
1303
3310
21
3320
13
176
64
497
202
137
205
4268
261
30
170
970
16
132
103
34
562
210
1004
335
138
138
236
340
15
1
166
36
29
43
31
16288
115
4990
808
6280
129
438
306
14
34494
104
223
16
2690
66
13
5408
957
314
243
4237
953
9
42
2117
6208
935
416
59
86
868
5899
55
11
8590
910
2079
390
94
247
1773
115
1074
1
354
626
14
96
107
1567
16
213
34
393
8
453
1345
1020
492
1
5710
674
1577
26
1
54277
967
143
442
11
1466
532
619
1669
290
700
73
4908
8
35
505
15
2947
29
41
23
798
863
44
1
3
1138
218
4768
28527
11390
129
664
288
359
3137
2
1212
320
3238
2449
207
6064
368
9592
1067
41
347
14
554
1105
2180
340
3186
1375
3297
3
65
185
424
122
453
248
9
561
3829
340
96
6
185
131
3234
5012
1531
317
1706
189
3
340
2169
19
132
280
1976
694
336
217
26
103
24
62
906
155
130
3
3042
5974
2012
157
460
337
964
97
198
126
4234
574
5
48
185
173
29
69
23
90
789
5
216
33
13
133
53
5
267
226
8796
5
7
51
2
1150
30
40
1396
483
11
19
294
346
114
241
2338
21
1265
17
1558
193
293
5
93
32
1624
13
501
119
42
33
79
3055
1193
266
1372
404
303
355
682
268
43
97
220
126
3556
1281
47
196
168
139
4
1934
1921
410
2074
155
2875
1602
1300
65
105
258
13
37
136
21
1
26
176
1
1089
213
36
3860
30
340
174
150
1885
107
217
5
1039
1483
16
233
500
4191
67
2067
92
203
1406
268
1658
1234
338
103
8
32
18
41
145
24
474
38
6172
236
226
304
51
297
2
8
318
141
875
144
484
1233
680
1743
821
316
1093
1249
868
310
1
3718
143
657
1314
8017
68
114
917
1
23
95
1335
24
952
192
38
9
2766
144
2069
1001
5882
309
139
75
1043
117
129
411
134
8
93
5
1925
546
142
184
3534
15
16
473
502
2050
57
603
3
2088
68
134
1962
915
172
225
147
545
791
11
383
56
352
175
629
774
76
104
327
313
6
945
9
1244
16
2551
1
72
6957
37
3815
438
191
1681
395
1473
2014
258
11061
383
1849
85
60
1435
187
40
13
660
143
864
37
15
650
561
394
2
5
1483
562
348
738
2
432
196
274
5
72
29
1488
356
1
189
223
56
6125
424
34
125
360
65
67
1776
15
148
25
2549
960
578
105
490
537
56
384
52
1132
404
46
1917
41
47
234
1505
167
119
204
2645
403
299
23
22
14
164
2
395
39
1
3
2543
107
77
14
265
34
828
146
885
541
5
845
145
106
3
1850
124
5
861
815
2
1
14
167
272
1980
140
26
231
273
257
55
76
246
275
37
2713
2675
36
32
326
94
49
247
2
125
117
554
30
926
1414
22
1
52
47
71
36
731
217
4649
138
1027
48
284
3925
11
4853
319
1054
40
31
3472
260
91
522
658
37
28
100
68
11
54
7
66
1514
12507
1525
223
600
1564
39
102
483
4610
4
181
420
43
1281
268
5
150
2482
1635
351
36
668
41
107
39
185
93
129
1372
107
18
153
293
217
1
708
563
688
86
387
3974
453
964
21
1056
19
1661
1023
2958
6
678
397
311
1437
26
1870
210
2820
42
7
4185
112
197
1510
15
257
6
82
908
1153
618
1332
348
34
2323
510
611
40
1403
210
214
1423
152
205
10
109
980
162
220
1121
2352
30
194
334
80
1092
49
97
335
240
15
263
546
1
938
366
39
44
85
94
223
173
437
1160
452
12
63
393
269
62
1491
1203
1082
81
212
85
1183
1137
48
155
11
1122
859
86
4874
1282
305
6113
1132
2132
395
389
730
2331
230
5093
148
7291
684
2
5032
39
4087
1978
107
130
1177
1569
1662
12
191
31
147
27
39
75
33
1204
211
97
225
3339
116
410
2754
1
1032
65
8124
48
807
26
1140
122
272
2104
996
222
28
5866
1251
449
481
9
462
1646
14
297
1056
43
163
249
8866
175
261
1854
1889
2
269
562
979
3
2512
663
553
293
15
512
864
75
3991
255
289
156
383
146
18
103
61
20
257
25
35
15
573
39
1812
344
991
1458
86
19443
1351
40
161
1295
2208
94
266
1343
338
27053
397
160
68
264
25
12432
31
39
2917
537
122
1026
112
1751
345
203
1930
2746
893
994
71
1132
991
1
27
1150
870
748
4066
45
73
980
132
1106
811
1437
3
2237
323
5337
75
1673
251
384
1
1352
8553
102
5
681
472
605
188
631
2
88
890
23
35
141
504
1537
107
1072
536
98
16
2171
4960
354
285
90
51
1076
207
25
313
25
10
5
9085
305
229
14
152
9048
17
32
14
523
318
192
786
11
250
268
20
76
426
166
145
230
395
395
2
165
1456
58
225
335
825
2268
2
1470
15
1144
372
966
1492
433
566
1
426
1074
955
165
586
564
489
46
194
461
650
201
287
371
540
212
14
1
33
964
801
644
493
2082
104
1801
11
493
1805
1244
155
265
232
403
179
2660
5974
35
5478
1
309
9356
80
679
1
169
10
370
1
504
4
149
368
627
402
67
93
307
429
186
1
124
3
9
52
35
8
1702
2145
75
12
260
382
41
11
167
1
2
45
695
380
211
1128
1074
387
915
1580
21
8
4
194
25
1415
247
325
37
156
556
49
234
9
317
135
104
1414
441
1770
3
945
226
444
9
1979
418
82
2558
22
85
2047
254
1059
3
762
427
146
240
5
316
60
50
284
58
14
5
6487
17
1451
288
1102
401
72
687
39
617
148
20
1107
34
1251
718
400
1816
58
4
1019
1542
293
605
912
1682
417
92
173
1548
121
38
46
26
181
1318
73
35
17
415
96
1177
375
1395
544
470
55
648
146
1126
1376
458
115
846
443
84
11
12
17242
878
33
504
108
2271
161
236
4
10
45
125
1101
1072
763
64
1906
181
8
102
1201
532
625
5338
1698
971
20
2359
438
1087
693
624
529
522
50
3279
357
4779
567
692
1883
729
3935
74
1235
88
699
125
112
46
4
7
64
1
74
475
3265
249
418
31
38
9
461
21
1943
1579
1064
61
3249
598
10
30
18
20
4234
62
775
286
132
7518
179
690
621
2358
1
426
1
127
2644
2406
11
22
2498
176
4
79
79
1752
48
307
4689
52
12
1899
1043
58
22
88
1889
1712
2614
84
43
25
128
74
1516
1804
783
23
22
38
254
189
2267
1700
2998
1667
5
47
859
594
4
63
2105
29
582
640
128
2681
4
1461
9335
7
1563
5677
2239
62
1
152
607
503
515
1154
12
70
197
143
1579
76
6260
177
42
1
24
8
62
1315
1482
115
556
502
1570
114
1
4911
819
4150
2
8456
963
3231
42
428
96
1856
48
461
20
1
1879
452
22
912
832
1053
612
6049
424
351
173
184
59
1124
119
474
63
1992
2
5519
3570
402
151
592
13
224
616
129
300
192
365
66
143
2266
16717
269
1718
3
2318
110
281
900
36
136
29
357
532
1114
1281
4151
1715
224
159
1333
36
1
3608
10
1007
1801
120
306
10
208
7695
547
145
992
18
43
143
322
5770
117
256
268
250
1268
1642
61
418
651
18
857
170
125
1474
4230
156
270
604
676
236
11
1800
48
135
3
27
1
6
75
610
13
118
1835
1
3139
1257
411
164
719
53
64
255
189
185
133
222
639
8748
401
306
6
1554
32
454
19
2582
840
71
286
1857
2146
93
6
174
9
19
701
99
127
1036
448
827
1813
50
98
7
1
62
204
163
126
41
393
78
1116
72
9
3
673
15
1008
194
1329
1567
507
1
4821
32
23
90
144
257
369
88
995
1
13
320
43
838
615
2
1
1
1128
1395
28
3449
259
3371
18
117
42
166
168
2527
73
249
1726
624
1079
225
2510
138
8144
52
767
54
252
98
1025
19
19
384
244
3852
257
792
5
268
822
15
280
45
15
284
164
33
568
37
461
19
1234
981
5
781
209
122
421
1848
3
50
6
8
5
1095
76
270
2501
98
2071
15
372
4
136
1
459
49
954
480
190
174
1
160
1
37
266
278
115
229
111
500
243
422
46
127
101
31
495
38343
22
117
19
424
170
1690
353
161
749
82
2294
3028
5
1394
6865
810
660
164
21
732
60
1001
188
59
196
228
92
84
198
60
61
160
108
123
246
134
620
1
176
11
96
4252
109
52
614
372
639
97
420
125
57
1997
80
30
124
15
1328
242
374
53
640
1
124
196
93
1167
49
6015
23
459
10829
399
2638
36
195
2219
121
863
918
149
5
1352
1681
581
126
125
585
68
2
77
258
554
4827
1
337
171
6
348
220
9
6410
2191
328
196
28
10925
238
870
19
876
493
72
215
380
153
1288
1103
339
182
390
104
14
2203
498
314
8702
12
1
377
97
142
801
47
2
4107
15
424
441
35
58
110
114
22
2620
81
26
431
837
120
19
158
26
947
138
2357
30
598
1092
2
368
50
10
10
69
217
137
118
27
40
96
3
2564
579
51
16
347
1805
313
338
2912
65
703
158
1010
344
446
844
278
2220
918
88
334
146
88
3765
505
2579
1
86
758
550
138
13
312
1807
1150
909
53
64
42
247
17940
1
865
1
315
306
497
920
256
1286
10
175
1182
104
2805
2786
5251
934
353
141
82
193
895
47
2116
3282
1282
118
31
178
143
529
890
1247
652
618
12
3
907
3
96
112
1
15
7
266
1152
617
85
4629
1068
3276
81
625
5
1821
382
202
741
1879
836
142
179
5
56
6
1
373
1925
157
660
63
289
445
5
2822
246
9
579
2
929
590
1145
184
6
119
230
1103
384
41
283
1114
163
47
1
222
339
4
30
170
133
139
242
39
28
289
1151
50
960
1
1273
1643
1074
10
140
48
1296
157
3764
1497
1956
813
1859
13
310
15
4
298
72
3115
189
520
271
168
637
502
52
216
6088
88
1815
51
2938
6
1433
3519
15
109
53
16
9
406
1
56
521
222
111
22
820
6619
216
47416
593
3641
965
122
92
72
307
385
99
129
1088
1117
25668
508
108
995
1256
334
238
2577
66
1018
95
283
1104
83
44
1
52
344
669
262
7
346
210
48
273
361
148
17
4122
670
88
54
594
3
147
65
12
1048
182
6647
638
19
2
246
44
476
522
14
111
5374
97
599
140
185
36
1575
170
51
29
1
1124
18
154
119
95
3691
19
950
658
118
11425
1777
559
548
1
1236
866
1956
3616
54
1397
91
6634
27
503
629
757
72
2381
186
87
93
510
3411
2144
537
1136
1197
1952
243
1242
147
284
91
891
154
5737
464
284
1640
1058
696
836
3015
20
2301
3801
63
28
3260
24
747
147
130
75
1106
960
11
5
155
284
1
4
58
25
657
4
791
1760
1215
888
878
1115
54
24
5
1
2077
1065
1474
547
677
89
106
1
5106
458
593
6
1010
72
319
21
23
31
236
3
462
945
796
262
1123
4868
693
1011
48
28
675
56
619
217
27
6
18
107
69
82
10
263
117
164
1061
13663
13
498
232
9654
980
621
153
117
1366
436
65
105
547
1
573
872
81
1899
15
31
153
935
1460
2
6991
78
244
205
1943
11
491
8
654
45
711
204
277
1676
40
83
105
1132
595
68
187
118
136
209
107
1437
37
82
17
79
67
419
73
70
897
1821
1857
148
288
20
197
64
64
6
1275
252
157
200
1149
476
1572
281
6
363
80
72
814
247
49
48
138
93
431
66
1956
92
1
11170
2370
1129
5
1017
481
1688
18
82
181
244
78
873
18
1483
3309
15
18
1230
1870
2689
229
348
13
107
1275
5
95
22
123
233
54
754
254
1035
44
1374
1268
31
713
368
140
511
102
130
46
348
82
85
9
22
1001
1371
37
107
51
731
1146
131
6
256
182
328
719
366
353
969
1397
2587
140
6
40
73
122
2584
987
135
348
1
47
4
1226
1
798
831
51
612
562
34
297
166
3
5903
720
1942
204
2358
860
34
107
1
138
93
64
244
164
3737
2546
1333
38
247
6636
365
236
1483
3990
230
7
786
88
2339
3316
1032
228
1530
455
187
2349
55
2408
1582
1237
47
178
106
535
1788
1
832
37
5363
142
901
1384
1413
434
36
1236
880
1
914
234
29
4743
367
54
6235
570
330
52
42
85
491
1
849
13
549
307
1301
4219
14
232
333
654
46
2105
134
74
50
886
251
11
13
5
681
8560
426
19
107
26
87
1160
329
72
312
194
365
548
609
76
1787
910
154
32
2850
1064
605
107
46
82
125
2706
30
1
151
385
106
3
10
577
61
69
373
4
701
1139
400
116
35
632
132
312
12
430
1715
85
202
121
40
490
485
152
8
155
565
82
46
103
2292
329
1203
4
30
24
26
3429
4523
69
1444
179
193
404
573
101
1508
223
63
4025
54
9243
1314
357
29
207
1647
235
607
233
33
3
539
10
2129
15
460
10
288
10
87
236
1033
102
46
2883
834
5020
447
176
52
80
912
949
52
94
8
2887
455
3051
120
89
7
581
105
301
1
1415
40
512
40
214
42
3
734
123
806
144
182
720
1140
56
26
532
277
199
294
431
17506
95
1
752
17
173
1946
7
304
167
1440
722
1346
1657
1353
6
1
111
153
1456
54
354
34
2472
120
564
452
8665
247
235
22
238
1913
48
213
535
719
217
29
27
342
547
1103
856
280
514
1416
4
150
765
590
86
78
69
1239
644
386
112
83
14
365
24
166
145
1979
2291
264
33
18
601
42
1435
1085
84
541
368
68
199
661
261
3970
71
1613
141
429
154
1214
40
815
415
5
196
28
10518
1
384
50
607
25
228
145
285
409
153
563
1
298
2682
1242
2926
222
917
66
620
96
553
67
1243
140
1157
122
35
92
128
1379
6
92
425
154
184
275
251
136
164
412
451
28
69
24
885
2397
2278
7962
165
1363
257
148
640
629
3
28
14
1186
796
565
7
27880
1276
1654
1125
2103
4376
589
3
6694
43
1245
12488
1720
7360
42
1872
1438
1406
2695
244
309
15
235
7
67
4047
358
1522
1710
5459
156
32
748
17
163
1
3492
29
5
1121
308
19
1176
2534
60
2104
21
145
473
166
13
4653
31
1262
111
237
290
13670
441
69
98
434
13
4105
1235
1342
369
3895
2297
4
35
1506
35
292
162
709
19
62
45
543
1522
231
2930
1021
756
4514
210
17459
52
12
1309
1509
180
244
24
1973
12
167
610
208
112
421
304
62
335
1982
11
1644
350
150
64
1486
1346
147
6081
5112
56
20
20
444
150
58
856
5315
5
9
2544
4738
4271
16
3
1498
3114
19
352
3167
535
241
111
77
6827
86
143
189
151
2989
185
1
655
111
155
84
121
3375
159
192
1503
103
903
810
77
15
34
1739
1754
19473
548
1594
122
209
10
48
18
9
9158
135
933
272
1650
2868
361
246
747
90
1
13
621
1437
15
6
107
112
334
38
63
288
1433
215
3
26
1250
3141
2152
2835
1
14
2317
20
2899
175
1198
138
81
355
2705
44
2121
41
80
909
122
1562
795
246
1584
139
2054
422
1747
939
253
28
54
398
82
183
426
1055
768
33
563
62
542
62
371
154
300
302
1668
776
196
485
1
11717
87
72
79
1566
337
442
3062
12657
95
9
208
3276
782
81
41
57
137
4309
1147
42
1
17
66
267
957
110
803
8
1472
25
2499
219
3195
5535
10
58
445
406
674
52
146
26
40
59
2832
1
65
7
89
109
1
3
7
424
143
893
115
129
1019
151
83
1292
1316
220
1558
987
284
57
434
26
2156
253
215
99
37
54
12
288
1200
101
686
2589
2480
578
49
6
2428
39
13
496
449
10
483
110
55
360
462
22
548
1683
678
189
64
1978
945
3927
67
2120
19
55
16
748
358
186
1817
439
2321
2157
950
20
2727
294
478
220
237
15
2812
1559
105
139
2
148
498
195
3
55754
48
751
1717
418
274
342
389
21
13
52
1222
29
30
1935
45
12
1175
72
49
47
2496
130
2882
2
8
28
103
1836
10623
41
87
129
204
306
383
430
4276
250
49222
2336
699
298
4
330
1256
18188
7439
192
89
65
84
47
6119
356
218
680
55
667
96
2044
272
176
5709
569
2057
613
824
31
101
4862
48
324
206
868
61
1342
33
362
123
7
14
2
154
48
124
15
1145
261
5
3033
4400
938
1930
156
4
36
37
371
63
7
394
2570
3575
17
20
77
161
164
546
429
3316
1
9688
1716
2218
922
39
18
1718
126
21
34
958
1234
12
14
562
7
285
308
213
879
216
6
211
3
4967
644
1
107
940
229
1
345
1
688
71
97
512
102
189
2770
700
254
142
1838
823
1156
34
447
26
146
86
1492
540
216
246
21326
82
757
306
40
231
141
20
1316
773
79
1192
38
27
12
294
75
1632
217
600
1158
11
84
217
250
1039
51
3337
113
530
1788
181
25
2330
560
2947
294
237
709
131
213
1037
1330
143
2943
8
787
1
124
2961
17
101
1803
122
49
28
1847
3
76
1596
888
8
246
76
537
201
1209
1269
247
1
27
107
48
955
12
949
434
254
25
1037
8129
7
919
628
96
1739
43
134
871
3519
330
4
1119
522
2005
376
851
343
694
293
229
2247
743
1
694
58
148
428
1734
1224
230
18
116
201
1852
19
961
113
383
48
5
117
914
13666
20789
18
41
1282
5
1453
23579
1703
65
1213
731
46
27
729
25
54
1392
66
451
827
746
1765
34
595
3440
31
82
420
101
199
872
1518
13
23
130
128
732
1167
227
8
1970
2618
1503
364
2603
4037
450
4623
3795
816
10
3
960
17
1694
1686
4479
1511
291
2968
171
688
418
271
13517
32
67
66
723
12
2058
491
15
941
352
15
1618
290
306
40
1770
4273
7
7
469
110
1183
27
9
1201
153
522
10
12
95
1119
158
22
80
25
260
360
107
11
918
2053
3
1
388
24
813
380
11
1749
96
72
769
1434
974
24
37
32
53
151
843
447
59
1389
96
248
3852
308
412
13838
53
19
9
2
442
1356
947
1499
144
24
1198
415
196
936
30
63
47
51
309
912
827
3198
349
607
3355
106
98
667
2619
93
15
179
4281
1
17
105
1561
2718
2053
4255
709
1
313
1229
3151
1
7
13
109
305
22
1197
92
1445
20
171
511
151
824
66
215
346
703
814
54
774
38
373
196
21
3
428
272
293
38
40
2328
182
865
13842
150
3862
314
22
296
467
4187
1634
947
3266
132
326
275
94
9220
278
2
7125
3851
148
9
46
328
333
148
1201
495
1
502
53
527
3094
528
1481
111
353
8546
7285
198
655
675
1133
1827
160
512
1397
473
1462
5
654
24
173
2206
1195
71
238
151
952
230
39
184
84
114
5
1230
47
93
608
147
541
106
64
824
246
51
66
341
384
94
135
210
579
1128
3142
145
4067
40
549
134
148
77
2331
2063
82
890
602
25
2097
12
323
148
4
61
44
4654
266
426
277
13
462
1845
112
1723
2031
39
3040
2508
70
66
47
295
3722
111
627
151
5
11
5
428
617
11369
7
1
71
207
381
47
79
135
102
227
2328
141
280
2074
33
482
806
884
700
81
188
625
5
1
2176
34
993
107
1274
805
197
40
497
43
7232
1809
95
613
729
129
1
3801
231
986
118
398
145
525
37
1579
2
3649
136
677
845
124
1873
503
2126
1579
1075
583
493
88
2354
1836
381
95
261
11
2
233
376
92
995
272
1551
1380
531
763
45
1274
51
595
2420
2603
105
41
431
221
4572
548
410
432
1129
12
582
637
428
96
133
66
364
81
187
4894
127
529
57
433
1367
1309
93
701
643
1
1
342
596
271
1
57
80
767
763
143
130
301
23
934
1171
516
4443
152
1344
81
17681
6
255
732
31
2422
3000
1097
7211
2124
461
995
1114
71
32
414
498
43
52
901
675
12
55
25
999
401
26
160
224
1898
46
5820
759
47
45
1008
106
62
1408
1259
370
3345
16
3315
1003
126
187
2
67
689
142
40
47
2
3422
6555
39
463
54
11495
38
646
585
1698
8
1373
3045
17
3920
71
618
68
945
551
112
881
1751
412
119
56511
5642
288
116
463
453
63
955
135
49
80
317
463
558
219
43
4
187
521
393
398
254
1898
7116
161
1080
264
235
83
1194
153
39
60
123
2124
1597
75
141
522
13
594
9
11
2851
177
68
200
1120
5
4003
338
403
610
1162
551
82
7525
2223
607
188
27
837
17
64
39
128
76
237
867
111
4324
3800
495
3455
64
1771
21
35
192
20
1779
143
60
13
31203
10554
88
21
458
20
1
9
78
259
282
1630
140
1548
25
825
221
17
51
10
94
104
429
22
2889
166
2387
1999
992
767
67
1043
1785
432
372
44
692
1973
769
181
10
275
39
202
5296
162
16
302
2619
83
38
2593
640
2431
13336
393
1666
329
679
78
678
3
377
281
2408
527
452
229
1073
20
151
150
78
93
915
210
157
2
2
898
1321
278
5
4355
258
72
1755
151
3916
72
665
182
4352
19682
103
7
5490
1538
13
1889
1
107
574
1062
438
44
8
1426
5815
21
79
415
379
11920
1379
284
106
108
3294
73
2417
461
3888
1872
444
985
14
497
90
13
34
23
215
411
618
60
1587
171
296
177
288
94
99
234
1016
326
145
8788
1177
300
307
982
97
143
163
2330
277
2916
315
23
6617
10
122
1244
1015
527
1289
34
869
2
79
274
5
101
705
4
4
12969
4802
58
4040
8
3084
4
107
1
6811
2142
199
1408
11
3395
13255
1065
64
217
84
271
4
53
24
77
426
347
195
139
758
218
80
748
1860
99
1
215
3651
1177
61
688
638
62
131
162
4373
372
478
414
118
13
966
203
19
174
130
813
839
188
73
377
317
271
75
6
5
993
795
9
176
1981
15
5503
861
422
2308
956
106
5660
450
1420
367
1033
98
248
4606
588
73
2453
113
1
79
88
436
85
16
2829
1938
89
759
464
31
880
108
1
2256
360
7
108
526
1726
285
1933
26
75
170
2294
336
819
116
157
805
104
119
1450
21
2220
645
1408
455
2461
4869
2624
671
713
1211
9
825
18209
151
381
12318
122
151
429
1630
349
65
643
237
69
23
2554
583
1377
322
14
672
1463
169
58
64
181
238
16
1
11
126
465
7
78
3284
1715
25
8
20
1411
10
1633
653
2203
187
144
11261
10
1766
1228
1028
310
784
163
509
856
8
5527
2616
923
2913
1303
2882
387
21
4442
26
1293
20
11
1151
3000
121
131
1767
200
677
263
7433
3
457
1885
1626
128
429
23
1923
44
374
100
4390
143
50
6
116
28
141
166
519
434
1620
4510
519
316
1
189
14
687
211
520
30
2
200
147
240
948
9
16
11
191
118
3267
4
358
23
1
3
1208
519
981
1133
3094
1
205
116
1511
16
1697
36
91
8
12
1360
1580
1589
24770
269
1194
136
1
6147
89
324
2794
7
825
1626
58
250
10541
819
13
851
104
328
34
120
13
1732
127
1481
674
854
121
936
2879
454
416
23
13
108
3008
480
707
1122
302
748
3
20
411
4332
43
110
106
375
118
2472
41
1266
1208
4049
282
513
249
78
67
308
11
62
1265
330
87
33
46
2
1
848
4
2845
163
234
1127
482
1502
1
274
426
2361
2090
2719
640
1148
190
404
942
11
17
3715
7968
1461
33
102
742
7
22
57
111
1
48
33
13753
36800
85
97
96
116
276
92
7
27
230
6
103
69
805
15
1029
599
1245
10036
172
39
587
2652
15
1
117
71
1
228
9882
6
235
175
2474
1056
87
444
1394
6066
16
301
1050
106
33
51
88
29
65
646
234
67
499
355
176
36
84
33
34
31
1888
963
9120
73
2077
48
2
317
137
2619
748
447
339
214
5603
1
1742
142
46
2117
2012
186
28
517
2595
2966
103
20
928
145
16
999
186
2510
283
1721
953
110
112
5
471
67
2479
185
488
198
50
30
2870
584
1212
166
43
1212
12
496
20296
1
1027
78
403
67626
549
572
577
17
1985
846
513
1295
276
62
2742
91
1754
92
298
5106
659
755
417
6
164
165
199
6
33
137
92135
150
17
153
1873
39
211
652
2982
42
1338
1632
1518
2911
845
319
37
419
202
894
106
1597
2369
7113
1983
3267
988
1
512
1192
204
616
52
1576
10
50515
14934
265
482
1
212
4622
532
2595
1095
1427
112
455
589
1279
90
1
702
46
280
4466
154
6159
1977
45
60
59
188
156
86
1386
208
181
245
473
392
270
18
428
444
1006
391
388
215
149
1267
2759
692
4807
2812
153
4
1371
73075
930
25
358
74
460
100
76
627
89
14543
23
625
39
753
420
1315
12
286
77
390
32
159
855
275
140
1193
335
933
2916
32
550
627
4203
66
1147
2411
304
1306
154
98
2339
3702
3
323
640
65
243
1
3007
2789
5754
111
513
318
8397
4
217
328
739
4
71
4
535
1497
1131
2139
1466
93
1689
126
167
77
524
70
160
5749
2090
1438
502
2120
36
308
122
2605
305
1
8
2531
338
29
406
261
1356
3
555
528
427
231
53
17
14
8
899
667
657
30
1581
110
1
115
1698
87
166
10969
3711
10
8
14
1
10
146
778
120
8210
646
62
1402
510
2653
16
9
411
23
501
438
166
1374
1179
659
214
787
108
212
176
1
1
3
1314
1127
351
218
1675
2923
271
37
265
800
62
199
17
381
117
49
90
36
18
551
1121
548
102
2862
189
919
2744
40
197
324
456
234
246
58
556
76
599
20
685
1
806
62
1
20
11
2
16
82
17
472
1015
29
605
23
31
351
2244
600
443
2883
2200
514
132
5
1
267
60
970
168
6
931
3725
831
855
46
176
502
99
23
16920
9956
287
493
393
1061
1593
15657
132
2564
166
70
1197
73
1106
245
39
647
480
596
493
1871
60
15
255
2
1224
49
2378
154
47
42
721
710
1340
16
808
14
55
2507
108
32
2584
1100
145
629
736
163
3182
6165
46
1008
119
4879
10
136
228
12
66
2589
5422
396
728
647
2357
3008
4276
2826
83
45
170
3
997
178
66
36
29
18
126
13
35
134
4999
2133
2860
756
142
351
7
272
583
725
5395
707
1
46
390
81
266
17
1
75
60
884
172
283
2062
3746
190
72
60
9
709
126
457
8
253
17
61
97
61
1626
247
11
1615
176
21
2161
950
37
295
1135
3588
4009
21
14
76
2847
483
238
4866
130
76
6
76
125
5
246
447
256
1716
86
16
10
105
170
748
63
112
121
1945
3797
5
213
1356
186
6
281
2285
53
545
218
7421
796
269
82
21
3133
8
2633
1357
1031
102
524
54
1002
173
341
129
16
41
388
348
15
249
479
488
121
41
325
142
4
3715
1139
6661
47
1
1
59
198
546
35
17984
498
420
12
282
455
2078
178
1008
126
1932
714
1095
107
41
4
74
224
8
184
210
14
294
1
1144
323
204
233
4312
1
420
2170
611
91
33
308
23
16
196
910
828
3
701
170
620
218
664
257
167
91
14
511
1239
5957
857
1094
148
245
163
2558
531
1818
28
28
724
65
33
197
31
523
210
102
183
2791
30
47
833
5
7679
1
533
2134
2341
344
486
103
1224
375
324
1523
310
1155
151
448
1382
1125
1386
460
3764
320
31
10
192
2516
5
2518
344
81
1162
712
10
723
240
13143
348
7747
545
424
31
225
4183
1473
179
1296
172
4
4499
132
126
5169
1243
44
113
27
6
1294
254
724
9531
44
786
3606
1626
24
4305
206
86
2048
2
68
23
2578
84
636
18
224
7
18
646
1486
6592
337
252
1387
1556
4145
457
26
32
1038
643
959
74
356
7760
54
854
17
127
1
1896
24
307
428
44
25
966
1858
145
38
4
1
833
65
137
380
631
25
3493
1
772
4040
15
1
4
80161
8
1719
349
365
52
10
1155
148
8
37
57
1
140
295
8
9
121
121
1
24
1512
10
358
7
39
8
277
691
373
486
881
4
2019
377
47
3093
1179
126
2
368
4
95
223
682
234
3942
291
127
2063
837
93
201
738
354
349
622
33
282
85
248
126
2
107
177
821
1840
1592
1371
192
205
101
2
3609
326
244
53
90
73
1309
350
98
473
871
1
1126
617
391
39
20
429
3842
5026
157
1443
173
11
120
46
293
28
27
222
4
24
539
18
128
954
1285
4582
344
191
40
14132
1125
23
1420
97
342
386
1980
2
12142
27
8
3166
223
16
892
671
93
3157
11
17
17
132
4438
802
7140
197
15
3203
171
1797
223
1942
104
240
119
31
447
34
1
240
516
1
2
45
3103
5
5690
20195
38
19
5
28
128
1070
2365
2771
75
2874
240
41
516
167
538
21
4
568
162
218
228
34
1591
7
8
434
277
6
479
32
34
894
22
33
3305
1
776
211
623
389
44
14
2894
105
55
3569
786
9
207
201
1683
53
26
139
37
200
91
157
14
60
5
16
34
1283
1820
634
6
3
1
227
29
775
12
540
3801
908
2183
1039
43
1603
81
11
497
379
275
126
252
11
19
1
4986
13
308
29
103
327
142
205
1749
214
286
133
7634
1
37
70
15208
25
3345
133
516
15
426
554
7001
188
54
581
47
1475
166
719
92
634
108
324
395
40
154
1148
10303
114
119
936
119
33
286
293
1465
2807
107
3
95
4
26
13249
5295
23
486
419
1
3
161
104
5718
329
670
305
1119
6
2689
2560
511
453
1929
1479
189
1
132
167
60
1413
3
107
208
1464
1540
8
384
131
541
270
40
95
12
20
8
78
139
525
57
2568
179
828
11
338
127
24
1052
537
1298
3907
775
238
1360
134
1002
2687
83
741
1400
5
54
905
1066
515
11
110
415
167
29
214
30
144
336
30
195
2557
5237
199
150
248
259
234
1006
935
487
530
133
10
2
294
3971
846
561
308
477
440
119
13
95
103
1273
8
660
1
82
12
312
10
138
888
121
2
1247
935
2222
1141
65
3180
16
36
618
174
1345
1878
9475
103
1429
38
4015
20
53
2450
950
6
60
311
354
165
3943
318
2432
4921
31
43
290
32
54
63
484
1037
323
31
1641
17
1198
130
153
178
404
60
8492
1822
220
4
311
290
990
124
341
562
77
416
7
66
918
6849
142
416
7805
186
1340
1117
146
2035
1161
386
3179
118
45
840
11
17
42
164
69
142
692
1549
492
1114
23
105
2255
397
27
18
946
1295
6
2302
300
942
143
833
206
262
216
161
547
5468
1
892
124
977
873
216
124
428
100
190
76
84
3950
240
1855
514
1432
3500
1680
142
3145
11
4
426
3241
47
997
133
17
3047
23
437
686
168
117
705
135
4108
2
126
56
2975
3241
686
1165
551
2898
439
214
5421
1447
168
94
2165
152
2998
972
105
5076
11
552
403
1337
6
2127
733
181
153
78
874
1
13
1
2
1149
1710
305
72
429
2817
926
12
158
38
28
81
16
3042
1960
37
173
395
1181
6290
647
103
1211
43
110
83
722
4094
1892
219
1252
242
79
139
927
101
65
1772
1
937
253
1316
6537
155
100
33
268
742
1106
7
34
463
2731
1679
156
1229
1381
961
21
1191
1851
80
76
719
56
22
465
641
474
14826
536
56
750
392
19
928
114
1631
9253
176
1149
84
1472
62
2054
74
208
76
469
3489
393
1030
3783
223
625
1270
896
113
1130
3662
254
95
11411
340
955
884
2199
30
415
4
147
1152
846
590
281
89
378
233
2823
1462
301
524
662
5585
826
69
555
141
179
482
26
42
318
107
5
7164
96
161
1048
54
1566
1210
1026
53
142
83
338
4201
840
36
156
1194
78
318
2366
7076
186
144
72
146
2670
432
228
477
14
56
3299
2966
3213
314
3388
472
76
757
529
245
779
2187
4
570
652
1488
1562
2351
95
578
400
226
382
206
226
1124
1014
29
500
580
292
438
431
96
25
814
6
42
1804
276
58
77
47
812
2
35
8543
176
155
1586
3
5492
923
6
829
1172
6
25
461
590
20
10
947
1700
9477
3911
4676
183
2141
556
583
99
800
25
430
2935
1565
2377
334
258
2958
539
154
989
1960
612
3173
1
82
937
29
256
29
194
193
2
460
13
389
26
2256
10
2
26
2830
179
19
4333
1155
927
12
1703
30
226
2814
1107
793
314
6
37
4406
1101
625
1209
1647
5740
28
566
76
714
958
38
1775
44
9398
914
2381
23
1233
229
121
1090
3511
868
1792
856
5638
82
57
8
1816
394
194
173
49
40
80
2699
92
352
194
469
1247
325
390
2608
223
889
5906
304
213
204
405
1360
421
27
81
1406
155
4327
345
93
117
6
1821
559
1344
258
28
830
897
1
276
3
1112
3051
628
472
89
492
79
74
1890
688
1037
28
114
34
459
39
38
13
198
173
10
19
409
76
28
98
2990
99
8076
1765
1198
3218
452
19
3
2007
657
3280
440
108
474
1121
68
2
190
300
73
90
141
27
47
2502
706
382
1211
1
1142
526
53
1210
74
429
22
129
237
408
381
1
55
80
2040
5407
75
301
198
393
569
749
77
113
77
1991
28
480
59
330
50
143
253
467
168
26
71
47
73
393
47
700
423
7
1008
17
1
1377
919
157
6409
3524
87
31
167
263
2668
658
627
214
262
1342
1
448
698
151
1
35
6
503
372
2584
399
996
1883
2693
96
1587
23
1223
188
18
29
2
61
707
100
57
1208
4
1239
43
33
5426
1151
2117
4208
1613
5008
402
82
6
259
564
108
165
4
1
422
25
1914
321
215
121
1162
39
543
14
258
748
600
7143
20
1575
332
2014
76
504
503
82
204
131
124
46
846
222
92
1111
1135
6985
330
493
99
47
565
3201
1226
458
4251
100
17
334
96
143
68
1043
44
1
3357
561
673
87
80
1
384
99
286
255
8
356
7
135
12
1783
652
379
94
118
2423
25
545
883
945
349
5
13
655
222
307
2522
2389
396
703
67
148
91
395
349
216
711
17
476
98
117
381
12
137
24
120
125
142
120
173
50
10
344
401
14
3321
6
1174
1
111
56
10
476
2852
841
762
123
2778
16
1941
597
3658
1605
753
962
31
528
114
368
1107
4694
100
196
92
240
1601
530
668
109
483
3670
689
65
52
80
17
364
21
1025
267
11026
753
322
169
24
48
193
1529
215
25
272
573
111
39
26
512
221
157
1416
1342
280
1
36
92
406
74
1
2628
192
653
900
5
1364
322
1821
415
169
377
2
3517
30
165
21
198
1008
832
51
145
76
1
827
1577
126
706
562
341
846
3007
3501
9151
3527
882
480
214
11
264
372
279
8
29
458
42
1048
680
37
199
287
2405
967
1739
4
166
1804
148
194
39
2962
227
2320
910
603
234
213
52
252
130
78
1690
1831
84
160
825
4
3561
905
446
143
42
460
111
275
370
24
20
111
32
9
76
636
105
231
289
315
1472
895
1434
49
13
69
91
33
242
52
8
762
137
11
99
483
2206
2
239
1856
1172
2415
421
323
1133
654
1127
1462
418
604
222
1324
844
1263
280
14
524
30
91
281
16
152
122
757
2580
978
80
62
233
719
1469
49688
2869
1256
1050
41
370
215
2660
96
1680
1103
833
10
4
86
1946
486
7979
1138
3
22
358
32
188
1457
50
2
1100
9
27
2562
10
215
1998
832
8
547
109
288
4736
55
2867
905
320
194
462
2651
172
1
220
131
4
81
4
769
5394
302
412
329
412
746
3290
556
863
393
16
451
3074
11
1155
85
1256
705
221
71
33
1785
1
1568
257
118
5149
1938
270
265
186
1774
216
641
360
211
200
9
253
401
89
590
1152
5471
388
1906
34
154
424
7281
1922
4301
3372
225
164
3247
4304
67
1432
553
330
238
1172
59
111
1363
466
529
1853
5
6938
16
33
445
42
58
2695
854
2977
229
5763
7615
1857
783
626
146
418
92
1384
102
573
120
548
152
1
37
58
691
176
4027
75
1335
332
24
231
22
56
1272
1641
924
359
1359
5
795
100
45
59
331
271
28
4
39
292
3
80
49
2
1
1294
3621
21
35406
48
115
682
22
1698
1859
185
29
246
1010
3833
464
615
18
635
11
111
1039
222
624
165
158
676
129
331
1815
1018
4069
130
3
611
337
16
212
2296
2432
532
2027
17
1995
619
3033
1153
322
368
158
1169
2772
3918
296
202
76
1066
24
108
71
51
50
1793
967
119
13
33
136
6
144
1584
15
188
19
1274
244
144
99
1666
332
352
521
331
1591
1182
4885
5
627
329
66
257
333
37
30
123
999
270
2
4034
73
74
9
2
18
415
2873
1358
154
25
1160
20
245
811
157
223
2137
12
165
138
867
664
29
652
980
922
387
393
39
204
107
30
1153
24
619
293
14
456
685
1698
1508
2111
120
761
237
296
1
3730
2053
283
209
549
40
108
60
514
92
193
133
144
3
8
357
41
805
1996
705
668
80
1
174
101
1127
40
1
128
5803
102
87
4571
84
28
13
14
2126
328
56
113
2465
41
1757
458
1399
329
38
205
161
18
20
2124
21
29
956
136
93
2450
170
75
17
101
1097
2
30
1594
420
146
550
2181
482
365
932
1166
9
1666
1067
1244
47
11
140
135
133
128
1426
7
1063
671
1
1443
44
2337
5
35
2285
304
34
292
1006
337
828
1066
292
1870
250
28
285
10
861
1096
12
155
266
148
942
87
4884
1049
113
836
17
206
2
417
268
6
4
1401
28
24
247
1943
53
51
315
2896
33
7
247
2231
39
110
44
46
60
331
57
435
2483
3
1314
334
109
954
30
3
43
8
3
35
616
699
182
359
131
203
7374
410
318
1672
73
1373
41
38
526
316
72
2
7
686
1581
10
172
61
78
505
1753
68
289
1997
1025
4095
36
2756
319
1055
125
707
383
43
1304
64
377
22
71
7
515
1384
681
5004
1497
1142
926
103
452
475
60
136
7
11
293
6
192
44
14
98
1709
220
73
43
19
70
567
3499
4017
24
399
178
217
3126
254
523
4
702
68
488
1173
2901
623
2669
19
23
2023
53
10
70
1374
1014
20
3572
2669
144
129
1
6447
5
66
207
31
4018
154
59
643
335
2461
6040
911
11
4
260
61
74
4
150
1
200
278
11978
8
9
882
369
846
1298
114
59
1914
1
7
14
10
545
45
208
741
51
46
246
617
4591
16
1892
833
20
132
10
37
284
102
59
135
1170
1125
946
272
2576
419
433
145
428
4
385
494
1179
1
568
497
1272
1529
219
6
168
61
1
1042
125
23
39
44
155
61
532
1899
39
725
86
2
137
162
41
11
7
833
101
183
132
114
12
44
1113
932
130
1377
151
89
7662
257
5056
315
223
139
180
3379
470
20
54
57
925
213
1
667
2
7
1782
488
12317
1111
25
887
53
3
52
144
185
17
61
36
483
1
526
351
271
100
128
112
829
52
74
1233
465
2
12
54
3953
595
2138
871
186
1048
3720
379
24
806
961
407
93
52
491
10645
6
885
19
299
357
272
909
3910
1124
14
550
28
1188
260
835
98
3068
18
203
18
333
1
97
1053
71
75
77
21
147
47
547
751
604
5
367
119
329
375
11
126
3
164
10
39
2161
156
42
452
1037
288
1403
219
1017
1626
180
2621
127
50
175
55
5666
132
204
226
1198
259
25
272
1
2
92
1
48
21
38
89
2609
30
15
34657
36
7494
36
19
94
57
113
1253
29
97
58
20
1
121
179
737
867
383
877
10300
37
6
921
52
146
472
276
2311
1256
2989
22
1333
1
8
2
16
3575
417
2957
730
6
2
5444
220
237
1998
196
463
6283
2
188
44
1086
235
262
833
4486
472
326
12
249
3553
28
95
339
4030
35
8
8
222
1015
8
101
1
836
104
203
355
3597
3281
3729
85
371
1330
583
2373
4077
435
1571
282
325
690
9663
2006
606
3106
287
14
103
1059
444
99
531
30
125
850
1279
122
63
901
630
5
1180
204
1763
219
248
20176
90
142
47
808
141
605
19
19
1494
78
119
115
485
31
1841
32
965
826
230
57
131
153
556
400
1
120
15
184
1068
535
159
909
1
14
1614
3300
1044
162
278
5292
91
64
115
15
534
155
777
1123
417
7
177
683
99
1049
162
221
381
208
245
3923
1035
3299
7
2258
175
503
1706
191
1139
24
850
68
147
2281
3051
13
72
293
20
145
5499
632
1031
23
18
43
96
375
719
5
3262
927
144
41
353
7714
38
347
590
6679
1269
154
87
1094
219
111
32
316
1187
18
249
1544
6
21
1111
8244
103
2511
222
191
51
1614
202
66
13730
1590
4186
585
56
524
1317
1359
3727
1105
1
191
893
197
36
409
894
243
1023
388
17
28
4
2142
809
47
8
1
800
20
1224
43
3339
407
74
99
62
1
66
6
146
14
1060
3776
23
1088
1444
1386
2714
1506
528
5
1
1064
165
10
8
4212
47
1138
1433
13
57
1167
183
609
2657
78
5908
14
908
418
57
3088
16
1102
272
58
31
37
187
806
1548
42
468
484
29
301
15
574
1981
26
293
50
1307
212
577
925
423
470
1613
565
1926
2
484
242
1975
268
699
2755
107
2828
54
10613
5
1
1411
216
202
2041
96
19
34
52
256
442
45
51
155
240
44
2205
1602
228
451
137
1748
7502
419
590
188
51
62
263
284
1958
209
29
1799
3
2245
140
2014
212
758
578
489
2210
435
223
3669
174
5732
75
30
196
212
1
837
3732
2
3159
120
188
178
20
11251
126
555
639
11692
74
3225
1656
23
2
1543
37
362
3259
527
125
842
1968
3615
488
1326
23
522
4489
1149
1232
1533
10057
6500
6645
686
5
101
341
25089
4833
595
140
1383
1
1403
2458
289
130
165
850
1679
24
536
163
210
1532
26
79
61
31
115
1241
532
896
1941
55
66
463
107
479
282
1565
10
1230
21
82
5875
621
6182
926
13
147
482
43
183
23
728
2254
1
370
97
37
4
1080
1
1320
484
84
2148
225
167
520
611
1086
11
379
363
57
2429
181
70
267
685
19
1815
175
851
1113
68
28
12
197
287
1438
99
13
55
1307
301
1459
1333
852
1
33
4541
31
152
3
325
648
489
821
102
22
136
24
47
5
374
2421
1023
1009
405
98
1531
2601
1768
1221
2351
617
108
2858
187
1119
11
348
125
1170
286
103
142
1062
2925
13
213
1017
164
85
9
568
641
38
267
1
63
265
922
351
1425
45
7
2942
15780
248
15
789
146
315
92
2806
373
841
1
175
1537
524
2444
165
70
182
935
226
2767
1101
246
12378
134
1122
1297
33
1808
22
252
571
65
912
5091
150
30
1036
104
30
371
673
1
117
11
849
90
32
600
868
1
1510
622
98
3578
88
18
65
14630
3643
186
235
4
794
4
269
34652
253
45
22
53
1
330
510
21
3863
36
46
15878
317
22
156
4397
47
1029
51
13
20
486
2297
17353
173
1
88
373
216
204
189
945
914
1472
24
650
16
503
13
55
1
124
1031
8
772
2694
147
84
4033
6361
212
5
1109
225
1800
341
16
5862
720
1064
29
1225
203
37
24522
185
1620
11
1
383
985
62
949
12
1236
2417
50
3363
15
927
135
73
801
182
58
48
126
21
82
1220
237
16
79
25
806
173
88
21
6
222
105
1035
62
558
7
346
1
226
77
22
3057
240
42
68
359
16
87
1
367
19
73
16
1460
4479
245
82
24
17
25
1139
3756
80
340
8
91
58
195
1660
713
719
331
79
1499
423
150
344
25
181
881
4
334
16
37
161
26
362
536
294
2163
185
13
94
1247
866
422
443
61
24
497
903
1
593
990
206
1966
191
386
328
570
87
120
106
19
4793
1971
31
303
18
22
21
25
177
467
940
2330
4956
107
551
106
630
14
1
935
1750
654
1754
275
139
287
248
85
20
85
390
795
313
55
31
22
21402
87
2
37
72
2113
65
7
206
447
314
1182
630
62
58
889
49
4
679
640
151
120
520
129
1
710
80
2054
167
26
617
1545
286
94
1
29
76
188
655
170
51
722
224
380
80
137
334
8
1
46
111
79
122
7
588
811
14
101
2
19
6
212
193
11
1898
1238
657
980
1231
183
18
4777
815
540
35
838
137
5386
22
983
22
536
16
1
13
463
2787
148
950
553
18
111
1804
18
602
374
2918
39
674
1066
17
41
108
1306
18247
15
3821
50
1820
81
1749
107
520
69
73
128
10
116
19
93
1013
1
462
22
1812
1412
70
561
2443
3
78
3
232
3
4194
217
467
181
246
740
57909
2
15
62
48
171
588
24
940
587
419
112
390
76
1953
1984
498
154
7
438
64
181
107
93
1
658
569
2
192
472
15
77
245
76
7
2881
954
699
41
72
20
36
1356
450
192
757
1633
577
90
329
3993
7
55
236
5343
12
5791
586
5
58
166
90
157
2342
31
526
48
591
423
76
48
22
691
169
65
18
2416
90
306
392
5
2249
571
190
9
442
2783
48
2071
33
4
41
103
6607
81
614
669
949
269
307
1127
60
8870
323
83
1822
7
1280
1519
1226
2412
8
290
881
9
7
49
3661
55
646
329
1356
297
87
737
111
11
187
3074
12
190
37
33
59
35
163
285
545
785
905
150
1087
137
184
1314
1162
11
341
44
407
8
426
47
2
1
46
66
2569
208
5
1728
1
361
1546
23
31
428
188
17
3156
474
7264
2095
302
470
5741
8850
4054
11
622
37
399
4368
138
1426
3
8155
2841
18559
401
697
1194
1489
197
737
3321
607
276
18
132
1448
1816
8
9
335
38
143
66
901
1309
59
6150
362
305
961
236
124
11475
13
2311
69
5186
70
1733
176
704
1
5949
1113
250
1711
3565
32
4056
1695
882
35
63
142
16
179
368
565
649
81
2427
385
69
1017
210
773
1515
560
220
186
163
1755
500
222
234
13
1111
11
160
291
13894
185
382
19
27
284
383
81
4147
5034
16
289
2
271
15
104
107
1117
857
354
82
353
714
1276
1457
3846
24
719
3963
1216
605
1595
106
917
1162
642
11
3741
26
4896
987
2
2549
1140
394
205
10
614
1
185
42
8244
643
4704
7
119
133
59
102
33591
45
125
1926
42
60
171
1
262
87
866
12
23
729
106
64
363
1176
3
973
25
5
439
13
672
3
46
39
60
232
261
540
4
62
373
299
12
75
98
1257
538
103
235
199
5404
669
31
14
1970
881
189
3230
26
222
1
610
1
1502
9
600
2403
2211
3100
889
981
89
633
980
11
12
241
736
50
100
232
72
572
956
29
13
47
169
23
45
10
72
131
10
11
316
345
11
126
96
17
215
538
233
79
151
1198
14
19
224
527
3593
88
2
144
81
146
1609
3
102
262
483
661
1120
548
160
9
472
2714
18
133
2761
915
38
94
710
2375
8
4240
32
209
24
18
21007
315
478
161
1369
112
289
1290
1555
264
100
16
144
1
31
59
1386
15
23
271
205
265
17
201
10
606
41
516
397
4181
131
111
4653
189
58
41
89
4
129
75
68
142
213
105
545
7
238
10
1
45
3023
11
10
322
1
328
77
293
74
2702
19
226
25115
42
1299
1667
609
753
127
1377
152
812
1
68
64
82
33
219
634
1423
70
107
568
14
46
600
8031
238
80
59
99
3790
251
25
299
37
18
62
352
97
2329
230
284
77
47
168
186
46
42
742
79
17
320
5273
265
10
3380
1716
29
1293
5536
301
677
159
104
136
513
477
32
108
343
12866
1
789
2145
7
1441
82
341
612
242
67
5782
210
145
428
12255
1140
487
76
23
16
262
14714
60
87
90
115
80
203
213
123
55
545
804
387
438
115
1757
6
236
847
51
462
419
292
254
378
232
8
300
572
3313
1431
1363
1980
92
48
4668
13
17
74
587
2860
1222
22
36
772
1233
724
18
1194
290
202
8
948
981
24
28
3076
1806
1346
2632
203
443
8209
71
69
284
15540
93
27
78
103
177
101
45
510
28
4007
788
1430
288
7743
292
391
2031
76
928
1
1173
90
282
1640
84
77
128
33
1320
15
125
756
927
1653
85
1464
20
619
743
3193
86
426
71
242
3032
16
392
392
166
657
57
1211
168
134
11042
143
272
953
281
71
481
133
5139
124
578
1423
1062
750
593
2
306
1
68
6
1682
1977
770
577
43
961
3519
250
8
2871
5
67
89
18
110
231
243
4
208
2
2
15
135
599
1
527
566
992
21
973
1071
5610
111
14
34
117
314
1821
1858
77
1396
4
6583
6
611
44
19
720
244
17
10
95
802
547
1210
761
1174
1047
951
24
54
341
3853
333
685
1891
234
29
374
39
17
157
144
90
1000
4
446
89
116
1056
5874
1204
251
3983
1396
103
9
148
724
4
65
651
1
327
6
5
1281
4457
39
188
1050
279
256
8704
2024
1865
1869
364
125
1339
123
1026
141
3068
50
1
10
204
500
10060
8
222
3361
69
228
1005
6
1
794
38
2471
157
1
171
1808
10
470
9
250
473
362
63
437
473
4469
355
79
4
328
986
451
2209
8
305
4320
2877
7
242
130
25
578
587
365
1817
4
1305
39
20
67
2337
369
45
5899
9690
247
94
305
696
521
166
621
803
149
35
662
4630
78
845
1752
219
9
118
56
317
416
19
19
110
153
68
182
33
95
34
207
177
5
20
6
4
1047
230
64
351
534
22
3
224
223
2578
786
3
2478
198
352
60
430
1284
17
274
864
23
9
1
98
188
1238
17
172
3581
68
49
215
108
20
500
231
1666
96
1140
181
2
59
12
129
291
4
783
20
114
33
17
6
1
405
63
1
641
144
105
308
42
50
99
26
643
47
2513
122
22
22
76
2342
3700
2908
3649
473
566
2745
101
7
148
1118
1
21
1496
1159
455
124
11
228
352
323
28
87
351
317
438
180
5448
201
846
123
302
1420
1
1030
278
524
151
275
29
2728
1089
824
104
1485
91
2637
1043
1
29
5273
3664
279
1599
86
4049
22
20
3422
40
56
1598
172
135
580
8
70
1734
250
9
1
18
15
221
170
583
3444
77
4
61
35
2921
271
348
251
17
143
546
161
827
286
7
57
65
27
82
362
34
1
319
241
259
19
2
15
53
5093
2263
25
268
1
6167
227
79
1
111
1645
845
23
9
25
1546
3061
2
2320
246
973
688
163
195
409
122
113
50
46
217
1509
1866
836
3163
25
646
996
389
13
783
14594
254
5750
9
453
206
7
195
1
384
7
772
24
3820
2
277
112
750
27
302
567
103
40
433
147
326
51
1
28
33
138
2090
2050
145
767
309
5162
36
36
101
430
385
11
35
20
322
17
61
1302
235
29
11
379
159
1022
60
304
665
288
107
106
409
122
12
496
5
138
44
810
132
337
693
11633
163
1431
180
1
224
71
128
373
31
23
436
555
92
703
846
51
355
109
1
26
30
161
21
184
1866
162
12
2
10373
84
219
2124
703
2
339
830
654
162
5
6
424
80
186
32
1334
285
109
7
4
1949
2789
84
1841
8
240
56
68
1073
386
10
34
114
2
991
83
5828
154
222
2187
9803
128
51
1666
116
2398
496
14
43
53
19
341
47
394
122
726
1176
7024
121
246
529
2850
134
3
5
2226
917
268
1
9
704
208
454
631
121
265
18
359
112
238
342
1852
177
34
100
3630
2
606
7910
117
112
585
251
578
202
901
40
78
337
214
1290
789
9
10
54
50
2084
914
3
1363
343
11
98
1381
1506
2579
2571
113
995
22
605
1184
458
123
607
441
15
606
858
27
79
2456
1138
958
18
123
27
119
11661
47
50
1168
557
5
6
2396
10
17
226
369
1076
499
162
1
1
86
1691
2827
245
50
272
54
189
96
233
153
1
17
689
11209
333
177
215
4
242
125828
40
1
169
1907
78
16
199
40
1204
797
1
422
33
30
412
26
1715
46
2
53
3339
609
867
134
114
1691
40
31
1421
658
1886
66
254
80
982
456
26
122
3257
1
88
1065
70
72
327
664
532
1598
807
73
99
37
82
477
179
24
9
1621
524
1023
234
646
253
3
42
10
48603
127
72
101
5
472
247
35
2545
37
6989
3
41
1259
88
839
3565
173
369
189
65
1278
562
3836
921
513
367
28
4
719
108
667
13
404
2496
91
206
292
815
487
2
84
953
44
77
119
210
119
173
14
29
8
78
134
159
1
1
20
3608
39
944
2369
808
9
42
210
17
343
576
588
131
650
73
46
23
34
37
12
1344
20502
313
1160
20
395
753
250
10
203
27
762
456
1155
277
618
175
26
2107
3129
1203
89
49
1
116
42
6
115
4
129
3
2870
22
1329
5
1074
1
1329
524
247
135
975
162
438
93
7
30
34
173
186
18
96
18
176
164
289
1588
1397
3754
64
5866
375
3653
2435
11
293
48
3136
1480
658
19
85
312
992
268
16
247
1659
16
155
1528
1
24
50
382
875
198
88
264
9
124
230
1086
475
1792
827
95
393
1789
1417
1799
24
1
14
1256
2927
41
1
964
81
1
8
139
9
13
5
32
18
16
207
1169
1
275
6
370
1379
1112
74
78
2428
50
317
63
186
264
81
1
387
812
419
148
167
1133
1760
7078
42
123
845
689
278
158
4548
181
4143
280
1286
73
77
784
1
3292
92
17
956
1837
464
295
15
53
488
70
902
76
121
2888
693
1627
393
51
564
116
17
317
147
49
77
69
99
1
69
610
1
96
155
896
1446
583
51
214
4861
205
829
498
214
204
299
568
21
127
513
1031
19
334
386
36
517
657
1165
165
249
115
22
1676
123
4
549
938
100
1
97
647
7208
1
1871
1006
1319
24
2
482
175
6
873
52
99
5
18
565
95
61
27
163
144
3682
1398
1970
13
582
9
3577
1
145
1127
2381
168
1692
2
1091
771
181
384
273
10176
104
91
116
2
68
3016
386
176
27
1
291
4
2472
296
262
405
158
261
149
803
652
1247
49
6583
269
22
28
847
184
73
174
26
156
2901
15
217
5
1219
24
9
37
631
77
87
124
337
706
10
11
254
77
26
192
323
974
66
93
18
3
1689
921
1118
752
35
783
728
134
4582
7
148
80
1021
1002
912
415
1
5
1010
123
1
6
200
75
72
118
12
7602
35
1873
937
497
2008
1
2320
1182
65
19
366
1208
1271
334
1284
122
15
14
425
8
277
631
3
230
25
20
768
2863
1331
370
1175
40
124
406
267
235
32
17
69
3
431
981
636
123
473
73
4412
165
4
600
1962
7
564
1
120
9
114
28
173
4131
1778
553
143
1
2
75
503
12
97
331
130
1772
245
144
197
1801
1693
31
1097
752
4838
545
181
6080
1
16
846
1684
1578
22
29
3419
60
113
246
1323
24
4667
352
2137
1289
126
1303
361
1473
490
48
1715
313
594
21
343
362
91
154
189
186
3
11457
142
251
448
136
363
11
45
54
155
5
4523
384
628
1825
3277
8
729
51
307
2432
20
346
57
220
380
99
929
147
18
9
822
1339
3
31
1911
880
559
688
1
478
278
4
30
722
7088
4
159
37
1
351
7
84
1291
468
1
25
18
590
175
1296
408
1420
198
51
1197
50
5387
73
2
123
23
6
208
382
2719
316
704
1168
19
674
1
636
351
4727
451
344
635
423
103
2271
6
411
657
107
12
534
3201
45
327
2350
11
3
308
38
2252
6225
82
62
32
127
3342
582
956
109
5116
1496
2046
1046
21
346
82
20753
1791
556
48
60
2
18
22
144
130
1263
234
1302
139
28
124
223
452
1382
349
2726
1408
247
148
975
1635
40
48
32
1497
205
313
51
55
1229
590
417
237
4747
183
34
5
150
428
184
69
139
56
23
1720
48
602
129
3
152
50
59
331
6410
442
8
245
736
2
877
7
2462
743
655
67
841
1643
660
3
1486
249
1469
90
277
121
319
279
219
233
561
487
28
714
542
1034
96
351
187
200
105
782
10
172
95
22
5
16
226
16
1
117
46
481
1963
58
73
735
184
80
351
183
1955
3421
1
661
3
156
9
531
328
63
144
57
327
90
1829
4
420
258
563
21
315
881
8
124
17
19
3
94
104
191
3290
29
9883
108
184
787
194
215
5939
3168
149
269
48
29
258
728
1795
540
2435
209
1171
27
9
15
265
38
21
4
495
603
210
6269
516
38
18
484
261
362
400
658
25
2197
282
292
3003
8
340
2792
702
854
369
27
200
6
922
259
206
39
1263
18
39
27
448
5
86
21
17
92
1
5982
72
1249
385
7
1
1620
22
5381
132
100
101
182
55
711
1118
368
280
95
238
326
1274
1590
256
109
60
53
733
366
35
333
143
10
8679
17
452
539
1
1390
18
1437
64
1999
10282
16
9949
262
2
23
2432
6517
5
8
2221
2429
13
9
3446
375
428
104
665
9
778
19
59
872
203
62
68
1058
94
207
747
16
201
3722
3558
426
144
186
125
2722
926
93
611
90
377
179
4
1412
217
32
77
203
145
1
1004
83
443
65
715
122
247
984
607
51
80
160
13
1765
263
267
705
301
184
995
2212
3555
202
204
162
548
18
163
18
1067
23
2
68
102
17
520
2896
10
5
337
2987
334
152
127
201
69
75
173
1
10
166
26
702
12
66
67
1122
870
5
13
12
1789
11
13
564
533
1589
15
599
117
177
151
2
58
136
2394
146
3404
146
111
734
481
20
317
1
58
177
163
18
388
234
60
236
125
35
56
136
27
497
372
248
166
60
49
30
275
1868
112
4
745
13
2559
87
214
148
188
35
127
1104
101
35
146
212
52
95
460
1
94
439
19
659
210
75
916
74
2694
105
1
2957
217
450
2554
526
709
1
39
192
304
183
3480
221
39
1928
772
518
31
19
29
1346
224
254
371
2411
109
97
564
257
3500
783
519
10
477
199
21
1263
856
119
1676
102
1756
658
67
9743
1
162
12
4
214
79
597
30
151
401
96
735
515
25
153
105
3
271
1
406
1417
46
772
334
297
2709
5
76
726
80
505
477
462
255
218
550
311
221
475
1543
1120
7
706
5
263
110
1560
11
344
3026
48
1
3395
69
16
554
33
6
7
17
782
64
239
106
432
102
265
251
101
47
190
103
269
338
22
433
2886
323
556
708
660
1274
118
354
416
450
30
72
65
119
739
20
29
82
12
163
108
49
9
33
45
170
914
43
426
515
1346
16
7801
681
72
743
18
812
1
1859
19
13
153
1524
773
2
1459
597
78
262
1403
115
3596
2439
3004
463
11208
1583
518
1264
19
85
31
75
1012
3643
63
8
8
710
44
18
851
1
105
293
15
23
1
596
567
136
1175
54
331
215
1218
20
75
201
1619
24
206
347
92
429
239
211
1338
75
1
1
310
41
1464
54
70
182
10
177
370
12
516
517
183
138
28
89
2701
6
59
1684
28
337
194
44
1
138
68
29
824
920
1499
11
145
52
3336
466
375
5240
165
1199
7
6
160
303
5400
2519
147
1486
291
121
1010
56
281
6
482
156
48493
3
2348
1006
8977
144
13
2225
263
3760
629
79
11
30
5584
1914
502
553
8314
190
883
43
390
1
39
10561
3
714
251
305
25
6
104
120
52
27
54
6
25
1852
319
153
39
5234
123
638
84
53
11
892
39
447
402
297
1063
132
211
8
7
15
917
308
1633
2104
315
204
517
588
179
92
84
171
495
8
1246
2619
808
623
250
12
375
72
1090
95
1
1572
30
2359
109
213
2242
1583
663
135
901
914
401
173
1
2933
67
9
24
1390
77
615
174
3799
152
5
99
317
7
289
952
14
8
75
59
26
217
403
13
4
49
8
41
2490
3711
68
633
81
13
45
1284
758
38
622
3
1681
511
126
460
350
10
537
939
56
175
1300
13
29
23
3579
514
397
120
56
3434
8
4
11
245
512
17
1
101
6
51
19
41
612
1453
822
680
23
251
25
311
1070
128
244
101
364
785
1303
2
4
21
1813
188
32
1679
237
12067
133
4887
221
2116
8
149
1097
8
342
4
1628
91
18
66
2471
5
124
4
2548
278
19
460
6
184
3176
118
1414
2
19052
68
7
54
18
1
283
1550
2108
693
199
725
416
180
70
165
378
1137
4
99
210
104
228
88
90
92
11
856
181
23
379
1
41
351
6
4171
3596
499
671
2327
19613
146
279
1083
3675
107
57
104
66
1167
367
2210
4
62
1360
25
149
184
980
26
38
121
3959
3099
9
8
1015
634
69
13
12
442
3490
25
1951
27
1
1805
71
27
1476
617
731
8
118
73
20
853
3522
508
24
510
435
76
306
3003
126
1228
221
132
109
109
48
169
11
534
52
2854
9
3794
171
336
35
328
68
85
343
144
10403
10
452
125
97
1
190
270
25
800
653
21
6647
1739
471
690
803
145
852
52
10
10
9
1232
186
34
2191
5929
80
230
3649
925
276
3
4942
293
136
946
408
54
81
324
108
586
2
1
29
2
30
586
2131
2
19
345
680
3233
583
120
5
21
226
109
571
3788
35
1819
3024
346
697
1742
2774
1397
664
22
95
1137
6210
139
8
80
29
18
7452
1378
143
22
233
63
169
12
38
41
22
18
453
477
4
116
38
56
1351
404
10636
94
608
164
684
5
811
2
172
1096
5
1044
562
125
89
502
1964
1
200
11
2278
1426
653
466
8919
221
448
64
79
71
332
399
31
1105
658
2966
2243
7
453
6104
31
2050
47
23
1257
12
49
2855
210
34
13
1
20
37
63
4
10
311
249
65
1343
5
60
466
40
858
666
536
326
35
12
162
262
426
1
831
382
2591
113
1739
78
10560
1475
1641
273
4256
72
374
1773
787
1050
176
121
710
257
99
1
910
3654
219
39
250
1881
308
105
29
12
2083
55
22
2
2932
539
511
198
425
4
938
14
31
732
1
13
188
1418
42
268
1060
65
64
808
1357
323
4397
282
140
185
121
316
16
577
8
23
462
483
35
32
121
20
45
1165
467
126
103
378
85
180
292
479
391
950
217
304
832
2765
287
276
178
92
1002
3725
83
529
38
6098
40
159
8
178
141
2450
435
74
6
1336
290
52
854
47
1331
2203
363
4858
184
451
22
13
380
1
64
195
280
361
10
9
19
159
4939
19
158
394
187
564
738
2
7
22
1304
55
21
52
2
84
206
85
60
5104
19
118
398
8
206
76
298
271
96
462
10
844
123
135
96
1
2
22
654
195
1940
1979
102
918
2539
697
338
709
609
1195
1439
62
523
2371
2282
105
144
2150
334
663
63
63
124
84
243
244
6
90
185
1
10
132
3127
898
10
41
72
8897
11
1070
10
340
19
251
398
4332
232
29
9
24
19
293
1237
39
881
61
42
1
134
647
30
74
305
757
1274
631
2043
550
1215
47
1831
1196
933
1552
51
893
6687
1048
27
416
1192
2157
427
39
171
70
2328
951
1540
113
17
4162
1953
14
5
56
1
2208
2560
1016
1
1805
306
463
4
307
3248
435
1
5566
354
67
466
353
396
43
410
1225
38
14
18
3
3500
169
131
1271
34
824
217
247
347
2474
634
27
518
903
183
11
184
87
39
1717
287
420
1888
11092
76
475
896
14
32
87
16
54
207
2689
92
355
8
1181
2
268
125
1228
70
139
147
21
123
6406
2657
293
179
168
276
15671
79
303
78
588
240
273
9
123
690
9455
247
3313
10
1414
3278
267
715
104
67
7
24
1080
1010
430
583
158
4025
1036
1
279
213
34
789
132
384
35
147
6
13
1806
401
295
100
80
5
86
89
8
2142
261
907
19
88
136
160
234
2349
1898
7
15
275
68
191
98
151
282
5
270
990
58
3083
54
9
40
275
148
2317
31
214
295
1086
13
757
2146
89
3061
917
235
144
4160
1386
334
191
462
835
202
275
16
2
545
1595
66
36
1493
3800
738
48
851
10
93
372
15
466
611
1350
13721
200
1612
61
642
300
33
1328
1
12
876
46
519
5
590
252
738
693
983
1603
147
1261
15
103
3
692
187
58
1954
137
467
15
1030
8
4148
244
92
77
1336
132
32
4887
155
5116
536
1721
103
3915
239
48
266
56
72
125
201
590
1
348
341
317
75
1
1385
3
32
29
7076
276
535
83
450
1
78
251
118
83
105
37
428
1800
330
28
271
245
2588
13
205
5
198
5
16
171
68
40
99
93
999
45
1
695
2
32
143
13
5
7
142
1529
2189
868
218
20
352
766
91
51
8
79
354
357
1
177
7
10076
705
116
27
1445
61
34
29
269
3170
3233
50
110
707
9
757
131
80
34
136
400
1422
1203
46
40
54
134
1
1067
1480
882
185
22
223
1525
13
75
31
832
3888
392
563
1438
2400
1451
2
8
301
10
218
1116
126
704
23975
1241
69
22
128
1
6
727
584
837
245
14
1544
528
1875
228
9
1059
509
1935
216
3724
606
235
448
438
140
311
3191
159
4130
51
121
232
690
35
84
465
100
3161
946
213
50
7
212
28
44
33
1938
48
220
643
4249
13
8
2435
119
26
23
482
194
2
187
7464
37
27
489
269
238
406
235
259
47
33
39
78
1
30952
229
417
115
58
161
149
75
19813
1114
5689
1295
2148
3610
119
1142
363
5569
483
19
2295
251
6
871
41
4522
62
26
2559
779
385
9743
3218
180
413
1089
3298
1314
6
213
2447
855
964
1
3
266
544
1
98
341
98
132
585
245
129
1651
7188
747
147
75
786
2398
2658
1971
310
677
476
45
39
686
89
2115
55
16
6
151
596
804
6641
62001
121
69
264
352
7
720
602
81
1309
1736
110
3987
107
12
2075
259
192
1851
2098
78
182
116
6385
255
92
1284
8
341
4543
276
985
718
1332
282
2096
269
312
159
244
3
365
71
81
66
70
3677
51
49
38
5439
3162
54
62
963
50
78
2443
1418
5
1157
130
2439
298
2
3
83
128
1679
252
1701
201
24
14154
796
157
59
544
13
35
8
12
1402
134
1
680
1529
115
68
23
446
19
285
120
693
649
774
7
1
20
103
198
4
142
90
902
1365
2
105
14
67
310
170
22
33
6647
70
1266
237
190
637
86
2
441
243
2902
215
487
2111
1110
1
541
4
478
1855
521
853
91
15
206
6519
5671
12806
12387
7693
129
536
331
1062
173
373
219
2
4237
10008
40
82
16827
81
217
66
5
14
21
20
60
488
611
157
511
13
744
1
62
39
1
294
502
150
1604
64
2
338
3
897
25
26
1
33
590
821
3149
896
765
91
200
16
112
19
1377
1064
1242
12
205
43
970
1598
280
1
86
20
481
226
547
1082
289
113
8
51
158
31
622
5
1780
1492
3
347
15
8
33
240
26
345
1
360
27
781
375
998
8
378
1038
18
50
705
291
3492
128
110
31
1
8
128
595
127
189
94
23
2117
1110
18
128
201
3
9
3294
12
51
49
87
25
374
1143
11256
945
133
225
1628
145
111
326
590
6807
79
56
708
487
554
2511
692
47
880
11
163
264
2009
68
10
1656
2588
285
351
13
623
1020
5719
2786
328
1248
154
185
216
6
375
18
49
1890
93
111
40
24
146
61
369
366
272
483
2
3526
3598
19
3833
34
11
272
48
3
241
1080
482
1914
250
254
152
1
396
35
1
161
7235
1769
2699
4398
741
38
2703
41473
2458
102
259
110
2246
27
20
2
5
215
2
37
180
20
286
293
136
277
3279
206
436
105
12
1
103
298
76
407
5
1006
86
29
517
376
1217
42
79
21
34
885
51
287
20
200
56
37
955
157
5
1630
272
5
1
471
4
106
359
802
279
1307
382
1421
105
175
1
252
2480
25
176
2765
387
129
4309
91
132
18
132
500
2692
10
574
1931
843
9
42
186
2
105
1858
185
286
277
4464
122
201
84
4874
12
480
31
1169
147
44
140
256
10
532
9
1
689
42
42
6
7989
271
258
3275
3788
130
4584
1992
53
484
76
675
7214
1
308
1441
112
64
332
370
14896
35
655
1646
239
2032
93
385
587
527
678
821
133
51
3663
468
247
30
6
846
65
45
309
1445
11
60
19
2139
623
79
458
53
1352
262
3375
610
1638
290
438
70
3016
1757
346
481
142
10
1226
2773
129
14
28
299
489
9
225
513
541
1172
4
1105
699
260
669
360
2652
9746
1041
59
664
1960
266
1976
23
441
1
51
513
6
24
423
109
954
7236
6111
31
467
2237
2860
847
569
716
118
95
1168
951
261
21
405
178
88
150
3273
1280
1115
40
15
172
146
399
87
12
278
2144
256
53
11
2701
4005
17
51
2
173
7
45
1
654
28
23
1
1063
951
228
964
571
346
47
273
228
392
44
44
97
21
247
113
295
17
29
124
49
119
360
132
761
218
72
8
7951
11
3069
1
965
14
34
24
13
439
41
260
6
127
5
19
339
1851
4548
9
9
179
7199
67
12
5767
1005
1998
428
6
483
56
136
86
294
17
60
4925
10
952
7625
278
965
50
12
593
97
56
99
47
2168
388
506
116
13651
483
125
601
162
39
461
915
215
41
482
3547
107
29
16
4
546
14
1519
791
13
110
197
340
26
260
224
256
398
1
296
33
116
73
966
82
3
275
27
329
191
30
207
3319
63
423
72
7311
1
3
129
54
8
74
2
1101
2
3383
103
115
733
2670
92
278
1323
163
317
111
191
218
106
31
19
3
2
311
205
19
18
3196
74
3
1
205
35
1
489
133
34
225
3
334
139
37
1
266
3
32
1
43
32
7
12
1381
1
41
1757
365
2138
12
1276
248
177
115
7
54
450
114
159
16
52
483
221
1
178
154
33
6340
8
126
2957
434
3713
7352
109
251
50
1157
1
876
465
2158
256
276
407
1264
89
365
930
51
9
111
51
1
94
692
3448
302
368
233
3029
1567
138
924
15
485
782
2545
817
1535
52
2076
24
109
1004
1
213
318
823
5
1566
154
745
2329
220
120
15
12
1336
798
1
1829
2313
2
622
194
441
2620
238
171
991
87
124
41
155
44
25
358
1568
180
66
580
1410
1263
193
949
134
1
643
383
95
135
276
155
170
226
24
2
152
3
1755
432
165
275
1350
1
5
112
1010
48
83
121
721
2478
1426
17
413
865
7
1
470
839
36
345
824
42
1
221
28
1429
210
1
1300
175
2261
326
2034
926
1
390
98
94
33
722
1071
89
27
27
915
458
751
216
1937
105
13
227
22
306
567
145
36
2635
530
1608
440
162
202
545
727
36
500
30
664
107
84
397
3
273
165
22
59
5
438
127
8
527
54
1
62
246
809
14
4
158
1
13
965
12
1415
75
930
64
7164
27
523
131
490
532
270
76
623
1166
567
310
69
1511
190
132
92
4104
105
798
12
40
30
75
30
1115
1417
2
6
152
41
2096
18
6
1
35
562
55
1
246
89
76
89
14
4
19
17
303
2
1
95
63
14
95
580
521
416
972
12
751
14
1491
792
9
326
1
17
240
328
23
437
284
522
166
61
1
166
8
443
16
266
9
191
55
766
76
22
43
14302
282
215
1
90
236
74
88
210
3619
18
30
33
252
174
113
35
7
100
95
814
320
99
1
18
2
20
1611
837
222
399
166
7
61
34
342
206
31
183
8
131
258
84
219
255
200
80
1
78
18
7
18
479
53
146
1339
138
862
912
155
332
11
90
193
167
52
182
50
6
35
269
267
167
2531
553
40
38
36
174
31
32
735
24
585
1
1
5429
34
1084
318
208
1365
2
7
47
53
869
221
240
98
451
2
186
139
21
1
313
193
1174
231
154
1
1540
86
4
476
663
123
6
283
449
118
356
149
264
818
122
107
2342
518
30
35
5326
654
191
1612
171
1780
738
81
370
16
190
2492
5626
1423
170
59
1659
4306
2123
201
16
1127
42
245
218
4187
460
34
57
23
898
1588
159
616
756
1541
20
507
19
3585
842
30
461
201
30
946
519
3
10
187
170
1703
25
1415
71
99
73
84
2745
151
198
56
124
69
1290
59
1406
73
3
953
7
10
1337
1
222
9
1108
6
1390
6
70
107
386
19
399
7507
105
63
78
1621
8
1310
225
41
1069
344
4
1052
9
264
14
246
150
383
470
1663
79
131
1999
148
2566
103
4493
252
1
133
52
95
36
207
236
349
2
2507
13
957
2588
3461
181
3830
83
8590
1741
13405
687
111
23
76
801
80
533
767
886
2840
184
824
196
6615
2216
4461
433
404
42
189
7
1884
23
2
1843
1567
210
1967
19
286
1
461
4479
1333
111
72
154
315
221
56
86
61
24
22
1704
1028
151
306
138
179
41
262
813
7
150
820
143
888
16
308
28
25
1575
607
17
31
410
217
9
192
139
40
696
265
5
25
1917
945
48
1526
77
625
1508
25
436
1016
104
65
401
3216
1
499
1733
20
1806
6013
163
13458
779
1183
14
2854
1
632
3612
48
2163
106
391
484
102
999
52
13
99
342
1184
931
21
177
702
24
697
390
449
680
9664
29
416
503
287
228
201
644
2656
128
1520
133
646
606
318
306
4087
51
442
1106
44
784
302
721
208
23
63
803
7
825
3
96
1
33
13
1091
1201
181
48
39
9
1
352
653
1284
749
1106
15
318
231
561
8
146
216
149
633
51
16
31
12
26
47
1178
2679
46
134
652
32
180
18
31
680
396
1288
1205
1958
31
18
1
134
746
639
206
603
466
2194
20
29
20793
386
71
3639
383
2382
2192
22166
633
155
244
487
163
2
799
1285
2
10969
179
56
33
899
9
1289
520
5
1793
2
4238
27
1916
161
3797
51
50
60
128
5
1231
653
89
1253
506
30
128
510
21
1227
43
568
665
41
1140
436
18
124
789
705
246
751
673
1
1899
71
1321
55
1129
3
340
1395
28
450
36
86
482
530
92
572
2005
414
260
3
2464
233
305
18
1064
1024
1091
363
651
28
47
20
2594
6096
419
163
18
31
123
53
54
19
195
1248
552
1534
187
1615
575
2136
20
3063
123
55
102
900
151
1887
38
132
377
93
624
12
454
1
635
29
1
9
244
118
347
76
175
27
86
163
1581
233
73
594
108
1824
3766
1142
100
252
150
44
837
4902
650
768
51
877
953
59
1
167
1967
266
1829
84
52
899
3266
8
27
4340
331
9
246
20352
2013
714
457
16
1117
335
1637
1644
85
689
1262
2767
61
74
619
327
740
886
230
1445
120
29
281
917
23
439
24
4
229
161
40
18
35
48
548
115
72
100
1434
594
281
868
173
350
5
681
731
350
63
890
15
62
90
1
51
7
209
1111
141
60
311
5
27
242
88
206
450
507
1874
78
47
49
179
797
12150
35403
845
1202
989
391
11767
71
5195
1327
3041
384
11
31
119
953
11
166
6
1677
853
32
428
396
76
2669
6
3
113
566
186
5
492
22
564
268
399
308
3507
42
274
7554
3162
4
476
303
297
3398
11
746
315
149
239
1280
6
126
191
45
714
81
1079
9
11
14
51
4334
996
85
1647
62
8264
84
6
31
1
1033
2020
63
167
2011
189
16909
23
2437
225
1
391
2768
112
157
1434
7
10
32
1
49
75
7895
10
72
1432
3000
485
301
3600
69
76
41
238
47
95
1984
2318
92
4999
1314
46
43
1
104
216
114
366
161
1862
263
42
212
296
1992
128
9
326
2335
74
2
79
397
260
18
262
4
187
139
7
340
216
131
315
90
184
109
101
310
91
1
699
152
2
52
54
1709
105
75
24
146
26
2007
383
317
643
184
33
1045
1
49
1
26
49
1009
628
21
1
58
390
97
291
209
112
37
30
256
254
6
738
21
30
111
105
111
61
137
1718
430
132
182
2289
11
1
213
1
112
654
185
1
65
220
7
2301
444
4
74
1
194
1
131
1599
68
296
19
672
187
1100
863
262
3870
304
59
54
999
379
369
578
34
130
703
1
548
184
53
1170
133
43
161
24
522
100
219
510
292
297
272
22
168
2
567
837
92
297
202
1120
328
395
52
253
482
98
1508
255
56
1
7
2
72
80
1069
2661
186
398
73
32
5
1092
1009
5
721
27
41
63
42
72
172
263
460
212
21
308
152
18
187
204
207
179
783
2133
444
51
757
15817
21
79
20
7766
297
136
330
71
374
84
121
28437
155
178
3997
38
276
204
778
2
308
1
1506
17
797
251
9
411
380
1
64
39
289
414
56
1264
62
3084
123
28
1
6174
7
187
127
174
477
84
39
4452
44
25
39
7
358
1
804
6663
186
239
4
812
9
9
157
674
664
16
113
42
19
5
185
129
8
75
10
4796
688
2285
416
1
428
32
222
60
1471
251
469
163
793
377
148
314
4
341
118
1277
1386
819
13
54
60
844
842
42
3828
33245
46
295
250
3059
51435
39
462
213
1159
192
19
9
2218
1261
55
25
1833
59
161
1495
53
10441
117
52
22
4015
182
786
1544
3092
144
37
4142
919
1487
190
3
580
10066
208
3443
571
37
7
508
48
2256
1324
245
625
288
3153
1558
1921
721
165
4
10
182
518
126
2373
20
23
218
11
260
173
14
196
3173
1289
188
86
2
111
922
36
37
685
64
107
111
125
261
442
48
1076
35
11
29
6345
113
61
504
2
185
119
359
1
3
274
86
9
10
180
265
252
104
18
542
57
1138
354
227
54
11919
1096
56
387
63
36
18
36
14
3267
1081
1840
91
664
326
1931
136
70
212
37
7
851
132
181
2124
244
1552
164
586
117
1
24
58
27
41
135
3318
719
118
36
37
6
22
392
254
132
378
186
188
203
45
1
106
451
389
68
56
3
219
5
5504
84
688
3963
2464
344
3981
98
17
37
81
1675
132
1222
467
180
2825
235
3986
20
995
295
14158
18
243
154
52
347
216
5
64
25
304
2739
227
284
2
75
72
642
52
3
18
39
903
133
111
5235
6
95
451
551
289
18
218
12
133
111
3
449
246
305
412
214
68
219
585
25
236
30
85
240
417
695
171
185
133
433
82
716
649
150
295
1381
1192
6
492
351
7
181
824
3008
1
8
140
830
2432
183
5310
13628
2527
46
283
594
62
1024
119
491
1501
223
268
74
168
579
1389
414
3
134
315
34
4032
163
43
224
74
226
136
560
219
205
73
146
24
2013
129
40
271
168
149
392
128
66
30
288
970
28
951
1
154
123
185
328
101
703
8
42
13
1019
132
84
153
216
58
25
194
37
149
92
1
40
315
249
2
32087
281
39
408
270
140
1414
130
551
1001
34
282
52
726
192
164
546
1425
709
217
13
275
81
20
7
1165
61
240
708
661
49
87
366
248
17
41
46
569
60
285
212
118
77
577
97
18
159
364
184
5
95
130
254
286
268
37
3
233
1407
30
106
220
10
15
38
181
359
314
35
24
150
68
1263
79
124
182
1
48
48
194
157
2652
79
96
142
225
94
249
2
123
12
183
187
282
38
231
170
