79
3
259
49
15
152
1
11
3
268
880
61
1117
1635
2
3
1
11
13
132
2
5
9
49
47
9
6
16
25
17
197
35
59
4
32
7
1
14
12
19
5
35
102
28
30
8
121
59
171
57
59
4
26
13
58
14
97
654
9
61
168
1
212
18
151
1
2087
52
34
4
8
11
77
15
278
144
331
77
2
2
9
11
100
88
2146
1
131
98
349
5
4
41
762
9
46
9
1281
73
121
46
47
197
148
6
48
1250
1895
10
362
42
182
4
12
5
76
514
15
252
15
2
13
45
113
31
13
16
16
4
1192
113
12
18
2
304
25
183
1
29
1000
241
5
3
3
1339
10
147
1
44
16
20
48
373
189
122
2
110
4
2
127
23
166
40
70
93
1388
2
15
429
19
5
244
1
787
48
597
70
3275
16
22
16
352
23
590
94
19
1
3
56
1
9
7
4
8
3258
37
849
103
71
2
247
125
260
270
271
5
1
24
4
721
346
861
11
31
2
6
7
294
687
331
283
466
2145
1707
353
40
327
11
22
22
349
306
36
88
6
11
75
35
2
8
17
11
2078
639
205
1622
8
1
18
6933
63
3
1
71
1768
16
151
9
2268
5
3
22
1168
231
38
741
1111
20
14
31
35
17
87
1
161
22
180
1382
12
11
1
8
627
49
13
439
1
172
146
234
50
567
239
22
11
325
892
45
18
5
34
29
51
3
49
832
770
455
411
23
5
39
4
16
20
11
9
75
43
14
104
854
2
640
294
6
544
40
859
195
43
1521
2
6841
5
14
85
12
8
522
3425
24
20
1
1297
22
5
220
145
1638
106
10
14
91
30
353
20
310
689
2174
509
18
517
24
228
6
365
149
29
158
4
12
32
5
299
87
852
85
812
30
27
4
89
12
4
33
770
710
23
3195
1
37
495
1661
16
47
3
12
483
4
25
78
14
561
45
17
96
789
144
4
35
10
159
1
2
11
297
29
136
26
36
61
3520
288
1
22
48
26
559
1
45
53
550
8
1032
246
4944
120
10
21
183
164
90
2
24
32
1
43
10
6
156
22
118
12
21
35
92
3
4
741
1
1
1483
18
109
6
335
476
19
11
24
26
34
739
10
20
36
3
7
1
592
357
51
14
96
22
20
23
5
21
1
19
373
162
32
451
22
34
22
11
78
53
3
2
29
33
7
6
285
168
126
18
13
19
143
31
77
2
125
6
172
19
222
18
197
280
13
58
48
470
10
1238
12
1120
45
40
12
14
78
321
6
5
303
53
1408
158
15
35
4
23
312
281
1189
285
97
19
9
205
1329
11
11
1
17
52
309
87
91
33
271
26
78
5
8
25
17
1014
1277
108
3904
156
6109
165
437
6
37
15
29
1572
1
42
197
1
33
1216
218
245
25
159
128
275
18
100
706
7
24
12
37
1
194
4
290
765
62
14
7
3
8
4
92
215
7
259
756
206
24
21
264
227
29
17
8
1274
216
85
3
34
294
185
12
198
1
575
28
14
23
223
107
393
83
186
50
32
247
