1
4
1
1
5
1
1
1
1
27
106
2
16
1
111
1
1
1
1
1
1
1
125
1
40
1
1
1
1
6
1
1
225
1
1
1
4
4
1
1
1
1
1
18
1
6
1
2830
1
1
1
2
3
1
1
1
1
1
1
1
3
1
1
9
711
1
1
1
1
1
13
1
1
1
1
1
1
1
2
1
1
31
5
26
2
1
1
85
1
1
1
35
1
1
3
17
1
2
1
1
1
1
1
2
5
15
1
1
1
1
1
10
1
1
1
3
262
2
1
1
2
1
8
1
7
7
1
1
3
5
1
3
1
6
5
1
1
1
1
47
1
9
1
1
13
1
1
274
1
1
2
1
1
1
1
4
16
2
1
1
1
1
2
73
1
1
19
127
12
1
1
1
1
1
1
686
7
1
2
3
1
1
4
1
1
13
1
1
1
36
28
41
1
2
1
1
1
1
1
1
1
1
1
1
1
1
1
1
1
1
4
1
2
114
1
1
13
8
3
1
1
180
1
1
1
1
10
1
83
28
1
1
13
1
1
1
3
25
142
1
1
119
5
7
5
2
1
19
1
1
2
1
82
3
14
1
1
1
25
1
1
1
1
1
1
1
1
1
1
1
1
1
1
1
1
1
1
23
4
2
1
1
2077
1
1
3
9
1
28
36
1
1
1
1
1
1
1
3
1
1
1
24
2
1
1
1
1
289
1
1
12
2
1
16
1
2
1
1
1
5
7
1
1
2
1
1
5
1
1
3
7
1
1
1
1
3
1
1
1
1
1
1
1
1
1
2
1
1
3
1
1
1
1
4
9
1
3
11
2
1
5
1
49
1
4
44
1
337
1
1
5
5893
1
25
1
1
124
28
1
1
1
1
1
2
2
1
1
1
1
1
1
1
1
3
1
1
26
25
1
81
1
1
1
32
7
1
1
1
1
1
1
5
1
21
1
2
1
319
1
2
6
4
1
1
20
5
1
2
1
1
1
1
1
1
1
3
1
2
6
1
18
1
2
4
1
1
1
1
1
1
1
2
1
1
7
1
1
1
61
1
1
1
1
1
10
4
14
1
1
1
1
2
1
3
7
1
3
1
1
5
1
1
1
2
2
6
2
13
109
2
15
23
28
1
1
1
4
11
1
4
1
1
1
474
3
3
1
1
4
6
4
24
1
23
12
1
6
4
1
1
1
1
1
1
1
2
1
1
1
2
1
2
1
5
1
1
1
1
1
1
1
1
1
1
1
1
42
1
1
2
1
2
1
1
1
41
10
1
1
1
68
1
2
1
1
1
1
329
2
1
1
1
1
1
3
1
1
1
570
1
1
1
1
1
1
1
1
1
223
1
4
61
1
1
1
1
1
1
1
1
2
1
1
1
1
10
1
1
1
1
1
1
3
1
1
2
1
1
1
1
1
1
1
1
408
1
15
1
1
5
1
36
1
4
1
1
1
211
1
1
1
1
1
1
1
1
7
1
1
1
1
1
1
21
62
1
1
14639
1
1
7
1
1
1
1
1
1
1
9
6
1
1
5
1
1
20
1
1
189
49
1
1
1
1
5
1
1
1
1
1
1
1
450
1
1
1
1
1
4
1
1
1
6
1
1
9
27
4
1
2
1
1
1
1
1
1
14
6
9
1
1
1
12
1
1
1
111
1
2
1
1
1
1
1
1
1
1
1
1
2
2
32
115
1
16
1
1
2
1
1
9
18
1
1
9
1
1
1
6
1
5
7
1
1
1
1
1
57
1
1
5
1
1
1
19
1
40
1
8
1
4
4
1
1
1
3
1
1
1
4
2
1
1
1
50
1
1
1
2
671
3
1
1
1
3
1
1
2
71
1
1
1
1
1
1
1
1
21
43
1
11
1
1
2
1
1
4
1
1
1
1
1
8
1
1
2
5
1
2
3
1
1
1
1
1
1
1
1
1
1
1
1
1
1
1
1
1
4
20
1
3
1
1
1
1
1
1
1
1
1
30
1
13
23
5
1
1
1
16
1
2
1
3
177
2
3
3
1
1
2
1
1479
65
34
1
1
1
1
1
2
1
5
1
5
1
13
1
2
1
1
1
19
1
25
1
3
1
1
8
1
1
1
1
2
2
1
1
1
204
6
507
1
1
1
1
2
1
11
1
2
37
1
967
1
1
1
4
4
2
1
2
1
1
2
1
1
2
1
10
1
1
1
1
35
2
1
1
1
1
1
1
1
1
1
5
2
33
133
1
3
4
1
1
1
3
1
2
63
23
1
1
1
1
1
1
2
1
1
5
1
1
1
1
1
3
1
1
4
4
1
6
1
317
1
5
1
1
2
12
31
8
22
1
3
1
1
16
6
3
1
1
7
44
11
2
1
1
7
1
4
1
2
2
1
7
1
1
4
2
772
1
1
1
1
2
42
1
1
2
2
2
1
1
1
2
3
1
1
1
1
1
9
1
1
1
1
286
45
1
1
1
9
51
12
12
3
1
1
1
1
2
10
1
12
120
1
1
14
2
1
1
1
1
2
1
13
1
1
111
1
1
1
1
1
3
1
1
1
5
1
122
1
1
1
2
12
1
1
1
17
1
1
2
1
22
1
5
1
23
1
1
1
6
8
1
9
2
2
1
1
1
1
9
1
1
1
1
1
1
5
1
1
1
1
1
1
1
1
1
1
1
1
1
12
1
1
1
2
1
1
3
1
2
1
38
1
9
1
1
3
1
1
1
1
1
1
11
2
34
1
3
1
3
1
1
5
1
4
26
1
1
1
1
1
6
1
2
1
1
1
1
4
1
1
1
110
1
1
1
1
3
2
1
1
26
54
7
1
2
1
5
3
3
1
1
50
2
1
21
1
1
1
8
55
1
1
9
1
1
1
1
19
8
183
6
3
1
1
1
1
1
1
6
1
1
9
1
3
1
1
1
100
1
1
6
1
1
1
22
1
1
20
1
11
4
1
1
1
5
24
1
8
1
1
1
4
21
1
2
27
1
1
1
1
1
1
1
1
1
3
1
1
2
1
1
14
1
95
1
5
3
24
4
5
4
1
1
1
6
1
1
2
1
4
1
1
2
1
3
13
1
6
2
1
1
1
1
1
1
1
1677
13
1
3
4
1
2
2
1
1
16
1126
1
1
4
1
1
1
1
1
1
1
2
1
130
1
1
1
2
1
3
24
1
1
1
1
1
1
1
1
23
21
4
1
1
1
48
5
1
1
1
6
3
1
4
45
4
190
2
5
1
1
1
1
1
1
1
1
1
1
1
3
1
1
1
1
1
1
1
1
1
1
1
1
1
1
1
110
1
4
1
1
1
17
7
1
1
1
6
15
1
1
2
1
1
1
1
1
1
7
22
1
32
1
1
1
1
1
1
1
1
79
1
1
1
1
11
2309
1
95
176
3
1
1
1
9
1
1
2
1
1
2
1
1
1
1
1
1
1
5
4
1
1
1
3
3
1
1
8
1
5
1
846
109
1
6
1
2
2
1
1
1
5
1
2
1
1
1
1
1
221
1
1
3
3
1
1
5
4
1
1
2
5
1
1
34
1
2
1
1
11
12
1
1
8
3
1
2
1
1
1
1
1
3
1
7
1
1
1
12
1
1
6
1
1
1
15
1
1
1
1
1
41
1
8
1
1
2
1
100
67
1
1
2
1
1
2
1
1
1
1
1
1
1
1
1
1
11
1
33
210
1
1
2
1
1
1
3
143
2
16
1
55
1
23
5
1
1
1
1
4
1
2
180
1
1
9
29
2
1
55
2
1
1
269
2
1
1
2
1
2
4
3
217
1
1
1
1
2
1
1
281
36
34
1
1
1
1
3
1
3
2
1
83
2
1
2
1
20797
1
1
21
3
1
1
2
1
1
6
4
4
1
1
235
1
2
1
1
6
3
15
1
3
4
1
1
1
14
44
1
1
1
558
5
3
1
1
30
1
1
1
1
1
1
1
1
1
1
1
14
136
1
1
1
55
1
1
1
15
2
1
1
14
2
1
1
1
1165
3
1
1
1
1
6
6
1428
1
1
2
4
