9
1
41
42
75
5
10
36
134
32
105
6
63
7
142
250
2
3
27
2028
35
15
477
939
913
959
139
22
17
48
13
6
349
310
1231
263
289
175
9
7
2192
6
30
8
7
262
123
124
74
6
57
14
37
98
153
45
6
387
158
16
12
39
8
996
122
16
28
52
114
12
751
27
37
31
16
343
48
51
2
101
115
259
22
1940
1094
168
22
49
3322
16
867
4
25
665
111
70
68
33
53
295
24
507
96
20
102
19
10
13
137
313
42
17
14
20
4
26
31
8
4
130
9
21
17
54
32
54
237
46
39
134
10
10
3
38
61
28
18
24
11
7
10
34
3
9
7
93
77
133
31
12
24
459
35
164
611
14
260
24
25
8
139
4
56
34
89
1
54
166
287
8
24
1272
13
432
250
38
48
8
14
57
5
92
35
17
11
723
5
125
66
30
11
75
102
30
57
155
74
18
1
83
11
14
105
8
1
151
110
28
184
32
6
456
53
332
18
1
20
19
20
8
156
9
44
1134
1
89
429
9
326
3
100
60
14
273
142
91
8
78
865
24
7
772
45
29
958
162
928
1284
43
102
4
182
22
125
9
364
318
186
49
7
40
80
11
142
665
5
108
350
2
189
465
150
45
1082
75
5
20
98
13
18
12
7
5
9
712
8
189
29
130
6
34
5
237
278
30
7
68
4
94
22
163
1
93
996
37
33
139
30
25
225
27
435
5
20
13
188
118
17
54
100
35
200
29
36
23
7
22
2
26
6
95
61
100
69
229
1
268
86
2
2194
1235
32
56
7
36
98
25
12
13
157
91
128
32
7
9
5
1797
88
51
28
25
23
360
91
116
11
17
2940
130
9
35
5
460
40
42
31
293
7
11
37
9
5
7
6
83
6
560
263
126
410
7
20
26
42
5
19
33
82
153
849
384
5
122
40
133
23
29
1049
2
124
18
111
84
893
64
5
595
129
221
14
35
29
443
18
13
8
16
61
149
193
5
45
88
6
47
3
628
39
500
18
326
85
1
16
24
7
475
13
569
433
18
24
49
8
15
487
23
145
242
34
94
257
40
186
217
68
42
13
95
33
62
53
1
45
4
42
48
54
20
354
112
230
421
246
34
5
19
28
17
95
7
33
6
271
