64
1
24
3
5
30
268
52
32
314
5
9
127
4
665
21
5
5
9
391
3
14
24
17
22
30
8
592
127
21
1
11
1
8
1551
24
32
16
21
21
104
23
2
1
56
3
6808
13
2
140
1003
23
1
612
15
22
10
159
17
110
16
5
994
12
18
9
2
22
1
2
182
286
10
349
10
3
53
16
64
157
13
1
92
2
16
240
171
895
17
148
22
4
11
75
6
28
743
21
2
785
8
27
11
69
48
144
20
8
112
136
9
1885
1
81
7
97
32
199
11
139
95
423
45
952
70
14
33
175
2
230
12
1274
38
297
4308
121
7
27
42
27
24
16
641
48
8
66
7
21
49
80
35
3
33
881
6
1690
365
2
1175
4
239
132
1
86
50
46
3
11
26
110
376
24
127
96
16
11
92
222
16
28
3
17
347
39
30
111
5
12
1650
181
5
552
7
8
193
171
734
15
12
128
6
141
37
11
8
3221
120
50
9
3
450
1
61
1131
17
13
22
491
20
7
27
68
1
326
209
421
18
5
5
86
32
34
83
2
9
289
90
34
522
204
167
16
93
1
268
79
92
6
192
398
4
33
31
24
455
31
2
35
689
34
3
12
766
3
3
4
1
21
114
6
91
11
16
4
2
2588
56
10
268
10
14
46
958
151
1
10
42
235
607
36
15
1
27
17
34
24
21
50
50
320
14
39
1
49
31
1
9
11
8
2
11
16
1
14
272
107
95
8
6
40
125
1492
39
605
6
13
299
90
3
10
79
15
6
31
