26
524
5674
66
641
777
24
1114
76
343
1599
700
708
115
349
716
410
122
50
145
1545
5720
4896
1
417
512
608
4386
658
2616
811
1602
415
1063
897
2071
304
328
34
243
388
27
586
144
1161
372
1
1063
603
121
4
196
228
1
19
5
195
73
3177
1240
7624
328
103
4337
189
1902
86
922
508
1636
1134
435
772
5
157
372
674
2972
1080
6811
586
854
624
656
2255
99
962
460
244
122
876
1063
1409
1377
540
157
520
127
248
207
2025
1542
5
839
1140
471
605
724
10401
836
458
1051
702
785
729
1232
1011
1026
1259
1495
1535
666
2172
91
250
44
1570
423
24
1743
30
44
211
1876
403
37
304
555
1020
3418
3971
7357
17153
2362
1114
2
282
1126
554
7506
195
11119
52
13
1000
654
1470
1185
411
1105
918
67
26
145
83
6412
901
119
7
1072
106
888
688
5
16
593
3440
1693
1355
612
367
64
14
358
140
276
1714
885
1139
2129
903
779
325
165
96
1484
260
2344
5511
393
192
2981
7
3539
10997
31
459
2943
341
5
1109
1040
48
827
2989
5003
3207
713
768
1421
677
3444
809
655
1128
813
1095
1750
1836
1276
1379
1067
2308
6717
866
42
829
94
274
339
84
381
3913
553
1806
802
184
310
3664
1248
8
1355
1036
250
329
16
512
32277
15
604
368
2061
316
1159
945
1939
515
966
80
6651
5191
727
516
8511
701
456
3048
1411
328
210
132
1200
1378
203
987
1576
2617
3417
1051
1146
448
730
3108
659
1495
522
12
1911
2517
14121
28
1380
118
519
297
223
169
1057
2306
291
722
214
1576
4715
519
15122
761
2653
1099
857
106
5679
404
607
1920
758
171
338
1668
639
1232
875
19
2169
573
106
426
100
950
548
609
1635
297
159
22
625
381
2083
120
366
945
5997
816
753
1223
224
428
35
19
789
1355
760
2006
700
6
208
1745
363
1126
1238
70
875
722
1219
256
669
1726
5910
561
1232
29
5180
820
3198
1094
320
126
300
214
1584
724
2474
1386
2772
1648
332
2707
5918
51
651
307
155
1325
351
72
19
869
2425
364
1957
1536
334
1340
2676
2329
829
274
3787
844
2385
5768
1932
616
183
730
13
216
8933
154
60
2860
214
14116
483
2051
736
4427
1113
723
12821
3294
1585
3577
198
1646
1099
1436
2037
1435
3895
760
3703
3339
858
9801
1711
211
132
914
1302
1360
707
4502
2568
13231
2543
574
1516
91
256
129
1113
8738
1452
587
4934
890
4011
720
3386
2474
37
577
834
1751
1437
4006
2216
2818
725
334
1144
83
344
3018
451
1
802
4569
70
5584
4124
488
389
2889
1
343
1759
1471
179
1434
561
2629
708
546
3
4072
2863
9133
854
2263
650
412
1054
184
1410
2388
561
166
332
1713
137
289
599
117
1294
28
1447
1950
103
2175
895
4659
1367
678
34
1122
12
129
1777
3431
3443
1988
2869
2890
8018
2057
3417
315
735
2930
2982
2156
388
625
2013
4167
1039
795
995
1643
645
689
1280
939
2247
8382
1442
1479
8152
1011
2069
1559
607
3822
1975
124
1218
1196
3644
2711
11893
184
1924
676
2181
525
725
352
4034
2043
631
591
2555
5658
1631
336
474
3019
715
549
2007
51
2470
1031
882
4818
398
2204
1281
384
591
3012
1453
1591
697
957
10676
6256
198
1937
87
110
8883
136
1861
3145
640
4020
2156
248
1619
1643
674
4
112
622
840
340
368
1136
1132
1105
5357
1534
488
2789
2448
130
461
528
736
415
490
1137
621
1425
3005
464
10334
704
5246
21
1842
2265
653
1381
2003
825
567
613
77
8998
450
481
29
400
123
6165
1140
3639
274
951
1465
5824
1876
6587
3151
10
759
4070
143
1826
1449
1716
348
18
688
3058
39
415
371
567
9182
544
86
825
941
259
18
6205
1700
1228
463
6538
118
1626
1417
2404
404
609
9277
3875
421
3307
56
2950
553
1659
549
1676
2766
3348
717
773
568
1102
122
173
1317
2157
95
2372
546
280
224
2926
10445
796
7674
2188
343
623
199
2203
8120
1449
489
672
530
428
718
1918
2328
855
1173
5975
2705
16
36
5814
27
1745
2080
3621
472
40
2140
2596
105
1676
247
5309
464
677
453
588
808
340
2850
1078
1529
1422
1548
389
19
1463
1046
2108
748
451
1157
1478
793
894
15016
523
147
1952
281
766
1054
5800
929
1085
287
68
7
25
3146
775
199
17
1236
802
400
989
742
18
3299
198
1245
1504
446
551
345
1766
915
855
983
125
778
66
516
122
888
928
6
3083
3978
101
693
26
1128
398
1067
763
14
207
46
962
6066
129
782
557
184
571
1739
1654
173
3652
13
1895
285
1272
2688
1626
2168
506
1568
8
183
294
3
1335
1839
37
2046
1626
2028
1269
1342
727
394
7244
1139
1136
207
2694
42
1210
10723
798
1164
895
2333
2730
2340
4019
1003
85
809
103
505
471
18
2162
28
1038
4116
617
610
1070
1414
5
2343
4253
170
3346
56
1226
1300
56
630
113
110
712
2649
1119
60
1906
2230
278
77
759
571
1434
17
660
27
1920
156
654
190
3
1797
1172
205
187
256
403
678
768
4428
5088
5893
296
2317
6247
225
4341
563
987
74
3846
274
534
674
515
556
1824
2057
50
15401
3593
2872
8
15532
1634
239
938
411
2268
5827
2302
1323
524
1153
598
3610
561
1938
122
280
770
1412
70
2052
887
16
516
195
34
125
812
1188
26
332
1195
9052
391
12
599
7983
554
6051
847
1
584
683
6
798
9
24
407
21
2625
576
3182
1491
273
146
332
383
358
2713
5839
5369
3248
682
3447
4169
642
123
126
3294
5466
2747
630
130
585
198
124
53
6043
1304
38
2638
1330
23743
5
1849
316
356
972
188
716
74
17
372
940
1423
1029
602
1816
1403
1076
3663
8178
1004
368
1218
572
3068
933
1148
1689
453
427
3633
114
641
459
509
338
9337
1131
161
15
250
20
60
102
774
1140
1520
4550
1
456
1972
498
174
421
567
1389
1144
22
2703
1094
393
586
2283
2859
212
95
912
2349
64
105433
114
5
7377
1053
202
1096
298
168
8
2129
4165
272
158
713
282
2209
2180
19
1925
61
510
1601
105
57
1147
56
6983
4349
3163
122
5548
2134
43
13283
1800
2999
1056
1081
1741
52
974
3593
4763
461
1494
1029
23
207
122
3720
155
1306
174
265
20007
5969
39
1365
1561
1624
371
909
62
830
1810
243
1492
42
3138
3190
1102
3067
811
1629
266
27
417
5382
25
134
425
64
100
228
421
513
169
836
1177
478
1696
33
748
94
858
1050
904
1139
3079
515
1958
408
2509
522
351
840
1240
317
4990
1222
2511
2465
2888
2607
1097
3607
324
5551
5943
1596
125
578
2565
651
281
728
157
3556
391
5949
3826
691
1332
1026
7596
181
4557
278
1030
44
371
782
1009
975
126
1812
702
1793
167
3111
485
778
16
1807
605
6453
411
1257
4159
1
1863
3231
672
15137
3625
163
11517
313
1889
1731
2054
724
3647
1182
884
326
5
1234
558
67
1774
7262
3132
93
676
156
1852
457
1564
608
464
386
476
3911
394
618
633
444
4616
81
1941
122
4196
293
973
507
780
1812
1885
3935
2945
568
2983
1476
684
575
654
302
347
1024
165
706
391
1965
3882
45
347
214
52
1222
343
2997
152
110
257
177
247
5395
1027
20
10201
195
183
175
1387
1482
367
66
2027
5510
208
951
2613
553
705
438
1217
1219
410
638
1161
178
806
397
1915
43
127
431
784
94
396
448
101
1332
11
791
368
1126
66
871
257
148
706
1207
251
4533
6
841
579
232
243
2843
3299
5716
70
561
1221
301
5593
1634
137
948
854
3977
766
406
412
249
657
3490
729
2920
458
3585
251
1916
56
1514
1082
3418
5
812
2649
270
1401
30
112
126
18
1408
1393
142
979
382
1247
1192
143
172
2716
1018
1061
619
545
75
455
476
1151
1708
1836
5947
320
1480
283
859
783
2610
772
1278
411
40
338
591
317
1569
2671
5011
1084
890
163
69
514
1182
10998
646
1196
1391
218
843
1119
5
119
13
1229
1144
4004
458
535
2974
725
759
731
101
718
187
497
4367
25
810
1656
495
532
5522
2858
311
646
2380
446
991
1736
46
2412
572
79
158
380
136
265
882
217
8
235
302
2056
737
1080
2
582
1809
1541
11
6013
711
82
425
4352
48
2340
65
269
840
961
102
1532
1593
4182
910
338
862
253
1081
2509
1114
3
235
528
2828
1086
105
132
621
921
117
1319
1088
415
2390
5772
797
6
53
75
40
9
1851
434
599
954
85
2129
2739
149
6700
24
183
24
1053
4753
448
140
6
6119
451
137
837
331
2890
378
22
764
298
381
5902
582
1750
200
405
63
1221
12
2628
1049
635
438
208
898
7346
166
218
639
939
280
3810
3031
620
1155
23
55
409
3298
105
1159
306
192
82
1198
1009
3807
1008
1665
2726
1344
38
25
2339
33
2625
2813
977
466
2278
4272
303
505
21716
12438
1993
1110
66
118
21
1189
177
1008
285
198
848
13
862
955
2152
11
345
2560
1235
1204
2308
1178
4333
68
1333
1600
924
2985
88
86
1876
232
2626
1009
62
2967
61
681
114
72
1721
96
6705
678
2969
2068
69
125
1172
1044
203
751
47
156
1593
1665
300
9
1151
500
48
1174
651
587
1
1399
357
846
2289
49
581
1
278
5537
2272
1277
1171
2389
149
157
502
336
1736
744
245
2335
368
245
1787
548
1020
1668
211
1375
2514
635
1004
961
1231
1995
1652
1686
2050
420
1167
845
492
268
339
155
2021
1801
3673
231
599
8047
14
8825
5223
550
44
518
62
327
2268
2654
190
1764
4513
252
443
285
775
264
48
775
2302
183
308
2498
2263
1
278
195
2668
1443
8904
960
435
356
2636
1155
5965
968
1399
360
144
266
38
396
45
348
6763
1209
65
41
543
4438
22
1849
3270
135
350
274
2013
7957
333
210
2672
387
6008
8266
1924
10531
636
1483
681
10
165
642
2209
558
1516
1001
303
604
427
80
997
1072
2785
153
1249
43
2804
304
1332
390
1853
326
1125
868
2660
732
1007
103
581
255
3902
609
519
8268
68
1073
527
4709
788
8
295
59
548
716
20
778
8
1528
86
306
3845
862
213
4069
1013
5929
393
3413
1972
836
13227
1894
188
1145
1785
796
789
437
3768
193
845
438
47
1242
533
10
219
196
5
550
1053
794
24
881
5473
266
1993
873
302
1663
67
1614
7484
811
3632
611
71
12
108
1737
1713
419
828
650
1202
2901
91
69
507
1683
829
4514
1003
4201
252
238
1832
2505
287
78
1053
1187
5236
316
2145
2234
351
1504
1291
1049
556
1070
1695
153
171
1211
769
770
2956
1892
383
50
1829
1890
217
355
1295
655
380
449
3791
319
258
1768
662
3565
1645
454
342
442
605
4169
799
152
4
2
984
3407
246
565
2359
846
1748
1335
6
64
526
733
297
620
502
273
771
1600
860
188
419
240
297
225
1737
866
8982
934
1826
584
2761
2609
4569
650
812
843
1852
3012
409
21
159
540
92
203
951
899
4293
288
6063
882
2606
26
1684
568
6
375
512
2024
797
1344
2632
314
6106
4095
13632
838
3247
845
407
9264
329
859
7370
101
634
1932
1151
851
344
328
746
153
1668
343
456
9522
1041
660
75
227
1272
4
6767
29
34322
189
802
871
1237
38
574
2347
1411
543
536
338
259
889
81
590
164
32
4738
16
285
420
7254
1999
5695
1231
465
5568
902
854
1056
277
12818
12
452
472
249
2205
2418
20304
41017
47018
438
794
639
1523
35
236
286
1258
75
193
716
1201
884
1687
1755
836
2352
294
1744
5163
3933
776
1
919
1354
787
939
501
117
958
4
23830
254
661
116
1176
22
767
44
814
533
3081
1834
833
528
1485
2245
6925
1236
54
1021
342
73
2663
186
2
2390
1058
1263
1340
657
7
192
12
1787
101
477
1283
1519
4654
12
801
471
5366
182
728
2065
5463
2094
1470
302
321
328
1308
21
2536
74
138
1302
349
1000
1288
364
281
487
1753
619
1065
6073
348
2515
1093
972
93
445
85
12
1269
1923
1426
177
219
1539
251
4576
671
2386
1012
915
862
2139
809
659
1357
1594
1168
58
2736
2116
3061
430
266
291
1179
1387
891
183
470
634
1384
579
52
638
69
2158
155
1699
134
5535
4120
973
2012
239
789
303
279
492
2072
1615
583
163
10
2716
1003
783
315
533
1972
5488
608
570
1876
2090
1235
564
641
1504
3034
246
732
6427
2747
1011
328
476
907
173
2632
1930
1353
86
54
136
13
1087
1414
279
660
1299
447
1669
2844
1733
4518
212
19012
2042
39
1798
3566
941
6261
1845
7222
73
450
2178
703
10
3272
452
1604
13706
41
610
214
1621
530
3758
1637
1677
1
383
1484
1724
464
84
5290
4903
215
657
2856
1294
1214
728
1624
665
265
103
2015
167
1015
1597
139
667
200
1021
1329
1342
15
805
108
6892
1026
7163
899
11
534
2139
867
2467
751
97
762
4463
365
22
1092
34
606
1419
5
173
21
231
580
9
178
3153
3579
104
293
161
2329
78
726
878
1645
153
1793
168
1813
1335
828
340
950
2691
894
1217
1703
1297
1004
5236
161
2411
460
479
1002
723
632
745
281
441
723
403
770
2
112
153
127
328
258
429
987
877
7266
701
6
765
2602
1262
795
2448
86
93
505
260
952
661
4029
3377
586
1041
119
8
1275
2265
903
617
1347
774
2257
3718
1818
49
2295
515
808
1254
585
275
1512
418
113
609
476
61
43
93
614
301
2482
319
1620
1526
3814
3309
321
487
1247
42
653
349
465
6374
422
1400
935
7926
2430
2399
1258
364
2305
397
7682
102
419
1538
1882
780
33
965
958
18453
548
2011
1872
2026
302
978
37
4
1793
4694
479
978
133
1861
399
411
5269
994
843
694
586
841
1356
2174
51
246
282
172
683
83
1920
84
650
369
5530
417
449
695
1487
374
1326
798
301
3709
1196
272
201
325
250
819
2319
3000
550
3165
403
597
285
2423
437
233
566
884
1391
406
3311
237
826
5746
8355
59
1281
574
302
10358
5070
1523
1895
1269
246
382
6707
973
1018
15
1018
1648
445
9507
3175
2112
2126
96
51
2530
1191
13
2618
1452
2547
1812
216
223
74
757
1266
880
1239
173
183
1283
2918
52
206
275
1251
425
694
475
385
2278
1033
299
262
4888
3382
247
462
1580
608
161
1630
880
2521
670
1113
419
1001
605
59
1
915
3171
2736
166
803
621
589
123
63
704
299
1568
175
749
630
5
645
568
418
89
78
2602
339
1130
223
1760
335
187
170
2563
14
4181
989
953
763
248
3
427
5
3039
1350
1084
285
1199
479
1172
306
340
875
444
206
181
34
2202
776
3126
2116
19
73
16
803
504
3845
1773
183
367
1671
18
904
1832
92
1133
907
817
102
1334
8551
3768
136
20
15
325
3448
112
42
2784
1195
79
1200
1659
35
565
2839
193
662
1814
156
24
2062
5323
435
878
507
1907
287
2130
1568
2205
1850
412
951
343
173
665
2157
1667
1039
1229
3282
442
142
1063
3782
1873
704
333
672
454
2334
744
131
2664
555
82
1187
46
1210
3714
2360
2602
165
54
2030
877
1216
630
1545
1785
56
1505
835
73
458
3963
685
585
1
882
58
3524
2762
7
2330
2125
802
8
137
127
1615
1098
1970
1766
729
10190
885
2247
1066
3109
2365
551
599
2345
99
1213
27
1679
624
923
601
1572
255
2231
148
2577
282
1498
1473
1
79
139
454
293
988
96
250
272
623
2748
203
365
1252
954
699
8449
1097
4888
4155
2283
1185
31
67
824
4027
729
296
315
26
1129
1030
403
76
19
765
265
463
495
4217
169
1397
295
1193
1539
3404
2315
1689
1392
1917
66
253
303
304
2756
893
120
427
368
895
141
173
229
310
178
4257
2722
3
89
753
17
127
3139
359
1875
3628
54
874
3626
732
344
7094
336
1905
47
3799
273
12
7766
1212
1450
742
5
606
105
1332
1974
2666
1913
818
185
2793
65
852
18
1702
632
92
3144
627
876
1280
1709
88
270
612
1299
85
1899
51
1525
86
168
727
4655
15728
336
325
211
516
87
347
629
1212
596
5430
616
607
1982
659
122
3641
416
503
946
6458
3120
1243
2049
78
12
69
791
53
2364
963
114
1272
692
734
452
2193
4393
576
333
650
133
153
311
2882
868
532
2149
1018
715
4485
517
491
266
197
1051
571
69
264
1373
1150
3971
1422
464
213
7008
2231
658
779
1662
1379
517
1669
390
2795
841
474
1200
492
3191
1671
3178
308
924
2719
1461
1194
1339
2296
470
559
4159
1283
1471
3006
7
535
1448
138
7725
1391
262
497
236
730
8934
1256
2195
175
779
241
3588
339
611
5505
1099
7
21
200
184
3991
1726
179
331
819
306
293
712
1113
1066
616
1420
1588
414
3433
395
550
262
320
559
2237
1163
229
436
1311
2558
198
362
92
830
268
3663
2352
2709
4322
64
12
18
