322
225
283
14
38
6
2
21
2
269
57
1053
285
954
17
153
21
222
94
235
231
25
394
24
23
1
135
1
929
272
19
234
1
1589
132
318
1
296
8
336
269
40
16
4
5
212
144
352
267
54
44
25
599
241
642
72
25
606
88
340
11
64
4
36
10
131
453
124
18
1
45
33
253
46
2090
5
232
252
86
2284
518
40
160
61
4
291
135
12
165
1162
102
237
30
18
529
12
566
15
1
26
1
22
280
63
59
63
4
3
599
199
48
4
1
201
412
31
1873
138
11
17
55
45
17
93
46
19
143
206
1142
88
166
24
946
12
63
1
7
464
20
75
100
249
227
7
4
22
270
11
39
3721
726
33
72
43
18
1
8
153
26
76
1472
920
44
12
688
12
17
148
5
9
2746
7
146
8
87
63
26
7
235
111
42
131
2
1385
119
9
113
786
17
1615
19
866
16
137
125
9
710
123
1
14
2
77
11
603
6
2
100
184
7
109
3
18
46
42
13
244
49
7
23
134
32
191
369
13
162
3584
499
4205
1352
20
3
7
56
2
917
18
67
77
2
362
126
3
60
639
142
423
58
212
21
3
3
11
39
336
9
122
208
35
207
132
1391
249
15
125
27
186
266
55
45
75
8
184
86
1195
135
875
1138
55
136
65
649
233
430
190
8
10
36
872
8
590
2
46
136
77
1
70
167
730
234
792
127
67
270
25
278
3
575
510
1376
147
15
55
25
354
4
719
1
125
112
107
496
139
29
478
16
84
16
125
108
36
962
332
239
218
61
234
33
1111
42
2
8
18
7
1308
631
251
234
292
287
245
10
1
241
247
363
35
226
233
245
5
7
1
1318
4135
248
126
160
8
51
105
31
417
16
241
3483
6
72
24
82
819
243
3
125
13
277
466
130
58
6
36
966
53
3
251
634
7
9
138
437
11
666
14
15
15
211
416
47
95
108
29
8
141
236
20
650
35
989
154
21
72
18
8
27
215
14
6
1298
373
44
4
78
36
30
74
22
248
10
1
99
263
29
806
2061
1647
81
34
169
388
299
80
8
109
60
897
135
5
4
12
232
50
614
103
7
147
3
1
1
206
1
1
56
172
31
89
1165
1905
106
28
506
53
232
23
262
391
10
415
25
1197
6
135
18
236
63
336
10
111
114
10
3
108
1305
50
148
70
39
15
95
179
17
607
14
31
6
32
311
133
4
39
331
2383
234
358
79
79
173
12
56
9
19
5
68
130
475
1
64
1585
206
50
8
75
316
278
264
46
694
5
29
22
4
223
15
58
14
73
26
2
511
192
52
13
12913
136
861
103
699
1
1086
14
549
12
109
5
3
243
458
51
28
18
72
1
1128
211
18
552
67
314
37
368
731
57
259
4
453
34
506
965
24
539
358
19
24
27
1333
83
661
78
893
146
17
1015
47
533
251
813
235
10
125
53
62
62
43
16
21
271
469
250
23
127
1099
368
62
3
88
142
2
15
233
2
708
6
225
141
127
259
16
49
98
9
16
9
18
126
1
9
36
11
600
82
5
9
285
16
131
159
1150
1
115
123
785
1056
192
20
1537
12
3
4
508
146
103
6
151
53
657
36
274
256
83
50
8
38
879
4
277
156
497
1262
85
147
151
234
357
243
24
89
821
1139
206
68
1
111
144
1426
36
20
1
222
243
230
46
105
63
230
377
502
3
233
19
509
9
216
39
1832
202
12
9
23
163
562
25
634
62
312
2
680
129
120
6
15
3
4
888
70
136
224
11
2601
8
87
193
21
745
90
248
5
22
61
19
24
219
148
20
6
223
7
6569
170
53
33
10
22
32
781
24
46
264
80
14
20
18
203
248
10
146
165
65
956
2
137
7
123
14
10
58
5
965
815
9
25
13
1566
53
68
37
48
94
54
232
9
4
51
14
626
107
120
20
134
1
314
313
3
49
1287
457
1041
46
165
840
232
118
54
198
201
107
26
636
35
261
203
32
12
144
232
5
229
34
746
6
8
285
393
1111
131
251
395
55
80
12
7
431
6
330
3
50
50
122
232
17
56
19
250
1
798
154
2
135
231
126
146
73
149
667
139
133
44
7
276
47
18
93
53
5
4
78
87
30
705
252
44
256
8
30
196
23
3
224
905
6
84
231
550
115
850
118
7
1
216
9
8
46
6
23
11
45
1100
12
59
62
248
370
541
10
330
646
9
25
6
43
276
1
18
390
952
9
44
60
18
26
155
11
186
7
102
5
108
342
2
276
190
3
360
428
8
262
17
287
42
110
981
110
53
1
52
5
19
7
19
4
171
262
4
8
5
200
10
198
6
231
1044
111
7
747
140
1
251
3180
33
21
188
18
6
166
22
73
882
12
123
436
125
9
3
13
1
303
125
22
103
322
19
26
14
264
39
4
2
39
7
252
111
6
82
274
682
23
64
271
13
18
102
1160
28
2
72
786
3
55
27
112
89
303
877
107
63
9
26
34
226
7
109
1
377
122
1
358
63
123
245
395
234
6
355
4
20
66
90
33
1
230
125
27
2
270
123
290
2
30
351
89
262
37
51
6
32
254
4
122
9
25
123
9
48
1
7
10
156
628
20
8
18
223
958
1254
274
46
299
12
252
233
239
5
23
269
184
260
331
245
140
3
2
11
595
83
