200
20
111
75
13650
12
52
462
386
38
3659
32
831
1
59
3
21
1182
20
642
58
121
53
667
1
27
53
3
283
101
12
305
10
717
61
659
593
225
1
72
133
21
196
7
3
3422
51
1
6
240
1096
94
356
46
6299
331
781
66
899
1888
2
78
1772
67
260
12
566
6989
813
31
60
250
276
87
11
246
3377
60
514
373
6
1467
336
75
30
46
78
155
1
82
1
633
706
2
13
34
1682
42
3206
5430
2
4159
26
25
5
325
1154
467
338
200
18908
1495
2485
8
4
70
149
198
111
17
2812
67
1075
194
15
56
1525
6
9
4
139
27
9
40
2
718
41
37
153
6
380
255
143
25
1421
154
86
366
4
205
44
122
52
907
5
230
689
112
228
33
242
2
317
42
46
127
43
30
248
120
87
13
845
32
763
154
5574
787
239
67
10
343
6
3
568
30
515
420
3582
128
187
2067
1189
41
2599
2268
1382
416
1879
170
228
143
50
3294
12
6
132
193
2071
4526
32
2
126
1251
317
559
118
209
424
673
334
94
3462
3585
70
3
48
4800
80
622
66
64
2
1193
702
165
2970
84
162
4529
1159
777
46
75
7
110
3788
36
280
33
166
63
1200
5508
1569
2
960
24
1085
537
1643
93
9684
139
172
1527
127
91
14
94
950
108
50979
881
1847
632
2275
73
1018
387
39
640
22
1231
300
49
237
192
1
187
160
2086
2767
1295
722
26
214
384
1137
32
5441
745
1183
6367
675
1555
58
167
442
54
464
29
373
37
5072
201
24
2846
1276
18
695
393
103
986
4
1573
51
302
208
10
5
46
3418
468
108
315
3
41
3804
239
862
7558
65
427
191
129
1965
8849
326
137
12260
3
75
87
67
2029
220
11092
132
1720
2410
128
10
51
132
419
1446
1451
846
37
384
634
110
1
468
548
1034
106
251
71
84
95
1
12
3187
1
1030
22494
25
249
131
3
97
15
2417
499
2
54
5
424
207
192
376
170
1243
5
893
11
135
227
776
124
3506
5
5689
1617
20
1
59
366
37
1810
51
1628
229
196
254
536
4884
14455
121
22
155
215
45
16
13
1475
5
482
2207
41
14
1725
476
85
18
1880
16108
103
1836
367
11791
45
11
186
23
550
55
528
977
139
2427
321
208
466
638
9
481
558
547
127
749
51
782
9928
2895
475
14
6
61
2
3254
9
471
113
23766
4
11
451
206
20
324
185
1993
1957
13
207
889
15
513
1161
598
21
4707
178
6056
280
40
226
217
35
8801
1124
3261
1298
147
17
204
44
871
519
1786
695
2283
42
318
351
670
96
2306
85
90
155
10
238
220
3434
213
10
5538
118
982
1288
1176
7863
12
9118
1668
1045
694
729
1292
76
435
33
560
2018
813
1553
11
48
293
1
356
10
41
2567
548
98
21
56
360
6765
3301
321
237
686
3
599
967
189
48
55
354
250
167
53
476
45
406
122
129
5
44
37
201
106
1
22
927
229
34
1151
1022
194
1665
14
1831
46
33
657
29
14
21
673
265
606
1125
145
394
187
305
302
813
10
1
4084
12545
243
124
47
17
407
1080
48
783
91
385
16
56
944
133
14
178
111
581
1438
120
17
16
294
1624
3201
171
463
116
1360
1931
565
21
187
60
52
2597
6
215
5727
621
308
1234
76
3
1774
32
1214
136
9
128
1
8555
687
1318
74
1333
28
450
35
4806
189
29
13
60
30
446
906
76
330
180
758
1355
14
48
238
145
208
69
114
2232
10167
477
20
60
886
89
15
8393
89
3
5435
8918
1304
1083
238
127
5
206
1824
16
162
1630
313
641
32
27
2844
5
213
146
7
745
45
494
459
26
1
36
211
46
106
1
918
437
122
61
246
128
263
265
6239
108
19
323
1065
791
139
465
198
3263
32
77
2261
3280
678
1807
54
61
925
34
87
7
1979
419
296
121
235
740
106
203
500
952
78
49
168
3
1601
474
217
795
8
5
3
91
96
12
419
1478
1
2
412
588
237
1461
218
74
537
6941
368
178
17
301
25
18
8204
5499
696
252
56
855
473
1218
362
1165
202
939
134
364
2
1652
35
79
26
1019
715
292
818
16
13287
551
1
1655
30
1663
325
2755
152
57
614
175
266
2424
14
336
375
285
589
1001
135
1504
23
5
84
7
1444
1751
203
314
325
7070
198
11
2753
849
1977
242
21
16
302
962
104
27
194
1
573
535
13
227
39
1170
3157
114
1173
1839
722
918
1563
7
101
187
1502
574
846
5
156
19
64
71
1475
19
795
51
391
72
73
11777
5498
40
462
97
826
260
81
917
1874
183
3483
226
471
2
860
17
56
11
4
137
180
179
902
4
414
54
7
8412
1557
181
170
18
89
243
28405
4
16
80
5
276
91
2
174
119
2
286
1853
1294
8
43
79
1918
54
1055
174
51
2495
375
4208
256
229
128
225
109
3449
259
76
223
196
6
1855
184
334
242
91
276
190
2059
230
84
72
314
2066
20
213
207
232
214
403
211
141
174
255
151
247
681
23
1000
72
704
1
1193
2
216
110
952
12
560
476
79
180
2001
79
6639
1
797
123
10027
209
24
59
7
445
250
196
124
461
591
77
221
256
903
1672
134
11
1723
36
1311
17
1469
180
406
1819
2712
2268
10
2467
381
10
17
98
99
121
768
623
3243
442
46
925
130
3
52
1081
484
3018
500
1
33
91
55
5
10
11
2
92
116
2
553
36
1023
1386
2
1786
119
1324
54
10
19
5
65
88
43
5
534
7841
84
106
325
24
247
253
70
99
3
2053
1925
113
522
31774
4
122
1891
204
12
68
1
919
781
1058
677
345
33918
4
247
813
17
63
1488
1
5671
1391
2690
1470
1398
129
4734
26
1070
1624
1548
91
1586
124
766
1793
180
455
135
905
362
368
492
2364
211
265
32
13
106
40
3
40
1388
6
43
2713
1962
339
2490
210
2
1412
1477
104
31
250
207
498
32
11
105
584
57
74
455
2368
1944
30
34
22
435
418
2033
379
300
290
73
49
2443
146
211
44
68
856
247
4081
470
40
920
1174
270
16
84
784
18
4470
1343
169
503
358
1638
79
898
14
819
21
12
47
369
3469
15
11
95
160
20
588
665
43
432
67
39
282
1467
338
1952
233
1329
5851
3
3463
89
409
5470
1413
170
197
497
592
268
1449
485
128
4568
154
47
484
1152
503
322
181
41
295
4647
2364
375
138
1035
271
50
1697
1004
2494
463
6
207
26
250
60
220
126
147
410
446
218
92
211
414
187
40
41
226
12
207
1827
225
808
239
52
29
129
3827
32
658
1439
669
76
156
1804
221
128
231
12
372
276
3510
218
44
65
176
4
4
930
790
146
3
2
28
284
1806
801
531
874
2451
2485
376
263
1
4722
211
3171
203
9
75
82
100
85
154
61
1759
7328
73
3797
160
1677
238
239
91
1298
244
307
120
40
132
805
85
47
235
229
12
495
561
90
53
57
12
134
2736
22
4624
250
501
238
31
21
222
393
286
114
57
167
1
192
73
1282
265
637
109
95
26
247
85
19
21
528
2261
7
75
789
78
27
210
227
21
2190
234
1458
1070
211
738
63
587
286
1489
18
15
127
5354
89
178
317
62
11
1010
83
115
234
462
336
391
2167
1231
44
1857
123
227
5389
8
199
540
42
64
3221
391
19
382
222
5175
69
24863
1130
262
25
145
566
505
168
4822
37
213
580
872
15
1446
118
7
251
387
1787
3709
496
3127
329
307
74
9
239
1264
611
2167
69
80
200
5
197
10950
840
339
172
1114
43
54
1
122
161
1130
280
4321
79
1
248
25
842
165
16106
13
1259
1083
443
3352
6064
237
423
2809
47
259
2484
881
75
1943
138
17
13266
521
311
153
72
81
171
1073
53
48
3799
2397
390
110
288
33
1651
5352
18
68
83
2743
471
197
256
451
119
1367
709
938
1
291
255
1169
145
39
72
107
106
166
15
624
2
241
137
4
113
325
52
472
2263
253
59
4127
3513
34
2929
2088
113
1708
28
473
1588
188
1218
77
12
4051
172
1
258
2272
66
137
4707
155
1893
3343
224
64
2817
140
561
1402
1
47
60
1058
2
3456
348
2
1
82
3596
105
365
233
84
11051
34
26
43
155
481
14
179
23
2057
56
1249
1324
37
936
2275
217
283
26
22
66
2969
132
924
517
305
1070
602
6
870
124
2074
11
2431
207
1640
12
1326
911
80
518
243
222
72
330
464
113
1047
201
312
6995
3
289
448
271
322
95
20
172
80
3
256
801
1281
43550
420
19
8303
468
72
1
6341
788
52
1374
20
306
474
77
901
11804
641
340
1426
1
4960
276
32
2381
80
123
211
315
209
181
653
485
1133
334
209
20
32
123
116
1083
1546
3464
5925
6
264
3747
178
1724
2
17
3
116
107
531
426
34
336
21
106
129
1691
213
71
4060
1646
991
750
40
2
105
15
1066
2068
254
171
202
1835
164
11
61
167
2005
18
2882
1755
58
546
58
308
367
59
291
8
355
1
3185
4229
34
2064
229
1
15
25
4136
578
79
1172
68
352
871
1274
3656
281
2998
6152
61
2283
505
6850
1057
130
3511
3111
7597
628
102
13
533
195
330
279
2
248
32
4087
27
1056
2
36648
1337
8012
401
21
69
1
332
448
52
337
108
60
8048
3092
1865
1686
630
79
220
109
49
133
335
372
123
80
1403
516
6
670
265
487
26
2709
32
408
817
279
1084
2722
1425
13
13
2
239
827
137
988
22
82
85
85
1434
367
301
688
3083
723
3190
13
4781
248
4281
574
4224
489
115
1336
93
4
17
1410
2776
7
15
8
2012
32
409
5
63
583
49
24
57
38
52
63
7
39
33
4959
17
30
167
26
130
281
217
1972
61
12
152
450
1950
2849
376
1816
50
5527
275
5842
1167
25
415
1028
42
224
12
2
67
165
91
2488
1
6026
2903
343
138
291
106
290
8
41
19
156
3458
2
112
6464
2992
4452
1877
470
169
5
516
322
89
86
29
85
380
352
2682
2563
2
229
59
112
72
504
6809
670
355
431
93
164
902
51
136
2
2318
189
287
764
23
1117
3741
287
43
2567
233
6
692
29
267
3435
446
98
235
533
107
6
124
385
9222
19
5
341
189
130
132
434
7
454
132
1703
21726
1982
2133
3751
1533
42
1
13
94
7
21508
157
1004
287
435
33
1319
3210
3460
425
141
59
57
186
4048
7
477
24
96
171
3
30
123
2345
105
2442
1645
1373
66
1067
947
424
14
9847
453
7627
92
215
245
396
1462
515
20
63
228
59
309
1355
400
1754
4
825
76
875
18
342
169
866
5
132
156
980
961
45
7
4
1
1115
66
267
122
1196
97
222
119
333
863
447
405
229
7093
22
78
31
941
202
335
575
501
1072
15
11
23
17
326
1755
407
12
105
5
10
201
81
25
295
10
63
536
3077
166
246
5
16
3
456
1595
2
10359
380
156
1
127
6
1020
3
12
4
323
3
6
282
4533
190
1811
692
102
173
73
443
371
321
1167
23
94
1079
16
999
273
99
314
305
42
357
1450
1
192
15
4
129
193
1885
101
75
36
263
3009
222
20
91
20
33
790
1603
1372
26
36
15
89
4
63
340
163
22
908
741
10869
829
93
176
1128
3127
14
4
15
16
106
72
363
763
2477
5297
647
7
312
651
343
49
36
1678
29
139
120
63
508
931
1162
92
115
84
254
1097
557
3
3
627
5
26
1992
67
200
1005
68
101
60
17
62
11
153
159
3
422
1635
963
1151
5
203
10
16
507
58
1546
133
53
102
116
6804
21
345
15
249
60
468
2456
914
170
148
285
1285
101
9
4273
147
452
248
48
40
1543
5309
81
660
236
847
54
143
618
1405
187
1
167
843
2701
25
1788
6
2146
207
113
72
577
72
30
18
98
140
64
128
3367
89
90
596
18
707
55
19
326
217
270
2484
125
49
2
329
426
1656
29
273
2085
524
727
153
134
1068
3112
137
35
512
794
38
256
37
728
1
5741
453
28
51
71
202
233
71
232
46
104
4012
597
11478
215
49
2
258
867
42
4593
60
2299
23
7
2864
6261
126
257
4201
53
3965
2382
17
2014
229
882
146
395
2096
123
4
2571
924
1997
600
255
16
534
13
76
395
11
232
33
132
250
1420
17
226
28
676
51
10
57
1001
457
285
2487
395
7732
21897
1
129
93
131
15
605
730
515
51
471
386
379
851
16
3454
397
404
625
1603
10
1
1779
14
247
497
101
68
1548
129
129
192
23
217
441
976
41
11
337
321
200
643
285
32
261
9
741
518
439
6068
79
633
165
793
521
828
177
1405
245
1
276
1110
13
521
202
682
608
16
3545
195
303
3834
108
153
1
674
1049
1513
7
1302
1818
1067
104
207
32
4313
199
551
57
14
1442
3039
129
79
1
37
91
30
582
2696
12
1721
4804
55
104
3722
280
78
189
99
265
928
9
255
120
349
580
87
25
43
12
2557
1
219
16
16
134
195
2312
242
1461
1
219
871
7
112
335
11
502
86
3320
777
921
349
27
645
9960
465
6392
1431
2688
88
1177
850
343
957
2537
101
239
451
2235
48
1014
4669
1059
1
36
470
439
628
2849
76
1
1311
2182
432
934
2044
46
208
357
1949
1553
1790
83
662
178
3523
1040
584
8
2557
1942
218
90
2634
455
1
36
456
247
334
3
8
8
213
76
47
654
36
227
133
197
5
235
473
392
123
662
771
66
1556
55
435
40456
182
955
1907
58
319
474
2736
4
2900
5198
349
319
19
484
57
6
244
1179
1031
130
76
3310
642
135
180
196
793
12
6
212
313
6
1181
1804
331
693
94
3
2114
1246
2430
319
22
82
469
2103
3873
2220
116
306
612
304
190
1426
9458
345
757
129
81
113
72
287
212
143
1171
69
639
161
3597
1952
590
2092
190
2195
562
20
977
115
5
122
251
171
171
27
90
407
566
65
986
243
994
273
212
255
4
147
13
10
881
1314
3
244
28
260
12716
56
61
2355
264
284
63939
51
741
170
1542
1
71
3
1
913
424
2
1138
581
216
58
100
2343
194
1
100
20
292
1539
8
495
274
122
14
1592
56
358
1654
1600
29229
45162
1072
3625
8936
28
168
222
1845
2074
139
1125
825
9284
1
1762
23
463
941
23
3250
44
66
179
970
121
6
224
256
179
4935
21
269
14
11
282
5485
563
331
2791
509
21
647
29
6576
3216
542
3
216
23
246
259
177
246
11042
446
1691
102
290
363
267
19
101
22
29
1
439
2167
585
32
293
2
1
489
1242
2965
9
1166
74
216
69
10
397
467
31
849
78
799
13
291
424
528
2561
289
1238
67
10
6467
167
298
1455
635
244
2003
48
302
1
258
266
881
1541
750
6
4
239
6
2220
28
7
797
397
355
552
4100
142
133
14
123
1174
898
359
110
133
2922
485
148
87
296
871
1
499
170
167
492
388
681
26
14
677
29
556
2023
7
126
1619
6897
317
1640
1885
216
132
380
1298
262
147
27
95
66
1
1381
119
20
913
317
527
69
262
780
799
182
2193
213
292
397
36
23
4048
87
251
135
993
250
123
121
289
5818
304
183
687
222
1392
24
122
17
67
196
147
597
204
9
48
24
225
3700
2085
253
545
242
814
124
37
343
14
789
55
501
12
614
95
57
14
51
1
138
258
3
439
32
8
2348
426
367
401
2
140
246
25
89
115
1
3972
148
6030
5
305
2775
398
343
20
18
625
110
3212
636
905
14
1790
24
1164
187
248
10
29
81
11
1
7
312
585
327
346
518
3362
17
61
26
631
4886
1617
180
91
20
546
3489
2762
106
69
504
2
19
2695
275
326
42
93
683
2664
96
187
161
27
2428
18
7974
439
465
1351
192
1622
35
750
9
155
26
818
892
327
191
77
49
1228
1
1858
905
557
55
181
1571
221
495
128
540
125
9
214
17
2981
316
514
324
100
713
209
162
246
2583
2
17
87
236
407
2170
6176
296
447
1091
525
36
214
360
1270
22
258
9
105
857
62
1243
44
7
9
2432
2074
112
244
490
169
4427
219
253
997
246
846
5121
719
2
4123
94
163
55
279
1
449
270
139
551
73
263
75
229
220
222
255
305
277
39
220
404
285
24
702
125
18
65
1664
10165
1716
622
772
14606
70
363
36
332
426
213
213
197
6
196
120
212
475
244
211
1959
176
3904
35
9
28
211
607
347
245
1114
35
679
434
219
1556
322
2849
37
4045
45
4513
94
161
2244
215
6
348
301
7
153
399
123
12
90
1461
3155
1212
371
241
298
23
28
3
7
71
222
214
1306
25
237
92
311
378
33
184
868
124
197
198
2216
1980
37
211
308
427
1
264
14
240
266
249
1
210
32
216
4475
126
135
12
261
331
66
143
6223
695
2
180
1255
237
142
