190
138
54
19
44
204
148
2473
32
6348
79
101
113
15
33
266
1499
13
239
26
86
40
384
14
4517
56
3
58
464
9
9
23
6
93
67
240
73
16
28
6
2757
9667
11
40
19
28
25
109090
91
1675
137
1125
9
20
12
94
8799
139
92
15579
10
59
117
280
63
381
222
148
63
21
182
66
52
171
3
28
918
1013
62
3
20
78
98
60
8
1459
51
135
66
4698
40
33
183
1267
1
37
160
1142
10776
395
858
50
1
111
20
23
13
585
4527
974
4
11
31
1967
57
294
21
19
92
81
25
61
21
2
13
28
743
2
9
12
28
25
895
38
28
263
536
189
13
46
3
538
92
27
517
2
6
11
6
162
34
4
12
128
11
17
9064
17
131
10859
884
55
38
125
8
3451
41
131
3
57
151
4
10
81
17
11
30
44
777
5
47
281
223
8
18
26
93
67
135
189
18
622
4
16
620
4
1392
570
10
44
284
1
867
26
21
11
187
1888
2
17
592
66
558
5970
370
1212
35
14
7
129
9
61
25
447
33
802
2
12
22
11
8
17
13
1035
49
33450
25
106
2
1
82
675
48
238
220
83
29
1
186
84
1640
6
87
5023
120
1
10
190
2
21
158
940
545
370
21
80
72
136
127
27
16
22
239
144
11
407
143
105
28005
1705
5
368
1717
31
22
41
2939
2824
3017
88
48
38
97
898
29
126
207
8055
2117
10
13
94
508
65
749
118
14
724
86
23
387
22
10
33505
1406
2505
1
1
154
13
29
7258
298
20
220
41
47919
61773
6273
28
5203
9
1
3378
93
1
249
3443
1
1
4
24
5340
6
50
1
59
19
8
7
2463
195
2
3
16
32
73
3
1
141
133
3289
114
31
66
51
10
17
39
6
44
2
11289
37
38
15
6995
73
573
15
9055
37
2679
8256
17
1067
63712
28
37
94
287
285
34
505
11
4336
1085
6989
10
1
52
1886
1165
138454
13
59
17
15
436
15
256
309
82
936
1553
6
232
71
111
45
99
2292
7605
22
37977
21311
6
10
82
3
290
1786
3
15
87
708
29
1
138
69
5
747
383
237
8
9
4824
11
197
459
235
86
60
11
94
3
21
1064
677
530
1300
56
75
146
582
342
202
5
108
178
66
64
120
2499
39
121
788
498
789
1
21
131
439
14885
874
1699
9
2292
857
19
41
66391
29
373
394
54
6
1
51
482
10
34
1
609
217
261
65
553
12
27
53
26963
25
1402
81
2276
28333
14132
162
6
25
768
19
165
1299
1092
15
4943
5297
4393
539
114
70
1
41
1571
10314
1219
1814
1
30
39
273
72
4850
578
90
7
127
1283
8800
198
31
1
199
16
1
95
3414
24
89
36
251
19
50
15813
23
5773
92
97
73
11
4
165
11
3176
1
16
121
15
189
258
965
77
98
32
539
38594
6
80
55
759
195
3116
1
45
372
654
18
126
18
144
459
63
14
183
2448
1143
3904
251
887
150
1
39
4
401
12
329
6
5981
21
491
17099
7
5567
59
13061
1199
1003
113
542
293
204
16652
3641
414
55
103
241
1667
33
589
18
12006
128
1824
19
87
69
1832
1996
52
400
67
318
1182
345
16
2506
132
274
78
1414
330
3882
369
299
1
67
69
126
251
694
21
72
110
12
78
4
1346
32
640
269
503
639
9
823
2
58
193
35
14
1
228
54
1
3
749
2267
219
61
1491
13
6
14
130
55
30
2986
512
31
18
2182
42
663
5
111
661
3
170
4539
7
7793
1
129
38
110
2
26
26
120
231
599
80
142
402
283
26
56
266
3
365
38
5730
46
1243
4419
944
145
393
13
27
323
513
38
1
137
8850
63
370
11
149
11
526
1
16
1611
642
155
18
5350
5194
463
991
411
55
2181
255
6
24
56
624
6802
658
302
865
2194
4331
4227
108
641
5
80
11
114
55
124
4
1335
131
8184
196
222
3
672
1322
201
232
387
121
92
1701
14
899
7
121
27
1502
1005
396
224
98
1074
50
16
9
106
34
683
21
41
1
192
6447
35
22
1227
26
91
3
4
149
215
1491
660
82
2091
452
102
125
235
18
80
18
4095
84
12
206
26
688
9
19
185
445
238
74
595
13
3147
2022
18
259
75
929
9
16815
169
621
1
54
29
1
1361
31
4006
2
633
368
27
1186
283
185
824
9
157
291
786
124
7
5367
180
40
1658
3244
379
1173
1
180
127
2217
1604
215
15
120
632
8452
1533
320
16
6
7096
51
1146
629
112
2065
2288
457
871
4
217
82
60
8
136
1
21
28
471
14
60
2388
2526
714
41
343
14
401
2
17
5060
443
4166
154
8124
538
872
69
221
1
14
2
7
32
759
2
147
77
21
698
83
176
211
102
1569
162
20
12
59
14
23
153
3
1
6
73
82045
1076
105
1156
98
7
71
93
3
2
915
69
36
826
4019
41
8
840
22
117
11765
13
1356
1
111
31
405
128
4
48
26
83
10
55
278
9
193
1022
62
295
99
45
62
613
46
110
2248
41
77
92
46
1857
62
871
15
58
654
51
48
1
92
19
10635
681
46
10
55
35
22
3663
17
606
212
40
1648
27901
125
435
224
8
19
25
52
29
1
16
26
9
47
10769
8758
10
1701
115
13062
16
12
86
1485
268
1684
24491
1853
805
169
66
831
10340
479
6
11212
9
5490
36
48
90
15
12
612
48
3
6
221946
4
202
7
111
7
4540
25
1
10310
2742
867
29
132
96
153
4
1
729
651
52
497
14
18
765
760
542
9
66
57
1
4
2
8
88
2217
43
6
264
88
23
151
1
231
30
1
9
83
101
686
6
7676
31
68
11
45
119
16
1298
105
483
43
31
842
1
102
22
13
9
5
193
13
26
8346
24
2756
68
186
13
24944
4
40304
166
57
2411
107
65
93
237
12705
47
24
31
15
7
2948
119
2384
132
6
577
12
83
193
22
846
29
31
19064
160
3399
37
1048
415
185
662
28
94
16
107
69
609
790
14
597
1312
2681
111
51
27
1252
121
24
26
15
11
48
205
138
50
180
2342
181
1017
24
2
62
1153
5
2
18
19
15
22
1025
18
50
37
89
7
4379
36
2442
996
341
14
18162
30099
3826
423
207
32
50
36
7
20
68
124
10
61
25
154
18
314
3374
1
1
12
12
64
1
763
120
28
355
1088
121
8
7
1056
42
25
244
15
1929
154
637
2625
337
2289
785
290
9386
1
179
5
141
990
58
43
7055
8
21
17
631
5
1657
2780
3
165
207
297
20
3743
1966
81
1207
52
1
16
423
98
331
97
23420
1525
172
140
785
19
28
236
46
38071
19
53
17
4760
54
1835
1409
57
600
645
71
53
35
3736
140
11
29
46
26
51
5
104
2
12
42
27
76
22
7
1071
7
13
128
41
6260
14
968
5
11713
644
1316
804
75
92
60
203
6
443
1
30
109
596
36
422
1365
732
3862
6
2
7927
3
2137
1594
265
15
84
5
112
50
83
5
3
13
30
235
184
116
147
39
19
206
10
14146
7164
106
436
75
11510
705
4
34
49
67
40
28
20
136
12
285
16
20
47
34
8
22
910
2
6257
64
1426
10
156
1
16
105
30
24743
1663
11
1
436
150
13
780
1128
181
1632
1117
13061
1
99875
19849
179
9127
18
62
128
34
13
1234
3887
17
4
163
35
7
181
208
32
35
26
44
14
110
146
7163
41
10421
20
4390
1
7
128
3
16
433
88
111404
88
30
26
149
347
28
830
2791
71
1073
116
7
48
2
64
37
65
8
59
369
18
7
85
66
82
26
34
1
6
115
5
1
34
146
1770
75
66
1714
1
1136
163
304
13499
893
1456
27
145
191
1977
1
12419
2
18
872
11
3
1
205
4
275
8
2531
60
13
239
31882
38631
45
15
17
138
1578
36
282
71
9
104
41
8
472
926
14
70
66
3071
22
45
25
136
511
2909
6
582
748
490
274
29
309
169
22
3
43
3
17
16
58
17
96
197
23
1
108
51
6
14463
1
97
127
673
183
889
631
550
26
10234
43
168
58
10
151
14
82
27
67
310
1813
11
35
92
553
1806
5
7
13
1
50
49
8534
107400
10
272
1090
233
19
72
120
39
2
12
789
1177
184
27
1
953
1
83
47
26
25
139
2
5
940
143
60
10714
2
2
13
33
150
1
139
1914
183
448
1834
1
79
110
228
274
383
249
62
58
1433
8
198
11
293
808
463
2995
14
25
22
21
30
2
4648
535
129
83
325
220
431
334
645
3068
68
2446
16226
26
63
168
541
268
394
85
3392
24
78
293
1
617
15
9814
13
94
1757
66
224
13
6
158
496
57
6
8
3
161
36677
165
47
135
36
10
358
32758
3
42
52
10
11
1914
4
1643
23
116
30
31
3206
12
20
17
8
2407
13
9
20834
83
159
42
3
152
24
1672
9
511
21339
41
46
6
99
342
16
216
4
1
235
19
19
82
10067
284
562
6
5
24
105
14
7481
4446
4
859
1717
5992
23
10
22
115
260
53
16631
869
1210
32
6
42
4358
392
3010
8
26
8453
2506
57
121
14652
100
1170
354
8
6907
2
1694
390
35
8
306
10874
744
446
4702
1149
24
2566
16
15
62
676
521
359
33
134
33
232
3490
15
80
88
43
62
288
11596
72
2
812
41
534
145
9
1
318
133
407
95
51
517
8201
75
12
10170
6582
1273
223
62
658
137
50
644
152
13
98
348
13
199
265
1
599
948
150
139
34
43
27
14
127
10
1029
673
3275
40
15
7
409
68
31
812
6968
28
34
49
3618
19
110
12
72
61
11
12
345
11
4
38
81
1763
28
1
26
3
1404
2
2
52
355
3093
23
8
520
72
48
540
48
18723
1580
82
35
240
1
58
147
2750
14
247
943
1465
187
49
140
191
335
11799
32
4129
79
193
243
311
125
932
17
934
1289
13
10079
124
2974
285
164
8
1148
80
9949
10468
4215
182
23
246
650
5179
7
580
2811
33
3782
2
6824
967
45
38
9742
5
9
28
587
1845
168
1
1677
118
16
154
583
243
35
880
1
83
24
75
17
333
165
310
8478
686
2
835
360
24
276
49
625
1479
192
260
1
8850
516
179
315
67
5674
19
94
1
1229
50
30
260
5667
798
7
237
1102
506
19
157
195
764
271655
21
5
9
22
194
214
58
25
1
26
1
295
12
7
468
29
26
95
377
395
115
4
83
128
766
587
280
2547
1
5118
2553
1100
112
5
342
2
28063
25
133
2021
398
10807
2354
26
3016
397
217
3020
1
17
1125
4
515
82489
179
10
1642
3114
3015
236
210
110
468
687
734
146
105
97
43049
30
184
46
1
7
106
1
20
1
260
3
26
5945
76
319
236
341
3675
17
66
37
9998
69
826
677
128
7476
809
10
34
213
26
157
1818
1185
787
1466
6656
2559
130
2195
12
1721
38
46
17
110
14467
153
35
275
132
1741
5
215
15
24
5381
1263
19
26
163
505
66
10
87
103
49
40
22
2174
10
132
13
17625
11238
40
1246
219
9048
3543
244
29
16
37
556
3
871
398
29
574
250
4
125
139
206
265
55
190
9
5611
156
4031
147
16
87
28
13
381
1430
75
2082
885
2726
9
1557
1
189
14
2905
772
9
4
29
690
79
6
633
1588
177
195
197
23
289
719
5
21
5
99
4
493
2618
84
22
36
29
50
37
25987
50
30
13
942
4
199
704
9158
510
13
1135
3101
453
414
2696
807
1320
809
3881
403
714
1
17
58
365
39
2
100
10
17
4
435
273
4
166
2978
8959
357
194
9
550
6
51
23
2593
2842
22
8538
168
317
69
1
90
6
347
10053
13
46
1
169
981
1310
739
41
52
69
16
15
160
1
28635
91
4938
233
6
7889
13
1449
565
1938
431
217
106
243
6187
10525
142
99
12
12
51
18901
55
29739
158
29
2
422
10
8
35179
991
15
1
32
403
2711
22
7
17
166
537
1515
9
390
326
3069
50
15968
13
32
9969
926
38
8691
4214
188
15
3144
610
45
611
151
840
491
628
788
853
2232
5
50861
268
13
88
82
666
547
4890
652
1012
1
1037
12
50
10
124
12
42
680
6903
223
1463
71
76
3
2
8436
8731
40
257
37
2
1036
227
1855
11
154
3726
301
3618
25
292
18
174
626
1541
6
673
5
323
78
1
570
1105
1875
430
59
326
4
1835
31
24
2
402
139
166
581
184
1
1562
36047
74
202
965
8
119
1719
142
27
5
80
67
61
23
1
130
4
8
71
138
162
1051
200
65
906
52
65
95
54
595
499
3279
307
459
635
1616
1
336
184
9
1
92
55
105
171
468
237
16
51
635
12
5615
13
8
160
79
3415
7258
14
112
14
14
17
132
76
25
12
814
454
578
631
5980
576
19
2604
158
1
385
1
2
94
168
53
359
1551
110
1
73
8
51
9
966
5
2431
167
1
88
49
10
14
2286
955
430
186
18
161
22
5
1354
230
7
336
1148
371
100
11
277
7
18
1956
377
375
57
540
21
493
42
1
9
2469
35
10
961
468
9
124
1179
1557
3888
53
181
4527
1
149
42
41
93061
6
305
19702
176
51
52
1
42783
107
9
580
2377
102
5172
3252
5
129
1299
7
6
67
253
35126
24213
45
20
4475
5841
63
2285
244
109
277
1148
1
43
65625
597
358
1001
19
152
74
86
75
631
39
46
1
311
59
6
5520
260
962
34
8
1072
78
1827
565
225
389
1353
23634
875
513
65
514
854
1
2
418
487
4304
667
5794
78
33
3
160
257
558
230
264
127
19743
2963
20
2059
9
440
153
83
157
504
299
3588
56
2502
1263
11
1091
169
2
38
100
96
110
29
422
1
195
1250
5
13051
29
1446
856
187
118
8176
135
2875
1
406
67
2668
995
521
50
621
35
2469
9965
1378
414
1
48
44
392
2058
107
14
2700
6620
2115
15
9
1
5174
2337
3917
322
1
22
2586
810
11
998
24
55
4
1
309
3
819
5267
19
48
865
1072
2084
2
43
12
152
80
432
4
126
775
7
93
10
943
30
43
45
17523
249
113
253
1765
520
1231
184
140
811
5
368
28
2043
445
175
178
742
81
104
220
1
909
64
10
186
142
1103
64
158
5257
341
3
4
1
13370
74120
17
489
3152
312
456
274
1
294
40
92
12
360
8873
148
6358
288
16109
287
382
854
70
643
6207
39
1
94
297
22
32
155
364
4615
3191
340
8418
36044
6
4994
116
118
48014
37
850
39
28
1127
2374
49
127
167
22
225
47
1006
31
5530
9616
130
1783
15
16702
1354
55
829
453
797
1139
19
515
57
24724
480
480
1562
140
197
41
4
414
18
993
912
159
1142
1
151
51
17
3
6827
46
115
6
338
9499
4
156
363
32
443
1350
22
57
1011
9
266
433
3732
292
2
4
1
167
2
29
9
78
121
177
207
910
228
510
1
212
1017
251
108
133
3
493
2547
93
56
195
104
163
4602
12
46
38
3
1356
1678
76
65
1772
4
2057
9
75
2635
11
14
31
62
24
972
1
352
2118
228
250
3514
17
116
2825
18
5426
46
358
112
1817
20
148
9
19
7
2614
1608
2194
10
15
2394
90
1032
5694
35
217
38
987
49
12
285
716
82
2040
179
80
20
1
25
46
55
809
6
3337
2
13
39451
2
40
4
87
94
27
1794
9331
2510
18
3
375
14
101
149
11
4
27
8
19
255
1
11
20563
1399
6412
735
244
21673
491
239
11974
523
392
123
140
11
30
40
382
489
464
270
2
263
656
53
34
84
3
17566
95
4883
40
6085
1740
147
1982
385
31
363
97
4170
118
491
15105
6655
17
104
2
58682
17
464
2
307
9
5
19
6
4103
3257
259
55
12
23
16
395
224
16146
62
193
13
4
23630
14059
21
6
18641
6791
5601
22
128
744
246
32513
865
3451
20
359
1044
124
414
11
209
1060
384
83
285
175
710
1881
3104
33
14
6709
131
1
1
3414
42
85
2195
3928
32
1220
8
2602
25
2
539
9
6
26
352
150
98
1
2478
84
1439
174
145
1
249
4
64
1
101
26
9100
1888
4224
657
130
25
18
91
53
646
3452
158
1230
1
11
97
5
29
62
613
1142
21
2363
396
287
12736
21
93
3
157
2155
1181
10
1781
1177
2421
12
410
3687
95
2
18
8342
1
62
1
32
3
114
1779
22
28
10
8
699
39
45
5
967
129
4
629
619
64
5373
299
15119
134
27379
1566
4549
69828
343
14
99
1358
7
4
63
52
83
22
8
13
2
603
5290
85
11
10
12757
102
236
389
108
3
9
5
13022
138
10
5120
1
2118
5
10
26
15
62
870
19
2
99
20
57
16
43
6154
9165
7
22
2201
14
6
1167
332
868
123
3
41
795
5052
233
1
375
68
540
287
1
295
105
1406
8840
3885
26
2
89
7125
4911
331
174
12
10
5
361
2631
193
28
155
10
59
4956
1
51
156
122
11477
86
492
69
1
339
7416
23
3
328
20
455
8
44
1
4
292
85
255
216
4
10
458
18402
121
223
76
3754
4
1
26
8
56
2285
2
4291
1816
51
342
1
105
1
85
251
30593
105
173
7
395
421
5
51
8
343
48
7473
646
2158
7
24
231
14
95
60
1876
161
156
96
136
571
585
3498
9
69
1
7253
278
24
25
1937
119
14
9806
682
8
704
53
4
39
4321
39
2221
75
62
1
23
498
17698
10
870
1658
80
12
44
152
5083
77
209
2364
3924
5952
170
46
13
693
426
22
157
458
1884
199
368
8031
84
398
5131
483
443
1
42
1
109
36
161
25
1425
9
3
1446
849
12
4
2
273
5
4
123
171
7
56
58
2
27
1536
66
1
35
209
52
1820
143
45
46
6703
1316
3719
67
31
39
5705
5127
1
14478
127
4
25
518
38
436
75
132
3
214
512
11945
9
96
1396
395
368
8895
142
93
208
6
658
97
322
18
4387
294
12660
21
9
25
38
38
321
390
9
302
184
39192
3277
4060
22
18237
1
10571
2003
146
188
104
37820
3585
1
17
1
2248
37
119
46
524
383
21
12
760
174
337
18404
995
155
13880
47470
72
1645
10576
221
185
1348
7909
519
11
317
3365
196
2764
1367
530
12
25803
379
1499
37
335
1
46
442
419
2199
17
4
5022
6666
67
6
6
64
13
5272
560
3220
88
336
170
27
40
779
8
3249
14
7
22
8731
1939
5091
5021
2500
1787
48
415
15
58
106
64
243
3078
772
158
64
1733
1750
10
1080
749
136
12
711
57
70
65
8178
179
67
147
10786
209
259
14
1
39
10980
1788
361
3
42
1342
29
359
1176
86138
6117
900
222
194
376
372
25426
11
7
60
68
195
76
222
10815
100
6
7706
24
40008
309
5292
1857
4139
77
1768
122
125
11
97
6205
431
18
3296
1965
31
552
210
4908
11069
19
11
11
14
12
8
101
11
105
2155
71
5856
10594
307
66
374
48
27
211
1893
5104
92
304
2447
8
109
184
641
243
1
2938
23
167
1277
254
28
5137
4
493
75
7
4059
4774
141
166
60
96
6042
343
715
70
10139
1
8
1
61
289
761
4
16
85
8
66
481
3306
1805
663
276
4
18827
329
2382
1206
256
19557
11
40
1
1505
77
11
18
1703
15688
3
2
8
37
173
50
265
21
29
2
4011
311
7176
10889
244
6
51
39
1367
2851
55
3276
21
19
15370
204
40
2423
52
5952
151
19
58
24391
1046
37
242
59
626
1109
12860
2739
1797
5439
1
7085
909
177
2516
1
183
528
2
798
3728
973
7
1401
1889
49
10
9
30
39
77
18
5
57
340
2192
41
5
72
426
256
32
36
2
2
37
752
1
115
11
199
980
2593
3
401
17
102
20
84
62
23
45733
1
1495
34
958
9
605
40
1
30
237
862
35
1
5
31
104
159
459
26
124
36
3986
66
3320
32
83
1193
1888
486
19
61
8523
10788
10
10810
5
3239
11
1
5
14
6
15
95
24
24
1831
383
137
927
44
2354
535
45
17
15
13806
255
57
13413
417
106
2810
2901
149
111
166
4928
70
146
231
92
59
50
876
38
665
551
226
232
332
228
1
332
79
860
313
219
1660
1094
4
66
650
245
716
7666
21
2
5
911
28432
18
1014
281
1
5
2
496
289
974
51
588
1
572
4
955
3195
8426
117
26
254
18
320
1233
21
68
195
2225
699
8251
64
13
83
5
50
15
1
113
352
66
75
354
71
170
50
5377
3
6
971
40
5902
1
26
49
24
7100
110
987
124
16
37
1116
137
19
198
1081
1
2009
328
1851
323
306
2
113
9
7909
85
73
144
452
2181
80
112
241
14
267
609
4
120
790
769
2460
2321
364
66
229
213
5175
78
293
588
11
701
1
278
9832
6770
140
1
363
61
1
30
379
117
359
6
235
41
24865
327
142
943
734
59
947
2756
1275
179
18
1044
207
156
25176
63
2
42
9726
59
1157
41
7865
1
293
116
24
19763
3
2012
16
755
340
255
91
24
23
1827
39
49
97
15
85
58
3955
331
1
2458
75
246
4449
113
119
203
8132
44
12953
277
8
28
18
307
37
139
29
41
1109
194
26
15045
3431
322
1822
181
23697
1
59
102
14
3749
1418
163
65
120
280
2983
4163
342
43
12
68
15157
32
211
3769
98
5815
14
9
1
81
1
1
17
529
96
535
104
11616
903
32
395
4055
749
6263
26
1
7
3
1
189
3
90
2523
186
53
2205
446
668
1250
1199
3
1
5
116
257
15
787
1530
404
6
1148
43
42
121
145
7
197
343
3
3046
60
3088
694
2
37
4
513
18806
209
24
5104
2179
1265
8810
2622
317
118
114
2896
2854
197
609
488
1253
1240
363
1646
27
95
3486
1
1899
60
187
88
486
44
58
179
4878
758
19
31
422
378
4330
1129
201
32
1394
3795
26
645
35
43
162
5
310
204
161
719
95
4
22
1
100
7
570
22
3446
39
374
17
5
13
124
116
1092
6
1
2569
1
67
4
784
6833
136
26
210
104
1
45
1220
10537
191
330
1578
1
248
2400
51
29
8
773
1
2
52
5395
282
269
2059
578
12
15
1439
5571
4825
101
1
140
993
390
9158
774
254
174
119
9943
102
212
179
2
1549
166
9
265
28
6
2363
45
33
72
33
1
14
1
835
8
19
62
13
1480
1133
1500
88
918
208
8
1679
4
2788
732
113
37
62
10337
314
361
75
147
601
94
1
2
26
30493
29
41
58
44
548
74
166
26390
126
181
12
13
32
11
471
1646
4188
11
5
425
8
37
7528
90
2930
2015
29
91
1
135
9
65
286
77
3
197
9
19
62
844
673
69
13919
4659
78
5342
1332
57
4308
15
104
107
48
31
106
77
422
52584
140
16
5
1028
8
2
79
4
48
926
35
23
205
1023
22
64
79488
567
16
168
138
2973
9
18
517
1
636
380
57
13
11
843
45
9
93
32
9
4662
1
91
3
1575
427
1341
1
119
4811
4
3
1
447
389
73
828
7
1238
36
5
3
2
8884
103
99
29
78
842
3
75
1
855
64
86
22651
1
7235
2336
5
12
16227
2417
17
527
10
8733
1976
5
54
1782
8
18
353
33
14984
74
356
26786
71
12
227
41
94
5898
1
1623
1
14
25
528
15
65
31
271
14
67
1924
4296
4
40
421
22342
3894
31
16
16675
109
5
23115
35
2845
33
191
409
2058
422
12447
65
1408
799
2
15
4
25
1
78
195
106
29
12
270
15400
26
342
473
49
996
482
55
4433
542
10
1
126
7
210
635
520
55
8675
479
20
24
3962
269
240
5623
165
167
2155
494
401
33
267
1890
12
1
135
18
30
1977
1534
1
54
4
188
7418
208
112
225
577
1
2380
18
14
8
725
280
3480
1
34
454
928
12
4
280
62
17
1
70
194
11047
51
2
27
598
13
14
242
474
5
1377
34948
3913
75
278
606
32179
90
2087
1550
94
832
21973
1
7540
9835
3213
37
32
578
49
145
55
50
3239
95
215
36
131
218
1404
1628
10
3000
1771
21
3216
256
31
58
393
2
7
217
183
9005
193
79
176
3126
36
13
98
22
165
5
4
21
101
12
11
2
9
150
205
30
421
376
589
13
13429
9
27
9
1269
167
49
30
463
142
75
203
38
375
72
235
76
1648
97
31
704
202
72
1
2
215
79
202
3800
150
21
46
3
18
3
3
28
257
14
24
32
9476
42487
11
7839
382
300
28
18
224
7
50493
76
51
1510
113
12
18
2535
18
810
13
1
47
13995
94
2169
1
454
46
53
1531
4
41
57
79
9
91
13
110
3170
1
15
4
59
497
11
1437
65
535
3232
21
56
8
6
3
49
12
15
602
171
217
9
343
65
3082
2184
1633
791
2932
521
13
313
128
61
47
36
73
1
18
75
29
44
209
93
5054
209
22
10
123
429
23
237
45
1227
19
3810
2
214
2621
627
6
362
6997
151
174
407
1
21
11
30
861
527
412
187
79
55
5
3939
1
69
6
45
2
403
15
3025
7
3449
109
297
33
130
1655
127
60
386
248
132
121
22
73
44378
73
9
55
3
51
5
1255
2990
7
30
9
12
167
1113
8962
17
5
22
57
13
26629
366
151
25
25
7508
6094
76
312
5163
1373
1749
117
319
14
655
63
1
2023
2777
488
106
2093
1729
3
12
61
12
2003
145
1875
20
37
14
421
13
103
3396
622
8
2
17677
3087
47
35
10
634
282
30
60
4
19
19
534
14
162
2
10
6
22
239
1568
38
40
112
9
224
258
232
503
17
4
114
18
54
8
131
726
501
339
60
18
130
245
19
2056
54
775
239
218
145
180
7
3548
134
14
67
90
246
6
8
161
578
21
82
16
40
199
247
157
47
87
60
650
1619
20
10
1
4
59
8
366
264
5389
324
57612
131
91
1
381
113
9129
86
2343
96
274
1
44
12
89
97
849
768
250
122
199
769
36
1465
1
126
19
55
1
439
16
1
23118
1096
9
28
60
165
109
83
5242
171
78
1592
20
12
138
10
12
414
5939
3418
398
14
34
19
154
2097
4254
63
162
588
13
8
35
53
371
105
438
337
12
159
12
22
2
3
7
1794
6
12
43
153
9
88
78
62
49
23
50
151
293
238
47
26
80
5543
22
36
10125
19
1893
15
3362
20
419
4
16
8
3440
91
111
107
30
71
2
333
137
2
481
116
1
12
6
341
53
18
14
29882
75
560
1
157
31
82
5
1
238
239
9
2091
296
232
1037
143
10512
537
2128
1866
1494
23
146
1240
23
803
104
42
4166
9
266
165
39
14406
277
54
281
31
27930
2
397
1693
59
13
2089
40
2558
593
66
22
4
527
29
214
297
1
25
356
26
693
421
3
1
74
9
3
3491
3629
668
223
41
121
964
13
527
1015
1615
776
5
598
1
14981
9
424
202
58
34
10
367
54896
715
80
4657
277
160
884
937
1372
1
32
56
186
2519
76
164
27
334
12086
10
121
141
466
1
8469
43
89
57
183
12
31
540
13327
9466
23
64
101355
463
156
65
17
1256
3202
228
6
359
1445
148
91
13
9
190
1214
189
112
940
68034
99
890
159
1
1230
587
685
67
2
82
27
3677
51
353
359
712
21
6
426
28
49
93
224
57
774
9353
2287
942
104
540
28
235
59
3528
116
20
47
2134
133
1
100
183
1188
953
667
321
125
11855
24
47
1479
72
18
37
14
8
14
844
20
78
3950
9
139
2
13
899
578
94
18
240
43
190
68
2951
617
117
3623
2
25
3
40
38
3
6
4082
111
103
132
33
13
26
164
4399
25
13
4180
9
1
152
318
491
25
37
113
21
4131
125
923
51
1
62
240
132
19
659
104
3103
467
3
77
345
4
17235
15
20
228
431
126
1
946
598
984
4333
34
24
103
8770
143
55
8
3
225
63
71
2
71
2950
6353
12
23
32
2689
26
45
46
4720
99363
193
20
48
763
6211
125
47
75
36
9
1
55
4833
1
32
1
210
12
108
416
7316
1638
341
43
12
94
49
617
177
131
75
86
2692
17
1
66
97
2725
19
97
1487
423
8
252
8
63
20
99
2840
31
178
99
572
13273
3330
1909
2937
357
53
1
8
6
4
12
459
18
7
32
3521
1
3279
12
534
109
2
47
10
21
253
29
33
274
189
1685
47
224
18
171
483
50
109
22
16579
8
1172
4619
13
8640
430
5
29
77
32
27
98
1097
269
235
3
67
43
1155
1
308
139
72
182
8
4
108
1785
180
36
9
736
111
17619
77
199
15
39
59
1826
8
5
4
1253
52
14
3753
130
327
269
3
1
586
1
11
146
6
861
52
5
28
17
22
12
782
137
684
103
14
28106
20
83
37
6
2672
18
39
4
554
339
174
4492
895
3291
86
706
12
885
129
33
4
427
5594
69
9
245
30683
37
873
155
53
46
5
266
41
107
49
9
479
402
413
6
5203
1499
2923
5706
47
6731
1
379
276
66
100
236
187
199
2714
3113
349
11090
20
185
822
3466
143
1
3147
325487
433
66
15
7
658
13
41
23
1850
5603
639
28
41
31
31
10
273
8
772
122
1026
52
83
118
268
27
232
18
158
1060
163
684
10903
86
180
357
177
10
27
118
13
4497
72
917
25
48
16478
27
11
174
5
9245
24
52
292
1453
37
6748
53
13
601
2
5082
1
25
9
105
153
12
101
100
15
6
74
2888
10
1
141
169
1940
2128
2275
3891
4855
52
3409
2
42
11777
2955
11
1033
439
988
383
304
9
22
11
1582
27
1373
65
136
825
1
123
17
8516
577
159
65
41
1964
1028
23
647
170
52
436
272
6
40
19
224
485
354
3
791
26
1459
317
136
194
775
6
190
5029
26
234
282
424
20
2
1137
1
7
317
2003
452
91
2
1114
3
60
31
12
3
19972
150
1
439
31
4
7
2
120
20
58
176
19
11
203
341
167
10
468
326
2
2
1
1
673
2525
418
336
61
5527
901
71
510
72
8
5
1
1005
71
14
392
78
129
8115
160
218
19
217
106
159
5
115
1358
147
1052
9
642
2845
768
121
320
7080
64
271
37
1
6
233
20
4222
6090
1103
52
132
1903
287
6685
407
58
1
4393
432
604
1
29
190
884
273
483
4546
2185
233
546
45
14951
30
54
185
3893
4646
337
10
1927
5
6072
3471
34229
17
1
58
2077
1
265
181
562
28
256
2224
173
46
12879
7419
5558
130
1319
189
145
2
47
1735
607
2177
2363
110
198
21
4845
409
424
49
42
1751
569
48
2
2
137
3190
763
18
21
12
537
64
137
407
20
1
3
35
59
1444
21984
15
27
4998
174
474
772
1017
57
90
721
1
14855
2939
7
1
12
54
961
31
55
45
46
36
12901
44
199
34
1301
2169
643
74
2
31
616
3643
743
201
136
43565
843
11
90
309
84
326
10
4626
17
243
53
67
1466
3937
3311
3190
9
1
17
3802
14
5875
9968
938
33
586
596
236
9
19
6195
415
121
2708
1352
102
3
149
316
716
36
177
12822
47
318
5
215
166
10
5
17
115
82
2173
51
278
132
308
265
1263
95
603
54
45943
147
1
2
317
702
3907
18
878
70
363
31
64
46
129
69
10257
87
42
142
132
65
28
12
1101
78
62038
2790
40938
3
12
15877
68
435
721
132
89
3
35
252
396
132
6
1
200
468
8997
203
283
153
1604
100
33
53
36
3154
48
879
61
30
273
11
106
42
25
237
11
185
82
225
5556
3
79
133
25
1520
6
1
130
1
5
1304
361
629
36
369
31
13523
399
117
483
30
7
75
641
11
1054
6850
27
65
334
21
1202
71
398
3619
243
213
2163
237
243
21
1
91
50
43
2065
2434
199
130
53
614
13
964
96
940
77
327
3
415
76
159
250
4666
68
7
44
59811
15
1033
22
1
27
106
238
391
41
15
175
71
248
610
43
619
11
678
98
38
55
1
242
9
17
7920
2447
283
274
91
100
1
5
5660
1
235
5
9
145
509
164
26
98362
8
36750
545
1
420
15
32
174
68
1398
5
2
2
2
470
65
50
12
22
7
57
169
44
71
938
2937
58
34
2
6773
190
94
1
3
69
62
13685
1908
14584
7
119
19
7090
2438
24
29
4
17
162
16
9
15
210
110
990
6
83393
10580
7
8
32
8626
753
148
11
31
85
358
71
46
132
1304
31
22
14288
118
8
14
1
6
60
1
230
16
92
25
2
7950
23
2
819
17
136
28
22
42
22
47
111
6989
8
957
42
19
3
165
131
53
4
5
95
24
499
245
127
3442
1
18
2948
129
6752
4133
30
1525
4443
41
31
28325
19
276
311
1
206
39
33
3
93233
85
26
10
47
4
799
936
67122
1219
1
1
138
24
8
10373
2006
21
403
144
774
60
1
13
2431
527
434
1112
927
173
15087
9
425
5905
79
3
34
72
65
7
690
21
8
557
1860
18464
118
153
307
2
15
40
36
31
8
220
122
481
47
23
4
186
44
406
514
9585
1
522
118
1441
279
14
883
353
27
804
2
55
145
220
881
23
366
3
8
5163
11705
53
250
22
1717
94
74
260
77
110
23
6
1592
1075
86
3
4379
18
7896
4726
1876
9
23
39
678
344
96
206
207
8413
258
20
29
29
5
2042
168
13616
926
587
150
1701
978
9765
13466
196
1065
840
668
98
146
8259
12
227
542
109
106
1522
874
907
949
117
35
28
78
381
303
279
232
40
1108
40
3
389
13
22
10
1137
3474
347
48
21
1029
355
3249
118
29
735
69
387
182
199
2
243
28
53
219
129
8
46
616
12392
2417
34
7
501
91
3
11
38
125
39
29
85
23
3
401
136
121
5627
24
26
2520
479
26
94
640
93
147
1399
132
103
8042
1
52
380
512
185
407
3725
308
1836
34
38
5
88
194
476
1
64
1194
3497
2366
195
1526
43
21
615
153
199
171
339
556
430
4
15
244
166
138
38
5
36
23941
9
6012
229
196
13788
1
134
15
12790
18
53
7
31
209
240
225
294
60
124
333
988
71
764
709
1046
365
4381
259
75
16
352
451
202
31
15
16709
340
329
27
29592
111
89
845
251
1230
1346
69
612
103
113
30
1091
1854
2135
42
2983
225
470
26
2015
12307
3590
713
152
138
31
37
110
5
40
1467
16
8
1
18
166
212
187
125
87
16
1546
2
22
11
12
1975
177
1
409
19
214
1653
161
94
1606
143
30
1907
2933
930
4
107
676
5047
2052
77
129
448
226
7
4517
378
2246
193
3301
96
843
1
24
175
21
3691
13
3
23
39
57
42
655
3273
13
1
846
6725
3609
2664
2567
3
449
560
131
48
38
1
123
1133
30
115
1
29
2182
319
64
194
116
25
175
22
1546
2164
315
55
2250
30
783
28
3
1
11875
637
405
298
297
3
1
810
146
40
57
183
4
202
1149
94
27
571
63
1
506
198
686
24
249
24
505
314
5
567
1819
165
148
938
8
84
2
22
1
22
60
1
150
288
50
87
28
358
8080
6
459
1
1210
5333
206
37
725
1
95
9242
121
121
27
1708
184
138
36
8028
3764
33
448
1073
304
885
12
55
19
2500
31
51976
8104
786
245
86
2546
43
23
173
45
62
35
48
6
8
326
10079
4495
24
33
1150
366
18909
32
47
61
18
360
518
1548
4512
1426
424
98
10261
173
92
1
123
1359
99
5
859
76
122
351
21
28210
3
290
17
812
1976
9
492
61
470
122
350
1409
19
32
141
20
42
2
1
569
32
24
56
174
78
13157
130
60
205
2326
1
63
3295
17499
933
31
352
59
239
70
257
21
30
2355
10
1227
46
16
611
222
939
316
222
382
8
1424
4054
1272
89
405
3
574
18442
1
33
37
186
335
4181
3529
1508
422
224
630
32
5362
1
130
253
1381
72
2
1842
558
230
271
838
84
53
241
7
20
3969
1
1
221
911
573
36
173
90
159
720
279
124
505
358
365
37
43265
1803
65
1
549
5
45
81
239
22
1
3838
2
1461
41
6159
3
850
30
1394
737
826
253
1038
79
126
87
71
23
4728
499
148
67
94
1
36
294
66556
747
17
489
93
1219
1114
6098
38
37
157
67
779
14
70
36
4095
10
1
1
30
96
92
1
4881
2658
1
2
11908
492
33
4180
519
123
88
50
64
55
3
10
4
586
1256
1161
195
34
9002
199
1377
160
41
274
317
62
89
445
326
2960
1259
293
20
26
775
131
24
462
163
13
16
255
59
135
377
552
1679
1
243
1
3
695
470
6660
234
196
730
786
296
14
2836
29
15
221
268
1081
365
8001
1490
248
613
107
196
7
37
24
18
462
4
18
73
274
101
247
175
28
7544
355
5
2363
1
24
1835
1444
1
495
1
424
12
264
17377
108
1056
454
2
443
145
314
10
3646
7176
328
4
110
15
224
66
2276
674
15
359
1192
1
521
45
137
108
1393
149
8
100
68
120
82
38
45
261
2
28
918
972
22
568
23
110
43824
177
44
252
163
8
1222
190
1634
37
445
131
1520
463
68
33
73
187
80
1045
14
113
103
369
146
289
12932
41
630
495
233
96
49
2368
301
89
75
2604
243
729
726
132
150
17
592
366
26
10
56
554
1431
94
20
106
2021
17
85
338
943
194
118
13
284
345
2514
921
5
41
210
2717
908
887
86
588
10
203
208
47
1
5
142
3784
68
168
54
110133
102
53
39
1075
496
184
17
1243
218
36
2487
41654
958
1269
5
4562
65
713
227
431
20
34
210
39
50
8500
1920
2
25
939
10
765
187
44
10435
344
180
1264
2905
270
368
43
29
637
52
12
16
1609
1927
16
16697
36
41
8
18
109
90
225
20570
14
62
6
14
49
46
3
1716
1050
213
246
1167
557
62
15
283
323
30
88
434
1
830
6
640
94
33
31
3809
44
437
48
62
170
5192
2543
396
4862
2732
501
274
23
195
88
22
1645
12
7612
1213
465
53
5
393
1617
11833
1296
13316
91
4
7
4968
15
49
143
5
36
97
27
114
99
23
436
1611
3
438
207
95
24
351
71
153
466
2909
2
184
71
253
1
25
37
252
24827
161
85
67
808
581
1
10
3708
35
289
85
532
9863
30
401
16916
7
3370
112
564
1158
1035
220
57
292
1841
96
1465
9641
9420
66
489
438
8
54
24
54
106
132
358
86
2223
95
767
6059
86
2927
693
1017
1
1128
1161
299
69
1113
143
191
324
278
1532
1665
29
648
36
77
60
28559
49
607
2
1660
6
12
2594
48
33
31
2572
13
495
847
13
1129
11
1352
375
122
2
70
170
83
1
9
7
7
184
1587
7178
30
49
21784
15
11254
43
357
1805
274
6732
177
27
1432
1
205
10
5084
172
3264
93
302
2463
451
10
5
28
23
70
7
757
45
11877
8741
857
103
115
65
2332
529
3166
14571
626
26
3483
65
24
145
10017
198
1560
2475
1027
836
9
998
166
18
3436
18
348
14888
3689
157
112
1058
45
309
29
1
148
46
125
390
190
2152
887
282
4458
28
54
4
201
11
183
70
1001
89
20
73
13
2
123
752
78
918
303
3
433
536
132
1
155
809
22
27
1148
52
56
14
4
40
12
967
155
704
539
385
17
25
3436
3352
4112
52
4
19
10
103
4002
1
84
339
431
58
782
25
9
1227
71
1
563
2371
366
1949
37
7
213
11472
41
50852
763
1
305
626
74
83
5187
270
160
87
678
1824
2909
167
80
589
54
1223
450
168
1847
6
46
33
1279
55
4409
157
18
12
20
35
590
33
93
102
4579
1178
9
81
260
2878
566
49
3379
221
171
55
11439
8756
17
377
122
1
334
419
114
993
1
55
21
3311
243
16749
726
111
630
53
6300
30
694
169
18
1189
11
149
43
2
4
5717
1019
18
20
1
1
207
3851
2116
184
1
1093
241
86
1
43
3
6
99
633
121
562
1587
4
2056
1274
1
298
206
5
813
1
1420
22
34
4165
453
453
3
2729
30
70
64
122
192
50
97
1773
99
329
606
2
48
186
29
643
16635
29
4301
58
86
5
704
879
3203
88
57
307
50
38
1
1
149
123
2319
434
320
128
222
5
114
119
111
194
20
6
768
173
8
65
170
32
396
571
3
150
1
1
3438
3
34
1374
234
541
95
501
5293
285
24
475
192
1404
1
1
5087
21
89
11451
51
12
16
24
1
13
355
47
52
3045
276
1062
138
25
66
64
149
1576
48
1
4
2450
73
11
16
17
4474
289
218
150
680
123
4
81090
7
88
2105
28895
370
48
137
2299
417
50
617
45
136
7644
21
17
112
1285
71
9
86
8
139
471473
408
188
6
1
120
464
239
191
1
411
110
35
52
143
3
8673
118
8
1231
15
119
40
378
1
52
3107
79
1
3
5988
29
1018
804
169
62
13
146
227
1
2009
1
112
519
115
236
264
24
14
175
12632
94
181
21
2075
12
1161
535
3
1169
50
230
4
42
1872
825
278
289
3316
4711
716
435
12
11
1
740
3368
19
306
186
264
46
334
182
1158
154
228
128
228
64
168
470
13
144
245
3
23
963
194
761
90
133
5
930
202
8888
1528
44
19
729
363
15
5525
51
1
9107
5989
368
97
1120
37
20
105
61
72
46
63
124
3130
749
96
437
67
1872
60
796
756
110
2045
283
17
67
35
720
2197
14
2005
409
689
1515
27
47
563
41
1717
14
662
54
128
177
384
1
634
1046
3435
752
1083
310
7
75
4
401
160
62
197
10
574
1283
592
40
31
490
677
4017
8761
32
3
78
48
28
3506
10786
178
40
1996
175
1
1
1080
420
1013
104
15
138
6718
23
3234
67
286
23
734
64
277
289
8252
277
142
26
15
550
19
28
1
273
330
650
2289
58
111
38
1213
57
8
107
2448
339
37
940
452
97
601
9
35
40
1015
129
145
17
692
171
418
342
782
105
2855
286
4
1599
12
21
499
566
618
48
69
8
410
19
987
94
33
46
99
26
1
1
581
26
937
3786
45
212
6387
12
641
1
9095
1
694
41
184
888
111
155
1060
426
62
2
319
1034
13
712
47
99
13
3127
338
66
878
32
178
1
340
136
224
2623
226
127
195
2
91
227
23
167
1
60
29283
5616
41
508
123
12620
362
90
47
8206
927
2693
287
1435
1368
38
1160
169
326
3172
3087
3
188
59
141
148
1009
1021
4431
1317
41
1398
7
2
2
3
1041
442
591
84
5497
2892
1409
1783
1512
68
155
244
1006
60
27
46
1259
257
241
226
3481
37
212
116
387
4
5
1
734
43
530
3226
902
2006
138
47
65
101
218
11
89
2
17
91
2166
13
335
8896
189
636
39
510
2721
22
58
400
121
496
58
132
2736
122
112
5306
1383
30
1316
1589
82
31
153
2522
6
415
1587
1806
1035
738
193
3
261
43
462
7399
673
437
1637
73
14
384
5
2
1028
1240
1016
25399
10419
69
23
6
79
276
37
36
665
77
36
264
4173
51
15
1213
200
63
31
7
1134
259
20
134
38
1242
158
308
175
334
1498
315
592
439
1760
70
388
73
160
166
32
182
8
1
38
224
43
513
64
6
20
354
5
1
1
2150
52
16
350
102
133
380
557
597
85
305
359
33
931
35
219
1432
324
2741
1275
270
54
603
10415
45
38
9005
169
3416
236
113
21
1
33
3425
69
90
3682
46
1917
65
165
1
1983
478
1479
17
85
20
80
19
175
5
74
707
16
712
540
14
13
3777
189
44
111
31
3
255
29
28
63
851
32
41
82
2780
840
5207
694
113
225
89
263
311
1130
50
1035
27
204
20
10
27
895
4392
109
1137
1
658
344
533
3071
528
303
31
58
152
33
45
19
198
158
1
975
3
21
223
855
196
12
9164
5
19
234
478
1404
589
3
1007
25
383
579
137
931
31
246
10
110
67
275
197
114
118
79
3
147
1
295
60
30
95
327
684
9
161
20
1941
60
161
53497
25
33
38
820
210
10
59
1
38
2148
1194
412
177
47
202
79
112
9047
23
1424
9
1855
28763
139
8804
797
2948
20
186
15
3235
182
3299
2605
92
85
61
177
3590
111
3
1
1022
132
2580
1964
27
1598
106
349
10
186
1
1790
598
1
396
1195
286
590
35
2
15755
1892
48
161
23
230
115
1520
54
24
180
67
7
218
148
1620
435
13
26
386
63
179
94
3
9
36073
62
520
25
53
272
3
1
328
47
204
21
422
168
816
9416
426
5
259
253
4
345
1
14
3963
1
25
99
6
15
1636
1
1
1
12
37
434
895
5136
405
2867
6720
3174
76
305
180
9
1119
350
149
47
45
2559
526
906
30
110
200
20560
1610
1071
196
545
647
8
43
11234
19
65
5593
949
1112
2197
131
1639
496
399
298
1704
54
476
1
8529
66
139
17
647
767
1
9587
198
116
15071
46
397
30
679
118
67
113
61
6220
1012
319
195
138
18
2015
1488
8
83
84
69
937
267
537
970
5
12
64
1
18054
1184
8
446
19
4
273
4038
39
5065
681
31
99
11
303
61
47
221
35
218
39
131
6
4
509
13
17
19
17
686
773
126
277
50189
372
44
9
943
112
349
450
61
703
1
392
141
108
338
3711
104
164
173
1
41
1149
82
464
33773
191
1
231
2110
1
542
169
3322
291
434
47
157
255
1
138
319
1
78
27
105
4
2685
9475
69
215
1
346
15
2383
4
3
98
10
378
2
5187
1
26
13
318
26
439
1379
329
658
179
752
6
3513
1104
6
1636
319
446
892
37
2462
1
50
528
343
1690
1
17
198
1080
885
73
87
45
39
177
416
101
8923
1363
2919
705
30
737
131
1810
5382
66
27
5
588
223
262
12
262
206
40
239
1005
48
59
1296
99
787
71
370
77
439
768
995
127
253
2721
29
16
10305
658
110
6
313
46
152
351
710
230
69
169
2870
1151
47
149
605
144
31
277
635
17
42
220
160
59
891
2305
3509
1648
1040
156
371
269
175
674
92
445
4801
221
189
248
4
193
59
120
55
26774
22
7230
2371
285
1700
7285
11
200
602
9
51
165
3
74
5
303
14
252
38
312
1
68
112
2202
117
158
71
2
1317
37
89
3038
45
6
81
591
33
294
553
1247
374
318
834
1120
20
98
137
655
21
68
55
1
1217
4059
139
34
199
189
692
3726
623
243
363
4749
42
166
1833
13
129
4325
34
526
1368
65
304
23
237
1543
727
2321
2317
659
354
1169
447
46
15
81
1
71
56
8
8
813
955
51
17
1499
199
29688
82
270
21186
2451
71
58
1262
83
50623
9
85
22
1800
168
6
23
1384
6571
433
118939
2562
28
63
332
1100
204
107
143
64
3
1502
64
2654
18
35
595
304
1562
238
1581
103
23
151
29
966
30
7
34
421
51
11
289
180
52
628
175
2444
10
113
18
155
314
1424
49
10
3592
577
161
4
1
2
400
571
3567
2912
222
102
8
108
711
33
34
240
6
569
160
13710
37
63
1705
1
73
313
31
20058
182
883
2785
6666
102
34481
55844
711
168
1918
9
1
1502
1177
10
8713
132
29955
22
9816
180
52
6935
25
17
2591
81
383
2
9
6498
330
21880
1
4076
1399
1
17
6
10150
2369
2
3
15209
3416
19
16689
89
18072
6
90
2706
688
7998
2422
44
3145
1086
5591
361
446
1312
85
1143
101
1276
32165
847
1
15
296
500
8
127
161
1607
112
2065
153
6
723
69
48
6
899
210
323
2
32
2833
121
45
383
1
2
29
5025
18
3322
592
995
660
40236
2263
293
372
7536
79
2420
252
15129
3790
2
961
44
765
1256
948
7
990
15235
3
2593
129
498
3
76
2
31
102
32
394
352
23
681
294
88
970
2896
1848
21
2048
6
595
768
1
88
48
63
417
876
12
5333
445
8645
90
119
71
51
3314
1336
34
8
7
353
4516
25
1052
220
22
5
210
497
393
62
94
439
6
166
215
3
317
215
323
33
22
19
1
571
87
105
116
1
256
1
136
128
2
155
47
394
5
21
106
34
112
469
870
119
317
56
558
118
24
1
110
5
72
312
1
4949
1062
68
309
3230
258
53
259
9
670
55
286
21
30
140
29
138
282
20
865
4527
8543
107
635
358
185
1427
1
1
234
5086
7
16
2
963
2730
335
18
1
105
29
5
10143
2521
448
761
510
4340
16
5
176
4677
129
16
4474
356
169
2
467
32
737
89
2446
11
753
21582
74
5
399
43
15
19
13
836
1
352
74
147
207
26
80
52
2352
1
502
994
184
18
1505
276
21
700
21
3
824
63
1210
88
1010
2
1161
13571
346
35
329
11
354
779
157
100
22
166139
758
45
79
3
1
122
7
1182
207
169
23
15
85
13
94
4
18
105
70
8
28
27
113
4
27
13167
4
2116
22
141
1098
2881
7
15
204
8495
9
1456
1
780
122
10
197
336
2
40
3566
1305
223
264
1499
1
3
635
53
1646
167
4
73
857
106
252
982
2055
4044
173
4884
44
1514
1305
183
1055
1
23
335
840
3478
51
22
21
492
5
101
3771
11
1286
4302
371
27
65
1110
889
517
740
283
142
1055
34978
38
357
164
162
1167
8343
812
88
13
243
2
5018
80
5303
28
28
145
4254
1
65
49
55
491
321
385
279
17
702
6
5
1
40
15
129
79
8
64
58
62
25
15
101
308
140
816
7542
44
30
873
2510
10
12846
235
144
24
13
23
202
2
1221
20
169
1642
77
3953
5825
3706
220
259
25
283
65
3
99
15
91
120
99
128
304
652
271
3
1104
250
2
41
169
1029
154
1092
701
227
59
25
239
450
101
7
117
5019
903
594
105
77
453
1429
31286
27
36949
57
9459
3094
1014
192
20
1343
646
353
227
710
108
55
22
1192
100
1855
434
16
2593
138
1044
6125
378
469
448
5
117
14
524
807
68
32
1
170
12
35
91
26
733
6943
3923
155
1
72
3119
130
13
8
1388
623
1007
598
10
1
707
674
1
6366
1429
10
778
10
8
1
131
942
4
6482
14
521
1033
11
136
350
3032
92
38
121
282
131
132
2
14
232
210
120
22206
14
14
38
50
500
32
1
1276
364
111
185
34
245
92
232
192
201
191
61
619
36
13787
77
1
24
2
8345
3
7
64
99
2736
9
1121
263
4
2867
77
16
14562
1231
1118
270
78
210
15
282
1236
770
393
256
52
7
54
820
10
34062
73
5
271
98
1
11
1
508
535
6
14
470
4
1
43
23
469
381
1
162
1
7489
1
1
64
76
56
149
827
504
1000
455
202
102
36
359
1
132
23
59
3374
164
326
475
136
190
2815
1
80
1
42
6
92
67
157
12
163
26
186
12
51
104
84
85
31
49
33
1915
29
5
606
200
124
8
59
43
60
128
301
461
674
28
618
8
331
818
63
3533
82
11
2011
424
4133
3805
9
11
964
191
4836
2
73
10404
52
139
22
67
4832
10078
1210
99
187
4056
538
1
1833
1886
43
335
21
414
38
1963
391
1
5837
106
42
4596
93
1
60
366
44
1
112
419
8
588
40
66
75
172
7452
956
105
10
138
3
1167
43
4
67
2
217
10
4
26
1
3318
357
804
51
85
5
2227
401
144
1
178
7440
534
16
990
2266
5530
1
308
1
22
3086
214
240
155
31
25
18
11
61
61
118
330
822
1
672
4
18
218
537
4311
2
354
59
10
11
197
260
1287
14
12928
145
19
283
90
1629
7530
1600
2
25464
5345
340
117
212
719
111
14453
284
3573
953
144
26
83
24
229
98
609
33
13
14
47
23
966
1017
334
16
62
5
47
78
3
3
61
59
185
121
1001
120
15561
448
35
478
238
553
21
18
1226
462
1
225
40
93
11817
4
1
1401
528
4901
1949
184
341
2525
752
1281
37
1416
1
131
1
1817
193
401
74
15
146
569
121
2
375
105
428
1029
191
925
130
1730
20
915
12
160
606
140
91
27
1093
168
102
186
1
124
230
1
47
56
422
84
8
132
2
