1
15
75
283
76
112
75
155
387
93
80
10
291
103
57
221
165
90
191
95
77
193
98
224
21
3
318
214
134
209
172
7
95
91
192
75
202
222
30
82
8
239
141
197
83
201
216
92
122
216
215
234
220
71
121
3
125
188
169
105
267
232
106
103
1414
215
215
236
108
693
107
55
209
102
202
216
135
1
240
1
245
163
192
197
3240
127
6
328
27
255
90
1469
146
217
788
113
8
117
89
216
673
398
103
204
90
37
80
76
77
99
1
76
18
408
7
238
222
119
105
91
226
251
256
303
229
105
115
205
2
217
27
91
120
215
75
356
243
10
105
564
76
1049
2
121
73
184
335
91
63
121
246
125
161
134
123
125
444
76
209
205
225
90
2
1
115
606
25
309
277
213
61
204
76
329
126
253
100
92
1
6
173
188
118
301
29
2
214
2
89
173
217
786
120
234
249
95
297
247
153
1
161
91
128
261
185
125
177
299
252
95
256
230
3
3
4
346
223
232
186
191
105
373
91
268
160
87
123
365
76
140
72
204
214
71
2
85
221
216
95
147
95
17
152
106
225
231
187
71
92
239
87
296
219
181
125
133
