25
1087
64
60
24
345
7
7
83
8
1
36
17
7
17
10
155
6
17
26
44
712
374
3
8633
27
160
2
27
33
5
48
4545
26
42
277
118
4
19
177
29
7
87
47
58
53
8743
250
20
33
26
17
228
33
38
11
28
439
2
1
804
10
818
249
21
30
129
18
14
548
115
66
372
1121
27
64
279
53
35
18
549
37
1261
327
91
1
109
196
1
2
85
17
31
295
58
34
1
118
25
11
87
21
20
17
126
328
3666
22
152
1328
1716
10
163
38
26
89
450
93
22
5
31
254
2
25
2
60
10
82
29
20
79
2531
35
58
135
14
18
294
95
5
22
102
6
24
3
132
33
326
50
6
1692
23
270
88
863
48
308
104
6
9
24
4
295
74
5
191
104
22
16
35
440
49
1
724
246
1125
73
43
119
290
1710
16
59
34
77
9
412
19
64
4
25
571
15
12
2198
193
2640
5
18
33
9
117
150
4
323
540
3
26
51
1
650
5
64
1383
20
39
1
552
28
65
461
18
389
455
674
11
528
1602
151
263
315
106
6
135
23
28
315
526
3
1178
121
333
496
627
84
79
10
1
19
39
443
20
185
62
126
23
1
34
1
801
15
7
3110
107
150
8
79
13
28
239
169
91
13
55
250
39
317
14
95
120
672
87
1
2287
19
19
15
241
6159
229
39
2
256
131
160
41
1
1821
1356
94
47
148
4
754
17
7
14
5
39
8
30
50
109
20
135
38
8
32
12
22
27
4059
5
116
62
51
128
12
158
49
2125
87
66
18
40
27
64
20
20
19
1756
1002
84
19
163
79
6
910
56
1241
20
44
100
1377
2
1389
47
72
4
1364
55
75
27
137
38
78
51
1188
1708
36
29
183
68
23
66
18
1
204
89
5116
587
8
63
63
8
123
45
11
8664
38
21
61
91
105
104
72
242
21
98
11
686
2
23
47
1421
16
26
572
339
334
90
4
21
2149
151
35
4
55
22
55
4
118
1893
46
7
134
1655
20
1
3
221
759
23
23
47
5
46
83
59
28
8
1073
48
314
6
32
102
27
90
42
204
29
63
31
514
130
7
58
114
18
233
56
32
4
94
51
743
49
32
148
23
25
49
22
2
106
19
7
45
931
17
1587
34
422
65
29
55
891
38
266
68
5
154
92
1784
621
33
217
41
2345
5
709
7
46
6193
34
281
24
25
196
73
23
72
1
5
162
251
391
158
4073
224
24
84
46
1
35
44
48
1
36
16
129
21
17
53
111
14
988
112
245
42
5
9
4
2
45
250
12
2437
45
20
28
15
56
1093
248
896
15
64
1273
127
27
26
22
52
26
1
19
892
103
9
447
2
90
220
12
38
83
30
29
102
140
48
19
31
42
40
41
98
375
148
82
15
78
89
72
339
201
1006
151
13
155
343
13
4
1718
1027
537
23
4
533
12
1642
5
1191
36
101
32
115
71
87
28
1
42
1
343
14
522
18
18
80
415
211
733
44
2
236
1
704
128
1920
8
173
620
1
990
21
68
560
61
7
25
41
73
58
1
17
60
4
18
10
10
80
427
41
7
72
11
817
38
43
119
531
1207
1511
199
15
13
1056
13
222
43
1
65
48
223
30
69
31
144
67
874
161
40
279
477
16
1
21
65
8
323
29
2
10
123
55
23
1438
868
100
998
82
42
12
508
166
41
120
2
25
594
211
14
5
32
367
14
17
99
4
507
268
91
64
39
67
99
4
49
232
52
3793
21
782
5
25
91
1471
37
11
1
123
73
1
249
189
180
90
312
1280
90
5
57
55
12
22
69
63
187
187
6
18
407
19
194
27
268
31
5
212
195
3
45
49
154
48
23
28
361
8
204
17
317
24
345
206
7
94
7
7
139
1528
21
51
43
155
277
1596
16
969
28
39
1007
157
106
41
159
20
6
13
23
4441
199
199
88
36
2
72
103
2071
9352
1242
27
144
33
156
1
2
20
31
10
432
878
282
1199
3820
3522
36
26
96
9
45
35
34
24
1062
118
69
13
8
38
45
399
287
24
76
16
5
137
17
19
28
1926
162
169
27
4
35
4
25
805
184
21
7
2926
117
23
232
5
55
172
23
863
5
620
4
41
222
44
43
459
154
1
14
101
73
5
178
242
5512
8
512
42
1
712
101
413
25
29
7
191
18
55
514
908
78
57
1133
90
4
99
526
149
562
41
28
86
43
3
122
239
2
766
338
370
35
212
21
6062
2461
6
21
83
19
160
30
629
21
142
586
69
104
161
146
4
1
215
3403
1
60
28
53
2
93
19
76
289
291
6
31
9
288
39
30
7
9
23
673
266
3
192
33
31
103
125
965
2
17
1107
8
452
8
4
227
6846
21
19
1076
13
78
45
739
16
18
30
516
107
119
30
996
2096
765
527
28
54
65
211
301
1700
3
60
287
122
2
16
211
69
3
17
8
271
19
256
22
33
25
33
627
107
13
99
267
80
28
25
151
7
134
239
2586
5
31
35
55
1147
402
6
4
507
176
410
38
185
392
7
77
29
90
235
497
593
1419
34
14
4555
1040
15
44
320
64
15
583
247
6700
4039
65
11
130
123
5
49
37
23
48
305
1
138
15
14
6
54
102
535
869
123
2
55
6
41
8
9
762
673
126
580
1231
38
138
16
70
31
116
83
4
1497
11
1057
15
11
414
20
9
13
156
15
10
114
316
12
451
64
284
24
33
461
40
207
6
68
169
3029
34
40
33
2
684
931
406
28
85
390
171
47
412
2704
335
303
60
11
17
188
16
627
234
984
25
2
86
56
12
197
44
5
7
20
75
13
21
56
1
10
15
809
236
20
10
3
7
16
185
15
173
34
29
12
116
8
36
1399
65
50
194
129
132
17
107
2982
244
91
125
23
19
38
1026
272
16
36
838
21
75
50
24
36
23
384
1330
1300
19
59
1
8
44
19
13
198
52
130
24
197
27
25
17
4
1
26
5
28
31
31
1036
1
118
383
59
6
1
18
97
105
26
522
1110
1
175
14
214
6
44
1946
9
54
865
13
19
26
2442
166
76
946
221
7
1179
10
11
199
33
83
142
107
7
465
29
306
1291
600
84
28
18
30
22
34
937
3
1
8
87
56
31
51
3501
5738
20
29
88
26
283
206
124
114
34
191
13
76
1
60
106
13
2
32
5
421
392
25
1387
25
17
51
14
26
19
337
86
30
1047
119
27
65
24
1072
433
44
8
68
451
44
919
10
10
29
27
2356
30
15
273
1
47
1872
7
98
21
37
4645
14
66
30
19
1499
10
751
440
107
11
34
977
24
7
38
46
90
9
332
56
109
26
89
124
5
44
845
1
42
3798
188
272
128
28
494
44
160
685
17
810
129
4
38
21
297
1
39
286
161
18
2
163
843
210
944
56
7
109
4
16
18
20
24
549
22
70
772
1718
23
75
88
153
347
225
8
64
1
67
1740
47
93
1
70
25
18
2
6
62
150
57
3
7
150
121
287
77
228
132
177
3
119
1498
9
2
14
141
52
12
5
33
154
21
47
427
7
2121
192
15
1921
468
7362
4038
23
192
20
9
50
15
1
89
5678
24
11653
1
13
260
143
8
9
155
110
211
5
296
76
18
16
13
589
1635
368
7
62
17
34
23
322
19
2290
755
16
30
732
187
1
103
1
151
37
502
117
42
8
13
37
132
91
192
311
387
60
936
718
1
4714
33
2
16
280
235
43
20
102
310
912
36
20
114
120
105
444
149
9
1
295
22
128
177
51
318
111
21
206
12
1
122
145
6
467
341
66
14
6
104
939
45
702
438
557
109
1
366
14
158
120
1
61
13
48
30
162
195
24
7
1375
173
212
161
7
376
2
38
222
889
13
93
105
72
10
1
167
19
217
7
1812
4
43
352
233
17
338
104
126
12
454
86
15
1
20
451
889
507
368
29
316
2967
216
5
847
408
215
259
24
1843
75
47
376
516
9
251
14
139
205
294
1256
467
218
26
18
4376
30
1792
791
3
604
172
29
18
5682
42
803
13
830
54
137
509
2375
627
59
2810
119
32
3
22
2140
399
1
1462
38
10
564
351
591
45
118
2921
406
3253
11618
2190
3012
1024
20
22
44
19
48
1157
400
1267
54
12
20
27
22
1485
99
3
26
314
43
52
42
179
5
181
22
12
273
299
217
237
2
131
175
70
55
22
342
59
216
1
29
204
44
7
430
1
55
175
26
166
29
23
1413
1162
408
392
12
263
16
77
3
1602
75
75
615
29
316
2018
35
21
6
17
5
58
715
21
342
765
75
34
95
72
437
55
61
8
31
135
304
11
215
237
137
8
27
2054
8
23
1
83
154
32
28
7
33
52
498
2540
42
139
29
10
9
28
114
58
103
7
4
47
63
469
60
437
8
13
569
10
93
10
2212
123
728
22
80
378
27
583
1
25
20
8
18
3
27
38
77
19
781
601
11
643
12
6
92
1049
22
28
40
1
11
694
13
56
55
2402
22
33
112
23
51
13
3
1
133
85
13
420
1905
15
121
51
26
19
74
17
208
37
24
375
914
1421
1497
14
6
4
70
63
5
503
5
13
23
3
2628
32
593
24
91
57
101
134
79
37
1256
204
13
253
318
130
21
49
10
7
1
29
44
6
6
10
3
36
1192
147
17
8
1
1
3
126
13
1
7
53
237
209
7
12
178
56
57
184
32
2
6
1
4233
4
7692
111
439
98
56
17
176
176
904
4
24
13
3285
77
46
27
75
1
194
97
131
11
39
61
2
13
16
131
50
33
44
46
265
23
33
21
14
289
33
3
115
159
20
7
142
16
9
32
22
1038
198
17
99
10
197
208
14
42
23
12
91
37
22
22
153
29
7
215
222
168
800
95
506
31
155
45
48
198
764
289
168
8
1
351
257
19
2296
463
28
49
794
12
22
7
133
14
20
51
64
749
168
635
310
5
272
520
28
8
51
134
65
24
11
7
205
22
92
24
26
14
55
518
38
40
19
257
1365
296
6
838
151
26
14
541
35
47
34
895
11
7
920
69
154
44
981
28
49
1
3
285
169
114
89
546
33
216
5
217
3
7
540
15
7
21
1
20
2
26
2
1
7
12
45
515
30
28
347
9
92
38
29
16
112
54
6
541
33
22
91
65
3
74
94
289
8
55
593
2330
1
16
102
185
193
1
8
181
11
55
1
318
20
19
538
457
584
64
37
135
25
3
8
958
184
389
96
47
133
48
1427
8
16
28
363
1460
23
7
165
450
237
9
91
153
58
240
24
1
232
47
9
122
5
147
