150
88
37
118
29
156
115
11
43
119
196
20
6
2
2
4
21
126
44
34
34
89
33
59
109
44
102
130
179
38
205
114
5
9
16
20
30
5
51
109
8
65
7
112
39
33
36
101
26
47
72
2
110
7
6
147
156
12
30
935
77
18
10
2
40
27
96
72
101
119
9
12
164
22
19
89
3
41
527
112
29
56
77
56
7
58
9
135
10
147
146
253
28
33
22
7
58
1
97
45
7
285
30
10
50
168
22
38
188
169
12
24
28
329
85
35
2
39
72
192
8
11
116
14
53
64
18
60
40
150
153
20
36
84
91
207
29
88
258
89
40
23
32
100
148
11
23
86
127
56
93
46
72
100
35
2
146
23
19
113
21
126
139
42
26
247
108
275
191
105
300
15
340
3
25
68
116
15
18
48
31
69
8
36
387
21
124
104
18
139
104
13
92
158
22
92
9
36
88
74
22
33
25
17
85
24
129
56
14
29
54
52
211
125
72
19
6
3
25
132
41
13
71
19
20
318
111
223
122
40
133
6
24
4
17
39
144
16
170
78
166
194
10
260
39
72
113
153
86
20
19
36
130
10
108
26
36
4
40
168
6
15
18
1
23
21
400
15
238
31
2
20
57
4
1
1
68
47
31
1
105
23
1
16
47
126
1
17
