341
1296
301
227
407
382
80
4
199
1189
32
415
286
272
2870
390
377
230
1127
1389
2677
23
113
1028
138
1
70
137
419
31
1099
673
1
360
1000
169
1093
164
405
257
1533
116
187
184
793
690
2130
1
634
1151
2192
256
30
1036
243
426
174
314
28
161
439
501
93
199
1186
121
283
73
213
22
1077
56
222
3167
1526
173
61
409
1999
1708
809
157
113
1475
6
62
97
457
709
75
6
156
12
66
90
1613
1472
2093
999
455
136
3383
326
110
14
1027
2214
363
86
1437
207
1550
38
2
7
895
406
74
29
4238
165
4
221
304
49
613
779
1262
507
1
43
241
163
4
1101
100
203
90
5202
34
776
967
50
962
3
1419
2
7
905
1504
3
27
1121
559
550
89
859
45
389
109
9130
73
226
289
1065
69
90
405
4
488
402
1394
53
1414
642
99
588
95
692
1331
1820
754
49
1501
78
2702
8
672
58
227
1609
266
1353
1095
66
1259
804
6
585
1078
1342
37
558
701
504
329
1019
668
422
375
44
657
1653
466
220
317
113
125
35
251
1177
5784
770
1434
5794
10
164
245
2954
987
485
626
1809
439
2655
106
68
5253
141
6
3055
34
171
122
2599
188
1259
227
13
7
224
28
132
427
398
64
69
93
230
395
1537
803
1022
987
743
501
6638
216
304
59
526
56
582
1714
55
349
1057
403
351
3030
1336
318
609
583
791
159
944
856
313
1018
120
45
108
2
26
386
332
1491
579
216
5
299
393
151
517
559
263
37
3768
924
320
620
2000
576
806
1841
1640
1510
255
2824
132
378
4588
585
101
1143
4822
134
528
3444
40
45
344
1765
286
560
11
1370
788
448
388
509
789
539
2018
335
179
873
203
408
5
4865
1435
410
54
75
676
1417
95
107
233
147
570
373
347
612
424
972
926
353
177
776
641
719
2
241
2274
125
870
445
1377
941
1677
170
738
985
148
2290
87
347
8001
6
1037
229
689
17
3614
659
519
357
615
955
1745
645
381
899
41
192
1620
25
230
199
652
1438
105
1399
299
375
183
1
1254
78
818
1224
1192
7964
1197
227
487
80
389
3162
56
3410
8
276
265
169
649
311
191
262
155
81
27
782
54
59
5316
520
572
46
471
1630
461
630
782
1170
259
516
1021
550
996
100
122
4602
1876
3047
981
567
214
556
741
842
666
147
647
162
119
6518
2775
248
118
263
51
107
1016
88
7
281
133
397
79
3
1244
1079
667
410
25
1088
157
449
203
32
698
455
269
226
2275
563
260
57
38
303
745
726
1890
659
900
536
2754
53
23
742
166
588
2
94
73
644
84
2090
989
3902
192
864
1332
743
6294
8305
53
365
1217
67
1292
271
300
46
961
289
1172
228
165
31
1543
2201
44
584
213
4
308
2092
91
1211
2
2850
2477
554
186
3677
167
834
526
620
24
75
434
551
2084
787
998
216
449
449
4
628
148
337
420
1450
135
7122
201
1
688
392
996
61
433
1570
441
302
975
5066
156
1260
419
3061
917
304
715
4
264
1300
1769
403
995
99
117
396
965
246
81
127
230
195
98
2190
931
669
5251
366
1769
117
39
26
563
226
307
339
475
554
124
260
752
413
325
213
323
1090
478
8
384
183
3
2379
704
736
3034
275
1
511
174
188
375
5
3
631
1026
397
2221
12
436
574
39
7854
1753
700
51
27
4
996
295
596
13
95
156
154
77
58
177
27
93
653
221
242
774
251
1234
581
454
2499
197
163
298
556
1116
192
208
802
3008
128
1833
42
3969
657
119
1028
325
15
150
2446
2378
375
15
660
773
80
265
4240
203
33
113
5053
900
39
1343
1149
1254
418
231
1217
4251
913
291
1927
1338
44
847
1769
762
1497
336
763
937
2041
3
1157
1
352
1151
162
270
297
1033
306
2962
817
173
831
1
67
151
1510
231
212
970
110
703
876
330
29
18
333
555
918
1185
4385
67
13
100
2604
987
104
1
168
40
120
287
146
36
517
976
557
1481
351
462
351
4
310
1
706
780
450
117
679
394
539
1
174
310
25
166
1742
157
75
86
794
460
78
898
225
451
283
1020
8257
87
388
713
2732
282
106
702
554
48
76
298
431
1623
595
2144
9
213
329
789
536
437
340
153
535
13
2318
45
758
492
3785
139
2913
90
4446
1241
111
133
378
859
1063
549
1249
1027
363
2270
129
602
588
128
350
902
398
1048
27
747
211
61
233
448
847
9
81
3058
981
3796
212
5
12
470
1
189
580
222
291
710
796
1
2080
7260
179
1196
1
1784
331
391
2
1223
9
854
375
79
303
147
1025
152
458
1029
351
443
225
1
378
1401
165
1
1405
55
393
870
753
2691
2112
1
220
19
182
1199
429
71
150
193
196
2
113
462
280
176
134
180
2239
1721
13
939
142
2538
599
129
846
60
583
822
2
192
1224
8854
88
16
2326
5
97
2944
1
2
854
7
56
2376
6
1439
517
1705
140
995
28
1601
676
220
706
490
259
3501
199
2570
40
1
91
1217
27
2500
2058
798
889
19
565
171
777
568
272
160
240
263
111
2053
11
971
227
229
1414
1039
4380
364
37
2
101
1314
208
1305
847
985
887
32
2427
182
484
168
443
1139
718
41
1073
326
10702
784
656
747
262
308
598
258
216
77
741
1489
4015
6349
265
1339
418
311
2832
29
102
2161
202
375
599
6
1863
146
9254
599
1058
3
1444
240
900
308
120
380
499
74
407
321
402
1
1091
314
234
1327
3
2951
706
9
575
199
319
136
1900
585
204
138
104
25
273
44
712
1439
573
78
494
212
955
262
4002
242
1353
567
1897
808
1335
727
205
64
43
4
111
180
86
683
195
787
2105
1672
26
997
575
860
111
1301
24
320
2823
615
1
279
4160
447
777
1319
804
142
281
337
359
338
275
713
1002
792
478
1794
787
354
106
1
308
85
1238
51
144
1230
45
1085
233
7
278
500
484
1309
5
1006
25
219
360
2451
84
81
1272
537
444
1260
506
1000
170
652
88
306
52
1
54
2
14
597
1218
1490
9
2548
102
28
392
396
800
31
328
290
1510
417
3560
149
121
1064
2678
1828
188
121
1159
2184
361
1637
204
321
9
235
70
346
8
498
1402
129
727
493
359
641
16
505
481
822
3
125
621
141
211
807
2070
709
739
64
1057
4227
120
1490
214
26
319
395
182
179
3427
448
42
948
395
287
305
278
658
180
2081
215
50
178
1195
828
261
480
806
5
205
378
1368
251
402
868
87
41
99
906
524
204
353
3034
54
1052
167
3
171
950
1642
84
305
25
337
57
767
425
97
1642
268
6391
145
3033
523
9
199
912
305
3569
624
431
1
643
561
424
989
1054
652
607
2066
1993
1
65
34
308
6026
2018
331
428
27
166
215
82
36
1123
463
4
5
213
192
24
197
142
1236
343
88
7
1217
32
5
516
166
42
451
237
3247
1833
4
1145
644
32
2511
987
19
82
3589
812
740
208
116
217
9
1249
1890
326
913
253
828
306
22
314
2425
1
1
357
104
1332
133
1785
1852
715
1355
1060
168
236
686
547
5307
146
2842
239
1018
310
267
758
123
63
461
416
1
191
198
1410
314
82
197
93
101
11
224
1622
211
36
260
1065
482
1
418
38
72
130
215
43
487
1578
496
653
412
2260
202
5
154
444
3760
368
2
300
86
680
1212
60
157
2615
397
37
74
13
2241
158
758
369
227
1074
150
295
13
67
1093
427
1
206
1273
466
284
430
1697
4
1
19
60
105
1104
263
194
465
724
2
864
975
1078
11314
1128
28
107
280
494
284
6247
1005
633
1695
2911
123
438
185
768
18
1592
2011
1079
670
900
154
3
1016
1
152
368
781
1753
797
212
426
2389
70
442
1
31
122
228
52
1693
999
1204
1346
401
501
53
158
58
1
1247
238
953
271
229
901
2562
663
443
182
300
182
224
22
30
974
617
952
6
27
78
570
1034
159
2688
1898
46
14
2054
34
564
401
793
1254
804
368
374
1072
46
266
1163
1569
155
516
71
797
361
16
392
1
677
5260
881
35
6
371
801
2
546
171
264
79
589
412
97
111
1377
1821
690
837
2792
1282
460
44
23
6926
2113
1110
329
351
17
1593
618
499
1223
305
83
42
67
5157
277
440
3
2
