287
1290
55
222
70
156
30
623
27
1836
1
186
1194
793
12
120
12
1
1462
22
623
2364
145
293
89
133
47
423
61
113
54
5
1241
304
4
318
11
40
554
176
115
42
117
325
10
135
238
397
41
1458
5
105
356
5
1141
5783
9
42
246
1258
272
1
216
14
13
203
1
117
257
4
1042
68
1155
1
1032
22
53
2653
148
708
757
1446
159
619
140
43
737
34
11
2892
332
22
70
51
143
614
157
281
147
461
222
561
439
71
24
161
52
81
30
82
5
14
224
2
87
233
286
321
6
140
13
698
96
205
1073
31
10
58
391
81
4464
522
101
173
19
204
161
17
250
97
892
104
40
1413
433
673
57
1469
283
93
11
11
58
328
34
70
11140
1
219
295
414
19
723
309
1847
124
11
819
64
102
155
40
19
15
92
14
601
108
88
136
7414
48
44
33
408
1
85
1703
2306
364
8805
1265
291
218
274
157
487
147
525
424
15
116
58
1
227
1311
19
1892
131
321
48
1797
464
1692
198
37
403
57
547
49
4
9
702
501
42
1
414
123
272
18
29
16
72
288
77
40
545
604
181
72
7879
18
2964
1013
249
239
425
194
204
5
26
2331
17
813
60
76
355
11
203
2862
457
136
100
49
44
133
35
22
527
4181
187
11
576
216
2180
16
20
278
623
664
100
1213
1
5
411
846
107
2
288
100
427
35
153
5317
1
504
1277
172
1
181
33
1463
165
136
27
53
2
302
342
491
104
1019
79
213
18
7
140
44
43
79
2796
97
2
2157
26
1837
1448
181
63
413
489
226
27
335
53
201
1
430
3385
466
34
85
101
740
3
565
7
26955
13
1211
178
455
2185
1275
579
42
41
30
526
1
457
2
117
31
44
8
47
18
19
35
441
254
2173
601
238
103
113
12
123
1955
8
3
75
23
20
1343
313
93
119
244
47
13
94
206
475
97
7
61
23
116
96
99
298
148
13
198
48
101
851
141
9
657
2690
443
49
1816
13
2561
13
20
77
130
692
447
2035
544
350
108
77
75
37
42
2
211
48
347
57
216
129
2
75
1367
24
157
3
14
404
6
154
746
622
531
178
81
91
41
85
2218
161
9
579
305
17
4
104
115
159
441
4
1600
480
7
85
78
5774
97
492
70
1024
147
114
164
5310
8622
9
165
150
33
15
122
429
81
15
31
155
19
1
122
107
28
34
116
2
1
298
379
8
1126
1
2
606
62
93
1
441
57
56
5129
6285
1812
307
190
223
36
98
100
90
121
1661
43
34
1425
27
1188
1
14
1
35
8
90
38
1492
660
1
86
3
427
379
248
68
6
20
1022
38
695
432
1153
157
195
1754
2
21
173
169
757
1035
9
761
56
137
203
121
42
21
1523
189
150
202
119
60
22
169
107
60
151
47
385
302
266
137
10481
54
50
541
12498
29
7273
32
1734
375
197
11
249
205
454
130
464
47
79
237
131
6
1249
5
302
357
13
398
2
16
5915
1268
14
701
197
258
279
109
455
342
1
32
1008
131
222
2
176
1
478
2319
201
69
2
1
216
122
329
184
31
561
422
74
5
927
2
429
112
292
1
1283
279
32
310
10345
21
1
642
85
671
657
140
1
9294
2712
482
411
45
127
106
2600
102
231
3
109
1
27
48
5
320
301
210
7
40
9
27
4225
37727
164
1618
18
3068
21
6
15854
68
6
122
245
723
1
77
32
238
69
371
174
11
464
57
1
1
410
394
67
268
10
19
305
106
52
744
326
194
2
37
104
95
176
98
11
1335
48
1363
748
976
96
8254
45
88
111
47
30
1200
190
16
164
9
974
48
20
39
3
40
244
35
7
7
697
32
1
26
1249
64
79
700
595
2
870
567
150
42
9
43
17
305
6
9861
24
7
37
329
482
138
51
284
208
1764
18
791
1609
4374
37636
8
55
231
2
1025
1794
553
1134
215
807
215
4879
33612
213
6531
482
805
94
30
137
223
16
285
19589
1
1225
99
17
10048
282
327
131
197
1293
56
33
110
85
12
70
30
156
54
866
368
275
82
497
10
16
40
85
11888
555
1426
1634
371
14
12
179
191
126
76
4515
395
1280
1
852
66
55
461
15
111
114
76
21
120
632
40
1
91
15
2353
20
3609
68
253
11
3278
945
2678
70
524
892
19
129
73
6
54
60
1944
1
131
234
125
1143
128
24
441
139
1
13
375
192
85
15
39
16
35
309
487
20
311
524
25
312
18
106
472
99
74
10
47
91
1
39
1
19
7
46
4618
419
43
1305
1650
628
449
17
232
190
223
132
1240
118
104
1163
21
23
18
99
22
175
336
300
1448
82
239
70
1
396
26
3000
9
3205
79
1
54
3778
4100
4
5
88
351
505
72
231
9
316
180
76
55
358
20
64
9
394
36
65
2218
192
761
57
7
318
1503
103
705
1743
180
411
1831
286
336
296
137
231
115
397
84
765
2410
287
531
8
241
15841
222
26
345
1396
236
411
237
150
27
64
120
406
467
19
2882
126
12
173
46
30
9
847
73
84
1041
3682
303
40
44
133
3
187
71
8
268
1
19
20
14
430
23
43
127
1514
123
269
8
450
2333
53
440
121
245
2503
21
1052
132
183
5857
30
327
1162
2
226
34
935
102
14
446
598
46
88
2399
537
280
1
128
483
1
8
21
696
270
1569
99
79
793
596
445
26
181
3462
19
74
8
209
475
842
710
15
12
29
3991
162
15
35
1
131
393
17
36
209
245
19
759
151
108
390
202
2952
134
285
61
97
172
37
48
994
58
5188
265
53
84
1
255
121
235
24
32
103
2146
50
233
44
20
1715
1643
5
230
147
63
46
181
6
256
2895
54
147
5
143
1
46
20
44
234
69
1
335
47
6
19
88
48
1
20
513
1
253
700
10255
71
214
6673
455
2
109
96
1
8736
31
50
375
75
430
148
3736
127
374
1
184
13
171
508
13
13
1654
93
491
134
43
1103
45
291
136
7045
2870
143
127
41
14
47
668
344
68
3
5560
265
26
27
103
115
117
289
13
63
2
8
66
75
2090
8
2695
91
112
478
6
8
74
235
3
374
1
75
17
268
165
212
32
24
102
22
101
169
96
7
70
181
38
399
450
4
69
214
20
32
1
20
49
179
967
93
198
126
2455
1
280
541
69
578
822
600
78
106
80
7
55
12
34
542
372
108
26
239
15
147
3041
199
75
24
7
27
861
910
235
28098
7
97
1
4848
673
80
1759
1401
4
514
33
198
5
157
247
247
174
251
1
15
224
25
449
144
333
234
86
33
7
9
333
18
592
725
671
186
15
520
137
24032
359
178
178
144
218
1184
54
1
285
1219
26
3117
45
19
6
738
48
32
7
5
14
241
64
141
17
218
1386
276
2407
285
48
1
404
31
358
1
46
69
14
39
39
216
3
1
150
1
1801
35
192
840
14
12
128
107
221
1294
508
26
15
15
36
11
213
31
583
1
296
24
30
126
65
15
22
802
270
369
91
54
26
41
94
22
8683
3
328
1595
51
75
818
109
880
43
2
94
36
532
14
141
517
141
28
796
83
12
898
45
431
720
58
139
1578
91
157
3
125
217
2562
266
1
387
644
103
11173
105
26290
126
5457
688
1
272
111
200
403
4343
3
995
54
305
1
20
479
23
19
880
228
40
69
380
6684
1201
177
353
31
52
10
74
81
2579
90
12
135
1105
83
1513
1232
149
802
488
102
214
141
511
470
791
3
1
203
17
2224
2
47
236
1
46
88
1
27
4283
206
86
48
21
237
85
81
717
176
15
1218
2
184
178
26
8
275
129
734
828
1243
2996
31
102
20
963
63
128
7
12
889
95
98
338
628
338
1400
46
11491
49
2096
77
123
33
11
92
65
5712
96
121
135
658
346
1024
312
14
37
214
247
37
683
70
7353
1
52
147
1778
331
598
4
92
138
44
1613
70
43
542
80
110
144
190
406
39
956
61
3174
27
93
10996
161
278
242
4389
11
11005
90
63
70
1
19
20
4
36
1
4
10
8
2
29
30
3
29
4072
301
249
212
180
941
19
230
189
19
155
69
19
62
853
172
164
560
289
528
459
18
31
570
121
343
62
496
225
127
278
107
377
243
523
308
5
643
29
348
3
148
452
397
306
8
175
1
341
255
166
501
25
831
232
301
4489
16
219
440
14
185
522
1
521
14
404
430
123
15
2190
93
338
144
206
288
9
163
270
4
82
27
1070
3291
526
60
213
10
120
721
40
1055
125
8
123
214
246
938
57
71
130
155
2
77
540
4736
72
102
1
14
13
32
286
277
26
192
79
82
113
1
1
52
191
40
120
25
773
231
12
5
152
29
36
6
2
1
1
73
840
351
3630
36
832
454
673
269
1
7761
459
218
7
5
1109
131
895
119
82
6
484
190
1256
240
193
980
231
15
51
79
28
35
24
1
248
64
79
133
1
303
498
158
1
52
54
203
374
34
182
37
162
433
6
1
1788
152
1147
291
116
28
1820
188
834
97
109
4
186
789
3
57
343
17
130
701
30
177
37
17
23
328
160
30
281
56
724
204
202
49
291
14
92
1288
715
552
8
31
6
93
267
6578
127
5311
446
16
130
817
1421
564
115
121
145
6
105
160
230
8
76
592
199
132
193
145
629
279
1107
17
889
182
53
749
30
2
209
115
956
47
41
556
36
2077
77
108
89
2823
30
736
6
355
2941
1
59
283
4172
325
1
37
140
1
11
187
73
150
2646
2
47
4174
45
195
1
23113
180
107
56
144
2602
119
1108
193
138
220
233
88
417
562
23
1740
8
70
3495
529
115
502
13
24
113
2999
127
6
12
2
66
486
438
23
15
136
68
771
361
191
188
306
24
513
90
11
101
82
14
3
141
363
1280
30
12
52
23
354
76
31
229
117
812
646
669
461
47
80
24
227
23
25
38
1952
8
1
28
19
5266
318
198
19
142
622
632
678
74
85
1175
26
1
90
49
238
41
2838
3904
492
96
114
827
2
266
321
51
1156
148
3
20
10
523
6208
12
15
158
55
106
1
92
8
170
460
58
1486
222
61
106
193
2
60
9
172
622
11
59
14
3316
236
977
426
27
4247
577
951
73
1596
31
17
6
1
91
42
18
8
480
17
184
126
10
24
259
87
247
8
6
190
1926
131
10
1564
101
1972
77
330
557
19
40
1
914
393
11
8
29
71
52
70
77
25
1
171
2046
6
107
9281
663
8
18
298
14
249
517
21
63
145
456
31
149
37
299
1
548
133
285
127
420
21
77
176
5994
149
12
54
301
183
181
690
569
91
31
13
198
2
580
467
519
210
1
147
3110
450
2686
1049
4156
240
78
432
5
517
86
387
30
52
690
7
66
220
13
19
79
103
188
265
964
501
74
5892
1
305
207
1525
1
88
1211
26
25
77
22
74
115
30
47
100
44
37
1608
1306
106
41
5
241
2685
150
16
259
20
1400
1
198
96
578
218
2640
1
36
939
22
498
616
243
1274
103
1162
133
2959
404
802
28
9
117
3620
1079
4
303
2577
251
421
141
2717
389
877
77
21
88
249
79
1
47
4
1
2
131
180
331
645
86
2897
53
20
537
75
53
146
1
1663
325
20
242
159
11
276
141
9
137
1280
3153
353
154
298
130
1647
1188
66
619
169
3819
313
198
325
229
260
22
178
2
60
1592
2
54
1
101
93
13
865
1
4
14
3
633
15
104
1304
1112
17
323
170
9
205
5703
917
207
25
527
1
359
42
224
409
1
6
617
1180
374
452
1
76
5
1791
6
17
885
3
8846
121
345
524
36
431
133
147
1
865
215
6
30
448
333
78
47
81
478
172
21
78
804
170
65
34
214
185
83
2115
79
3759
96
8
283
50
67
195
168
66
29
119
5
5
643
1289
261
381
536
92
4
7
7
13
1
1400
152
819
9
77
2712
1
242
55
54
1
1
56
825
8729
276
5
76
58
22
474
20
1
25
21
33
336
8
784
100
2
59
239
1460
83
40
1374
1769
20
108
265
2338
881
1
5031
75
411
378
61
389
239
342
148
59
1
57
267
1222
1094
317
158
9
76
77
390
161
3401
11
16
40
315
107
247
50
25
14
934
537
574
142
3346
237
133
123
1
14
128
102
142
924
169
610
28
1239
25
97
241
1745
3
81
12
13
72
625
315
1497
1
156
3
2010
169
327
42
128
95
105
80
66
124
169
15
99
274
297
210
334
8
553
141
10
165
160
101
3
1
243
870
120
186
697
368
275
9223
169
683
14
8
289
110
29
205
1
246
373
578
32
205
199
81
455
2077
358
201
32
165
73
102
928
3249
933
50
1042
31
951
345
104
79
23
261
858
689
320
125
1087
92
541
170
309
153
20
380
57
80
1094
3
20
18
182
182
1077
14
551
1
19
361
1
215
18
221
6
883
295
574
3
115
11
53
41
171
951
337
2296
74
125
409
11
260
1
31
115
96
86
124
63
301
41
1
447
185
8
27
4419
21
32
47
278
92
38
707
134
87
5534
3873
1
165
300
1039
1150
12
227
7
72
41
161
1310
207
223
51
1
22
542
181
145
2
42
2784
405
19
1470
20
411
284
33
1012
4477
36
53
43
1177
250
306
503
131
29
78
16
4685
158
10
289
85
1
4
43
2835
10
413
24
16
203
1126
248
147
169
394
1146
562
100
353
139
7
262
2681
146
661
624
46
121
2
1
2
778
3
271
657
62
9
11
98
9
271
125
70
8
16958
99
536
100
850
156
700
528
222
87
425
58
1
211
321
146
1939
9
147
150
431
423
23
5
2163
187
411
44
550
10
7058
6
86
153
20
203
340
810
227
1
506
1
1
725
29
376
11
80
1801
219
333
16
221
98
28
106
18
481
1
1405
5
180
624
1438
4527
860
23
257
489
9
171
655
17
332
543
61
71
1
34
12
4
74
4
238
391
53
753
474
124
205
41
31
18
218
248
52
41
394
32
41
404
5
1902
1
57
117
128
53
85
9
35
53
227
1
569
54
4701
180
83
60
1
762
128
135
41
163
881
424
112
903
2440
334
1
2
105
139
57
263
48
47
201
10
1
79
1320
652
293
55
1011
150
310
97
2185
5123
497
26
9523
400
158
342
29
12
1825
85
659
17
146
50
112
3824
76
137
29
1464
2328
296
184
23477
116
184
1052
1003
8
271
148
50
129
14
2
774
1622
143
4158
114
1139
165
664
787
106
199
105
894
454
1915
43
103
1402
35
58
250
45
31
16
322
2928
18
929
604
70
1979
32
27
748
121
393
17
1217
246
8
433
49
24
71
19
2
1227
21
231
160
601
21
1362
10
1
15
245
126
356
72
25
867
31
126
41
1436
107
66
1436
727
1699
108
99
171
848
118
80
136
1852
33
249
6
45
133
209
248
163
53
21
18
1628
503
1
108
12
109
184
1
319
472
1
334
157
323
77
1657
773
1
3278
421
700
229
909
1887
44
1226
7689
345
1
16
417
2252
422
31
1968
542
17
202
1
430
12
19
48
1
1631
77
148
379
115
264
763
6083
245
735
428
23
7399
52
775
31
456
1711
1
387
2500
507
507
88
2
5030
1
5
44
119
7932
4825
3370
73
109
2355
459
473
94
34
312
830
115
1090
325
26
86
98
42
69
22
742
300
1
323
217
2
702
861
418
146
99
2152
42
1
85
3
130
163
16
969
19
11
26
347
68
38
1
6
2102
16
861
535
254
71
1519
55
26
7684
190
502
57
204
389
161
6
123
1198
408
292
1717
977
51
2
499
428
6
9
788
2845
90
57
958
61
276
23
63
662
1
262
261
189
6882
22
36
246
186
475
230
504
158
178
142
999
618
169
218
6215
433
3
345
81
9
34
276
42
76
33
315
296
22
365
99
459
3
613
1481
23
684
135
11
742
56
348
481
449
207
63
40
353
464
55
1857
4
728
97
88
546
1
119
118
36
19
357
463
32
29
90
1
42
224
1174
313
5
67
3
60
1393
74
523
197
121
457
734
103
207
186
11
93
727
14
43
6
99
1
74543
204
26
1228
1495
190
1
8235
433
21
9
67
18
179
386
20
10
153
16
212
138
169
111
220
51
216
15
116
32
761
88
137
2
25
12
4
249
276
982
934
127
541
15
71
452
1
249
12
558
1043
404
1
46
222
269
4
1
54
44
276
13
1018
94
862
10
126
117
731
306
248
493
3002
61
15
191
786
2
20
1
106
10
186
111
98
86
553
628
166
192
151
21
275
2519
102
42
49
154
13
20
425
90
115
296
39
130
38
60
31
68
204
22
10
19
178
225
27
225
774
1
68
33
443
532
135
1
2323
1447
53
48543
300
74
224
243
343
318
547
39
16
15
211
11
442
295
68
9
704
44
2359
361
526
1024
674
107
594
1347
26
36
404
4645
8000
440
1264
23
7
153
109
17
305
804
731
119
1315
769
618
74
16
7
12
7
1969
396
6238
159
53
44
3157
1474
2
469
26
29
6
516
13
30
120
3651
9
614
4002
7494
3
16096
175
4549
4081
17
366
2408
210
100
665
125
6
78
27
34
213
29
2391
108
483
358
654
50
309
12
90
11
1057
182
206
429
7
34
1153
60
95
520
88
6
331
401
36
66
5
32
27
110
114
23
1
2
2210
5691
9
762
204
192
12
518
16
37
1
46
7
1062
981
1469
9
313
152
99
26
49
151
1
719
1
1804
75
27
716
75
39
176
1214
523
78
105
165
754
207
121
42
175
1614
284
529
617
328
344
339
549
694
16
14
1595
375
842
1
3
63
1472
2809
2324
309
5252
27
211
547
110
24
1119
9
5
17
690
906
9
52
41
9
257
482
3677
536
273
27
551
402
6930
61
1773
15
6167
1670
24
106
121
930
60
1
25
109
5
7
98
222
18
221
92
29
18
203
6
281
139
1123
216
202
8845
50
1
1
476
356
5948
1571
1083
11
126
205
79
395
598
1
13
101
28
328
132
437
1145
26
7157
124
10
74
1
548
10
649
134
6
107
116
2203
704
35
69
33
8
73
230
1
14
368
91
74
7
808
54
154
1
292
457
29
772
1
70
100
589
4260
16
41
400
6868
357
7
19
514
1
141
20
215
1289
179
153
1
217
531
46
351
146
253
59
34
37
1315
488
182
36
169
450
157
14322
67
366
959
52
229
35
245
31
70
429
571
713
103
8
499
1898
178
181
199
21
19
32
65
115
61
31
1840
6214
369
14
132
210
198
65
48
10
123
71
202
498
8
136
9
55
60
42
81
696
2782
139
2386
61
360
1111
263
197
1
2976
10
664
144
9
1
3
1
25
296
2331
319
579
7
20
59
405
595
185
1854
31
1063
1399
1210
21
116
51
129
22
656
1203
654
3195
16
82
318
637
281
150
3
78
52
149
570
5
63
331
640
103
1060
2
42
1466
56
20
1
5
260
19
43
117
1463
535
686
22
51
4268
454
9
9
1
25
63
38
1727
106
81
162
1760
402
3664
79
1
673
1
2
89
5
40
11
42
46
81
112
7
229
13
1
2
57
1036
146
129
103
35
157
103
1841
217
181
156
117
103
1
113
26
12
6
1523
1
40
1
672
1597
80
7
109
24
34
1
299
15
495
20
45
286
17
464
289
651
667
39
4362
1
27
13
2
68
7
14
85
251
234
160
113
189
88
170
101
1
23
298
3
4
120
256
836
358
576
308
270
1
380
859
4
18
4
35
46
25
22
6
31
156
513
71
211
19
138
93
111
27
134
30
950
46
207
558
104
1371
161
55
125
8
268
315
722
353
4025
4840
313
458
222
1184
382
11
598
150
30
118
285
81
14
49
218
29
337
13
300
89
171
16
392
133
1251
123
9
35
50
4
9
1322
5
2073
170
52
23
6
9
515
7
303
26
23
615
49
86
1272
259
709
3
125
1
4
438
58
31
620
152
2156
446
84
50
1914
50
2277
127
36
504
1
137
10518
36
172
1
10
51
15
245
459
60
28
93
637
398
632
52
435
126
642
5
622
522
612
1596
618
357
156
595
42
144
261
1377
295
73
5
270
189
119
921
52
28
12
393
10
26
7
131
101
631
1
6
263
1
233
46
62
1
2
7
107
59
132
630
6
714
1
89
18
452
131
1
148
49
27
18
8
7
1
464
556
512
2403
568
75
252
27
2
1
7
21
602
16
5
1071
28
134
77
295
103
2092
1223
398
109
82
1438
20
2207
7
478
388
48
142
62
766
1128
1
440
3225
8
35
4
145
399
50
231
7
3726
139
239
4978
26
195
49
2247
5
21
30
3314
1010
267
276
109
16
5043
21
1720
795
51
434
5
25
162
75
1
10369
359
156
143
243
683
112
422
20
29
22
67
212
411
224
75
89
115
318
1
1
2269
8
1171
10
48
15
64
111
10
182
146
6
71
985
850
1
252
68
1396
422
3
33
2444
1
270
604
2
1
29
1
37
157
370
374
68
29
169
73
72
32
4
410
181
24
153
16
7
159
11
1
96
299
38
416
1451
114
652
46
192
498
677
105
9
320
298
112
66
5
114
30
36
5499
372
1
251
1421
2904
121
1309
92
102
19
157
91
14
551
1041
179
281
123
697
2690
2
29
2358
2
3
191
14
40
39
387
91
5
1
16
164
612
44
470
501
34
11
67
170
13
6
93
755
181
1122
206
74
93
3
31
497
15
8
862
146
137
37
849
71
478
1533
633
442
709
20
1
4
40
34
91
1
2383
35
514
412
24
1178
166
27
550
417
66
111
81
1211
141
16836
61
57
1
6
83
361
699
1
173
227
43
14
57
196
46
468
285
401
462
1396
228
248
9
76
537
87
78
26
73
347
1526
1673
970
221
9
82
1
2890
661
1
3
105
254
187
4
361
101
748
255
341
325
348
89
102
2214
12
34
2
1
2
363
1
44
39
400
41
8
79
159
169
3794
371
2
54
564
203
239
1263
321
736
1583
679
11
819
532
102
50
9
1
1365
334
189
121
2561
65
2247
612
1
634
28
107
49
35
604
319
402
76
199
15
154
1516
51
175
781
41
24
236
242
67
139
36
419
443
45
24
88
66
318
1
11
255
141
57
929
531
15773
75
75
71
10
503
77
16032
28
171
145
1578
304
3
310
214
84
132
201
70
120
449
31
64
15
7
12
704
1690
749
36
226
1358
2
147
55
45
15091
28
1463
23
401
8
4
31
427
3557
369
2073
48
97
16
3
1176
122
153
40
1125
1705
640
2
1
57
761
214
10
213
673
281
182
106
24
71
126
396
61
1
120
2323
1150
151
27
10
1664
1681
305
584
2
445
1
316
214
2
10
135
73
33
10
96
282
6
1
482
112
415
10
2922
534
967
287
183
1453
9
163
122
27
830
332
2
374
41
751
34
3159
9
184
10
4367
2
763
92
15
66
895
658
201
557
65
163
241
4
2036
35
8
41
278
19
54
47
316
2
850
22
355
14762
6
51
2
230
525
339
4
107
9
344
457
2
35
80
55
2
1
498
13
2
567
42
1231
701
468
203
160
112
4544
2
262
217
2063
496
53
53
1108
1
33
1244
226
356
346
12
180
41
1
566
12
410
32
1
25
138
97
68
1
14
13
717
740
1
7
78
1084
16
45
491
5
82
3863
280
1
892
119
988
214
777
2
298
10
91
52
482
6
12
24952
218
4036
167
38
466
20
91
3
250
257
609
379
65
46
1
13
1
1022
35
21
44
26
89
141
34
520
48
17
58
80
11
141
205
37
18
13
488
198
29
117
58
23523
127
27
10
638
381
38
550
401
1581
173
980
74
154
5900
172
99
22
2
116
224
362
1019
2
937
85
2404
1521
22
448
48
349
4521
45
1242
273
1173
235
25
71
77
431
234
1002
23
153
108
141
42
12
12
988
849
5
363
465
2
113
2685
476
756
1098
39
177
464
6
396
120
89
321
4
26
143
1841
1
365
5092
14
375
2
338
73
1
292
16853
65
1622
15
793
100
259
1
13
455
158
119
905
45
363
204
404
19
58
71
232
1420
7
44
5
679
23
9
105
28
35
12
45
10
9
166
42
60
106
44
494
2
1
1768
468
15
61
47
138
687
382
210
121
738
390
4483
2057
41
85
136
1
1
282
179
1
639
408
4
2
41
18
1
7
22
18550
935
488
40
76
63
12
1
78
550
108
1771
178
261
924
888
76
303
1
862
20127
14
340
5
31
26
458
6
16
43
342
1929
809
18
4457
45
83
244
41
184
139
73
1451
230
175
301
39
7
156
149
725
70
301
433
135
118
25
240
29
4
222
256
111
3
1940
135
440
248
1
13
75
367
49
28
329
34
357
489
630
47
205
95
295
1
350
422
7
543
217
101
171
3336
1693
17
10
30
62
24
9
2045
148
50
1471
14
82
549
874
73
155
174
485
175
148
240
35
80
838
22
551
110
178
1492
5
1
682
88
289
4
216
13
1
3
126
2
30
1219
203
17
615
1281
80
29
50
56
5
36
6
295
4
7468
74
5756
34
45
272
97
2
207
247
37
232
42
6
17
11
64
25
44
69
25
1
105
27
10
145
40
122
2063
181
548
104
4
5
37
4799
167
98
44
98
300
58
181
126
1552
2392
115
20
19
25696
45
1025
146
543
450
756
1126
142
310
80
117
62
26
2
16
372
51
1
149
104
270
75
218
3
15
18
804
1
63
311
19
83
339
132
281
289
1
29
18
324
13
3557
28
400
149
246
2701
1563
236
2037
3
17
23
347
51
84
96
26
361
1
19
519
4
21
812
379
32
2219
7
130
627
180
30
28
27
171
75
3572
34
211
15
70
2999
314
40
8
1
14
1
4
539
1
31
5
338
801
46
19
8
5
1283
1
361
76
2
448
962
51
32
35
233
9
951
111
5694
91
943
489
1267
69
101
263
34
1
976
1
162
710
1421
1
1
116
175
62
665
1817
171
1
38
136
2
23
228
85
1
43
1
799
3
1133
85
380
1335
28
37
2
19
5
12
30
123
116
5405
135
373
1109
442
6280
187
1
197
40
313
124
110
129
2
2063
737
39
1
7121
131
35
457
444
1006
32
43
474
36
776
1813
3232
161
25
127
81
288
664
214
603
148
436
651
184
150
105
440
538
8
3
1
208
1253
198
9
69
79
399
3646
140
28
299
87
172
1966
1
2
1
58
34
1
283
15
8
415
556
29
438
1292
1010
50
108
53
1
2178
91
136
1
342
50
23
65
5
469
681
1776
70
63
1
765
49
48
194
312
28
2
559
2545
376
8
552
4
1271
17
66
154
4594
62
71
31
137
30
194
26
18
40
176
104
28
563
35
4
321
116
1754
719
31
5
197
58
514
30
6
628
2
10
189
676
188
140
30
52
574
92
103
21
12
34
13
9
2123
736
13
7
4
147
127
1
32
37
26
676
5
173
32
399
1
23
353
1
1
47
12
15
1
1
131
14148
166
35
29
71
141
1003
5
49
625
147
95
137
71
154
41
101
1750
42
48
25
229
21296
1928
23
6
3
208
50
22
81
278
65
137
52
7
15
22
313
107
36
1
16
144
306
2175
1
3
662
509
1051
9
627
182
52
306
317
391
161
4077
264
2
6437
548
269
73
514
43
5
5
97
26
19
36
2947
11
111
13
4
76
107
1
220
13
2
2
5
1
6802
1
22
9
307
111
36
521
125
101
23
24
1042
391
21
17
11
108
19
109
7140
1176
126
7
4931
935
254
385
7
187
247
1
17
6
907
51
383
202
8
533
489
70
15368
362
75
23
92
21
22
2587
380
31
3
5
142
126
3158
506
573
91
197
1
49
394
441
192
865
2
810
3
544
1905
182
34
89
1
1734
10
92
514
3
223
9
141
258
65
98
478
76
147
1207
727
114
30
32
27
137
148
384
80
77
238
1115
2999
159
86
97
248
3
319
37
132
451
10
1829
1
404
39
1320
39
208
518
78
198
248
17
167
170
63
741
2
148
55
544
172
131
671
301
534
233
12
34
305
325
37
121
676
31
911
37
250
281
172
97
4
627
130
592
619
641
1211
139
130
528
23
12
364
93
121
3589
6
21
2
13
450
139
156
523
339
241
3
242
66
1756
268
229
225
15
46
232
75
18
140
784
63
200
575
1
104
78
2
415
9
17
9
343
42
316
148
90
419
61
39
42
280
75
1
668
145
556
1
3
243
196
229
312
650
186
500
451
3848
70
73
171
7209
467
887
309
232
137
989
43
1
108
50
128
218
34
1
9
329
308
903
11
700
148
278
8
1
365
332
8
1447
827
1829
4701
48
328
277
181
22
8
88
2
343
52
49
233
550
697
309
10
2469
32
503
18
445
463
224
750
76
547
229
8
755
38
403
581
75
244
375
64
59
1
4
92
88
439
46
519
56
505
55
51
27
44
677
5
