91
75
69
30
814
429
48
111
36
52
24
115
96
42
260
43
65
151
167
7
19
72
402
189
128
61
60
250
1022
75
23
32
556
31
83
75
548
73
77
10
62
10
114
124
262
310
124
101
268
1357
250
241
244
94
285
245
470
271
218
251
323
360
124
128
123
38
177
56
20
5
76
337
651
75
59
83
137
73
34
24
89
72
87
409
203
693
44
245
223
33
233
75
55
73
34
240
25
444
37
258
248
217
304
52
29
11
39
15
176
39
55
76
251
248
135
367
306
188
337
269
179
19
128
78
312
80
1328
122
72
133
103
82
253
210
612
127
204
92
149
256
145
262
248
29
248
246
300
153
88
18
12
114
203
75
116
88
249
156
72
76
325
240
355
279
265
81
