3772
65
43
101
6
17
323
52
125
17
6
176
3
826
318
171
884
35
13
15471
27
55
118
303
515
261
2
8
318
348
19
2749
125
200
192
18
100
492
472
433
723
3
279
181
874
1
414
33
68
809
3
16
716
207
1
95
174
16
210
22
50
135
1282
35
176
34
3
123
93
74
499
9
7
135
1
163
167
233
9
268
502
91
422
34
4
32
1
467
5
8
44
22
44
13
133
42
147
21
77
28
20
33
628
2355
1630
9801
106
24
5
1522
34
32
175
117
1530
4
2338
12
886
1433
2627
1
471
1
1
244
2143
77
10
22
110
9
555
481
8
10
243
149
4
79
1
7155
33
141
220
510
15
255
602
30
10
924
37
88
19
985
4480
15
296
27
86
1
42
58
6
941
3
32
457
2913
364
1049
1
1476
1007
27
14
75
5
127
106
17
93
172
31
1110
116
250
141
74
126
23
131
41
22
13
173
1849
107
262
201
1600
58
45
3456
63
18
29
18
72
395
57
831
405
39
92
34
15
126
73
414
146
1109
1
1743
95
162
48
302
22
137
662
345
236
300
5
9
19
449
364
35
17
11
541
40
250
1
47
39
7
1
262
9
7
283
10
53
282
327
139
9
1297
28
1
1
89
153
11
15
228
23
321
205
579
62
40
269
227
1
18
1
10
11
3
153
232
443
134
1
396
162
38
283
100
5
45
529
428
82
51
21
88
178
90
142
16
59
15
1097
2112
1
62
7
69
125
8
43
43
5
37
3169
16
1051
770
5
8
183
8471
107
61
11
897
4
1
24
109
193
1
39
311
1
43
1535
643
3
1121
588
31
6
1
1
9
45
48
54
1711
1303
81
1115
273
4
6
607
163
20
3287
8
385
82
365
55
143
1143
69
19
290
152
34
1958
7
3575
374
1208
128
390
180
19
200
78
20
118
8
257
1
12
530
64
1
57
260
555
201
5
4
12
57
6
439
43
59
66
4
88
97
146
50
237
410
277
4
1
202
44
119
27
51
12
41
282
33
146
106
706
71
23
5
20
1317
237
14
165
48
61
607
3
137
15018
1511
112
495
41
110
255
3
210
82
56
26
1
108
28
127
144
39
15
18
1819
1643
193
81
150
93
10
1255
487
266
168
13
554
15
38
21
97
6
45
82
79
670
2426
1473
285
24
81
27
110
802
19
21
547
6
120
122
6
214
1094
65
99
4
42
1636
74
23
23
18
63
4
76
4
447
218
165
301
406
81
49
151
53
171
58
93
94
153
96
17
21
791
149
141
78
374
13
69
18
73
1966
15
23
60
13
26
13
279
868
3593
31
11
48
3
2501
21
658
1
36
11
1184
1851
101
408
154
157
15
163
191
7
183
33
150
322
70
3
5
62
310
609
8
100
16
10
473
113
749
57
1618
969
7
890
20
121
157
355
232
6
93
9
10
455
10
149
42
456
47
162
571
38
1071
5
5
10
167
30
284
20
18
218
118
1080
3
1
12
2
30
133
34
1
128
6
6160
208
8
78
22
585
7
10
27
623
295
10
95
6
23
799
16
757
65
73
37
15
530
122
1
245
2181
303
300
15
50
117
1107
102
177
266
60
216
929
159
22
851
4
42
335
10
147
5
7
17
1
91
18
182
9
19
165
5
11
11
96
23
55
25
57
990
1160
15
38
247
5
167
47
1591
113
5
24
80
23
51
122
12
169
423
80
38
64
15
50
1404
78
2253
115
36
298
364
432
27
4
8
1434
139
892
55
497
15
49
47
686
446
53
530
12
60
73
92
6
1660
707
8473
499
24
95
4
217
1
347
54
895
88
2
138
4
14
4
89
140
130
197
87
746
5
155
150
73
1
9
152
30
158
182
52
123
10
60
94
1
277
1
1510
13
13
207
571
113
1798
127
188
8
298
398
1365
186
181
282
174
521
75
222
1
95
145
20
76
293
190
27
2907
50
35
2266
37
52
1
424
44
239
221
1261
121
143
591
470
80
32
1353
230
63
243
203
1304
152
295
210
245
5
168
71
927
185
123
499
82
1
212
3981
95
234
160
46
90
220
97
195
23
626
90
905
75
11
316
301
22
108
266
220
186
169
128
320
7
4
166
6
333
170
169
76
286
185
25
2076
322
243
1282
40
276
187
175
196
26
826
184
235
40
49
13
2428
92
13
83
40
9
11
76
83
1
6
29
7
15
21
790
75
1176
13
12
1
202
53
14
57
37
5
18
109
69
475
37
223
326
49
5
35
386
1
54
18
1
292
30
173
48
95
14
54
51
97
113
385
22
267
516
1282
687
345
5
5
31
29
19
7
165
94
392
147
105
13
63
72
506
117
18
77
27
4
87
183
1
2
51
95
1521
7
377
43
19765
42
90
585
263
77
368
74
2683
154
233
58
7
390
121
191
231
10
433
26
10
1
20
61
95
9
20
130
1006
159
8
44
322
15
10269
472
1051
777
287
35
292
36
1284
303
101
10
231
37
40
83
1443
431
1
75
57
73
522
81
41
383
3390
77
1
194
619
46
57
1
10
651
20
329
57
14
7
606
758
172
42
71
14
568
2177
256
1252
23
20
37
608
1419
98
160
34
12
262
1570
193
44
925
1177
13
47
264
69
164
708
644
443
346
4292
10055
75
40
210
22
91
1
5
72
78
49
148
108
25
78
14
165
33
116
145
218
325
24
591
10
123
203
1479
18
6
123
5
330
725
135
109
289
539
20
28
161
975
45
26
68
661
5
1
3
17
2
901
223
5
21
447
1602
3072
95
30
18
129
180
1
26
26
270
118
48
200
346
791
172
779
232
152
126
1733
191
938
508
44
4
523
355
2
154
157
355
189
23
77
9
1
170
4
154
181
64
97
416
33
3
80
105
264
48
168
159
57
79
2886
96
226
343
790
1
128
19
22
5
51
72
30
30
91
68
377
21
324
38
3
1032
1084
85
11
278
26
62
13
119
69
2
387
2038
377
23
41
6
92
260
127
26
87
984
59
101
9
171
247
63
793
76
12
3929
71
21
722
309
271
1340
296
28
62
40
15
232
174
288
30
76
119
193
22
134
2
317
21
1
378
2038
9
951
6266
14
6
247
17
1
13
106
142
139
214
101
99
342
2345
19
25
477
465
2246
10
180
42
27
112
57
45
8
26
26
19
2477
2538
616
3244
80
9
57
45
532
19
11
995
98
28
18
1780
1
12
10
214
43
223
74
303
1
2
390
9
1083
424
1
455
1246
1169
76
219
13
87
25
9119
100
5
729
30
58
759
15
334
29
861
27
163
180
322
3
9
1503
14
107
152
76
81
102
193
216
1463
87
472
176
14
33
487
89
247
42
145
352
39
117
16
53
6
246
28
371
172
5
522
46
20
14
527
156
11
36
33
100
224
254
50
47
23
254
1120
1596
83
3
27
1
85
426
3784
294
795
933
15
3
1758
142
788
31
30
663
110
8
135
11
1452
4
134
98
22
142
1566
220
1
21
54
89
295
227
34
1010
18
182
7
9
210
332
15
18
1
89
145
15
170
86
228
290
1
443
874
149
330
7374
30
614
945
11
56
270
1212
6
77
498
130
547
21
476
3
727
189
365
1217
68
158
29
115
21
1
367
127
82
292
1068
47
87
11
29
101
469
11
87
622
69
6
9
194
1433
11
1248
949
103
35
8
376
170
26
11
10
1479
2241
5924
223
216
4
1804
990
1
6
47
6
17
2
389
107
1428
87
250
88
2842
9
490
1764
77
17
89
66
75
1707
128
723
1
4
1406
4
5
1
55
106
32
6
4
116
1
187
480
69
121
2
16
423
3
164
295
178
104
609
458
331
79
288
140
1893
98
41
2033
1
243
1
191
12
642
4
3
1097
9
198
399
74
471
289
84
20
85
1146
5
31
778
109
2
46
110
1158
3
147
25
1395
595
45
378
224
30
27
128
564
1529
13
109
140
1880
900
354
823
307
166
86
79
32
10
541
1859
66
96
96
107
527
7
6
141
553
1
47
5
945
351
4
135
32
67
115
33
167
54
14
107
1
43
15
162
177
186
32
1
358
2945
133
591
56
245
313
57
5
150
60
999
182
1
8
214
296
388
310
43
4
46
168
425
51
1410
167
15
1315
536
101
61
3568
15
20
190
220
363
33
69
481
159
11
1
17
291
2032
30
1
643
50
61
285
3
366
28
57
10
1
695
13
225
20
67
46
97
96
53
77
10
600
345
1
900
107
8
12
15
27
26
286
1
10
2
339
15
1294
3
8
26
2
11
54
56
912
106
102
2532
617
88
42
10
45
225
80
35
251
7
92
73
214
4
141
152
400
76
9
95
8
43
494
63
1
49
194
9
9
1532
103
170
41
91
4
19
73
218
3
168
11
30
9
140
105
55
273
28
379
87
2
1360
3
12
54
17
1654
576
31
32
19
34
76
215
17
27
10
133
1291
33
61
1093
1
7
33
272
19
610
17
2773
217
3
155
1301
11
44
13
86
25
38
46
2695
12
99
37
1
38
2
80
125
23
9
11
213
232
4
210
15
45
6
1
11
1361
2002
69
65
73
8105
473
30
1
35
12
68
291
30
248
209
78
643
38
5
245
500
330
50
1
60
13
155
12
79
19
224
59
107
167
292
2260
1
645
78
524
164
63
149
7
6
1013
533
4
94
2
1
55
10
27
192
14
1
133
274
1
980
8
37
17
44
256
11
18
60
59
222
1
165
11
8
433
27
57
131
1
86
216
141
412
1
37
266
397
238
236
65
1
228
86
111
1
1040
1
9
50
6
14
26
82
19
1358
588
42
7
575
79
157
53
1658
53
551
70
4
5
63
122
3199
3
2357
467
332
963
273
31
77
423
5
283
271
55
222
55
5
87
18
43
64
6
142
55
4
349
61
32
972
2325
197
822
782
480
4
150
13
576
467
54
2038
1
75
179
140
52
34
21
92
2731
186
268
231
1
1
154
5630
29
228
11
121
127
6
216
308
214
14
92
1
3873
392
666
118
28
136
21
418
5
365
76
1
324
817
12
58
65
462
4
163
47
238
72
1
621
9
11
161
22
11
164
15
323
17
296
51
104
33
13
20
244
474
1
14
38
10
68
91
78
1642
3
112
40
261
48
89
3142
93
1
290
7
201
21
136
174
89
125
2866
404
249
21
1019
30
214
157
212
45
162
136
205
19
125
274
2
774
39
183
172
8
144
68
83
36
3
12
17
42
490
954
914
31
39
25
117
34
110
48
12
81
137
35
204
84
1
2322
142
2036
19
169
137
85
1
28
26
1690
116
175
201
726
1
19
616
1
135
273
2
14
1
584
164
64
104
16434
38
16
72
457
3
585
171
4
236
386
27
7
31
24
52
471
243
54
83
1
234
510
128
1786
39
4
180
60
271
36
163
175
236
354
1
977
193
28
2292
130
263
6
599
240
110
462
51
11
89
1
505
1203
1
1
141
657
95
554
185
261
425
17
234
352
297
15
1994
16
1
857
172
162
7
1
1
7
1121
188
583
109
15
92
2
52
1
261
401
6
20
106
1
687
1563
7
17
39
8
786
3
1
29
61
214
41
403
51
337
62
9
29
181
93
46
106
125
32
33
1
3
87
169
179
121
78
3
58
28
57
30
321
40
3
147
47
27
349
52
10
130
1182
139
698
254
56
406
130
184
2
221
137
125
91
122
16
158
11
1765
16
46
115
209
29
511
52
2142
79
118
301
112
394
334
52
300
54
81
169
155
664
281
590
394
118
59
262
2
169
1161
8
43
602
4
126
72
689
62
57
8
26
947
14
81
137
216
79
238
7
188
26
189
130
19
89
18
107
98
11
239
54
3
7
19
57
209
31
714
15
229
206
254
239
129
101
14
1
12
153
103
116
4
65
36
1249
3
51
56
430
47
94
589
59
958
276
191
92
528
413
212
212
27
1
78
639
3
17
98
10
3
53
3236
23
3
1959
413
81
129
276
370
7931
15
379
261
162
98
468
188
6
138
43
259
16
8777
12
146
44
558
27
27
309
3
303
202
229
250
65
16
3
149
143
249
219
2429
111
5
192
401
109
702
145
1
51
23
382
41
87
82
115
489
177
25
8
775
289
11
120
114
397
1
72
1
30
91
117
805
446
36
393
64
3
212
44
157
1195
173
89
45
96
2250
341
2
89
120
688
61
72
364
218
17
165
92
3
200
10
29
134
282
49
29
59
237
13
111
55
957
127
25
162
205
22
95
2
162
45
59
1
253
1077
168
63
17
235
120
64
249
80
52
1109
206
146
1
229
41
72
68
52
90
48
5
99
380
11
3
165
320
10
85
1
1
57
1427
8
221
17
88
198
64
51
137
589
145
16
4
16
392
535
523
37
1055
736
2
9
334
63
3
29
30
191
540
65
6
30
9
157
216
56
192
53
486
1
71
179
97
11
177
20
6
133
1
34
184
500
470
861
505
9
299
125
27
1
217
24
182
11
177
184
187
4
5
59
25
93
1
580
1
9
5
11
13
1084
270
9
144
35
34
22
11
26
20
25
413
290
1
140
68
21
42
338
194
189
50
3
1096
91
38
186
30
1880
1167
40
93
1603
107
829
39
7
449
116
73
327
32
1
34
2102
1069
196
423
772
14
23
630
64
3
3
17
1589
64
136
83
734
20
63
1
668
2182
84
106
86
1
50
153
33
14
27
165
163
252
183
85
43
127
255
162
6
103
129
114
57
206
3300
218
43
162
114
12
39
1
151
104
217
75
75
18
157
448
8
72
190
154
61
329
11
12
28
174
10
322
13
848
182
758
593
450
21
25
1195
134
29
4
436
1
1003
170
144
746
150
233
75
258
3
434
47
1
47
3012
251
134
22
11
214
1
926
70
15
78
206
122
267
114
62
99
161
177
591
178
217
426
8
34
107
12
77
54
195
170
69
3
808
11
32
188
88
22
38
673
14
20
245
228
1
175
75
284
92
307
170
229
177
523
76
101
132
185
75
4
3
36
20
13
620
9
29
147
67
219
105
37
250
