115
434
58
85
1837
45
16564
2275
528
562
117
30
33673
264
120
1196
4
49
153
73
22
22
34
56
308
83
54
67
30
6
396
271
311
85
41
731
134
56
172
989
4
29
46
2079
1
107
273
26
5558
71
117
80
1084
3293
202
22
29
1058
49
361
4580
44
984
3
30537
82
55
11449
1938
81
23
229
27
32
67
3
694
4307
3183
3
128
316
104
667
1955
68
6
50
41
104
11
14
67
11
42
165
40
104
386
92
29
21
13354
1
153
300
63
88
921
69
458
170
750
411
664
1456
1209
1125
1456
479
17672
21
43
65
97
1
789
40
188
174
29
35
218
4
1742
1082
105
1459
6296
9653
1681
3223
446
8
78
41
3
29
48
292
9367
46
261
883
41
67
95
29
140
145
340
19
528
280
902
25
1589
416
18
447
15
731
544
2005
181
169
1
11
20
97
1806
9
63
249
222
17
354
58
102
30237
233
208
87
257
3
476
18
105
2
29
33
6
25
204
68
1
228
365
398
420
279
3757
9
19
3458
745
603
5331
166
607
91
186
313
96
17
531
285
1350
3
15230
37
2235
367
2976
986
61
26
155
1226
208
379
20
35
50
39
537
1467
121
8
164
1688
5126
6
10
761
16
620
1
41
351
378
239
5
42
989
121
404
583
59
58
53
2
244
21
267
219
28
82
359
435
219
192
6
381
378
105
249
148
14
103
99
117
661
18
12
304
582
443
81
7
106
219
2031
44
110
844
29
2699
20
408
114
2233
94
103
106
37
438
16
1026
968
153
5
322
399
3
72
27
255
26
634
38
2651
132
37
8
416
65
931
47
1993
439
1209
59
431
4669
97
73
40
3686
795
166
2187
9
37
291
220
178
2847
24
18
153
2530
83
177
322
183
34858
98
17
632
93
43879
396
975
423
79
294
31248
271
1535
1347
748
3239
53
1498
1285
32
310
16
107
38
5409
1443
22
1853
4206
201
20
178
1012
130
41
6976
276
38
413
197
211
13
777
1068
260
281
2991
3580
1295
42
293
230
218
1312
367
112
7252
73
1155
508
1
242
42
23
16
2
14
2008
175
64
16
1080
8
242
24
23
1022
80
172
1
95
38
54
3568
456
75
56
14
430
376
222
381
752
670
584
6
585
231
426
901
877
21591
4
7
539
640
38
54
200
55
55
30
66
17
3
329
97
1539
304
276
1894
47898
764
10912
555
164
6
31
81
1901
112
1
13
656
6
866
2298
152
330
71
121
242
174
4230
446
3533
55
512
938
6
5281
3
681
18
216
1398
142
48
31
10
25
267
129
402
114
324
624
15
82
7339
3007
86
192
10212
2365
15
82
1474
321
89
359
94
247
75
39
94
4115
23899
5103
271
84
318
180
327
90
1
594
753
136
392
1077
27
272
1116
368
525
14
27
538
260
128
110
338
11224
27
102
7403
53
7
14
182
10
798
522
85
1560
3
3509
37
56
113
56
139
1644
336
31
108
2502
823
12135
72
35
34
127
4
66
1871
2711
1
2225
108
736
184
58
5078
94
38
13
254
13
35
88
90
86
1608
35
59
315
10361
927
14
1972
630
590
49
26
150
1105
735
1073
1046
387
19846
2749
35828
505
350
857
35
71
2727
75
191
12
563
34
115
79
262
47
333
24
160
450
2908
5430
204
2745
1
1337
518
3445
245
175
616
678
559
860
37
572
5883
81
3685
90
3356
1555
16
1633
255
3434
274
2988
425
4
101
6
144
91
255
1
241
17
2475
1612
178
796
771
1
1233
722
253
5316
69
30
20
46
5
375
16
76
1181
557
150
827
62
84
2186
10072
16
1113
153
70
5126
1551
2817
1619
199
197
16
1384
518
43520
8
79
739
279
92
841
10
2311
1793
171
1304
15
29
204
1
32
178
4404
14
397
7
69
166
6
1313
1511
833
53
54
19
1
867
9
1
2015
152
357
118
251
429
320
1221
4180
213
19
1809
2
433
650
16
16
18905
566
501
842
294
3562
2031
648
13
165
853
37414
9925
151
73
107
1755
30
125
410
9241
1614
167
493
852
36
65
30
1371
213
196
606
591
88
158
1253
734
1
1
357
279
87
225
825
1634
1030
10320
94
10
387
215
7
377
2253
15
113
6774
3542
2640
2889
3775
1247
516
51
28
67
428
2196
1240
33
26
365
385
24
120
138
717
1612
258
968
221
448
136
13
43
6
49
279
125
619
39
1029
92
12084
3880
49
143
10
809
8168
129
1230
1963
736
10
2048
2
1165
27392
52
195
231
3448
296
1
77
928
2662
17
2339
19795
7197
232
212
1137
5277
119
7189
2119
602
72
375
70
974
21439
1393
58
2429
11
447
228
1
130
821
78
303
280
583
1048
165
379
191
59
5754
79
107
740
1754
70
215
89
71
2102
33
436
644
1315
1274
53
3008
723
545
3992
14340
7859
2560
831
4511
474
105
1781
2463
375
411
198
521
788
3452
646
219
15
1969
5
198
1065
1498
978
635
4447
108
518
2
419
180
8848
89
707
7491
17
116
726
728
888
15
2
1
183
37
8621
1362
2305
1854
2343
762
857
85
416
650
53
795
770
1563
15
81
52
1461
171
6019
1058
753
1603
690
218
1212
60
1
125
161
409
1191
1260
560
103
601
2651
1091
318
234
1945
116
1790
283
38
2343
1878
1276
161
206
244
19
3
9
51
2201
1
2014
744
302
819
1315
301
1395
809
2951
174
685
1318
3
51
420
16
859
9118
15
1357
290
18
108
32
4196
156
205
5
84
2749
28
1093
48
90
816
45
4173
695
446
84
76
1549
3909
1289
31
122
1567
409
170
65
725
80
1050
6
30
388
24
477
734
7109
204
12
390
929
251
5691
4668
90
601
20366
165
16969
55
292
135
143
72
188
280
253
61
300
514
78
34
7
7
512
2
88
1432
100
53
57
2
298
347
27
1754
41
598
211
9
619
960
115
448
251
76
41
958
206
423
188
1128
6
7758
81
63
110
118
356
24
75
284
114
616
101
1
2408
1033
8
216
2345
2449
173
10
227
1
273
47
2314
450
303
123
412
1343
1300
1639
667
98
652
1992
578
276
70
542
3
88
41
478
1203
1324
962
4462
855
259
284
240
4854
514
1492
33
57
366
29
211
1343
15
354
86
2781
24065
1037
182
34
55
53
175
86
2852
167
1526
338
35
1584
332
166
1209
103
1782
71
820
156
342
121
8507
513
463
1003
284
13107
50
1369
5915
2231
19
150
4488
1289
281
598
161
751
88
156
1814
182
5466
893
214
48
11
849
51
575
50
4449
39
329
118
23
901
167
5
143
907
187
277
133
4498
959
116
75
38
444
1145
116
940
419
4945
713
3219
2965
1151
374
137
1042
1345
155
1386
1005
241
33
2547
6235
438
224
836
2
332
34
123
289
3574
69
133
34
272
774
3635
746
139
7720
465
290
334
1331
20
173
149
2007
1626
13008
1162
499
107
3386
1473
1787
246
103
152
5
48
185
822
77
4853
9702
362
4284
254
1161
72
1776
7756
344
525
126
43
409
832
87
806
353
242
365
1730
1327
1264
1652
3
1
3271
969
820
551
1086
2447
10
872
138
34
1
347
28
1766
1
74
269
154
5211
955
97
18
313
223
7
5
36
22
2427
100
129
99
34
679
3671
8302
1136
59
1777
386
609
298
2565
2449
9
1
69
2975
76
598
5857
33
343
230
43126
2524
643
10
375
30
374
606
49792
7
235
757
9633
15874
26
24
418
28
1392
388
24
581
4775
1122
83
1346
1307
691
97
91
58
56
14211
88
171
6062
521
141
115
11
140
637
575
176
39
737
39
1400
196
186
334
88
15657
42
1169
100
200
1016
136
71
23
70
1635
345
67
620
591
6482
81
1120
80
1049
41
119
384
811
318
633
36
555
1858
751
2127
525
82
121
10415
366
292
56
13731
490
207
22
1516
1489
1286
1677
54
53
389
5366
1416
422
155
66
2609
911
16462
29
245
955
21
599
22
123
2224
62
1195
479
1112
350
106
814
512
35460
937
784
211
4
223
82
3068
30
2
74
833
200
1084
71
1404
3
3333
2169
471
1
27
26
270
244
106
389
955
153
314
407
117
118
618
9194
390
183
127
817
186
1073
165
177
556
115
709
345
2067
48
2497
20
19
523
24
202
354
50
954
647
141
668
64
3331
46
59
1639
13
100
866
921
10
112
1351
447
4631
50
53
12
134
310
945
6238
2019
113
40
2913
102
322
103
5825
3523
760
56
143
431
950
558
93
6112
1136
4
256
936
71
3612
28
595
201
1341
892
335
912
2
33
722
152
122
944
6317
105
21
170
308
346
536
525
117
781
525
3
13
181
156
124
706
54
1204
3
3128
1160
600
14
26
502
132
3947
116
487
404
83
1
146
38
899
733
24
2156
312
65
189
20
1845
187
755
46
4
571
1033
58
232
203
5419
76
1259
1231
536
778
1284
3880
10
2955
504
332
653
825
406
171
1075
103
118
91
728
146
11
745
642
22
4569
50
6111
2
251
1232
74
402
517
905
16
1202
126
3
1279
9
937
178
60
379
65
33
165
1436
375
108
1181
109
24
12
1518
9
2
22
34
1126
62
6559
1
155
432
1831
49
693
420
1118
38
1649
557
214
344
279
26
772
1130
568
775
572
551
73
1603
108
282
341
414
552
57
556
30
2425
1015
48
1043
15
1179
2244
2705
443
2
314
112
1
3
122
3691
1023
407
564
26
516
56
3
23
1238
820
753
25
340
1045
1
677
45
588
1
499
313
2
1416
109
336
125
283
358
49
884
64
191
6
15
16
1106
8
1669
5
887
808
4
2321
3740
106
1059
104
1902
153
1125
246
59
5436
9
1158
224
1081
1
632
325
103
308
1510
73
331
186
390
160
6686
551
1933
70
161
935
26
505
263
443
71
6159
20
6609
335
841
93
30
41
6156
209
1409
83
3
577
12
43
1793
40
2141
84
75
512
130
442
1463
79
433
1212
524
3667
86
74
19
50
1129
2929
35164
1154
81
4664
1404
3325
8454
21
10
97
6140
34
5
227
6
1975
977
26
77
18
4562
29
1
101
96
1997
15
230
250
17
487
134
9257
948
2768
4
24
1375
2364
680
1381
385
20
431
78
6
578
694
560
1184
672
1
46
38
4476
84
356
4006
332
74
42
331
5272
109
1620
1229
18
693
91
220
645
1095
45
9
22
108
2784
117
1905
60
14
145
422
82
597
42
44
148
39
1943
11
790
286
137
93
2459
64
61
889
40
1
11570
3656
42
58
242
2446
75
3570
525
51
220
178
1
38
124
75
2199
19
34
21
1032
2026
174
2
158
2
159
224
1691
291
286
19
27
1
71
2925
192
24
797
87
3535
72
1505
15
53
169
849
210
586
5714
689
283
12
99
11324
167
186
1102
100
754
1
718
149
1059
973
12
8
996
10393
21
1773
123
708
699
24
27
192
45
11
190
492
94
1028
41
420
1386
60
443
9774
6964
342
48
36
23
1568
47
854
13
134
249
26
3945
45
1590
551
253
1332
6
635
1257
1031
13
43
3
3394
1163
3554
763
52
51
281
21
186
195
364
1189
32
8
53
5
253
50
334
381
80
1613
3691
5159
2878
2489
328
138
536
11
51
3
99
679
3949
226
257
2599
28
6
11536
93
12078
9
87
3
2
383
1947
173
212
35
47
69
58
1
818
13
133
45
5377
64
211
1
77
1832
15
533
6
1279
61
111
3985
866
1737
9
569
3516
36
256
1420
984
16
6516
1599
154
864
878
1348
23
350
4380
1060
71
395
2
22
11
211
1313
673
555
357
655
45462
219
16
2757
118
377
15
15
1
8328
34
12488
1790
6
92
377
121
197
249
72
4688
19689
141
79
1414
14
203
80
93
14473
16527
43
1685
34
41
90
15652
792
616
311
432
194
873
1483
908
5
907
1167
275
770
1352
172
10
36
1807
139
111
482
243
55
7
1640
20
32
4053
1748
66
239
2680
2159
22
385
8198
1213
91
4086
1420
481
1505
2042
2078
285
240
60
4306
180
1294
102
35
19645
3258
44
52
374
51
69
357
2050
33
12
532
441
2
18
1
3658
640
40
1632
365
109
8
2262
23
9581
199
506
1555
3363
51
234
364
11
23
52
57
5
377
1302
7
1326
762
831
1113
5578
129
171
358
7956
288
181
2625
80
3518
1
193
1
1233
191
53
1649
14
36
1683
8
2365
3822
1493
5
2012
1708
754
801
9690
38
244
150
10474
3893
1001
66
32
1801
452
487
12
3
11
1421
88
8
1032
1879
888
5
1438
2507
1842
64
1253
125
650
291
353
1496
6167
928
252
4366
111
447
5695
30
2746
238
143
18
35314
2012
888
206
215
206
99
947
1
467
224
114
93
36
802
273
8871
241
684
56
126
3
40
1234
9148
6
68
54
195
686
58
556
2874
6734
101
652
3875
1341
841
21
3306
152
2478
34
215
800
645
6
33
194
4294
294
255
3983
27
586
30
539
778
24
3049
50
13
322
6
552
210
44
113
177
3717
626
80
372
33
550
50
169
492
785
217
2811
81
108
91
367
166
2002
95
64460
220
935
932
563
265
85
84
63
190
5277
1199
723
251
1165
314
187
1
1387
4261
1203
402
19
32
299
10
454
2122
35
2948
306
79
33
8356
56
41
31
363
46
4
510
173
299
143
1358
76
3490
9
2991
127
97
181
9
438
187
264
591
61
1740
5621
24
557
2995
1048
4333
117
4473
53
396
72
19
1740
238
77
1221
37227
1910
2972
28
339
822
195
205
401
2242
488
127
163
50070
463
583
5716
325
19075
423
257
118
3
32
236
117
4
52
27
1891
1
607
162
243
282
75
6
6
894
803
210
239
130
4051
23
19
9
449
642
52
113
164
329
60
2
17
12
380
804
1
7
37
192
571
77
53
806
233
49
358
1406
79
57
1927
4910
1020
143
1096
87
308
1357
4935
249
258
206
2212
101
295
454
388
313
62
934
94
140
2
120
1781
390
68
26
400
183
55
2132
4
1662
11
541
726
67
8
909
6
23
18
937
223
36
327
163
30
323
484
757
852
1095
1731
519
20146
2470
182
745
246
1513
1131
291
102
624
362
72
191
9
32
1418
1309
1506
1827
96
3109
333
203
628
89
147
25227
410
20
266
174
509
23
72
233
153
3451
62
1171
28
1684
755
177
3589
140
27
70
542
7
308
159
271
1830
84
4223
2622
4
4160
207
3239
191
888
1
51
563
87
141
382
13
583
22
14
258
157
54845
223
17011
631
4740
727
1703
575
91
1557
816
15
1545
9039
819
11
70
277
764
21
349
254
6041
7504
27131
43
60
31
1796
220
710
60
630
138
143
1268
5
1298
12
8
329
371
1418
15
42
773
4809
68
33
42
64
857
146
615
741
1042
8
492
431
3877
1123
50
16
24
88
309
227
9025
127
11
964
51
7793
23
3632
103
667
91
5691
1558
539
2003
4279
78
559
415
35
6
186
1
28
42
157
8156
50
879
32
381
60
4305
36
1007
46
71
691
221
17
28
21
4776
9
1450
98
90
4928
1240
374
78
176
78
12
415
240
615
492
89
316
175
275
449
737
76
3938
21
1367
74
55
107
7
9726
721
134
211
4128
144
500
384
55
2044
603
444
221
814
465
159
27
675
185
3
308
4324
183
92
55
81
33
2
230
9
24
374
4691
1085
165
41
176
40
14
166
131
137
569
86
461
361
81
137
4296
64
24
356
3295
1348
3235
59
25
1059
20
216
1041
171
209
703
4
1557
4288
54
835
533
769
38
45
294
1306
340
11
67
4
115
120
10450
3
7
119
51
1565
17
26
111
752
1308
899
1015
110
499
336
32
734
64
646
5335
357
3391
218
30
404
4419
761
9629
54
22
108
5188
61
2
125
9163
1080
484
322
31
438
173
258
1595
309
167
190295
296
200
103
457
956
2
516
353
239
214
1259
43
696
24
234
970
3869
192
304
71
5827
1814
63
1025
34
90
193
2159
1070
1933
5741
4881
1447
81
143
132
18
20
9896
283
163
3162
17
1020
2229
1098
337
268
2932
2180
279
971
2025
548
1603
671
1304
809
2226
1289
302
1294
190
503
881
121
673
1816
1292
200
12
6
664
11
45
798
1372
280
49
562
405
132
61
770
58
33
511
53
1685
506
215
2975
449
4206
1608
1904
6
388
103
4131
83
177
45
209
120
118
643
888
1
514
40
1375
30
331
151
78
68
94
102
51
1148
4477
1033
393
1127
335
2595
1191
549
881
2874
232
56
76
1937
991
206
600
3478
688
946
173
1308
738
81
1788
101
63
10
5532
1964
48
32
1030
10874
346
958
113
27
180
259
72
334
82
1029
34
1953
574
386
1055
290
24
172
2435
38
10437
159
232
21
1144
496
26
588
59
40
3
65
6
2
18
110
67
44
67
162
240
1115
213
446
1972
124
139
102
261
565
9
95
3
1086
8121
368
232
33
2452
2
116
1889
13
78
690
376
246
12815
454
1387
493
2199
99
79
63
133
6
130
142
42
126
312
1
151
17
1320
421
736
198
85
1
181
527
331
5275
62
48
346
498
25
6508
24
187
283
150
2614
1114
1059
812
121
694
16
98
188
180
33
1683
1623
508
224
1115
5416
51
1303
43
5510
1488
113
13
1995
120
376
5
228
6359
62
562
203
166
6
1
874
1478
1110
116
353
1446
3218
151
323
434
3158
5757
307
1236
115
162
811
10060
26
8565
24
15
481
99
8
908
6
66
27
121
24
21
3
41
1394
56
26
354
1614
3096
1123
3040
2062
109
3233
725
2352
62
264
2177
728
245
341
864
5946
19422
2215
1232
383
12792
93
843
3
846
30
660
524
51
67
29
1115
28
856
990
527
491
7272
1907
777
432
184
1
2396
267
2424
223
50
33
12
2640
196
90
1733
1026
231
23
1072
12
3192
535
76
1089
390
1538
605
100
1096
37
475
519
298
905
657
13
158
940
392
478
10791
801
4792
165
5222
6097
150
97
4307
45
27
10758
4097
56
1354
6
2307
617
1039
175
6
489
313
238
588
3222
7321
4
10
306
1515
169
379
224
3082
133
231
142
2116
76
353
1372
175
97
744
1786
8
22
3592
379
1709
30
55
20
42
8330
945
77
220
14
1391
27
31
231
1593
1651
75
88
799
3239
1412
1951
5
232
8618
703
504
4057
110
238
2305
30
2482
738
2567
1
761
17
1
2194
92
13554
810
115
312
346
982
608
108
17
990
417
2788
266
140
603
300
11555
166
431
21
749
3445
22
21
84
120
885
68
8
154
56
342
365
478
4
281
257
44
53
179
174
791
65
1688
88
401
46
20
247
48
1
74
1
1088
301
110
124
3775
151
625
3921
2258
3204
56
238
100
159
92
586
752
380
189
1083
420
299
1055
118
1140
78
6
374
1199
1128
13
567
40
2378
1874
853
1
928
679
103
51
902
819
451
3227
663
241
5
17
415
419
20
164
2
31
138
1
621
693
113
36
33
2901
587
40
18
425
5571
128
1911
7159
49
16733
1146
1
93
55
2287
664
2467
83
415
2450
128
16
894
44
1512
26
274
1267
165
1757
3
410
29
31
1580
855
1622
537
1942
1882
510
2715
105
4856
93
101
188
10
173
258
51
861
48
2205
853
1097
238
23
1817
53
56
28
226
644
168
54
1754
1499
254
57
13
7387
189
2001
516
7
141
1044
261
54
1436
43
277
487
34
352
5832
4292
132
644
4054
98
181
5709
386
18
181
1254
170
211
1509
1
120974
33
174
173
3073
1003
2239
4
585
57
226
177
493
6279
1530
1614
633
24
85
1127
551
43
431
96
452
789
1600
767
979
603
1
45
1800
585
1199
675
21
356
163
86
105
4063
24
284
471
488
830
260
80
22
102
120
20
202
563
74
7
24
3428
1
385
286
1007
192
1
542
213
366
5
1772
49
667
254
102
130
18
67
878
128
58
30
873
296
1676
110
1621
4247
574
959
43
3131
5
1141
216
1235
63
625
4682
9334
235
1262
187
72
98
103
139
290
1484
494
227
45
1329
2635
742
3129
16
4233
2211
942
2109
1220
1203
185
3
79
353
1236
35
39
190
25559
572
1521
158
394
133
243
133
2
491
322
1175
166
40
283
281
45
7
19
669
5473
1663
264
113
352
23
11
819
170
3
138
36
534
108
414
17
31
310
26
7
27
3197
1750
20865
559
361
107
1436
1582
235
1271
122
47
1061
6025
279
707
486
109
1455
740
22
273
1
870
2620
729
3589
2384
14435
6986
1363
1956
10
23
1519
732
273
603
418
59
23
11
3
69
19
5431
240
650
17
401
832
5519
1660
3043
8
343
342
38
714
4
105
80
51
375
149
1638
58
127
6112
616
65
1983
53
245
949
52
398
48
100
15
13
21
592
6300
152
598
8
186
4413
88
25
342
11625
8
2
1
1143
43
829
1189
93
3493
174
731
287
37
846
96
175
98
1756
22
53
506
41
221
58
652
4
234
1763
288
487
23
98
812
29
280
87
1466
583
463
132
1102
303
128
74
143
17
1111
26
345
61
2361
7923
2
451
17
276
12
76
286
2243
1021
1
59
238
50
12
1737
1376
28
30
110
69
178
99
5670
168
408
169
324
1974
603
23
9
169
710
1369
31
59
199
67
47
1028
14
637
203
2909
982
21
287
62
135
166
252
1055
84
1545
140
2299
54
1
320
98
201
144
735
614
543
34
34
404
192
17
480
158
172
2902
897
432
25
889
504
3808
1350
127
192
14495
859
4835
2602
4770
30
44
22
554
927
23
928
274
1330
885
2784
933
126
337
807
786
1784
1191
897
72
525
224
1162
15
54
8
130
1479
249
3241
431
2
519
1758
90
2434
1544
21
49
1471
7
49
1503
1672
485
680
544
27
2287
206
10721
186
1022
8
84
1693
566
644
14
280
300
1926
567
935
37
26449
588
76407
1873
18
10
681
43
28983
66
90
114
49
638
7
2234
1055
322
809
42
7
309
43
638
304
5
810
501
583
1901
97
265
12
255
137
30
1397
11
53
92
1078
508
27
198
8091
94
977
147
48
62
1
537
91
18618
1180
276
9
471
71
1549
582
1535
107
18
868
1
2172
139
4353
961
262
229
6
28
60
156
30
702
7
6994
506
376
129
29
392
4283
1018
5413
13
24
1076
26
31
18564
60
318
63
42
2913
29
267
3710
482
602
237
398
2087
70
1187
34
721
39
20
154
252
7187
106
366
26
35
54
572
258
519
715
3271
1239
31
400
1218
50
1934
528
79
490
1335
613
2310
1395
1229
1095
128
825
14545
1083
248
654
923
806
1091
22
45
56
1275
231
1057
122
235
592
4
464
1678
945
448
68
1167
862
356
249
1011
106
769
180
874
627
214
509
904
97
138
73
4243
39
1857
506
1508
10644
493
3211
1607
1
295
3557
929
4358
7619
1590
553
1185
39
316
187
26
1361
355
1112
3602
32
4
808
3351
11
379
13
20
910
42
14
3122
37
316
158
17
5039
4
83
1845
17314
2763
18
621
773
907
1174
508
371
13
4740
419
407
317
816
716
864
231
697
1237
494
1024
104
1598
2
89
6
95
1701
22
32
404
1041
16
263
26
76
1365
1679
1086
61
1436
3089
245
837
1736
123
60
750
7
135
95
1352
257
1346
1784
281
5
218
1
126
3179
683
1133
3132
39
46
1395
794
487
35
707
138
1028
4677
127
624
576
45
2148
165
8405
63
592
178
159
51
220
28
26
52
209
1900
2826
22
1752
33
201
932
178
39
55
46
5
421
1281
2790
418
1642
2532
233
1164
371
505
763
6354
216
234
709
7173
44
1163
2100
575
1578
422
5162
2156
425
20937
3412
109
10341
710
1540
588
4325
48
162
469
622
366
299
1002
2061
1264
370
3288
504
455
1256
11
2
1072
72
1
50
15771
1666
469
917
2
267
10220
3442
2509
509
750
151
2425
1142
7
28
1932
698
86
3256
291
1321
1384
125
90
813
44
205
65
705
110
515
1164
24695
65
759
88
111
110
12
111
30
6
178
533
37
10
463
283
316
3
1615
426
678
225
327
2
3217
190
608
1641
23
217
983
342
367
297
3178
469
4370
101
21
2884
6980
1167
136
445
95
2468
40858
1538
99
200
311
197
15
509
32983
486
178
22
14
5
542
692
67
216
60
192
5508
1722
883
2954
42
120
1500
81
914
564
2425
495
272
503
294
659
797
19294
766
88
1847
676
1
180
227
29
911
1131
1548
103
127
6
1
2216
606
13
471
12
1942
2060
116
703
89
444
276
1738
55
52
36
53
19167
14
720
603
30
77
494
1077
39
221
398
82
27
2
12960
4
396
118
818
1425
4
318
499
9
45
111
4
588
1669
3
35
234
2073
65
26
1
156
96
127
61
690
25
613
28
244
22
8
64
99
733
238
4546
589
59
924
1675
1150
293
590
145
276
139
3951
85
793
422
40
886
1
39
94
96
205
15
97
27
5826
25
1192
699
455
940
70
52
105
658
319
1
471
212
1560
5
614
130
283
23
501
2735
823
30
88
212
4261
108
1353
842
123
40
1
304
734
494
135
688
128
393
72
50
28
55
3759
584
1731
915
2
26
238
222
359
213
800
426
221
351
227
190
419
72
1958
30
939
66
72
814
308
998
497
1251
846
151
1055
854
128
215
63
1408
23
4
590
1686
952
149
296
311
422
705
83
2
175
15
318
102
50
55
1625
2
963
441
1049
4
1024
556
208
599
61
92
283
510
235
1120
125
617
343
211
5
1065
38
142
266
125
40
126
1313
11
210
203
391
202
117
322
17
1059
68
231
1867
9658
343
1266
472
32
44
986
124
5100
134
681
3406
380
680
239
455
298
356
351
3601
664
1705
967
4673
6786
20
256
846
203
3865
39
26
151
37
2954
775
72
139
405
2148
5235
875
112
143
153
116
354
542
8
98
90
13
6
234
795
277
659
50
389
365
200
425
1055
1
469
2294
257
288
266
23
60
42
66
3968
6675
4007
13527
1077
291
94
591
11
2813
3948
561
1460
250
2
308
1038
2049
762
19
116
376
1185
293
1603
21
352
45
561
94
1
2667
1388
406
94
181
1749
162
402
15481
114
39
23
1138
7418
136
7
33
1941
3826
584
54
6043
115
230
185
1982
907
485
111
477
40
1789
19
9
51
983
88
188
178
375
2230
64
21
178
1479
668
18181
6
87
283
126
147
3537
417
204
2762
343
3
124
1009
532
267
127
64
1854
136
2789
1321
457
1517
937
2641
2468
2289
206
37
418
160
68
406
108
601
623
409
1254
1348
936
1537
624
857
59
788
403
125
18
276
266
1852
690
420
6573
2277
1043
3169
37
122
117
986
698
6777
2843
437
1725
2
1224
305
1438
1805
637
1106
1323
2880
5
137
3301
2
16
902
1206
1666
480
107
735
807
1989
35
4122
155
744
592
1
17
506
191
486
855
3171
265
945
234
15
1135
613
72
423
1424
703
490
662
291
3088
15
41
4258
2735
237
42
21
290
36
573
187
767
652
1
1185
255
8
6
115
119
7756
2214
122
1
55
1667
1183
44
174
346
117
135
929
12
22
1
560
1427
3836
262
652
1688
503
953
277
414
593
313
631
7
28
8
115
341
79
999
12
117
1690
497
684
504
1400
638
3176
313
4
4
729
6009
1515
2
21
36
14
865
554
144
2099
1675
326
3
2822
279
3
216
932
444
3460
1058
157
2336
1982
230
59
153
349
5560
462
36
1426
62
396
331
2966
397
265
5008
84
2200
1447
1939
508
129
541
450
88
343
247
246
217
841
54
103
31
403
875
8
133
64
6
997
391
401
166
11
12
11354
468
29
2304
311
454
1266
722
158
76
12
41
162
135
1645
2
931
37
120
14
435
828
1889
2174
329
743
358
1897
10
1087
36
335
277
709
1805
405
77
23
327
24
62
1257
885
1206
170
64
192
1305
1720
2
127
29
104
121
1
774
2193
1451
975
18
18
3846
208
1
31607
32
1194
1
1194
116
98
587
1
60
554
132
171933
1523
66
3538
413
1514
39
132
155
20
128
292
789
33
69
66
84
68
21
96
289
749
330
373
78
63
18
448
87
1418
50
60
117
34
244
7020
4144
347
1064
35
179
18
605
10551
34
5217
288
3
466
4416
163
578
498
2809
42
1306
32389
7992
16537
173
452
2257
10326
8701
1692
115
953
139
1954
2224
233
423
1742
1805
18
414
20
772
5057
3450
2033
4779
374
257
230
1168
724
28
87
450
1280
3389
56
115
230
29
4442
175
797
57
161
98
961
1885
820
1
56
390
4054
565
605
385
584
1621
7
749
835
4973
393
750
11
18
326
110
27
328
1356
52
117
1
1
16976
785
1827
799
3559
128
267
1652
1272
7667
7
12
414
516
18
9
39
50
4
48
266
150
32
421
726
11
3009
229
2258
186
1285
75
942
97
96
166
1413
1041
83
296
37
1549
247
1031
119
4711
352
12552
521
2867
15
863
46
524
3
2739
674
3
23
699
7
322
128
93
110
1262
70
3303
30190
1092
69
1519
93
7533
66
455
50
43
66
4203
851
1144
41
568
5401
64
448
21314
7
176
95
147
353
348
3
10
220
76
378
171
174
193
1920
137
31775
1177
574
28
127
33
362
519
244
20
174
101
61
1572
9220
53
31
1865
8618
1036
239
56
275
24
218
23935
317
666
170
169
360
180
7
1869
109
1485
238
9
199
148
908
141
115
358
2031
1626
3358
333
1
324
205
269
972
1571
79
220
1061
795
256
21
3684
10447
172
8
603
898
1154
2251
17
3
7386
2405
130
1147
1
332
100
2407
115
47
416
123
494
35
234
69
602
47
2005
537
280
360
867
6677
131
304
3
1193
22
1142
215
3553
1030
1513
1061
14
10418
809
1032
2627
9
94
1384
211
105
1017
361
1290
50
5148
9
63
346
354
127
1
140
296
68
298
823
54
2754
627
406
29
7482
70
177
8
30
7
168
1794
600
120
12065
5866
1439
28
1
15
2036
6001
148
7493
121
2567
60
1614
114
2
339
931
27
701
1219
78
161
32
121
4
1783
670
60
1584
101
1
86
89
4180
6
1006
7227
680
110
42
1085
416
83
427
1963
370
8696
2907
365
68
572
993
2689
28
328
2462
445
321
39
25
438
3841
117
116
1
27
253
325
589
2
3866
16
382
263
1021
1019
28
213
319
7369
7
24
9
57
7
175
174
179
199
637
390
963
1203
2262
4560
105
126
66
950
715
4
1516
114
66
2
345
371
94
1358
12
817
589
562
37
5563
776
20184
1693
161
11
110
107
338
758
11300
1047
2697
1498
2386
1
279
8772
919
1407
52
599
16
56
700
715
523
616
82
15501
13
213
1517
3182
88
615
101
797
12
90
240
579
478
724
33
690
39
368
90
72
1867
612
243
152
72
3022
4
388
9
481
138
30
62
43
5680
900
247
2893
4453
8
1260
285
252
46
813
21
41
134
84
138
2357
235
471
40245
18
1251
27
3673
93
8297
656
20
477
53
270
270
400
12675
35
358
218
8623
7291
362
700
174
2262
704
207
38
118
523
39
475
2787
1647
216
298
739
134
1932
1903
467
134
156
62
47
924
7250
321
203
42
11
4733
35
752
163
26
687
1130
2
1320
134
7883
27
37
14523
303
504
501
108
220
15
927
128
147
9
164
6913
418
2473
45
281
12
2766
84
76
3963
745
2198
529
15
582
561
32461
854
161
84
4580
43
217
439
87
274
53
1066
2006
2576
52
558
186
133
123
102
303
15363
17428
3560
44
5
143
149
36
13
59
24080
114
31
128
2008
7912
1513
472
12053
7
2975
4
12
3262
1248
36
877
179
918
736
4762
14
40
18
634
1250
1177
7161
3
684
1
753
1
106
159
640
10
110
1
1807
1893
27
43
31253
35
46
107
1160
180
21562
3
151
3168
132
1
5
90
55
509
179
315
20107
1744
662
399
638
92
1
8471
118
201
174
742
620
397
25
197
35021
733
189
18
292
258
4021
126
1707
341
142
258
324
544
12
423
24
173
37
105
1225
12040
343
237
411
188
2
185
491
5
391
393
14
82
2033
115
27
118
56
141
863
22
51
57
1678
567
37
19
434
41
32
389
118
1114
441
162
704
19
204
36
100
19
416
511
272
13
335
73
125
3
729
301
708
5
651
200
4696
689
111
874
12
50
37
24
1802
10
476
295
43
401
525
1540
5
347
237
2589
102
48
111
516
94
1
16
1064
1728
643
29
5
987
313
265
308
6367
13
62
66
44
95
62
200
5
339
993
283
1132
302
761
368
149
550
975
142
40
82
354
440
352
112
254
1685
1111
1144
642
1314
169
459
2
488
243
1
15746
480
907
601
12519
37
145
5322
131
51
1850
529
1901
1102
436
351
326
1054
346
2664
77
109
282
89
1688
388
1009
2623
102
5256
13985
58
57
39
1646
15
126
1541
4113
1597
147
107
20528
889
75
1016
1825
1
168
265
196
1406
160
74
1354
289
7461
1324
82
30
3842
278
169
250
13
1141
201
17
352
235
317
204
426
161
268
349
111
234
238
142
5005
505
48
1168
383
166
816
262
548
293
366
129
97
743
69
1455
318
559
223
5365
7
3759
4
538
569
1081
871
1510
237
185
125
69
1936
603
251
807
995
13
850
7
131
341
87
88
421
96
898
79
63
431
18
241
25607
782
2197
384
79
279
444
320
13552
620
121
2169
66
107
1261
15
107
47
3
820
83
33
762
264
927
17757
113
126
155
328
924
73
93
776
6421
74797
71
7
62331
681
105
534
1055
1630
376
8
19
1
70
1350
1
33
63
93
358
95
475
403
6
1419
1
270
470
15
160
164
546
55
200
798
36
452
182
811
528
666
414
802
78
829
1250
750
62
138
192
712
461
629
12
320
989
440
8149
61
6476
1252
95
505
88
1512
21
533
369
154
7
1105
377
433
3362
724
187
14
1813
403
643
150
12
160
134
518
3
165
952
1687
214
140
961
807
386
1172
3656
29
51
85
7
12
386
57980
277
99
550
2
409
103
3168
31
52
26
5258
587
120
315
3570
378
1101
417
728
108
51
317
6
137
239
5473
1768
99
543
28
903
1150
3246
3126
301
1297
861
24
214
659
13
13
396
108
56
1854
285
27
680
2
336
860
28
89
642
685
328
1473
38
198
2618
620
220
112
164
1869
59
1709
430
328
208
30
185
1201
82
452
190
48
124
659
675
2962
2056
79
2
40
741
55
1
1713
75
1254
25
87
468
586
1056
315
10496
138
213
894
1028
511
254
128
3
1074
507
4612
1869
98
371
1608
132
807
1774
339
289
566
881
99
102
24
1463
9
33547
1026
194
188
8342
195
65
2213
197
219
10
14
11
128
81
16590
41
70
581
277
321
90
27
305
284
383
526
3311
70
50
1920
21
1802
893
192
1111
2550
2027
106
1495
2207
1914
4
610
736
49
2231
78
254
72
2976
1101
2314
91
91
539
534
1249
94
3
1
457
1272
710
2124
1008
123
3974
941
11968
131
140
3738
6
210
103
49
42
151
28
584
322
135
40
629
262
2
297
576
2187
66
2822
916
149
39
70
10
264
40050
778
3
1318
1153
448
46
25
3
114
41
92
421
1402
48
1
508
5725
219
25
116
2041
102
224
2102
300
31
2411
379
62
226
6729
2572
140
181
912
2115
288
265
17
128
2260
122
694
13
1344
548
175
731
2137
5340
53
460
832
975
8877
24
108
1779
76
1098
89
15
23
5
180
1255
255
1803
103
219
15388
114
437
67
445
39
1
1224
303
289
51
242
2160
10320
30
191
212
570
166
1
1133
729
63
895
260
3743
1766
2092
146
716
301
1
1931
1
476
865
496
712
896
252
2713
2975
9317
6995
2997
4682
157
154
40
461
37
166
112
163
36
455
3290
2
424
88
4533
417
95
1319
207
83
921
1297
4027
42
1267
57
3354
2076
632
75
6
1071
238
1134
132
17
32
50
1477
9733
83
98
194
237
615
193
915
3780
6259
850
8
2040
27
577
1959
117
6081
374
901
1677
100
2041
60
417
327
162
554
37
739
26
11
65
66
1556
7
144
233
15744
3149
157
1
1663
178
55
2213
52
52
17
2004
57
34
466
82
3644
276
3382
175
14
353
611
848
1587
178
2762
15
4074
2534
2679
395
911
107
668
40
2
433
109
104
54
20
1264
196
179
657
261
1041
401
3561
38
98
422
60
1702
1291
73
1499
2335
24
23
194
1288
638
1973
210
1508
53
150
300
906
2753
1837
2313
153
90
597
858
63
19787
165
732
92
34
75
546
904
120
23
2240
1551
444
291
199
34
1152
283
118
3
447
14
944
233
4336
1651
57
3
4226
2784
23
2
333
390
1495
800
117
64
348
800
81
95
221
38
5502
1
328
96
1700
2791
502
194
376
2
238
618
2818
294
2077
37
159
597
538
1634
187
4570
959
30
1127
22
708
1329
5479
480
9501
81
270
11
1769
579
10
11
641
23
1774
647
215
61
46
205
593
14955
91
781
5233
742
302
40
211
2941
388
586
1603
104
36
542
229
66
46
26
72
1197
23
539
716
642
291
412
187
132
257
503
36588
96
677
396
121
517
1586
74
1682
5838
227
69
206
30
43
497
434
63
171
26273
898
2
1545
54
114
48
29
23
1356
1474
101
243
152
1769
64
83
39
97
93
210
990
174
137
1731
181
1317
86
970
159
497
1296
1283
294
684
1320
356
91
63
50
286
425
1507
119
1054
1194
312
604
90
1063
6
1675
49
18
2
52
186
8
1093
167
2655
29
4
303
298
187
283
25
27
30
95
1185
268
3132
260
3656
67
152
134
1574
89
32
3
319
8
5
2039
270
1469
276
13
95
265
114
28
6
79
73
1
1970
183
13
112
336
7
1840
1322
48
1380
8354
5071
1485
111
7417
893
55
77
41
779
1920
81
372
44
744
1879
1202
24
1
327
163
3961
197
155
99
1527
1042
2506
5005
344
484
114
806
77
16
10
1924
38883
5105
252
845
209
2635
135
778
827
71
2104
618
253
54
392
567
2420
2072
472
7751
1982
994
2989
4215
1535
14
88
627
717
1851
69
638
86
1505
4010
3852
23620
471
1165
680
527
1453
42
11
689
4195
676
1061
417
816
261
597
356
851
1054
1909
1402
91
1352
2
31
8309
10657
88
607
75
68
125
123
26
363
155
116
472
9
326
232
1109
255
63
451
511
374
180
481
99
430
490
379
20
66
1923
640
4675
28
339
160
3102
1223
107
58
473
934
24
1257
7661
2
278
277
1748
196
124
64
78
141
1
163
154
21125
65
121
19
475
2773
32
636
1195
68
49
5750
11
6371
148
33
81
1
136
3285
331
273
1
1259
4120
349
499
696
329
54
196
278
172
80
574
119
54
4611
73
8
11962
402
8
964
960
6211
2730
859
189
67
2548
188
168
48
420
292
22
958
1
132
941
49
3393
43
533
10
1305
9869
276
1643
576
547
101
552
1013
486
951
139
256
3884
360
111
1
451
182
69
3
381
1
790
219
58
2170
533
50
551
419
494
13
18462
443
1341
620
755
149
1436
350
568
736
30
603
150
5
442
4
6747
740
7
41
415
286
158
1393
47
453
1080
8348
142
2823
515
584
113
235
3042
511
253
386
100
89
54
1841
1
18
620
737
868
5719
4352
2627
37
59
178
243
186
276
39
1378
113
876
1610
40
3690
832
1810
156
14
887
150
188
1023
839
1350
2206
209
815
296
239
81
15080
27
37
18
20
40
45
5190
192
33
204
4
412
117
1434
333
646
63
1009
826
1747
120
288
386
2105
255
10
57
123
632
3
432
31
93
777
143
84
885
3
5243
1086
2378
2347
77
649
1014
1127
1
866
950
56
7912
332
2809
113
7
1663
1345
1
769
618
113
7939
805
6
2006
20
182
2012
10
1
30
3862
1550
2
24
291
723
1003
295
83
172
23
560
325
60
239
108
88
500
754
1631
474
160
22
80
751
97
404
6
156
71
34
67
2022
691
133
616
67
261
1194
1427
28
138
1109
614
207
217
3
479
52
289
2658
6
156
276
576
134
1075
504
1590
2354
10
16
4081
3
593
876
130
1171
404
788
816
3
1436
2951
1022
1946
7
433
1606
1376
213
223
16
1733
96
2855
2485
813
1278
302
51
643
5
724
127
699
50
4
74
1152
392
1637
902
361
95
971
383
1290
41
309
592
992
899
74
105
19280
5
692
15
101
22
397
2758
594
84
276
201
778
1131
449
4
188
9781
708
652
883
871
217
1475
145
688
16
104
2419
3362
426
205
19
1416
38
55
459
825
2891
365
1241
1541
5
483
480
293
51
45
5687
54
1414
222
51
283
64
1074
1858
106
49
10844
40389
1561
9956
57
4
700
2187
210
1055
3759
23064
351
54
18
1820
1027
226
1938
153
5
239
1029
56
2461
2760
2795
9
773
1018
18612
2209
161
1228
16
205
790
1310
12230
229
1305
366
856
1331
256
435
114
286
63
100
709
1981
521
2238
2404
140
105
75
2346
15644
2374
499
909
34
2695
1071
458
783
530
606
2396
6387
22
250
208
265
599
43
25
13
1
735
7
604
388
2548
2
30
1946
82
267
2862
28
3001
319
482
33
153
285
48
1291
19
995
129
387
185
2
162
538
5688
86
4
57
552
87
340
523
50
131148
1895
738
3326
4
54
334
197
8403
67
204
74
413
449
1594
841
186
602
20
143
26
678
972
16592
744
14653
503
3808
11
684
233
1780
525
1
877
128
375
2
100
14
1620
34
1533
13
4279
13
4085
8
275
838
1019
17
282
2049
62
2241
1
1883
32
308
19860
354
2
161
7436
3991
281
7
21
429
31
222
965
548
1659
1256
431
1719
49
258
149
111
1353
3
762
175
31
2174
64
115
420
68
753
771
4782
110
1371
45
1514
50
95
104
251
7375
4
3
1213
5354
2462
1346
1
18
1840
110
1
41
1770
3319
1810
526
1194
2732
990
762
31
490
14
723
334
1715
200
1825
84
203
75
8
50
26
6405
184
797
373
360
375
3
1
796
7
173
70
1604
162
502
148
1162
16
299
928
888
5
548
385
53
950
716
44
24
2540
919
1389
1162
49
2451
297
597
3164
4766
2080
133
325
1
707
2
1082
37
1000
974
515
202
607
14038
47
73
12
1021
193
565
20
80
162
142
882
69
1
3361
19
418
1072
525
5
43
1089
82
5206
78
287
145
64
23
23
854
1
1784
459
12
1152
30
85
35
1
1447
850
319
660
11634
272
1610
775
472
158
10
106
602
153
358
1
5
371
701
138
30
432
100
323
95
11
29
284
140
4999
1258
368
70
1
2282
121
9
415
1475
1995
93
19
205
102
24
224
22
1
288
47
327
195
57
10
32
609
64
2853
140
36
1061
15
263
455
5644
56
4058
971
50
62
62
1367
184
12
22
329
314
95
728
1803
26
725
413
283
63
121
2881
220
170
321
1112
433
310
25
469
18
1
124
13
21138
667
945
12
70
4012
408
420
4021
878
1726
11
717
1
4
10152
962
125
494
190
61
216
1341
3032
240
1068
1350
2932
121
840
166
838
663
105
781
63
63
89
4
250
2
3087
331
5
9
370
224
3142
483
38
3404
72
266
277
803
8
11113
292
2723
601
42
4
211
142
17
202
59
445
18
512
354
218
4650
57
87
319
680
1880
13
1648
491
62
83
30
205
379
7
91
27
86
23
155
19
41
304
172
1399
8894
510
155
20
150
257
229
9
3519
225
1108
177
498
67
17
4810
3191
794
4541
86
45
10
2195
1200
2106
72
2
2022
7549
56
100
365
1218
1034
13
361
608
5535
1844
281
239
37
881
161
885
280
164
76
4305
21841
1857
42209
178
1168
218
58
116
16720
2669
110
1411
92
56
131
434
32
318
1226
85
1967
15945
256
742
602
1623
80
128
1165
29
63
97
870
1539
34
11
278
5
272
587
876
17
431
205
2515
192
93
10841
18
44082
359
8
42
1489
942
1
1241
166
45
482
707
82
9355
270
350
5
582
13090
4
9
722
892
11
23
15
1283
2
622
179
50
1086
34
2
92
2382
164
3785
453
10
38
1361
800
1196
3548
473
786
30
547
8
637
840
242
1
826
1411
674
322
167
138
1558
61750
53
1776
392
339
19
129
403
3
246
135
32
449
412
652
134
89
2032
11033
77
6607
167
174
6
21
167
536
143
1730
19
190
1123
1188
194
166
85
155
1483
21
6937
909
531
1595
39
5
379
1009
70
3783
28
1026
121
36
1003
95
1968
897
182
96
64
388
987
6
210
149
65
26
76
509
262
99
2942
164
594
6621
172
5788
172
1
319
167
6
3773
50
483
328
13
1256
4087
15
2829
82
79
54
1726
29
201
360
124
4928
85
1912
176
742
4
492
159
223
123
839
30
118
4011
174
17
19
541
11
12
8
901
41
260
41
430
344
182
1406
478
100
350
1580
258
1186
42
46
1306
1348
671
67
1700
275
91
419
833
284
331
285
401
116
13
652
107
276
61
210
3
1037
63
2
105
4
304
46
92
165
72
1617
23
1003
92
255
1377
59
818
4963
2220
1570
469
217
381
513
8209
1513
53
1711
1
55
130
236
77
1298
105
18
11
998
1394
55
47
1
165
321
3294
29
323
271
12
19
56
150
26
75
88
499
907
4340
2742
454
54
99
2295
215
187
837
164
10
1484
119
425
107
11
508
14
105
933
1086
6403
145
2
2145
71
26
441
684
1020
1595
315
101
31
25
37
76
1784
242
21
242
1636
1468
2427
1186
1067
1842
308
9990
2140
757
55
139
234
791
927
1585
351
20
336
732
225
291
6
34
430
14
35
361
1186
3560
88
1196
195
43
42
447
466
2914
922
5594
230
1167
2
461
586
890
50
1763
581
403
692
27
488
22
801
82
480
463
795
65130
128
1041
789
1214
4433
1107
12
1591
999
2729
69
1010
357
2254
3150
1970
2190
234
601
117
2237
44
47
354
106
493
3
1192
1419
14
40
81
1749
260
113
1396
426
131
430
808
245
209
120
1528
392
50067
1
725
121
321
236
145
443
14442
3
160
2
143
159
158
8478
158
64
97
131
180
119
9
20
30
126
18
428
50
223
5
384
187
649
147
310
18
893
269
10
817
750
122
81
76
452
416
18
47
892
110
215
50
366
470
20
86
2544
1
356
318
132
38
1318
1749
60
839
141
66
242
6718
549
57
570
1166
10
584
4202
2011
2835
618
3581
786
291
1
77
522
4
568
1141
483
121
507
1979
523
437
785
700
607
443
27
34
281
12
1338
198
2657
25
280
34
917
1409
1236
219
231
48
2689
3825
1773
392
1926
2049
68
26
86
107
67
111
10
2
30
254
386
9
6997
539
47
1744
370
3768
31
135
611
858
19
778
521
112
1345
17
49
425
1380
1133
2715
193
317
2310
13
17
942
614
1605
194
930
43
26
385
1
1325
111
991
425
369
55
23
2122
1198
1583
7
189
20
1601
81
69
41
1
4
5
1803
20
2
112
29
196
41
523
94
125
241
954
43952
17
3575
220
102
113
754
1134
4
110
1
548
66
101
123
342
16
327
2286
122
456
626
204
233
31
52
699
4
1
120
12
554
200
360
704
109
63
93
98
47
242
8260
7
13
271
77
6
22
129
165
507
77
517
52
242
159
8
395
39
803
152
26
71
663
5628
3386
22
3078
39392
7
562
18
240
430
1075
10
1365
472
144
1
664
52
203
374
203
24
15
751
786
52
56
165
115
193
169
727
624
134
1362
199
106
2562
140
3905
191
1785
224
469
791
47
920
118
127
192
3266
26
418
165
565
9201
2336
423
171
473
781
721
46
382
384
727
73
27
1968
229
168
3
243
180
1925
249
591
59
851
1094
119
54
152
19
565
50
10078
133
64
1696
1212
185
606
1381
9255
125
446
1166
3137
463
113
96
169
83
27
39
74
1464
363
900
3059
611
541
3506
349
809
5
2823
42
115
903
30
193
189
1164
1
6344
1040
716
322
1
1
33
1023
3171
340
644
7252
2775
24
90
650
59
12
757
262
19
24
27
1490
1623
565
4405
53
1210
375
36
29
35
221
123
283
925
1898
1345
8758
278
12270
109
69
497
66
54475
758
720
292
985
28
33
39
2302
6985
200
788
51
170
983
43
10
79
81
176
41
1358
1039
139
461
1568
22
394
237
681
20815
98
204
10269
3967
22
506
1
27
538
790
233
299
864
87
1679
28
38577
1753
317
21
3728
5555
37
452
827
1
684
3611
47
733
211
810
3695
2923
1476
2670
246
286
33
1
1059
5347
69
771
77
275
48
15308
209
1
996
1211
69
1688
360
1526
88
50
3020
1
20
7462
3853
1012
5277
173
931
76
673
66
124
342
2606
1041
595
97
553
342
822
12014
55
162
594
1104
137
2482
974
1031
2234
113
47
3127
55
336
232
1540
193
128
53
313
1023
20
4541
716
133
295
912
129
3458
163
148
991
81
1473
23
626
1651
8
150
708
282
84
95
110
44
10
226
784
36
178
500
129
11276
3
57
216
176
212
4
675
395
618
11
178
479
4
89
7056
1
67
1812
26
1843
1
477
1672
478
281
1281
908
4
282
105
195
600
90
1405
269
180
804
315
529
8
524
222
34
1373
731
310
1478
240
372
1
575
42
569
2664
845
2031
21
76
82
1
2568
1560
172
151
246
528
84
394
447
2522
725
845
256
774
1411
1189
1070
1641
4825
35
7081
1114
178
12
1351
2402
860
1
225
86
189
73
57946
15
1495
193
2000
39
360
176
613
1435
17
3163
2108
172
60
469
1147
214
937
687
3
6
1835
2794
283
36
33
418
11
2745
222
100
23
1846
180
769
64
1
94
1065
624
817
1276
6
6
315
1450
13
120
459
620
240
244
234
487
2261
1
934
113
2064
1950
67
2
114
1087
16
44
7443
59
77
907
38
126
19
1626
304
167
1653
55
581
546
237
226
188
223
1666
46
301
108
1
4792
1027
1500
20
16
48
1726
1000
177
1441
14
4
172
86
63
74
12
186
1000
467
339
14856
25
1315
795
351
395
2291
61
20
138
26
233
23
18
210
153
284
1
76
3075
514
194
40
93
476
4637
325
103
528
8627
100
30
403
870
1230
120
3648
45
575
18
344
98
182
196
320
2111
174
639
67
298
87
394
34
77
432
760
242
207
56
27
341
1054
1043
1376
43
43
5
2
12
683
124
1
150
369
897
2013
1568
1538
403
68
171
165
47
2193
75
137
3153
257
2039
1838
572
470
675
71
2
26
148
2433
135074
193
1339
49
30
85
215
85
57
974
38
37
1261
690
45
38
1094
51
85
309
99
262
818
309
307
1492
149
985
3929
297
432
176
404
262
943
27
97
231
549
2997
1
1
22872
2187
636
800
2399
142
61
234
3789
11
582
1179
252
2096
23
53954
1765
436
288
833
4030
602
136
16688
196
93
88
143
4172
87
4623
99
4
1734
57
651
135
74
162
213
590
10119
128
580
90
84
303
228
148
891
96
2596
67
16
71
3
52
23
12
110
1612
228
73
703
2
24
839
8675
374
2502
1758
1052
59
1218
25
1269
128
52
4
31
25
3666
41
35
1289
1483
20
285
520
1579
56
55
49
944
399
1170
155
932
13
274
683
11
644
3
2077
777
1033
7984
589
1128
15
122
3832
874
144
40
457
571
248
53
108
343
2
1244
4319
553
1721
5
3366
898
25
4453
1747
739
157
66
1877
15
46
30
84
3293
67
335
682
583
1
1
8396
53
3911
8351
81
187
2761
363
139
121
36
554
556
867
224
430
1262
939
2326
4
189
1103
373
1268
283
13
196
93
311
266
49
47
14
5657
351
780
192
530
1215
1110
993
240
734
4129
141
147
8722
2501
1547
967
2506
55
3975
9
61
1
79
130
841
1072
59
250
239
21
1642
8643
6065
551
154
9
344
154
1161
1240
370
215
506
202
15
574
378
870
1
59
24
236
209
29
228
405
702
392
36
561
3287
39
3
149
85
1224
303
41
16
439
127
2001
60
245
10
1
162
1751
246
634
829
168
3750
1514
183
1971
237
52
637
3
273
1197
4408
85
37
488
10
946
340
1131
8944
93
1553
42
40
293
459
46
26
130
217
12
52
497
381
89
66
85
1838
487
821
1236
426
362
1827
31
48
568
17
156
392
294
278
1
6692
2603
103
736
1768
485
3305
45
25
174
280
604
366
192
27
10759
119
392
895
496
277
543
379
350
631
182
5110
76
136
1305
812
2167
1245
3
1196
750
2673
6
5156
4190
36
57
2027
5
5570
55
636
93
1506
190
402
164
582
277
4
63
777
909
594
101
299
635
1887
18694
716
9
319
44
73
1498
1294
821
791
1
50
1
257
1415
3461
2453
1264
1942
74
14
1734
472
310
199
221
187
28
1
14319
2061
42
56
1396
474
670
55
476
266
6
133
348
38
116
11
744
53
34
1
330
1969
22
15
15
4
26
199
88
4438
100
366
72
278
3703
380
604
77
18228
488
1280
6492
1283
829
1
720
130
3309
2234
3706
1079
406
2166
2316
145
158
894
68
585
1270
269
194
45
26
13
24
12
3782
23
3
1092
727
1349
7
180
158
782
129
799
284
40
162
19
6
483
1247
105
2863
5791
343
137
1691
5148
926
1703
164
364
106
6
158
362
421
232
29
1818
1003
55
1
181
1516
20
248
1069
463
442
166
210
777
1842
38
1428
501
55
969
264
24
108
54
339
4
1471
5
1766
9
39
3306
326
229
446
141
1055
2000
288
1466
71
262
542
1271
2664
6
463
315
7
54
1
66
1028
493
1288
2418
1298
39
205
19
523
336
303
3933
335
1320
75
1131
931
6347
5372
639
870
719
473
183
469
60
47
179
247
2773
655
95
81
350
56
254
128
43
78
254
93
96
81
5971
646
1377
442
3343
219
6
1974
2565
147
39
204
60
1052
132
73
93
1264
36
687
2550
716
1125
961
1578
876
90
164
482
106
24
237
58
1226
1168
3964
116
4143
88
13046
992
2678
18
1769
2385
1636
3729
1815
646
135
383
425
18
457
12
44
711
25
2276
1
38
7775
9
877
17
91
816
93
284
3491
547
1607
308
58
51
3
557
3468
94
19
19
2
1629
1128
194
161
389
103
175
1
5688
413
1
212
318
3229
36
790
842
105
2659
303
360
1823
122
697
1224
1631
29
1803
591
1350
1771
17664
35961
14530
19
69
559
795
216
1983
22771
2
447
44
531
95
316
915
972
6
1172
1
123
148
620
890
28
21687
79
197
347
6
35
10
140
111
3298
6767
617
6000
66
385
161
29
178
175
850
2619
15255
3471
7
29
626
31
333
3
10
4
1869
462
88
133
280
1556
1000
7
953
334
29
41
57
286
486
188
114
92
321
1327
149
725
452
1830
109
255
283
34
146
48
8
469
29
10
11126
5
80
183
14
4
39
47
69
344
2802
392
75
913
7468
1325
32
2112
4
31
56
1295
654
126
143
601
855
1632
4757
529
375
115
1648
95
288
2223
310
79
214
987
21
757
5585
42
3
66
698
976
4
446
65
1124
73
205
1011
200
110
304
1
133
2571
1227
1973
1357
618
193
232
331
212
1167
3045
26
2078
21331
1027
57
166
39
1555
3055
324
3112
816
12
303
565
112
76
3127
137
112
9407
70
160
131
38
123
739
1
116
713
246
34
1122
1162
1675
271
908
578
13
21
890
242
156
320
950
5
2497
11
202
4884
200
1444
5237
347
9403
257
4811
787
573
911
663
1363
3
46
5273
47
493
1529
18
254
169
484
1448
942
23
30
3917
1031
1637
281
296
69
102
1116
754
359
652
946
6
4093
106
43
44
324
1269
75
638
454
57
8478
147
1050
67
196
49
402
899
291
3000
18333
1
124
282
91
1003
204
387
58
919
86
512
2057
17
25
7843
1298
165
118
77
125
1730
243
1187
981
1
8
109
62
86
273
1561
44
30
9
650
74
198
156
118
58
115
711
1001
1906
32
346
461
217
98
2153
2438
367
2812
3946
17601
1042
282
11137
9
1207
383
25
969
418
898
3236
37
3013
67
3027
6249
631
109
206
17
758
49
125
529
4470
1094
41
2506
22
410
47
7
612
357
638
10
46
616
726
1542
27
92
43
4
657
131
679
666
473
148
559
871
1104
315
992
26
879
9
156
938
2
42
155
21
823
1843
56
91
110
45
93
106
409
114
3129
109
55
321
18
613
2
165
1441
55
423
110
739
1286
135
33
291
435
701
1
93
88
2073
135
68
267
242
499
889
1698
31
6
997
35
1858
896
569
7236
299
64
681
994
1489
5856
644
29987
364
100
200
401
499
2736
329
5891
381
7
31
1579
317
238
857
382
77
6
2516
82
23
571
56
972
18
92
2834
229
1
6780
188
199
384
210
48
3
606
24
640
94
4193
16
418
5400
564
128
164
117
840
67
130
2710
140
50
50
280
16
18
48
371
34
2718
122
8
1341
12
147
172
886
34
45
791
73
77
287
1980
18
25
974
21
985
230
1005
240
3219
26
2823
191
113
2874
1
303
183
25
636
3
73
144
1062
270
836
227
343
1430
1687
81
432
150
343
517
25
1143
1013
2757
17
3502
555
324
18
529
155
18657
67
491
24
704
889
1
77
22
179
220
6390
162
195
106
31
55
3
10
605
47
7
279
3257
170
176
323
240
5
1269
259
617
1129
48
1040
61
372
1476
2847
153
63
31
1000
1679
155
391
1098
306
970
47
122
23
4820
52
611
99
1587
1189
515
2940
10
1
146
819
604
72
3658
10
299
1
6337
70
122
13
1063
276
2211
675
932
200
1433
424
1621
697
457
436
232
22
56
974
2932
364
134
1
613
479
471
86
666
1
21
553
6569
145
5212
989
719
1106
500
150
54
6382
3
9
2045
129
17
2983
2642
3021
241
546
164
2867
351
683
1390
1852
38
2514
173
5
621
50
319
646
1538
2220
590
293
33
80
1127
1478
1163
248
972
599
65
429
3163
19
23
54
610
78
102
71
105
2279
8689
17
65
1537
889
159
726
62
897
2209
969
68
218
153
115
1115
11
1569
5597
1079
479
212
220
61
366
13
346
793
3063
640
812
1875
272
245
14
2221
1742
2313
460
436
428
39
2280
2392
268
3180
611
1435
268
47
1951
177
109
15
507
62
888
25
1884
2484
389
13
122
243
19
40
549
867
460
445
861
59
1019
31
512
14
291
2483
7
675
93
4962
2249
612
1
55
135
1
117
124
722
3367
42
11
1
38
859
13
369
502
1344
145
80
434
173
192
789
151
88
20
24
391
320
560
616
63
12748
171
7888
5
1491
53
88
84
84
108
172
6756
1669
954
199
9
890
1059
414
8
183
168
29
26
148
477
466
31
389
2298
216
38
52
2
1
387
565
35
495
100
1242
65
11
603
59
371
383
1403
28
418
788
286
46
147
1568
30
116
315
4678
248
153
337
58
203
134
506
3327
254
62
537
3804
3151
1362
126
1929
2913
1392
341
41
1305
9
2396
579
493
219
3
17
714
15
1027
3320
1322
38
210
2495
244
6
1566
225
18
1668
170
226
128
3726
1625
586
7170
264
227
141
586
1853
42
805
96
613
117
627
105
70
1
93
219
1095
46
140
553
21
395
1255
1052
2927
629
272
205
96
556
382
1887
222
142
1636
237
15
430
34
3212
819
214
74
382
123
289
775
11412
75
369
1354
3695
1207
212
54
10395
32719
563
857
272
3
294
408
40
4
162
1337
109
68
866
3678
1384
3783
3872
51
193
896
2448
76
4750
1771
36
492
112
16
718
804
1257
71
1121
624
941
450
89
959
1666
1630
969
779
13
597
3
937
1095
997
780
1093
6028
619
21
357
7
27
367
24
300
1764
60
44
62
883
171
1382
169
887
296
25
377
12256
238
18
880
609
125
364
471
1550
250
13
1727
17
8
713
564
786
660
12
51
722
25
1308
73
31
1
512
10
80
1293
101
40
42
20
1428
273
351
738
474
1
687
740
728
2023
2551
279
305
232
25
484
21227
285
920
32
414
159
2553
348
111
24
91
98
935
130
422
168
85
347
148
1427
1
2621
48
128
11886
94
4084
60
244
655
20
41
939
672
60
2963
391
690
1285
1419
363
667
14
3102
447
188
33
9
25
42
54
4915
278
64
816
11868
1151
531
14
884
7011
816
4546
1121
15
267
452
1344
312
774
190
5
1092
123
919
2282
940
233
350
297
37
25
62
1935
61
48
33
72
39
222
6
197
591
1300
2937
9401
472
530
941
492
333
486
532
476
168
146
1
23
142
1902
6
1636
633
96
144
112
43199
42
672
292
13261
2549
19948
1
2
240
237
521
162
228
1230
120
10435
364
277
3898
224
54
7400
1957
3108
107
1653
762
2534
47
1452
214
299
31
1558
770
400
23
11098
478
7
400
1027
45
4732
125
113
57
1319
269
767
181
6
77
1550
314
412
907
858
8
63
5
174
117
453
1409
83
12
1
245
6
59
66
16
326
1880
40
493
746
263
60
25
301
258
829
753
102
32
374
1115
887
80
481
1661
193
11
54
38
77
195
20
4150
394
2054
100
667
307
148
387
530
4542
26
2012
268
15
2140
261
621
296
293
1
165
7
30
12
118
43
1150
576
1673
1708
75
444
852
42
272
4137
37
756
12
2623
266
9
557
2150
799
911
520
63
213
141
1621
30
334
34
653
398
3313
1516
11633
38
17
1023
23
149
502
1396
364
430
127
1629
1014
27
165
3970
384
192
27
428
34
4
451
1294
2
283
246
3
127
123
349
39
438
28
31
2848
4194
839
64
474
29661
27417
671
2959
198
535
2609
556
243
136
1754
209
9
841
118
728
122
24
213
517
433
22
530
130
989
37
1783
66
98
239
326
705
423
17
9021
170
79
364
107
8942
499
27
286
1003
48
118
21
2962
827
811
11
9066
703
52
757
991
311
263
10
143
87
874
354
4633
806
29980
22
4
143
3277
147
1927
792
176
1688
101
1661
1330
3262
119
1498
33
120
339
365
184
582
910
1184
2135
651
36
2
1118
85
545
22
11
1208
1683
148
7
450
1507
38
9
546
8837
55
313
33
7720
2710
220
317
33
17762
160
391
4
400
834
1437
4969
27319
3987
286
5559
1078
105
568
42
17815
2464
8053
398
212
7110
2677
2579
447
354
5005
84
3729
69
1295
147
122
779
159
853
1732
101
623
11
5481
1986
64
17065
2689
3076
1490
405
4980
1445
1014
329
94
352
696
4074
337
205
680
589
526
652
2035
419
213
545
222
670
187
2967
100
396
2537
1964
435
89
38
1753
9
370
635
977
745
48
40
1907
521
1222
144
218
718
5
1139
134
1123
121
4
1203
22
6
710
43
365
373
2454
144
14522
117
942
478
112
9648
3666
80
12
267
192
63
234
102
14658
168
1297
4288
722
11131
998
294
158
383
80
602
1629
1540
422
60
10
1244
808
235
476
2102
6884
4871
1
4393
5230
3692
6
2360
277
2255
255
114
43
695
167
1345
107
1456
144
134
35
127
1
24
67
84
54
367
8
91
8
3708
2
2
978
20
848
9
75
1839
43
3296
305
1861
3279
179
341
113
200
63
850
144
275
273
49
885
858
651
355
338
76
362
2955
6
4448
3
52
51
914
16
137
3787
1147
70
230
91
576
274
22
1215
320
30
1
1275
116
294
596
80
218
465
65
875
40
697
708
180
48
300
147
93
5
479
203
162
2494
630
50
509
412
155
7688
129
109
208
2
139
4946
19
367
7
15
625
17
170
17
1578
12
51
122
498
389
1461
7278
83
1005
114
5177
4260
607
352
43
944
77
2
14
37
57
15
67
44
4
51
351
42
25
91
1381
15
230
62
12
1126
225
36
251
327
73
1112
7
217
4
262
103
1334
23
421
214
12
1236
895
15345
940
1428
269
438
3550
133
572
370
1453
95
2139
33
143
800
809
299
3787
1089
689
331
443
686
253
620
3278
12
282
36
306
207
505
1089
1930
160
21
101
112
1131
61
428
65
5
1
818
21
807
1690
65
52
262
1380
2045
332
37
26
224
744
2682
247
245
3883
1019
626
172
18
15
117
710
11143
4
1079
1145
192
11571
1594
70
1512
4111
105
526
388
12114
874
412
1361
70
10
729
117
37
2135
20
421
1578
22
6
31
485
294
1876
747
2010
1761
71
1483
332
2180
389
1
3
252
97
1925
1191
170
64
7606
188
10
700
855
85
27
936
950
653
10005
1177
330
952
853
511
113
1140
16
10417
312
362
443
774
107
506
1033
109
160
2171
2358
2446
56
32
716
9
4853
62
9
55
953
53
1040
31
3777
151
442
2
380
236
1833
1
9
1200
138
249
277
116
31
1036
221
513
58
19
1107
901
179
217
120
457
703
610
1
445
115
374
1
1
1886
3
41
1174
105
208
163
27
424
85
465
3823
459
227
546
163
282
333
364
1125
660
617
805
17787
229
309
1116
1073
82
95
1437
48
12
6822
1700
731
193
1
1117
28
48
6059
28
46
27
92
2981
253
1306
1
14390
304
129
395
24
71
59
49
175
1369
263
4
100
1294
469
2
1686
616
3102
16172
1156
70
17
769
173
4
124
1545
1028
107
307
105
657
768
84
1195
1341
17
44
21
688
9
3443
1350
78
113
453
846
349
492
1212
43
348
531
2220
176
5
656
41
23
1113
11
1099
1
84
1314
2890
60
5
133
3495
696
964
2
498
84
402
1849
2564
2178
908
50
703
144
335
894
1060
5881
1388
500
1387
742
15
428
97
625
263
632
524
326
164
64
428
197
817
218
280
742
1788
785
946
1099
4
346
305
1
158
498
15
222
14
904
6131
253
1087
584
300
534
1590
782
28
19300
38
2210
213
13
26160
673
3009
56
363
1
2387
167
214
100
388
121
993
207
389
19
1833
48
17
646
2808
327
5605
708
806
777
68
1370
51
808
188
44
2844
30
261
374
1354
124
4
382
883
1096
16006
34
366
153
1446
638
1262
117
1
359
54
1
384
158
25
55
24
41
23
72
831
15
495
86
4
961
579
390
949
763
333
1036
579
851
518
10
164
384
156
107
3
96
41
25
725
1031
38
79
5764
5275
446
4
113
245
280
2029
1979
2268
157
3359
1769
2861
218
368
7811
1959
10
1466
3970
310
640
78
2505
268
59
533
4
129
92
80
14
375
709
11
26
2732
5900
432
391
19
342
169
8
293
1062
309
8
4
1706
64
142
2223
370
11
1528
134
28
9341
1823
32
55
48
136
89
588
1055
35
1110
78
1893
45
450
1004
27
69
543
278
6501
15
897
1
1020
114
6084
96
1042
6469
2879
663
144
45
8
1
765
2
260
6968
851
282
12
12
1
2763
376
1
49
109
2151
3754
333
72
124
150
529
1
599
608
3371
951
21
336
208
49
331
3718
4056
617
768
229
76
23
167
98
2802
132
773
196
409
191
134
1894
575
1153
821
479
3
423
552
147
790
196
450
1015
225
34510
1917
3826
1139
1
3
3070
985
359
867
627
145
589
472
381
112
143
3
1461
136
735
153
71
445
6
87
488
1099
1629
14
1570
638
835
611
366
1445
716
49
2187
614
259
358
181
17
1172
553
60
1
283
4413
425
75
61
259
791
304
1
1879
2160
1
876
252
57
37
1342
487
2
23
61
51
6399
3668
508
1
321
192
11
78
171
165
1802
1
198
295
473
27
1151
3193
4
1134
93
1614
1540
3
126
414
1067
1221
1406
1695
538
362
226
500
1439
411
1526
17
1061
49
10
47
554
13
518
837
11
2
26
167
154
3110
528
2
657
4210
2
92
398
840
352
412
707
57
286
508
598
699
1239
793
2481
1323
51
218
152
60
6187
15
111
1027
164
1
1755
157
169
128
102
1697
20
1158
788
27
2138
1231
6678
63
90
111
7
3785
171
1085
153
445
43
720
475
2648
3614
14
3167
3
16
998
88
25
863
57
8649
1280
3
993
1037
53
605
532
2560
271
8
934
2129
209
211
1379
125
83
15
23784
69
67
324
50
637
1839
8468
286
81
135
171
68
61
1023
95
77
135
433
735
3373
1462
124
506
355
1
1609
369
258
2277
5478
254
36
1319
3701
1870
2551
299
334
885
75
1
11414
329
311
372
761
347
1424
294
80
2688
1662
1397
20
302
1
592
227
7445
971
1108
124
491
76
453
846
8
4040
56
1119
1612
4
172
247
90
74
247
111
547
270
52
222
630
134
350
504
1573
141
342
252
2550
305
433
480
82
149
322
85
1069
1069
37
650
233
183
79
26
843
90
1940
835
107
371
127
89
70
140
862
294
4
3072
1344
8
16
2108
79
8
39
1292
14
8139
532
998
413
661
694
1676
1613
3
12
1907
468
3237
2027
21
83
1648
654
1
55
1895
151
24
14
3061
1618
261
141
11039
1785
31
56
100
34
1322
1739
624
228
122
1
78
612
704
187
1790
12
28
257
1367
2
1
88
3281
272
66
8646
1397
30
41
127
913
1865
1558
19
470
625
140
7
220
233
820
360
53
223
133
54
12
3313
51
228
136
40
736
25
2631
120
518
49
82
681
1116
1119
129
4288
1511
13
845
78
1064
140
202
890
29
2
593
243
988
117
4129
111
1923
329
21
3879
2208
8
3283
2458
353
815
605
3858
117
1326
55
1543
945
44
1349
70
75
14
11490
1945
30
2628
248
545
263
3075
3
2209
109
558
1606
279
885
706
380
9523
146
1229
35
1038
835
787
313
102
14
10
12
849
75
293
267
345
211
233
887
556
2739
87
585
1137
1424
805
473
888
240
25
837
617
3076
3584
5642
1148
16
1028
1278
999
2657
7
2192
200
77
2
47
5
245
17
21
759
541
148
694
135
635
1533
225
81
718
1294
1
399
2484
1093
1
254
70
44
1848
7
71
1006
101
536
73
429
1
1
75
6535
45
491
743
30
160
1143
940
4
387
203
146
1285
461
2063
795
431
2
631
602
1985
1636
1260
221
345
44
327
19251
574
170
298
144
363
261
380
22
27
34
5728
2128
178
39
986
4
121
4829
1199
1488
29
36
35
1244
92
24
9
1141
364
1557
92
199
188
28
1707
80
984
480
1
2801
600
86
130
1081
849
206
91
68
190
27
1308
821
974
2122
37
1077
76932
2277
1225
192
284
11
216
19
6
274
1067
142
233
3646
19
148
14
719
2683
87
137
2378
1422
432
691
373
39
27
826
137
80
121
977
3185
199
1089
218
15
2012
8159
221
1162
125
126
390
2216
1884
8
264
204
684
482
54
218
1286
1432
524
2546
162
556
12
2095
15
106
246
27
1824
5
130
81
91
2
1548
30811
727
61
1071
6883
261
2902
1235
6
197
1684
429
894
81
2258
184
112
769
250
39
140
197
259
29
553
100
55
2132
98
96
2
11
63
1322
2674
8034
601
547
293
351
41
26
24
237
561
31
1
2018
585
357
48
123
77
1298
867
13
465
3
344
21
3621
2219
384
1976
2408
1003
236
415
24
929
132
1929
79
48
1167
60
70
5676
1218
177
293
261
24
4815
1136
1498
247
183
983
903
1759
6
69
580
852
1335
176
45
485
441
401
251
690
158
23
2078
2046
360
3162
19
856
338
179
75
524
886
1950
297
199
124
1
331
518
171
74
70
4522
57
1835
87
643
16
1611
822
1638
34
741
88
816
1900
506
55
366
207
94
26
271
955
2361
621
83
753
2
6
4487
2016
4
109
181
3362
13
32
298
525
13
4396
143
1917
286
765
96
1640
74
706
17976
669
27
339
4340
785
63
469
531
334
559
65
538
88
7016
3
371
18
149
116
429
1066
84
35
86
1899
4039
1335
39494
2272
922
12
1252
30
127
370
17
6
1
10
55
688
1091
37
32
39
301
116
21
188
147
99
2353
40
305
7
8179
47
2739
577
1035
566
12
496
983
482
348
135
2129
98
3007
28
363
26
1202
205
135
10
523
2924
215
110
1589
2609
593
5
1817
88
4814
4768
3531
344
9
19
6
409
62
2786
34
74
152
417
50
108
68
1743
280
8
90
120
770
455
42
412
31
1744
27
2974
318
1041
33
5072
1
1513
218
12
2
431
43
669
155
2634
5
24
107
334
756
20
211
82
41
19
329
575
4641
2
118
769
667
43
931
209
402
202
1732
214
78
2
1640
307
5300
2449
190
3
1715
601
1237
644
416
24
32
1413
183
145
346
871
95
2026
71
9
427
81
51
252
1799
7053
2934
2530
502
20
2380
2390
7
737
193
568
22
750
449
519
122
63
119
74
986
1073
2086
622
1490
5614
3272
13
152
110
1
460
147
1813
9
493
235
544
248
408
329
2713
924
277
83
2
964
1044
14792
18
15
26
486
651
1026
90
609
132
171
1574
418
4
824
553
885
1442
977
579
3
34
2295
1101
5087
34
881
4489
17
185
18
288
7
22
189
1080
47
149
64
40
87
99
566
449
677
284
54
4
63
131
93
3928
199
1861
8202
513
454
7
565
67
218
6644
106
726
1158
39
635
836
451
1449
763
13
601
1
34
147
71
275
1959
68
126
1
2414
1
204
112
44
1024
1
4806
703
131
243
371
155
2
536
103
666
80
1168
881
1345
2958
73
218
1
1609
8
205
934
5
891
40
24
344
324
5924
15
17
194
2297
428
352
70
94
916
114
409
162
4049
1256
758
590
98
32
302
34
100
109
1
55
26
147
3443
21
1314
183
45
14000
31
318
157
1758
188
11
813
14352
3332
255
1159
203
17
563
323
450
48
67
68
13
4
951
300
1832
681
261
524
205
137
166
11
135
1150
254
506
1019
415
922
1077
373
743
1417
1797
375
836
30
10
376
2026
550
413
778
438
243
13
381
1850
6514
170
7741
1001
39
963
95
175
1480
5
569
15
87
1749
712
26
235
478
50
449
532
2159
229
325
331
199
601
130
1826
586
650
3
455
133
452
463
782
217
39
119
465
161
59
1325
180
44
341
673
21
110
3456
1972
13
122
109
72
2685
6303
560
48
696
512
14054
35
462
98
237
129
453
943
108
860
9
122
746
4718
379
1342
10352
31
1908
46
1229
1339
10045
1200
3233
20
69
54
51
143
264
158
675
75
152
118
1
290
653
49
147
3151
335
55
90
2264
2876
169
196
124
2
166
137
255
48
809
40
1804
286
1270
218
563
34
873
49
687
754
130
161
1035
367
284
9
644
201
28
273
369
385
503
831
8
1
1003
714
1738
1002
353
485
103
806
21
33744
18
51
1
1
1091
588
797
1787
3029
417
205
1069
2496
1830
84
153
303
157
206
957
1553
303
335
62
111
84
115
1692
1831
81
328
667
18
54
102
714
48
2124
716
846
103
20
1167
1009
44
183
790
754
19
329
218
752
2535
5
40
84
1628
32
55
239
73
143
652
1227
2655
1088
88
301
119
534
47
24
9247
27
1846
490
180
247
324
1275
203
829
1426
481
1025
526
149
34
129
824
331
838
24
17
235
216
79
1534
250
13
109
107
533
4695
19
262
2815
124
88
120
3122
63
171
698
65
21
461
26
548
95
254
312
1
100
24
151
615
65
75
215
162
1
225
336
1454
2329
312
544
15547
27
619
1
341
773
11
295
4812
1947
700
1
874
591
11
35
35
196
2887
833
174
33
214
63
6
451
882
183
66
24
81
231
985
1186
306
104
302
14103
6502
2423
143
58
1020
373
1285
698
3990
212
605
1713
94
1224
53
847
277
189
1
751
37
1017
7
12
314
3773
68
4
64
10
138
212
676
4459
2512
1223
1648
546
1
317
1
894
363
320
101
60
10
445
790
4396
105
1
423
5377
60
836
46
33
275
3022
25
145
112
274
8231
106
12
93
502
1837
54
47
44
186
120
794
7
263
405
224
33
733
28
1475
818
862
894
1989
87
151
107
60
2897
15273
3064
1389
113
3123
455
44
14661
66
1243
1023
19
1798
121
2292
224
242
80
782
7
1
4
1535
753
102
50
4559
108
15572
2086
8
439
245
32
6451
361
490
2137
1689
1144
463
92
297
1006
3983
7074
170
178
37559
1240
8737
3522
29762
348
1185
826
1
40
58
257
2890
66
139
9975
1263
2890
150
720
542
45
1536
1520
121
328
539
5759
527
1448
1849
117
6041
1362
56
793
767
4430
11
604
1106
7224
20
1911
310
2
834
12
13
494
140
45
5
34
167
44
18
107
513
13
266
4
751
5673
586
148
93
1150
72
124
67
2020
108
162
260
5423
107
123
1876
8
1
42
126
1588
71
1826
243
29
93
75
736
128
839
881
531
1815
1266
913
127
153
3378
53
600
4067
585
91
94
152
31
400
180
216
995
2152
342
171
164
131
1070
1280
75
280
882
351
596
418
1006
1543
48
15
462
2221
1045
9451
69
1128
165
22
35
95
214
367
656
901
66
813
375
3705
58
205
2624
805
1
984
206
5240
163
572
4
355
855
276
45
3175
444
127
537
42
28
25097
713
2005
3988
756
49
392
90
350
1442
4
295
436
95
123
614
1260
231
747
566
285
94
1375
7
33
175
20
3859
26
2
793
2008
6
53
1362
285
2
350
61
12894
90
68
2565
2
84
94
3826
131
1011
63
1028
1190
109
564
127
611
20
8264
824
94
434
740
343
621
111
1129
20
297
1253
326
2
1538
255
409
199
3470
167
307
907
86
78
140
7170
96
564
668
764
9
55
568
341
1545
450
3762
128
64
205
589
6
7
2313
304
2
628
90
233
307
73
19
14313
1073
452
3
180
1627
39
137
235
400
146
61
1033
421
342
305
1438
369
489
2
159
92
92
32
121
102
1299
1461
37
863
414
564
989
6115
1
81
346
146
77
17
3
754
30
12795
162
300
3434
158
689
1536
1232
39
532
11877
88
1600
1931
368
56
1479
95
691
811
860
347
223
303
14
10102
74
549
1107
150
41
337
1835
196
127
18
30
4077
1001
372
296
317
1424
18034
7329
68
36
66
72
992
16
503
106
1476
2286
191
22
2646
2693
1755
9
163
582
755
5156
3512
6392
113
105
709
706
256
38
259
248
1198
8
413
417
142
568
369
497
13
97
13
1765
87
504
156
266
192
2030
811
69
7
3158
6575
1166
2121
18
578
1
9
55
63
113
939
371
1903
52
6994
213
1003
6704
106
722
793
161
250
22
1655
187
120
1271
469
2044
4
56
1855
620
89
901
887
523
41
48
1880
520
1466
116
103
1273
342
107
9
1460
911
830
3109
584
2151
943
27
7
991
304
1148
416
248
248
2706
54
480
363
608
7
200
2027
3222
99
3786
31
625
23
3139
49
144
135
9
38344
1131
2309
1
3
1156
1767
1112
479
928
2
3992
2143
36
711
2564
1181
3933
93
2867
1583
29
306
10749
19
149
188
1122
2524
2622
155
377
545
435
801
1313
5093
43
570
352
3534
47
305
2
31
695
514
2
232
14
294
68
134
42
40
5
636
98
347
57
223
263
351
1
79
317
282
538
625
1386
240
2
722
76
74
1561
4184
1938
131
377
101
158
1
2033
163
318
48
1282
691
797
350
445
70
284
114
132
649
2649
1
15
176
2195
431
817
856
106
11
838
1003
167
733
140
1
17
316
189
14
17
2797
2490
165
6507
1546
2078
67
2202
362
1230
605
1781
2
757
218
1488
484
222
56
377
140
1405
1650
343
113
505
254
201
30
626
41
14
156
577
848
355
396
125
3552
132
22
37890
221
1319
86
2512
1267
489
2243
46
2
243
280
88
179
782
821
678
1248
174
1070
52
172
114
2404
252
168
3954
647
537
1395
1
127
378
111
5737
1035
431
1678
377
2114
86
659
40
325
21
414
364
5350
376
19
101
5
25
20
261
210
120
22
1907
6099
61
14
207
188
9782
12
836
1529
2260
621
326
1
521
1749
86
128
1895
51
1
689
77
704
426
206
2768
453
316
3221
584
1331
69
1803
3623
260
158
35
14
273
139
132
3770
2393
250
59
4350
653
1043
423
118
59
215
10232
316
1767
390
21
11
4073
99435
1644
480
749
342
262
1346
198
2384
61
105
8035
1996
1051
3748
728
84
50
75
4239
43
1607
26
181
124
2009
212
15
31
208
76
150
192
826
36
253
518
398
288
1185
1893
123
8224
1295
44
1193
279
101
1002
132
3821
854
14
3
25
281
711
338
3235
15
471
668
57
2924
3870
2048
931
25
1406
33
32
742
1418
566
227
695
1168
8
80
934
121
196
98
467
20
647
11089
111
1020
1205
366
406
786
377
4423
608
6244
1196
188
1531
465
756
56
166
88
871
840
267
836
6
3050
323
100
280
27
487
639
303
135
878
13049
4997
4285
9
17
838
907
466
1015
1
356
640
219
3
687
1
12
251
1823
301
2227
2222
121
443
4
338
244
283
229
594
581
744
52
1673
5
128
31
303
1052
182400
459
5350
6551
994
128
261
62
162
632
1716
2049
4
1061
139
5396
248
276
220
214
1
197
252
2413
1063
515
2342
192
608
3638
7343
8
261
190
229
2
72
497
882
440
104
802
101
2443
37
5822
6
128
503
294
1598
13
20
1191
90
615
1085
312
2
1
28
1095
47
407
46
689
141
125
2395
12
96
70
1047
950
109
220
221
518
336
1035
368
368
874
1520
280
6084
72
279
296
1749
2261
4373
44
5697
1323
829
506
95
5071
30
700
122
197
1676
2795
531
216
1572
3874
77
70
1827
1948
572
1962
108
415
88
364
2756
114
156
96
1737
50
690
259
1012
640
4128
426
315
870
43
201
415
2608
156
215
82
324
1226
2931
328
70
8
39
13
269
72
119
2349
363
43
171
2420
56
460
923
1316
27
2628
1580
272
2384
348
6341
834
251
33
19311
238
607
2829
1894
1822
1002
21
158
7
525
533
106
1583
203
4273
904
574
978
5044
24
683
4
1204
955
148
2177
1002
3344
892
1507
929
1
216
6390
83
163
177
622
61
95
1
23
4566
8
205
24
1186
4958
19
77
356
627
59
17
12
54
477
371
613
60
908
1757
1187
356
112
1
373
191
13000
1050
113
230
2615
2
3354
50
538
1723
896
68
1464
18
57
1210
173
339
366
1395
735
675
269
2035
1342
185
96
98
642
334
566
36
146
846
28
264
7
6814
1
4
2
1659
6
5896
649
622
1038
1676
1345
387
1116
1649
44
334
470
396
229
738
631
41
151
12
41
9555
146
1239
1371
547
227
18
41
223
2305
800
501
550
396
7
3
332
609
679
1230
369
80
193
70
17
425
1012
1130
388
1977
106
14
671
1
2761
48
889
1874
817
1312
266
123
664
30
1135
1119
2780
2280
181
4132
639
296
3736
1632
8937
1170
1240
2
1
1
2022
1085
18
2684
1254
205
1552
59
189
455
111
269
1446
1041
326
1347
4686
1385
138
642
41
16
186
39
7
163
58
6
2
870
22
975
33
908
2
1771
158
29
250
3002
670
1008
114
356
507
300
65
447
25
1204
62
88
55
3847
25
104
1052
2424
118
228
734
489
60
21
38
1
830
9
1089
1757
704
40
369
264
220
1830
607
64
1296
722
3745
792
670
350
978
3
97
1
3
1946
2766
1
754
1
144
166
61
206
30
1105
246
57
486
31
77
296
272
842
709
3
965
371
2781
794
18
499
206
470
142
1813
89
106
529
421
286
1064
467
1036
4810
26
4425
332
12
1156
202
59
391
322
852
227
1588
6440
2339
635
2004
229
471
2775
631
5231
142
9
663
79
33
1
49
2097
17
1187
1414
10225
1502
1
198
1
115
6
20
706
10
5586
1312
1785
324
9632
1396
63
1059
78
319
2761
64
929
1546
24
150
2026
1134
29
1274
1442
1752
117
54
4054
535
1225
1980
379
14
110
2845
19
255
285
488
381
1187
939
876
996
191
330
50
614
5218
1791
1893
308
3856
3411
4059
1400
3202
89
1151
2086
29
193
1483
182
426
644
430
600
3683
1203
67
7577
179
12
170
1198
126
408
119
621
2178
506
319
147
540
574
112
10
1528
651
568
176
255
1465
110
67
4920
373
2476
26
1552
187
134
121
583
119
8228
1
510
44
4
5494
1
1765
589
1634
265
538
3131
96
137
339
36
31
71
232
10
1679
238
232
1022
961
5
2007
6112
147
4396
1682
610
223
378
70
3528
102
328
193
431
154
376
62
982
827
255
56
74
840
568
2105
78
754
34
2183
1765
34
130
162
108
1669
93
3380
138
26
45
2446
1034
5
1284
49
94
1879
1165
9
37
73
1260
112
122
65
695
446
412
1026
2783
1114
532
12543
2991
441
132
1023
175
1442
920
1124
27
15
97
289
1756
127
14
1170
30
171
608
1608
123
1591
3666
78
1233
1495
275
2407
41
926
7
66
2589
183
82
7081
5711
432
100
115
591
310
77
3155
615
648
2593
819
317
792
216
205
163
2972
1386
343
462
35
478
2087
2
8649
102
73
1
1
6
1
426
6
2047
697
553
47
2004
7451
1968
1089
1387
79
66
194
1028
98
62
2061
834
186
649
21
44
1426
705
1805
1373
296
149
610
2007
97
1624
1574
3
10
708
17
769
153
1305
122
307
391
156
240
5
27
1724
2455
2231
21
38
502
637
150
247
15
1041
739
300
369
2425
64
970
532
301
62
626
343
808
520
227
94
3491
440
722
338
31
201
1
2363
50
1923
107
1768
33
2089
2118
365
2158
70
33
1089
667
38
127
439
445
4
944
110
3263
694
3480
2319
47
1402
742
255
601
19
297
12
3382
899
1163
647
2085
684
1074
277
98
5
194
1194
1492
33
814
234
557
154
3547
37
397
358
15
1119
88
106
531
903
3225
1
3894
1209
131
1264
17
1527
115
2009
363
1463
100
296
1731
789
159
82
10
175
216
89
8
17
54
412
2
426
1273
1146
1228
7896
3114
910
2658
350
3
2090
110
1874
15
775
231
1550
929
889
45
1456
484
1102
907
4404
1565
420
2289
1
11
49
2161
1183
198
90
650
3
1470
4623
4
1892
1
7
212
10435
67
39
1379
82
348
3337
1853
530
383
1634
406
59
2225
2618
307
909
13
57
973
38
354
11
566
158
299
510
4283
2037
498
1747
491
1006
64
802
437
93
72
54
738
64
650
752
298
1035
8
889
2057
23
3287
1869
34
534
819
1543
175
33
295
116
311
106
220
3820
83
4576
429
4459
1158
39
582
1413
945
629
545
11
22
2676
7987
193
539
199
88
899
474
61
1
1617
162
18
1442
2140
552
2759
77
4147
423
112
433
1444
658
183
49
208
1166
107
969
34
2818
12
260
563
1761
39
145
1084
2917
1018
537
923
2097
664
106
469
1010
1633
8
2863
317
480
2294
1642
655
1
302
212
34
1210
145
1039
1327
528
611
1014
3
1
652
2986
62
30
51
1444
2504
48
1753
380
622
5
294
1870
1055
1064
1
23
13
73
1
1201
15
25
84
6
77
839
83
1079
185
531
4647
1752
1462
1336
183
610
624
484
89
34895
1071
451
505
30
66247
29
2904
5531
7009
2254
8820
9620
15
1737
12415
23114
9876
28
418
116
44
167
93
5
93
318
161
245
133
143
23
1041
128
4
507
221
17
130
158
3
5490
1004
1361
2219
5456
2517
372
2473
30
707
835
1213
59
473
211
1891
2914
4811
905
45
93
610
377
715
1186
1808
477
196
2108
316
704
104
811
689
7
4245
27
321
57
171
1796
628
11
5
407
300
17
30
103
53
1
2585
720
510
60
396
717
318
478
1075
164
32
401
16
4
1009
296
339
767
27
4367
36
1172
549
6
652
3
26
1672
143
122
308
17
4
66
56
38490
487
599
409
17
25
8502
42
702
41
4
70
266
268
91
1722
2995
145
53
54
3191
1769
23
1097
2262
79
1
5
889
489
27
3795
73
1016
603
52
100
172
179
24730
309
105
31
1597
1343
202
358
925
64283
86
4316
9585
163
64
1
195
732
24
409
114
1
85
68
727
162
1878
23
43
203
1478
392
1071
3347
860
846
813
59
688
61
2821
211
273
57
97
42
1746
1558
82
423
411
1407
294
221
3529
2094
1854
1107
167
879
1709
426
280
1873
819
4
5469
873
121
268
125
126
826
63
28
1209
15
523
59
20
140
20
621
45
4271
792
5
36
1045
151
153
118
38
58
2686
3253
848
104
214
286
42
159
140
311
65
31422
277
1307
105
889
44
2316
397
1822
72
1871
369
8
211
101
467
3849
52
57
254
70
1376
324
42
236
7310
3579
612
949
857
2449
114
22
217
331
171
127
448
88
128
2255
30
133
736
197
1304
2521
1
1015
37
164
384
242
131
398
2184
215
788
25
65
126
119
12
301
6
160
207
921
188
675
1353
129
945
150
96
1184
278
2107
21388
94
355
18
1003
618
104
27
1539
1315
6904
571
7
17
89
52
989
10169
303
17
434
193
283
489
43
1778
424
105
613
385
669
151
631
311
128
3362
144
845
9568
263
235
447
11
2984
184
747
243
4433
179
678
799
159
246
48
38
1428
79
60
2556
170
2353
175
155
3064
1325
1101
388
33
886
36
45
1
277
232
425
5493
13790
359
1106
2490
135
575
971
281
7
1655
435
76
840
71
53
177
3
1863
1928
5188
71
483
1221
197
3162
594
166
95
65
34
415
268
148
1768
19
47
218
1017
551
2958
1898
216
1022
21342
17
5174
434
1132
844
419
11
259
57
231
46
46
78
34
297
21
815
1101
34
114
20
62
886
631
122
107
1
152
3
1542
701
3442
1340
6
812
498
2788
13
4633
751
7653
3402
682
16571
1359
128
274
3336
84
18
3247
9
1411
155
1182
1417
1966
834
187
476
515
228
184
216
81
4149
36
2290
28
114
13767
9
316
2766
3
717
9875
2
2527
17038
58
8398
16978
1
185
85
2014
98
176
1300
133
3717
3719
2164
123
76
1234
6
59
28
74
1024
16
391
98
66
941
31
533
842
32
387
61
7798
1335
80
90
149
110
316
456
74
618
64
7
51
58
2
75
86
3
2084
56
627
55
910
137
260
13
3294
300
19
68
24
777
14
27
5
1593
20
38
606
22
1675
223
346
11
14
4
9
62
157
39
3568
202
4427
28
658
149
1306
456
27
209
1600
633
1131
66
1
3428
133
156
63
35
37
518
752
880
277
30
194
56
2609
1015
1578
397
721
852
546
1556
76
95
3152
70
273
2486
4873
659
870
75
83
327
310
125
254
69
19
4244
190
1392
27
148
50
1256
136
3926
3110
218
2
74
23
288
295
325
1248
310
2
189
321
688
203
57
899
8
1
60
146
1898
235
536
235
717
1
1201
148
536
493
633
19
421
186
47
918
29
951
72
3051
2
3334
2880
69
6799
1447
420
2483
64
1
102
4
77
14629
252
14
4
187
49
118
46
2347
1875
1133
84
1765
39
320
1277
629
1180
80
2875
118
655
1176
15
132
606
653
5
192
1440
4
1695
26
227
16
811
127
49
17638
2
13117
139
929
1735
14
479
293
15
261
1734
1048
2794
92
24
819
821
303
44
28
138
44
163
45
23
24
1855
4341
591
1319
516
477
240
5
455
83
79
295
36
1818
63
121
2251
54
87
1779
383
480
7887
323
112
380
194
2195
263
22
152
2
594
185
1452
69
2968
84
312
43
647
292
985
1510
90
15
633
36
11
650
130
38
13561
3076
163
456
32
4
1
515
285
268
42
33
5
93
1133
2450
14
22
2829
1070
2
997
189
63
870
1193
1
111
49
312
267
6
457
405
149
10
34
15
95
2316
3
123
772
595
117
35
1914
467
3100
554
652
161
181
1416
117
2343
1532
1701
96
577
3094
173
2433
1537
116
569
79
1905
161
23
166
331
68
38
18
40
1
4
33
280
97
20
528
1
171
10
337
1566
66
18
935
305
58
99
17
425
59
10
230
679
160
31
1542
1163
64
1414
626
12936
2720
266
410
599
243
152
647
127
67
4174
86
295
388
386
86
337
189
1494
21
202
118
7705
441
44
151
324
43
251
19
123
50
2208
443
33
35
32
180
12
231
850
1731
278
77
237
99
14
184
56
1
72
72
291
63
4401
12
189
137
7
484
633
34
10
127
10751
251
10202
480
8264
130
88
20
1123
86
138
276
1154
242
2371
1744
33
1485
64
21
196
201
645
587
125
148
1779
484
63
253
2230
2968
7
54
233
183
217
1987
4148
494
9
1164
11
279
1229
268
613
2
8
184
1
2
280
