104
1
21
8
547
30
261
9
248
37
3
4
3
27
16
231
1
1
1
127
2
16
3
51
302
94
3
3
347
364
98
2872
1
807
704
306
1472
55
54
1
26
2
1
4
1
50
230
30
24
23
81
667
46
131
3
19
40
74
35
60
83
23
40
864
77
1
1
95
1603
918
1
31
26
18
1
30
1
8
125
46
20
25
300
1
1
35
93
19
452
2
10
51
1877
1433
1
4
11
1
361
4
1
101
1844
5417
26
44
4222
55
703
1686
1140
39
643
40
33
15
1156
3
35
64
209
54
666
85
30
1242
341
20
169
61
319
122
3
2862
164
89
161
98
126
77
145
2364
100191
46982
12129
5
385
17763
27142
15380
48
5677
171
388
781
151
2951
399
43
88
135
67
152
287
55
3025
2277
630
2569
14
1018
1007
41
208
35881
269
719
429
177
49
672
412
117
282
71
35
9
150
16
85
2477
16
66
70
1
1312
214
124
125
6
1971
3553
289
79
113
50
816
413
17
24
1163
36
2
78
29
3
5
56
3507
1118
1
23
237
377
171
768
58
1
3842
899
326
775
95
101
13
540
1189
1
305
26
94
26
75
25
86
36
360
290
75
2611
8
228
68
77
44
1258
145
91
16
108
149
22
244
91
17
169
76
40
54
7
87
71
356
190
22
175
31
1681
245
155
34
16
251
6
45
5
137
955
479
185
24
129
16
4
302
70
266
701
48
22
9
10
765
175
29
1
9
1192
97
247
689
535
19
39
40
835
533
285
3
39
105
21
2
961
1237
290
91
21
87
25
179
337
37
33
3
68
306
155
247
113
30
172
74
51
191
190
15
1357
56
50
261
378
132
85
186
398
11
1671
26
2
29
402
4588
954
22
30
11
202
547
524
1552
498
2952
254
16
106
63
35
364
158
132
98
41
666
496
67
8
55
12
138
33
92
355
556
409
13
453
56
414
34
32
121
2904
97
66
1049
609
40
81
26
598
49
67
249
2619
31
15
442
65
41
150
27
43
16
990
164
123
8574
99
31
2355
5865
128
48
73
441
689
30
132
110
354
269
782
484
719
183
53
249
5384
278
710
208
74
207
13
2191
509
16
686
22
44
3
45
411
12
413
161
546
933
622
56
37
73
208
45
70
1
7
49
33
165
65
30
108
3
13
58
144
1407
102
127
43340
428
27
62
2786
22
519
143
224
222
48
666
576
170
152
124
34
194
373
13
135
12
132
17
4
161
244
132
350
1179
34
300
15
38
65
320
331
184
161
514
261
185
57
11
127
54
115
307
205
339
63
70
788
85
33
328
19
102
246
667
122
97
182
150
60
189
62
20
64
89
29
63
8
2049
115
440
113
6016
22
19
12
23
35
29
3126
169
149
94
83
31
50
21
7
28
211
1025
77
192
7
77
1004
52
47
67
45
70
170
33
13
67
76
174
162
313
3361
162
41
181
167
190
741
58
53
515
886
769
422
122
1
111
6
69
40
49
19
13
107
6418
22
1
137
51
697
29
2960
50
55
6468
766
1
331
333
203
96
1
2
4
63
354
26
5572
386
2484
1340
5949
39
1371
103
52
1
418
89
704
20
34
654
83
7
43
78
23
204
10
158
4
34
52
83
921
124
6235
1561
2
1990
1157
91
26
22
55
34
1739
51
188
64
30
397
86
27
15
263
58
31
153
1
145
1898
200
72
29
22
1570
851
1091
1934
7
320
28
750
1
27
137
8
666
950
44
5654
637
383
41
154
216
1709
1
43
2
238
11
2257
133
21
284
264
68
5
73
432
11
15458
7196
113
84
30
84
83
34
228
120
271
35
312
1518
18
12
4
1009
49
1559
5
8
2277
250
36
707
9
64
193
1
109
6
114
364
6
720
5
95
58
203
12
958
586
17
21
1295
31
541
141
1089
152
235
855
865
21
1
33
215
2
712
185
1056
2107
1
505
1690
57
230
371
253
2
1523
118
57
6
19
23
231
13
10357
14
1236
33
28
105
12
48
4
113
36
25
13
1698
54
213
455
409
794
31
68
56
138
22
1
545
26
1
256
1
520
1
20
7
137
548
56
72
98
4
153
24
359
194
26
519
398
1451
433
1972
6720
376
72
17
1177
85
2012
243
791
86
269
1
16
417
186
251
1
320
19
51
16
62
367
159
2027
78
67
84
46
39
152
11
13
859
1
1212
27
93
9
690
69
21
90
19
154
1082
19
16024
43
154
36
1122
1
39
399
63
244
1
886
1
49
312
559
4198
33
187
29
6148
106
166
105
3
38
101
110
63
50
6
92
121
13331
14
1
83
103
675
29
293
75
2250
17
93
69
137
1875
15
201
15
182
84
88
13
100
22
639
4932
465
23
12
95
206
603
231
353
887
89
952
16
176
2380
159
78
95
13
62
675
1049
482
9
18
1324
61
18
1598
1
181
48
24
36
93
92
39
25
76
75
13
23
32
1709
38
8
51
48
64
3935
5
109
38
37
69
29
371
781
159
223
291
199
9
1062
45
80
51
525
108
725
120
117
136
2
11038
6
20
14
122
96
178
8
64
4203
6577
38
2448
2861
31
44
9
58
91
1
1827
73
73
197
175
508
269
8
72
12
61
1784
83
1915
107
27
1
872
61
523
975
145
48
265
18
3
25
34
128
122
813
690
36
12
451
397
704
2185
292
59
423
80
60
191
464
879
38
37
102
6668
2924
80
328
48
1262
2102
2195
57
19
143
91
54
213
19216
13
1124
12
3092
11021
1
1601
3105
59
73
546
60
15
10
3415
207
184
27
922
90
43
13
84
56
2275
33
202
169
207
2243
26
2085
196
438
9
6
1909
252
21
6
274
25
136
80
118
7
430
44
28
224
1185
1120
147
41
441
24
1
122
26
2736
925
104
8
2
6
457
50
355
18
161
36
14
27
183
78
1
21
3539
864
2885
34
3603
168
1552
80
229
1451
248
276
37
133
76
28
6
14
169
60
217
32
20
3
212
26
284
32
57
232
610
41
139
32
73
11
86
53
3759
47
3
175
984
941
99
63
121
106
1004
40
6
125
8
232
160
799
44
175
65
259
497
58
589
386
4226
113
57
44
2650
101
39
129
210
192
60
140
77
8
718
8
2
3
135
207
1285
173
122
124
276
31
4
23
36
2577
438
81
31
127
37
94
17
123
502
645
240
1592
3
268
33
111
71
2
361
2109
4468
142
112
15
223
46
909
52
16
58
46
5
88
17
5
429
2018
221
17
212
19
106
1321
1
102
35
10
330
38
28
3
2999
37
237
44
753
69
9
740
408
286
54
103
268
161
146
33
92
110
100
125
53
1
56
495
454
310
36
221
52
186
34
23
94
238
641
142
534
2
860
39
17
3
20
39
2232
90
280
107
2302
12
122
49
2877
50
26
91
1076
369
1233
34
538
26
1131
61
45
6009
379
13
106
117
31
408
644
68
297
7
414
940
332
249
20
29
182
3
137
30
6
199
3498
59
25
105
1250
11
287
3147
5
76
555
49
3461
80
28
16
647
2399
130
204
47
47
49
4281
1390
150
87
307
230
18
1604
29
12
47
202
1139
662
528
47
95
8
37
179
1514
77
13
155
52
2236
142
122
498
80
2
66
40
363
1110
48
79
140
8
411
213
52
400
47
982
328
167
27
27
95
17
126
22
143
1
150
37
92
403
62
6
213
879
21
363
6
28
1859
2440
131
53
159
1197
352
371
29
16
34
84
184
150
88
82
39
10
157
79
46
65
51
122
1516
399
95
32
6285
107
108
40
116
82
937
1940
472
545
36
39
118
37
240
133
32
118
12
17
1230
414
242
38
14
33
123
74
5
11
550
13
1172
57
26
29
768
53
90
10
62
106
6
99
69
195
472
26
18
7
1
364
888
3
111
105
230
6
181
195
54
20
112
1798
12
117
50
159
97
33
53
24
152
27
1600
37
37
189
91
243
20
435
24
186
40
426
367
360
156
166
195
700
32
231
1041
111
11
1
30
27764
2
75
1
68
5
1018
257
84
3
200
9
11
3334
62
70
328
42
755
548
73
39
12
19
61
266
33
102
614
32
134
10
84
8
50
1961
323
76
620
2
85
204
16
2
252
134
517
50
3739
49
111
2439
17
356
25
343
190
544
58
77
55
75
32
98
43
75
58
909
16
29
96
48
3
431
67
84
1095
22
157
165
101
15
1565
25
1366
88
3050
94
20646
1
89
43
40
15
8
725
724
15
217
4
109
97
150
120
3392
27
28
47
106
134
380
55
733
224
75
195
78
84
2374
1226
12
51
508
29
122
25
223
25
65
214
479
27
683
81
24
98
273
185
1
8
244
518
325
537
4
120
69
1540
38
111182
25
64
50
34
21
20
46
112
284
41
20
1
75
34
1099
30
95
122
24
248
93
33
114
33
270
17
14
119
23
117
28
446
443
117
28
162
15
117
105
26
41
31
31
393
214
62
394
1492
1165
124
1508
761
2055
423
53
48
530
26
543
2
136
21
31
70
7
70
18
22
1080
420
8708
1
137
183
25
45
23
2079
43
41
169
16989
402
566
18
4056
387
16
17
93
4
52
51
109
57
126
1077
30
9
13
1246
293
46
154
867
2190
1
4
456
490
6582
1
1
395
3
8
22
159
13
71
370
160
4
18
8
842
14
72
615
2189
1
1812
102
1039
78
1561
29
192
2592
99
83
2
9
689
237
28
7
192
39
2447
176
529
245
109
60
7
5
64
516
710
6
352
14
310
171
63
96
1
23
717
1
2
743
51
137
697
1
32
17
7
7406
592
6
1
51
581
1935
87
3734
2130
746
7
130
119
100
10007
11
422
26
50
1
1288
4
317
128
72
210
5
15
56
43
16
168
8
4368
317
63
218
145
40
52
141
24
1
1969
67
24
749
904
573
99
695
803
59
141
19
22
184
1386
15
281
290
64
53
152
12
5
29
1630
37
388
43
1130
640
824
2716
471
161
4486
11
20
178
67
45
316
346
14
79
1867
578
1
419
172
154
1
73
292
420
5
2440
4468
477
603
279
46
2
547
56
43
2115
3
35
37
161
400
12
7
62
155
518
17
7623
27
333
582
66
49
302
67
30
673
1949
427
171
1485
661
6
194
530
1
140
75
230
109
108
77
18
240
80
83
160
142
190
12
24
56
184
8
34
205
31
457
1599
85
86
186
332
14
1141
163
88
66
2447
22
110
119
1
442
17
3131
198
86
393
3751
123
161
570
394
92
366
9
112
20
1904
145
122
22
21
12
1
310
15
471
17
59
44
59
453
1997
93
8
832
1140
389
22
1228
300
2
221
15
57
1443
136
26
21
35
27
347
4
5
508
739
157
18
121
45
263
72
584
25
58
807
50
344
1194
56
282
54
227
70
168
198
788
315
197
227
15
43
1
65
40
65
271
815
4562
486
455
2
20
226
316
19
864
298
78
1656
78
79
71
2442
58
2
186
42
22
2781
149
159
1225
424
117
2
25
1664
133
953
86
35
158
241
104
313
2265
317
79
29
1399
84
137
165
978
215
231
376
12
66
323
446
24
1688
256
26
17
112
73
36
326
15
3
177
327
312
893
94
196
29
70
14
14
128
148
1543
144
243
240
2638
108
30
75
489
384
8
1
25
2348
420
787
28
22
89
38
7
104
55
61
604
26
186
27
66
17
268
24
169
48
540
1
17
203
3
394
1281
13084
138
283
94
1697
984
859
1990
4174
340
31
47
122
25
791
43
81
7737
1530
84
82
979
91
104
156
596
139
134
168
758
371
247
104
892
4
875
1
55
198
69
337
102
181
5689
262
33
14
10
185
443
210
15
1765
90
494
382
54
759
51
17
7927
92
240
52
5694
132
2
1941
6
711
93
608
1225
62
6835
313
21
110
167
178
43
1
753
257
115
41
175
93
176
536
204
83
73
354
21
77
366
22
2
166
97
12829
429
36
55
1378
226
705
44
27
168
826
4
7
1
555
127
648
55
234
242
70
59
22
5198
6221
405
200
74
167
24
42
29
509
66
54
4
4
377
91
6
41
28
398
196
1077
802
20
1075
1173
41
1421
21
823
64
69
44
281
88
379
183
14
886
7
17
32
64
74
73
840
26
78
21
680
5
195
569
144
20
157
26
33
117
49
224
162
619
112
71642
255
5
1252
117
1138
851
562
24
142
2614
12
183
26
1788
60
321
45
3
61
101
152
77
249
106
175
157
46
27
11
98
16
234
208
521
1080
332
266
1144
76
80
41
67
470
19
1299
1043
327
26
1457
148
29
189
2354
1405
91
23
92
56
203
18
361
63
130
155
3056
9
628
73
324
886
1020
34
840
12
379
21
705
26
428
268
478
1963
48
48
392
369
3
2812
3465
308
81
171
49
317
175
96
539
1041
2407
1158
1825
51
144
139
320
315
44
129
184
297
451
31
607
134
1501
139
16956
228
3288
171
859
694
187
123
145
370
387
14
126
2
4
492
483
65
39
37
3520
114
148
471
1
43
243
239
117
2594
10
11
18
189
2
149
39
82
41
99
25
261
69
8
171
1101
131
2
378
218
30
125
58
271
48
21
152
17
255
72
566
175
164
84
100
28
417
198
94
80
224
499
2156
2016
1683
86
24
273
74
549
2373
14
5
53
45
93
1
102
59
100
194
8
143
21
204
38
4185
295
632
82
75
9
1
29
22
81
72
512
52
185
68
54
94
439
15
9
41
6
75
32
69
16
10
9
73
66
140
59
1480
309
76
4419
255
103
519
141
2006
9
20
1163
222
419
194
666
89
304
227
1002
41
92
29
235
53
196
41
524
474
384
231
60
270
718
75
465
130
84
150
486
64
39
1075
549
178
9782
2864
140
91
100
304
385
31
9
43
87
611
374
1624
19
177
531
2
164
33
355
146
422
290
11
14
518
4
15
82
14
215
348
3
442
17
9
47
774
8
3526
482
262
51
23
1
1025
181
2
169
4
719
148
62
61
22
31
2817
353
21
34
53
63
544
13
63
448
15
7
77
27
21
211
4142
5693
62
45
733
236
19
80
174
109
19
350
13
31
225
55
383
44
1166
274
127
1200
1318
407
4
32
300
396
7
327
90
11
1095
14
313
90
1232
89
15
4417
536
1984
30
10
31
354
65
142
228
38
184
148
35
75
1039
256
526
64
1
7
8718
12843
12
79
28
109
8
29
13
114
58
5
82
136
52
25
78
248
5
25
68
6
138
2
170
30
664
214
219
131
330
3
10
161
39
106
1967
73
62
11
2441
3383
171
25
275
1518
6
3654
35
15
6
7
555
20
515
1690
2408
86
25
8970
5875
955
160
16
10153
2418
14
20
4
180
1564
28
300
128
2805
10
60
19
19
54
54
34
147
11
35
466
70
537
73
1
482
1
219
1142
494
1636
6224
23
1979
1
15
10
339
107
19
888
40
1941
2
23
58
280
290
16
9
9
45
329
7
1
26
20
16
3240
399
1
2234
1899
24
52
52
2
291
27428
1416
132
464
4365
22199
43805
261
2250
259
39
684
984
327
7512
270
1
150
2272
5122
21359
477
1
21436
11
114
1020
46159
1442
74
16174
2201
14681
291
54332
52538
10757
55
233
2934
1648
484
18068
2179
12452
142
241
732
3
1
104
667
2644
4578
1719
4425
4459
378
188
371
641
119
12
74
11
97
2
206
160
329
10
1142
193
67
89
574
22
43
879
46
111
242
239
119
40
1454
74
80
365
6
62
2135
707
26
26
20
98
79
49
2168
60
4842
51
196
1
3
524
5
96
3407
122
30
75
27
105
1
121
266
65
372
49
168
1653
83
51
25
625
864
1159
382
22
38
86
58
49
22
1662
17
85
2004
169
1802
70
62
77
864
2494
86
40
42
1094
5
71
27
140
181
2772
145
84
25
811
190
169
43
549
30
157
5
889
46
320
1
625
131
273
68
7042
265
150
419
407
269
37
2
5023
127
549
43
136
21
68
55
259
60
15
142
81
3
110
1125
72
221
1
3588
130
1431
161
2923
103
82
211
377
3433
196
115
6
7
1571
121
81
5793
227
17
1505
272
7
1147
210
657
561
953
6
157
608
52
11
298
2
520
46
1304
75
695
7
34
4000
194
39
26
5
160
1
387
205
32
74
28
76
91
326
266
653
79
37
76
1
72
389
153
5
1401
126
37
676
581
300
42
894
22
77
138
48
2044
5821
13
9896
12
64
7
21
2818
11
10
18
1438
1
1
3
245
543
66
1
103
121
241
22
142
209
88
273
654
352
138
211
267
18
19
34
1767
220
198
145
10
84
146
10
332
27
14
36
135
400
35
71
144
743
46
16
15
268
170
2
85
354
7
315
37
185
53
31
47
127
56
42
587
186
42
1125
51
174
238
117
34
467
26
56
109
104
44
17
51
617
500
108
35
40
60
256
107
113
3689
364
139
8
6
84
82
1
15
36
1260
32
92
1068
514
68
9
832
15
1
29
177
112
190
43
124
6
270
694
193
38
17
33
1300
228
114
577
17
117
659
730
1
95
1609
8
99
51
13
425
38
28
40
34
967
94
141
1
49
78
259
229
105
5
95
8
150
3
240
352
237
321
178
59
3053
2075
1365
946
2428
315
111
236
80
57
324
177
73
34
637
36
6564
1
17
10
703
74
7
934
42
19
213
37
113
142
9
4356
230
46
187
130
1432
10
7421
4
9471
61
4
4391
2156
115
95
126
932
203
187
4053
628
23
212
93
78
70
66
835
47
85
44
32
2
248
37
266
248
39
497
318
265
98
16
653
27
27
44
47
1056
83
700
17
41
6
25
719
101
39
537
96
478
48
56
12
925
80
186
19
1
9
114
518
24
15
469
924
36
139
93
69
37
34
29
4
291
104
133
14
53
64
63
2893
676
125
466
198
249
1130
301
154
118
108
89
928
372
30
1441
271
261
417
448
769
100
45
3359
79
32
203
1055
225
104
30
5169
287
118
646
52
1
171
37
75
46
13
31
391
80
36
24
1087
114
103
121
83
1
144
263
7
108
39
313
99
320
126
3193
99
31
341
53
608
17
1360
141
10
196
1865
64
28
2925
9
42
1
60
622
21
1111
21
206
12
36
11
89
78
168980
40
1929
2
240
874
23
330
911
1
53
138
15
131
341
6
87
244
288
71
81
4
8
1
24
658
77
738
179
129
23
87
7
3190
54
18
39
27
359
654
165
110
102
101
149
109
9
204
242
14
41
51
23
22
63
141
54
466
190
2747
1022
3
30
69
207
86
1794
1054
1156
120
1
191
13
1940
1410
166
10326
172
16
53
101
44
217
1148
81
125
320
1
39
286
279
64
214
75
64
64
9
1
293
162
859
125
93
509
38
95
33
51
133
45
841
135
98
65
240
63
16
574
109
78
62
147
13
17
29
602
113
54
81
6566
1091
17
602
135
57
8
237
119
128
643
1
186
61
12
1357
63
155
91
42
82
665
829
41
8
46
1717
13
18
37
291
328
74
60
7
92
550
3317
265
2
336
82
30
86
7
501
25
692
229
172
150
55
7413
339
651
61
31
2367
1512
99
328
2346
63
64
22
455
53
555
21
390
4
69
369
4510
147
2708
420
1479
33
109
732
93
3
239
35
156
10
26
404
79
1798
91
59
41
115
182
75
67
189
120
3637
793
3308
1373
444
4873
7
1
1420
460
139
225
46
1033
9
244
386
531
1
55
74
329
20
321
145
447
273
1562
34
14
8688
234
961
49
118
6
1089
1137
73
123
90
737
83
85
623
630
307
11
50
481
1300
1
197
13
265
48
12
430
2424
73
34
332
226
69
695
109
3296
70
140
38
69
8
556
165
20
567
156
115
257
78
118
553
24
3
43
1825
39
89
27
465
82
69071
177
1248
138
69
16
13
1
147
14
572
552
4584
88
5203
32
1428
523
10
15
57
67
1911
266
1110
160
1557
464
50
1810
2341
493
113
323
421
32
6
268
991
9
191
2862
88
2434
1479
12
1
8
15
2
805
29
620
242
36
3
325
540
1045
44
20
28
1332
2
1060
995
168
148
81
1392
87
5
1
40
1688
31
1474
34
93
5
1
808
9
191
1
88
3
58
1829
2
53
638
195
44
37
734
1278
38
91
1
1075
9545
28
15
196
2
6
1001
81
186
545
221
35
23
196
114
306
97
69
18
194
35
37
83
55
3
75
371
378
1
127
3
716
485
571
266
59
508
42
271
177
5
59
344
156
72
120
11
66
729
8
1076
391
927
280
242
319
52
106
392
1025
150
317
133
110
77
26
140
110
282
657
52
34
569
109
31
298
52
161
292
10
184
97
6
111
282
84
13
22
92
84
29
69
69
39
1122
707
750
94
26
300
454
819
12
358
50
297
2
257
95
555
65
90
1
343
137
119
37
17
53
3627
30
25
149
152
41
32
85
28
75
214
175
23
303
474
164
82
90
47
66
78
50
37
6
150
2254
28
1620
120
72
1141
171
240
8
106
98
401
345
1233
441
192
54
249
13
217
106
10
75
263
104
246
4406
32
1098
86
144
162
69
1
487
1325
146
185
119
19
31
6
206
52
570
247
22
102
133
44
14
41
89
2022
157
875
525
63
34
279
197
161
163
186
100
31
370
2360
60
15
53
418
89
5
162
2547
299
410
202
97
22
154
26
567
571
7
8
1559
406
23
1300
2170
924
14
123
123
184
246
79
186
578
264
423
57
418
158
115
108
20
1447
8
828
120
72
42
128
62
32
111
362
192
97
25
51
24
41
32
4
69
100
71
94
260
47
31
1
447
4
309
395
29
16
188
4
62
324
2
136
163
64
380
38
172
387
339
2461
23
2
38
127
15
800
18
29
83
5
404
198
3978
98
61
11
33
116
44
35
63
187
66
235
37
169
40
73
1573
75
40
47
1
192
102
1348
321
3706
25
90
49
80
338
219
1621
435
19
96
534
29
446
145
4604
25
337
70
61
4022
612
4320
6
29
32
11
129
150
57
126
30
139
19
40
22
142
74
181
1
90
41
325
205
115
51
36
437
27
23
5
47
1
516
1265
301
96
84
2779
84
328
106
4
55
37
1868
50
33
90
102
18
1137
364
55
66
100
17
1405
295
96
239
159
1
358
71
417
13
85
298
5987
396
97
92
124
256
6641
254
105
154
8
4
383
43
24
12
461
150
8
97
53
145
51
52
43
165
53
114
103
207
2781
953
661
244
173
1476
179
110
83
29
77
38
20
1605
313
52
13
12
150
8
180
217
365
2629
237
493
74
256
5
42
31
1
143
152
62
16
12
5
53
6
424
251
43
201
16
105
439
445
365
760
92
410
1919
90
108
43
116
5
110
5
221
19
2896
346
66
866
133
169
728
35
7
32
2
7
116
109
66
91
145
1
95
1254
3
1539
89
89
734
143
163
97
19
68
760
19
83
73
149
15
10
178
107
511
27
208
332
66
35
9
75
87
545
947
202
5
64
833
39
84
573
1
140
26
85
44
21
49
205
13
41
16
62
41
202
23
27
33
1816
4002
63
1962
9431
365
294
301
32
1103
468
145
184
891
11
120
42
818
237
112
233
93
61
79
193
909
174
53
40
199
828
170
6
1
84
55
101
4
4170
157
54
158
84
362
133
116
49
153
1976
121
1
23
26
465
163
13
794
90
23
419
583
107
37
9
205
422
73
14
13
156
726
110
14
15
22
23
43
18
7
118
146
7354
107
53
85
88
232
586
4
19
19
1099
432
108
3
124
84
119
125
364
182
73
185
35
306
75
15
4627
45
75
11
17
659
8
650
41
33
254
812
76
345
8
146
249
534
48
50
81
16
54
300
2778
1051
359
2368
70
6
117
1064
39
69
136
17
39
69
60
28
765
6
6
38
2
72
522
1758
367
28
219
11
236
871
1307
154
173
59
102
164
75
162
33
368
9
28
5
36
838
175
4
29
554
14
7
34
929
104
75
116
186
149
87
21
136
1
49
104
38
262
18
119
110
51
461
1297
80
37
128
61
30
23
127
591
159
11
16
456
549
238
45
177
186
252
594
24
21
21
389
682
33
17
1902
402
39
114
39
32
1461
3
34
596
2455
11
395
491
2387
133
87
1502
272
458
7
22
282
1071
31
229
12
7935
2046
156
558
51
98
266
32
469
289
623
31
27
80
2991
1064
68
173
76
7
397
107
19
667
269
2976
382
95
93
20
3
148
696
366
180
90
109
430
187
133
537
96
356
302
233
5
185
155
317
18
56
1094
31
2
21
534
256
60
103
17
26
562
607
139
61
67
150
292
7
130
122
11
671
355
475
223
578
35
786
3492
35
50
6
94
304
478
12
3
1
95
221
50
99
13
34
189
63
90
46
322
96
92
263
164
137
42
283
28
64
46
53
21
339
139
54
75
20
74
135
26
42
132
69
53
826
147
360
252
203
53
178
4
138
1290
275
304
10
66
166
159
185
28
53
1444
1462
225
17
54
89
28
451
4
214
308
1436
53
111
336
66
115
172
131
155
2184
133
1114
24
57
159
178
121
8
325
261
26
229
5
171
74
16
444
58
272
16
74
70
56
651
141
337
320
332
285
103
263
161
11
18
419
226
24
84
1
26
264
168
39
33
222
281
9741
156
61
51
281
165
405
78
327
43
33
14896
25
28
128
50
96
10
250
10
112
39
236
22
17
37
50
174
14
66
72
940
37
247
1389
330
762
88
17
1408
1
52
41
511
107
182
14
147
9300
741
168
23
18
359
22
16
400
37
4
15
19
1091
2478
6
8
349
19
98
89
141
118
145
176
563
362
731
2128
472
2625
43
184
78
52
78
32
539
1
60
200
685
163
107
59
28
136
980
281
1
7
19
492
1
72
214
194
248
106
388
11
59
87
380
1658
111
9743
29
113
18
530
1014
81
150
2
19
1215
179
63
36
187
53
111
82
226
662
64
104
407
325
576
97
68
193
212
5
150
368
26
10
200
194
179
108
96
5
86
13
151
5509
331
1004
713
344
201
157
976
3
12
94
162
8
820
73
526
456
133
1
73
295
227
76
81
118
2
574
14
22
93
84
522
24
232
92
148
161
139
107
250
50
1427
43
82
101
33
160
50
48
69
102
111
40
3
162
276
48
2
50
314
125
19
8
162
76
81
252
455
662
64
437
30
1222
2
159
180
417
2105
95
241
34
37
666
37
274
647
47
1099
1
29
2097
70
1
48
5
54
15
12
36
629
19
1775
953
184
33
230
64
181
461
247
115
26
6
145
1328
290
100
791
165
3397
264
85
97
237
84
2192
46
469
179
41
308
114
373
75
201
322
547
51
27
454
1232
223
67
90
1345
249
63
647
23
94
419
4417
121
372
9
58
467
33
94
30
637
101
666
88
259
402
104
335
18
54
120
86
101
11
19
255
47
42
48
32
54
78
33
596
133
49
989
18539
3
167
289
275
105
42
254
11
25
87
121
74
128
239
25
360
260
90
27
376
284
4
96
5
98
88
203
2
57
893
269
50
70
114
150
76
406
40
3638
146
173
239
96
6
2886
65
61
1067
53
48
108
202
143
6035
82
9
26
157
45
13
21
36
214
29
73
3279
988
38
23
73
310
1698
83
7
115
7
16
43
17
23
75
90
68
303
199
79
206
147
17
10
219
157
395
209
9
244
135
204
166
111
37
239
432
45
179
137
43
34
370
706
59
137
109
213
675
1151
3663
229
83
281
410
468
390
103
145
7
115
2775
10
12
40
72
116
79
29
46
316
808
87
1338
14
513
152
208
61
30
16
549
244
375
12
2
746
300
60
211
154
140
90
48
257
443
24
325
1
95
576
52
89
33
58
139
82
1026
1071
10
679
377
28
279
171
1332
84
34
292
108
132
21
20
141
25
43
64
22
297
376
75
335
71
2
125
166
24
653
233
77
80
1
32
286
624
7620
5
66
23
295
6
21
16
58
161
81
2165
2459
1174
16
322
634
19
109
25
140
33
265
112
29
176
95
99
62
13
177
17
509
564
655
2775
143
324
6
68
296
51
54
79
22
24
293
108
245
38
31
207
221
183
319
229
256
92
25
170
56
121
101
630
51
23
641
175
178
119
143
68
217
892
113
68
83
76
471
18
314
147
166
228
184
53
46
103
26
122
188
33
120
44
8
18
100
1
144
85
744
99
131
345
19
15
69
14
652
109
3
1472
2
352
3
463
220
82
33
66
195
1010
119
52
306
247
232
28
371
80
883
132
199
10
118
1
29
25
40
16
9
208
23
87
202
583
32
116
29
267
56
423
84
171
106
219
9
125
451
330
12
41
681
126
321
27
4
4
1
46
66
135
1832
239
821
663
1214
183
67
1
920
74
10
1981
64
137
17
83
24
676
634
299
67
335
195
161
25
1
1
77
176
200
4
797
47
44
1
5059
275
37
87
22
276
461
3
218
121
636
57
55
560
144
90
121
83
43
1282
1
11
52
1836
61
31
604
85
88
1
434
126
540
371
254
242
887
270
486
300
12
153
75
937
2
507
100
279
105
322
640
12
34931
282
20
119
30
86
645
354
278
26
971
231
507
11
29
42
25
16
60
173
11
467
61
55
60
18
38
22
45
53
47
13
1056
1919
82
97
51
4
29
67
8649
735
205
68
169
73
30
257
130
1415
27
600
232
50
91
298
8209
4847
35
6
1
27
125
763
5680
7
45
8
5
479
38
2972
209
45
137
15
2560
1
791
342
129
1
3
705
1106
79
28
31
690
13
213
121
7
3138
656
75
577
163
144
14
251
18
2542
38
312
97
10
497
92
59
116
43
107
22
75
106
1
24
39
22
3
1237
21
1530
53
2284
404
256
492
29
957
44
26
43
82
179
1
12
870
113
524
90
1473
6
438
23
346
71
11
257
34
319
242
59
164
2325
3896
70
501
26747
39
4099
5
48
41
631
32
77
200
126
16
27
46
40
750
31
21
256
3
91
3
251
855
348
27
96
472
7
123
18
2
55
43
215
7
5
19
147
842
1
58
181
499
4690
64
767
4053
13
10077
2617
14
1
3
153
