1
19
3
1
2
10
1
1
25
125
704
34
75
33
37
10
95
13
42
276
12
27
4
2
33
192
382
184
94
15
59
177
234
929
33
58
3
10
874
10
2926
49
18
53
433
120
4
53
156
91
17
253
3013
43
571
247
18
12
216
29
46
4
90
184
49
282
53
124
59
250
9
38
1091
2
8
121
6
75
117
13
1
1
34
56
154
21
632
76
218
5
13
289
590
95
58
6
1
13
33
13
1
73
205
309
78
3943
3
379
72
105
10
4
1
998
130
1115
16
1772
4
340
399
18
59
6
7
44
47
16
17
159
67
2
179
51
1052
7
66
1313
12
186
14
438
10
11
27
34
79
3982
1077
124
19
4
625
265
121
185
216
279
165
228
267
157
220
2
163
213
144
284
136
225
241
216
108
170
95
175
240
23
181
366
199
529
174
74
50
211
436
210
2
219
245
3
192
316
2462
23
166
214
188
1
504
71
2
915
2
13
19
112
13
217
987
435
77
33
93
87
15
335
1
1
13
8
10
3
1
56
23
1973
43
22
2
191
33
3
215
140
6
97
134
7
6
4
9
25
165
25
107
206
1207
216
209
91
777
218
2
178
71
47
703
247
617
444
1429
129
7
527
40
13
58
402
1824
157
7
399
21
39
1363
7
1
109
185
27
7
82
2452
16
7
1250
10
41
5
189
10
177
7
211
2360
11
3
32
1797
514
518
217
264
1
1343
169
12
5
8
341
36
236
19
127
25
15
18
183
747
704
44
96
132
114
35
34
4
43
1
1
470
2300
13
32
45
14
2
1
552
53
82
452
5
181
972
46
6
392
52
634
732
520
1
236
4
37
106
494
453
42
3389
19
51
97
695
91
61
78
637
219
692
224
230
11
284
36718
21
606
217
127
127
67
6
170
6
5
62
7864
3
1630
2
7
12
1
55
15
23
16
33
17
157
8
34
69
40
4
266
4
92
8
31
49
10
214
23
2
13
20
1
203
189
370
59
95
166
183
192
6
199
137
5
163
232
130
187
1413
6
13
1
54
174
168
37
178
251
651
277
125
747
107
154
15
22
182
448
92
835
94
12
31
260
178
205
294
99
260
27
218
238
608
6
1
312
216
358
1221
10
20
201
90
24
1
247
63
21
95
395
75
85
211
501
173
439
181
7
5
4
172
175
1
6
187
117
52
95
105
158
237
170
647
17
26
179
59
283
63
189
2
114
743
27
61
947
936
1
200
52
230
223
211
91
314
11
51
121
221
17
320
135
145
1848
17
6
23
96
23
12
607
36
1
49
95
5
3
16
187
33
14
1
15
30
27
13
22
1392
382
1
62
166
4
187
634
198
185
271
1090
211
9
578
9
198
223
166
260
45
98
706
543
95
191
91
187
136
199
192
72
71
1903
190
124
95
12
230
388
2
15
183
191
179
92
222
178
129
7
230
223
131
4658
292
