1
233
31
1202
54
56
58
71
43
140
13
77
59
25
380
45
243
428
9
115
2226
11
14
10
1654
14
5
34
129
20
1557
54
65
151
34
221
23
9
15
53
559
174
73
186
1092
23
211
1
84
55
51
9
12
84
360
48
94
660
430
964
54
25
46
366
95
5
90
23
282
8
75
7
34
29
819
78
451
155
407
194
16
9
25
9
33
7
1194
265
383
1
23
104
11
8
2246
672
112
11
276
6
357
281
286
27
14
229
34
25
41
308
70
548
93
4
162
1
303
939
28
182
795
124
30
172
800
3
1373
55
3
378
412
440
69
915
27
190
71
42
74
56
145
30
91
30
19
1367
229
131
29
100
56
254
75
181
115
645
267
50
188
34
86
126
162
393
2776
828
33
56
57
587
125
449
3150
1138
63
228
210
1187
100
345
281
29
234
18
139
22
33
85
668
74
7
272
89
21
463
96
590
120
4
48
348
115
74
16
11
8467
20
315
41
3390
140
1027
91
25
67
14
144
7121
20
87
423
43
25
56
103
41
313
13
7
510
169
578
1221
48
271
119
28
1391
1150
220
661
18
27
81
505
342
285
148
285
274
11
13001
179
14
143
153
328
198
506
78
527
2653
221
1713
189
329
15
16
4498
104
64
2
316
2894
167
238
1153
156
148
522
5
122
425
724
28
23
964
162
37
168
1276
420
92
438
526
47
64
18
5
27
390
321
190
8
11
51
108
24
10
210
1668
437
165
276
3910
597
294
8087
11
211
582
181
180
104
228
126
4774
2035
320
169
387
495
248
2158
114
366
44
24
525
1836
85
191
422
37
6340
297
42
3
62
500
849
60
194
116
88
405
307
84
53
202
1
191
17
196
14
411
19
52
1434
459
58
139
35
145
95
33
76
10
97
1392
120
126
1577
12
206
29
1374
131
386
2060
68
2108
3229
58
1155
2401
38
1415
666
4817
67
16
16
503
138
1678
513
599
183
244
846
680
1066
12
124
1135
2259
1867
164
1273
251
136
1742
456
242
2314
1949
723
192
10951
22
33
16
481
102
11
256
1
106
4
9
216
15
93
19
119
455
248
645
21
683
95
239
39
124
530
112
16
58
49
670
195
71
23
1261
313
43
10
123
1840
92
969
67
45
96
221
78
10
62
5
150
131
18
2050
128
16
196
6
141
10
17
510
10
912
67
604
705
137
472
17
1109
1498
1020
113
84
143
24
22
373
14
402
9
140
43
211
117
768
499
832
53
1019
34
283
648
3
1206
128
787
75
263
635
113
70
837
222
14
344
290
40
15
14
873
41
99
198
508
4
117
310
45
131
328
61
746
4
833
36
1174
526
1
6
643
1
2
349
732
201
68
189
23
47
28
16
269
36
4
346
4190
213
216
17
207
26
262
33
299
306
1409
259
247
644
125
309
341
179
107
279
90
81
138
231
976
195
241
547
232
225
420
312
141
430
64
217
345
615
58
221
387
90
6
24
47
956
216
65
8
378
288
611
484
728
123
63
538
46
272
51
228
711
91
68
382
75
337
795
279
1091
217
582
52
67
1
877
3
208
800
101
5792
880
112
202
92
727
105
865
212
47
847
62
2037
5
319
402
1684
55
7
1396
9
223
1404
15
38
52
7
56
397
16
32
9
9
27
228
210
401
28
219
263
227
533
302
47
686
146
309
80
248
263
29
23
119
43
4
32
333
7
3
396
375
175
418
139
401
303
69
327
3
195
214
322
385
344
91
486
219
279
229
311
255
236
529
150
3
91
5
80
160
58
48
186
45
4
108
159
271
64
449
100
66
96
439
33
361
19
259
286
12
513
35
20
56
7
1
210
3
66
172
79
91
174
96
329
24
154
114
9
67
233
299
489
161
213
256
59
529
578
89
1666
5
401
11
189
102
981
31
13
19
1041
48
643
243
41
16
15
27
15
13
19
275
418
386
63
79
49
23
28
3
775
381
6
122
10
3307
21
947
316
570
713
1
468
181
260
17
425
3821
440
9
154
1
19
1001
75
14
279
10
120
462
95
279
795
94
640
47
48
913
10605
194
9947
971
997
466
269
295
270
477
324
151
423
1
28
596
1073
1255
1074
137
171
13
213
333
4
160
240
41
329
186
13
233
86
454
33
230
94
909
263
5
453
37
23
136
86
1278
246
142
379
10
241
86
42
395
807
206
218
91
71
110
38
18
45
63
120
485
197
822
14
122
48
207
16
163
318
75
115
25
158
12
1169
110
120
991
765
130
435
276
1390
1346
1347
538
203
42
53
166
832
455
237
2
6
184
583
8
168
233
9
18
335
25
191
7
129
630
379
35
394
140
31
34
19
10
5
5
47
1731
52
52
1467
128
385
473
175
822
101
5
92
54
153
637
325
143
359
71
109
26
791
14
1403
10
5
77
1
683
69
64
62
105
35
58
756
197
10
19
421
25
195
140
797
175
564
466
190
47
34
906
25
27
23
1434
498
71
1405
141
74
644
24
952
118
50
50
14
125
172
420
43
269
31
757
100
102
219
385
509
70
333
1022
487
2
459
398
5
8
370
91
64
562
1711
530
2574
172
518
22
30
7
231
20
383
112
350
98
4
205
1089
3838
712
3
106
601
151
570
859
213
263
1263
1679
358
82
400
1023
215
2
103
125
236
124
309
886
482
255
1407
142
393
1645
25
613
21
1671
288
929
411
303
837
301
450
203
39
1949
6
4
77
44
462
48
163
870
1484
549
14
137
24
278
71
14
34
195
8
137
258
41
45
330
274
402
830
320
533
101
353
666
4
25
31
1164
149
173
72
42
13
35
91
10
6
471
14
106
63
1433
683
108
231
84
924
177
78
35
385
70
9
85
54
636
975
463
86
4
1157
275
251
1586
3327
136
442
26
44
102
1
251
1800
354
734
595
8
141
42
108
20
99
54
483
37
66
29
473
546
14
68
22
359
6
352
104
29
382
32
53
353
246
55
215
1173
545
74
38
385
63
186
41
137
5
665
10
14
50
3
254
2725
185
12
405
32
213
49
95
234
90
192
221
217
219
213
333
265
264
33
50
146
408
2
129
5
36
160
434
898
14
30
66
382
215
24
3029
1234
1459
13
37
47
234
476
5
18
63
20
424
154
91
279
40
14
786
35
104
60
24
497
137
35
15
4
108
38
13
196
1005
20
254
381
11312
39
346
301
38
5346
131
1353
77
211
746
33
1871
1
42
46
145
77
148
184
6
1342
9991
109
207
9
996
403
65
424
57
1321
704
68
95
7
191
467
93
351
284
974
363
1
235
256
1
1
257
7
306
58
632
209
376
62
6
45
23
427
136
48
59
534
5
470
83
45
77
542
83
841
29
61
66
1711
16
991
390
1612
60
336
237
238
155
19
844
105
9
52
37
46
25
62
367
412
16
957
5
25
126
42
105
349
69
128
204
246
171
165
243
246
31
125
40
423
48
177
8
16
34
340
16
776
118
316
148
208
760
181
269
423
2280
3403
121
272
28
8
425
443
202
248
14
531
26
373
146
127
193
218
29
4679
1520
56
119
175
3
21
301
2
23
704
1387
80
249
119
164
136
134
565
161
372
214
195
91
142
1
519
776
80
218
222
8
165
53
14
47
4458
42
448
214
235
43
793
28
472
16
461
665
29
304
103
78
395
220
10
300
288
250
6
171
13
19
318
508
268
44
360
427
206
124
128
238
131
202
186
3
224
90
1
321
252
14
245
553
214
237
96
185
90
2
284
39
94
12
212
228
208
4392
128
96
130
416
121
126
7
181
129
76
49
1
120
52
8
113
215
200
131
522
36
331
121
186
122
130
1339
135
5
534
91
251
219
232
85
218
75
490
30
213
210
190
218
30
210
184
27
205
126
133
199
108
22
122
242
238
66
305
