5
184
79
31
133
104
731
85
1453
163
113
20
955
11
45
325
9505
163
4
115
107
685
3
12
84
280
203
216
66
155
163
220
910
1
577
47
120
136
241
16
219
19
3690
1306
33
133
55
416
69
621
321
111
20
134
1316
318
56
85
210
246
19
155
3523
151
131
445
282
803
210
28
176
244
1
19
438
1
153
237
343
223
1442
161
22
1155
3401
29
66
10
127
337
34
145
2443
1
184
95
25
232
351
1475
208
1343
240
261
335
120
295
228
68
144
188
219
2
126
231
305
265
95
237
392
1
18
530
318
89
1
3
126
211
210
235
464
145
90
155
112
5
213
271
10
48
236
48
19
57
326
777
359
66
1
120
1
236
263
15
42
30
232
2880
222
622
239
578
41
94
2790
92
415
108
46
51
24
12
12
131
253
45
495
101
247
177
6
149
446
348
133
326
99
544
167
372
657
12
123
261
282
355
621
411
72
317
4
78
7
350
26
711
1163
711
280
415
47
18
3922
519
122
153
854
25
157
7
192
130
2
22
953
414
285
282
1522
439
1772
5
192
1742
280
366
815
297
47
482
1944
1744
1188
1495
510
186
254
365
307
362
94
582
641
299
435
895
95
91
171
28
406
15
152
89
48
18
129
179
314
78
1284
142
153
908
666
216
222
2839
90
147
2
708
508
12
106
1062
315
100
2
445
132
154
516
25
26
87
14
249
633
30
91
22
229
858
68
406
187
61
13
306
761
16
309
189
771
194
15
796
100
24
8
1190
176
75
105
166
84
376
212
623
62
202
75
14
1
235
283
135
92
241
255
464
3
311
528
211
9
117
279
311
322
244
152
277
95
7
21
420
223
341
253
280
99
229
226
211
164
288
1212
132
67
236
281
3648
90
1
91
307
376
181
89
90
216
357
335
214
378
248
309
189
31
235
433
496
8
267
598
219
368
1
244
189
228
415
194
127
302
207
147
196
2687
1475
22
3336
343
306
171
188
108
179
306
1
372
365
15
1114
333
22
1
118
2
90
433
304
148
195
345
2
87
59
121
48
602
2
222
1
2
111
10
1513
155
283
90
664
27
259
13
248
208
91
398
25
51
100
347
32
52
15
251
551
83
684
215
21
94
494
527
106
1
173
202
185
39
325
222
188
570
407
321
213
1
107
283
68
1723
653
74
23
24
8750
96
576
36
658
15
221
1000
251
568
224
318
296
100
483
279
220
232
1018
1140
851
44
793
847
241
104
679
215
42
57
223
189
421
231
76
526
40
95
42
95
278
1117
217
390
43
442
28
390
249
1633
193
15
254
4
9
45
177
147
186
212
185
112
128
218
186
138
16
488
9
195
156
104
12
28
271
98
18
310
892
245
23
11
534
739
181
354
1086
432
1255
1089
102
388
141
1452
57
250
112
2
203
461
15
219
280
124
14
450
1051
7
68
5
92
230
4
563
221
26
59
1
90
7
411
113
134
138
195
125
484
61
1039
1
12
78
38
35
1
216
183
213
1242
289
175
1456
46
327
515
255
152
7
447
279
2
10
128
51
227
65
198
439
312
441
469
251
23
77
1
1563
257
751
123
210
151
939
529
33
648
183
26
248
1272
34
215
369
34
76
14
290
444
36
152
18
25
22
5
997
4705
43
5
169
278
89
1
742
1483
16
189
10
5025
1275
29
194
50
101
967
275
3
659
11
71
193
43
664
314
3
1
68
1
200
5
233
167
304
371
52
571
1
11
898
36
217
217
178
161
108
127
146
8
8
21
398
281
226
14
4
801
25
685
2862
21
1
281
242
303
1215
1
141
5489
135
402
62
13
106
48
49
84
70
25
226
131
203
353
55
268
293
20
27
20
152
750
121
33
132
2760
348
73
3
738
240
44
102
281
124
248
53
804
230
121
281
205
57
633
233
54
365
91
205
383
7
263
210
97
183
152
202
129
154
5
1313
1
6142
264
46
56
1054
169
27
401
1
67
235
46
51
626
274
179
75
8
276
14
96
219
1158
33
219
222
14
133
372
39
332
82
64
286
902
2
553
990
26
153
11
584
300
154
99
1
164
1352
34
1940
102
3
912
113
1201
305
1167
397
108
69
224
40
1084
83
2939
1212
240
234
261
180
253
125
353
215
214
110
372
192
178
476
226
212
1
239
224
162
91
196
272
283
370
217
13
1
95
166
306
142
150
244
315
75
13
222
114
25
140
890
428
231
496
1
273
269
256
62
18264
61
269
162
552
3667
143
321
59
769
263
42
27
238
108
143
97
46
1206
283
1
1529
569
165
56
3
28
169
177
59
295
23
50
704
79
29
16132
1001
266
1808
45
620
495
205
305
116
279
30
3462
245
281
225
35
96
1037
90
174
2
47
132
156
84
60
1
23
164
95
326
236
88
283
765
31
134
2
81
10
67
277
154
4576
218
92
792
791
825
11
228
74
1146
1125
223
1658
1172
125
151
330
732
229
215
205
2135
122
953
714
623
161
187
290
91
208
253
254
205
219
220
175
834
63
157
1
61
389
272
208
218
1158
237
184
245
2
194
1417
658
92
153
147
120
132
1145
103
679
321
93
159
43
8
116
166
1133
1301
1082
253
5
139
152
191
48
277
228
326
99
402
247
320
372
3
312
278
62
338
967
55
32
1028
14
137
822
137
125
744
592
128
210
331
824
244
107
237
299
140
152
186
53
300
50
6
625
1
12
73
336
302
272
1
22
77
1
99
491
201
126
2226
220
16
481
116
141
583
2581
262
637
232
257
177
120
129
65
125
1
219
544
131
582
202
182
1769
46
170
473
973
909
218
790
181
1
219
30
506
183
286
436
616
257
397
3167
233
88
211
199
21
136
1426
16
66
1877
1182
420
1193
320
606
138
2427
259
55
401
294
116
222
121
126
238
223
4
29
78
151
230
35
167
36
542
156
83
80
791
481
154
227
274
309
171
98
222
126
176
314
182
124
195
496
21
249
60
6
282
272
1
419
4
706
954
1048
614
675
74
289
516
208
175
443
2
127
2064
95
90
626
859
282
121
297
94
181
204
123
350
1389
961
185
188
1192
1
58
84
1
225
237
501
100
388
58
367
5
172
827
41
223
36
498
209
147
188
949
185
239
112
126
275
216
420
482
108
3822
426
222
5
122
572
202
265
11
341
1368
232
193
242
181
1000
646
36
205
281
123
288
193
181
254
459
41
310
3
625
45
212
114
290
1274
237
291
164
3
411
240
173
