136
1
327
1
85
191
3
2386
22
342
69
31
246
23
381
104
7
125
34
46
15
2
8
5
13
80
285
720
117
164
983
87
97
208
398
45
219
112
1640
11
9
27
1
202
201
422
23
769
256
1
17
518
3423
22
266
21
99
145
541
93
214
220
476
18
14
192
568
373
25
712
147
76
130
22
1041
189
82
29
1
118
18
33
6
26
1
21
1283
46
1
1353
379
242
45
30
184
2418
28
714
61
56
341
115
2
115
7
352
11
25
1
17
1
236
217
202
6
2038
6
1
554
283
152
129
154
8
52
31
112
3
384
713
484
4
183
9
336
42
276
72
292
713
43
2021
25
58
185
51
184
169
433
1
453
9
680
2
95
189
235
64
181
116
769
48
219
340
856
253
962
129
89
1
144
5
579
90
214
45
220
915
1078
2
10
191
218
91
32
896
167
578
95
95
332
111
150
212
217
262
247
98
251
91
214
197
350
96
185
196
277
117
206
188
218
105
8
246
49
226
197
139
20
229
247
228
229
122
214
63
332
91
26
20
27
351
11
1
280
13
4636
79
8
296
245
901
19
547
2999
256
414
7
203
319
12
103
368
116
230
47
2
12
916
15
526
7
178
17
894
59
127
179
480
155
216
107
588
438
195
443
247
312
116
5
155
24
122
11
4
295
83
1
1516
2363
91
83
5
54
188
26
11
297
89
588
22
122
95
3
66
43
42
180
94
60
99
1335
129
61
934
691
91
93
24
10
34
12
128
364
171
243
3
9
6
58
211
259
10
5
133
234
2
13
68
12
169
58
320
10
702
115
47
60
2
1194
22
226
211
11
180
10
561
231
1
2207
3
65
351
95
1996
295
240
216
1137
331
718
154
184
33
23
252
7
215
212
114
144
39
939
272
32
815
235
4
216
31
6
36
635
25
21
451
552
1384
1754
4
89
24
59
9
25
150
270
76
679
77
7
2569
213
32
12
450
210
213
3174
34
681
101
34
1
28
1
56
359
9
14
115
247
20
4
7
23
51
105
31
69
161
96
43
2
261
647
39
398
61
218
14353
18
129
61
3
121
225
9
92
18
238
80
18
750
139
318
37
115
222
33
174
222
212
10
20
73
10
474
221
400
133
175
1
29
3
70
37
418
34
179
165
327
2
216
1197
75
45
105
1
38
54
993
135
6
12
13
33
133
7
141
5
7
39
24
32
332
26
152
123
14
136
201
314
154
93
1
218
241
211
27
209
18
72
126
445
61
9
371
218
25
181
137
9
235
457
234
144
272
2
47
33
155
191
4
61
122
31
219
221
200
284
292
1
149
195
7
2
31
50
215
95
2379
1371
103
128
4
219
24
4
193
31
17
231
93
174
119
285
1122
145
216
3
267
489
186
62
532
102
10
254
340
3
92
22
206
183
17
466
212
13
53
23
175
10
285
62
178
164
91
144
17
3
419
269
216
227
95
73
12
4
197
219
277
7
1
257
6
1259
273
4
2
468
3
18
198
3
35
301
128
129
168
310
186
60
95
67
1515
929
1
41
99
64
36
73
135
16
30
79
5
83
1
95
217
215
192
50
24
206
123
881
124
76
122
130
82
92
48
23
91
212
274
350
118
230
2347
210
239
156
2
129
273
132
204
19
217
90
124
238
218
232
251
91
852
216
242
213
273
129
184
388
439
36
211
5
547
126
3
85
234
218
1
97
19
18
4
22
90
244
207
13
211
215
180
98
6
211
199
92
365
147
293
212
70
217
24
220
90
194
