95
2
61
418
21
71
1
30
84
82
546
27
5
75
75
63
53
75
15
4
75
30
133
9
35
21
354
43
1476
21
434
50
203
96
76
9
481
417
380
434
30
27
19
138
295
107
7
34
677
393
3
74
625
49
16
428
76
229
6
237
16
26
118
1
609
8
125
102
396
75
131
101
139
5
198
156
127
86
17
716
1
62
331
261
261
7
4
100
211
80
479
18
206
489
75
63
136
26
176
13
76
43
7
31
28
198
76
97
1405
75
201
4
75
1
94
384
82
76
1
16
67
62
630
600
772
109
49
12
95
422
109
111
22
136
296
223
103
523
854
85
30
40
411
76
51
1
643
3
75
564
287
451
247
545
21
23
94
68
241
70
70
80
265
9
1091
88
190
99
59
12
740
73
202
561
230
322
87
7
75
144
76
204
238
109
203
80
205
63
75
227
7
121
17
1
497
75
6
485
67
106
126
10
30
738
123
210
364
622
60
195
1
1
72
1139
37
38
75
399
140
73
74
191
75
75
102
75
71
81
223
73
560
413
453
126
221
71
203
75
55
856
1
21
136
592
76
35
72
10
112
46
536
392
2
18
124
365
47
56
18
6
11
107
75
75
450
330
71
1425
44
89
3
204
129
12
3
3
95
130
229
75
548
699
194
84
10
632
71
1
393
131
39
5
643
72
203
378
136
30
19
78
140
399
53
10
490
145
1
167
75
56
10
11
383
1
692
83
81
236
80
36
9
98
507
83
18
75
5
50
24
5
71
21
301
128
1
76
213
221
62
81
624
5
378
13
208
2
798
68
286
47
77
6
13
1
72
99
76
3
4
222
91
194
75
128
3
8
284
10
110
4
58
25
709
49
140
616
65
5
88
17
64
13
49
572
61
260
16
444
75
361
1
10
72
19
550
239
75
76
94
75
215
72
114
928
66
77
85
831
72
9
336
140
401
361
6
33
76
97
316
77
217
27
115
35
170
86
217
218
76
181
171
81
54
537
75
1102
72
74
73
76
44
2
567
78
75
223
107
212
215
1533
489
76
71
78
7
127
314
24
109
18
229
101
322
76
40
1
314
50
1
219
545
196
154
76
167
75
76
119
75
85
75
205
75
98
351
80
286
75
135
21
190
374
96
127
76
74
71
76
75
2
