8
715
121
1
200
106
44
398
95
716
75
2869
35
16
82
54
17
262
352
306
17403
1
568
26
9460
1178
75
20
194
758
15389
413
7
12
223
390
27
822
2
1
38
65
3
1481
728
1428
7
1294
351
78
74
24
39
94
140
2121
31
152
141
199
31
113
19
93
34
104
3476
25
22
552
3
2
2842
1275
260
1213
75
66
1671
20
312
1447
1
79
477
55
3
60
193
4
1
142
594
824
182
128
23716
513
316
183
271
64
3
43
253
1592
55
417
471
511
674
65
882
5
1
764
226
75
306
82
10
295
2453
3214
486
9
3852
209
24607
318
20
448
16
12910
183
455
434
252
77
21
7085
785
3
8
41
53
90
160
87
80
39
202
1574
596
168
219
1401
380
51
563
1604
32
3883
222
271
495
200
6790
28
13820
130
4175
76
3
218
85
1216
364
51
14225
62655
219
2771
75
260
90
213
6123
98
977
121
2
102
302
440
112263
446
214
4416
47
862
4
97
75
7
41
160
1
61
280
1327
2309
37
166
1592
93
621
173
105
284
187
13
751
2
80
621
404
141
1794
40
73
92
130
698
7614
1121
5941
802
59
525
37
267
277
336
1
35
3608
4
738
5
77
1
155
7
104
44
29
44
1
83
107
1
434
109
24
14
719
137
285
103
20
1100
120
2094
2895
98
601
235
2
879
84948
35
7
86
1
1115
3
18
4
77
10
60
108
1
523
2612
2713
316
787
245
738
120
3657
119081
53
15
216
3541
1
1076
112
1001
623
755
5218
42
325
213
188
209
279
97
68
63
73
1
79
11553
90
2
101
64
117
38
1
214
6
1224
296
443
2742
70
1071
85
471
750
108
257
32
697
217
53
104
19
299
691
1054
21
1329
206
8704
3675
1
521
539
301
1
47
241
38
552
30
75
37
32
432
113
87
20896
1154
294
26
145
1378
84
2
235
323
91
4
683
216
238
485
72
1405
9325
708
1
330
31
834
5
1
5
1519
311
80083
378
116
72
94
6
9620
1144
675
75
870
2476
904
176
213
323
45
1539
285
455
43
790
32
52
9
740
425
11899
2
76
299
579
82
48
315
531
286
1174
4
37
55
1621
3017
18
1048
557
28440
1
11
1841
17
157
64
105
90
180
1
26
1
6
320
106
48
24
14172
932
123
37
2
25
2136
20
108
1645
2559
947
129
54
59
277
143
125
359
87
799
192
9
195
3010
44
5
1
220
7
317
70
200
6
22432
419
3
22
15
2029
4
57
357
73
79
292
1589
1049
1
13
315
4
48
293
6
21
95
6
2510
1
31
6
595
58
71
242
7
10
37
53
120
128
326
380
73
2
1873
3
21018
1399
29
802
273
1240
89
2
827
17
37
129
2
368
25
121
47
61
3
391
238
10
1752
1021
431
6815
6623
1494
3116
1435
1292
10
220
825
271
81
184
3722
1521
95
202
1569
213
91
257
182
1
466
163
75
72
230
75
75
75
76
182
272
71
201
72
75
542
30
69
320
93
241
178
281
59
74
849
77
75
75
1
89
71
74
5
236
111
76
675
123
76
129
485
54
130
564
163
999
292
166
613
157
1
4
