17
41
26
12
1
30
31
13
2
1
86
7
23
44
3573
205
102
4
7
1239
70
9
4
12
11
21
174
24
351
1
15
421
56
158
145
1842
784
21
12
1
12
28
52
26
74
41
45
65
135
6
19
54
7
39
8
4036
116
47
10
39
77
624
5
29
161
5
65
82
39
25
81
55
52
201
82
23
74
4
87
617
29
73
123
302
360
1
1831
29
86
18
27
450
296
1570
41
17
37
164
28
345
20
35
46
45
17
15
15
11
29
89
3
12
16
5
1
141
152
18
1227
31
6
29
5
569
26
32
26
28
59
5
49
1
21
20
20
3
54
305
9
53
40
24
31
40
38
204
12
7
8
21
11
705
58
4
97
30
4
7
102
484
2481
192
416
8
42
224
6
10
1077
15
16
492
10
52
30
104
1
187
3394
18
89
185
25
6
7
3507
35
26
8
7
44
5
540
6
46
15
58
41
7
27
9
11
14
12
149
377
84
8
16
22
54
2402
21
29
13
8
23
8
19
1
52
740
43
20
50
132
11
161
13
122
2
13
790
27
25
6
406
1
49
1
56
14
8
107
85
168
94
7
14
92
11
35
9
23
90
202
43
12
13
3
75
4935
59
9
21
34
267
3
12
134
266
5
7070
20
4
3
12
31
944
78
78
22
4
47
298
11
223
1
19
130
65
44816
8
17
97
173
101
628
1
52
491
24
365
4
94
14
9423
7296
1
23
6008
19
71
1065
86
12
1525
21
140
10
65
10
7
13
47
44
2669
285
326
1
30
99
18
4889
106
9643
16
36
999
75
512
8
84
572
38
98
63
1281
100
35
89
46
4
43
1
20
13
55
205
18
675
235
36
18
45
4
3
16
68
111
28
19
1
552
17
23
69
1
15
58
35
560
10
31
3816
19
13
334
196
14
67
8
311
2965
1
22
55
90
12237
14
9
546
47
15
9
26
47
21
163
10
17
31
501
14
61
11
181
79
201
100
18
43
27
459
31
29
6
41
912
16
54
11
36
59
408
96
105
72
95
25
1984
29
51
1
32
29
2
33
102
1
101
6
1596
1689
71
14
134
66
375
57
204
10
4
7
17
1463
13
8
15
1880
225
117
16
5899
35
68
78
188
12
4
6
22
3
19
28
22
33
976
10
499
21
140
699
91
28
127
28
9
26
8
18
53
44
66
201
22
2
2667
36
63
22
4860
21
1
2
9
820
91
1
118
38
10
447
253
21
147
1330
21
1
346
18
30
69
20
481
56
17
29
54
17
239
15
1
23
21
34
8
27
32
17
1721
68
64
52
53
5
12
676
1
75
965
301
297
69
11
144
44
33
32
11
8
138
5
9
20
215
63
662
114
366
24
22
997
29
67
42
38
20
4
154
572
36
73
52
11
34
326
88
1603
881
16
406
1317
50
1666
44
10
217
53
8
6
31
156
138
8
19
34
286
8
10
8
55
27
2268
137
34
1
19
2
8
369
7
17
69
45
24
18
1928
73
603
32
16
213
22
1
80
27
286
48
803
5
62
7
23
35
37
2862
10
206
32
32
36
27
2651
54
30
19
18
13
1205
9
1
42
10803
18
23
1010
87
50
3
71
1291
16
17
1
144
113
12
4
56
32
17
15
9
215
17
1
8
31
76
111
2
12
14
10
28
15
3862
8
79
8
21
218
172
191
61
13
77
44
60
170
1778
76
4
7
682
21
1853
52
27
13
9
11
33
825
1
14
261
21
125
924
13
14
4
19
1
10
324
12
72
21
90
132
24
16
208
759
1
247
60
9
19
24
175
997
2499
268
10
17
3267
18
12
3
118
11
17
23
13
130
15
6
4494
85
996
1
5051
25
380
353
3334
45
196
108
6
7
48
75
22
543
13
6
1
6
94
108
1648
5
14
465
4766
20
21
153
29
90
15
124
89
18
28
130
28
28
20
6
41
19
1403
262
151
40
18
17
13
82
10
8
36
26
71
21
17
18
15
35
66
90
12
19
189
7
15
30
38
233
39
34
249
654
11
1
3
24
30
101
2382
32
19
307
266
30
76
4
17
24
9
25
23
63
41
28
13
966
39
6
8
151
2
4
488
361
17
52
1510
57
379
123
15
19
13
689
9
24
80
404
8
109
88
1
35
1020
29
13262
7242
42
49
51
37
14
361
7286
27
46
6125
25
628
12
3549
63
70
99
31
908
244
3
200
23
17
451
127
14
99
32
80
34
5
17
3
26
75
8
83
34
24
39
44
253
72
26
365
67
54
73
2
20
81
312
4
983
247
83
25
30
17
559
11
24
32
28
19
25
12
6
98
12
311
15
20
169
79
1
11
182
68
22
171
24
40
9
243
7981
25
33
26
21
913
12
3
75
24
17
664
13
84
18
8
10
192
12
12
8
18
29
129
35
16
103
95
40
77
15
211
435
29
74
7
5
23
3272
22
118
10
163
18
40
48
9
28
28
1239
1
57
134
33
3
1
10
4
26
305
102
19
43
91
20
21
44
404
39
158
3619
3
62
17
51
13
191
9688
68
662
259
21
11
327
16
39
19
8
20
14
6
4
13
66
149
1
59
12
9
9
44
14
16
6
16
17
15
39
17
23
97
59
37
4
8
34
39
54
10
96
13
10
683
13
19
101
140
55
39
17
3508
550
20
37
23
13
25
51
137
17
23
55
36
8
33
10
16
14
11
1
8
13
2111
10
66
29
55
1
34
1
464
42
19
13
46
19
20
95
34
50
136
39
88
26
73
9
12
12
393
12
85
47
9892
32
8
284
16
347
691
92
9
23
67
1
59
10
4
29
5
35
3
1
3
17
34
12
2
234
89
190
38
31
29
387
3
174
42
32
44
39
1
20
11
9
11
41
16
464
127
8
1612
1
19
121
918
1604
21
977
393
2174
1863
45
24
46
2
14
34
155
9
6
30
14
23
1112
11
10
123
36
425
258
26
53
9
10
70
1
1606
10
56
35
51
9
39
36
36
55
15
80
1332
1
23
6
42
69
625
8
427
15
439
25
482
2
164
81
566
24
6
10
21
13
10
10
3
11
7
35
15
8
25
1
18
20
10
2
3
33
29
104
50
25
24
65
384
11
4
13
28
113
5545
9
107
10
189
211
1380
4314
34
98
22
3
22
129
5
28
6062
58
11
4
18
18
27
206
8
13
2
23
20
34
42
35
36
13
578
101
1
9
57
105
28
102
87
17
2
19
40
237
546
2
1839
31
8
16
41
10
5
16
22
531
17
21
27
624
165
155
28
7
19
23
6
20
46
2723
25
504
224
19
305
11
4
27
29
115
1077
44
1242
230
127
66
1
1
1437
68
33
22
355
41
34
13
911
28
19
22
97
9
8
61
45
102
97
577
51
11
42
26
103
329
34
14
50
113
11
31
6
120
17
21
3175
149
93
2
44
60
14
62
19
42
14
40
227
78
18
123
6
66
42
37
1534
8
17
20
38
15
10
401
4
7
423
19
38
9
164
3285
12877
199
23
48
1
69
26
29
15
29
790
3738
3110
1821
15
98
62
640
115
309
605
5
85
634
4
19
801
256
16
61
44
1356
9
20
28
233
51
9
13
86
112
141
33
70
207
46
16
35
31
49
33
94
12
16
9
7
69
240
722
22
73
179
143
98
244
32
7905
70
105
26
109
1747
3314
40
3
277
12
2
1685
77
55
25
12
81
7
4532
9
7
51
9
26
3
100
472
250
13
1
48
1356
45
13
64
153
704
27
11
8
487
159
35
247
14
7
88
7
38
110
65
19
30
338
10
286
203
2
17
163
5
34
14
130
4
40
1946
1
112
126
13
28
9
24
1194
42
84
19
659
13
37
43
26
32
1
7
197
3718
12
7
22
1
461
107
5
1
23
38
9
639
16
13
28
10
43
19
685
64
975
57
12
67
18
20
33
547
17
22
10
45
36
27
4
26
40
35
54
4
40
3
14
17
537
87
611
114
21
38
14
260
14
1765
2
9
10
159
6
12
70
3267
33
45
12
37
1
50
6132
26
6
22
18
7
38
6
422
10
8
34
474
333
164
1
36
310
24
105
704
94
18
1223
7
4
13
79
18
2
30
16
21
3
17
38
1
15
31
57712
2
57
3757
989
181
1336
17
49
29
8
36
6
7
43
11
2
505
24
18
237
67
36
803
101
17
54
995
151
13
1603
108
30
11
20
4
20
1
28
29
13
56
20
104
2
21
61
40
22
315
17
9
9
15
101
62
16
304
30
5
46
259
18
9
106
2
887
1028
7
52
13
34
36
31
15570
11
12
33
333
305
70
15
48
1
352
1246
7009
33
16
3
32
171
74
18
6
61
71
12
832
14
109
87
45
131
160
3
184
312
19
214
15
37
61
61
13
19
46
16
2
31
25
11
583
3017
1796
924
3
1
1
47
437
31
5577
14
81
2
29
7
169
15
1978
4
57
85
46
56
32
172
56
206
10
14
27
94
26
1021
54
150
2
9
18
40
1
55
7
457
497
464
155
1
134
13
15
16
193
5
448
133
5
952
92
67
889
15
180
1
14
41
55
1778
39
60
9952
11
86
532
56
1629
9
10
15
11
10
17
48
16
47
9
32
394
102
31
848
65
11
8
177
6
22
15
223
48
15
19
73
36
1617
7625
1
65
28
43
2586
60
1
5
559
4
14
6
24
22
50
23
29
60
201
60
16
58
276
61
57
394
140
44
29
671
91
99
8
24
43
4
290
41
35
31
2891
83
2013
1
42
212
18
57
6
45
31
15
22
135
50
255
21
11
8
13
217
7
4
737
109
23
19
5
14
1
12
19
97
41
110
10
6
409
726
17
167
244
102
279
8
3674
1989
23
6
136
22
17
7
11
25
92
608
166
6
22
64
81
137
3
882
122
3
15
123
5
20
128
1304
1393
26
67
13
1
2556
19
5
27
91
2576
5882
1
50
73
1
9
59
17
215
67
17
81
126
23
16
39
31
48
1
4
25
34
955
26
39
234
14
22
108
10
28
1
154
8
3
34
14
33
18
19
40
2401
8
16
166
108
568
11
36
36
86
81
6
305
50
17
16
26
36
12
79
1316
7
28
6
17
55
749
17
12
28
517
134
6
76
63
432
194
5
13
10
1
12
11
193
67
5
104
65
22
620
17
220
476
98
58
37
1
59
48
17
163
162
295
23
1114
1
1
7
15
202
575
109
207
401
1092
52
29
40
172
5
1728
25
13
230
17
18
10
26
1595
14
141
125
26
44
13
25
12
11
7
21
5
26
277
7
7
82
27
9
54
27
13
46
15
97
4498
88
2
22
1
11
557
161
109
44
882
17
233
12
8
73
11
28
23
29
106
16
46
13
11
36
104
67
1
45
37
7
609
87
25
10
68
24
7
1678
34
68
13
30
309
13
135
463
127
3
1496
5
59
25
11
8
13
1
27
266
533
2
23
5
6
24
13
28352
6
307
79
7
7945
128
120
19
67
16
136
9
27
246
107
1
3
8
3
15
29
14
1
72
47
100
30
101
2800
65
1
78
39
517
34
1
213
7
3
2361
15
23
13
14
10
3920
14
57
2
64
17
8
17
195
119
15
4509
8
449
9
16
150
7
4
755
25
210
2
15
34
43
47
72
12
410
2081
1
16
8
32
343
32
3
7
5
190
6
4
199
2
10
14
45
1
18
15
9
16
10
2
16
15
19
24
26
8
20
8
8
7
23
45
44
291
21
888
217
10
3
35
396
796
25
75
27
217
17
34
14
12
3
23
234
1
30
134
96
409
9
9
25
4
19
41
73
7
16
13
165
353
32
12
91
14
117
12
389
21
4318
13
20
24
39
17
8370
98
16
2
9
111
1374
1
22
7
215
8
129
130
135
1122
1448
16
23
755
34
14
48
119
4
1859
14
375
698
133
147
20
31
18
17
6
228
142
354
503
98
520
4
855
1
26
19
5
79
56
1
27
36
13
158
123
82
9
23
634
186
63
28
16
10
11
379
10
78
15
10
1255
17
7
3
15
16
13
125
15
53
8
4
13
2
6
234
23
30
12
1
11
27
42
102
2
142
20
13
40
34
20
219
14
43
12
41
12
112
9
11
10
32
13
89
13
4
6
28
19
34
126
8
3
13
23
6
9
52
16
5
262
11
55
463
25
2
9
1
9
14
187
25
9
37
23
25
3
17
18
17
19
8
36
16
3
29
123
18
40956
74
10
128
241
76
13
33
153
274
27
42
44
10
36
11
280
22
577
78
124
1
5
1
49
289
29
1
6
16
45
3
319
13
40
5
63
32
47
156
164
14
7
109
289
6
4
13
101
3
8
7
18
1960
13
14
11
47
483
17
16
312
24
32
23
117
516
114
32
65
20
38
130
8
26
21
6
58
117
37
196
97
20
2
26
4
35
67
22
1409
16
2
31
83
28
24
31
16
211
9
62
13
5
30
108
40
12
34
2487
13
90
89
108
679
19
26
2260
49
691
71
16
3705
42
7
8
25
34
21
1
597
28
19
1023
25
23
53
299
29
13
167
5
7
13
14
4
2
100
36
21
19
75
20
180
6
398
16
312
5
6
27
12
5
43
20
23
1
10
14
85
21
2233
30
14
160
59
55
193
13
16
32
54
8
157
55
23
52
18354
9790
7
2602
14
637
18
76
10
35
1233
20
18
59
1
32
68
3
6
21
84
8
37
1
34
20
13
40
280
10
1
4
73
38
12
114
7
10
1
47
11
96
903
28
175
99
19
88
46
25
22
4
35
108
1698
1237
9
20
7
20
55
1
28
207
387
56
9
66
1118
87
127
1903
20
30
1202
6
35
16
15
102
147
30
93
7
22
890
14
18
615
2
31
57
14
1
44
8
75
27
52
9
1
26
38
4
31
8
3
20
23
9
26
36
22
26
16
65
43
31
10
218
95
102
117
25
30
24
5
17
29
14
28
2
2
226
123
99
23
19
2
8
2
7
