7
280
8
215
1498
296
6
1
302
520
47
459
357
274
299
1946
214
18
333
274
15
280
5
124
465
1
73
596
230
68
284
129
626
9
364
129
278
215
448
592
319
795
216
285
296
235
283
306
128
506
288
488
291
282
278
346
285
241
283
289
20
2961
294
550
342
411
289
369
318
543
23
280
254
585
284
290
468
10
122
733
171
279
340
131
249
62
299
279
312
347
281
365
349
27
344
274
106
302
315
4
337
322
295
109
492
388
299
526
565
297
1
14
340
2
305
11
11
280
686
279
279
280
337
357
316
1722
297
284
294
134
134
249
10
357
347
1354
2
16
276
227
336
114
124
344
855
347
165
35
355
37
125
306
286
17
279
787
288
315
609
295
276
2437
332
241
625
213
126
360
637
89
311
1
124
457
1
254
222
1
404
289
282
85
200
345
333
427
12
11
289
495
284
2
277
297
291
194
541
113
278
33
288
365
233
336
325
1
290
357
312
423
285
216
656
126
437
5
284
54
279
1
341
368
84
309
651
334
4
367
127
13
11
279
292
296
294
326
287
281
479
751
270
137
8
207
289
294
389
357
285
287
289
115
702
343
496
82
16
6
309
280
299
314
151
167
19
1103
206
122
64
202
334
299
275
284
275
120
431
395
390
471
342
310
26
140
292
280
283
366
330
338
562
171
336
274
26
136
