192
23
797
467
121
3717
3770
18
1
176
283
131
4955
12561
197
665
153
15
172
663
7
92
261
1184
25930
16
86
63
17
2
10
189
281
216
7026
262
138
578
176
142
113
50
1864
5068
3496
63
70
3608
2356
610
28
8049
41
11792
14
429
2226
2737
429
121
4899
10
445
1137
221
14292
1
390
4634
81
194
772
167
767
32727
8
1043
4077
13177
568
909
54586
2909
3904
2485
12720
170
1282
104
9883
2906
74
589
8068
67
8744
26
17153
468
250
172
3756
44
800
5568
2885
8448
22014
498
8825
1760
849
378
7873
116
1170
13528
6194
12849
85
3342
12821
6459
4132
552
250
236
418
238
1574
12217
4407
1263
112
94
362
709
1
9694
1034
290
2169
51
43
210
98
67
6248
17455
29
142
4987
97
15
12726
131
170
699
630
22
420
4965
1300
1334
17473
260
618
1830
34
302
2204
87
56
99
375
185
176
23
6742
2240
239
67
850
303
8376
283
2933
1153
792
450
5983
1559
11228
3197
3413
590
44514
165
3292
805
1262
169919
37
6769
12247
1
12432
183
34239
1087
10443
248
2807
133
22
1020
3392
1410
2484
6
446
4195
9219
109
204
458
1225
5243
630
1181
980
3931
3609
412
732
2
2969
4
341
951
328
22
408
48
30
45
34
1
785
1542
379
48
454
91
286
346
350
6355
287
3505
170
59
81
804
974
276
141
199
526
1705
76
443
1039
802
162
995
251
2
127
820
280
5461
3264
837
381
503
1350
138
64
6587
8
28150
924
835
182
257
196
5510
22254
1
88
1682
2787
4970
452
1293
8823
4087
15
1871
9941
1888
85516
30
332
63
4
1525
22
311
74
10
4218
446
160
184
140
749
322
1411
9352
3609
27
21
63
864
376
2753
687
193
1697
570
519
5211
4310
2632
2527
9772
240
1027
221
277
129
31
73
752
10370
1
5
309
4
58
128
39
722
42
1
12263
96
31
275
27
458
316
203
60
271
1
391
1281
814
37
195
47
36433
1042
941
531
1678
1
221
652
262
50
48
1892
3757
92
15441
91
171
195
59
306
8119
267
399
186
507
472
225
122
2784
42
376
125
13
128
160
4824
124
482
130
286
3
5304
1125
206
12912
28
23
18784
204
2697
154
12303
4637
88
3912
421
1805
1179
870
843
1233
2
1118
205
89
55069
715
1706
657
146
43
1
16
7914
37
4918
906
840
596
402
413
97
707
45831
5402
13740
797
3
21
363
998
365
8091
2619
187
1
10994
17531
12
265
71
118
257
241
78
224
3965
228
10889
156
2132
3927
1958
5908
882
989
200
109
526
195
315
627
49
19412
4768
1110
50
79
141
53393
448
87
57
650
649
78
1544
1174
510
988
104
4896
81
9252
39
187
220
90
8
1299
12126
11721
4905
1126
8458
135
593
834
1029
26
141
3583
163
128
1471
46
87
75
16888
535
109
4036
4014
1495
45
100
333
2668
381
322
190
537
9226
3106
3190
14496
1986
1736
115
360
12483
76
7
827
41
2300
1172
291
813
2615
527
3976
3550
547
206
23692
4722
1441
2044
16
354
614
518
1302
139
833
34
82
198
907
32
188008
1952
12962
518
6083
1378
2167
209
27
3951
904
12
171
150
11534
106
1814
12304
289
3667
1063
37
741
1
1647
1906
343
352
190
25
936
47
307
289
44
83
46
158
399
13679
237
15099
262
1045
147
1144
531
1833
904
415
500
417
1993
3679
563
111
325
1267
73
122
1323
80
336
23
61
283
1732
796
153
35
75
82
4906
434
418
399
178
189
1649
320
70
113
766
361
228
4310
1110
4982
167
683
110
3728
32
48
3181
1
8056
1651
1610
12
13
127
115
34
663
9283
5954
304
358
16
208
35
1404
161
111
627
99
40
180
8
218
728
142
238
70
113
77
874
4353
28
26508
26
589
89329
1
84
45
424
518
597
28
29
371
731
3
28
138
51
1106
590
1794
277
763
98
469
242
3
11
428
68
32
161
38
54
915
6
515
68
115
102
161
172
53
97
4
385
94
971
537
446
36
1
17
155
90
763
1304
3206
658
687
138
160
38741
112
52
29
169
2741
104
127
531
80
36
302
918
680
99
928
94
494
4812
83
407
618
12308
275
196
815
1455
156
50
1
63
36
102
687
86
1689
295
153
46
50
46
454
75
606
111
675
830
410
4974
1062
57
2039
316
223
56
105
281
6583
3542
563
216
204
6
2748
195
640
680
2
2416
1749
1343
987
1570
20
1255
56
140
1079
2899
443
879
211
263
175
1270
35
3525
427
1456
82
60
738
176
579
37
338
53
2
51
8
105
689
2118
220
209
79
214
436
3119
1
1100
269
2360
124
18178
4294
427
1
1211
2889
231
110
199
300
915
24
2812
1
196
250
25
877
1172
110
926
176
2085
99
91
729
818
638
1
171
394
365
212
372
602
27
2130
783
218
768
3710
1072
47
10
90
3892
108
149
969
32
63
78
2539
5
65
681
1
55
122
75
763
334
1231
523
832
253
455
548
40
45
4
112
399
793
78
130
107
9
1102
164
3379
353
2960
280
5406
2629
13
244
1351
130
110
237
1033
57
839
236
98
1
26
34
111
141
109
268
4
146
2469
70
193
43
143
39
513
952
167
9
219
175
2542
101
388
3647
275
90
380
319
150
47
73
1
407
3415
93
158
694
3
208
90
155
45
54
525
212
63
160
4795
107
19
32
125
1765
86
80
171
57
3325
252
5415
197
37
106
89
1
322
25079
510
1577
1753
3198
133
77
406
84
50
1465
33
5
2076
195
620
26
113
420
1002
1084
177
1191
106
1947
82
7
174
1306
36
250
3861
155
1167
3
221
1412
2775
766
1309
173
23
1157
1208
193
348
4036
168
961
251
1885
976
266
1467
6588
2521
346
440
5444
5673
26
788
215
144
180
464
253
208
711
492
217
54
1140
215
253
67
1080
692
85
581
3
2186
65
1223
116
120
120
69
244
1676
2752
6493
448
2144
38
3342
74
233
48
251
2803
491
10280
286
179
492
51
36
10390
543
18
322
32
24
122
41
1573
609
31
50
229
2152
648
6
777
16628
272
229
490
3
1049
34
23
681
1100
80
442
4675
95
20
55
168
45
154
74
254
441
6186
42
2883
152
399
1674
217
6
64
137
34
125
227
35
1016
635
1350
1853
345
1
32
40
9
40
4145
41
23
259
158
9703
131
997
358
36
624
1
120
341
36
1471
104
52
5
89
132
690
359
7
30
143
1898
7267
4567
631
728
9280
1831
380
23
48
337
43
31
201
669
74
1130
1753
169
69
21
655
140
401
2195
15
4841
6
102
1982
30
118
30
442
570
171
547
846
242
658
85
503
84
125
1644
941
5
82
54
991
99
51
55
5007
737
1595
2359
225
5003
158
59
3419
24
340
182
1152
12
2944
201
77
38
1186
604
6
1248
1
27
2459
50
46
453
964
393
1149
1808
67
578
637
51
415
617
342
545
647
367
190
23
173
1274
10750
204
63
27
192
1
1
125
27
176
15
341
46
1
349
1631
1106
1312
1313
530
80
238
1671
910
214
35
145
169
53
5
166
396
120
7440
370
89
10
81
238
112
127
86
65
5
676
17
157
42
204
1
82
23
314
141
531
2257
42
2367
1602
4831
1225
126
26
5826
2406
23
953
871
45
498
1721
739
1
3571
818
127
654
250
47
1985
134
1
377
6004
2
335
3447
225
457
8
61
532
21785
715
62
266
5190
1184
117
1584
1
76
46
2
127
49
398
1122
1038
33
597
3
728
657
281
203
2022
1204
780
587
18114
2720
1291
86
191
335
2227
62
656
1833
803
53
45
4
1
33
278
10
24
582
1
175
41
738
484
243
523
47
5174
17
208
1061
1
777
7189
8255
130
1220
118
85
100
81
1
2
76
3874
3370
1039
2919
6
822
9281
2432
710
21
34
449
472
477
4909
647
606
213
478
133
70
1040
987
240
985
692
799
101
109
156
236
74
194
16
26
744
73
129
144
30
71
218
33
2886
84
7672
10040
5859
1863
630
847
538
99
43
2131
72
1121
130
3712
440
2
64
1
1570
4941
4917
2816
1495
4680
138
677
3740
7
1081
573
82
261
1789
1
215
503
21
242
735
1
3992
187
254
8442
5660
3128
33
8341
101
123
43
1271
76
24
1234
10467
31
24911
719
1155
7621
13634
2042
42708
1902
3614
1787
1188
3230
2676
52
12129
699
34
877
172
26
47
154
797
2323
908
38
161
2753
210
19
3288
191
1112
119
5
7155
1009
897
1079
320
914
1934
572
1252
67
207
99
266
95
80386
134
150
101
1
1805
634
1212
416
8037
3
5572
5099
10591
797
240
41329
358
201
544
188
29
2036
95
599
192
191
1806
56
1189
1196
1215
579
572
1
45
295
67
1650
4328
1616
168
16164
4
938
510
3266
66
1547
62
147
339
131
68327
30
88
30
67
68
354
752
149
27
1
27192
383
570
5437
44
696
1808
1399
1421
16931
221
67
2390
231
4857
52
317
133
34
965
20722
267
549
68
1801
1653
52
5176
230
9855
191
1918
54
1576
152
19278
3684
67
245
5224
1121
141
83
19222
7231
132
335
114
129
1719
328
3527
4381
966
391
45
354
130
1527
360
9
72
18
1270
15873
13
1333
16184
884
90981
854
65
232
600
1144
3849
135
1845
1546
91
1577
5
65
135
3499
11646
2989
155
2
2725
130
3990
2241
60
579
321
183
21697
70
19
21
7782
160
2316
337
1325
134
65
113
72
4
60
48
190
11375
58
136
2863
281
172
206
26
2569
1463
3333
27
1113
1240
209
2502
1954
8775
239
1
68
649
1059
1116
516
151
5085
5918
25
461
3921
1486
112
1581
45
174
1363
606
213
19
166
754
672
381
1109
2351
723
44
777
10
22
3279
359
1408
123
320
1906
2439
32167
21817
85702
75
4039
461
238
343
1
274
92
115
126
133
80
2610
1802
108
442
77
500
12
113
260
95
190
1696
338
575
784
3
38
4790
438
309
1368
3025
484
115
25
13
1
42
228
15
38
543
111
11490
3145
5
912
919
1004
252
688
1460
7
171
2962
218
454
995
78
3824
160
1095
8
10249
903
181
1876
549
41
249
498
1343
1328
5044
23
393
40
102
286
242
1676
223
361
500
72
1
84
20000
749
1
26
126
45
161
70
109
714
222
660
33
5
430
6428
76
416
84
492
11467
2
4609
2829
301
251
7350
1303
592
3879
276
375
4406
373
8
887
3096
3093
449
64
303
59
69
6558
2882
94948
131
570
56
48
1182
1167
671
22
60
949
79
7150
147
404
67
29
13626
59
165
179
495
704
11281
59
52208
900
33
126
4339
4226
20666
459
980
381
330
5826
271
340
46
58
94
110
16781
156
267
69
42154
6845
813
345
329
1059
128
2
231
9385
183
68
14
50533
237
3487
1221
8296
1670
200
3347
1175
37
311
110
2609
122
51
1436
943
794
1916
1871
437
1
6369
1931
4291
364
296
1917
10
2214
1286
585
1027
187
184
508
210
6994
1186
1419
1917
68
132
2681
558
9121
273
130
908
21
97
12865
2272
65
1
474
133
528
120
169
3271
342
427
15
145
2263
668
918
896
498
1838
1
1918
45242
2632
89
711
40
253
1497
7627
2
69
123
376
26
2886
2165
4159
480
669
485
287
192
1016
8072
8592
31
29
792
569
305
232
432
3025
297
13282
44
2853
31310
24495
187
4739
3790
2742
1514
618
1617
144
42
89
770
866
41
1541
249
49
7478
2105
72
21792
688
38
555
266
451
436
661
135
111
48
23
407
3815
91
225
1820
236
209
857
24155
35
35945
1157
47
96
73
303
1279
6941
66
11
3768
60
1979
2799
3
65
618
245
42
40
2
114
103990
136
3661
154
5434
398
6578
12
1462
19127
51
22
39
54
727
13819
4079
2268
84
12379
844
321
870
2875
6231
2432
33
140
55
419
751
28
120
12358
253
2823
73
1912
709
77
5759
341
31
23
783
502
75
331
377
91
95
1
238
1365
66
1314
460
568
740
1274
5302
60
48
113
813
470
106
3400
7975
13
238
469
1982
15205
5
107
63
443
1410
123
192
1346
804
1070
1124
173
1936
70
58
21
442
100
65
6874
360
5864
1596
2502
147
2474
59
11774
538
3794
394
1045
4628
2856
929
13
433
66
314
51
19
653
122
386
55
3939
457
114
890
544
1
3
18507
939
55
6
189
371
681
33
36
1426
15913
9019
27541
7103
529
170
969
347
1474
99
215
132
300
490
13
115
516
449
1
211
1101
614
3818
1507
78
1259
1642
948
659
204
26
101
2367
4716
3332
11320
16
98
94
628
329
108
790
2445
1102
61
720
65
134
1288
1683
1909
146
31
22
5317
94
9316
54
72
443
933
278
16
159
807
77
676
3927
228
64
342
58
523
125
16
58
962
3073
116
11118
131
48
643
174
48
135
57
56
580
295
341
1284
7639
10
690
289
392
208
99
26
54
62
1136
20170
168
13
95
1177
59
5452
6
3401
146
18
1520
28
849
48
71
139
58
28
96
1
42
25
20
933
20
301
97
3613
690
169
380
34
7346
612
75
1557
1952
81
5
1891
18006
84
308
93
164
16
71
303
11581
574
223
200
1044
1159
591
56
131
1062
813
1018
834
6
642
884
173
841
5490
396
4338
1539
2199
3960
72
15124
656
96
495
156
2109
78
79
66
1409
1836
1572
90
2060
45
486
2296
768
152
1028
4015
506
92
7694
11504
21
40
92
7
59
603
2090
34
48
28
15
1271
96
4
153
78
41
1
151
2638
1989
6
846
916
89
2081
5063
2415
27
1039
1104
154
405
32
12
4421
683
152
6
2245
130
246
5678
23037
5929
1567
77
18
116
54
138
34
133
627
66
2641
216
24049
1113
2719
126
763
1096
5
3235
97
10
393
532
32
278
71
10464
218
16
1173
1
106
23
23
52
25
14013
6291
3437
2536
2560
147
324
153
31
863
1916
100
92
71
642
243
69
1455
199
60
43
286
591
672
1348
329
4347
116
38
24
211
448
77
578
57
409
324
122
434
1773
572
37
694
606
85
112
38
474
538
88
128
1625
151
99
767
19
1005
1059
514
1109
1195
106
131
1172
200
275
174
2009
115
151
10
4261
11737
196
1102
34
1225
6
333
2459
1020
64
509
331
2816
6391
37
2848
119
8887
1378
5690
1478
1295
687
4394
41
704
102623
673
607
989
272
18560
1804
1700
1
431
2670
15410
4175
6
195
153
113
754
71
251
486
240
43
282
7704
3181
360
486
61
1543
4
256
1051
831
23
381
1868
14025
114
3646
711
188
1107
777
817
214
1260
115
163
242
240
22
7
44
727
1
87483
695
662
4192
2394
215
1526
2052
1438
176
16034
30
415
709
2490
5678
2373
8191
310
65
22500
995
97
1159
10806
116
3999
564
10976
923
7955
430
2654
241
1
8032
314
9555
9835
3453
1169
17
144
32384
4452
398
1269
9498
83168
15
100607
1235
76
4581
20
157
4895
159
7642
489
7256
22
844
539
197
1476
713
22
146
67340
1477
46
40408
728
3416
10865
13302
1216
154
388
11082
17
56
23828
761
487
402
89
1261
20
134
53
1212
31348
246
3329
90
580
668
82
53
300
48
1051
20
176
1416
2356
2577
1304
2224
7975
628
491
37
1726
58
106
141
2540
21
1653
731
380
939
230
828
2155
285
3942
131
5399
1768
3816
323
152
48
170
141
5
431
336
844
3150
113
104
1511
15507
67
124
89
484
1345
1034
345
12351
40
6634
72
185
692
15
162
42
13646
49
1626
42
920
18
101
241
5524
2648
622
2744
32
289
3947
432
1168
73
1309
44
124
13
14
102
12
439
369
49
717
10315
5495
354
38
196
137
1171
217
100
245
175
101
1937
45
6
875
1470
1140
32
2019
14
7413
224
10
41
1558
51
507
39
40
232
16
294
4
184
24
115
10725
4
1727
339
205
71
722
237
700
40
901
393
252
594
91
110
33
1177
860
7347
687
2211
1285
111
437
50
1956
56
35
66
7737
112
5256
64
85
1809
141
1
187
207
92
328
39
370
123
2323
1029
754
128
338
260
681
50
1996
1928
1152
1700
77
3191
775
483
1
38540
994
1701
7418
350
372
1
56
242
467
248
33
1936
15099
47
107
482
144
26
237
10
60
5937
1726
512
15364
982
560
58
95
7957
5
14633
57
2221
351
2005
13
124
615
486
517
681
476
786
1080
2366
658
405
606
236
9
300
10
110
1
111
1112
306
1434
1
63
1259
30
3447
2245
8950
7312
27
162
1140
337
39
249
39
83
779
1
150
328
761
34
3044
5762
4900
76
677
262
695
157
7191
133
190
534
859
179
92
2409
107
1090
2861
155
632
19
306
94
3264
210
144
772
919
451
155
16
24
33
144
292
12
137
170
498
1628
65
52
928
89
403
59
355
127
229
2867
123
681
2
3
377
38866
3928
127
7183
313
233
67
70
279
615
578
81
48
47
123
120
62
51
158
27
86
1548
99
3074
24010
23185
745
1017
871
1991
15851
765
5929
53
15
2345
15
12885
2544
302
1472
1542
18
144544
141
14
7
1732
218
47
1957
61
1198
114
102
1786
1767
601
825
108
1977
46
64
268
50
236
243
2063
384
150
415
290
133
250
210
37
61
1262
43250
1508
442
4378
195
12690
534
44
225
270
476
1252
1333
1638
2403
7938
428
600
28
357
598
1
103
12
105
116
882
29
2409
72
155
414
1767
103
445
39
467
82
672
94
56
116
92
439
489
130
148
9
53
86
339
206
603
2427
6
4298
1
79
106
279
53
749
67
7752
11454
23161
2452
375
141
2075
664
8631
1690
33
465
1329
1560
105
1587
338
108
5828
23776
581
34
22
72199
401
15
3424
470
1009
1161
413
186
747
157
294
469
65
77
447
390
4029
4443
3028
4833
27219
2220
330
46
4549
5960
1406
191
295
837
222
1373
7
1456
171
12547
491
92
712
1063
279
148
73
2659
20384
1599
3991
101
71
25
1426
396
295
1562
644
266
2201
27
2120
401
7374
808
967
227
45
40
105
1729
1148
19875
589
1038
37
79
1776
38
48
2
32
597
1553
14892
929
131
67
12368
6524
168
647
3729
85
8066
491
2133
11182
988
161
178
3173
181
1051
9994
195
953
55
65
224
414
208
81
120
369
72
977
524
8120
7324
1
647
261
265
83
32666
551
94
449
577
3359
9830
12634
7
820
97
196
1386
302
317
879
125
1
409
184
406
2039
70
130
10
29
1
6
110
182
192
64
36
175
1
63
122
172
4315
34617
2
178
151
2598
6944
3014
344
4257
32
16
4041
3004
535
380
371
36
1985
7864
145
2318
44
135
4
9
2
1
95
5998
1258
154
560
116
276
356
51
1
558
542
1157
68
1473
2541
894
533
3712
807
20
1507
280
1
1194
198
4749
142
554
6566
3509
155
1115
390
121
2938
9
2259
633
1969
460
800
113
97
9534
83
303
601
1092
324
3396
230
677
1249
682
1
846
83
1338
55
9283
29942
16
2060
1250
909
5
5117
963
267
31
1884
486
753
766
389
193
79
21
298
18
21
1823
1
127
3284
471
486
69
91
1394
2248
1292
81
1417
473
4794
173
10310
492
1122
29
3664
673
2620
955
2641
238
437
12
12405
3140
146
995
95
34
200
207
5371
1
245
48
20
226
2951
381
654
924
1225
420
910
38
326
158
36
95
234
1453
2176
1317
509
337
399
381
188
285
1444
1181
399
225
27
14910
942
2038
2915
29
46
8134
222
122
603
756
6
202
624
3542
888
255
76
98
142
1248
105
151
7
682
33
83
586
139
35
1053
92
50
1499
32
180
1
534
478
15
275
173
54
1
803
1582
79
6
1
331
460
93
82
94
191
1508
171
74
1349
148
1173
232
18409
608
18
434
159
1
74
189
82
1
1454
1
51
162
204
205
95
222
602
257
8827
1197
139
19
1406
1973
7934
1205
341
2116
1219
414
2334
150
1799
187
38
684
3460
72
2792
84
71
377
60
294
52
80
1735
152
55
174
79
35
98
2
589
90
46
136
4
22
227
245
319
78
1869
1574
49
171
116
8
875
1054
701
1438
163
1878
50
122
38
354
451
143
243
3
707
223
40
301
258
338
404
21
1672
13201
347
9311
123
109
694
10805
120
66
812
10
1163
2758
2802
2
8
96
2191
167
204
45
11
294
732
142
135
386
95
433
221
2161
267
1643
7458
1023
1
308
118
74
1
199
207
1576
870
3186
1402
937
172
229
699
3458
183
2027
616
567
489
1513
246
36
3143
187
6286
1816
7288
102
765
15
5461
723
204
186
162
434
319
328
40
81
12738
95930
682
226
8
1221
148
1041
7
4164
643
1343
731
419
55
4583
1620
9
1
14
36
427
1
17186
205
217
551
10
73
56
85
48
55
20
91
1647
33
160
457
995
6
1199
167
61
1644
10430
78
5
108
577
1046
281
17
277
2007
35
33
5031
132
593
58
559
234
65
182
145
1248
87
379
319
92
93
44
121
1103
76
201
2469
151
221
159
1159
71
2346
47
124
130
164
3083
368
706
103
6
2391
361
634
6
1560
102
1
246
1392
360
608
132
495
124
1844
2657
324
189
1264
50
891
539
994
2240
115
1
486
561
279
329
145
1
271
59
1356
8302
13
90
375
10135
40
839
549
938
3161
24
2248
984
3880
202
2364
1
42
307
240
32
60
24
402
1001
14344
1031
64
266
3062
129
65
123
56
44
248
283
189
289
22
1977
2
639
3511
200
558
87
1085
76
154
596
71
283
1025
13242
218
38
133
1
3253
189
271
32
762
358
573
665
28
22
59
250
462
1188
338
788
1169
73
119
28666
281
287
425
2073
670
2760
105
6
538
355
2374
270
378
4
15
721
77
357
410
275
213
88
1
971
34
64
1117
5265
113
213
398
51
212
1
384
1510
4347
460
16
384
2322
102
2239
139
77
489
1886
28
56
117
55
28
468
381
205
33
398
264
10
410
668
68
108
704
636
73
12793
482
569
6
133
69
62
1
687
169
5
1
496
78
320
6
260
27
1
38
6374
133
105
379
12
1
154
2582
1609
60
723
5849
1985
305
876
76
64
496
115
1261
94
1685
17
6037
8
141
3153
1572
138
473
143
182
112
137
177
284
31
274
160
23
92
1303
1004
809
329
74
616
110
2328
2910
77
1942
832
1429
199
242
313
1466
3341
2496
457
1383
137
239
167
1354
446
2326
10
318
309
4430
130
55
280
136
139
100
1056
581
85
66
23
195
1170
1518
108
339
1790
61
232
185
2032
13
430
107
237
11
76
2139
38
190
7
1968
7240
1099
35
5171
1804
52
83
73
80
155
32
50
37
46
53
97
8257
2937
551
7304
216
3
287
50
82
288
55
15
7057
80
2616
114
133
53
36
194
11
17404
89
34
2578
235
349
2047
319
395
3
1605
10
46
20923
316
1272
309
934
1833
198
201
50
191
66
63
213
5
461
490
836
99
693
1293
161
1244
101
388
763
955
74
205
8087
1050
1299
95
2721
296
3002
647
1
88
236
4613
101
1650
99
54
208
843
188
203
127
26
94
1
3867
584
16
3889
123
401
33
16273
279
14412
12999
1248
442
880
2298
21514
67616
1145
328
11
118
48
1322
1606
475
158
211
26030
163
232
783
64
2733
4272
3189
14591
2017
5237
333
855
3586
84
7403
3488
22
374
3378
676
248
10040
3486
35
106
5675
23679
10673
210
718
4
188
343
11
98
28
48
227
391
30
32
1840
63
1162
2754
317
7369
574
292
196
41
75
127
25
130
1465
538
109
286
3986
364
1229
1173
4398
5765
225
425
7569
772
1468
728
324
529
9273
164
52
554
263
2
442
4424
409
261
94176
45
285
377
7477
107
412
62
63
415
3171
516
10444
4881
6426
339
254
148
869
31
390
447
1
70
28
15
333
1161
5676
27
523
392
552
789
69
530
65
62
966
45606
506
15624
714
742
403
8627
126
190
705
67
964
273
48515
324
491
216
1
24945
1784
2360
6251
91
471
28
24902
1306
12516
49
6390
7320
177
4902
889
31145
9
884
806
180
347
359
119
505
69
4001
14572
162
295
141
75
2113
34
916
647
246
125
6013
721
315
674
397
84
1139
78
319
49
1738
90
194
207
359
45961
3097
2037
901
1230
46
86
38577
5800
198
40
168
31946
1758
1
15057
4140
78
159
429
1080
141
63
1508
10
92099
423
2654
64
3333
1360
111
146
28
1095
338
2054
258
5144
721
244
259
1417
44
2093
317
47952
28
883
26
2030
4327
4880
17
17031
167
18812
3195
46
2895
2486
25
1811
198091
1335
36792
65
3004
446
6419
330
325
1002
56
7274
469
4265
90
92
366
860
218
4371
35
6085
57
27279
167
84
34
467
1434
1
155
2385
86
6539
32199
279
182
605
676
399
151
324
222
1510
33
102
4125
10084
816
1630
54
1096
6738
61
104
353
1554
3992
465
198
1147
42
2553
21834
37476
1833
15225
207
6259
63
276
1865
114
800
26136
50
515
477
1430
11088
181
1280
50
33
2029
27
1523
4867
4242
125
2416
10582
661
2874
21
74
3990
2837
113
126
5026
150
20
17
5
28770
9099
733
3075
2750
2035
366
266
376
106
169192
597
52
324
12
4
38
1767
894
388
405
1
1297
7034
82
6409
666
80
78
1553
87
409
9592
944
2157
21
21
1056
86
42042
3564
156
152
8
28
1507
69
54
422
75
33
40
270
9
1164
164
5
5
900
629
24232
99
8090
1418
3918
191
3613
2617
233
1671
1384
1087
642
87
152
3345
121
449
8872
2180
2120
109
386
261
44
1238
57
34583
13
4
28
1475
674
856
2340
345
2771
500
447
4675
5
3528
288
823
1
108
525
149
81
51596
39
8
55
49
6127
36
125
6229
163
285
418
5146
12519
329
175
186
324
393
528
5562
1088
147
235
145
48
211
736
304
101
134
150
1
581
1170
203
4692
130
479
2119
154
1718
372
537
19
9213
28
1568
501
14669
2541
110
115
2329
5107
103
2453
1395
1981
125
22
23
32035
4345
416
2974
166
2433
44
223
376
8620
40
205
161
8194
25443
2069
32
37
73
114
517
99
202
2720
8103
486
765
260
1600
51
244
375
86
19209
29
53
93
3033
288
312
495
8165
66
109
642
207
37
171
382
369
491
2235
18
623
3581
132
43
4505
6144
3245
1480
83
71
13
356
733
353
976
1048
14
693
815
1801
69
186
324
218
498
55
386
89
590
103
1658
442
76
66
1040
515
266
2621
905
1921
1
1448
276
1701
13021
14
5725
6493
752
1826
2388
54
528
538
160
14
62
19617
257
46548
63030
203
53
23143
4797
206
567
44
536
1659
124
1231
93
1244
2967
349
654
30
140
672
61
10586
1114
35
3880
70
294
128
74
81
244
35
155
70
29
50
1145
151
352
346
678
1182
648
34
1025
746
16
7962
111
1040
87
132
7724
105
223
7
47
213
21
913
72
309
1687
9347
12
119
60
4588
237
2329
731
117
527
146
542
539
890
1
464
37
1152
504
1
41
7221
4127
27
900
581
779
102
659
1841
36
225
4767
711
1572
185
1
1155
718
5390
165
3810
2333
127
21719
550
3407
290
1544
479
13543
332
409
1563
159
1082
988
1898
24
2180
3238
348
4
602
1356
235
149
7
168
1385
699
116
84
238
129
966
304
242
36
4210
129
723
469
995
255
486
1297
46
1
65
1761
11446
8399
30
178
58
158
1030
294
2245
25
1428
145
474
2821
1128
3771
659
128
85
836
938
19
193
4085
50
1946
240
2349
3460
303
272
1390
595
3767
29
279
6
130
2
2566
84
22
24
199
498
8
193
124
227
7
134
32
16
291
109
517
481
84215
30
1
249
1
139
555
2665
90
128
90
2490
97
2418
114
2712
7139
248
173
13
1175
579
277
12599
880
4186
1993
28957
51
212
1048
346
1512
10499
3201
228
7
197
10578
3314
324
696
3422
429
220
397
118
333
577
11
1453
562
13232
641
1
114
141
296
8605
3087
2170
90
5383
58
16445
477
946
254
1
93
2815
5077
48
207
3062
154
47
4193
362
1026
932
1210
64
627
48
1587
62
9343
12789
5729
780
4467
1
46
4072
551
61
14
99
38
51
636
51
133
128
406
82
279
16
338
77
480
176
3532
74
107
65
62
4437
52
559
831
9251
512
287
8
27
64
627
217
477
41
833
879
55
3
30
77
2914
65
51
57
314
472
12293
777
328
3277
7611
2980
162
192
32
768
4405
85
249
1
122
2366
809
22
45
105
152
97
2201
12
3227
156
72
73
1
8
613
56
317
1699
965
82
211
51
23
91
2846
83
207
734
14719
14
136
1
90
36192
155
678
21
434
31
59
105
165
848
6725
5
938
441
323
122
1
1559
8855
4
85
658
46
434
203
9661
67
1236
635
16
1317
1074
1638
47
85
190
4690
170
269
122
661
18
353
5219
5353
56
65
549
2994
676
345
57
1444
553
962
9864
151
51
73
49
363
46
1435
702
83
7888
23
146
6560
1038
419
1407
2710
11570
148
5154
222
1149
4449
213
8189
274
75
179
232
14
885
94
865
37
79
732
539
116
23
200
85
52
420
1132
1305
3570
117
110
1230
5753
1030
67
82
3542
888
1852
23237
137
377
259
489
138
714
1221
4263
79
8
253
272
1198
121
633
1
167
33
264
297
2307
94
492
1748
234
821
119
17
30
180
70
32
71
122
1164
572
30
700
1374
106
126
397
107
10924
5586
25
25
514
647
1872
1192
92
313
910
1
352
2290
235
315
3733
1329
416
486
339
11
113
232
66
18
161
405
1
131
259
282
52
464
248
4644
91
252
320
3570
392
306
7
6
403
455
873
109
380
378
189
39
82
7075
561
231
15697
152
323
1404
285
230
91
115
1671
499
225
268
3398
1014
24
48
354
978
4131
48
27
6
534
35
1
4
15
1
174
46
1
310
557
12
9631
458
18
2
459
7
37
130
684
1239
1714
1243
628
2324
1264
4815
197
1080
5722
1031
74
69
119
381
86
57
42
398
884
1166
2821
273
542
890
14922
126
1572
635
3296
1171
88
6659
7
3836
526
61
3515
3071
34
38
1492
420
4868
400
471
723
510
144
1730
1624
79
326
132
30
6205
500
50
35
77
9334
511
490
1516
2243
118
115
1998
2350
179
596
750
88185
8228
244
21
22
148
627
778
614
22
566
1020
222
2776
1
1530
48
2346
1266
210
179
171
5040
5834
1427
1186
1127
11
2637
32419
24889
230
1366
152
626
315
14591
125
125
767
25
331
3195
46
2204
46
1212
1337
4173
1313
934
602
112
83
3368
86
40
512
45
1083
690
1173
14
182
40
41
214
621
8
8
48
176
690
1791
1331
702
476
159
1538
17675
142
6108
389
1880
1
391
27
1723
18705
78
10972
1293
8830
7168
1661
80
339
830
5818
129
281
20642
570
486
49
223
360
2793
1670
304
2283
1090
2957
108
20
101
978
118
564
87
897
1269
240
2471
624
5008
106
1817
35
365
22
1362
2687
3680
1912
589
10625
363
236
31
453
22
689
27
21999
14
139
670
2068
1360
272
381
385
380
476
23
89
97
4362
532
2636
87
1071
177
2370
1961
1
10
1351
625
421
1
97
2
1150
180
805
456
17
4
431
2
55
110
2
368
284
31978
1119
590
123
130
4187
1650
50
150
2
249
13
53
593
58
197
151
554
10
114
496
181
817
1196
140
1041
159
61
403
2
523
176
286
27
883
764
284
213
276
65
191
1
35
2663
1071
4723
370
248
652
1073
100
10
76
1318
16696
370
64
42081
62
11574
554
241
29534
1549
189
269
3427
62
417
1767
214
340
1328
75
1
86
19
1082
231
2910
1374
298
116
152
87
187
522
7530
18771
2620
5
52
1757
160
6344
542
93
16030
684
1394
559
170
608
11
54
239
856
2522
43
727
5895
594
8844
34
1012
448
3780
1473
345
2130
57
167
30556
22756
36
10069
212
1766
1006
57
148
1747
55
61
46
6
4930
4751
48
23304
64
207
24
4
3554
148
16203
81
186
37
82
17562
3861
6028
360
566
3738
725
49
2780
1245
135
761
115
2393
1
1
3130
232
159
299
3412
109
1008
163
13
114
3
54
1151
249
1174
474
356
122
506
24
184
674
52
450
439
328
1633
2960
1015
2732
1440
104
85
777
1019
27
153
520
2830
207
7793
79
212
77
977
14639
6530
333
3997
2159
260
2424
879
18
3000
620
22
345
1173
13
98
1228
403
1202
55
77
83
16
3812
8966
51
257
136
4048
95
61
1004
1225
144
10
38
50
350
9
190
49
148
54
507
5296
232
226
140
40
64
1318
140
1201
320
1915
1946
84
658
3
47
9137
119
565
275
42174
2672
2480
270
260
51
624
879
2419
4368
574
851
47
267
94
498
23
47
141
34
110
619
506
9
936
806
37
35
558
264
619
38
228
71
25
5047
32787
538
3277
30
3954
3168
1417
182
99
202
37866
472
137
156
93
211
877
1853
171
858
715
76
167
57
48
3388
9418
3786
43
451
20
18
17445
78
32
30
2073
1869
1
280
19
643
1046
297
3543
1048
132
203722
163
1
191
19
1602
164
2009
725
823
18590
9121
520
1981
334
107
408
2600
245
2468
188
197
1058
4014
1093
175
69
739
64
190
20063
431
395
13550
549
2030
594
5124
2355
452
1388
2946
254
1505
84
1470
866
137
564
164
576
2936
39
883
3329
567
319
42
195
779
73
644
1337
48
15
18
1758
2727
4191
181
22
5124
24907
143
33
322
98
954
17
504
820
170
1
29
6
14
14160
112
2278
5310
379
24
166
1334
557
85
784
164
818
151
170
19499
980
136
811
631
75
401
202
1807
641
155
252
649
561
59
66
109
4
265
73
2000
142
88
160
69
8273
1251
6620
184
549
697
97
1719
12
59
99
218
237
432
1008
212
1136
511
197
11610
2590
182
131
3492
1469
2446
2955
1
18
2074
57
127
16
45
17
973
31
114
1188
1036
1504
654
103
579
2242
3
1559
361
154
2716
94
2159
15
47
1518
1981
120
7
2755
65
2073
7745
990
205
3
49
235
1501
399
161
22719
62
9
284
210
26
1515
104
1
10
552
367
91
906
1135
30
551
233
41
132
37
4
132
24
2647
18
723
443
70
114
223
9
657
201
71
513
1
35
1722
2217
757
1292
412
19
648
148
119
165
444
2282
16109
3793
14253
1337
491
154
17
31
1569
7
24
177
232
21
702
11
327
9672
2259
314
1
577
198
83
1228
17016
1671
245
2344
6501
64
2145
2145
446
1543
900
17
1471
79
916
27
44
37
26
294
127
23
2115
96
1
47
2335
4
100
710
2115
5
999
345
164
820
10
107
737
34
387
74
118
15855
802
27
365
251
57
760
206
1111
121
42
283
103
47
5
160
7879
6
288
296
63
21
1328
79
522
658
25
1602
505
1
89
79
51
60
39
7
1
617
1
7549
103
50
79
400
4137
274
294
1042
103
196
81
260
662
693
1002
220
744
361
15
78
2196
1123
4348
145
284
2
7360
6821
867
1094
367
6031
639
10
747
306
221
41
755
10
79
100
252
40
7
670
1
183
568
482
5756
790
384
120
105
2665
758
129647
556
543
295
810
4340
43
381
366
526
57
9
3575
59970
860
80
1144
980
240
44
1205
5898
1635
15
157
102
208
791
155
578
119
133
3
5622
815
6477
11618
377
70
1472
421
614
924
1395
15
2819
925
228
691
135
30
3901
2758
81
3017
3230
383
297
71
2517
204
1208
1223
140
1503
78
156
491
807
5743
543
109
513
19
2
3808
1589
1444
1300
125
221
1365
368
179
277
1275
1952
20
475
630
60
243
706
297
2714
607
1232
1263
1218
2087
1044
232
267
910
885
141
2375
460
107
928
98
549
277
1533
13
6995
73
32
1
1
24
1
40
2824
872
145
863
162
128
38
2362
4276
81
427
1076
42
1
1965
122
695
1787
2593
147
982
92702
54
2007
24
385
2158
3509
306
417
3398
180
5132
347
18520
9264
5534
787
91
1
261
106
8442
213
120
446
6630
1497
25
107
144
663
73
15675
5431
1856
194
401
678
1205
3005
3330
2737
242
39
257
1805
59
109
113
3
6
504
40
76
311
1
199
1158
696
24
501
1
70
65
567
39
96
37
1106
4244
42
1157
28
64
29
76
13
437
1147
31
1265
14471
112
178
32
4688
2914
40
7345
11482
178
1
291
1406
3
151
134
854
3614
11
450
325
1282
721
3587
120
511
283
3242
994
11
28
2623
16
263
354
10
619
5973
60
19
348
639
4118
1965
5667
2258
1176
146
325
20
208
47
108
6483
1290
95
19
12240
855
211
57
78
36
1
340
175
12
960
114998
55
19565
43
18591
2888
7980
6907
426
4370
37718
61
95
71
96
64
155
1056
91
963
1522
601
66
32
124
70
2938
857
158
11
4131
293
4359
12
129
3826
447
112
176
47
224
3113
1566
13881
88
191
435
1264
186
811
1940
351
71
322
183
50
43
68
384
251
11
2340
1625
202
9193
1487
1133
103
2868
309
433
1302
47
3023
305
10165
864
450
1644
893
278
1531
761
9100
1
24569
39
137
1950
75
100
14148
389
477
1910
3
81
3876
7507
72
401
5
304
147
94
684
76
35
4392
6
28
7904
2235
6453
954
161
2160
598
2252
1
508
74
1375
520
92
2566
784
240
355
17926
3
982
22
636
454
769
6296
743
1541
11297
4877
57
81
652
508
8930
19001
407
16761
1717
1278
607
5
2874
238
194
17605
4
261
7246
9803
38
164
48
67
100
1
1871
661
51
320
1
791
19
1147
570
141
4155
1185
703
43
25
1245
23
577
2033
554
291
1109
21243
3358
944
343
19253
1904
247
572
853
16
124
2369
2999
314
70
260
5878
553
35741
2021
11671
154
15
37635
1339
1084
1662
1207
49
246
2680
60
646
1064
121
41554
75
23
3085
68
1844
1658
15
1377
158
48
919
6007
1733
391
285
29966
2130
465
899
62
2286
104
737
22420
392
227
3457
1184
5588
677
11590
1063
725
244
571
5
1
5678
2
489
149
5896
1117
5206
40
3101
445
73
39
96
9314
1
231
9
438
2332
177
121
1540
1493
808
35
2810
249
19
163
259
1
53
857
2539
302
921
319
841
22
11
7520
1051
894
376
20
17122
953
2
307
380
8273
5037
154
17883
1455
194
1465
1055
53
2206
141
107
202
83
445
7
37
20212
602
125
25
182
34
196
289
2101
79
198
53
59
292
791
7320
131
499
3762
138
158
28
278
1846
11
15
100
765
64
517
856
5514
336
444
419
452
49
13
181
22
60
5140
290
1184
147
1945
45
282
4471
1096
36
172
1552
21
37
1346
6
294
407
56
16565
117291
32
1726
24
106
1393
1786
1
6452
2561
177
20
1222
479
89
3392
1793
143
319
6401
1319
193
345
255
710
21
781
603
242
3183
1199
714
4044
105
2156
118
929
3089
132
917
76
9
1217
83
19228
464
3157
1760
661
22219
200
12854
49
102
58
130
25
279
120
492
194
314
40
235
300
51
554
182
22
78
3
266
99
6436
5347
154
21
584
27896
4339
55
755
558
58
1136
513
25
11937
207
1834
301
126
4800
87
1056
1687
336
214
7523
447
2773
1041
166
2826
67
28378
2968
437
950
10272
947
2034
79
24647
376
19770
1171
5322
183
725
843
5319
707
134
1230
10501
7141
15611
54
20854
997
791
62
1
74
119
285
138
233
1
16
21
135
98
49
13
10701
2294
1079
908
2356
10213
1794
489
878
269
3
3342
81
7150
105
7354
4812
232
920
233
98041
7411
249
131431
68
148
874
10
137
600
4038
162
13764
253
2197
54
76
17744
1
110
362
51
116
169
123
661
497
56
82
1577
2375
1
4
3
657
10616
523
138
100
3131
38
1517
256
342
216
242
111527
5338
113
738
6365
1
9860
52
1011
129
165
3818
200
73
4739
62
39
47
75
1183
62
17840
22964
184
3877
21
182
161
138
475
309
77
606
250
445
139
4
52
24
48
568
357
14981
3576
1757
108
129
7452
38
475
565
109
121
970
58
1833
6987
2106
890
1
68
203
1845
58
56
90
57
51
454
8487
37691
11
145
395
143
145
23
506
3682
8301
59
8325
27016
1150
1224
551
2292
16
472
299
817
6020
172
803
225
28
1097
466
21
34
365
2019
2083
82
5538
4619
8152
4291
77
72813
3426
3561
42
5806
73
1032
390
73
128
356
894
49
1221
96
245
124
28
74
25
4
3460
4221
524
8847
244
772
991
32
221
55
78
72
41
538
37
3295
84
5
1037
675
1801
23297
2
225
197
8496
1
173
1
52
6
557
46
7778
128
729
32
4139
370
1719
34
1152
1186
1120
4251
122
159
2038
10665
15804
124
21906
575
6533
4233
38
1886
44
365
264
2517
7014
430
2242
2882
11308
47351
1051
1031
559
4825
9731
1273
2472
515
445
138
801
3298
3
1876
6051
9169
190
109
2610
3203
2356
5144
973
662
537
8246
150
7455
7182
18963
5322
4624
1763
4130
1207
4675
944
129
324
113
182
976
2594
1025
10745
6770
4880
1189
45
7346
79
329
641
452
1364
2549
3673
881
3047
904
40510
557
3960
475
230
2957
1996
1712
15
29
189
579
101
2309
262
5037
209
660
1830
1900
4003
88
1960
77
864
770
293
218
180
195
1720
65
724
1618
636
6
1854
9110
193
71
2459
556
341
71
45
7913
33
1191
344
2251
3105
307
33
1344
293
583
2177
870
341
306
49
14213
6348
48
222
1903
308
2
370
401
1256
127
71
60
478
1660
221
4309
17138
4321
50
1
2119
4883
2285
65
844
392
537
787
152
1098
571
64
42
443
279
911
1043
7
859
12434
1
502
68
102
322
3643
687
215
77
1575
2580
35700
869
226
1856
137
3443
368
409
835
33
305
24
4570
6636
3748
120
856
575
250
2195
3663
242
293
38475
51
110
65
78841
367
938
1678
1468
908
7747
2747
202
50
745
185
22
50
69
18258
700
643
977
14
397
55
147
556
1148
88
379
1793
6002
34
691
2008
18343
15402
217
3476
2254
15119
20437
256
158
1661
5096
77
1840
128
827
83
1546
2586
346
121
22821
44
2759
1983
89
1025
417
7436
48
719
1425
21870
692
399
13
832
560
9
440
1024
50
22
1144
2588
937
6347
3485
6934
351
47
88
50
677
2664
683
48
2373
293
4245
8577
1903
36
258
2218
211
1781
194
45
385
1149
85
4
16
411
7
681
92
286
124
821
110
170
192
73
6337
633
70
204
1888
1611
1
2988
1861
271
2492
654
39
866
1715
586
435
620
403
394
3733
157
10
2821
574
1413
45
88
129
11
2771
32
887
1290
1429
152
594
6088
860
16
13
120
57
2937
1
1978
249
695
3982
1
447
109
1167
2094
71
1272
46
299
307
170
7792
486
774
155
173
640
368
88
3866
153
510
152
67
5125
63
37
50
47
1212
2912
43
41
7066
238
188
2800
463
1820
689
2627
153
5418
534
254
1024
1346
299
71
12
378
1542
647
72
1
2169
171
64
1966
469
206
11
1047
40
92
35
414
158
1162
4149
1155
162
159
901
102
115
55
15
977
3
42
10
452
90
44
74
19467
253
3538
9
164
2433
203
7797
131
93
8493
247
238
51
57
96
953
5
161
130
600
988
28076
86
1815
849
1
145
234
738
43
955
613
472
1261
120
77
14
1333
2386
55
116
2338
3858
452
5382
1870
110
770
484
106
231
195
61
3006
83
3910
69
48
68
839
68
827
3249
540
354
2245
161
300
98490
1600
285
1479
98
25
83
1722
113
575
51
80
3835
554
7230
27836
3963
515
67
14652
46
1
254
2293
2449
312
107
331
4
6
3609
11
177
41
27
1
331
2111
1225
109
135
146
1545
19
56
456
3675
2
858
5536
364
8356
103
102
1986
1034
1269
197
641
1453
822
1332
167
12
1725
526
232
8093
82
106
1161
23
329
83
443
208
269
5335
180
89
852
54
95
152
1236
876
1481
107
1443
136
32
1094
59
96
118
209
2737
292
4
373
2970
129
855
65
1
10
6108
1
75
1099
5904
8353
50
51
35
254
119
126
47
82
1900
476
103
297
103
977
180
510
57201
814
13799
208
530
1708
79
123
1879
76
176
248
2726
1644
267
230
247
368
11292
6093
116
1522
2222
15110
1642
685
1730
4988
25935
1067
491
1111
1728
1316
444
1138
1082
15
13708
988
201
281
251
1891
21
212
58
455
133
805
330
3365
2482
203
1191
1030
1945
1480
746
7309
66
4663
613
269
164
1332
2700
104
1440
1489
1404
6
1437
1
522
1080
3619
24967
730
1133
53
530
76
4248
172
203
214
2389
75
381
1
970
1
1119
990
69
839
112
10
120
321
39
215
36
1568
132
118
84
124
3
458
398
485
394
714
5740
13893
74
70
1488
1151
52
152
723
24
131
2663
23
59
1560
404
976
256
146
1364
1989
1757
106
33
25
3499
4653
7
10991
28
135
364
192
320
20
859
781
365
96
47
12987
34
9
27
1537
5102
351
298
7482
193
5140
133
306
221
15
81
17
20
977
2143
52
117
1536
36509
279
33
58
287
1603
121
283
40
37
51
81
28
223
1654
389
1
3679
188
808
439
974
85
3187
25
1150
3090
266
567
208
4595
814
2277
287
727
454
104
164
1
303
79
1
117
27
3800
158
85
25
73
3404
64
2
37
5386
187
12827
192
474
26
149
34024
243
167
947
76
1
266
1
2035
10
129
91
258
7
1085
1
479
18
71
67
2018
3841
1590
2264
1791
455
2795
1
384
33
71
7760
216
143
58
101
1614
613
653
31176
116
12420
1317
8
3367
463
10301
145
610
40635
132
75
51
174
3889
557
714
1918
1
4018
18914
1715
24
504
6397
116
156
59
1808
362
28
244
1265
489
73
586
3330
166
274
223
3638
48
2371
21
11358
3549
5
1279
740
298
833
28798
643
10980
319
16015
454
769
3880
769
85
1655
157
1562
5578
3058
194
356
5
48
13
131
342
90
16
88
13
10392
3977
420
142
10688
190
675
541
8
100
75
484
176
6144
447
8
1383
7
38
243
140
1469
1304
128
17521
1121
2299
2332
38
211
1714
231
415
1336
4127
1000
4088
2441
5542
1159
1954
3820
1660
14
96
5047
191
928
45
2343
3809
1677
26
147
210
287
587
573
189
70
4
204
312
46
314
5
20925
1971
300
171
1253
172
116
1
5486
33
7728
6986
130
4292
741
2287
4472
5771
1227
871
1823
964
125
11635
113
3554
66
235
4573
190
51
8419
416
15
58
82
1
619
829
565
43
72
486
26
890
194
1429
46
398
5
110
1
562
228
27
1416
836
1006
7207
221
177
229
1685
241
28
179
897
37
8
5643
12
8197
63
2784
54
2188
50
1331
40
42
278
6832
49
18
1
273
57
493
2500
816
3427
206
522
215
959
1325
8617
1621
6207
706
24
31
1215
3
670
206
55576
7376
919
9804
43
577
73
62
13
6020
102
1268
19
924
209
3271
253
175
6
9
69
183
12699
1096
24
25
108
4245
32
5
226
678
164
154
29
1000
1050
47
82
4416
79
7154
321
61
213
123
61
90
510
78
3867
852
19
33
7
5833
6386
5585
134
1084
51
137
232
5
719
42978
389
1178
80
364
114
7
39
807
597
12251
36
514
2165
255
2144
7970
108
59
71
140
1014
937
695
1640
12834
223
5570
16404
4
652
184
148
250
1587
46
761
5186
254
18
163
2103
566
559
1315
31
42
955
1285
250
2263
98
141
547
536
314
57
3609
6879
181
220
2832
879
823
5
496
510
627
4725
643
1
107
2265
13
40
403
2479
1939
1
159
195
47311
257
261
953
265
37
48
100
164
3606
1091
400
195
290
2608
158
140
1086
36
96
33
176
8731
5976
252
151
77
582
133
16435
57443
2108
2654
12796
162
219
1634
106
3674
18
944
24
768
31
1626
4616
423
212
4246
999
124
547
483
51
31
85
3
544
5702
873
3150
33
169
90
1792
1472
19
3049
4022
36
781
215
1
448
3
3559
3815
8203
7404
2225
142
157
92
112
2
66
50
1
164
4219
37
166
620
2419
231
1002
187
2622
117
83
250
7849
1
2861
370
65
372
1421
412
669
213
642
258
72
2427
712
634
596
120
116
41
134
109
464
65
74
1
11
483
769
8741
58
357
14938
39
65
3198
896
365
3320
1161
57
431
1348
243
654
176
44
2284
549
5259
4207
69
5452
24
1261
464
629
64
1205
11693
292
192
331
26
23
2518
3489
652
144
1178
3630
783
65
3
1
664
590
2
66
563
3690
87
2104
4
1840
1
109
1
1171
4601
3489
74
714
243
13448
69
197
1764
89
482
134
48
139
4
12755
14196
2914
600
174
36268
77
9223
1218
5513
4175
4578
3343
939
278
3852
1140
3377
1147
394
125
170
3204
101
9073
595
97
156
44
659
2018
113
822
122
3051
1657
28
41
2331
2421
2585
181
4592
50
155
982
2250
532
739
4230
72
2069
74
3478
493
239
4557
315
669
8
192
137
909
82
193
1942
174
65
78
193
2087
824
84
132
1
72
126
5270
1289
10
320
148
59
222
65
21
403
260
3247
1523
4485
792
14
60
146
299
604
31
322
395
1304
602
224
658
1032
156
3185
14066
507
193
645
110
1124
3564
181
1775
3
1
1369
420
499
1701
178
616
377
553
140
488
553
185
54
34
32
276
8
873
1328
170
12
12508
1
41
2049
8595
7
626
65
85
10182
4009
4280
6893
384
463
197
1748
2192
2776
167
529
382
2074
2274
1412
1835
236
120
3318
1937
62
6157
652
77
257
485
4473
1556
1
1834
96
128
2638
1924
297
117
3
2176
267
388
126
31
81
97
2707
67
58
161
184
1680
1835
194
360
4050
99
4232
4450
305
2087
1811
754
37231
453
348
7
1567
32
17
2665
197
42
767
4698
2188
3
416
536
42
103
1
228
15457
392
2989
61
3
4863
710
611
168
13
40
1243
171
5847
701
1517
64
86
1284
422
33
146
14
82
32
8346
361
4257
212
201
27
71830
69
1982
1865
1426
2599
453
93
2380
220
40
71
344
204
29
36
5887
23
26
35
732
2
659
11513
354
210
79
10
4077
417
153
64
3149
3817
8216
3777
411
1290
72230
297
257
102
114
49
120
665
1885
162
1922
819
125
44
426
1281
63
66
68
1702
1
86
96
28
20
386
31280
204
459
193
26833
23
621
1241
75
89
973
381
1731
378
27
3
4294
640
1674
102
2870
800
1303
134
1
1341
255
387
195
467
149
524
435
1735
873
438
5016
10558
4874
161
245
8811
1841
160
216
3709
132
23
3875
213
1009
1247
2164
41860
761
547
5314
620
45
1012
802
1809
1181
2756
30
630
74
3686
917
174
27364
846
761
91
515
9
6569
846
1713
117
3114
321
8
485
91
235
245
343
540
6749
2616
18131
40
36
9
147
3038
507
42
201
76
598
13
28637
1885
1370
1150
125
137
340
1105
1043
1565
91
522
38
107
130
2684
636
81
36677
460
95
4798
923
163
943
332
1179
3597
2395
5661
1025
787
78
274
2097
11
4133
4
75
62
22
330
839
41
549
65
6314
15
352
52
858
1070
96
70
101
1753
122
1248
33
16
5333
146
12431
13
170
97
56
1222
2229
113
5455
533
75
11
108
226
104
140
280
201
134
50
1033
1768
17
29
199
1059
153
2267
57
661
39
83
70
51
984
125
831
6380
74
249
1738
3483
46
1
735
6047
178
652
639
70
4099
12553
337
67
200
643
1016
551
1
28
563
95
89
472
97
43
37
290
116
35
1073
71
6795
337
43
198
91
668
141
378
3471
441
52
214
828
30
13
69
122
277
3065
217
577
11
129
281
1417
721
160
10756
108
40
10
24
3568
164
3091
2420
770
769
583
6018
1920
6217
93
265
95
3079
10794
11
1
437
1176
1380
219
536
213
370
814
3029
5941
403
2069
504
396
50
642
788
482
177
1110
96
105
92
2694
352
9357
13
191
1
197
1903
53
29
16
1011
215
1
1897
256
29449
393
2846
2480
318
147
1777
262
423
34558
284
41
3142
7
1
11
5027
10063
9798
117
8
1711
38
151
1098
4109
27
541
528
247
8857
491
64
6
229
201
76
404
150
2
2
110
34
49
151
32
71
1
3579
14427
53
251
350
27
298
110
670
793
51
803
5
360
28
58
1538
468
111
544
8
1667
1036
1
802
228
49
113
107
31
655
3099
187
99
36
629
12772
22
12431
2030
459
67
16037
372
65
9977
529
348
1070
108
4154
4388
52
43
66
24
8
28
1099
506
9771
94
74
29
116
1094
279
312
6
470
13855
828
32
204
3030
5
105
9
552
290
1052
30
150
9
36
1419
4
15799
1867
584
59
2875
63
785
133
1036
116
9551
10
3060
4552
1451
41
9
325
575
1
907
1419
126
3798
888
464
2799
143
761
1
55
8135
52
101
379
184
61
56
475
187
292
218
67
70
97
9459
1530
1774
356
53
294
32
1830
1868
1216
81
468
182
101
226
98
274
124
920
573
4555
2989
5531
2926
413
834
116
803
5
916
608
5085
12
41
1225
289
1503
909
22
206
496
1137
311
23
3281
17
276
1642
1184
77
1077
182
127
99
323
904
78
1388
1
5995
16
1579
66
113
112
559
22
28371
7376
13305
110
994
648
1165
1726
1619
1925
2228
44
2508
78
1
15
4257
13341
105
323
1054
25
99
5252
10
1227
432
139
464
45
13
36312
595
13175
21
13803
516
128
193
950
48
1170
524
619
276
842
5444
697
198
87207
4
50609
5649
4365
4660
137
575
37
5097
63
1034
1222
2940
2510
505
261
2734
40550
322
855
46
18562
2242
552
314
34
1184
16
4
1647
217
3355
35
590
85
18
130
128
1039
9065
87
2379
811
15986
87
5219
249
302
397
18
82
588
33
47
227
4866
44
12308
177
367
1243
1066
210
79
235
36
1
460
782
9429
40
702
320
100
275
343
56
491
339
144
153
613
221
1
2161
7949
2265
1082
744
78
1930
225
1340
304
1
752
11074
846
18
1279
68
64
14088
124
1113
220
97
43
8
886
5596
598
2487
2072
92
56
41
218
13685
18
50
607
782
72
1331
14803
107
516
281
330
409
58
108
59
1904
1125
754
5960
13
105
71
4571
163
2073
92
34
193
4178
10823
2128
495
9161
182
265
40
207
1903
35
141
1
20472
3581
1
1513
195
17237
141
358
111
119
4213
1746
758
137
1
62
114
198
84
1093
324
1203
102
385
54
30
19
47
26
231
40
586
319
51
1658
178
622
78
1116
1399
33
283
142
409
283
1
86
46
650
28
33
1
230
99
2082
1807
1902
1
900
74
439
64
938
410
6
1
7
14
6349
2252
26
3828
85
61
361
446
103
35
1090
50
704
48
610
362
80
99
5469
2912
2133
532
133
12
8126
28
3236
784
88
1773
54
681
112
516
140
142
640
193
37
137
124
124
64
151
2551
1
108
191
684
256
184
69
65
6497
87
3
3243
918
436
1140
44
289
2
185
123
55
35
124
90
25
285
281
49
2825
22
2630
1283
11
27
922
76
39
59
557
8
408
60
518
97
15
204
25
13
227
3
1146
236
358
1157
4
709
52
51
8850
47
5705
766
92
79
246
4875
147
109
16
45
419
1150
354
23
600
320
11186
454
487
160
1
1
7
4655
1387
593
1220
10
1
347
303
310
774
93
1
4108
184
55
41
95
383
54
2626
46
67
1004
536
3078
323
1945
1
8905
309
8
1482
1133
113
473
21694
498
889
66
23
6550
11
101
1
153
142
988
99
1295
3411
146
55
1
299
41
477
235
103
18
56
141
81
4773
4382
366
970
3511
1159
23
749
340
3975
604
3077
20
67
7748
2060
258
64
444
137
56
319
622
29325
2039
216
58
1751
748
321
3855
890
236
2986
936
52
9788
9479
175
1409
540
347
2478
213
4723
16
1141
1864
2576
21
4080
4709
2019
1181
1065
12
162
3115
797
1011
578
239
932
130
1
24
561
437
3655
2745
347
385
5
100
3720
140
1227
219
560
555
3043
126
437
6
4094
70
2872
1258
158
120
3786
612
42
158
35
5
108
310
39
79
619
884
90
16
266
384
129
19362
117
183
992
9957
505
579
111
106
36
326
250
512
421
289
608
5
1078
920
3210
8219
2428
2157
144
1521
4
136
838
9497
1177
23
378
39
1308
605
755
57
12089
586
83
4766
707
1455
129
812
2028
3982
6771
1180
264
67
121
2465
31
260
8167
228
92
756
99709
1436
78
77
202
1902
7
390
57
7900
15
152
2496
40
11263
2845
216
50
4273
99
1113
312
1279
731
93
112
556
17
166
378
109
86
53
2982
8
379
1230
12
5
1071
32
1
61
496
864
169
260
1413
59
10683
82
36
88
8
500
5
90
120
1067
86
18
321
4985
5012
99
697
195
90
90
76
46
26
140
5
216
120
47
111
78
2627
481
255
127
219
10697
836
507
4593
1677
534
788
1008
532
1727
4
343
147
380
119
60
550
2
49
56
1607
19209
152
100
16
223
52
212
19
112
1417
124
5884
62
11
516
1
4
106
260
288
34
58
1
82
3289
34155
598
8848
31
114
163
807
961
175
75
215
1277
135
1
89
141
4
935
74
2401
25
109
1188
1677
515
695
1208
418
43
886
1
196
3985
30
10
27
459
961
164
378
597
915
254
108
15426
1839
563
2198
565
351
2516
8700
8052
77
1867
7
171
42
32
346
109
1616
107
506
557
7269
1471
591
141
186
434
9
496
913
88
165
1430
51
162
716
3192
6508
85
187
646
982
462
72
1149
155
937
8940
136
174
1394
619
557
100
2534
128
2
1711
792
112
731
175
2795
1487
747
1223
1609
26
696
1486
140
960
10472
853
560
6805
1193
317
47787
17884
708
724
53
4199
14
3541
5385
31033
4394
359
7655
1301
187
784
138
219
29
359
528
2472
6219
1581
1474
2
68
46378
1469
49
4231
489
285
52
79
155
307
105
1719
41
2381
113
167
969
1
82
368
1
1534
1606
231
72
4
268
1616
4135
322
1693
168
83
1
7210
312
2437
20118
705
328
2062
2687
221
91
2
1430
1319
4587
963
315
799
84
1402
23
438
310
1511
305
7
2594
27132
239
165
551
282
5919
423
24
399
150
445
219
664
820
118
188
381
656
3863
22
1695
472
1069
989
1500
2840
330
773
72
126
1473
438
6291
3940
181
2793
72
318
99
2073
760
3
1086
142
786
275
4183
590
751
536
210
799
1228
6
45
30316
2098
1108
8720
444
9007
1583
30
755
8417
301
1075
1
3259
8916
661
714
258
1400
1687
127
1
236
107
127
465
2805
1
356
1536
126
75
9996
72
44
1
140
5
1017
833
2639
85
157
46
32
6598
34
162
218
112
540
2656
215
31
1726
52
142
50
61
39
67
57
28
129
63
476
32
16
1
2530
131
216
56
281
138
444
7
56
86
667
756
3909
223
109
69
27379
1
5096
48
1
40
34
1557
99
153
9
115
42
366
1075
384
14275
5116
2126
2808
129
28
103
390
293
244
2055
75
173
429
1569
915
153
3404
54
1036
1553
2718
3056
798
1814
124
377
2712
3845
3970
7
4
162
5317
242
42
1
475
235
110
120
4560
134
14
1955
680
776
1038
2544
3
129
2330
1004
7
1880
24
2983
186
98
5432
1203
59
1143
989
67
162
208
206
39
378
244
310
40
4
2
77
39
1571
206
3
183
1402
970
78
27
7468
899
187
1276
705
92
20
670
496
2909
1211
459
222
13
19
19
50
240
862
268
3
537
352
39
942
36
311
1270
93
77
7
12
9
445
224
305
41
1179
29421
95
99
147
720
8
216
234
3231
2684
1133
45
179
30
447
147
470
206
1032
5521
83
129
36
95
81
247
65
816
114
215
250
1890
1
269
602
813
14
2
3964
53
128
7710
9
12
36
36
110
90
103
21
239
400
177
321
355
21
151
3571
6
1428
366
703
724
140
15336
5651
53
138
1
1363
29
544
5167
10
3320
102
49
1179
1487
1
183
51
3
444
797
73
79
129
82
559
59
484
2221
15
4701
1219
53
1
5
464
11
122
220
29
94
759
560
496
283
1842
55
18
715
85
350
87
35
78
6
80
111
481
366
47
127
235
95
337
4186
908
586
25367
1577
2264
1741
948
187
153
108
6492
2655
14
145
639
1500
833
287
1410
99
780
41
66
2849
9
28
126
106
1135
102
61
135
1
217
60
64
47
283
233
602
272
8
2470
7
2009
806
21
1
1
248
391
2
573
472
99
343
72
1044
183
683
217
369
1
363
91
33
28
216
100
372
1
3628
18
108
61
50
2860
29
261
37
2130
29
116
6799
850
352
16378
1563
237
225
10
524
3228
103
835
48663
855
2870
60
7209
179
2229
630
4864
1003
287
367
463
185
4744
9026
29
55
1228
243
290
266
337
1185
523
218
33
1193
8916
12205
5773
92
688
1320
934
46
224
20
682
1156
91
158
250
108
19366
2229
111
844
908
72
343
449
2261
10655
190
375
473
609
235
479
84
27
135
6
75
687
82
200
227
345
185
225
8
520
34
622
50
964
3096
1
1313
62
1004
67
5833
130
139
194
593
95
301
84
74
35
165
702
402
3
413
33
42
4
402
4
139
214
8988
53
154
33
44
105
1400
185
469
21
747
944
2
535
304
5027
55
100
349
714
252
101
166
65
6
287
1
474
146
123
37971
696
76
3905
4388
196
2419
309
80
24
1
863
3916
90
403
390
36476
6742
5713
924
2877
16497
7078
2184
762
919
1354
1191
679
604
5
349
15
106
32
239
32841
32
158
249
1374
62
120
30
3
131
1441
50
6875
372
3306
73
789
174
957
37
158
73
148
548
49
57
23
30
179
230
964
631
153
1067
1341
66
327
727
4863
67
100
10464
854
1791
815
24
389
166
113
153
1960
125
239
411
8066
715
118
116
1339
979
345
771
151
189
74
79
518
262
4267
950
149
1929
288
2869
46
3483
225
188
10053
7374
4023
5811
181
1448
301
726
703
488
653
188
40
1641
441
2516
31
320
1282
1403
7670
464
1809
257
6694
439
37
184
8931
765
4121
20551
32
1173
107
2792
362
399
1629
1593
319
1511
492
629
1
1643
19
208
20
24
3
140
6859
799
1566
147
148
786
5412
16
15
124
142
1182
921
805
38
179
23
2398
456
423
142
8822
259
1453
2344
815
991
2341
107
911
28319
32
804
55
67
902
107
665
2437
57
2014
159
168
123
93
3793
444
350
28
137
571
458
144
48
561
110
1475
191
959
3560
733
140
235
938
137
230
61
100
572
235
1035
254
15806
267
671
2
752
23
362
3961
70
49
713
36
3259
3802
768
2371
1
6556
178
293
3319
5
57
95
20
410
9223
26
1194
81
83
6291
29
3361
1289
14
2
241
63
53
4
2265
215
61
73
161
16
137
10039
11
99
4276
2542
1416
234
3500
251
230
9
113
25
485
510
237
68
18
59
104
10
12
996
232
83
11
12
6261
2896
44
61
9
598
6359
1089
3
53
66
168
1502
185
4219
42
28937
158
416
31
1193
236
14
333
2524
341
469
54
91
4
28313
400
1392
58
86
41
393
151
753
7460
31
290
26877
3125
716
3387
3
363
915
795
1676
2401
3173
290
2517
9
146
831
57
227
38
228
500
12893
1566
976
984
3152
253
8
1642
100
31
358
5590
1910
146
4
134
368
239
54
151
36
169
336
1803
1827
79
98
244
177
56
193
62
1771
1248
30
492
1580
263
136
44
1
213
910
188
115
283
2692
36
437
4
35
3
144
9011
2113
272
1985
3186
41
52
1588
409
173
14450
13467
2690
1472
56
115
66
536
118
1482
929
998
529
1126
15
88
1311
5324
146
307
329
817
720
176
7
267
156
1029
183
1589
456
218
5
71
730
360
4218
1960
9437
17830
2610
117
373
2900
346
10
1171
60
256
2427
49
489
80
28
454
104
9
460
15608
70
209
133
1419
2448
266
4953
339
858
5
9
2251
259
35
17140
77
3361
237
1505
949
805
8257
160
97
1493
9
233
10
553
257
1
217
326
206
1151
28
27
36
1239
139
729
33
42
13
713
1574
1875
376
1391
4735
209
889
1710
141
3271
348
679
5704
703
20
66
3496
230
105
1263
144
18
9585
72
489
24
159
276
347
594
1036
134
85
521
2049
89
27
8
490
782
155
120
50
18
145
619
377
1137
872
69
84
17
70
102
428
61
10487
378
53
2527
75
68
82
12
178
806
102
528
49
231
96
6
399
518
250
16979
270
77
294
329
39
95
13436
33
359
1
84
2672
27
272
273
424
376
135
1
34
54
211
4284
98
133
86
15
30
86
112
8
100
386
72
1629
723
643
497
6156
332
1252
64
3692
210
553
257
7112
193
630
728
830
4255
387
767
266
179
749
95
3
1
45
1219
13
110
937
1158
23
16
1213
356
1679
195
15
70
99
118
9
142
183
236
836
493
126
29
3366
23
523
311
12
138
5769
1039
1082
3095
5678
1
1740
1175
67
49
2955
86
64
34
1235
53
734
32
289
2567
975
277
45
660
405
1
511
110
1311
6281
119
96
119
31
257
69
252
784
1
90
24
394
22
3294
22
2
999
64
354
2125
749
184
30011
3324
238
55
5306
7
20
3743
4
33
83
868
357
780
4797
534
461
1398
215
1
101
6027
1166
179
337
1610
1
179
1
1330
170
3668
47
272
11821
724
2656
36
49
18
38
218
7
20
103
215
9
109
3157
97
114
13
36
796
2
7301
114
590
2729
37
2951
29
1056
10
230
1485
613
87
318
3
1961
1875
23074
1824
129
1006
173
313
192
5532
3551
196
549
410
1983
24
1488
2764
51
1382
250
122
453
65
1461
568
982
96
5
12462
86
1412
1577
72
110
156
24
241
832
2
81
74
117
141
4617
1
99
7
119
400
297
82
4314
26
1
106
1139
439
129
805
475
234
825
207
30
82
289
690
1274
12365
138
509
3014
63
61
953
1421
1
722
1276
649
276
4140
756
341
304
70
6091
2051
7
131
1188
2557
314
44
1992
373
407
161
608
1837
153
2448
10
44
1813
1472
61
152
41
49
79
158
638
263
164
6
75
14420
179
2
120
63
2086
75
3202
57
2562
8339
288
202
283
1871
274
4451
202
514
3299
79
32
20
47
1
83
26
31
29479
42
36429
100
1247
246
24
362
67
357
434
3611
1
929
208
766
671
822
3
331
2747
23
128
1548
42
105
75
39
139
217
456
1943
22
1077
876
940
118
234
13
1079
118
1468
3488
1
118
51
3371
2442
416
82
117
44
22
163
346
3807
1403
102
16
790
60
57
254
535
82
101
50
312
29011
377
445
165
1600
107
203
142
989
727
2325
207
365
469
1837
210
117
10
74
7834
6381
1419
1
2516
95
70
1641
1963
2661
1131
127
1016
11222
15802
283
3700
1730
173
3918
657
2796
98
355
115
1639
202
951
1848
69
1
310
26
746
29
27
4
1
45
323
5511
3885
3643
65
2627
122
781
2056
1603
540
1378
7146
239
801
48
63
2
3233
469
1274
6153
165
73
915
2881
1264
112
4795
302
1
1560
24
17532
876
222
633
617
1035
171
819
809
9
148
243
50
185
1
299
661
217
39
10170
5
120
1231
577
1683
1995
384
110
167
7850
212
785
88
87
175
214
12037
650
373
6
39
131
31
1056
543
134
11
44
3
310
1502
2926
120
11
266
66
789
56
6757
1546
78
1077
90
91
110
708
146
39
111
129
1061
47
315
726
55
359
63
459
657
750
151
632
107
128
361
252
1001
1189
129
244
5
20
44
137
240
337
64
160
18
29
11
928
52
57
400
234
24
37
3469
80
973
37
138
170
82
42
63
1
8
8
50
29
45
10
579
1559
1804
2922
54
9620
268
947
323
4176
8828
504
16963
492
467
6747
75
905
31845
303
104
44
52
41
1296
100
513
739
2339
809
7201
469
76
179
2
53
246
2532
1441
230
29
62746
586
39
38
301
439
233
858
143
6
232
9
95
55
132
80
60
123
2
509
282
75
17
525
69
477
53
1
31
55
721
189
420
61
239
98
12
4763
1795
2690
177
227
441
3871
325
310
50
35
1
629
630
183
21
70839
2318
2748
68
119
136
61
186
60
51
32
1615
197
203
118
171
6
30
273
114
15
77
37
183
115
185
126
18
435
836
126
289
55
28
2180
1883
427
981
2822
3942
2377
313
80
1016
367
69
146
387
4761
4304
113
2737
114
6
2851
176
572
1047
44
49
33
140
91
802
46500
664
222
2829
1874
2417
326
910
6374
491
68
137
112
375
225
1079
697
137
264
2698
78
1159
415
2160
2044
517
2524
1188
2639
47
6401
446
687
17
1
1735
127
604
41
251
2477
840
351
39
7
127
828
1675
91
8991
43
472
1
97
2677
842
45
122
617
11593
240
1143
165
14
114
1436
36
164
6587
2608
77
752
33
1447
59
199
951
3191
792
7924
81
556
1006
19
93
3
1740
28
24657
280
148
109
189
317
1381
338
70
10
171
968
944
139
3577
143
3248
92
50
688
177
1181
43
41
1149
42
343
45
5443
1758
16
1
857
1802
164
115
836
11
495
13
98
4
100
50
181
534
2867
65
4
699
369
715
1103
564
40
1
63
80
165
14
900
105
1008
889
628
1487
590
299
31
468
97
47
166
113
983
21
145
228
18
135
34
19
41
40088
78
80
80
4800
2540
41
83
113
101
3
1
46
336
7
1888
2066
618
1710
1535
54
3290
18318
915
464
475
62
70
257
43
82
359
2
1718
325
86
1
274
46
1
1839
350
16
141
465
70
2326
4
24
22
27095
90
492
428
36
28
511
5788
147
87
111
4101
2074
122
39
321
4
42
669
5
79
12
579
106
1
586
275
153
1562
340
642
20
56
139
71
141
31
705
170
155
1026
122
394
866
43
1749
65
529
68
27
25
103
1316
394
1264
8
270
13
476
200
232
1549
4314
55
72
5080
1536
143
384
742
2980
4791
1046
67
714
48
143
571
1
1
102
157
881
646
51
5734
1346
1108
979
38
411
18
1015
144
1712
55
161
54
760
63
6024
36
802
5606
671
88
40
89
1689
116
152
685
434
36
176
123
118
79
159
11
251
14
2074
530
25
41
6374
2606
23
309
2013
46
874
6
2147
776
2251
1066
1848
561
1215
659
176
1636
143
9
25
399
33
39
38
152
118
38
21
388
58
51
94
4
254
23
144
879
1452
121
4851
1102
177
11720
363
2
1676
159
119
174
2009
1359
261
4115
21748
853
734
664
104
1816
155
137
3286
1
1106
2
261
1130
120
920
308
505
1
1494
283
1777
13483
177
9
25724
13
1069
2712
79
329
2
185
46
2333
377
88
335
17
205
1501
1935
99
37
432
344
662
4232
80
308
139
527
1
2631
41
597
102
156
236
40
197
205
365
393
5154
1061
46
781
11
975
834
94
67
159
422
42
1
1897
5697
5
5483
2693
256
122
76
259
294
38
905
1519
867
275
160
299
56
16
27
55
1038
24
66
469
689
57
185
217
437
346
33
178
149
140
272
58
1718
296
35
10078
263
132
611
3414
74
34
80
1
131
431
111
1812
10098
145
494
38
10
168
1141
72
652
120
113
45
1254
3
66
1693
144
23
505
63
696
93
51
3391
2444
19
204
89
331
3601
275
320
4111
172
261
2169
22
157
53
171
78
642
29
30
273
319
51
754
37
49
388
6
264
30
4375
6305
433
11
125
49
12
237
22
9
933
2066
250
171
1
60
782
43
288
1206
103
183
350
799
157
211
1195
1023
1585
40
18
58
536
299
751
466
60
132
100
46
229
634
176
1290
549
130
49
268
83
1124
59
1301
966
201
92
894
821
65
2688
2120
96
480
726
45
1581
137
510
39
83
2433
381
3885
10899
4242
25094
31
101
115
502
1235
952
48
1183
263
20
256
373
454
273
69152
526
3324
1690
105
31
40
703
3
206
3792
119
180
95
33
43
715
125
41
315
233
72
22
36
1
176
474
103
208
88
312
149
1801
1831
11
52
1
8256
6
966
108
108
60
1685
115
1
101
21127
447
30
67
1036
1617
429
29
53
26
299
24
188
134
1394
87
72
27
41
534
101
8
89
15
784
2512
3277
44
18
149
10452
344
123
22
153
48
31
1
120
324
841
52
1351
157
812
95
209
4002
143
3937
40
116
28393
44
188
107
2163
49597
623
809
118
74
3273
57
114
313
682
30
42
8
727
316
308
1718
248
58
383
371
5880
472
30
192
6
91
745
9721
2811
152
245
2180
312
843
197
1753
6019
112
2928
426
388
1760
4382
2152
652
742
197
1456
365
9289
591
1837
1259
455
270
12
5081
171
1892
174
178
12207
3808
122
40
479
162
1855
23
50
48
35
76
533
56
1449
71
179
1442
90
1
9612
8567
13
218
20
30585
4177
1002
1282
51
109
148
224
261
3238
151
23
6
968
3343
438
2205
1
6
524
10300
109
88
82
1
65
49
479
1
2
23
2715
1082
3551
145
103
2376
736
702
548
302
584
36
17
86
268
329
222
26
4333
93
874
485
319
61
69
18
19
287
653
2
136
376
260
160
163
36
211
15
81
63
212
40
215
623
2219
338
3196
1281
593
854
1649
381
253
230
2754
110
631
1119
3858
251
107
490
63
291
271
470
1568
108
85
70
40
233
600
2000
23411
162
3534
2588
932
16909
49726
3685
818
146
411
75
188
145
540
1
918
293
99
76
117
178
288
22
831
39
2
121
15
100
3
29
46
237
39
1976
81
39
4
8
26
1449
11
4106
816
43
2206
229
396
923
1
158
79
204
50
15
1
165
554
1
59
3
18
35
1094
121
32
49
548
218
58
3
7220
147
592
3460
76
27
47
582
755
689
27
39
60
197
1779
48
2180
8634
450
257
48019
572
1500
730
530
121
52
614
680
134
832
401
3901
883
18726
8
1624
2423
2
29
387
50
94
1130
2425
1262
522
482
24
81
2809
95
1
943
123
8909
36
206
4133
45986
10
333
925
97
6458
162
151
597
110
34
1
412
175
90
33
59
38
176
2155
8793
416
923
23
2092
14
792
2308
58
2243
341
16
54
1836
2250
1085
311
134
29
23
404
26
55
27
130
5036
46
2659
39
282
53
2456
2652
87
371
50
55
571
63
81
54
71
51
109
28
185
375
1
230
327
49
2539
18
78
53
358
93
75
209
12
1
304
285
183
118
109
59
1
1295
24845
321
190
91
1626
11
127
173
252
148
485
535
94
148
310
108
176
3
455
152
50
81
145
4123
622
715
3221
1613
3015
7984
310
10
612
18
264
470
107
1194
211
36
189
16
64
5
1
434
86
61
117
321
304
4251
2760
1778
146
48
400
274
19
39
27
2037
1241
12
48
7688
2062
69
144
316
84
550
83
2015
62
20
49
267
57
387
23
3340
1
1
195
2
122
61
42
44
24
4
33
345
1859
153
690
1
359
35
43
30
4
1534
1
327
1758
1
330
319
581
7478
10811
1200
1
1
18
8
51
5
404
70
159
97
13903
3657
37
281
7438
1319
462
468
2966
133
136
571
2470
69
45
65
1738
660
4340
5796
189
267
113
240
63
43
107
122
4329
522
139
159
555
703
155
70
3095
382
362
892
88
17
524
107
133
117
1
460
4866
92
998
422
22093
758
56935
28
321
4387
892
3254
352
837
729
73
1343
18443
1862
216
9579
84
2611
834
723
73
858
844
34
1252
3524
640
2918
4473
5428
11
1814
139
254
1298
509
272
10
1688
8070
13367
327
5
357
345
196
47
1225
123
157
123
2688
12
37
70
33749
1025
3688
2095
2079
723
144
277
20
1992
914
62
188
56
281
203
97
4670
3331
19
43739
195
34
237
628
826
181
913
30017
25570
3282
2261
1604
172
716
1
44
232
39
5462
963
2
550
1444
925
21
1181
1670
91
964
96
1589
1554
161
131
3170
7894
493
148
295
129
147
9597
34
151
35
406
175
1559
925
1
8875
2265
658
69658
141
671
11713
2992
11
59
2407
20521
1356
1
42050
39
148
1946
671
559
713
182
327
154
242
1766
5799
49
2005
174
121
725
148
2149
1
13547
545
127
1328
16927
1356
154
50
84
20090
31
63
157
572
2095
87
301
158
394
52096
341
36309
99
26
114
54
2614
196
4429
4161
8396
1165
1678
269
346
1321
821
300
2914
40920
443
889
8791
1279
2180
158
11523
352
673
1778
523
60177
958
4452
2661
20748
1
281
42
234
2408
1860
1808
2250
4048
646
620
1874
87
214
1249
52
4779
173
3034
807
245
113
1353
974
239
7986
210
806
1003
3586
79
596
538
335
7
33
2358
23
618
34
1
19
138
4567
1904
51
327
98
1
109
10
62
2379
281
1
19
394
588
307
494
86
558
107
236
502
81
4483
81
769
185
20
1446
1788
6160
1185
1007
486
2309
1847
4354
2254
834
1
29
2342
69
1
1629
319
751
4654
77
228
2069
156622
15
1824
436
156
7853
443
2271
66
116
832
241
238
572
233
5934
28
104
219
1494
178
2260
5967
1423
1298
1367
34
17271
226
764
61802
53
305
587
2231
166
132
11779
39
162
1099
8
137
3
67
2178
285
48
1
118
26
1
75
51
222
1
426
11230
6083
1789
4848
1226
2084
75
1064
977
4951
1284
239
261
115
406
37
1471
327
1771
130
143
623
2173
33
877
16
402
496
5736
28
12
1
195
98
1336
3379
21499
703
644
149
772
1096
140
7467
18
3282
800
1186
488
14423
11
150
109
2832
3868
178
25
29334
337
15852
9
5670
2640
1117
187
461
119
101
174
317
60
291
5
1
222
46
981
566
13980
43
1742
1771
6463
126
17
822
166
125
1406
1495
40
12
350
890
91
1452
71
108
3442
28
185
21
84
2
982
211
1
104
185
1
965
1833
512
12
152
45
39
120
2068
524
2562
357
32
139
3539
217
613
953
2249
128
523
719
4161
49
258
304
26746
199
7958
104
1388
1291
16
6305
1100
14
4
37
30
103
393
1
5
3
285
1
217
308
632
1103
32
31
269
3
67
13
6
202
52
4
20
49
287
481
40
5
482
3
7917
62
857
25
2121
9790
1182
65
5544
61
20
12
4857
438
208
64
5
129
15
7
680
96
2839
363
118
14452
19954
280
125
266
90
18
186
367
1
7
359
28
34962
1
1345
8106
16171
7685
746
1472
158
7852
1160
232
7
5865
1154
754
1084
3194
1786
1249
36
69
14
288
8558
1
6
866
1
200
1440
50
2335
16956
268
206
187
1416
2581
22047
4423
146
401
52
360
443
3491
192
4260
5309
16
42
186
1248
44
716
1531
1526
217
100
7
405
53
1
47
769
258
604
1599
3053
1648
643
235
51
2813
150
93
784
27
138
416
1430
41
55
478
1150
888
31
5162
80
6209
5
478
608
73
2257
21
3
20
300
58
146
1
185
2441
125
73
36
229
1001
30
12
19
66
1
991
292
154
9261
171
151
66
1
49
8
76
1989
145
65
92
80
712
1612
746
15
72
100
288
80
215
4100
84
404
898
3407
95
36
38
23
1
9
537
15147
803
64
2550
116
891
133
1
367
70
657
132
191
69
72
66
71
500
455
60
183
1
2
1702
25
325
32
58
43
401
365
448
107
135
153
1799
345
407
93
2
1134
9
248
116
171
43
3300
2492
1
2412
379
194
67
93
150
32
8878
22311
8
62854
375
18755
61492
3115
4471
15033
367
272
8645
1015
1032
2583
110
63000
41422
245
199
247237
1257
435
36
1062
253
709
2158
801
8
47
364
3755
700
87
44
200
137
278
51
514
8
179
67
52
1296
2481
77
443
190
73
51
1470
20
608
104
152
7
159
47
89
519
309
148
91
244
1
653
40
10
14
7
13
123
140
239
2
36
100
166
1
97
3
3636
22175
7686
41
413
122
726
3892
2799
4245
103
1578
11
644
1064
173
11870
7380
188
1286
8754
941
42
545
43693
3249
57
23
292
1993
147
264
1088
109
2708
35
394
381
1226
91
932
104
71
5
518
22
3
71
217
21
4585
34
129
175
8
124
34
64
