77
1
36
16
1994
911
229
116
68
92
163
183
212
275
46
64
216
39
28
64
140
25
140
41
164
17
44
71
16
4
662
15
277
13
13
34
59
18
96
292
132
77
94
6
65
4
195
133
6
43
316
1
398
67
175
131
109
843
9
1
1
51
5
213
72
45
40
39
33
11
111
66
197
270
134
12
66
61
24
137
52
176
45
7
26
1
156
103
37
48
90
44
143
16
96
2
253
2
56
70
68
70
100
59
50
48
8
43
11
29
117
39
69
73
8398
2
5
130
134
1
50
215
1
4
4
1
151
40
6
19
1
5
58
15
123
1
12
63
37
159
8
11
122
181
33
9
11
20
282
1
113
544
2
8
80
11
81
228
96
13
1
61
24
1626
52
1
49
89
117
44
43
159
307
140
101
86
102
1
187
56
434
124
10
144
176
47
157
61
79
295
13
87
698
27
51
2
3
43
385
6
217
32
24
16
39
931
13
207
265
99
17
40
35
51
21
201
74
29
23
10
8
190
1
90
41
11
43
191
244
57
363
539
57
231
1
22
591
4
35
358
66
11
43
8
65
121
9
58
60
3
194
104
45
4901
837
426
225
2125
1
95
219
30
280
123
65
30
186
3
1
215
30
19
185
146
82
14
86
112
55
72
34
1
88
1
222
8
95
63
61
1
201
14
12
20
15
109
39
74
17
1
33
331
1
21
18
57
1
34
73
77
39
4
17
269
8
15
1
30
26
68
29
291
41
124
23
216
184
1
216
2946
23
35
16
10
1
1
101
30
462
46
111
142
3
41
75
132
13
65
56
41
124
105
3
9
1
82
69
6
1
30
17
56
3
379
154
11
1
13
3
5
253
39
25
289
41
34
93
65
3
41
17
13
23
75
109
127
28
4
13
176
1
22
19
17
45
513
132
402
257
173
50
73
73
166
137
52
303
115
78
6
17
1
7
32
38
4
37
102
113
13
19
165
192
6
1
1
28
122
186
117
52
796
64
140
102
25
570
98
25
17
13
115
37
135
43
111
73
28
55
136
55
36
230
2782
674
216
19
57
168
17
14
13885
53
67
40
85
134
20
58
1
24
349
20
81
37
126
15
9
18
51
9
23
3
6
1
164
18
7
172
39
4
1
1
118
136
101
965
16
4
39
15
2
3
3
28
164
1
57
85
709
34
37
1321
16
146
7
244
156
9
3
8
1
88
77
20
135
14
9
43
17
69
1
1
4
8
54
19
99
56
94
7
3
191
3
27
81
113
100
149
106
1
331
14
44
1
7
3
222
145
149
62
3
39
179
22
103
3
72
11
14
15
26
81
1
9
1
1
165
1
19
35
24
5
53
155
4
279
110
434
88
6
100
234
233
108
111
440
3
10
1
142
3
86
51
176
1
338
40
154
148
1
139
26
22
20
24
27
321
67
5
389
193
88
11
31
83
104
61
202
272
135
19
4
8
107
552
94
106
134
20
3
5
13
73
13
376
36
43
15
133
486
372
7
1
191
19
13
274
32
50
15
43
18
21
7
62
190
20
42
3
1
15
1
16
10
1
11
39
77
1
18
5
1
8
100
216
255
45
3
7
15
1
26
92
1
3
899
25
4
9
74
124
96
22
24
1
15
2
25
1
3
304
149
36
207
135
288
86
22
571
23
2
71
19
215
725
1
1000
5
121
25
1
