73
63
315
117
94
188
465
19
620
34
100
140
78
13
46
693
81
59
20
29
102
112
1
759
155
316
4
15
431
72
12
246
765
349
3
20
249
239
34
18
22
364
508
64
2404
553
30
3
347
8
20
40
18
8
144
282
3
88
6
982
729
332
27
183
176
5
142
9
369
319
79
114
77
1125
86
321
338
17
216
30
34
63
23
754
37
39
57
14
84
244
533
70
268
141
1434
695
315
31
43
9
7
156
28
263
24
196
274
74
132
372
291
915
440
36
39
19
206
746
17
903
44
2
762
60
288
37
240
215
1
31
45
256
152
62
22
84
285
110
90
502
25
227
44
6
28
229
101
339
71
246
214
105
1493
1102
177
14
413
592
49
409
97
73
665
337
160
341
201
120
446
396
506
76
74
90
159
297
310
59
55
279
112
300
190
477
150
16
150
66
620
108
225
38
530
112
70
195
71
177
68
9
113
518
42
257
332
36
61
15
89
610
313
1109
34
1135
101
686
557
114
31
147
20
793
164
81
145
68
41
1
106
113
61
8
57
1
19
28
24
190
285
821
7
158
222
136
60
270
29
57
269
11
390
34
55
302
537
160
1281
535
368
889
445
309
40
60
205
30
295
759
57
106
615
27
139
39
115
24
655
1
354
10
502
106
551
1239
423
398
174
1
15
1270
516
126
8
4
435
180
26
1
588
1
15
162
25
189
60
231
419
412
108
33
116
35
664
34
239
429
365
871
535
19
232
79
30
22
570
531
2184
26
735
53
921
44
58
102
779
82
1
126
319
217
172
134
392
502
2878
442
1
518
37
104
30
56
134
226
77
162
32
1543
63
31
809
24
6
364
407
289
8
100
180
546
7
162
152
2
92
99
107
601
41
37
10
352
36
557
310
42
325
46
89
91
143
410
53
56
131
50
515
37
1629
800
38
482
368
253
94
277
213
91
38
58
343
588
84
460
1072
193
336
333
1320
178
63
196
50
28
797
85
852
158
71
3
268
71
247
341
163
203
556
271
612
52
405
156
1
194
297
646
46
6
24
177
23
90
22
427
1
329
825
4
65
95
30
145
22
558
173
27
250
101
395
61
362
475
204
12
46
26
50
31
32
99
638
47
354
322
261
1
66
20
36
1
185
322
11
104
368
8
304
751
218
5
700
50
66
192
3349
124
169
30
1230
118
47
2
421
229
24
491
701
43
29
349
568
87
388
55
177
90
219
71
75
414
25
18
2183
848
115
90
119
17
25
188
252
2323
244
43
68
95
630
1197
98
2
185
51
1843
347
21
81
401
63
26
988
127
98
184
47
72
72
47
13
58
178
95
405
69
844
9
46
51
4549
889
19
103
453
443
308
60
622
865
54
96
871
195
433
13
86
1371
107
118
58
592
173
146
307
462
38
178
519
631
84
50
90
117
484
277
166
157
35
959
280
139
211
467
19
18
17
358
106
2
404
63
282
69
642
604
272
1676
103
510
14
10
24
272
15
14
664
43
283
33
35
5
102
319
13
43
45
1
387
184
17
125
13
60
22
13
463
82
20
54
74
254
234
66
1538
28
243
395
95
50
695
10
72
119
123
253
301
458
437
373
715
11
150
49
22
90
242
1208
110
436
68
4
754
30
438
81
5
330
28
75
442
1468
73
428
10
501
35
312
16
225
370
688
780
82
1775
695
472
2362
67
103
127
137
32
236
619
213
266
798
16
87
812
22
575
1
54
1601
691
57
200
60
65
196
44
767
244
13
126
57
46
703
399
106
58
43
95
247
243
49
68
276
172
110
23
192
433
22
310
304
89
700
107
244
673
639
532
20
56
43
379
687
363
648
153
22944
45
1798
386
47
149
228
15
9
96
5
1229
38
107
152
396
39
2
166
28
710
24
54
64
89
21
136
504
46
690
92
430
107
55
138
35
100
820
1
45
15
318
35
1
91
177
344
310
112
15
89
113
1
2
144
80
873
33
1083
36
91
145
13
395
602
46
150
226
252
1253
119
67
63
735
670
288
21
644
114
346
809
43
33
72
529
13
72
362
1
69
179
2
88
45
390
675
1426
25
29
251
378
4
22
22
23
445
102
494
102
722
227
22
120
855
459
221
929
357
478
218
363
146
72
115
33
187
27
508
49
76
1096
56
1275
474
38
55
171
176
46
3
322
680
80
95
94
228
430
908
101
314
670
141
245
1260
232
80
5
90
18
9
38
445
51
313
638
1086
1113
259
75
303
28
221
29
643
183
415
343
259
20
27
324
222
126
76
116
147
1215
762
138
359
771
124
31
1
10
221
518
245
36
11
41
26
42
1
1026
128
197
183
23
731
206
379
634
287
698
463
435
21
260
76
82
1660
105
40
287
32
22
4
589
111
25
58
254
31
75
82
414
14
87
19
129
60
120
171
373
84
73
4
461
199
33
79
27
278
777
385
390
780
39
211
46
14
35
191
155
828
45
52
56
129
273
311
562
82
586
171
281
435
23
39
54
52
68
101
107
9
592
356
213
382
54
767
273
31
285
50
193
8
21
43
52
171
142
320
126
53
32
620
125
758
183
267
778
74
1051
186
355
73
477
62
11
97
95
306
823
325
72
95
50
33
590
775
1
38
34
27
174
23
206
142
57
443
17
76
199
391
251
1264
485
478
55
91
486
1217
114
69
74
74
80
213
274
33
36
82
268
92
8
75
26
163
1
93
76
5
18
403
2010
68
4
1144
5737
95
71
809
1486
217
887
65
331
194
1
91
95
149
122
771
17
305
178
35
192
373
248
748
12
32
314
616
2
37
526
14
444
13
649
396
140
278
199
427
165
216
299
415
370
214
62
646
76
127
195
463
151
245
59
342
181
1017
476
296
161
84
56
600
77
2722
5361
194
248
362
522
798
1043
2079
87
219
1
320
81
1551
183
197
425
1015
337
83
211
736
256
1372
298
920
77
221
404
68
976
1181
2
79
72
227
384
143
165
420
146
222
248
47
2
347
221
579
5058
1718
4
45
552
30
7
516
38
19
37
265
643
167
3426
86
1301
12
19
137
57
352
587
99
46
86
249
152
81
580
12
869
302
11
51
35
68
930
450
58
226
447
264
35
72
466
52
468
91
238
277
787
129
313
60
403
43
1
527
114
210
429
414
74
127
6
180
99
11
142
13
37
294
140
14
153
39
1
199
446
277
162
52
14
41
82
428
122
11
216
74
5524
248
93
4
244
1106
62
39
423
134
47
647
194
77
86
29
78
32
11
20
244
21
207
385
45
113
81
86
30
101
114
3134
53
376
67
1227
210
132
209
598
8
672
2588
1482
797
13
11
186
14
27
66
24
42
647
8
222
24
124
299
474
127
536
35
145
397
46
68
123
90
17
34
1
508
115
73
392
164
49
2149
25
19
24
3073
104
349
48
3180
77
862
307
152
65
168
8
78
55
651
189
25
32
793
8
32
11
46
3726
52
73
63
395
82
336
6
326
73
39
503
563
203
468
68
10
824
256
13
11
81
64
89
60
19
94
46
6
40
15
117
359
49
444
43
47
464
19
388
359
362
71
217
14
420
564
187
200
26
608
535
51
40
617
399
274
1
416
434
76
1
48
30
11
225
366
390
935
80
42
159
425
872
318
115
99
130
115
386
43
31
344
30
548
223
1
240
275
114
1
117
230
145
186
253
15
126
120
260
67
104
57
30
20
334
90
172
900
140
83
198
42
2989
1755
503
112
379
384
396
28
11
171
743
82
117
340
72
162
92
1003
24
30
65
340
296
88
108
552
269
17
87
193
60
189
494
78
1155
253
99
17
568
310
38
97
440
280
46
32
73
1
548
482
291
530
16
24
222
23
695
316
76
284
322
163
1895
91
168
377
122
3
42
346
40
70
51
65
456
3
855
244
247
32
30
303
183
54
72
159
1429
1457
145
716
39
16
281
178
627
776
1206
107
109
389
302
277
12
121
76
78
223
507
220
33
1
556
358
26
286
105
408
1675
91
76
11
1
723
75
32
267
1020
689
1880
140
790
96
36
27
65
1
397
434
2226
71
686
481
105
2192
331
58
99
66
334
87
226
266
142
599
243
5
2
127
171
114
95
74
612
329
57
16
271
66
190
16
256
40
174
75
649
35
253
1356
68
76
43
651
362
124
103
419
382
1062
43
156
33
244
242
25
3
392
290
28
457
1
219
495
547
93
125
1078
127
421
173
275
49
78
133
152
360
13
307
303
1
108
684
65
191
95
438
316
3
113
55
810
399
452
1
327
232
66
37
236
33
350
13
54
109
86
45
52
268
14
1227
428
46
329
106
701
185
6
13
332
1325
118
52
178
135
6
33
674
16
17
2
140
1516
270
18
590
128
120
631
166
481
258
1
32
48
371
150
38
34
77
23
117
203
1
85
21
567
553
93
334
2
273
65
403
268
72
27
490
141
30
55
1
122
136
717
114
471
54
1224
203
137
78
11
283
12
360
52
76
131
239
549
171
154
274
150
196
97
503
166
413
1
151
523
22
10
922
57
33
44
236
17
6
58
85
881
573
2
974
536
766
2
227
108
18
362
243
436
227
79
90
216
318
46
131
273
617
201
168
540
620
50
116
233
87
38
438
1890
269
1
308
35
68
84
132
86
271
81
165
219
67
117
126
119
52
559
41
662
2
215
287
1
328
70
860
267
731
42
1329
35
539
185
110
59
190
23
826
313
235
1
7
1482
742
8
775
102
202
47
1
80
1346
17
42
6
107
363
38
94
7
32
469
69
94
35
220
530
80
67
597
1
313
543
24
1655
231
57
301
28
1723
153
56
87
22
38
275
326
190
245
72
1217
373
281
37
46
316
456
88
47
7
3263
540
23
522
136
34
202
99
39
281
206
499
300
215
1512
74
23
4
78
67
184
335
1
722
619
71
151
547
1234
361
40
800
24
23
38
515
367
41
22
1248
230
322
57
7
221
105
197
10
100
2
192
2252
7
436
67
227
31
43
22
554
161
431
36
464
58
51
156
1
82
457
13
268
1
418
451
30
1967
66
60
78
63
195
208
399
72
279
89
377
17
73
940
61
112
395
122
238
80
124
527
40
5
302
74
396
29
66
183
435
191
566
249
7
490
1
10
252
121
19
41
59
537
311
63
15
111
252
554
691
1968
477
165
455
46
452
97
119
2
114
356
282
953
879
1
145
443
191
378
823
26
6355
70
299
538
32
48
250
29
330
760
196
405
13
62
92
882
805
2
10
523
5
218
586
96
367
38
107
64
45
268
424
138
74
1
134
136
89
2
54
32
57
374
172
421
390
943
644
432
250
75
393
11
217
302
156
235
139
41
33
104
51
220
2
261
72
94
1171
16
15
92
34
3472
30
26
41
343
79
32
102
401
7
404
267
155
989
98
42
130
43
143
200
87
22
7
407
2321
275
825
494
472
25
90
182
131
167
683
11
32
52
24
446
9
479
382
91
111
125
559
117
55
188
113
363
347
977
466
9
421
7
24
46
13
256
759
258
388
24
401
100
28
251
274
319
193
236
66
22
201
5
125
244
6
29
2698
26
1646
455
53
224
22
31
469
500
708
26
327
21
435
3
61
341
91
58
14
609
326
124
688
215
31
75
11
159
164
392
45
266
63
231
177
1057
290
60
74
64
3
150
3
7
408
782
107
252
1025
96
116
370
115
156
74
138
34
1237
70
33
541
351
52
55
579
34
301
141
1
64
48
125
34
624
50
696
129
1731
199
277
776
126
79
103
182
332
23
65
16
175
170
20
385
127
258
23
271
179
331
299
204
105
78
250
397
117
263
264
83
1
167
409
400
186
234
21
146
184
46
41
377
48
68
122
193
127
175
187
57
79
629
9
115
32
13
30
129
292
100
1307
23
161
71
407
186
662
45
138
42
250
18
4
177
93
320
1037
358
231
90
29
280
186
334
223
88
55
63
509
372
570
81
223
24
63
31
32
18
187
76
80
98
31
8
74
157
1
685
269
302
62
561
415
638
514
191
519
321
74
265
404
448
60
14
186
517
404
377
767
107
165
20
56
1
847
935
47
43
91
88
608
71
756
251
194
18
82
588
515
116
493
30
756
31
88
282
64
39
435
29
125
13
38
255
529
60
84
172
654
172
1177
929
1
47
278
1
94
73
87
59
112
133
30
18
14
66
35
366
202
35
280
27
256
271
17
10
1
31
10
28
5
18
1
15
18
526
494
347
76
35
112
48
192
195
13
51
352
18
209
57
9
690
122
56
274
335
1244
412
29
124
68
378
37
394
720
927
133
69
190
43
43
403
34
204
117
98
797
350
1
195
126
53
489
154
444
94
707
129
13
593
14
594
1
221
111
58
811
52
402
151
9
79
257
96
943
42
460
132
33
315
220
8
133
71
2
76
23
771
10
412
300
250
164
524
30
92
83
278
287
502
589
167
510
98
82
469
265
14
36
26
316
94
22
143
93
75
516
71
22
895
5
180
1400
298
17
236
425
108
295
67
43
54
132
59
59
237
551
436
38
737
387
13
139
311
395
18
44
122
591
301
1
72
244
158
570
4
38
62
108
1404
92
632
34
581
81
125
734
35
86
167
4593
219
25
2265
248
1027
45
20
69
215
719
66
116
233
331
22
200
53
1750
71
1141
241
203
37
639
96
88
337
582
28
180
87
51
242
790
688
128
71
169
43
442
19
567
116
172
1081
2070
74
764
18
1193
495
16
470
69
21
164
353
272
181
173
774
268
81
202
1466
445
37
154
330
321
75
396
66
45
34
14
25
13
219
1411
746
57
13
115
187
98
490
367
110
547
27
80
340
140
376
223
417
966
46
279
13
65
252
291
360
107
14
140
221
207
62
57
38
33
395
4
25
1361
726
362
354
979
521
237
32
41
89
341
483
795
131
327
63
36
202
258
412
581
95
135
106
69
73
195
112
662
9
413
991
28
230
491
143
50
174
224
1314
464
5
173
77
23
75
339
12
112
72
1
52
183
205
496
82
2
53
246
5
878
288
75
545
20
104
222
552
79
8
10
248
141
57
375
19
158
128
50
193
225
268
137
9
88
81
573
101
59
455
532
18
10
138
65
1610
338
533
9
1
3
37
63
62
505
642
24
75
434
635
605
38
5
1095
99
174
566
294
1253
48
4
64
131
559
260
12
75
37
34
673
79
62
46
4
175
8
32
158
41
16
7
85
197
152
79
30
5
323
633
67
65
338
500
148
284
145
17
84
959
147
288
333
57
322
47
20
71
251
32
37
355
39
26
83
428
70
64
446
581
130
80
42
536
112
120
110
345
1
210
154
5
653
56
6
700
203
518
1
1335
102
67
6493
76
15
256
270
8
36
666
13
26
25
375
97
464
44
372
106
445
864
858
343
653
408
16
461
2012
208
188
316
37
440
32
175
192
153
572
44
67
98
45
292
532
28
466
39
15
637
66
620
174
259
431
809
119
21
451
223
1
26
111
465
38
10
344
1
603
85
420
24
766
61
669
67
109
186
44
119
596
90
50
208
1025
554
114
356
23
610
997
89
143
16
16
188
160
231
399
197
953
117
617
199
53
1150
1017
48
327
321
228
829
52
79
105
20628
68
237
226
631
3
459
337
77
612
20
77
61
51
132
394
2
44
17
652
541
177
44
32
19418
227
267
397
128
338
108
968
88
432
1
31
39
82
285
250
225
353
1584
268
344
115
524
261
72
191
58
85
964
23
987
37
76
323
139
290
205
97
87
493
50
144
543
210
116
871
1
25
7
159
76
71
135
402
2005
91
164
30
422
155
1
5459
51
263
719
439
73
564
34
5
163
203
194
538
314
1
1746
39
1725
377
837
79
58
28
24
119
11
412
556
311
454
255
508
1068
330
127
220
4
927
331
43
254
26
27
328
124
398
1250
34
20
404
27
27
66
1037
434
12
95
5729
87
115
581
62
572
40
173
478
84
386
161
132
96
76
121
16
388
484
250
329
56
62
185
71
85
38
37
1439
254
34
21
53
78
326
334
520
11
39
502
1
238
1123
306
638
182
148
2017
378
139
187
102
247
107
1
146
201
276
51
551
158
175
53
144
112
165
242
302
2788
175
79
271
41
3711
199
335
46
125
50
548
314
53
334
382
140
447
31
462
517
1388
32
344
117
68
27
106
1471
187
420
2355
128
33
248
47
270
129
254
315
130
91
120
656
24
505
168
378
113
14
83
88
263
69
400
1771
299
219
329
159
61
46
171
276
408
46
18
226
615
129
549
308
63
43
21
34
46
91
8
76
108
20
443
34
370
247
198
265
417
35
192
209
143
25
487
1169
479
73
432
52
8
536
32
48
79
85
363
41
41
74
454
117
202
177
223
487
532
123
91
13
444
1522
75
758
172
71
539
2
451
503
498
209
231
30
399
133
134
331
835
579
135
7
71
197
102
388
143
317
1181
70
424
360
59
10
41
1954
79
65
520
268
329
199
30
485
14
34
153
17
1678
34
1337
508
299
317
103
117
166
224
350
141
325
60
1028
108
626
11
36
51
89
698
47
486
70
383
124
33
185
1
16
33
366
227
450
41
1172
128
87
26
6
17
234
15
939
333
171
22
51
409
501
71
16
476
102
2170
319
123
27
617
84
746
580
784
43
69
339
42
1
61
97
1924
10
74
602
40
7
72
149
409
696
497
58
10
360
233
25
45
775
37
157
132
64
19
33
62
243
388
52
277
34
310
23
194
2363
854
323
670
248
135
28
23
227
55
107
940
97
57
35
19
352
420
194
472
694
308
266
5
49
1351
79
6
1
392
32
84
700
259
185
4
663
91
150
34
385
1054
7
53
55
180
127
78
283
329
50
104
365
700
1365
4
98
1
1996
2709
105
296
339
299
208
7
219
73
2703
129
9
22
62
105
818
209
403
299
28
281
177
129
218
212
265
610
1
522
337
803
187
1
374
93
210
450
79
318
191
374
353
232
22
94
246
648
25
482
482
513
437
243
436
229
47
909
341
23
15
65
156
81
102
106
446
61
222
247
28
715
40
51
2
122
621
25
1845
44
202
50
269
1
969
1
372
1959
636
22
96
94
703
192
239
143
44
1662
89
88
1
689
1594
805
281
50
676
388
329
171
196
309
406
223
85
94
447
125
437
51
72
362
423
271
115
99
95
429
303
266
427
228
2
37
606
641
5
36
318
634
67
54
463
229
13
350
53
33
529
73
561
210
1540
285
70
937
596
1932
332
176
93
1141
532
377
134
264
6
203
8
199
33
507
65
80
73
478
6
108
124
86
41
336
211
198
16
126
166
446
123
943
316
383
370
245
1195
55
488
30
56
34
293
15
76
74
164
49
339
131
539
216
4135
484
1
983
292
656
15
206
1
206
42
579
1
359
18
87
213
12
174
757
79
114
132
289
296
1068
25
232
75
336
77
370
3
6
404
4
192
271
146
247
787
484
333
3
43
34
517
827
147
86
505
966
59
1197
300
208
15
79
1
100
14
70
11
43
9
36
90
705
77
400
1
150
131
48
725
96
25
23
104
180
334
178
220
1014
36
223
672
291
94
185
1160
80
208
223
629
102
236
732
5
231
186
53
773
60
47
31
82
121
128
196
4
2
12
61
240
233
34
391
61
29
48
110
98
433
1023
80
17
41
633
36
434
217
48
5
2535
28
487
343
75
449
62
180
416
50
190
203
225
220
38
130
39
165
550
769
191
790
122
311
63
35
146
209
22
704
580
568
121
328
157
144
15
310
47
23
251
90
59
171
277
69
241
121
148
188
5
63
75
102
61
121
231
202
183
79
10
294
19
455
1520
77
70
23
71
336
20
73
7
82
97
173
90
83
238
301
1
120
5
164
35
179
83
3
462
54
1
500
726
82
276
172
508
195
136
417
41
114
2
22
743
68
47
132
683
876
683
80
221
1
302
81
533
242
145
384
1
238
410
90
75
14
111
373
277
409
151
197
351
151
397
380
287
17
215
55
224
41
183
121
38
54
337
95
882
75
415
732
569
90
50
235
77
447
8
28
103
201
175
114
647
62
104
123
64
2175
241
120
27
246
224
3
3
412
357
706
142
761
73
196
105
230
40
187
198
216
216
52
283
2
