136
21
8
98
61
151
111
11
37
81
7
6
5
76
41
4
7
66
1
75
28
20
64
569
204
1
71
78
101
34
1253
78
268
6
23
58
501
23
112
98
60
1302
1
27
145
2
28
571
253
126
24
2
803
33
310
32
8
171
89
175
1
6
143
1
11
93
27
3
17
692
3
17
107
49
168
302
7
38
1
26
137
467
36
46
251
51
14
66
2
570
205
18
1115
893
16
239
137
45
5902
241
20
269
1
23
75
36
738
118
13
40
16
137
2
28
2
734
301
3
29
100
543
136
33
567
188
5
54
81
30
23
66
13
26
125
48
23
62
1
58
78
142
33
17
62
14
157
117
13
81
847
37
42
570
19
57
173
3
4
21
770
12
50
147
545
203
15
27
18
1
260
39
85
237
141
135
124
81
149
123
132
5813
237
183
17
21
150
404
5
2
13
2
4
41
49
7
135
222
9
119
202
52
415
16
11
32
1
2
37
286
167
54
5
7
504
133
1
284
75
276
5
3
84
143
31
521
11
5
4
3
5
6
529
1
16
1
12
49
28
92
130
309
883
15
88
16
2
120
25
139
7
360
4
2
32
212
10
61
262
132
355
285
76
3
8
15
23
97
161
1
73
165
145
228
781
181
122
127
197
173
78
249
135
287
139
102
137
72
933
329
298
90
143
135
137
162
77
81
236
36
395
9
121
1542
26
192
160
1
498
126
53
48
79
188
69
7
46
279
56
223
50
170
7
33
790
3
186
365
952
1
45
902
190
3
9
48
1501
348
116
93
130
457
5
15
11
30
47
15
173
28
1
42
63
347
87
10
1
11
46
5731
43
35
53
93
38
97
20
12
3
352
1888
31
2
103
155
35
139
392
239
179
59
26
53
270
41
42
7
231
229
134
26
474
6
16
292
123
124
23
204
9
660
3
77
20
67
20
79
13
57
29
13
105
183
8
19
15
18
2
13
364
129
100
54
1
169
211
15
148
10
266
1
120
17
59
171
79
9
157
40
73
152
60
516
43
1616
270
6
182
10
712
2
271
26
465
283
473
4
2
27
470
122
54
53
1614
79
27
91
10
16
135
27
14
124
7
31
690
153
719
994
5
545
5
293
81
614
133
402
132
139
151
92
172
538
25
517
29
13
19
82
60
3
4
95
1546
116
22
17
216
5
5
141
259
20
4
31
6
18
124
1241
16
34
113
17
185
8
237
96
153
8
3
2225
84
44
533
129
7
775
577
11
1
21
7
20
109
27
134
17
66
206
346
71
73
45
257
1
12
43
12
57
124
269
5
134
1
15
17
32
990
1
14
17
1113
222
10
34
87
162
483
17
229
271
21
1378
5
23
14
155
667
61
23
268
25
342
675
233
80
265
97
229
394
508
236
11
1
240
13
170
12
148
361
11
418
153
1
178
61
17
7
13
12
5
517
90
260
689
152
5
50
241
1
5
23
132
120
2
22
21
115
37
251
129
88
249
409
57
1
72
22
274
6
11
5
32
6
24
310
819
417
818
2
31
321
122
12
193
124
14
31
55
30
28
307
589
170
230
199
143
537
1253
100
79
8
82
67
160
335
28
52
3
158
4
93
3
1
46
29
128
23
1
262
1
508
163
282
293
4
334
9
60
279
4119
6
82
234
88
452
277
52
16
108
842
43
269
165
1
434
428
166
1099
874
116
93
132
366
418
16
126
122
72
24
140
142
174
10
202
6
376
175
288
16
220
90
33
225
290
1127
4133
137
88
34
117
304
102
254
45
58
22
41
101
171
6
293
72
232
123
13
12
153
2
154
132
11
6
135
229
5
434
66
1099
246
19
575
35
7
124
5
521
93
242
251
417
10
1
2
7
304
128
436
242
16
8
58
155
318
292
1472
86
1
264
10
26
47
88
167
545
427
436
76
135
228
75
143
458
6
254
146
201
142
565
289
77
5
131
3
246
1
204
15
144
106
360
180
154
190
93
85
107
560
81
29
282
72
177
94
303
131
140
474
75
19
94
98
122
