22
4
6
6
51
105
33
8744
39
61
77
24
36
223
140
48
68
20
10
12
58
105
22
199
26
27
52
16
25
105
26
103
748
1
123
12
685
8
547
645
5
9
118
169
13
21
22
9
112
126
119
29
9
99
21
1
1
95
44
145
54
378
45
41
14
154
51
219
104
29
40
45
52
675
38
88
8
57
230
578
3
129
17
24
30
60
105
12
7
252
106
72
54
55
22
34
80
9
1
73
631
2
796
1788
19
46
29
99
24
1080
363
17
19
236
671
7
21
193
92
478
66
9
32
33
76
35
195
11
27
10
117
11
21
17
19
21
169
192
256
55
98
134
21
83
38
3
34
1
31
41
1
70
33
5
19
82
21
48
65
64
123
22
43
3
29
8
297
140
25
36
21
197
20
46
5038
1
93
138
15
36
80
2
42
16
38
352
8
12
140
3
32
117
38
24
32
9
270
102
39
18
6
39
