23
661
94
8744
46
312
98
116
3
993
56
55
410
127
95
42
7
1
35
58
3
83
77
438
159
58
256
635
3
79
49
231
55
117
14
107
1003
217
370
160
57
205
178
21
217
237
492
481
1051
13
127
529
52
21
8
661
485
104
169
770
69
370
41
315
5
3
81
350
104
93
141
120
70
600
546
557
557
34
5
202
62
133
426
434
3
130
2
139
3337
1
1423
42
79459
341
3
59
13
23
198
66
29
68
71
166
232
215
2
65
66
124
1
13
1906
154
1379
17
518
518
54
291
184
59
323
1
469
103
110
3
62
268
194
6
6
94
5
201
85
33
56
68
68
164
8
132
365
346
155
5
43
93
1
160
86
203
82
73
221
1
206
31
287
9
155
453
5
133
5
182
37
74
165
281
230
55
405
22
205
