110
602
95
121
768
15
43
172
18
21
135
209
274
2
49
84
279
119
81
60
161
5
921
229
2839
2
270
8744
24
102
6
7
101
8
9
214
40
286
11
113
144
225
137
140
24
56
32
88
65
560
24
1368
167
32
180
51
93
152
131
68
110
125
21
12
833
197
359
9
269
432
75
219
55
146
209
744
587
55
22
113
107
40
592
17
1
411
278
212
10
27
92
71
238
69
1
2
114
268
202
1
325
152
626
528
6
549
258
19
302
21
11
530
368
29
105
358
18
609
219
26
57
7
39
4
93
29
206
7
10
10
82
11
330
2
1057
11
10
10
229
36
143
467
80
30
41
47
1
182
759
157
1091
218
80
137
209
93
79
77
182
9
5
68
169
1
20
254
85
9
237
188
62
100
180
12
125
82
171
111
369
38
46
14
130
7
80
96
13
58
8
40
1
74
7
71
2
407
9
94
16
75
160
322
11
44
24
10
15
7
85
23
24
224
8
13
20
42
140
236
337
157
90
90
76
100
120
182
69
23
18
99
134
7
8
19
26
134
10
34
90
36
95
109
63
11
611
675
227
384
7
36
192
24
251
8
75
38
1
36
367
692
98
730
8
85
195
25
54
611
86
25
527
7
76
972
41
12
1
32
46
5
225
616
27
18
32
27
55
20
23
59
7
43
4
7
7
124
63
50
183
157
791
86
115
8
48
565
145
44
388
60
216
268
1219
52
52
226
80
232
75
8
12
376
28
87
77
108
59
433
47
75
221
574
4
103
10
13
815
533
142
126
93
128
216
349
9
813
88
182
14
111
712
5
75
10
93
10
3
179
74
6
10
566
21
332
91
1142
199
1853
626
75
37
75
261
19
1031
91
135
942
183
22
41
1872
7
1814
12
10
204
597
650
12
219
75
260
112
8
285
52
278
287
1286
320
51
141
201
103
117
9
715
86
41
521
72
11
238
691
216
149
7
2
67
38
15
7
73
17
11
211
191
248
17
540
239
551
116
108
262
142
40
52
11
3
199
92
73
76
11
95
138
35
34
202
7
197
109
520
85
40
4
572
466
113
377
5
71
11
988
76
320
49
81
1
83
415
79
78
23
93
198
63
21
1
3
74
64
318
75
211
121
271
109
13
283
88
271
119
556
5
137
554
16
71
88
42
87
21
216
115
58
49
1290
202
12
79
72
218
200
3869
200
195
160
86
193
73
1500
226
95
83
72
693
193
121
192
220
164
114
179
343
102
76
462
234
419
143
93
110
75
313
2225
276
76
143
1682
129
244
74
8
179
75
9
274
239
679
266
72
97
79
400
300
50
73
208
296
187
6
17
90
1052
1
6625
475
10
8
75
262
103
149
1
52
262
6
55
282
80
9
45
7
453
461
71
54
86
71
8
40
8
114
343
1
455
38
175
57
20
117
28
43
26
162
83
6
256
139
82
15
15
290
358
5
1
55
2
140
36
45
485
234
395
860
31
134
26
142
43
9
82
423
1949
123
204
56
241
10
14
163
10
3
106
4
16
91
109
201
222
89
141
1045
48
366
121
103
205
8
622
288
74
109
5
91
35
102
122
10
112
32
111
619
9
187
252
86
316
224
115
77
63
10
31
31
187
9
172
498
6
127
674
522
1
24
71
86
75
11
85
8
596
299
76
83
126
116
224
6
338
634
396
44
78
142
18
12
893
8
72
72
95
10
278
213
673
99
31
8
216
84
87
75
8
5
44
604
5
198
2
8
122
424
11
80
100
45
22
109
763
234
31
3
41
111
35
41
36
78
997
54
73
84
5
201
77
98
12
84
188
38
4
68
154
58
45
316
138
69
72
80
9
97
113
27
121
179
160
126
686
46
14
89
80
110
172
90
1120
6
9
195
470
89
77
73
3
503
8
39
78
16
9
1347
184
1
7
12
710
26
31
132
24
194
7
77
83
99
105
19
35
620
178
378
12
18
244
84
59
19
194
328
128
114
215
18
6
139
344
40
727
70
12
6
54
1
136
944
69
348
9
121
581
253
517
640
130
311
479
99
42
323
215
77
441
23
36
354
249
759
397
45
5
20
388
11
11
298
408
138
7632
27
37
324
488
98
253
75
288
46
75
10
130
20
152
73
24
22
302
285
45
82
68
1066
81
38
239
11
716
1
112
72
377
438
5
119
1230
10
1
480
178
85
247
79
1
75
160
10
169
218
633
2630
78
43
10
54
16
75
38
147
200
43
183
95
26
31
525
30
41
1043
1
37
249
365
18
34
754
267
62
11
6
20
215
646
8
22
28
48
25
14
153
13
191
9
30
87
24
83
8
22
1262
210
444
37
4
162
134
11
67
656
12
675
104
473
218
119
71
144
23
307
5
2366
10
77
5
153
11
50
99
30
77
48
5012
27
35
45
13
1197
334
30
125
141
72
33
189
140
4
831
877
85
9
1
75
11
90
3
8
55
4
15
75
23
153
630
38
10
78
76
741
9
1
27
12
1673
7
111
168
1911
76
12
155
237
84
9
429
19
81
22
189
52
6
243
233
18
40
188
1
10
10
125
138
39
243
303
333
72
34
53
40
48
20
89
272
80
752
413
211
584
10
72
64
264
102
4
212
84
11
247
46
93
158
202
15
31
10
65
21
83
75
1
8
213
54
36
145
1
76
457
132
179
56
175
35
171
54
216
75
389
322
75
11
9
2605
81
308
464
855
20
1012
21
4
179
10
267
715
97
26
89
71
111
447
78
47
368
18
126
55
962
202
105
23
10
147
59
75
532
53
218
648
63
123
74
37
179
76
111
557
199
38
71
72
236
9
115
74
9
130
109
21
75
111
197
961
218
279
75
189
224
5
138
36
45
10
69
24
128
32
75
225
71
544
429
9
120
529
111
103
154
94
102
86
72
163
591
1728
79
136
74
212
91
9
123
72
1257
74
84
168
195
228
351
108
196
218
71
194
83
50
3
120
234
94
1
310
76
174
94
101
179
141
113
80
14
15
593
183
13
819
210
68
3
134
76
199
11
632
1301
97
85
76
93
61
91
61
15
44
145
194
194
9
2
642
92
94
8
82
50
81
182
244
139
606
85
70
271
10
172
1198
97
123
36
166
75
61
92
52
241
223
7
75
61
134
244
218
366
166
86
77
102
6
156
75
784
94
1
1
23
124
216
7
1
150
500
83
475
143
257
687
235
410
485
224
571
888
7
83
48
87
93
262
3
82
282
79
133
72
1
7
183
80
242
14
97
133
80
610
80
355
71
212
87
219
133
46
241
23
66
72
9
203
114
123
200
51
87
105
267
1
147
221
2
44
485
199
193
47
342
254
119
51
1
10
17
259
233
304
205
94
202
256
211
15
74
71
15
15
73
109
244
155
106
79
71
173
63
181
22
103
75
95
1
5
11
52
100
524
125
132
256
35
16
202
240
963
33
1178
213
391
78
1
15
265
9
111
131
26
11
72
220
69
4
2215
319
358
147
129
4
197
95
2
94
102
125
196
10
216
640
622
142
20
7
8
792
321
194
341
83
119
123
414
123
5
9
8341
2
17
52
204
98
140
75
13
188
6
278
247
60
55
348
184
1693
320
81
28
197
193
123
97
92
80
226
9
133
76
395
128
95
10
10
17
126
90
24
137
7
225
14
1
164
233
8
187
160
95
12
23
40
499
10
9
75
75
204
264
294
84
159
202
43
9
15
259
1
509
43
95
52
56
650
238
303
307
106
1
51
93
40
272
222
85
257
103
88
103
249
289
1866
46
87
409
1158
8
796
1316
118
119
358
75
167
77
9
122
58
77
3674
4
89
225
176
30
75
79
4
622
314
75
67
1050
86
2
44
66
58
94
93
517
57
218
1911
421
77
12
272
226
1
156
101
169
501
125
459
31
611
82
59
283
80
92
197
26
281
205
215
240
84
984
13
196
65
110
150
126
266
18
2
40
190
63
76
81
81
486
89
193
84
73
68
70
83
14
36
47
7
100
43
649
75
86
2
319
6
99
1
199
221
194
88
233
216
59
18
181
200
127
509
397
150
242
63
90
24
233
158
108
78
76
165
192
1
186
87
38
1
290
73
128
91
45
86
238
124
106
76
70
231
130
129
110
194
424
127
452
169
5
75
6
81
1
109
170
12
74
127
40
87
75
144
84
228
74
78
92
356
636
115
57
70
70
96
7
8
163
163
84
85
625
56
100
36
161
73
95
69
94
135
229
119
301
139
495
89
230
149
126
599
486
156
111
1645
75
229
98
6
232
86
81
17
2
387
360
86
284
8
361
15
101
1
90
175
136
71
82
75
76
358
24
43
83
72
38
1218
191
1
44
43
95
279
170
9
205
285
6
122
211
20
86
93
230
75
215
87
221
1
71
77
48
180
5
75
286
254
238
