14
2303
17
3
613
11
78
136
134
2947
1767
1259
5
391
29
99
34
776
994
16
6
266
1407
857
240
4
28
919
81
2240
2452
115
1428
1175
1878
67
122
8892
3930
523
1
543
612
1168
79
239
6263
30
722
38
138
33
113
17
51
332
159
1962
49
280
1246
9853
19
12
536
9
116
1198
341
274
98
255
130
294
1324
1662
290
92
3
4300
2154
3
4
16
1143
1855
4256
1264
3229
90
36
117
1526
180
213
26
1
122
720
76
2
384
7517
408
9144
1
702
101
429
7591
35
1040
196
96
449
735
712
275
773
283
5678
1407
15
319
109
8414
2860
210
7830
2269
76
120
390
12
1
284
1
72
83
4966
10523
121
30
3
115
72
539
1
85
12
1658
118
3
117
13
658
7
3
26
37
26
632
1
93
54
147
356
164
1
8
152
896
229
942
14
426
26
317
12
169
11
358
887
5
6
145
18
904
1316
6
335
87
672
19
53
34
25
1549
29
2531
3023
246
6
13
646
243
37
8035
220
1077
1
139
1198
4
41
683
1
2695
7394
21
764
1980
99
7
63
2772
508
69
1796
583
47
1
4567
128
536
1
708
1
81
601
524
888
314
2
1
4
252
65
64
2
1820
717
5
2
1488
1966
1
229
49
595
1147
459
59
24
260
1
1
1
52
186
2680
1
1
31
4
2
1
183
222
426
520
89
15
15
714
144
1042
513
101
1
975
356
2002
12
1
1
250
1661
92
1
1168
1
1
1674
1
1
2481
293
2131
2608
683
3
1000
710
31
104
6
4321
395
120
492
163
87
45
253
17177
1480
12
1963
2584
4267
11
199
4
542
2971
619
8973
34
59
559
844
475
6784
177
94
68
5566
3104
115
108
34
1
1
673
1078
37
1
337
1
7462
1
1399
1282
5
6
1
1
513
683
480
1018
1
932
580
2
25
185
1
1
1
1
32
2534
2305
134
344
12
801
27
1
1
124
233
1
6
1
1
1
428
177
345
82
34
342
495
231
559
914
313
9
4
1
1
2
4
8
7
1383
1
1
1316
4
1
11639
447
1
1709
1
454
1
86
9
74
1071
1
1
1
6
1
1
2902
3
565
1
2
1
1
15
1
3
220
1
2
2
1
1
26
1
2
1
1
1
1
5
1
472
186
1
1
1
1
2
1
1
1
1
1452
1
2173
482
1632
1043
1382
571
1
1
85
1
1
8868
5
525
2574
1386
1303
579
1
74
184
856
61
274
1018
22
70
4950
96
35
5329
116
2154
2
624
1
2083
348
373
3504
8391
110
2444
966
1035
18
1
7
3
165
62
1700
9
401
3
464
4750
164
117
1123
2
2
1
3
26
62
1
6
1
1
6
2
1
1
1
1
3
1
156
1
1
32
2168
6
1426
4
2369
57
13
1
13
1722
3418
35
12070
116
1
9
2
1
1
1
105
1211
1
176
1
6
461
2
1
837
3
374
76
628
211
2310
16
1
150
35
3876
226
1577
2
36
2771
1837
36
1057
121
2159
93
464
8118
412
3624
4452
146
31
204
3948
469
7569
3081
66
29
49
12
9108
46
83
200
9698
20
9
1692
71
343
27
180
1494
3020
610
125
212
498
181
85
566
6682
2782
77
1457
606
59
26
873
911
572
1040
446
1078
4
517
2368
71
2059
989
1
2828
19
298
2557
1414
61
384
350
7
872
20
760
1263
1306
417
72
2944
9
51
389
1841
623
610
594
8308
4
3595
155
115
251
2
714
3
2267
179
325
1608
781
1
445
71
1240
63
463
1386
1168
159
1285
1934
457
608
462
6
16
1717
21659
305
7009
45
26
1572
179
1
128
1
829
1891
863
886
1
10
2
24
5
181
3122
335
39
3
3
2645
159
653
348
527
1113
26
5
1
36
449
8754
1223
2179
373
322
2127
1
1
155
750
1
7847
1524
108
1039
1
7
3163
25
1
1478
35
1124
1
2145
347
2248
156
6860
2728
1636
1330
835
1414
38
555
171
2
2158
459
836
79
1772
1855
1250
1
1
3
56
854
216
447
12
29
1185
241
3
2588
1436
374
1
730
2887
990
176
510
328
1603
80
1026
1082
452
1
378
831
253
8
58
857
3737
610
1
92
740
6491
8
12
2828
975
79
1357
4747
314
1062
1356
560
1
2579
513
294
78
2013
3396
1383
193
275
432
793
304
59
10278
1
266
8131
2738
19
311
81
5092
24
173
1559
2902
631
1
113
76
171
87
160
1283
14
151
335
93
155
41
1874
454
13
1
2289
809
2565
1
111
642
752
8
2365
124
1046
2
289
11
73
1
7
15
22
6410
4
16
124
1768
32
612
231
26
269
1275
533
129
2116
2441
20
161
1571
12
14
180
113
2930
486
28
565
89
1039
7
7773
5716
809
1086
648
124
2595
490
1446
627
127
5455
1163
93
1229
1306
37
2891
4854
155
549
101
1016
1781
1
2007
1182
1
194
413
2250
30
5
2
336
802
440
3
282
663
2123
1029
620
178
56
39
842
1148
122
2
654
9
185
30
20
3
1
2919
1
1
150
431
2
12
371
1296
17385
77
102
569
1
5
2
470
6
4
1
1
17
54
879
260
1
577
1165
1736
890
221
1
573
1
111
869
860
619
983
81
137
41
253
55
216
2872
971
935
2552
1893
287
194
67
53
1455
305
3339
1530
2202
975
11
2
54
30
1
6
1
3
1
1
1
41
321
146
18
615
26
8565
649
86
199
572
350
3
865
1
186
1
1483
1
4
1142
1
9
1402
4
2
16
66
76
5
3783
1732
770
22
1
6849
48
2
1
2
507
9
1
1
569
341
2
986
1183
80
174
7309
957
1
5
4
1
1318
3847
168
6
16
3213
1269
227
647
1
335
1
9
1
3
2
2707
751
117
3
456
386
334
1852
89
220
108
2833
459
50
1503
68
85
837
147
20
17725
267
1013
802
383
3368
1469
199
5406
2579
657
479
42
1291
285
15
940
171
53
513
886
476
4340
913
382
1556
1386
78
11
1607
937
1238
1
481
52
18
338
3500
1
178
1
2542
130
121
2
4044
2
211
55
77
48
337
1
15
3
800
1654
4
33
63
1
636
1
10
2287
35
507
3
1
1
1
39
4
1
1
4
167
135
183
1
55
2059
1176
19
530
2493
4
1
1
150
2
744
241
113
481
508
1
312
78
173
1
3342
1
1379
9
1
1060
2756
681
4
1230
120
458
221
650
36
1
2
97
550
748
3
361
128
1
1
7
2
12
1
1
1
1218
71
443
1099
262
1
1
6717
33
22
396
184
1
38
1
748
1
28
1161
1
1996
1
172
5869
3
1
344
2
1
1
10
439
832
221
618
82
523
52
17
2705
121
1779
6
14
115
1
101
2977
1009
2371
42
285
1
62
1
692
2687
1
4638
1752
1
270
406
923
1
2
21
36
105
1
1
1
3
601
1
110
960
1130
35
3941
5131
2913
1
1
318
3
4
6
1
50
3
1
8
1313
928
1
2
1
6
5
1
1
518
75
73
628
808
1740
1
722
1
1121
58
1
298
9
225
210
239
4
5
47
84
1950
17
5
341
711
2011
1
329
4384
1
8
695
3
72
531
1
1
1
2100
2358
2095
1
1
1067
382
4078
1168
57
447
1
1
1
8
1
611
210
1
2
1581
9
1
260
2
1
1
2972
299
166
39
1
1
1
2
4
4
1
2
394
1
8
1
1
3
382
2104
138
1
571
1
310
1
1
1
25
85
16
4
1
1
2
6
199
359
152
1
427
2689
269
63
381
1
127
369
126
1
1
307
97
569
5
54
1
233
1
1
2042
2114
670
613
1
2752
4512
3393
4114
120
65
114
319
215
2079
594
239
146
50
222
196
263
1
100
231
181
199
616
1067
175
3042
131
238
208
290
263
499
2358
152
206
393
1510
2257
329
918
302
127
27
556
32
353
2
12
611
605
1
1
14
5
11
29
707
501
1
42
148
1
486
1
1
209
450
99
1
1
1
2917
7
1
5
29
1
357
13
872
171
571
3
1559
1
1
29
4
1
1
2
1
3
6674
20
1691
56
38
4
1356
5
1
1
1
2
1283
1
1
2
4
1
20
1
4
383
2235
10
1
2
1
1744
36
3
28
80
1
2
1
1
4
1
1398
834
3
1
8
2121
1
411
1
944
31
2
1
1
11
3
5
10
1
2
15
1
1
8
2
170
5
1
153
1
1
24
35
5
1
1
2
1
1
1
1
1571
1
1
1
170
243
2
6
1
588
2929
8
11
23
3
1
1
133
1
1
1010
7119
705
7330
34
57
30
382
291
54
1005
107
1
324
133
259
40
65
77
132
373
3320
3314
3388
407
1004
313
2312
17
7
148
6
83
192
630
2164
7942
1374
1
1419
1
4
81
1
1
6
1
161
76
30312
13
1
984
102
1391
763
5
2924
1440
1289
1890
2161
1816
86
35
224
255
85
10
38
488
56
49
574
506
12
1214
2776
3546
1
1115
909
57
75
423
401
1060
255
103
27
35
39
1598
21
13
193
4
175
2
2070
3673
21
1533
32
1817
1
1387
3544
4
2618
751
1402
1
210
2032
259
898
1
99
328
3927
700
161
626
474
492
1541
340
685
917
774
49
3933
266
404
334
1636
1344
178
4319
1518
2761
125
3561
447
6
315
885
61
259
28
771
152
5492
1
147
231
429
157
388
826
249
92
5
162
814
1315
2182
146
2790
12
390
212
2
590
39
4
122
4331
1003
503
22
3
762
229
1
889
20
88
25
2
576
110
237
1
471
1
2855
755
630
1
1302
1
98
147
522
900
6
2248
45
109
91
67
12
1
1
41
1876
983
225
825
154
125
1276
267
22
241
566
1169
194
1
173
1
4117
56
763
2439
425
1
330
198
288
8
506
169
1
605
3
4886
9
507
1896
191
3
1
72
3
2872
4515
1
1
1
386
72
1
67
7
1
1410
303
7
692
34
190
377
4
1
51
474
516
298
340
1
15
11
1
2
1301
209
111
1
6
379
2
1054
618
20
113
1
58
36
108
1104
316
224
2
28
2
3827
429
253
152
127
53
257
88
265
81
1123
74
27
75
1
3911
5
148
1112
239
123
10400
1
457
318
1
2
1
17
1
334
1
2
1
32
102
3
748
7
1
1
1
3
604
1
2
1
83
1496
1
9
4
12686
1
11388
89
4
2
3
2283
269
1
280
1
160
7
7
1240
5
1
44
75
165
1
16
2635
1331
1373
248
1417
652
1
1
10
1
253
1
34
1
702
1
1733
5
1067
1847
1
751
201
20
1071
1
11
382
1732
1
11
96
9
16701
231
161
223
377
51
23
171
1
46
221
1187
2214
14
3360
115
14
228
227
277
36
227
306
2822
371
188
191
2
87
917
1
1826
1
2
436
12
99
745
1014
97
1
1
1
1
112
4
3047
856
615
32
58
2
591
276
1486
3
5
1
1
31
1
1
5139
475
2
15
15
5
12
2
1
418
1
1
1
15
32
379
1
1
525
1
314
877
7
17
642
353
1
518
3
244
1
249
155
1145
4082
2094
26
742
1
94
756
2
146
2138
3
7
314
2697
1
37
1
2
5
1
674
3
6
6598
2152
834
2024
2
457
793
6062
1488
445
46
818
1484
1
42
16
59
180
67
1177
25
185
52
418
523
282
561
210
220
1
1
1
2
10
8
21
1631
2190
1788
224
4
25
3415
1
1
1
714
1
2
20
4
1
1
142
2848
1823
982
1305
2
2
1
2
500
762
2
1
1
129
569
207
13
65
1
917
1267
174
18
28
1
1
269
424
2426
1
8958
433
514
1
1994
46
2928
1
1
1
1
1563
1
2
1
3
1
4
91
60
100
1
6
145
928
1
2
2
153
4291
126
2
2
7
66
1
84
103
174
1
295
1
271
117
23
28
618
1
327
88
1421
2
150
1
376
2
1
1217
9
440
20
1
14
1114
169
380
79
3
17
535
425
102
139
2
44
577
3564
53
113
1
2
3
300
3
2
28
8
294
152
305
590
529
370
2
114
1
14
3
264
20
8
2
1
1288
6
2463
42
38
201
4
1
1
2
2672
62
2
10946
75
1
50
4595
57
2
2
1002
2
42
1
7
80
52
1056
566
6217
1
17
1
1
4
129
406
41936
24
1
297
1
1
43
1328
1
2478
172
3
1
1
1
1
6
3
1840
1
101
1
507
50
4062
24
1
60
236
3
2
1
2
2
2
1
1362
52
1
228
195
813
1
25
52
2
2
1
2
871
617
4
1
1
7
120
2
31
1
1
392
856
2
2
8
1
271
28
598
1
53
2
1
191
1
1088
1
1
1
1200
1
225
193
5
1
1
46
401
1
189
1
702
656
474
5
759
1032
909
5
45
1
1
313
104
1644
565
413
104
443
1
26
2898
6
761
253
4384
6
238
3
286
1
544
129
1478
14
1402
39
289
18
238
1
410
1
181
219
1
212
633
465
1
9
722
235
1
2
1
89
634
192
7
1
1
41533
144
1
13
766
192
1920
545
1342
872
512
3
103
270
372
2182
1682
295
153
75
1979
5
40
30
36
430
1
804
59
2484
1
1263
257
1
1
3237
18232
166
299
704
784
1940
12
1696
47
128
1
613
533
1999
327
67
1542
945
906
456
166
1
3359
12
565
134
2
1766
175
291
10
212
1
12
18
113
1203
5
65
669
223
2653
154
749
1506
55
464
3138
20
1
130
46
2075
31
17
842
361
2223
69
158
2135
1115
1
3
1
251
41
56
232
21
2428
207
411
3260
66
1093
2532
139
2291
602
10149
308
866
436
301
23
4341
34
1033
315
1
200
63
142
1055
3885
8
1
1
2
2
1
860
5
2648
311
11
2926
1
3269
3036
235
3
8042
23
538
399
625
390
240
2144
263
72
1
565
1439
632
291
153
582
1
44
18
216
552
266
168
846
2258
123
256
1
3
25
207
22
26494
625
1454
1038
1
78
347
92
93
652
271
90
1748
402
349
162
3243
293
1
419
25
627
1147
3063
685
131
80
2
1
22
1
1
3
276
1
12
628
4035
307
5320
139
3339
343
611
8
244
20
477
76
1739
996
9
40
139
13
1763
62
694
31
11559
33
2977
69
1
59
444
644
290
3041
1090
141
127
1090
7
904
2315
1
1
20
117
1
1666
6
2
5
1
2
71
898
149
1388
421
5273
1472
3912
10
10
1
1436
6
4389
33
54
339
382
1452
468
765
309
148
126
135
1781
8
870
1
11976
6
82
92
43
516
87
116
7500
156
332
848
1616
5754
80
864
2900
1973
100
132
1353
186
33
2890
625
290
259
3144
730
878
634
8
16
140
381
5
998
37
2352
2013
87
229
116
48
49
287
3
1283
1
234
904
863
1253
218
1219
931
1189
1
59
1
673
1
1
1
1
17
16
1
8
1
21
1
255
14
4
50
521
16
1140
55
2294
57
515
4620
11
10
588
1866
3817
234
3431
447
249
4696
2204
1661
186
19
160
212
453
51
9
34
805
514
257
2718
1
9
1627
179
165
85
3642
105
341
4
488
2303
1362
3226
62
850
595
74
228
249
201
32
73
993
64
252
4152
31
1948
136
1
2756
31
3242
242
860
100
116
4
104
19665
8
234
1002
266
1348
939
110
538
5
354
204
7
334
331
1251
1099
1230
43
193
107
2494
288
41
605
1909
851
1535
1
12
1018
121
281
7
3196
2238
2
1932
1024
107
25
1
305
846
1
270
51
10
1
147
335
1
228
61
7
1853
90
820
1
5
1
1864
1073
1075
179
194
177
400
846
58
1
1
583
621
68
707
991
1240
145
307
1
1001
536
38
1
2
2
2253
1
54
4
1517
20
3
12
115
102
1
1
770
1
93
221
1
3
1
55
11
1031
3137
51
463
376
2951
963
7468
38
253
298
1182
281
465
422
1573
461
501
252
651
3258
2565
1801
230
960
240
669
35
5
354
1
88
28
2588
2598
28
539
9
69
915
1214
2097
2128
1845
7
32
1
2
1
1066
5
179
66
1
59
1
1
77
1108
7
791
1
2
1
2
20
1
1
271
1
17
1
3059
449
14
12
1
399
24
1
1
535
51
1
1
2948
15
3275
38
32
207
63
682
11
2
2
2
8
1
1087
75
5
189
88
1
1
1
2
1
1
1
5
425
2
1
1
1
5
1
1
6
4
100
1
1
2
1
1
8
2
8
1
631
1
1
1
19
1
1
1
3
1
1
1
1
1
1
2
1
682
6243
816
115
2279
2
1156
1
1
114
11
4
2
767
328
1
347
324
1785
135
62
2
818
1
75
744
4239
1
1088
1
235
55
1
300
1
9
1
454
1074
1326
962
1
2856
1
11
1
286
1276
826
546
796
5
100
1
44
236
1761
12
756
12
3318
995
10259
53
292
1
50
5707
425
17
1
225
1
1
1
1
16
1
802
1
1
1
9
3
29
69
1
194
1
7
8
118
1
1
3
1
1
204
70
2046
6
53
2519
1
1
1
83
1
1
1
433
2
1
1
46
1
7
1
1
1
1
1
4319
30
1516
1998
401
1
1
2
1
1
1
3
1
15
93
7
415
1
363
3112
1062
847
330
7
2
128
614
778
1924
89
2908
259
10
1492
25
2087
639
317
89
213
921
22
4
9
168
2
454
146
1
620
524
1109
891
99
140
116
55
6
5
2
1
2
3
1
290
174
357
224
322
1187
365
5647
92
1
2780
1
300
1
238
1989
8
51
1
335
667
5632
1
4
2
1
2
3
85
13
1
8
601
20
47
5
1300
1907
1
1926
670
1
1
20
66
668
11
1
2
2
1
1
6
1
1
1
1
2095
3739
110
310
219
1
7
6
1
277
188
1
1
5
899
1
6
1
17
7
1
928
6
3
441
49
1860
1619
37
620
2
1
37
7
2283
1
335
163
684
1
1
31
1
219
150
1794
1
1
2
361
1
1
687
1
13
1
1
1
90
166
85
3
2
1
1
37
1
1119
1
582
1
33
27
784
19
2
4
1
165
435
1338
2546
47
64
1
462
1
809
1
1
2317
1
808
22
243
1
1
2000
453
2
221
1427
4
77
3
1
11
872
1
1
1
4
1
1
1
1
1
3
24
1
1
1
2
1
1
1
1
1
1
2654
1
1
1
1
1
1
1
1
7
1
1
1
5
1
1
1
1
1
141
1
2
3854
1
1
1
1
1
747
3471
16
1
3
1
1
605
1709
779
20
2
74
1
4
1782
1
7
1
1
1
1
2
488
1579
2
1
90
2
93
1
7
1
1
1
1
1
1
1
3
10
916
12
51
590
628
1
1
1
1
20
1226
927
28
4557
1
1
38
389
213
4
1
1
291
362
1
1
13
6
2112
1
99
10281
17
1662
2
1
1
1
6
1
184
1
1
1
1
1
1
1
2115
1177
209
898
6182
11
5
1
2
1
1
1
147
1
4229
500
124
1
4
1
1
1
1
6
146
163
2339
1166
1
293
530
9
1
1
2450
1
6
3
1
1
1
10
2
1
2131
1
103
1
16
1
1
2
1
1
5
1
608
55
1
1
2
1
1
1
1
3
1
1
32
2
1
547
467
3
2
1
1
20
27
2414
259
98
20
1183
1029
687
1
86
109
5
1283
1
316
347
15
816
715
11
12
1
1
1
1
470
1
18
868
1
1
1
49
125
1
1
1
1
7
10
2
3
2
1
3
3
5
644
1078
10
863
572
1566
26
1238
3157
1
2
75
494
117
51
434
1
213
587
951
1
1343
518
264
138
199
1
1853
1512
566
82
651
340
896
54
16278
572
1
33
1339
5471
143
35
535
364
2
17
3106
2165
645
241
289
166
233
2531
931
700
382
117
5
1
2
3031
414
2900
66
2986
463
124
140
87
111
2125
10
176
968
22
1781
1150
39
1
428
3
1
2993
50
171
13085
1378
68
2
100
301
20
3
240
498
133
335
546
47
213
2126
324
24
705
93
571
274
513
4
2632
275
7
1
478
57
1
2
42
2
1
1
3
324
99
158
1
57
1
980
10
1241
18
177
41
1
1
1
1
1106
7
24
509
2725
1010
110
8
599
4
1
44
1
881
247
2457
451
548
500
4
29
2
1
3
166
1726
56
7357
2174
1135
307
17
289
5096
2613
593
2197
1
1
4755
2565
3
543
1
2
1
1
16
1
2917
256
1
1
1
989
3103
177
4018
180
212
65
6
9347
115
311
1409
1242
2
1
613
5
1
14
1
2140
2
1
100
65
9
3466
1705
174
16
33
1069
742
742
668
1103
3606
794
272
1
33
3708
1
4
577
1
2
291
1
1
1
1
8
1506
11043
2
40
672
3231
370
113
397
2276
25
337
935
368
274
796
36
3554
944
5007
422
194
266
41
383
295
3669
591
1017
5
599
609
328
182
6
177
11
1
2
62
27
344
4249
8
3
10
1
122
10
175
3
744
502
4
11
4
137
1
11
158
525
9
1
1
2
26
234
21
153
8
1101
372
1
626
1
10
1
5
4
3
2
1
6
4
28
4
1
1
15
1
1
5
1
124
1
80
774
567
113
842
41
565
1
1
14
347
228
122
1
695
4
42
393
1
286
1072
1
2
841
1
10
1
36
30
845
187
109
4
1
1169
3462
1188
370
813
103
6394
182
672
3318
765
10
1190
7895
429
158
104
2
1
1199
273
1
21
70
317
387
831
36
22
1
285
23
429
100
399
7
1
1
153
1
2
2998
62
844
320
501
32
1928
770
3475
1091
2
1212
183
2262
110
619
857
1
772
73
1
2
11
195
1
2
5
23
1
5641
1423
96
1321
1224
779
1210
1
25
1201
85
2
133
313
13
1
280
415
1
225
212
203
1
131
2
166
1
114
171
293
222
3388
464
4
303
9
2200
1
1
1
669
45
76
62
1
215
919
20
1
1357
3424
104
5108
1549
1
3
965
610
369
48
1047
79
91
3
2
1088
1
13
29
1
1
1
1
1
526
563
883
1925
1
3
2
6
51
807
262
1
23
4
2
1
1
1
12
1
1
1
1
1
1
851
3
1181
1216
1
849
1
95
1871
446
17538
2635
1997
27
1106
3255
106
744
1848
37
22
1165
67
1023
47
2
5
2
419
6
362
4823
438
72
6462
1521
20
134
977
502
1264
1
3070
43
73
96
519
2
9389
10
1388
82
7678
613
1
1
56
656
1776
3386
1042
451
34
1614
1130
423
5
1802
1
1773
3915
9860
627
644
10
1
279
3145
8
1581
5
151
3
1
640
1
1501
231
126
1
1
3
3
248
1
534
1
1592
1639
208
190
1554
3
1876
437
1965
21
1758
81
620
1482
1455
5630
19
290
39
1
3605
52
1
550
332
80
2823
291
2
5
30
1
1269
1318
1695
710
1211
166
51
689
262
221
1
8232
1
1
1317
418
306
350
1
480
243
215
23
22
2149
8
549
1128
1
92
584
1
1
6
1
1
2
1
2
1
1
1
2
10
1
1
7
1
1
1
1
1
520
1
1
2325
1691
164
641
13623
2618
7
83
495
1
990
2207
1370
3176
95
96
393
75
658
13
27
21
100
465
3738
1
7
471
1
1
1545
2
7
1
714
2409
1
2110
504
1
595
42
798
584
896
220
103
50
16
256
1
8
176
47
6
673
686
1374
1
36
104
1075
31
1072
389
1141
260
528
2205
2369
2387
941
535
511
1
30
469
40
149
497
4795
44
26
1
933
348
3122
243
1
13
1
8
1
1
1
2
29
21
1
1
805
56
458
2560
377
849
106
42
1
1
2
14
1
1
1
1
513
718
342
83
1
1
1
14
2
1
1
1
1
260
1071
724
643
286
34
86
2809
8713
1
12
4151
10
3
95
46
1
271
1
39
1
1182
231
1
1
1
1
13
101
1406
5
1
1
443
7
1
1
1
2674
2
2
3899
645
4
367
616
2633
1137
854
41
8
2
920
542
1417
1
21
1769
223
1
34
1
37
2213
7
1042
132
1
162
3178
380
1196
344
199
37
79
3925
1568
1450
69
1
428
775
1
56
128
2
1821
1
829
1873
90
2
9
823
1
1
9
10
3597
3214
987
1
695
6
85
1625
1
2987
122
2
10
6
391
1029
676
453
6
341
20
1
374
8
8
9
20
193
3875
387
270
1
4
113
1
1
7
1
7
6
508
1761
192
1
34
411
1
1
984
2212
191
303
3
282
161
5
201
37
1
2991
1
1
33
2
79
159
5
1
1700
331
341
42
90
113
18
1
1
3
1
1
1
63
1
323
1
1
20
398
1
31
2
1
690
1371
22
32
565
1
2
56
1683
1
3
417
41
1
3
116
4
637
7
41
2
6
5
1
104
1
3
1
5
322
1
1
4
1084
44
494
2
1
46
13175
1118
2
23
2500
1792
1055
1465
1
1831
685
324
1
2
3
1354
1
1
1
3
49
1346
259
4813
371
4
8
534
2905
1
2
2
5
8
2
331
4583
96
198
1
997
6
469
1322
2
505
1
8
203
1
1
66
1
2085
532
1
1
504
5
2
104
79
70
908
272
205
5498
22
1092
820
344
179
347
53
1
705
4
40
2217
95
672
110
1
1172
1
584
1
106
4
1528
7599
983
156
410
179
70
372
1
1
1364
171
1
148
3
29
1496
3989
131
37
562
856
184
3
6
905
8
833
240
1443
43
368
356
2832
1424
1
1
12
43
1
1
2
1
1178
1
1127
4510
1
26
6
3
3
2784
2090
68
159
516
1
1
884
2202
406
8554
7
84
2032
1680
1702
14
440
1
11
1
1
466
5016
1
1
118
49
884
2033
300
1
2
5
2
3
1
103
1
8
7
1
3
86
1
1
1
158
1
1
434
5
1
1
4
1
4
2
1
1
1
4
3102
838
377
704
1
1
10
396
6
20
1
1
2
28
4189
15
1
1
3756
740
9626
301
20
1
15
19
8573
9
1979
13186
135
409
351
3590
1699
11
2570
313
5615
670
1
1048
1
2062
1157
376
60
27
51
396
2673
1
2
167
409
91
10
79
1
602
453
1053
82
1
868
315
971
12
1
7291
318
39
1540
851
158
815
1109
9710
10401
132
338
967
924
660
729
4
5
26
1706
5827
282
571
6
1060
869
1815
1244
5
1394
104
46
95
272
790
8
32
2
4
1031
320
1
188
159
899
1253
3480
672
435
393
3
2195
44
60
4
1
1
717
945
1310
13
1
9639
1351
26
127
34
170
1
49
5670
118
3
2957
685
1004
2556
284
2113
1085
2
4219
100
563
2037
567
215
1
1272
256
1
3575
289
1
216
282
1423
75
1887
406
618
14
9
36
4
1986
1827
22
544
1656
246
2681
1513
118
701
635
25
16
2381
4839
2629
195
657
374
1
223
5
54
1335
2289
29
36
2938
4311
229
3616
815
4240
946
12724
651
332
8
78
193
1401
629
1
1260
192
813
359
261
128
93
232
367
2018
203
443
135
1260
1047
1
1
9
97
133
295
215
153
1708
429
513
14
64
2
928
111
63
121
7
11
736
11622
1
1
4110
75
3
128
109
3
1006
165
1027
1
1
6318
7866
798
1176
664
72
25
1315
32
1808
27
570
976
81
398
9
30
1
1
64
1654
19
2
1835
2641
463
327
170
118
1
8
1
1
331
6
124
4
698
16
6
472
294
2587
1165
684
1
98
1213
9
71
18546
10357
1
1089
271
905
357
721
244
1
1
247
191
51
448
59
10
51
989
1424
658
2
40
91
1099
1413
56
327
218
2585
627
4
970
879
653
432
346
165
136
444
1926
58
536
6
274
89
236
214
393
1871
175
649
3
