82
14
11
59
15
12
156
10
95
12
46
9
76
7
378
5
73
536
195
38
115
1355
10
125
88
3
14
33
131
44
207
20
10
12
574
3
6
7
22
27
250
33
51
205
23
11
25
27
70
26
1
138
12
55
167
2
85
12
25
211
265
266
14
10
75
60
107
1
222
95
261
526
1
80
188
3
36
6
119
560
7
8
194
212
214
196
1739
408
215
100
196
1074
227
5
233
30
36
1008
7
5
26
5
1
5
8
46
80
26
111
2
505
179
624
195
72
209
4
89
9
16
149
67
92
54
15
9
2
228
12
13
1
130
185
70
25
233
141
231
1
255
31
402
323
3
88
117
365
5
2
1
12
15
56
194
2
2
87
9
12
12
78
15
337
3
18
162
154
13
2
131
60
1
10
5
82
93
48
97
5
176
23
60
8
4
5
74
10
182
20
10
48
672
9
275
208
12
13
195
12
242
90
82
217
95
87
76
37
2
25
69
202
125
125
8
310
8
20
1
504
182
4
12
8
204
85
75
8
232
137
74
21
158
486
240
75
124
90
270
12
