31
1
30
161
60
41
46
82
197
160
35
435
165
672
75
100
114
109
233
498
122
100
373
46
52
35
113
1
44
109
6
72
40
172
79
38
347
584
483
665
222
197
35
158
230
513
145
720
35
217
35
144
35
33
292
35
159
41
35
31
33
38
119
31
105
91
36
95
145
233
124
42
142
35
42
246
220
190
159
115
212
131
228
212
35
184
146
253
31
35
158
218
218
35
31
35
99
131
86
146
169
35
141
35
3
30
226
35
35
447
42
35
154
162
145
36
2
32
381
244
194
92
52
215
43
48
165
105
39
276
128
216
608
45
35
210
43
3
35
1
137
480
35
3
2
91
233
426
211
151
142
162
84
564
2
208
7
225
181
270
35
37
153
41
439
155
31
192
40
31
118
202
223
31
75
240
133
2
32
35
1
223
134
565
32
31
154
203
190
152
1
5
49
46
168
105
217
2
159
113
284
185
62
95
166
127
219
215
32
204
45
1
31
528
37
35
129
30
4
35
65
31
91
44
226
35
35
212
158
35
186
459
249
72
42
35
35
556
1
240
156
17
117
182
31
215
128
69
32
146
218
95
203
159
508
219
319
94
191
1
35
39
50
31
157
160
35
127
35
64
110
396
132
35
39
35
35
35
198
35
124
77
95
222
1
35
35
117
201
131
91
135
286
149
33
181
35
96
216
57
123
178
35
35
35
31
182
128
128
164
43
234
30
35
149
121
368
