90
7
3454
89
129
12
84
58
174
101
26
834
54
6084
7
164
766
132
1
518
27
310
36831
229
104
127
296
13
488
4004
602
4
70
91
30
28
233
84
805
77
58
1887
271
17
183
400
838
2
30
154
725
11
223
1
16
1244
1
2160
290
52
15
59
846
14
108
1011
68
4
165
565
584
1300
1922
168
8827
184
364
9
101
4
391
1813
34
7324
231
912
59
11
793
255
7
44
23
414
1438
13
686
569
218
134
94
8
190
44
327
678
1328
431
973
117
59
5
2618
130
27
20
546
231
501
26
84
319
31
1072
534
21
127
701
5
1758
187
215
67
1838
3
62
109
3063
187
35
74
130
63
1
64
24
5
140
1188
5
17
2636
297
1
1745
80
506
53
3
82
4
137
30
114
32
98
36
444
2
35
615
110
1792
179
840
8
1
100
15
31
166
779
1
7
158
3399
5199
1105
60
191
1
215
5
1
178
1
3214
4
10
158
64
4
1
254
348
78
285
12
4
418
1
9
3
59
1739
162
1070
38
84
37
1925
14
2002
64
29
246
31
133
5
32
27
110
307
26
55
223
20
95
16
58
21
312
71
179
1
3342
9588
5
1151
2
75
985
294
1
59
163
259
10
93
227
2100
77
474
55
222
1033
1
630
3627
2
8
215
33
106
5
61
14
33
2
6
121
6
90
228
1
150
201
3
6
4
4
1
20
629
122
2
55
5
1980
110
1
64
1523
31
17
599
198
62
159
583
55
103
116
100
55
1
56
366
20
1701
41
8
1
1
252
149
165
573
128
32
3
121
72
71
175
287
55
39
14
58
278
1
14
6
37
82
6
545
176
474
54
58
1
168
1
166
21
29
925
144
32
416
61
1
16
33
1
45
4
1
181
489
4
353
72
1
365
277
665
168
6
98
9
335
162
483
5
1349
6
19
350
276
22
1303
13
48
157
169
754
69
120
94
33
7
9
40
51
154
136
55
34
25
4
395
40
5
22
6
178
1066
195
81
85
3
94
2
133
201
103
52
3
8
17
170
19
327
60
55
184
1
65
445
137
2
141
664
217
2
21
4
1
152
40
8
2
50
1
6
215
14
72
1
165
12
1
1
46
32
14
336
2
12
53
166
156
9
168
15
133
194
640
275
72
100
1
15
191
205
51
69
7
50
613
191
1
113
157
44
7
121
108
1
6
85
270
191
16
507
70
308
29
37
1367
4
63
2
281
5
131
301
77
7
33
29
68
975
99
81
681
46
91
900
8
55
5
58
128
102
123
923
2
42
304
3
163
131
80
278
293
723
59
22
3
185
54
21
2
63
12
58
56
138
32
66
3
84
56
210
65
6
5503
63
3
987
434
3
418
21
9
190
246
74
94
8
97
10875
95
123
5
2739
637
490
4
60
1
99
718
1056
103
869
8
93
45
71
736
3
15
182
1
622
71
3
7
45
4
355
5
1
96
330
51
12
863
67
2
393
421
5
2
630
107
13
55
7
459
11
180
239
81
152
108
791
663
714
38
3
1179
9
36
872
55
1
4
55
71
258
105
400
40
3
35
145
177
19
105
39
1
56
20
172
1
1
3
506
18
2
6
9
91
907
852
1
72
1
22
4211
325
17
636
120
917
236
84
126
1014
557
1620
192
291
31
49
171
418
3
38
396
2
128
130
129
2984
21
225
25
196
26
279
89
52
21
40
2
215
265
34
57
15
13
751
103
10
1440
36
58
67
241
6
277
1
4
14
360
1
163
98
218
114
261
1
135
234
185
1
9
74
649
719
56
17
374
42
17
192
2
33
70
25
9
26
280
110
14
35
183
65
7
6
10
62
207
4
16
1034
183
135
177
58
12
165
671
194
135
621
210
1181
441
130
424
579
1
13
307
89
2827
356
4975
3485
388
73
144
64
6
1
247
1073
3
19
516
62
36
827
64
82
8
530
7106
224
455
5
56
3825
16
7
785
799
215
505
179
68
13
3225
3
59
56
45
87
207
2
7
24
55
1
238
10
245
266
55
55
113
13
55
1168
71
16
5
58
77
4
1
711
22
52
146
67
178
217
73
181
66
53
88
219
911
172
210
55
52
55
180
58
52
53
757
66
210
65
184
56
57
2
81
65
56
854
176
61
55
127
68
51
342
130
45
80
649
186
194
437
60
19
62
1594
215
8
1047
25
5
81
17
1040
935
228
22
4
14
71
51
580
3
185
2
4046
2
214
93
11
426
21
2
67
1627
556
1
51
77
11
11
14
10
4
212
463
25
44
3
67
73
75
236
559
218
48
988
138
2638
52
7
2
3
55
15
2137
4
3
1
216
609
1
219
55
11
2
93
207
23
71
4
645
133
16
3954
105
51
225
472
31
5
14
846
5
96
246
47
1902
37
201
52
13
55
7
125
363
181
17
19
124
56
94
3
62
501
51
62
61
49
150
1113
5
1245
81
37
411
47
4
268
101
2500
8414
28
9
113
300
15
8
51
214
27
121
98
14
32
1275
1
43
9
8
107
479
70
1
60
420
1
133
62
178
6
55
281
851
686
110
28
284
44
7
3883
122
98
73
116
92
41
4208
165
379
298
7
229
81
8
215
110
154
478
46
7
53
128
22
231
3
71
55
64
45
55
55
262
2
161
313
552
52
49
71
690
224
41306
6737
40
142
15
21
211
178
73
38
155
6
2227
44
63
32
53
4
59
29
253
1
182
173
322
608
12
4
3
262
11
1028
15
559
2230
45
1
1
2
6
198
53
11
229
77
945
337
2
1
55
1
1114
1
10
2
76
19
82
217
54
64
4
34
185
217
95
17
53
14
186
52
120
12
48
26
133
272
1
55
69
55
15
643
6
178
87
3
11
79
43
199
444
40
50
394
13
26
211
47
8
2
4
201
259
25
1
136
5
1
4
39
14
270
239
1007
79
66
127
232
219
156
56
839
94
20
6
28
3185
3
299
143
317
168
165
23
67
55
325
167
2
23
25
126
82
7
40
58
1
8
63
294
229
127
5
2716
1
109
53
71
310
892
820
18
150
71
134
35
13
261
2
108
2
20
29
215
13
1143
65
7
150
89
11
13
12
347
2
50
4
218
1
662
112
55
81
9
62
1
74
967
180
215
14
21
281
54
38
28
1
11
2
1
20
25
5
315
38
7
633
49
8322
87
287
1
11
703
4
18
442
271
121
10
127
155
100
27
138
55
55
82
117
15
309
4
180
4
21
18
19
72
36
285
358
189
22
77
268
61
1218
20
55
177
107
602
1
150
14
1
3
20
2276
133
74
14
47
7
1
61
8
2
6
56
358
1
1
56
15
1
3
2
8
3
123
56
96
55
66
190
3
179
414
306
219
91
522
44
210
26
4
14240
79
411
135
42
1
1565
24
271
114
232
1223
1
4873
6
43
3
125
7317
1
5553
1456
10
2
127
4
69
4
63
15
6
363
2682
15
1127
260
44
99
325
24
49
55
1203
592
139
69
418
4430
235
115
2
564
275
1
1540
34
1876
1381
935
151
351
67
1298
1665
93
17
67
101
6
7
1328
2494
71
286
561
221
85
2
296
26
217
131
71
284
595
189
137
24
49
246
891
55
1
740
6
536
11408
551
64
618
257
1193
3
7
819
167
2623
440
168
93
52
45
12
545
6
7
723
15
11313
50
760
146
153
6
188
509
63
18
1
215
91
23818
3
1
2
1
149
219
169
969
6057
124
62
5
138
12
3
83
78
1
29
122
292
52
92
5
354
24
568
14
182
128
12
384
167
36
1
1
123
2526
117
617
19
12
6
1
309
108
3
106
32
59
219
3
1
55
47
25
176
56
22
182
356
1320
72
66
1
52
13
645
18
38
436
218
55
19
51
3
117
996
9
224
1234
234
37
35
53
1
491
556
363
4
587
18
7
190
1
149
85
431
624
2
216
55
95
99
1111
43
55
57
48
51
3
71
5
38
4
134
66
1
82
1
581
409
54
25
249
18
1847
1
559
156
11
126
35
20
2
5
7
98
151
72
152
59
52
233
283
184
1
54
21
286
11
116
10
205
766
345
2138
1078
507
21
92
106
4
304
122
216
36
216
423
78
1
222
9
1584
175
763
326
1
2
1
629
22
1
11
196
5
1
223
2303
54
2
70
56
104
4
2
1
5
85
57
71
4
174
1
14
41
430
160
66
216
11
83
1
129
237
226
6
19
180
2594
16
211
9
1
4
56
1393
17
3
343
243
4
8
248
6
9
46
3855
314
46
109
189
431
99
234
4
104
932
188
139
91
192
1
10
6
26
19
272
114
522
324
4
112
1119
97
1759
537
8
4
17
2
572
63
224
397
939
342
115
123
1470
84
2
1852
39
2
930
79
17
24
70
15
5253
365
259
20780
4
6
1296
1990
78
132
17
47
1
68
13
333
134
171
26
26
12
482
6
3
12
901
1
59
23
2747
5
27
1
4
143
45
143
63
1071
156
269
40
44
228
42
39
172
251
401
1070
1133
230
1
10
55
128
31
221
19
33
1
5
15
1139
1438
1
1098
110
37
908
3
15
5
353
364
283
123
4
826
1
227
17
118
2936
28
14
95
227
3
52
22
80
21
224
5
4
144
244
8
67
55
55
1865
64
638
51
399
51
230
1
1398
207
1
240
74
279
86
16
62
120
179
364
67
82
10
150
32
216
200
434
241
10
1
124
31
204
81
75
5
66
124
3
1
56
1
89
192
81
58
57
5
16
110
15
2
2
2
111
18
56
2
569
86
770
106
164
2
296
216
66
26
140
2004
1
188
51
42
1
59
179
121
206
56
51
66
692
87
292
6
121
104
62
8
8
4
1
1
1
29
122
79
196
216
1488
88
33
1
7
233
41
48
126
1210
56
24
4
78
246
4
193
227
27
187
20
13
85
43
630
9
2
8
123
89
1
173
157
56
8
189
55
393
1
7
108
100
2
96
25
218
280
74
627
18
22
497
73
55
4
23
62
1
295
2
716
5
36
1
554
241
871
22
22
132
1
137
56
648
9
1007
322
118
60
121
3
2
20
226
7
59
149
345
130
3
235
3
355
26
124
216
111
315
1
48
381
24
61
59
132
11
1
93
211
60
124
190
1036
154
8
1
1
3
247
144
25
1
751
52
2
60
461
3
55
52
889
56
64
39
1
1
15
167
63
218
3
238
6
5
136
359
255
4
27
6
1
61
179
74
55
2
218
157
142
57
55
59
26
13
462
182
35
20
56
220
113
1
7
167
1542
11
39
122
114
1
14
12
227
56
37
9
1388
79
213
2
209
59
189
258
3
102
167
137
1
236
181
259
392
43
31
53
37
61
1
51
10
795
28
58
2
152
26
373
2
112
411
53
29
564
56
292
178
1157
27
49
11
93
52
4
3
11
4
23
128
123
247
72
62
23
97
44
74
9
315
314
337
4
401
1069
82
275
62
28
261
320
175
1636
264
6
69
98
43
94
1
202
67
761
481
56
4
52
65
102
3320
76
641
213
2
146
54
167
3
26
6
12
3
235
257
43
13
4
223
109
90
108
1
1
7
2
23
329
71
55
7
365
94
130
8
2
11
51
68
52
2732
10
10
406
145
3
1
227
130
236
126
181
186
1
59
305
114
8
9
58
235
1
1992
3
178
6
39
37
340
61
8
62
14
132
366
80
3
2
1
453
285
471
11
1
726
84
455
11
91
104
2
85
5
1457
202
112
163
68
226
1
217
20
98
420
6
12
45
93
6
8
2
79
4
55
26
60
14
1
159
231
261
218
1
81
2
1
3
5
61
246
120
1
183
357
170
2918
55
178
94
55
1
58
60
3
1077
368
1588
28
55
32
4
168
101
280
93
5
2
55
1318
504
815
1
61
40
233
4
1
218
286
140
81
53
220
4
369
218
1
30
210
44
25
11
234
17
9
6
511
8
12
73
25
19
253
208
2
1234
2
3
17
82
14
123
181
3
405
148
38
48
57
2
1
436
10
8
2283
3
4
56
230
115
2
86
64
55
195
2
87
65
187
250
59
3
54
56
63
122
269
67
3
141
86
62
11
115
61
60
1
73
64
58
129
437
20
100
145
56
2
9
55
55
85
23
1
55
1
142
55
63
220
1
55
71
11
565
493
192
195
241
1
50
13
145
51
169
1
211
55
8
160
71
59
53
55
55
52
552
69
595
128
84
30
21
235
150
72
56
56
200
61
185
2
424
24
538
51
181
121
1
1
56
56
590
129
5
59
269
48
20
163
109
2
1994
93
1855
1
311
34
7
145
2
1
122
294
4
182
891
185
18
409
4
62
5
20
46
343
1
12
1
25
2
15
442
2
2
1
1002
131
251
48
132
124
59
55
58
120
3830
101
214
1
93
89
186
178
8
53
62
2
125
13
5
1
643
57
219
216
92
1
345
57
30
115
74
100
55
538
52
99
62
55
56
134
3
6
4
3
112
113
286
56
72
55
63
1848
52
53
78
46
110
165
277
58
101
59
465
55
43
129
210
226
49
1
59
60
207
233
7
214
55
239
55
55
5
92
84
193
3
4
3
8
1
357
95
62
2
135
55
213
130
69
6
55
3
1
3
325
130
215
24
2
15
58
56
5
109
199
139
2
