61
349
42
245
75
31
11
108
199
135
70
24
223
9
64
128
2
208
238
174
15
3
25
84
3
371
13
10
40
82
27
112
4
203
447
25
4
37
1
240
136
8
72
928
58
85
278
89
4099
8744
168
83
96
1
12
170
262
133
42
13
14
13
15
134
81
182
55
24
50
15
336
153
253
162
152
11
1
39
8
28
76
225
37
162
69
42
523
138
63
22
210
28
668
47
78
357
86
239
242
47
71
69
17
25
91
54
95
8
76
3
1
57
2
43
3
126
1054
133
120
47
73
465
150
214
527
44
31
97
2
2
9
58
428
22
141
113
351
95
63
78
44
460
182
21
16
111
33
210
51
79
8
33
279
206
143
74
6
13
656
111
51
7
141
583
131
2
126
112
27
78
78
101
27
24
30
257
2
66
33
95
298
60
6
12
83
1
1
217
249
417
3
72
34
193
1480
6
190
5
25
53
29
3
109
119
23
73
253
805
371
239
16
176
8
73
138
1108
168
75
274
147
509
97
941
313
8
434
44
88
211
13
1
1
3
28
4
71
11
236
118
425
68
24
115
9
1004
471
390
445
184
27
186
39
76
157
724
15
34
114
140
3
38
44
1327
6
719
108
323
310
49
537
103
144
3
82
101
185
14
490
95
172
373
17
96
250
26
71
100
31
47
130
29
25
71
21
85
233
7
42
3
151
341
107
732
494
204
62
23
1
76
76
69
24
96
13
8
20
12
65
399
43
31
11
45
14
45
972
1
39
25
74
82
96
360
378
302
10
514
74
46
4
111
70
87
17
38
4
42
315
441
76
80
217
396
31
76
41
107
47
239
47
128
68
610
319
2
366
81
240
17
7
78
38
28
250
5
122
107
76
8
3
156
302
190
10
13
371
19
23
3
90
90
73
1
24
18
7
385
248
54
317
21
121
35
89
22
225
144
140
575
805
38
1174
127
336
82
89
69
18
424
3
716
68
51
97
469
1
40
13
15
991
167
547
3
218
26
28
712
25
302
1569
323
76
75
332
97
143
32
24
156
95
114
105
47
1
31
90
48
74
86
184
90
1394
14
20
2179
122
148
57
232
98
827
31
109
81
13
304
435
23
263
96
201
78
213
197
488
65
114
2814
149
4
165
784
56
256
4
84
211
120
1
46
82
171
173
24
20
230
56
195
2
229
26
12
27
15
136
346
95
6
5
14
462
50
562
684
78
18
184
29
68
30
100
5
39
3
10
8
377
73
14
195
66
37
54
50
46
42
96
275
19
37
231
123
3
52
69
68
48
166
2
6
104
36
91
85
130
10
72
373
84
178
347
2
61
571
15
87
148
986
120
253
56
30
180
26
117
13
103
244
57
24
15
223
1057
61
111
95
118
26
2013
143
54
245
7
133
10
45
21
253
11
63
13
87
1884
104
97
101
533
129
10
226
242
430
161
219
316
86
211
162
177
71
75
491
3
73
200
6
322
124
21
97
24
6
8
897
3
25
256
202
19
762
22
60
251
318
463
170
121
111
1181
135
580
176
2
78
119
2
34
281
36
22
96
84
27
207
395
65
21
44
651
51
205
758
8
623
289
95
85
16
109
386
74
407
539
59
97
127
133
50
8
752
60
37
5
150
87
58
2
32
24
123
1937
13
362
22
5
11
85
33
13
16
75
419
41
80
11
4
12
18
128
2
157
25
167
29
19
113
201
82
62
607
135
135
15
360
131
2
118
17
19
3
191
6
73
82
216
198
296
129
76
246
122
42
38
373
558
14
24
186
1188
2
17
185
312
4
5
150
34
88
100
12
18
18
76
32
6
77
25
74
76
157
75
199
82
87
75
602
167
212
8
1
120
1221
201
293
8
52
150
223
20
1241
408
11
292
251
25
82
693
32
29
12
14
151
95
23
324
231
13
186
1
16
195
450
73
289
57
115
112
16
4
152
87
78
81
150
104
50
354
24
206
122
136
32
2071
150
72
287
72
243
97
209
225
46
39
137
64
409
108
8
556
76
229
351
27
73
3
26
425
904
735
411
603
223
231
28
8
964
233
84
57
88
9
529
26
6
24
3
91
52
45
78
262
210
428
1
103
34
140
27
11
8
7
75
1
22
306
166
45
135
84
1163
178
44
10
4
100
54
330
172
704
3
13
10
72
85
24
27
105
76
12
76
278
3
223
86
228
177
15
117
25
63
40
101
135
456
116
1310
261
27
84
20
10
70
29
72
288
9
452
233
80
455
71
32
49
78
12
2
25
60
108
2
446
241
7
25
2715
1
10
364
147
42
49
15
75
76
71
108
39
19
55
467
57
121
807
20
23
3
22
216
7
66
48
21
1096
163
183
2272
363
36
28
236
2
93
509
105
80
31
203
39
124
5
1
33
14
19
11
208
178
22
106
201
41
3
38
10
38
185
1
7
5
4
155
71
234
110
32
371
1228
17
15
11
224
97
25
27
16
13
14
95
28
330
86
76
73
15
11
155
445
594
40
115
8
24
107
27
396
75
11
1
81
96
27
89
50
25
399
60
134
88
6
921
239
57
29
1142
67
57
151
95
7
38
8
285
287
366
63
253
309
119
49
42
164
81
4
43
201
686
147
8631
1739
109
13
193
124
17
1
6
361
40
38
126
2
37
641
37
161
135
22
17
339
270
10
75
107
3
2
118
302
93
2
114
21
163
14
53
13
10
690
218
254
34
3
11
55
555
24
479
109
228
236
4
11
15
7
25
108
111
18
75
69
32
750
10
20
37
40
104
46
29
541
18
10
73
35
8
47
105
92
157
122
218
138
120
102
119
24
871
196
44
13
18
81
82
216
566
73
141
340
27
90
13
337
10
48
735
26
261
18
7869
127
247
445
1
249
48
89
2
471
70
47
2350
21
254
166
7
73
84
26
1
1
49
13
115
242
9
26
58
108
97
1534
45
54
52
176
33
104
51
384
65
12
53
198
286
236
12
23
187
31
111
34
71
99
151
264
41
247
319
1498
30
1
167
686
30
177
86
30
17
7
600
70
5
56
188
85
7
188
103
15
107
94
75
410
61
785
63
921
24
37
95
35
82
61
273
80
9
255
94
1
43
388
4
3
19
4
1383
954
23
157
92
134
24
55
19
47
58
168
20
333
103
68
167
44
106
577
232
319
82
22
1263
73
14
141
106
142
56
328
276
2
3
129
117
73
32
18
1
100
17
107
59
81
17
241
38
40
27
6
8451
270
317
6
25
27
14
95
73
489
1254
21
174
122
81
15
82
145
29
148
222
115
284
72
118
77
71
161
142
11
90
1
66
89
2701
70
184
143
225
76
31
17
540
11
8
4
1
111
826
2
5
1205
13
99
78
7
88
555
73
18
83
27
85
79
115
384
155
18
1206
9
19
5
14
32
25
11
69
385
34
6
400
3
15
76
56
36
656
86
300
77
85
520
112
71
14
510
554
248
596
113
217
75
28
10
31
17
252
613
554
47
37
21
11
49
8
230
58
680
6
101
11
369
996
107
12
25
184
79
4
69
102
41
386
5
148
280
34
116
161
218
126
25
10
55
115
402
31
100
34
137
37
109
78
4
24
83
231
27
32
37
13
196
175
151
144
12
139
1
22
703
101
687
101
1
48
152
21
63
193
34
45
103
20
1
63
112
4
360
136
361
373
194
435
197
10
3
327
23
44
3
28
689
160
79
179
75
120
77
192
75
553
117
168
228
82
86
237
3
10
324
86
247
221
104
31
560
250
88
120
322
91
237
533
75
