2
61
1893
307
3
2876
837
562
2
830
214
55
47
1
9
94
17
4
25
49
1
65
11
9
104
912
296
1
309
94
1
1
5
3
127
343
566
219
172
61
189
152
24
8973
204
190
3447
1
1965
7
56
415
18
31
43
649
1
6
338
184
290
19
1255
1860
15
1000
3212
3
359
441
140
54
20
10
64
7
1
23
8
300
125
450
1864
51
89
5
848
1
1
94
31
215
135
184
133
834
198
75
1
30
174
555
9
38115
132
93
9128
1
4
100
1
873
1
2
4910
18
1105
23
34
879
195
76
370
200
17
10
1
2
106
1
42
2184
993
13
5
1
96
37
1
112
1
85
290
117
84
5
79
8
97
71
1470
164
9
223
1034
88
290
288
522
7947
13
1
58
1454
248
120
41
111
1
4
16
1
270
127
1
30
96
636
2
387
204
5320
26
2
2433
225
36
1
1
55
786
8
10089
76
2910
113
77
19
137
14
45
6278
608
22
5345
616
5
4365
1
78
1
32
177
605
866
2
384
1
1
729
50
5
51
2673
120
9
3498
41
862
1
102
78
7
5
300
1
339
1313
372
72
9
199
62
47
9
42
561
152
1413
126
93
12
1
427
242
50
2018
587
162
991
1
190
243
740
1
1
778
18
11
3524
7
320
3
5
13
348
45
367
2
5
187
311
15
11
25
185
6
16
424
64
14
216
150
1
785
681
51
1
75
110
6
69
1
144
5422
4085
57
747
2
147
241
633
32
438
96
202
15615
50135
1412
1525
211
112
258
571
1693
2
23
87
108
3
89
2
1
15
1
166
231
547
1
202
396
443
41
4
32
15
2
2256
59
26
254
1
401
5
24
625
69
979
11
1
23
11
29
1
421
154
1
3309
531
346
6
12388
3295
1
31
1
318
247
308
1221
7
263
1203
2
175
96
230
1015
2529
674
18
1
282
6881
1082
504
146
2677
1
565
6
9439
19
90
1
3
85
898
29
722
389
43
1390
38
62
939
3
1
7
169
17094
19
11560
1
31
2
1069
50
110
430
1
1092
11
1888
10
256
5
3
9
3074
76
21
23
6385
63
12
10
73
137
1
91
1
111
755
1
325
26
174
2
3095
47
1
135
844
114
5497
239
41
2968
997
370
24
62
375
100
2869
130
4
4
35
12825
3
319
591
45
2
219
18
919
1152
632
13
9224
7
21
1652
2402
2
120
3186
277
228
47
21
1
14
16
1
750
201
60
2
25
12
859
37
2457
380
75
175
3663
3
1057
14
218
85
10
20
3
8
1
63
1187
21
3561
647
74
11938
103
59
96
442
1
113
59
1439
5273
4
173
489
48
1564
1180
3
109
28
20
1370
876
408
11
17
79
8
465
40
1115
268
18
889
1
280
3737
43
151
444
1
10
1748
14
356
128
419
5
36
5
1189
244
86
121
262
392
786
387
635
548
571
118
1
8
2188
709
35
32
1
298
197
41
249
2
195
13
9
26
348
87
2589
114
23
866
246
1
301
55
203
5
1
2
544
6
1220
3
4
11
40
142
70
39
81
128
1
3
13010
299
2690
1
826
3
1
84
159
333
613
715
12
1
942
2
1
216
353
21
16
401
29
49
11
112
1
108
20
6
556
46
571
43
750
722
9
547
22
5
108
556
102
17
101
96
1552
1
59
59
1
3551
16
7
37
113
5106
8
288
1
117
10
1
1986
5101
2913
516
3
6
256
1
239
22
20
1622
29
103
59
501
1592
19
205
12
2
2
1
20
5370
431
53
3195
4311
1442
83
23
18769
1
197
39
616
2868
2122
19
619
1
768
2046
678
2
1
188
10
1011
2
1211
35
121
874
1
133
75
2933
3115
35
351
41
18025
125
7
77
1
22
6
626
3
5
1
579
11
2
77
1842
1799
534
950
315
77
71
36
8
594
257
7
42
224
377
14405
67
11
1257
1
823
1
109
1286
166
39
1278
2
2429
748
37
47
1
649
69
113
124
3000
3
7884
94
13
26
436
155
97
66
28
95
134
1
11
2939
2
304
24
171
1
411
2
5389
4368
3038
71
574
295
246
333
15
17
174
2
380
94
138
678
42
368
1144
197
243
276
18
400
791
3112
853
108
30
472
4
1140
31
1964
18
1247
86
120
1
5
16
5
1
22
17
7
71
936
38
108
1
893
2354
1
331
212
191
4723
1
1
217
10
533
5
5
27
1
161
3803
52
59
2
1
13
1122
1
1
1
31
1
79
6
390
2
14
612
55
341
1897
303
33
1
78
5
233
1393
2
118
1
12467
23
7
33
515
239
89
2067
12
1
7338
8
21785
132
18262
553
655
451
1
8
1007
364
93
253
19
27
105
3
157
113
421
1
46
637
29
88
123
23143
1233
1
447
286
84
1764
669
2
21
25
2
1
662
31
306
598
9
28
939
6
331
13
308
124
4
1
211
174
144
79
5
1071
276
275
7
3
2
14
175
49
5250
70
20
66
4
2
85
205
892
238
10
305
177
233
6
720
82
246
1892
322
7
307
3
210
125
273
34
159
67
1
22
342
114
1882
872
3
103
115
2912
9
96
16
1
585
1031
532
252
5
32
333
2
1717
2
84
152
168
157
24
227
9
95
168
3
130
68
154
1
324
3
12
581
852
39
83
682
6
573
190
907
3
829
1
191
25
2203
491
1195
32
6140
225
1
254
323
12
492
222
2
687
364
2249
7
2
27
2
1957
11
11074
573
934
170
4
54
6
9131
305
29
1867
125
7
18
7731
1
1
10
1
477
53
14
43
34
2840
710
23
2
303
1
2
136
2
19
6544
770
1081
781
32
403
104
1049
20
20
27
128
134
3
57
1
2415
1
1262
136
2602
7
2
3
309
165
80
3995
3930
1628
76
2242
2978
451
192
28
703
71
56
15761
781
18
35
8
1
14
392
231
234
49
4218
6847
21
987
220
80
599
14
151
266
1
1553
30
1
6
3
1
28
36
104
2
361
1245
1833
110
5
1
21259
23
1
202
187
483
1
52
4054
668
1057
9912
46301
214
2503
7
21
593
642
4
29
605
1
900
16
987
18053
3753
5545
32728
35
1715
84
1
1082
2381
70
489
13
1501
1895
12
10
174
1
4901
252
4
47
8165
16
2
467
217
516
607
13
1
130
1
3
133
99
85
6
5
713
44
2686
2560
1
9
177
9
2
5297
24
890
105
40
4
162
3
4
105165
62
7
27
157
6062
5
60
27
4166
127
279
484
1250
65
13
163
255
1
90
85
5
5
346
1
1
124
20
4
1
93
2
78
2
1273
277
207
95
21
29
22
134
179
128
1
1
12
64
21
108
1085
1045
17
563
4
10
502
101
571
108
49
2
32
100
11
4
9
9212
1308
1
354
243
7
335
462
1
1
868
67
143
214
273
1191
1
574
1830
3
13
113
234
264
282
1364
26
1
841
4
1
1971
512
1
3233
1
7482
1014
1003
38
1678
1709
8
878
214
5568
74
1089
4
46
5
9
89
993
371
31
1956
32
918
801
1352
23
359
489
191
59
20
1628
36
40
8
81
1518
1
33
141
1
8492
29588
571
439
1
50
3017
20
51
25
1358
770
86
1014
1021
100
411
159
365
570
53
103
3
7
97
16
42
64
484
739
250
24
36
233
55
17
13
7
233
7522
196
40
959
1
1159
1858
62
12
1
30
2
1
1241
80
8
22
1
1
103
1019
1
87
29
1
45
4
1128
12
334
59
145
9
6
282
50
71
1
164
106
175
35
7
335
7
4
66
350
1256
1369
2
37
40
49
865
153
70
1
402
1611
132
1088
1
149
1
35
2
55
138
4
3
1
32
4
9
1
15
1019
54
193
5
7
2
4515
54
5
1
3041
4
72
228
152
2
355
418
33
3
1
1108
3
2
477
56
94
302
639
1
37
2
20
1
6
100
300
4
1
223
6
63
1099
26
251
127
143
44
454
1
320
1
2682
111
1054
1
1
89
21
31872
1048
406
8
1059
1
208
9
449
309
28
485
212
98
22
3453
2
223
29716
79
92
248
2
239
1915
18
73
3008
29
512
3011
31
8
11
22
38
33
94
73
2729
16
198
74
1
12
8770
1
110
1856
1
113
1
109
364
1
12
1
180
6
757
735
1347
48
1125
270
24
20
6303
50
483
18240
5
127
65
67
202
43
124
152
1999
1
698
2743
56
832
49
152
1560
41
225
9
686
400
24216
1
422
309
5
138
568
11039
376
94
1
92
9
3
222
3
1
648
523
165
67
49
1
27
1
1057
2514
1757
1
99
1
931
1714
242
530
1989
139
10
92
13
558
346
75
6421
37
119
2
928
301
1049
70
141
131
4610
54
214
276
463
53
597
282
8
9920
488
1
2
267
243
1631
2
33
77
10
19
19
239
54
94
12
14
3
2
1
73
78
139
44
9
182
1163
1
26
208
5
2
12739
1554
691
12
31
5
121
29
3
81
11
31
231
31
165
119
136
9
90
36
1006
751
784
6
3543
23
18
15
340
26
2203
3
49
2220
1
2191
1216
91
97
11
91
40
2
97
3
249
1782
52
79
82
56
486
132
3
2
1325
21
60
1
16
239
45
199
131
436
20
1050
1
281
9609
1
1
1150
3
1842
57
571
12074
247
122
249
70
75
94
99
15831
1
113
1
3
1200
353
170
601
1
66
180
101
210
2
799
144
1853
151
4
1
1
1
53
158
3
237
2
241
69
456
2060
221
4673
2434
219
8652
21
121
1208
28
49
16
64
1
8888
756
1
82
333
44
1110
114
325
766
71
71
416
3
808
16
275
947
74
2
182
5
51
367
20
142
149
78
3
93
358
6
680
164
65
54
182
470
334
326
1846
81
610
23
1
21
18
16
187
107
2347
81
1
55
251
660
36
2
1
1
577
1942
588
758
772
147
52
1608
218
320
3
180
10
40
1
1940
2
100
83
57
617
343
141
2
2
8
1
16504
1439
1
2
92
1
91
70
1
42
10
34
852
480
123
183
51
52
2722
1401
1
11158
90
2614
902
1928
221
2638
46
86830
266
44
1923
105
1
432
218
2
298
1
495
7
1
153
12
89
10
133
219
61
28
1035
564
50
633
122
1
286
38
26
116
5
8808
41
3
74
32
180
121
44
263
59
630
16
1062
1
56
2
295
21
1
1267
7327
1902
2362
62
78
154
53
1157
26
78
86
34
994
9
1329
96
3912
132
102
19
496
2
3290
26122
4
1
203
16
962
1
41
3
9720
18
22
3719
1
1387
818
26440
1
5
4
218
1
5
87
308
21
17
21
24
85
1
2
62
128
39
60
1846
99
1
1
869
27
2
35
15
249
67
94
26
279
70
3
173
364
886
749
1
65
15
133
241
139
1755
56
94
5
28
1217
6
1
220
254
56
12
1260
61
25
33
180
72
1
245
186
18
73
9318
235
1407
9
2
147
88
280
520
12
6134
63
2
2
11
9
1634
1
72
1028
8
417
17
588
1
61
1015
1341
5
1
152
62
90
2
15
1284
45
366
105
18
1
175
17
13
86
1
4
945
1968
1656
1
97
8
2
1
2106
114
2
2726
75
47
6
268
151
370
1999
469
273
1082
235
251
2
626
450
8
2
1
221
1
471
6
7
2
198
23
753
1
518
152
1880
5
113
189
2
114
519
568
125
1
3
461
235
36
25
435
80
26
1
228
559
13
2
9
2
2090
126
119
566
852
17
60
214
150
10
1566
64
1
1
1
43
1
111
3
12
235
1139
260
1
25
1
982
540
2
140
195
93
1
1
179
10840
2705
4807
33
182
104
2883
1878
42
125
12
32
738
123
1
2
67
50
30
29
311
1
15
1
201
1
7
119
1
461
8
7
212
127
48
248
1
21
1
131
70
455
263
202
47
176
376
69
144
634
123
17
7
18
134
909
24
201
24
215
2
1
397
55
2165
1
5
1
75
449
906
1
1
311
146
102
119
13
840
339
159
9
186
145
111
64
40
748
3
74
14335
1
43
1006
927
65
1296
268
46
374
216
2
35
1194
3
18
1
23
406
191
338
50
139
1
1387
21
76
22
64
190
95
6
148
329
219
50
18056
1
1073
1452
11
927
795
2
1755
20
47
150
9849
3161
8
17
96
4967
801
22
184
27
9
86
85
78
4
1
214
2
1
2296
144
18
736
11
111
974
69
48
5
94
2
1
23
20
35
22
24
6
227
39
296
2914
293
41
79
64
231
9592
2
331
1
1280
314
13
1
4
20
470
607
233
1689
5
794
463
489
3
71
1
65
1
11
220
738
101
107
297
1279
101
156
44
1
4
224
500
258
1
1
82
1
8
172
11
605
269
5
320
7
67
29
22325
1
102
34
93
1090
105
9
120
6
1
109
1
84
597
110
16
109
38
99
333
5
1
2
98
6
279
8
378
310
23
267
31
24
2
21
219
76
74
1
18
181
1
2
81
104
35
50
3514
14
1
95
1
130
7
1
1
77
1568
56
2612
332
201
52
557
71
41
18
217
3
230
166
1365
13102
2428
6
7
12
18
3
420
476
7
10
773
1
221
1579
270
1
29
1
1
6
1
1391
83
36
5
21
2
76
104
8
1
1
211
1
366
20772
2
1558
3
4
362
20
6968
9
324
154
122
1
7
108
243
281
120
116
248
923
1
7
379
410
319
15
535
1
107
9
176
2192
99
8
163
1
200
798
1
1190
1
95
4
1
11
116
314
1
1
3
1223
29
33
441
63
1
486
3
43
3
4
171
72
2
5
23
151
16
91
1775
6
346
33
25
4078
3654
7
251
1
116
20
57
57
10
1
78
143
2292
72
1
264
15
27
4
600
61
221
2
251
66
98
15
2
4
164
10
9
5
14
111
29
511
4325
1
33
148
70
201
453
28
307
1430
154
127
610
21
1
4
173
3038
97
6
1
1
193
1
6
6
1
1
157
3
435
1
56
17
1
76
248
186
435
34
56
13
75
220
9
6
2
2
1
18
6
27
51
2
138
14
469
5
9
6220
133
310
31
41
34
1142
1
1
5
1
123
724
40
30
270
61
2129
1
136
191
33
8
347
1
3416
1
78
1275
2103
1058
1266
4
4
1
37
144
1009
262
4
7
1074
2
2
40
1115
5
2
509
110
1234
30
1
250
5
3522
820
65
104
233
1
33
312
6
2476
386
501
7570
51
2
31
73
1
2
1341
424
6
1
4573
553
82
1131
716
1
1950
789
246
12317
12
63
1210
838
42
9
199
3
120
1
55
1211
1
55
481
451
62
4
4792
582
1
198
439
134
1604
629
1
83
1057
1
1
97
42
1
1
10
315
1606
41558
699
13
530
1
1
98
56
2051
591
141
912
156
15
1
8
37
6215
984
88
33
254
1
529
124
5
183
11
274
167
471
109
771
13
140
551
1
4
1
246
4
756
1
327
257
61
374
5382
1180
20911
4111
726
207
10
43
10
1826
8422
3694
10346
9770
6494
71
2
22917
2
58
104
2592
17101
3
4
2
2
6
1234
177
2
253
4
1
5729
629
5
31
13
650
6
1
44
48
27
1
2
1
4
8
15
25
232
6
141
2
21
164
117
222
212
4
1
8
293
971
23
7
4
4
484
66
19
1
1
1
8
356
95
300
1761
1317
335
128
3387
967
2665
101
1
170
66
246
1
