52
13
218
13
1
78
23
56
425
55
7
12
204
15
4
91
100
337
10
4
127
25
121
260
104
311
52
28
2
175
21
59
8
15
2858
74
56
150
92
56
119
212
282
33
55
3
35
6
92
10
220
4
258
228
55
128
27
241
133
9
62
50
155
79
2043
228
3
130
1081
218
51
51
55
52
56
57
85
51
55
211
9
39
12
143
127
23
15
14
55
55
9
12
19
110
146
12
92
66
41
215
165
352
51
184
10
96
51
1100
130
188
167
220
51
165
11
223
52
86
59
218
130
55
55
55
18
132
55
1292
11
238
180
156
151
55
125
5
71
19
9
3
313
180
71
138
4
6
215
215
7
217
37
7
249
1
62
43
238
7
26
1084
6
54
194
207
51
122
66
200
16
109
124
137
66
61
123
97
28
597
10
59
29
5
71
82
55
736
249
63
56
453
53
58
1
221
171
2
728
24
7
237
36
41
108
51
151
63
221
53
84
13
137
66
55
25
153
61
12
166
53
182
27
29
8
55
50
51
56
68
118
584
91
322
179
55
87
55
203
295
190
14
