15
7
133
67
9
33
14
19
25
67
7
135
3839
9
2
194
20
60
13
68
8
8
6
39
17
20
8
21
15
313
53
51
24
3
791
7
233
6
1
32
1
3
133
135
31
10
49
300
271
9
11
2
19
18
33
30
18
98
82
117
161
204
42
23
55
20
4
122
1
42
4
3
36
5
2
267
9
9
34
57
20
11
310
16
17
2
3
30
64
19
135
175
29
161
85
183
68
162
65
144
4
14
251
270
56
10
129
1205
168
9
134
20
191
52
290
59
29
81
39
68
7
128
2
3
92
209
96
138
106
30
161
170
19
12
31
301
20
33
421
36
52
183
64
116
1
242
18
6
127
77
187
103
4
172
6
14
1
64
1
239
2
1
56
152
98
25
104
78
214
25
101
22
29
373
2
29
20
538
50
209
1398
210
9
23
102
243
102
39
51
5
30
180
28
31
6
6
442
5
283
44
11
48
17
1560
48
218
3
12
996
78
3
18
55
6
46
1017
43
144
84
140
11
11
583
33
93
50
53
128
86
39
137
25
42
23
103
66
6
139
31
292
18
64
85
98
403
379
33
5
56
183
69
37
1576
158
398
6
24
326
25
63
13
78
19
25
64
28
4
113
161
232
114
1039
48
37
112
8
244
130
3
534
20
147
9
6
13
18
87
335
5
108
2824
47
102
30
9
393
154
26
11
224
328
20
33
168
132
62
418
7
56
63
111
18
18
21
41
35
1
55
33
38
6
20
18
2
127
5
44
76
356
2095
1
24
17
8
81
1970
195
130
8
540
30
119
134
38
137
1407
143
7
219
1
59
13
1
1
14
60
9
25
28
19
8
33
2
88
50
128
53
20
247
28
18
15
122
38
389
8
12
13
33
136
124
118
576
8
137
41
44
194
74
406
225
164
137
81
52
29
158
165
24
4
66
29
233
14
16
68
49
49
2
20
5
17
579
62
16
36
52
2
10
18
34
122
28
136
1746
33
20
13
35
19
71
248
67
7
3
26
1
38
283
57
28
515
275
22
710
223
45
171
6
28
12
12
43
104
2570
7
1
128
7
48
2
93
51
47
364
43
27
297
90
62
76
1
30
67
284
18
73
452
237
10
10
13
27
157
19
9
4
239
1
131
19
33
316
279
122
11
88
24
71
65
41
142
133
10
20
38
1
8
11
14
55
508
140
12
10
62
115
70
413
14
42
317
458
17
23
11
567
11
8
8
34
11
68
3
21
30
465
183
29
12
116
73
37
17
153
54
211
48
67
53
117
5
2371
5
13
29
234
51
2207
515
28
76
21
161
20
26
94
3
160
253
283
176
404
180
6
72
198
18
7
9
29
5
76
9
18
126
540
56
10
12
14
176
26
27
249
24
20
49
502
268
8
300
42
219
69
240
17
35
5
32
118
17
145
14
46
273
876
37
98
156
57
13
52
45
268
24
13
11
252
10826
45
90
101
1005
192
240
509
38
20
363
17
86
4
11
134
9
188
57
27
2
746
89
819
20
24
24
171
1078
117
29
15
21
23
271
32
24
226
19
38
78
46
12
252
3
415
23
53
55
469
10
66
11
16
51
428
28
1
30
146
98
71
32
84
9
2422
19
32
194
106
196
231
133
4
25
622
632
65
1688
48
1
300
70
527
15
18
312
190
21
40
39
4
60
26
122
94
99
202
267
179
10
1491
5
219
72
12
11
79
21
1267
110
121
27
28
54
46
25
373
28
62
10
166
2
61
115
57
128
379
37
147
6
151
1405
457
82
9
21
298
65
219
180
7
69
7
35
24
290
1
10
14
32
14
2
59
48
42
92
34
27
20
92
8
58
238
22
135
133
866
137
448
235
207
27
6
25
355
16
114
127
97
939
10
11
105
114
178
29
1062
370
39
18
121
2
7
284
10
84
56
10
106
741
4
55
19
503
24
320
44
109
22
339
168
5
220
31
47
270
190
332
20
32
64
15
28
8
4112
122
293
2
22
47
12
15
3028
32
44
265
10
39
126
337
470
33
26
302
14
70
125
73
45
212
133
14
13
1
239
202
36
184
275
1
126
155
433
76
11
28
109
28
11
1
49
21
56
124
63
332
3
384
27
47
558
28
11
28
41
66
235
15
140
31
14
77
1
408
30
12
1
40
17
22
18
14
41
9
34
11
44
3
1229
155
37
345
475
72
723
43
3
80
288
13
11
144
12
115
26
80
1
55
592
122
9
8
16
5674
10
1
15
22
59
33
67
3
2
26
101
97
34
48
24
86
11
100
290
1
2
53
9
20
747
26
11
13
52
158
1
36
4
346
28
203
9
7
65
33
51
166
5
17
150
242
14
6
96
80
243
10
108
53
112
523
42
26
640
125
15
21
11
4
556
55
15
16
51
149
1477
108
4
18
13
189
11
124
1601
23
45
69
17
815
20
93
11
112
473
2
24
145
4
453
304
30
8
572
25
11
8
9
155
20
60
15
30
102
56
3333
366
27
316
394
18
55
270
36
159
165
300
31
19
12
57
57
66
1
25
428
148
106
101
22
28
53
405
122
520
20
226
42
18
286
85
186
36
58
27
3
65
70
1262
16
37
24
82
59
81
41
85
7
63
147
4
39
316
188
6
1
121
274
9
35
129
196
110
45
8
81
27
1095
1
147
11
188
69
11
627
8
7
162
34
113
9
23
115
28
147
78
38
59
14
10
49
297
145
13
180
19
43
369
55
25
1736
652
226
164
864
1
94
25
168
15
31
73
9
50
132
29
119
62
34
311
7
5
6
66
534
123
7
385
15
40
85
98
68
116
98
99
30
68
10
50
4
17
98
10
32
32
159
36
16
128
10
78
78
632
590
139
165
216
131
106
303
195
886
270
123
202
177
172
222
391
416
75
88
198
128
183
30
20
23
18
17
1
1679
225
25
20
2010
43
112
14
229
64
117
661
323
135
19
233
581
1689
32
56
5
31
104
1
57
244
33
3
197
598
13
30
31
21
31
130
131
100
9
45
35
238
2
25
44
11
115
104
28
65
28
14
46
41
87
986
51
63
38
489
22
41
25
6
16
20
403
79
1016
478
8
113
27
46
4
30
59
41
37
5
27
54
41
13
123
1353
82
38
116
17
118
5
1
286
268
43
57
50
13
27
16
353
1673
1
1
1315
17
14
71
59
77
15
69
268
30
158
42
77
209
325
133
21
224
3
16
35
13
13
1
57
23
1
197
99
28
166
87
174
20
688
1229
405
7
27
9
1169
97
193
37
23
178
31
18
244
63
6
44
71
111
1
50
97
1
26
27
135
8
1
14
24
2
35
87
48
172
82
33
47
6
4
20
465
393
45
27
10
12
151
95
27
11
43
18
38
284
80
13
290
141
20
224
12
30
1
350
112
14
17
24
125
622
22
531
22
9
10
45
61
22
26
186
82
15
134
41
19
11
8
9
140
46
30
8
9
82
49
5
45
122
10
64
92
286
193
1
8
62
7
29
16
94
6645
157
23
74
22
83
184
219
14
41
7
213
41
326
1
92
99
134
48
18
710
27
1
13
97
124
47
414
193
30
133
1087
8
10
266
98
213
84
22
3
15
764
1664
19
692
84
217
368
262
11
859
80
110
258
236
154
160
37
101
5
5
278
90
14
61
54
95
79
17
27
275
489
835
38
10
84
247
4
337
20
19
7
23
1
60
70
19
62
173
137
30
92
76
18
135
329
7
90
100
251
19
3555
1
22
172
14
6
132
34
224
42
401
122
40
6
203
1
29
7
1
13
1687
756
13
7
75
10
81
13
14
195
239
134
1195
171
36
7
76
17
44
4
60
119
27
32
12
36
9
23
9
3
18
39
9
41
46
38
50
1000
502
62
131
38
59
2802
38
211
35
34
34
59
27
170
261
84
121
338
882
74
195
9
29
86
22
98
43
57
7
75
55
26
84
1212
236
152
4
38
126
20
58
278
6
73
19
21
243
17
15
52
1
30
16
197
140
1371
23
93
3
113
57
13
83
7
15
4
248
10
1
30
15
7
152
96
30
75
8825
248
13
115
19
75
39
28
2356
27
99
6
151
158
17
73
34
15
193
58
1331
118
62
11
397
35
233
23
30
5
64
42
8
27
194
1578
197
41
19
61
67
75
9
93
32
89
66
154
8
67
16
333
271
25
46
8
49
11
7
8
9
81
30
54
16
287
7
19
16
48
9
38
1
172
143
76
1
14
1
167
144
142
344
273
149
78
15
11
43
18
19
38
1
15
42
831
59
16
85
53
41
12
41
25
23
192
690
64
60
22
161
398
1260
21
372
14
94
657
599
2159
186
56
17
38
61
51
56
38
12
118
179
19
32
41
233
67
39
25
29
309
105
251
120
58
78
182
10
3
165
847
201
171
216
185
192
826
116
454
102
69
150
89
377
89
110
137
263
211
101
5
47
232
824
12
39
52
305
27
171
155
20
72
129
17
84
1411
383
525
166
87
461
5
439
8
114
19
601
148
24
8
4429
58
29
86
18
746
33
85
636
348
28
4
75
1
115
533
716
2
262
42
6
86
36
1205
1
63
328
155
622
221
22
181
169
18
78
15
557
13
64
10
38
5
502
1
177
13
37
16
232
130
69
107
13
193
560
571
413
70
518
37
132
520
56
38
26
13
100
57
84
220
79
27
131
380
149
58
55
145
570
142
431
64
9
1
41
11
10
34
32
598
38
1
244
1
109
61
23
30
40
1
63
170
32
625
9
208
135
144
14
188
22
106
63
2793
9213
31
12
29
235
137
183
39
35
3469
396
90
119
134
37
11
276
229
21
18
102
20
88
3
19
33
922
18
53
11
109
41
7
80
3
57
306
412
129
5
86
40
121
250
8
37
27
42
9
63
56
156
19
65
113
118
7
5
2
53
22
277
210
104
123
7
85
87
5
18
752
42
47
73
78
291
23
3
49
91
14
238
1210
188
20
132
56
3406
368
84
437
218
58
1066
57
128
161
95
138
89
51
278
11
308
124
22
14
55
100
436
264
6
77
48
6
58
60
120
10
92
29
113
22
4
168
99
25
124
27
173
24
278
174
275
25
1
10
231
146
560
238
178
209
186
362
138
57
145
307
22
146
259
31
314
9
435
13
1318
44
39
2400
277
301
121
195
304
81
125
101
3
277
162
26
22
137
145
1
48
38
34
23
12
142
26
375
39
18
29
13
127
84
35
1
1
133
3591
35
61
355
104
153
1296
20
231
33
82
116
1
1
13
3
135
92
295
272
165
7
41
29
79
101
80
176
18
51
294
34
1
126
22
13
1
15
117
120
239
10
54
133
132
226
51
15
76
122
290
26
64
86
207
4
545
13
472
2399
60
135
71
195
87
186
222
157
239
373
220
42
295
116
81
1537
110
38
2
1
16
15
6
17
38
249
77
61
94
202
40
30
24
214
1964
425
415
52
547
109
8
38
21
24
193
142
392
68
1
162
5
55
54
112
1
1
98
17
102
320
5
19
198
1
486
188
198
45
122
15
298
146
137
205
352
15
10
1322
139
12
167
4
20
20
3
32
37
291
1441
20
10
705
4703
61
452
127
168
10
930
227
262
109
1
227
95
84
126
120
26
336
2
22
8
50
175
32
4
118
117
98
45
9
127
98
135
11
47
18
5885
40
9
22
33
72
65
34
126
88
7
250
18
52
97
64
13
185
20
14
688
43
5
202
147
36
5
262
34
58
415
389
5
67
530
73
49
54
44
182
995
1
7
99
68
5
72
50
674
24
291
777
33
155
482
72
2237
118
2
126
46
302
31
316
1522
33
10
10
89
86
416
13
178
347
12
63
8
1547
40
206
618
57
5
11
35
9
28
54
6
236
352
75
434
125
713
1
11
67
66
24
55
28
142
22
131
83
676
372
45
32
686
90
18
18
96
15
3
87
10
71
263
70
19
210
58
877
81
367
189
418
171
195
10
33
303
162
60
51
36
197
42
43
862
12
28
25
19
20
7
19
27
14
113
261
396
254
81
32
13
7
54
406
404
286
706
1158
118
27
873
185
694
100
17
58
18
11
11
231
104
220
17
214
74
56
18
29
24
14
42
136
31
125
17
192
94
57
280
72
162
37
653
52
29
104
9
39
93
701
2299
187
1
130
214
2
47
123
646
102
132
103
27
270
176
56
116
31
15
9
7
187
373
226
36
3
69
44
9
11
69
35
5
723
65
248
12
2
19
18
39
8
1
24
23
1737
594
51
4
546
70
170
15
19
22
98
26
181
1825
27
518
105
4212
27
192
1171
53
68
258
9
97
207
26
3
1
561
4291
2
271
9
60
128
274
758
422
8
49
20
12042
1
152
742
6
82
421
78
247
37
23
4
250
20
1945
59
1
238
1
359
23
17
156
23
3
65
50
6
61
51
13
35
162
25
10
131
347
194
424
83
62
36
5
221
6
14
62
8
367
584
21
10
42
82
15
145
1
10
168
326
98
427
22
898
168
94
1
29
342
329
192
25
224
111
4
899
57
67
17
416
367
367
61
255
3
60
66
1332
22
12
1
1
216
274
11
12
201
26
30
69
301
177
226
1677
318
77
278
1860
829
195
145
729
21
597
139
132
676
28
113
68
135
8136
44
136
315
3
255
3
25
358
62
273
162
2
45
48
23
4
215
25
26
22
16
295
59
511
1972
13
9
73
333
8
809
87
9
633
7
41
67
45
1
91
96
124
6
38
51
2
41
1
126
8
35
67
422
208
1
179
408
584
29
36
14
139
1912
75
348
9274
444
232
53
28
912
33
462
42
10
3
310
898
7122
62
84
301
1185
64
667
75
123
1671
818
33
316
84
209
166
5
50
3
92
3
59
4
236
11
25
7
37
265
562
20
271
88
147
5
73
163
38
174
724
274
29
8
537
1370
416
14
226
927
424
169
210
116
854
222
177
530
231
168
5
138
13
174
669
348
767
289
24
644
53
3
26
36
49
22
18
46
7
144
32
85
506
23
4
45
12
1
242
1
696
42
10
789
4
21
73
27
2405
65
10
114
41
13
278
30
10
42
16
185
8
38
181
31
9
47
5
86
5
3
24
159
2
46
10
37
26
915
79
161
18
52
5
119
21
134
239
11
132
84
6
162
344
4
150
10
135
141
1936
140
7
433
308
96
360
190
20
193
587
135
34
48
123
354
122
25
20
7484
70
626
89
58
71
2
880
11
137
29
16
4
41
114
6
3
209
1
57
1
46
22
1
76
341
39
241
37
387
470
3
29
40
410
25
198
1
352
75
551
199
116
36
6
16
1
13
394
487
4
36
74
236
284
177
322
180
257
137
148
221
121
37
119
100
49
40
72
422
1
780
18
109
1297
12
11
