225
61
13
75
404
220
7
173
101
28
2
7
16
8
8744
12
11
32
81
10
6
6
32
23
8
306
24
208
32
34
36
19
80
9
65
272
298
1
8
66
5
118
51
97
31
26
8
5
7
8
13
28
2
69
3
8
32
138
151
10
39
8
98
7
39
7
11
9
25
27
18
21
33
22
6
30
9
1
11
13
16
85
14
123
30
21
383
10
35
20
51
35
68
28
8
9
7
20
30
667
4
10
56
6
5
22
47
16
14
3
15
16
6
33
9
8
2
4
18
62
74
10
32
8
16
8
12
56
6
654
26
7
9
16
314
101
130
63
11
27
72
74
161
13
35
1
14
415
826
183
80
296
29
2
5
1
309
561
284
10
99
8
16
9
13
187
8
10
19
110
97
51
32
29
5
16
7
1
22
5
123
17
7
9
145
57
40
45
23
12
15
14
20
98
90
115
14
8
40
71
1
5
33
20
5
12
3
11
201
14
4
171
10
16
80
88
121
384
7
84
41
61
11
92
31
90
8
1
5
14
6
39
2
35
113
16
18
10
130
5
26
5
3
2
26
18
23
11
6
8
2
10
30
15
7
9
30
173
52
6
379
37
206
17
1
13
53
870
8
1
129
23
25
12
48
1
26
92
1
2
8
1154
8
153
75
4
16
29
11
6
53
59
31
9
22
37
10
43
163
140
6
159
6
17
7
11
1
30
28
213
5
30
5
676
5
55
395
530
44
23
117
10
1
40
1
9
2
16
4
12
9
11
12
136
72
154
26
46
7
13
14
1
140
8
71
11
34
11
1
1
1
7
276
21
14
19
136
12
36
132
55
22
8
17
279
10
15
13
5
227
9
14
12
100
30
3
8
7
15
24
8
304
15
216
234
11
1
35
75
20
1
12
24
113
33
9
53
14
164
22
87
47
7
1
262
9
173
181
5
280
6
13
97
13
11
136
3
11
32
8
51
38
35
6
137
24
15
9
18
1640
52
64
1
8
66
260
24
5
296
4
1
59
13
16
173
5
73
6
46
19
1
60
10
26
59
15
6
2
1
13
8
1
10
22
25
14
6
19
6
22
881
41
7
29
7
11
68
7
11
3
7
3
25
1
24
8
830
12
8
63
157
13
26
6
17
88
20
112
166
3
25
8
26
16
10
57
343
182
8
99
7
1
10
32
1
24
9
30
18
7
20
22
24
299
58
4
21
48
50
21
20
182
58
1
3
107
24
3
17
8
23
270
268
1
16
516
9
160
1
31
187
37
33
28
17
17
13
24
1
123
93
8
18
8
45
204
71
230
12
3
314
154
7
55
9
39
46
41
8
116
17
228
11
202
30
23
18
42
1
14
22
47
19
10
10
37
6
1
1
70
89
19
16
269
9
54
14
20
109
22
42
14
10
1466
27
18
172
48
23
16
3
43
8
72
11
9
81
18
8
5
8
69
3
21
28
13
1
46
24
85
9
2
5
1
6
77
34
6
11
67
154
260
13
231
25
244
335
68
41
35
49
50
35
259
2
10
48
41
13
19
304
12
12
3
18
62
15
55
62
18
90
226
102
9
11
55
89
3
3
42
31
99
43
28
6
8
9
6
7
4
24
2
6
1
502
13
19
56
12
15
27
156
8
116
11
45
4
8
6
1
52
29
757
25
17
332
216
11
16
17
5
22
12
36
5
6
181
239
13
13
221
7
37
2
7
28
27
25
30
3
18
74
65
21
7
61
34
69
28
148
14
6
14
2
85
5
72
5
126
263
829
5
6
64
35
62
26
6
1
10
6
21
90
14
7
15
19
9
13
30
144
30
2
21
3
9
50
92
1173
3
289
28
86
24
13
14
115
21
23
11
79
1
2
6
41
1
66
25
245
31
33
25
282
52
13
6
12
44
301
144
11
23
48
7
3
10
68
51
16
133
3
1
26
144
170
9
32
6
8
39
81
27
47
13
312
368
12
31
5
5
104
112
33
4
17
193
13
5
7
7
134
34
45
94
7
6
7
22
5
173
11
433
4
18
323
27
56
110
55
1
17
105
4
9
24
11
47
605
65
46
86
4
9
16
33
10
62
273
8
138
31
26
167
39
8
4
8
325
4
257
1
2
72
7
272
7
192
156
1
1
156
55
15
18
97
456
346
9
