114
27
103
183
241
138
99
5
38
147
2
686
2
65
22
289
195
2003
8744
18
334
688
1179
242
1125
168
60
99
161
1435
20
322
28
46
120
248
247
3
11
506
2460
2293
5
56
35
10
127
1944
133
564
126
114
13
57
386
29
45
275
377
7
26
37
146
1007
761
8
8
37
3919
15
4
10
186
48
118
117
153
10
815
10
291
19
76
8
92
2
183
27
1883
103
4
60
14
81
21
64
157
2
25
18
205
218
707
253
132
21
358
56
134
66
432
20
25
6
45
21
61
32
106
3698
8
6
126
297
726
2
124
255
544
13
267
234
218
6
49
19
34
226
373
461
51
135
20
7
206
7
1395
230
129
228
235
604
293
139
6
797
88
282
133
107
10
1
9
297
44
8
17
253
2011
2
58
7
13
147
22
86
1653
19
7
495
17
13
12
39
734
99
39
32
72
26
616
4
445
164
3
844
2754
21
45
87
30
559
89
6
225
56
126
1
38
302
12
148
31
27
40
1
329
20
61
250
120
915
27
259
194
73
20
85
33
1
41
112
5
168
100
7
49
129
110
13
15
550
338
20
103
251
11
170
5
15
105
257
1793
56
54
170
512
33
76
293
50
374
40
3
131
14
35
9
184
82
41
46
41
97
22
4927
494
7
134
64
456
389
840
28
86
80
98
123
162
194
46
63
278
88
73
740
105
52
664
1630
26
3
159
832
298
48
78
159
219
256
92
12
18
777
22
7
27
318
76
12
494
201
39
23
287
285
1567
190
15
127
113
21
284
547
108
2
17
32
38
95
70
520
98
301
11
39
16
21
23
505
4177
102
1755
68
65
161
10
38
17
708
62
189
613
6
294
28
76
63
9
279
108
143
109
525
117
259
116
10
88
111
108
213
2766
440
40
61
259
2
1533
51
44
365
124
4
105
133
71
269
265
1650
126
65
65
17
507
172
59
16
347
11
147
987
6
48
252
200
38
162
202
4
36
9
10
31
79
45
34
881
4
183
140
98
119
530
28
291
26
282
153
1072
628
193
94
175
119
40
427
4
386
326
28
116
237
30
25
124
231
149
79
55
170
152
116
1025
109
543
105
2161
107
14
110
338
242
104
261
103
117
7
112
235
3112
14
105
232
134
298
127
23
34
317
36
40
81
30
490
67
13
112
9
13
932
269
347
399
310
4
157
193
117
90
276
25
2
22
169
6
1911
253
8
1519
104
59
322
163
49
2153
22
15
32
12
200
212
30
429
17
27
8
41
36
171
246
93
1
183
320
384
889
1070
150
17
118
93
9
480
410
16
33
1
67
18
7
120
6
91
169
178
55
27
51
488
121
13
323
50
1
15
173
26
263
179
129
998
5
22
124
265
296
410
59
408
85
2
3
132
268
219
3
1067
2
19
266
138
51
31
428
33
21
375
34
9
1547
188
109
6
17
173
5
46
530
114
59
117
86
186
11
126
40
82
86
63
213
143
517
335
40
32
16
73
126
74
2
202
532
113
165
10
116
64
161
115
216
448
207
143
11
629
55
17
45
209
569
110
24
12
46
3281
181
64
7
474
295
221
34
44
182
87
86
194
144
134
217
50
4
156
20
15
183
3
22
528
339
71
12
6
496
306
16
7
1338
14
47
24
9
249
253
8
202
211
44
7
61
669
55
192
17
36
63
218
157
377
185
114
187
119
170
13
106
127
22
77
10
139
334
601
110
232
124
44
15
21
17
46
119
4
183
159
57
3
46
19
1154
61
1196
105
61
110
20
484
81
73
751
76
29
105
56
90
54
27
1614
22
9
299
2
46
90
225
20
1077
7
300
139
345
159
114
301
108
115
37
118
771
115
404
106
815
315
746
42
2
40
99
12
2012
291
94
233
374
234
380
161
327
168
170
47
101
54
27
177
162
4
39
174
17
4
137
56
49
607
5842
102
33
14
160
233
65
200
29
71
116
41
139
10
499
42
294
214
119
250
80
156
1137
48
85
30
40
10
40
30
3438
166
21
44
107
10
375
43
83
17
122
107
117
258
413
149
293
595
159
133
3343
694
1398
3
48
20
54
28
7
666
110
231
337
152
66
321
619
56
1411
88
56
530
77
3
168
14
169
488
27
116
1366
61
10
60
41
7
121
121
1
1010
14
579
109
15
70
124
117
150
107
3
139
580
1548
19
769
85
33
30
31
628
136
6
186
86
6
617
15
30
165
27
303
7
278
102
38
95
29
120
456
105
30
35
1
19
158
256
14
6
201
2301
14
5
17
16
4
130
34
149
80
518
57
21
74
109
51
106
4
62
518
18
110
438
40
77
1796
32
796
1
1
1056
78
114
46
54
55
45
222
62
285
150
84
54
138
198
236
444
46
98
11
12
651
22
583
110
91
141
13
41
15
39
31
126
21
128
36
79
116
501
47
101
104
9
41
35
58
50
79
275
47
1285
336
126
54
10
59
13
15
5
2275
577
871
15
3894
1088
246
702
182
83403
615
8
6
520
124
257
113
28
15
54
115
6
543
21
483
150
1
388
606
9
34
157
157
9
22
122
1
29
497
85
1155
53
4
4
57
136
177
52
14
7
178
32
13
59
140
93
877
11
7
51
66
8
4
1684
596
130
4278
33
261
315
172
244
237
25
8
1512
19
499
5
4
120
677
137
35
17
476
86
33
411
198
22
5
840
144
78
110
303
433
1080
104
222
598
375
88
1345
217
87
12
3
352
299
275
103
61
244
6
134
127
324
177
316
32
32
14
114
148
155
111
518
302
596
114
105
1425
61
474
12
229
105
113
959
226
222
712
12
284
54
222
40
875
361
110
62
8
394
28
36
159
4
150
202
546
79
101
11
158
287
30
612
43
72
103
56
146
257
376
695
79
71
77
45
16
11
71
26
2405
14
213
861
105
49
74
26
39
20
1021
101
24
259
987
267
349
422
202
6
28
238
107
110
134
143
3
23
122
1
7
106
591
1216
8
412
126
223
41
4
10
592
58
89
117
402
123
98
1469
57
144
526
2940
1392
35
88
481
105
1
232
34
26
1272
5
268
22
148
541
369
13
127
28
248
199
105
6
115
115
252
220
244
370
107
282
122
219
325
76
6
113
1
22
909
23
477
23
3125
3222
248
361
122
78
280
15
117
116
172
14
46
107
9
256
219
126
62
427
32
40
138
167
158
199
121
791
138
94
143
109
538
81
26
101
82
12
441
228
128
536
188
20
170
40
46
7
309
72
5
12
12
326
90
398
311
648
281
214
56
3656
70
189
31
197
1099
466
23
14
79
137
160
119
11
209
250
1127
321
9
115
471
61
168
52
66
2
16
9
16
1817
130
104
677
347
230
49
869
60
610
7
259
31
759
16
285
62
66
643
28
384
150
67
14
152
144
111
56
104
11
46
24
153
29
11
26
193
96
34
23
1116
35
61
19
9
141
65
58
113
130
14
19
127
1
20
295
305
169
27
145
235
382
12
4
130
10
16
169
13
399
64
320
955
2154
105
113
241
26
103
106
783
185
173
1720
785
105
107
116
281
139
138
139
17
1063
772
160
225
39
956
113
230
575
241
16
5
732
163
114
145
319
98
125
4
139
2
214
10
110
467
165
108
1
71
300
611
70
1867
137
123
108
249
253
5300
115
271
184
541
229
