744
29
204
195
80
90
83
1277
141
25
482
55
57
220
36
784
56
35
17
90
178
35
82
341
171
1201
307
147
403
66
172
103
8744
373
3
1
288
562
255
5
100
39
738
165
90
391
27
60
776
157
1109
32
196
34
51
235
1042
457
263
12
5
57
65
105
4
11
70
201
215
14
76
107
597
176
221
1467
14
21
62
242
135
34
197
102
34
179
76
91
306
52
77
79
8
76
422
587
150
46
43
6
196
5
92
43
176
70
32
1
223
56
56
60
194
195
296
5465
258
311
250
80
214
148
122
171
117
4235
192
87
1267
129
444
4849
396
73
371
242
236
89
66
231
70
59
358
459
1082
766
544
345
73
494
67
123
3
81
67
27
1074
828
194
143
150
13
259
1699
105
73
9
146
512
227
548
423
116
758
96
634
166
144
235
7
31
122
151
246
399
54
242
52
238
163
165
889
218
592
27
314
99
3
304
25
42
71
348
1605
443
1
29
197
202
259
117
173
39
54
72
176
236
1428
96
451
7
1535
1026
1324
407
349
241
1081
2177
162
50
46
100
491
60
164
352
485
23
105
288
67
200
38
110
204
365
212
831
181
34
900
134
56
77
2605
813
493
65
436
2
71
315
389
618
408
6
242
426
133
72
215
1480
2142
242
98
69
824
33
13
93
337
276
56
261
326
26
190
744
93
546
91
25
148
71
123
28
39
835
16
160
12
441
202
158
105
73
45
58
63
75
118
1374
387
18
139
46
65
21
18
86
143
168
173
100
86
203
111
240
2947
34
109
140
175
263
164
248
324
1226
179
3048
215
137
1625
90
59
133
138
14
416
137
401
84
255
126
99
61
127
43
520
135
25
83
218
59
41
393
262
67
299
204
123
499
57
571
122
39
114
400
4888
205
144
7
28
71
4
318
291
55
112
7
108
49
101
85
358
1079
28
204
72
405
330
344
387
284
214
935
42
67
189
256
266
179
304
114
380
122
124
59
98
339
133
706
849
45
300
224
139
61
56
4
179
283
87
623
16
1138
394
90
2
30
3097
1
184
14
695
243
168
993
459
86
21
392
111
110
4494
5
110
66
3649
4
102
146
79
185
54
17
19
50
123
78
1419
33
602
4006
455
1078
94
134
6
302
2993
78
129
185
20
219
1
887
852
138
34
431
670
187
1225
70
315
551
383
94
102
324
62
89
4080
511
594
65
615
159
83
119
37
54
48
137
142
485
31
249
5
23
27
39
2
679
83
200
178
78
14
11
262
147
201
565
386
81
14
253
977
3187
1442
1
59
1742
83
62
158
2177
28
4278
33
85
1
135
64
4729
390
128
1011
55
39
52
10
207
10
343
64
153
210
683
4044
312
99
28
941
356
314
633
9557
99
191
457
50
16
23
66
1430
64
78
129
49
235
196
161
9
333
274
62
791
132
18
6
128
32
73
31
282
74
591
176
61
1036
230
27
64
53
334
122
57
108
3736
24
212
552
427
227
289
130
1722
126
939
259
127
629
20
96
112
268
56
73
558
611
338
304
3193
904
1102
639
2353
191
69
119
395
2
54
8
184
609
340
27
360
138
4590
180
34
2
298
230
58
257
347
523
339
255
58
319
2875
1338
3026
331
433
931
718
192
1
185
92
355
289
36
7
182
1280
300
676
81
200
4202
38
5344
581
69
2758
1
202
337
123
153
103
369
23
79
174
114
88
94
445
153
131
709
139
248
118
771
417
1
83
20
74
50
95
593
432
40
264
97
132
33
16
2441
166
4
591
120
14
39
431
45
1690
391
7
8
65
13
214
97
36
54
902
69
292
88
1552
195
258
32
11
965
1
69
34
318
248
57
42
4
30
240
37
104
448
211
29
1
78
472
1604
281
339
4577
573
64
79
1354
95
188
91
87
6
7
104
68
264
173
100
214
36
215
3412
133
13
60
54
38
183
226
106
226
83
339
440
128
406
11
155
46
66
174
292
214
163
71
133
6
93
79
126
166
140
63
67
94
15
74
275
146
25
89
359
270
59
2578
116
119
42
90
18
29
652
147
2950
31
48
204
1068
44
116
69
45
76
171
78
49
138
77
13
820
336
88
48
120
125
104
1318
266
179
652
84
2
281
340
1
201
156
115
871
577
757
32
118
281
278
828
172
12
41
55
280
47
526
212
65
166
28
193
111
869
136
73
205
152
61
563
299
147
180
136
177
11
115
565
3493
294
23
32
40
251
32
346
59
181
50
452
929
76
75
106
37
599
162
431
303
61
269
5
114
116
32
108
116
38
128
19
506
47
125
258
931
1549
229
135
91
429
92
287
167
170
740
152
156
1026
266
197
158
79
694
1493
50
36
17
485
1557
361
492
12
643
228
64
483
145
1
864
186
107
15
60
74
56
333
278
679
48
48
378
272
126
30
97
393
137
474
547
1338
914
337
1
7
271
534
150
74
135
259
62
120
4
1357
114
3
1551
1334
58
24
310
181
59
2
277
165
1776
4109
1309
118
577
106
13
20
8
230
130
73
106
188
505
24
6420
2084
604
77
462
59
78
3
441
289
368
380
549
186
112
339
153
1313
67
156
23
45
62
10
564
93
1291
139
70
34
96
46
232
171
129
7
160
45
314
455
83
97
272
18
43
20
766
567
107
292
23
4
386
141
530
51
40
58
1
816
167
3
128
26
231
446
176
110
1
1224
127
308
21
484
138
234
135
131
134
99
49
90
134
8
159
25
67
132
1
550
1061
206
125
104
44
26
71
67
47
338
56
142
17
489
39
134
42
85
276
174
29
128
298
138
312
37
8
145
491
1
522
108
190
148
184
551
786
605
856
116
1711
124
580
565
142
629
296
381
97
3538
975
262
216
266
112
158
47
107
130
240
362
333
2311
62
161
391
313
109
272
21
1036
123
63
34
30
250
22
24
198
99
98
8
157
1032
60
917
1
195
1
58
56
115
21
86
1084
411
72
494
84
101
839
432
1131
157
584
228
6
54
41
396
613
199
12381
187
177
4
1233
1122
28
20
141
166
1
755
461
101
163
897
1773
4511
206
1217
5
13
6563
85
1595
91
493
248
579
34
325
521
419
95
2434
68
168
792
94
176
552
168
95
3173
296
6
18
293
83
83
52
1401
614
740
4533
280
8
118
106
50
133
304
315
146
490
171
249
63
72
29
1120
400
863
654
464
449
131
192
205
378
25
152
124
303
112
46
72
78
1232
343
821
64
287
414
546
1678
155
5
198
1
45
204
61
57
360
76
51
2093
3
75
334
1572
149
63
536
1814
50
121
537
63
3010
3358
24
31
357
194
6425
28
209
45
311
986
8788
122
5445
80
232
426
1
45
3670
223
3
2445
103
392
49
2040
558
84
44
2799
111
717
667
50
2005
165
85
12
1064
464
138
225
4
289
164
259
3
5215
637
82
1868
376
40
277
144
386
47
429
39
105
16
35
79
3182
208
268
650
184
2364
7
415
999
559
758
1019
1646
155
306
111
396
101
32
146
100
33
97
446
60
112
374
259
22
51
111
306
189
204
89
29
528
194
26
345
600
240
3373
21
102
43
1829
232
256
59
56
871
1995
483
367
50
27
2767
180
20
12
198
169
436
9
90
25
312
229
149
60
141
58
1225
2
80
65
