84
54
127
35
18
121
18
318
3
464
2079
76
13
324
5
292
50
60
220
109
5
11
43
10
21
39
14
186
11
137
90
17
238
1
18
21
738
98
234
129
190
59
192
27
131
99
237
9
9
629
6
231
50
48
81
8
126
268
29
90
258
11
24
81
91
348
135
340
12
240
1370
9
297
227
14
15
579
128
37
7
28
59
206
2
82
1494
6
120
3
3
22
88
270
1892
3
45
48
107
330
49
1200
53
17
249
23
115
180
441
14
3689
15
20
251
153
39
184
203
14
950
6
411
474
143
510
425
63
488
119
124
30
419
101
8
328
25
180
421
18
401
74
38
49
251
158
121
133
4
20
5
170
219
1
10
954
34
248
114
99
230
1
8
105
121
220
246
125
382
76
19
105
24
145
106
869
41
16
42
29
8
9
12
1136
6
9
691
1
339
111
11
867
16
373
418
18
57
137
50
19
1242
6
66
157
520
122
273
523
21
71
118
138
14
8
91
340
667
19
110
219
89
245
207
126
219
394
24
11
62
23
124
32
29
108
166
10
305
163
15
1500
93
156
35
122
10
59
223
45
31
5
109
4
41
97
1207
204
198
3
18
17
288
45
57
231
67
106
465
108
105
51
116
105
116
113
2058
183
131
768
241
942
734
3
77
232
55
1133
867
26
275
1064
860
270
67
6
226
449
42
189
25
1110
35
207
129
522
11
5612
113
1414
30
457
51
200
11
25
217
99
160
23
168
226
105
55
133
43
5
50
8
33
64
142
21
33
8
603
844
424
225
42
245
36
126
270
20
17
288
54
201
24
221
325
227
206
392
235
184
7
1
44
5
53
14
36
544
690
29
3168
216
78
364
53
104
80
38
112
191
24
34
16
34
24
10
96
508
812
114
95
86
100
133
334
6
151
4577
174
104
339
23
242
2
133
581
1
9
28
170
111
226
470
210
437
124
7
177
2
156
106
373
180
749
134
26
59
209
141
242
69
51
99
7
5
283
219
328
10
135
39
5
247
41
20
39
1
48
74
202
106
237
125
47
29
267
136
109
84
11
96
2339
36
15
121
12
211
11
81
532
146
101
88
40
46
272
98
108
643
37
83
691
47
237
137
41
222
104
14
25
30
63
54
328
17
226
8
44
647
93
56
152
67
68
151
15
386
562
303
108
294
8
92
5
127
22
260
129
232
461
129
250
32
224
55
15
55
384
121
116
78
486
18
57
215
280
101
152
213
232
171
57
125
13
140
27
989
262
308
227
287
354
103
126
344
