181
29
55
12
90
988
25
103
295
133
506
292
1060
134
535
33
10
71
150
2126
1156
1471
359
87
360
186
40
135
47
1325
24
15
74
363
529
788
1443
183
427
147
59
8444
71
89
747
850
738
127
17
710
198
29
476
577
1497
654
8
62
20
206
9
5
50
867
39
48
728
84
18
19
127
760
213
592
156
55
47
2389
262
569
140
98
79
95
480
356
711
1122
505
423
1
5359
1
44
267
141
85
31
8
143
37
173
9
356
757
12
510
218
270
25
342
762
462
2
14
65
59
67
456
20539
6639
13
646
89
128
239
306
108
489
189
239
116
35
3113
475
2002
246
71
57
491
78
1097
266
177
169
2874
34
1675
359
111
497
16908
1691
497
1621
73
681
103
120
228
208
704
48
91
1224
58
382
584
594
187
566
125
917
12
106
3723
46
425
104
392
741
53
6205
210
223
2076
4345
2830
139
297
1408
1061
530
222
5762
807
126
176
2259
55
966
258
17
15
39
93
38
188
1195
1746
291
444
22
649
51
128
49
130
866
52
1151
92
30
206
69
10
286
781
167
88
1037
205
16
68
654
50
158
325
381
70
57
321
15
51
724
460
148
36
258
18949
274
1186
10158
119
1143
8
1042
15
1092
289
758
95
251
17670
725
2000
11
917
64
843
62
996
66
23
212
350
127
14
140
29
605
614
586
27
1831
74
880
306
48
18
25
42
3182
303
715
130
53
630
36
428
293
628
1221
134
66
5
311
2125
28
998
3
59
67
1212
867
58
441
1048
49
238
1599
192
208
23
152
365
8
67
6
7890
90
1294
5503
2385
124
34
345
444
6760
6
13
221
389
743
49
30
676
165
270
1200
1209
2052
1233
116
556
72
288
73
8
256
18
223
14
66
60
662
174
91
1229
407
12
42
2723
52
367
34
1417
223
257
919
28
377
101
6415
64
19
1603
34
97
63
182
764
15
1812
143
417
313
723
1153
231
30
2644
339
18
312
364
242
625
169
206
295
93
7
184
20
44
122
99
294
15
1067
8
76
2463
27
54
1369
337
341
142
3614
205
62
19622
52
34
2775
2821
10
2781
210
74
4383
157
39
19
1860
33
118
1792
1237
6
885
205
151
37
4
416
755
284
46
557
220
611
59
914
1290
117
3552
56
1071
54
726
8
143
224
220
1550
844
21
1617
105
279
21
351
108
439
296
6
5451
1500
188
1
8
61
247
184
1452
436
1653
3
20
769
74
505
94
98
52
826
5492
875
202
1034
155
127
1000
261
431
4639
77
6
90
44
464
60
202
1
707
43
3134
4
738
2595
62
576
360
888
199
188
290
77
730
91
423
622
399
178
737
10753
217
5108
846
367
59
864
1698
940
455
69
80
94
163
304
413
1
348
4882
292
56
36
1826
349
481
15
96
111
238
526
406
35
32
27
2511
1061
12
397
7
95
5858
315
1417
368
13
494
21
118
2110
337
1320
1019
3194
2609
3941
654
351
262
561
386
158
1002
918
2453
354
1668
61
170
803
839
188
968
1826
2473
3014
55
1113
701
6997
6947
398
1580
1112
101
107
557
241
1008
818
6342
33
267
267
715
169
214
159
89
2197
356
640
635
606
255
351
538
106
2402
1263
267
56
35
368
175
33
1540
103
437
3825
3933
25
301
220
6754
449
10
664
147
574
2228
1112
1318
19510
10
2971
192
5
990
30
323
74
286
92
129
1975
14
623
22
7
762
1219
246
49
75
908
321
602
165
939
16
36
1668
11988
365
130
202
120
2921
5824
125
221
228
137
4464
172
1293
824
109
4573
175
44
660
3456
71
174
87
487
1770
178
43
889
209
263
143
373
1225
1458
141
195
216
671
1394
2
491
269
2951
58
37
182
64
312
309
32
408
42
200
48
66
18
416
1502
513
62
122
754
372
206
217
52
134
25
3035
203
310
82
71
149
1
858
10
135
28
262
541
490
138
382
1222
144
1273
82
538
86
35
40
1400
2245
90
239
387
61
1778
2824
368
1204
31
4
26
160
787
42
10
57
197
2339
113
4735
1474
463
1590
310
32
86
4243
8692
38
263
785
1464
378
118
4834
26
759
356
112
565
245
42
11
57
456
300
764
170
34
875
236
22
56
62
53
219
438
306
6931
41
140
39
165
2
666
1
1670
1006
751
426
184
436
89
120
471
819
25
505
211
83
7
31
697
182
320
3604
2330
203
620
81
245
2
5
565
368
2
267
371
267
437
1862
54
81
263
11
517
689
649
156
137
102
67
2582
3299
45
62
38
132
459
9
530
103
279
427
472
15
218
19
152
2312
41
290
192
46
49
514
146
598
429
291
4798
385
170
56
109
1119
19
593
8459
2
126
7
1104
1292
96
87
11
885
61
1297
64
26
55
258
204
294
91
429
453
100
21
985
182
589
359
623
4893
146
293
3
55
13
227
192
57
1131
414
374
168
3120
528
994
2674
915
45
97
120
647
433
315
536
83
717
61
925
52
383
28
3090
8693
28
88
2111
1363
324
3296
436
663
123
216
1083
29
4825
1001
1237
4129
97
27
1261
50
1
234
396
499
79
505
6
206
155
473
1179
996
63
1924
1193
143
150
295
8
145
76
147
62
114
602
44
10
296
51
400
125
47
2937
1933
168
298
31
3145
322
2519
5181
39
931
31
323
50
15
26
83
5355
104
91
28
47
827
655
743
243
218
289
14
7034
928
1388
62
571
510
2656
165
333
6452
2688
207
93
1330
13
76
174
9
1159
3
3058
6535
571
4283
1231
1137
483
369
585
468
1873
421
381
984
947
95
71
1027
2238
192
362
68
48
64
10
2022
1
1874
93
486
30
37
1172
814
777
277
2577
225
245
1823
41
5391
240
131
438
1172
21
814
191
350
1307
500
290
799
115
2456
264
28
109
28
865
244
287
1459
248
87
109
107
1799
131
447
23
489
39
101
140
242
608
6
25
174
497
50
100
197
71
9
1072
906
37
15
276
1699
639
2
370
785
185
83
57
12
399
1758
2168
126
82
91
222
149
68
231
1049
25
143
1047
324
167
153
221
306
779
768
405
358
556
98
1398
57
24
285
158
1324
43
101
777
600
4690
366
31
310
898
1323
6946
859
2301
1920
55
129
126
684
160
188
3106
276
959
591
316
264
149
459
302
50
2287
224
15
89
63
21
951
2
578
1169
33
1404
422
158
139
32
844
126
13
56
185
73
542
7
13
3022
835
30
1169
91
10
1782
1
206
406
402
12271
121
12
4399
1604
86
68
815
180
31
4432
1608
965
31
1
305
36
874
22
533
368
1262
774
1140
71
526
21
39
1129
381
3088
660
1689
135
689
1468
353
656
78
74
80
102
267
734
211
223
7842
2248
3155
413
206
31
30
188
50
498
470
722
2615
4
1002
368
80283
1429
1088
693
6717
414
545
35
99
578
4276
37
746
4100
74
683
782
301
764
55
1015
718
761
201
109
92
115
1030
119
104
79
911
192
10
1489
1406
943
248
232
115
893
2537
216
352
87
260
118
2093
743
3420
7002
330
493
2275
944
92
582
138
50
38
298
121
74
5236
283
151
1867
679
63
79
118
88
1878
179
1055
52
1300
232
866
100
47
297
155
74
1954
253
29
4434
205
411
129
290
216
336
228
53
10
3398
522
6
5
225
24695
5147
31
216
350
2778
331
191
1913
902
112
453
51
101
126
53
146
328
76
2307
9761
329
48
41
42
36
1233
51
2928
249
135
4077
425
595
355
14
163
11655
2
303
184
39
282
2470
1359
330
7283
1268
17
49
93
413
1
475
21
7
12
580
44
2801
23
5174
497
139
147
170
513
784
466
990
10424
21
35
5
1229
257
20
38
439
22631
67
7329
1
67
799
353
760
1
123
659
25
92
83
1
285
276
5131
5998
1716
631
401
348
112
425
5332
103
24
79
15
366
479
665
50
2270
194
7
1098
406
296
98
219
1623
6
317
163
578
285
32
89
153
149
18
34
641
91
1963
613
16
2369
973
309
94
210
494
49
1307
341
3303
42
68
207
155
1421
201
26
42
98
245
521
261
255
340
225
183
1
824
1584
538
1278
539
165
7
55
117
124
398
386
63
1627
878
115
93
972
108
30
37
14785
282
497
1718
1064
120
653
1257
33
353
6628
185
37
457
71
486
16
294
502
425
37
78
1076
58
90
81
960
1841
659
105
23
544
686
710
10
544
81
14
103
2517
382
779
242
2207
55
22
2631
1
863
335
261
4678
178
71
243
87
73
11
684
140
10
305
319
33
413
824
1304
186
538
130
20
161
286
48
314
22
19
133
26
50
663
55
1184
152
2044
1007
259
734
288
138
2936
2677
523
223
367
45
68
1371
55
632
459
443
276
134
514
1715
4333
19
56
2045
1308
37
565
9
625
50
5472
977
562
146
16
484
13
455
8
1186
1053
31
2338
588
168
7
80
12
115
1131
277
130
874
411
64
926
3192
700
332
1445
709
668
7
848
4
702
194
51
224
101
154
500
165
368
109
164
373
547
960
174
1074
172
21
637
10
135
65
1734
175
406
9673
179
11570
2192
11647
17
191
64
538
78
126
785
151
68
6125
200
217
480
54
550
1128
33
307
180
400
197
546
2713
366
44
16350
640
280
68
1977
601
51
2108
54
433
759
5694
75
2006
34
152
592
56
15
53
310
3
4
75
43
46
5627
1097
105
7981
1185
512
801
146
25
278
2723
10
807
350
25
116
2033
148
562
389
49
275
548
180
174
15
4948
457
1333
1581
151
3707
393
28
318
76
143
132
2031
142
452
225
34
45
2889
2446
2830
6483
123
90
47
7160
76
93
2135
912
378
55
468
72
1834
75
2818
557
110
52
127
526
58
149
116
113
305
854
5
157
1
290
66
209
2091
4675
110
461
572
623
22
2760
3825
50
40
503
40784
2478
1818
2185
1049
4
560
143
1859
365
975
594
89
177
4
504
931
179
57
1465
635
20
262
1473
746
65
919
76
22
1359
94
511
1398
48
265
136
52
97
777
16
220
55
514
82
97
41
408
344
219
2898
288
259
7
266
30
4245
237
259
22
305
19
45
80
79
7881
5112
679
258
126
1492
4831
236
367
244
3
88
9
46
90
364
1135
223
917
349
22
5
635
48
21
102
2567
2307
164
3
304
813
380
715
150
1613
802
242
270
3991
35
438
1250
539
2939
86
239
2143
143
537
278
548
411
58
607
227
245
1703
2458
1026
23
313
337
54
558
1078
50
310
66
151
8
72
165
18
87
949
94
142
108
495
8
119
1438
475
29
114
3114
122
87
1502
1838
2373
3127
1023
79
96
411
1222
152
166
148
860
22
1899
297
245
6314
3224
342
417
75
202
622
1083
7395
4508
1
306
4
86
168
186
984
485
26
60
616
924
52
123
5083
1022
355
316
621
1
17
145
143
668
1354
58
71
1912
520
1351
13
514
145
1168
3
5754
107
64
16
30
141
673
786
200
1135
1646
471
207
410
163
804
82
1562
3018
71
207
5
107
833
7405
5036
934
45
982
66
182
161
116
634
8
344
1034
22
135
1557
1155
854
43
154
184
494
1586
520
258
301
117
599
764
117
462
28
138
543
463
1443
484
86
8
5007
6026
154
559
1958
1183
1106
69
280
97
670
113
176
47
16
130
25
107
555
10295
864
554
754
35
1007
339
142
546
299
3925
385
127
1331
1348
1048
41
252
596
88
169
319
704
561
75
481
354
17
263
419
3
75
725
484
53
1111
71
241
831
1987
20
224
1062
509
2639
112
828
57
679
1193
1
127
17
411
18
117
206
1385
15
135
337
16
657
986
233
8229
136
1340
110
23357
294
126
15132
81
978
18
86
56
1109
8
330
84
1942
255
456
29
682
233
199
440
1325
1689
626
69
170
120
118
301
15
600
65
204
558
6184
396
1251
1579
741
55
338
7117
10
201
1
21
351
280
76
395
109
575
480
2787
15
387
796
28
1046
43
56
32
274
266
42
56
27
69
227
51
125
97
965
65
85
91
233
3024
37
341
1161
516
679
692
372
146
33
223
3638
4050
701
20
7
281
17
35
23
262
313
565
151
128
371
1978
296
366
316
567
679
137
461
500
23
122
462
263
49
406
438
155
571
187
740
3754
155
60
1957
22
1161
412
361
1304
1476
74
138
1099
121
576
990
19
67
542
544
763
25
1609
837
5470
670
4051
3448
88
1590
241
8
100
55
730
68
54
128
330
397
13846
172
72
60
3969
29
2831
190
119
3
3184
106
870
90
30
201
31
75
864
1303
15
172
65
265
266
160
260
389
292
24
397
13041
68
1306
1801
99
294
139
20
405
11
4450
412
7
189
203
114
1189
793
916
3728
28
886
1084
194
45
34
2300
7
586
199
70
133
368
291
127
135
1135
20664
1529
3481
464
1494
32
10
333
928
2
2954
74
224
1170
6370
781
39
1086
5342
3
2370
3
3
206
4413
122
9
73
20
379
2150
86
208
109
54
143
2656
1989
931
2040
418
79
2451
105
117
132
4700
594
1484
10033
58
2379
471
209
3450
4964
59
434
49
37
63
4048
173
61
103
411
5
310
134
6
66
227
3180
1223
639
1144
1
35
2096
299
268
273
42
33242
153
148
145
452
541
2029
3356
247
4240
1190
12
279
250
120
49
50
31
191
142
232
28
2502
605
1210
330
119
134
332
78
640
521
19542
106
55
311
533
403
733
2200
130
417
842
221
4
2626
1148
18
114
13
16
874
69
369
137
1203
150
114
146
119
125
14
161
3
718
237
48
4085
138
1338
3247
1590
49
530
61
1449
1463
92
223
58
453
9107
2
264
488
876
395
232
218
37
1
3974
451
1187
319
171
405
88
340
48
14
50
150
2860
187
100
80
289
1435
5398
59
774
147
462
760
171
53
217
504
783
5762
241
136
197
1647
514
3
57
1341
93
169
958
2517
1280
69
125
2943
40
1976
7
874
414
295
3035
148
534
38
135
5374
499
53
35
451
46
1206
122
89
136
276
128
2239
15
259
8
63
494
1109
18
12718
4903
461
506
1360
78
320
181
194
135
60
4303
11190
57
4157
1416
1
1269
1746
24
234
398
1
29
293
289
127
20
142
189
335
133
672
99
116
1308
219
2704
303
205
934
1364
553
137
1407
219
1225
188
182
325
92
320
590
4352
340
3106
379
620
20
41
102
1
239
394
3836
203
107
1008
1647
76
2149
95
1385
4454
3340
1566
282
1326
972
892
122
24
827
96
34
346
110
391
434
353
185
527
3799
726
537
40
975
318
9
84
155
758
122
1112
1159
547
374
3979
126
422
679
29
74
29
283
2765
981
2230
187
161
708
34
1158
1481
1913
1761
2703
137
108
731
695
42
180
360
960
58
1823
247
481
431
7438
342
71
1919
372
200
84
41
355
201
100
228
523
141
1178
944
593
1834
1176
552
130
1
81
4110
3
806
631
228
15
624
1646
599
126
283
5
1620
15
3039
3298
552
1310
43
98
847
26
319
2199
237
245
36
1496
2087
189
91
117
62
226
149
55
700
168
664
80
76
11
2
138
440
85
90
200
51
114
293
631
143
32
2670
12
55
256
57
1695
552
257
5104
119
16
7
441
1485
2148
2
39
393
186
85
73
464
221
666
288
169
178
6176
6178
1192
467
22
1601
171
544
211
95
80
783
313
651
37
418
38
26
52
358
569
130
1139
2693
135
63
102
324
920
453
153
467
1083
2335
1560
267
260
53
85
372
42
18
404
162
362
442
51
119
95
237
220
1702
76
84
64
100
86
215
1990
2110
197
130
20
203
201
95
84
729
1309
190
6354
312
4
181
24
2434
1345
60
2655
258
3866
1
34
531
89
104
714
110
199
68
636
56
72
212
552
502
163
172
152
126
42
84
94
66
187
166
232
7
206
427
41
52
571
126
684
802
96
18
308
1413
56
536
115
191
258
1190
1
125
784
204
342
1309
526
1
4775
1475
2630
176
101
229
1692
783
294
383
116
89
2118
407
36
2739
122
17
86
3788
181
114
10
177
277
576
61
253
249
217
5540
328
435
1796
163
1209
1750
384
379
8
1798
1716
159
3363
44
108
437
49
1924
287
55
81
323
148
116
2123
83
1277
1691
4
90
11373
101
138
10
2400
694
60
175
182
184
232
55
144
2815
10
64
106
426
274
5
738
294
169
19
60
112
276
1
51
191
77
326
249
302
599
454
875
22
57
455
104
94
58
233
358
1188
31
55
535
1586
262
4996
2130
854
53
42
268
511
393
461
793
89
36
1065
562
86
415
27
4855
5854
17
13
110
324
46
297
721
4514
214
3578
69
177
517
225
1604
82
6
11901
1656
36
35
251
1481
2685
289
480
74
268
484
22
398
3092
49
2
443
232
50
24
758
13
1282
1079
190
1314
358
361
77
140
296
334
136
679
1168
861
12
921
8
217
298
726
84
191
55
169
1561
276
1840
147
683
53
2776
141
819
1688
16024
29
47
1604
2538
1748
51
452
434
17
3111
118
31
118
361
269
12
41
867
303
223
538
271
875
1542
1025
733
470
105
214
84
17
300
2082
287
283
1186
3468
49
378
20674
343
650
305
2018
96
800
42
334
5004
186
250
569
5
20
242
593
4
121
295
840
259
3
66
126
326
369
1
167
1294
72
1341
102
14
179
27
3410
160
701
9
26
1
76
258
13
436
226
658
538
769
713
12638
571
146
154
270
63
254
176
262
7
1180
57
126
2659
212
884
715
2821
12
1441
117
2627
6
75
172
1
586
601
338
22
76
333
252
55
241
597
1465
15
52
328
2286
40
502
623
1303
15558
18
1840
2544
1
197
1852
208
216
8
440
449
724
300
48
333
272
23
1090
171
1
14
4265
56
170
6466
2317
2332
285
2865
3284
27
6003
115
47
62
622
133
2017
28
44
12434
90
1806
268
36
80
1614
14
1172
158
286
1431
8679
17
466
1034
2364
91
4968
341
2281
181
1102
601
1471
104
9
256
1
241
749
6383
1169
498
527
4511
306
783
68
67
452
31
1035
478
122
4
246
167
219
56
24
1881
754
431
193
269
146
1281
1969
63
856
638
688
602
38
174
226
9187
337
643
206
25
487
804
216
148
14
979
368
34
326
290
681
58
777
122
403
114
494
834
511
421
634
252
381
181
228
41
471
343
4602
490
661
389
434
219
153
93
89
249
783
85
1195
163
4499
99
2214
2050
93
912
2182
254
12
72
217
137
314
264
1582
5655
1500
131
433
451
396
769
123
219
24
666
151
30
6437
15
26
534
228
2847
57
1676
7235
2563
14
106
203
406
434
40
2009
23
412
812
52
1911
337
429
2849
619
167
359
226
212
287
492
18
154
246
166
361
116
1366
109
350
5172
1
993
558
368
4346
4301
32
718
19
40
245
151
177
6
478
1225
235
524
43
84
5
206
23
112
175
88
205
5
195
1670
189
195
23
1295
698
50
124
1023
2700
1253
1009
67
175
560
24
11
55
604
78
298
264
51
68
734
25434
20
373
10698
60
19
335
2446
1432
103
143
295
291
8
54
3398
37
53
713
13900
258
4423
272
244
8
1997
7123
721
4017
4008
181
1190
194
1410
712
210
931
101
78
294
184
290
641
1388
218
604
494
1941
4903
1163
136
515
48
654
10
501
192
260
81
21
51
186
198
143
37
21
479
895
190
97
488
682
7665
275
48
443
77
357
166
46
15
919
122
54
504
26
605
758
1749
464
247
2507
8
148
243
55
120
109
1086
95
514
1677
4
133
508
343
310
6294
64
120
283
8
137
204
27
332
59
78
268
179
2475
291
37
171
1245
104
311
92
5049
129
178
1
37
90
504
36
641
10
3313
371
75
36
284
357
211
275
1429
399
179
224
1145
85
453
157
83
733
83
22
1079
182
126
1302
5549
1750
161
988
63
669
51
88
467
59
234
22
4012
116
101
261
73
92
385
75
1347
102
34
266
16
26
84
1628
63
13
4667
139
66
2199
1976
117
255
204
158
20
972
156
55
335
1147
576
12
1961
489
340
105
54
104
492
2294
474
39
582
689
110
285
700
92
1170
502
528
263
408
198
446
24
98
394
40
866
31
678
996
639
740
393
60
59
160
2629
297
627
68
380
39
97
151
194
418
354
207
165
437
5237
729
169
174
274
28
101
95
169
42
9536
272
6898
167
235
675
438
186
309
410
98
28
36
54
5
1517
226
1801
1
832
238
14
421
1
7
148
195
520
68
110
84
7222
755
7403
449
1666
70
10248
108
739
4583
142
5
1689
54
2970
497
1586
8
2
2713
26
911
320
82
3971
29
920
1059
30
73
9
95
44
1691
1335
84
82
36
316
477
210
431
377
257
86
1441
461
96
263
140
1784
69
854
55
1
54
98
1092
56
16
1
69
69
55
171
91
742
209
26
639
77
287
100
223
68
1139
256
340
61
224
193
10
45
38
61
8
1704
249
42
36
46
98
56
186
1048
111
544
216
110
174
2071
929
83
666
425
7700
2940
83
213
480
23
89
16
16787
157
295
141
141
51
497
31
3860
102
835
34
13
1148
1547
40
13
87
570
1778
921
11657
148
209
61
340
279
411
118
10
258
95
649
5306
457
41
1
334
4461
63
567
168
449
1257
43
3163
434
1102
513
143
25
312
69
302
714
473
269
20006
761
97
1671
731
176
67
1292
129
397
1705
411
185
4512
21
1002
3943
359
66
62
1545
917
239
188
3921
860
3607
791
363
2400
42
21
233
192
41
125
416
918
421
67
1576
281
358
613
274
90
710
18
171
307
25
853
572
6722
57
594
161
871
2457
1113
173
337
326
3383
139
166
31
222
2018
55
605
642
293
77
384
1411
620
1
338
91
86
757
1
18
178
267
967
646
92
30
796
56
110
6
1
46
19
163
4251
112
47
80
167
8
9
74
1330
2071
2362
318
1060
79
160
1226
503
1007
301
20
102
66
12
191
303
267
144
87
1547
2094
52
330
384
1
347
651
541
243
160
1702
2390
225
278
89
102
105
69
2604
1011
148
61
283
201
17
577
382
11
120
291
1139
1525
326
777
79
373
35
87
292
121
398
143
13
547
553
14
3921
79
339
15
134
808
1627
39
33
768
1673
446
77
82
823
411
688
134
1
208
222
57
988
4316
2553
4627
1214
46
136
105
864
488
300
7864
62
92
1080
2717
1100
28
346
80
289
20
142
62
1481
205
1243
976
122
461
102
548
2515
446
776
224
194
12
79
543
52
165
22
1870
657
73
362
2123
143
340
151
64
1073
323
236
1202
982
1
2525
5771
938
489
166
460
1089
134
101
539
408
1506
6312
1831
27
192
77
4
310
1430
109
89
48
13
322
377
1320
537
6598
874
641
342
180
109
330
324
128
86
1
6576
1275
1524
2284
551
24
125
65
10
696
274
41
114
168
134
134
44
2133
66
289
34
7
154
10
62
93
121
65
896
143
298
3458
1689
466
1232
461
365
69
54
130
275
203
1353
647
1107
1420
602
1648
35
1157
1149
12
149
712
113
6398
310
1
396
239
52
823
999
774
534
1576
477
745
108
29
228
201
142
20
70
979
360
928
1352
13
94
1812
757
59
958
141
127
57
6332
391
747
456
1
21
622
31
491
582
444
72
96
1315
1519
411
201
231
414
421
75
51
165
1095
539
220
65
525
25
5
864
113
114
110
3
51
159
2427
12
524
485
133
111
438
479
40
1472
343
239
1089
161
300
429
1091
324
59
9
212
273
194
25
1641
36
32
458
22
2147
21
898
162
69
9303
1614
29
159
228
927
228
306
1186
38
436
31
314
9
31
365
1097
21
56
3510
26
956
309
14
365
1445
1444
614
1521
327
63
16758
27
107
180
201
103
59
447
667
1
142
62
238
269
493
72
3211
40
1386
3354
371
53
36
945
61
66
407
273
398
2398
840
60
72
541
17
168
27
86
106
193
102
204
1874
1360
495
8
186
286
261
9
543
350
94
333
35
144
1673
136
612
19
41
201
372
1
8
49
226
57
272
624
558
277
398
901
221
519
22
7
50
48
247
100
67
1443
1641
25
3626
626
1928
108
484
1859
3156
332
216
98
21
28
248
103
225
1172
3
212
62
518
1
7655
2
3527
11692
59
179
2913
502
2946
2022
65
11
485
129
27
277
232
12432
2053
5369
161
4
327
815
521
145
226
241
3153
981
2548
452
832
180
10
99
100
437
22
50
539
31
26
129
508
3761
781
18
403
992
101
314
4483
162
454
5092
1231
173
1488
79
169
545
11
827
585
160
16
3
2042
1559
675
133
1
26
838
1635
25
302
94
12
527
314
769
429
409
329
454
1089
876
235
2780
3051
66
20
73
8
1226
862
867
139
90
18
111
2457
225
172
2202
39
405
504
403
685
201
407
501
76
97
713
206
289
92
34
3825
1699
5573
462
623
1369
125
392
113
100
179
312
450
5
1167
805
124
141
1814
295
78
1789
3548
101
465
878
221
1
1051
31
26
192
347
89
83
668
148
289
38
397
2921
2366
1537
607
2039
16
150
688
3644
253
230
112
808
326
160
846
53
245
285
647
23
77
2351
49
942
3907
339
1742
244
302
118
83
2667
231
112
177
60
189
32
206
28
142
64
59
62
918
47
489
17
2614
263
55
884
41
193
196
25
340
199
14
1500
141
140
152
577
227
1
119
111
320
29
393
42
34
81
649
152
66
30
730
23
2989
49
72
86
111
43
309
2857
1748
282
95
39
276
2077
976
186
11
296
377
297
2002
55
2056
12
429
4
333
139
414
605
2616
395
1780
102
1623
184
1
446
387
20
103
904
121
152
21
2490
714
220
259
12
59
322
4
251
12324
19
246
3
174
822
5626
25
1230
8316
1455
570
13
122
949
2842
187
924
198
402
6435
3618
300
25
254
215
456
1838
810
55
207
13
961
55
692
155
62
192
268
1468
70
166
619
193
324
288
177
1212
93
62
1
51
31
8
591
382
52
591
1878
1956
85
4
2675
50
760
506
873
17
60
69
73
816
923
6413
465
1370
61
650
1364
448
88
919
104
81
55
3450
57
253
254
9
150
3008
62
1191
51
450
341
1350
26
215
141
104
1323
62
9
155
35
454
41
156
2512
14
147
1639
352
279
1894
160
48
611
818
93
13
87
47
1182
79
105
68
107
243
58
5
1040
21
1014
558
279
1826
362
3103
730
5
44
12
565
4756
850
236
1155
2072
27194
900
395
1750
2852
249
869
179
297
232
4857
570
541
1285
71
690
460
1096
258
460
5999
2053
184
1471
514
104
204
934
460
44
6
2081
35
93
93
15
259
18
42
2105
4380
43
526
1046
63
293
2
635
141
1023
69
1116
336
285
5910
293
54
59
285
225
122
1180
516
39
154
346
91
103
27
132
534
362
1473
1
138
165
59
1
696
1700
318
184
2480
496
17
672
27
636
1687
76
355
2997
691
345
104
4762
482
858
628
289
131
560
350
637
25
1301
4724
40
633
6034
305
607
865
2321
580
761
780
1848
11
412
1655
75
549
1355
214
832
3995
1152
12
271
464
247
504
49
309
445
1319
791
1625
65
1002
250
56
1
143
786
644
197
151
2464
775
7
33
123
118
176
1198
241
984
138
742
7149
118
109
83
233
99
602
501
118
149
405
98
19
545
304
5774
182
216
11
17
190
537
3
285
589
851
188
130
661
683
287
808
97
180
802
157
511
157
452
108
1631
2346
4492
523
1087
284
65
2129
631
239
5298
12974
33
23
6271
1251
93
302
721
161
276
168
4567
325
1507
33858
1896
300
351
82
306
31
420
1312
392
4
256
79
107
397
918
24
466
743
571
955
99
1771
149
49
592
74
175
379
2653
42
767
221
199
903
1428
1557
192
370
797
46
263
4
26
1226
111
26
531
13
39
62
48
156
1020
84
221
165
82
89
760
2708
53
45
689
211
110
162
420
16
132
554
231
54
63
70
4976
80
199
1655
619
2710
294
246
264
114
274
372
1526
654
816
49
29
1163
3408
4124
24
75
221
96
388
210
280
863
256
183
217
5
3988
282
199
285
946
142
1891
2301
120
39
343
40
410
288
34
1
1153
19
4559
805
14
349
365
635
177
5
762
229
1194
757
39
890
577
102
101
5130
88
27
226
3489
1161
1355
625
125
7
69
185
150
272
37
184
227
123
94
132
203
4
453
155
37
754
121
40
3206
277
1951
1275
785
23
12
162
188
239
93
8976
4
242
91
1832
71
39
119
45
1011
204
74
809
211
1056
1142
2409
2647
2447
394
7
63
2201
490
373
798
9914
2600
1774
47
190
2107
836
111
339
653
7653
91
1098
2707
421
75
3514
1852
230
415
7772
7576
15100
22
531
546
258
1589
188
783
344
219
1095
604
2514
302
3334
331
265
299
62
344
230
7988
929
46
2
203
83
774
1114
1033
357
30
134
89
52
1082
63
201
1778
68
118
173
19
6
1601
4610
38
1197
39
675
2371
302
162
44
28
1077
280
1147
572
68
76
1138
1
394
696
2137
79
534
814
2005
321
788
95
424
131
1017
35
201
962
257
524
30
212
59
142
50
3
24
3086
257
34
152
862
316
27
1
746
78
277
317
552
12
5342
4230
254
204
748
112
15
397
428
73
27
162
683
57
131
2079
669
480
150
381
184
94
2137
4
1900
8
85
137
141
200
57
32
167
55
39
1056
250
170
475
100
200
165
94
122
123
1545
120
262
133
299
8267
491
105
477
62
765
1670
138
264
185
151
35
101
107
442
111
48
5434
125
177
437
1579
69
3
179
956
515
2542
37
122
120
216
161
354
80
14636
41
966
378
237
50
768
748
505
24
8
332
410
284
411
55
118
6640
11426
1053
346
104
69
281
28
187
895
80
1187
52
163
274
100
65
1203
215
1538
127
59
181
187
54
338
120
175
377
11892
267
257
27019
1002
1131
314
426
495
132
306
245
783
419
43
201
445
187
198
274
588
2199
713
20
108
83
66
418
1761
1213
2299
530
2697
280
791
80
619
21
69
94
205
465
314
864
85
3759
696
110
103
190
208
192
1
44
845
259
260
306
394
14
217
44
5935
457
421
294
472
1447
207
4421
1542
213
9
402
129
115
112
9
18
531
270
59
331
49
264
5346
15320
167
110
848
1367
3652
55
8
2855
486
407
56
3020
840
466
256
5931
8
448
173
2874
726
295
737
1058
1709
166
2621
857
174
24
1067
135
2
811
741
26
38
1837
20
17
119
309
110
1312
80
431
3399
209
123
2524
131
562
331
176
199
37
232
849
535
3048
385
435
172
1540
1888
762
29
53
194
721
83
2898
1
169
8
660
2534
2904
832
348
857
17
2
645
1122
151
93
1
41
1
197
171
2025
20275
5
38
2287
559
108
357
546
44786
409
44
355
133
72
63
304
608
3790
1147
715
314
1689
151
642
19
282
52
375
124
1145
466
10
3
613
27
148
450
35
545
829
486
174
120
28
1115
39
1
333
847
23
18
89
663
116
23
1019
354
35
88
99
79
541
501
1457
1082
53
232
178
110
186
21
3043
5375
415
91
460
52
888
205
2995
440
99
1458
31
27
59
42
231
351
4258
30
312
72
7
184
40
110
8522
21
2958
60
10064
98
148
240
31
650
307
269
1604
72
18
1160
211
145
24
236
589
53
1085
96
663
413
794
293
130
115
8656
155
86
1
36
22
348
531
82
4
962
10
150
29
15159
8467
291
1
296
405
209
2238
80
145
3
332
9
219
223
1155
228
14743
11
66
317
1722
13370
762
2291
2919
4028
307
495
417
534
156
26
71
104
214
3737
217
24
285
242
139
95
257
484
147
3084
1410
967
388
998
2378
3530
2960
1
748
1306
1225
43
2606
1032
277
2745
33
58
226
250
165
543
669
467
1878
488
899
352
5
701
32
107
1
791
117
232
29
278
156
843
54
225
74
1932
335
132
9
5551
9
637
137
658
12
230
473
981
1228
735
19
119
269
10
478
28
523
50
65
1317
983
233
8
42
1270
298
275
1553
21
1253
181
703
4360
264
286
101
447
2114
317
20
2224
151
36
42
92
267
4
111
9
1145
421
774
968
176
385
94
261
42
3102
71
1221
1242
1506
1270
13
547
331
1
119
206
10925
163
26
920
192
308
754
748
25
3
27
70
198
450
1555
1
292
702
153
55
85
137
676
408
306
99
1368
158
1
1172
140
17
93
432
48
425
46
439
78
20
187
6
13
67
1
151
137
325
83
161
424
346
3436
36
174
10
387
642
164
241
400
10
2313
409
1175
2553
32
44
560
2
2791
104
2017
615
2470
434
75
1013
1365
44
184
696
29
25
388
114
2072
124
412
264
7
796
322
524
32
2
1040
191
1624
481
787
51
354
73
726
150
27
31
843
19
118
1155
1
37
12
94
12
304
194
1005
1020
5764
275
355
1
87
199
34
50
403
2463
6
1
3319
306
294
1
535
694
31
1331
199
563
2213
3
541
499
931
267
327
25
4557
23
32
467
10
20
4717
127
50
527
2468
47
18
8
186
92
456
1634
8
192
332
1547
492
367
17
35
92
197
2
53
1828
5360
3
258
168
218
54
1
735
57
1066
85
7
315
142
37
5336
217
125
244
2547
402
1117
226
1808
2154
139
319
1184
5037
156
173
513
209
1118
21
258
344
121
10
175
63
533
1844
17
649
256
309
258
921
218
42
141
246
77
19346
16
44
12
16
42
755
159
373
391
110
6071
1311
113
655
3272
5733
136
923
69
8
1821
363
203
2086
85
554
247
134
310
362
88
290
74
59
659
3436
97
239
23
503
175
143
1763
127
3847
35
2140
987
7
72
95
421
274
589
1810
669
200
15447
39
1716
2056
1032
1191
709
210
556
133
1304
489
476
38
17
1
634
276
150
167
155
4905
16
156
612
76
51
204
124
318
5136
935
3903
366
13
209
65
211
32
2117
1
1632
954
183
7
5
1468
188
120
1
181
874
360
149
343
72
42
4848
321
301
563
149
456
41
30
56
539
173
84
24
1
90
325
154
4
653
1441
122
87
23
186
162
333
239
121
1408
293
2464
90
115
151
549
591
71
258
8
352
601
33
605
359
195
56
37
63
261
73
5
28
345
18
131
224
279
871
486
355
146
60
44
22
2461
57
1928
112
742
283
760
436
24
192
302
1348
62
305
47
78
239
272
2654
203
30435
45
285
6080
117
199
820
609
2059
377
20
192
684
644
47
4854
176
37
12
691
1284
159
498
113
8
9583
269
259
2201
1722
150
341
2725
436
65
1159
34
119
122
2609
686
285
946
377
107
53
180
92
424
6020
3
48
305
741
2060
85
189
10921
11477
19
589
1385
1010
2320
118
317
150
204
3001
106
120
336
1794
1057
960
949
146
1384
143
37
159
335
1533
128
336
1320
882
219
173
60
66
368
115
1212
75
34
233
214
44
138
22
3248
2390
371
460
164
237
293
67
1728
28
48
584
9
73
1478
644
19
216
25
1665
2330
1886
3
34
2009
80
477
327
3711
1747
1233
12
3962
62
151
4
163
651
207
88
299
108
183
1006
88
847
1404
1383
162
128
224
586
77
180
281
1418
278
22
1142
125
86
1026
90
519
82
103
171
218
990
147
68
304
156
326
107
130
400
149
267
202
36
117
743
112
20
5467
15
93
247
1
18
64
1042
1130
795
499
385
311
101
191
62
1387
1652
2208
45
4508
570
100
308
59
142
2012
466
161
54
92
125
560
99
853
133
2341
83
2261
154
351
58
608
977
974
5
158
95
176
92
185
77
1
17
289
24
912
55
42
46
333
143
268
104
36
903
3107
10
105
556
272
171
100
73
874
22
171
646
9
262
521
1119
297
703
512
317
197
8
145
89
51
4556
215
476
532
1618
973
126
3262
162
317
2201
236
165
12441
308
290
31
114
544
858
4
81
983
2567
28
66
33
104
195
1105
513
147
164
1932
70
125
3203
3
350
519
67
121
40
19
100
177
59
173
450
2360
1189
1349
493
78
615
553
1692
87
134
18
1441
18
92
155
603
359
483
1033
820
51
1224
35
95
517
841
633
353
755
277
277
231
16
40
50
105
520
307
111
213
110
211
729
122
190
187
5640
124
135
885
675
503
219
1
100
532
2205
156
61
148
878
60
31
55
804
870
3471
1117
1685
38
27
1137
267
397
273
274
68
35
118
1689
35
2313
45
233
154
172
254
1067
802
389
1023
231
744
133
330
159
311
434
757
198
1679
285
161
1234
770
321
27
109
47
338
179
1657
1678
3
58
242
263
35
113
107
1472
78
45
181
541
229
32
94
478
165
8
883
29
770
194
539
195
221
251
67
100
225
148
284
1284
352
1088
727
739
94
341
99
295
187
1384
182
611
186
291
1013
281
304
1362
764
226
587
402
413
154
140
45
127
634
222
246
228
2964
86
307
1097
336
138
29
7126
82
124
611
27
438
2156
543
560
2028
45
119
2100
141
196
26
993
901
641
6027
299
44
559
4219
52
660
88
492
1130
1302
244
324
375
72
527
10
69
311
89
407
73
146
13
146
336
288
991
1328
84
1
372
159
1324
530
260
775
14
653
2295
3
2184
111
2
10944
1445
36
2315
44
33
11
5
157
450
308
2942
30
211
666
1615
156
18
50
1403
54
61
73
614
231
167
390
152
149
43
294
114
379
670
325
735
171
10522
199
776
57
118
559
2277
322
61
27
430
7
31
1576
549
63
61
33
146
3
96
8
665
176
24
11
190
2850
2419
741
178
306
520
326
1157
1222
471
2132
88
3891
152
42
26
888
1343
625
276
2
33
799
15201
25
715
55
229
161
12
112
1453
11898
4091
267
77
202
85
335
388
7
211
26
1544
1652
70
383
134
131
146
94
65
33
174
7
309
22
35
205
111
142
354
68
99
463
441
202
710
101
210
499
94
7
677
193
727
690
13
113
65
1365
2448
30
178
69
9
281
6817
78
41
413
125
645
105
193
1140
542
29
128
1943
184
143
75
64
334
54
826
1288
7
812
246
318
117
2116
122
307
93
1423
32
108
118
500
1974
9
1133
10008
1296
126
4417
2779
12141
34
190
144
1488
323
544
111
1941
63
155
166
136
1203
1361
731
232
3050
289
57
132
365
1434
21410
1327
752
101
154
165
105
234
1050
338
913
130
1
547
43
2556
2519
49
526
374
708
158
110
161
548
935
396
823
580
7571
39
287
556
52
462
853
1217
126
14
368
272
38
2917
106
738
4879
356
382
1514
381
254
46
7
86
2789
689
1088
102
1734
1618
511
191
143
146
472
60
39
3765
11
3584
53
445
496
247
2970
24
543
700
298
57
2259
2813
756
8
692
467
100
226
34
915
195
528
201
501
131
865
106
248
186
383
985
4158
116
92
36
654
193
137
174
38092
999
106
131
197
51
147
799
1342
887
130
54
68
151
1515
36
1662
1400
345
4
94
40
91
54
2879
1137
91
124
158
2317
2132
92
748
977
1836
2581
244
72
368
262
8
306
104
641
1467
390
347
682
263
149
169
138
349
83
857
348
156
51
4554
1350
763
57
242
950
1718
20
7213
439
627
2137
1955
411
1048
110
1828
618
198
185
323
123500
1370
720
1070
9176
567
418
99
6097
523
3211
1
2929
599
50
19
1073
196
2036
1206
332
1402
812
119
33
52
1030
64
900
979
93
189
378
430
288
735
1298
128
557
126
1554
18
191
119
55
611
289
319
62
69
499
1549
19
927
623
863
297
196
2402
77
126
1774
5367
142
70
200
5
61
404
727
10
1158
1861
444
1272
119
141
1305
1868
7
792
14
456
32
12
69
2110
406
33
398
1303
1541
56
257
1115
799
238
654
132
4
136
82
961
1501
729
228
1870
487
98
34
493
16
189
57
4683
243
154
1864
3514
3907
538
89
467
423
1833
211
2128
34
1043
414
218
65
122
51
43
895
26
12358
65
171
14
15168
400
38
10
144
1102
626
59
238
57
788
79
72
366
153
25
994
2499
90
101
473
671
234
173
62
498
793
925
411
1
1291
521
5126
283
211
387
439
770
48
17
64
196
273
2588
2500
192
126
238
274
95
6625
64
53
1717
17
437
871
531
14
59
8421
10
1
3
10
127
23
183
18969
1480
225
14
226
938
245
213
286
4657
521
659
17
36
262
268
700
1709
1006
440
19
565
279
952
20
16
367
56
278
667
9
1093
106
613
200
70
1019
1196
348
4669
581
865
22
48
749
866
1
1343
48
194
84
120
43
23
26
160
2
70
352
3
579
75
1803
79
69
80
1022
69
123
111
1327
78
384
2561
429
78
90
130
4589
602
363
63
138
972
65
85
10
151
19
293
381
183
51
90
2068
316
953
96
3837
35
451
306
556
444
153
55
121
888
36
3188
914
341
961
715
506
3409
53
1005
1617
142
121
901
88
1979
2463
141
48
1701
864
257
1308
11785
1744
43
229
328
232
513
142
685
531
970
241
26
264
56
3216
210
168
1082
1354
1736
25
282
882
60
2183
600
177
268
929
1
172
562
60
49
190
138
1134
65
92
391
220
15
1278
1698
501
132
4158
10
996
768
521
1873
76
1720
1788
3672
126
224
306
99
1520
13
2395
95
927
58
79
2337
211
1221
30
439
94
13
4193
840
93
619
71
54
275
2396
4992
73
669
109
88
210
196
3977
212
216
650
50
247
8
162
3124
383
17
157
163
329
2032
352
50
133
139
161
18
139
33
141
170
55
113
278
302
1478
1249
562
53
161
36
234
59
378
405
4264
79
3703
493
8
448
15
294
363
541
80
7
118
109
529
518
139
2026
1167
136
175
1790
254
560
2
231
192
316
29
657
681
65
432
482
302
384
229
183
188
560
324
2310
90
188
1528
14
125
191
261
194
539
517
227
229
1805
1508
17
232
214
135
2251
18
5918
410
1184
26
2492
912
496
735
535
1894
109
68
873
15
156
101
42
2403
489
440
1533
1613
6
252
175
188
581
1254
767
3046
96
99
3289
1303
60
153
1948
7
50
40
111
220
491
518
330
373
122
2408
31
174
61
303
4
1332
183
326
123
104
192
1353
367
373
26
13
155
180
955
35
177
760
2
427
174
127
1049
47
9
150
548
233
14648
79
444
609
11291
185
2288
377
212
1741
212
1292
155
261
1287
949
108
156
222
592
24
37
304
978
337
221
1093
2462
205
367
6862
8
256
10015
16
882
478
101
29
41
2805
1289
1043
1847
80
46
55
82
357
422
344
1473
345
267
27
135
1440
504
325
5
49
3211
5487
502
4645
252
226
3181
744
964
460
170
13403
102
6
205
2957
2358
366
116
1992
186
1894
236
111
2068
12357
233
285
795
431
1
89
3741
78
337
164
463
143
23
157
42
1258
77
31
126
41
14
70
100
310
54
477
1025
23
556
8
144
52
8
144
20
70
535
2180
529
4
1300
330
232
425
103
14
119
2374
269
106
298
311
608
399
75
79
476
91
95
4549
33
79
2108
184
1856
1
734
271
519
200
1716
121
245
70
95
440
7701
2737
824
579
3767
1470
1
228
7654
548
3686
129
1169
97
1577
995
1611
2850
874
1046
1336
607
4505
1004
239
17
17
3083
6111
2895
597
225
4136
1221
26
1548
2306
467
847
311
41
231
4113
469
175
551
717
1043
48
105
55
10876
238
3250
443
886
52
550
300
15669
1367
24
146
988
1374
564
20
4364
841
1440
865
27
4255
798
182
1728
633
1169
142
610
640
10261
23
59
332
1609
87
580
1620
1491
248
612
44
602
526
507
17
24
2430
590
2598
1025
184
355
114
8
2159
973
585
33
193
128
817
2196
585
1118
2661
3028
870
445
1847
9
42
548
344
296
1240
1625
1046
20
344
374
860
1730
6096
1948
7
1119
675
40
137
226
1424
2012
981
328
612
1
775
18
720
1182
675
483
118
295
1139
1144
223
415
77
615
5023
483
1242
5827
155
355
95
486
500
918
4967
1
122
30
597
490
92
221
3307
1093
112
145
168
78
65
486
66
257
3793
474
1837
152
235
7649
975
5655
3118
1182
377
3450
2159
83
122
64
474
4
37
1360
398
159
36
1234
537
80
1126
26
238
262
1704
721
7400
2130
193
569
130
976
181
216
185
580
229
918
3185
3510
49
396
218
513
159
1321
101
178
34
195
669
652
98
8592
2219
3093
385
5916
11
33
1611
1175
2543
340
629
191
778
8497
99
1056
390
1040
1638
492
36
52
169
199
890
9029
159
1299
453
1377
897
233
11729
270
55
870
1878
149
702
712
90
381
112
1022
19
1669
718
460
257
163
203
296
3956
116
121
53
259
5064
4639
674
1
224
45
112
90
816
1097
454
1492
123
1953
310
5123
446
1040
413
78
132
73
81
274
45
49
1164
246
1443
12
395
68
163
796
315
138
17
114
244
2513
7
127
383
401
323
9
325
50
450
360
257
6038
163
2105
71
128
4464
567
234
3533
1437
2203
360
1110
2668
5471
3218
787
247
3509
317
2414
183
427
356
1192
33
1828
886
434
230
300
382
232
6017
1774
494
1857
1249
28
26
414
349
81
197
1846
1129
217
92
689
11
695
116
183
8697
502
1815
386
221
10
47
321
76
952
66
1034
72
11
57
219
21
5798
491
816
305
185
183
3129
860
726
1272
12
78
614
73
1046
50
684
145
217
75
139
119
76
260
571
526
71
95
693
177
268
866
141
79
137
102
510
126
383
59
3489
36
463
4330
912
91
127
235
1623
3782
98
4326
75
289
7307
74
1106
314
65
1805
36
243
322
295
627
768
592
120
30
1
19
163
172
104
17
855
155
40
459
198
8531
38
239
172
1745
230
1267
346
424
253
290
546
21
1956
1250
108
1405
449
490
118
97
2022
200
179
403
382
52
173
3453
211
2324
1411
769
26
232
336
104
512
38
8304
45
19
279
1012
1347
3787
459
153
606
12255
233
1224
412
707
1517
1042
85
3004
389
127
523
893
2679
3451
561
51
99
176
363
111
22
38
58
334
565
498
2046
511
273
27
15495
260
157
4025
85
233
436
3220
2429
231
33
337
1047
124
229
1782
135
718
22
55
1151
755
991
3926
283
4909
53
406
1711
298
223
5347
3478
235
1401
575
5967
50
1621
20
389
710
1169
18
1442
207
4531
2201
1646
1615
4211
1118
1264
1116
376
328
1
118
33
482
11
27
233
478
1355
76
89
17
45
528
26
161
5208
856
876
1411
1580
7
275
13949
1089
555
483
622
1408
4560
1550
11
2051
764
867
649
37
190
750
64
2182
928
560
137
1704
2164
547
107
114
455
3655
159
10437
159
3828
3443
134
597
16556
503
1039
558
5931
585
486
14315
772
2272
317
2293
3018
558
244
19
618
3327
43
110
2877
1480
31
257
27
5480
715
100
671
315
364
1001
342
8
8
563
693
4218
3786
203
508
15
656
383
241
393
151
66
136
2467
18
3065
597
22
212
140
4885
206
180
515
3333
237
1336
2092
331
77
414
1214
781
683
451
68
759
18
422
560
2695
130
46
776
222
1600
396
1811
195
299
35
185
405
214
200
419
1
441
1
227
4218
73
62
216
400
218
62
1473
103
71
464
60
617
41
92
1525
1
1106
26
3033
77
913
277
40
616
1
51
601
404
12
590
69
158
359
112
1
9
52
148
84
50
893
98
208
4300
53
80
1044
6118
2604
460
197
186
12
102
1831
2988
352
1332
635
792
1192
828
758
159
6615
288
47
66
9
1965
660
50
76
304
213
83
81
3452
509
1023
453
66
1805
15
64
113
305
440
1142
84
1391
101
1392
301
563
2234
48
42
78
56
456
392
3986
2389
36
446
673
164
768
2679
47
315
471
251
197
132
105
563
260
995
774
38
587
123
229
283
893
3151
3430
151
4639
619
246
742
906
5
1051
3099
99
33
30
735
13491
392
13
3628
16
228
147
243
2514
234
2423
212
464
8
190
20
52
226
719
127
4413
95
3399
28
216
514
423
7650
78
804
1578
31
25
102
479
114
835
521
17
376
466
1876
160
177
1328
654
310
1820
157
402
10
458
249
301
224
183
58
2197
116
1029
1864
1028
580
198
323
4557
45
287
3353
63
307
64
749
148
504
26062
423
1267
69
347
67
82
247
66
704
1373
6586
1133
135
1969
179
261
673
50
203
65
205
1019
86
1232
6872
622
61
125
254
20
1154
144
9
549
467
420
2158
112
109
43
252
602
1115
635
1737
188
419
1827
429
11
177
212
1275
202
228
1373
48
778
84
820
453
7121
178
5027
68
122
206
319
1845
4816
2
23
357
457
86
1098
251
2857
598
50
182
83
7
175
171
147
1
337
20
110
98
26
12
29
329
167
874
1803
71
13
25
168
22987
135
215
331
73
133
37
33
1292
411
559
99
333
19
598
600
1286
1139
375
83527
765
11
853
65
294
47
437
119
1053
2105
20
1135
28
166
56
107
666
1
1127
1595
113
32
95
136
28
2279
216
15
401
514
164
117
22
1300
936
339
1281
13
774
33
426
965
46
1394
8229
46
2286
330
599
1512
687
1287
2160
447
1667
1877
1213
1851
23
32
82
1005
74
194
69
1477
103
312
121
2129
12786
29
2136
175
2742
297
186
73
2579
1590
15
327
657
54
1380
233
1263
16
408
114
410
30
1893
83
778
429
326
103
232
6863
1110
978
4089
1845
647
77
927
477
81
1237
14
496
529
7
47
560
2013
2457
88
435
65
1067
726
581
775
1018
731
2689
445
264
953
619
401
9
351
648
325
381
8371
1199
37
73
51
257
676
20
26
1285
144
618
240
599
692
2
173
39
444
1833
303
10
2510
1996
9405
98
511
239
9208
1950
100
181
1730
1051
981
1152
656
8404
174
928
1015
186
22
49443
140
581
263
4230
82
125
1137
106
250
4933
71
58
196
826
105
15
43
296
205
55
344
1605
136
150
166
137
430
18
111
75
1323
1031
5074
1383
642
1180
586
3684
223
292
461
17584
1442
7
754
322
45
3491
581
664
234
474
268
1108
243
495
570
5104
2319
6206
219
386
1284
277
39
540
4611
1679
317
290
1
291
63
216
406
37
1645
510
593
1233
5
405
398
234
526
454
20
263
166
347
496
1416
145
16
831
12379
585
2864
1426
436
1429
946
31
502
108
90
174
845
228
114
221
82
93
1111
1424
30
1600
106
2244
24
4109
5
189
753
5094
325
86
30
7
2451
1535
495
124
13837
1829
672
2407
1460
2209
320
501
156
2449
66
54
289
14
405
175
808
648
13
202
2481
466
1174
70
591
725
168
159
70
2605
15
79
62
46
515
9
21
47
190
46
227
28
44
2739
96
1029
100
653
2852
265
2049
491
212
4104
200
788
16
1904
464
317
33
15
1176
196
1792
2805
228
91
1194
569
1421
1
973
74
1981
836
793
10
648
56
40
1182
8993
385
878
4091
123
89
363
1333
352
234
512
3779
151
161
52
115
95
265
142
1032
7643
308
2105
154
347
648
839
152
15
64
546
1369
1745
1
267
489
361
102
150
634
102
1729
275
211
364
1094
902
280
491
54
361
10
146
10648
1004
144
1154
173
96
1367
798
5086
132
602
59
204
570
3260
83
1221
346
408
2179
37
173
127
119
269
132
115
936
1300
45
4787
678
494
43
6672
149
339
56
613
37
760
289
592
225
53
597
421
905
341
769
412
9
1222
73
390
999
2481
3998
53
1690
209
87
215
1547
59
2491
537
8
760
186
1407
50
636
90
19
411
5
132
21
5997
4
241
192
205
16
442
279
540
157
256
104
110
36
717
215
4
756
83
1167
1
218
215
12
69
1053
1119
2936
324
72
141
220
802
418
25
276
189
57
440
308
2498
22
1241
2570
2853
376
319
325
122
282
1459
1084
136
529
119
466
170
145
312
303
3488
72
184
1811
144
907
125
1105
1585
1140
387
341
143
600
37
218
71
101
119
1526
12
225
2030
344
11
1
217
298
3810
44
135
3175
3
46
414
90
381
3858
239
33
291
8
490
196
274
84
404
277
537
64
779
15
43
19
1685
534
546
287
79
807
137
265
726
270
591
303
17
248
181
201
1100
292
1679
235
1329
1377
541
2
140
627
206
126
36
31
532
867
78
4186
522
361
109
240
144
3
1241
277
43
63
95
1469
86
790
141
124
29
629
43
805
2097
275
449
547
29
1809
1219
1307
249
85
281
386
477
71
58
16
61
3439
8
292
40
508
85
1251
140
10
1599
486
43
14487
606
274
2859
61
693
154
1916
40
1365
502
1859
1941
2058
594
24
310
638
302
629
14
579
385
199
4750
1417
560
1
450
406
274
449
6044
148
17
339
2252
572
625
3069
135
1637
25
124
116
109
719
61
37
603
324
474
758
108
1048
313
194
117
647
138
210
871
178
529
308
1128
194
761
217
332
492
257
75
61
293
810
121
277
2823
3824
214
2909
213
105
75
1342
225
870
2509
119
1832
267
501
192
53
42
564
1052
288
14565
2664
50
120
136
110
91
130
464
456
179
26
139
1459
659
776
1173
87
557
98
77
1147
104
88
18
405
24
1018
438
1998
123
1193
3500
1859
657
322
180
7113
2139
28
334
5
228
19
202
3564
184
341
50
129
81
5
113
25
88
54
99
225
290
1
489
1474
622
1065
209
352
31
454
1900
5
803
32
165
289
3876
336
834
409
131
31
2487
108
844
35
19
308
303
1194
3678
2102
906
1152
292
11
7
120
1344
54
203
460
204
907
23
1000
1594
199
749
120
80
183
105
99
749
25
197
45
1571
118
487
36
233
132
140
268
74
55
120
11
313
15115
4339
1789
121
52
16
277
3
267
87
6425
6115
94
20
4923
651
55
128
481
26
165
987
20
64
10
107
2262
603
608
3839
102
2040
192
9726
116
221
183
15
761
45
358
321
932
99
242
1587
509
58
212
650
354
18
4622
2343
29
24
417
3
171
817
111
199
89
1
1841
48
1155
91
412
200
12
84
247
327
57
75
15
5
76
180
73
109
82
168
1391
565
1385
599
333
644
253
226
31
54
439
68
35
44
73
34
675
94
142
493
51
620
251
64
107
24
165
899
12
49
152
148
36
387
2198
280
186
5
1080
73
192
548
26
514
58
110
512
1528
194
44
2590
47
56
539
9
4775
145
658
327
2173
122
380
1064
14328
3071
275
984
1713
154
120
111
505
307
1795
152
65
58
35
345
222
20
108
91
51
1
195
238
2423
6
31
180
236
55
303
928
7
68
72
260
609
39
333
34
5
950
65
1
3681
4
242
7445
17
262
84
588
53
216
488
225
1349
751
1005
227
465
3064
226
845
674
2403
313
7894
168
3448
1669
137
886
8
128
100
3447
18
3
1362
182
1
275
113
9
8
1251
19
8
5275
43
228
145
10859
2974
4472
99
4516
1
3565
222
59
410
361
624
31
426
28
269
506
194
395
745
234
428
35
90
51
134
118
29
192
313
2025
196
129
82
389
1994
1300
65
431
31
79
29
492
4339
1335
64
1771
54
8
302
31
288
1976
529
73
714
8
88
138
1650
866
294
2615
778
241
95
75
206
54
390
371
42
374
237
888
162
187
1328
143
103
932
165
532
999
39
7
58
1408
168
18
1065
241
878
929
464
123
51
130
633
312
250
3020
50
412
136
247
244
601
81
485
1940
234
272
108
2369
9822
2735
864
560
514
8169
11
430
667
38
435
710
84
946
21
111
185
29
29
323
199
182
757
368
375
212
45
86
253
690
3913
61
1776
1330
396
2371
88
2244
49
275
199
2411
113
12
1041
3529
200
116
251
2544
2498
58
137
17
2261
33
932
3452
67
237
435
143
37
251
3804
3892
2092
254
879
1532
791
720
2645
10
22
38
839
88
21
38
208
