167
740
428
132
16
483
40
90
313
196
50
429
84
34
224
1912
1086
125
275
22
177
202
685
126
21
2
861
1295
644
31
14
20
259
13
1527
1768
39
188
1882
2422
8
33
185
346
84
53
853
87
19
123
1021
29
370
1296
256
115
45
2
84
654
156
873
763
96
658
19
41
988
214
49
7
245
40
17
113
30
27
10
634
32
255
591
92
26
8744
6
3
38
16
78
178
88
1214
710
130
109
189
82
17
10
20
1
253
3
10
46
1
224
6
141
2217
65
55
94
256
210
2
58
3
399
59
20
95
1141
48
202
267
57
285
1
528
2
684
35
228
78
2406
774
711
201
462
38
3174
203
335
264
77
6
5
3537
101
786
196
163
104
24
43
483
3
47
122
28
203
225
82
19
801
34
1070
324
191
8
122
259
4
17
205
350
181
67
24
33
16
7
26
234
1807
369
1
1125
1743
15
36
11
2
85
764
853
447
119
1066
152
4
11
18
741
301
67
157
60
87
369
27
51
219
980
41
909
1865
335
2728
11
25
32
47
74
12
3
222
32
96
1
49
4
13
144
45
147
13
122
2
5
166
205
1634
375
76
49
160
37
314
1
97
116
116
602
4
32
444
73
14
397
19
8
204
111
2
30
388
16
20
1030
649
482
1
59
111
41
20
106
3
21
107
10
22
46
105
46
920
140
81
7
1
124
2
7
324
1024
27
379
66
192
3
26
336
87
2
44
494
7
7
1
257
29
2
54
7
34
40
71
15
405
675
25
26
935
332
3
510
56
191
610
60
4
446
19
96
304
34
82
107
180
16
5
946
12
276
337
308
27
2
297
46
60
4
3
31
9
319
3
25
404
17
45
282
220
110
343
36
8
31
246
15
221
5
76
490
25
20
256
20
24
6755
206
45
18
5
20
236
46
144
163
2982
1035
104
608
238
943
33
109
58
675
605
225
9
30
21
36
10
171
8
37
126
130
4
103
144
545
78
437
784
244
33
16
96
10
22
99
18
44
35
397
4
1476
251
311
103
443
259
585
100
80
12
10
3
110
12
58
128
102
482
49
22
9
44
52
16
76
10
1
12
193
19
176
916
277
4
525
78
1251
38
12
45
31
464
219
462
89
104
1
533
5
173
402
10
77
183
176
20
16
34
623
10
266
25
2
591
458
221
2021
69
256
29
51
152
28
520
13
273
272
167
142
423
151
262
77
1474
39
369
2286
178
254
25
1499
1
248
3
67
24
71
22
270
23
93
4
35
31
19
257
64
254
13
82
6
60
24
161
37
366
21
89
400
1763
343
60
32
1182
2
344
16
3
34
22
26
160
50
75
75
385
83
283
353
10
7
344
1119
87
206
102
454
54
2
17
1319
555
537
1461
14
10
227
19
65
205
2
72
12
536
108
21
199
4
102
2
3
27
2
22
6
239
164
363
3
88
6
663
33
84
120
207
98
365
36
2910
10
14
303
44
787
61
507
165
12
16
225
1438
20
26
110
9
91
22
77
51
38
102
17
28
2
497
189
7
841
11
493
23
43
350
3
84
58
272
726
72
912
29
7
69
73
502
69
5
20
5
113
176
121
303
58
564
19
264
241
56
123
26
9
15
152
63
723
201
380
1
50
37
300
88
57
254
17
137
210
75
16
43
22
43
25
479
8
113
82
686
110
257
75
758
1
665
16
455
76
35
867
38
133
28
26
77
509
507
20
18
662
246
2
18
37
806
5
41
1397
485
154
267
1049
220
37
14
32
27
836
330
1
304
1
2
56
1
32
176
1676
16
116
60
2958
361
6
1102
33
30
56
111
4192
251
38
126
1082
10
478
1
687
364
175
908
124
321
218
127
288
181
16
203
223
168
16
26
58
78
25
3
2
70
634
12
271
8
269
6
73
51
370
1
3
2
9
272
423
60
632
51
107
274
3
210
22
92
13
35
69
464
112
40
1023
34
387
77
87
835
23
14
4
24
4
142
74
17
556
207
3425
3
23
2
23
16
12
7
81
4271
26
2
79
68
7
104
113
14
255
40
1100
30
6
17
330
247
1567
1
4
391
2
135
14
122
249
11
387
71
230
746
922
4
2
7
116
1278
123
134
2
419
252
7
154
172
3
352
351
17
252
31
2
276
43
44
38
43
131
682
116
228
14970
66
442
49
108
25
173
102
270
72
6
605
91
15
382
30
5
534
86
314
38
528
309
24
454
43
2
22
10
79
47
39
362
180
537
183
7
120
43
209
311
1
18
128
186
44
3
269
249
86
2
780
26
33
58
3
67
118
65
65
90
755
9
16
479
562
63
644
85
133
267
7
75
315
187
14
20
40
453
577
23
77
357
182
88
575
59
1013
512
37
45
137
47
20
381
1403
132
20
389
2
214
9
225
86
97
9
5601
80
49
1096
69
28
28
301
691
1709
34
27
624
138
1037
316
20
2601
76
75
30
767
1
33
116
1
114
8
339
60
692
69
81
91
102
13
104
411
95
121
709
232
571
31
109
29
32
75
294
135
4653
121
67
72
23
91
12
212
44
29
289
785
95
77
135
119
256
1398
39
117
42
76
151
78
137
232
88
73
381
160
255
83
393
90
308
243
534
20
11
42
1517
96
76
203
200
158
72
85
127
80
311
1670
31
35
133
1
1
165
54
2021
15
294
43
4
246
1012
710
1501
75
422
277
3
45
61
19
24
141
95
45
394
23
253
9
312
36
72
77
67
73
186
30
97
136
629
283
726
3
1526
193
34
223
20
9
1234
137
77
5
31
1
23
90
684
438
569
66
15
94
2605
17
248
83
403
955
173
32
144
10
32
343
2
191
74
8
56
35
15
9
397
139
368
310
116
12
107
78
243
30
4
1939
3451
761
105
24
72
303
100
8
14
207
164
10
968
17
28
26
141
11
30
353
123
10
9
125
2
829
74
1786
67
527
484
53
68
27
133
282
63
2085
698
71
5
1
112
258
19
14
8
911
7
23
87
11
310
120
741
367
2
71
1190
76
138
266
367
17
18
108
25
2
397
29
785
108
315
79
1294
661
294
289
4882
54
109
112
1223
3
518
139
88
183
4
13
7
31
222
281
8
5
85
147
7
14
3
30
1741
336
253
71
384
82
215
309
108
9
677
64
379
357
585
247
137
659
46
20
750
479
145
12
106
111
288
146
516
4
371
933
14
184
2135
1526
16
100
471
150
17
32
12
54
18
19
6
1
354
16
22
355
22
20
17
15
121
86
3
136
18
217
214
29
49
47
73
75
57
76
812
262
636
75
31
117
1
436
419
408
92
1070
225
36
1
284
71
557
32
119
43
212
100
21
4
224
431
3
119
9
394
50
1
21
178
38
520
1263
800
539
646
95
9
574
159
91
212
17
75
355
143
374
165
45
27
120
40
893
19
1557
96
40
70
65
44
1755
7
1038
37
9
12
466
107
1090
104
123
199
18
593
11
265
380
259
177
355
52
6
1442
358
17
94
86
80
141
166
32
97
8
69
31
317
83
64
42
96
145
230
106
1220
459
230
186
29
69
26
842
212
1059
132
971
6
193
87
562
213
407
160
4
81
21
7
291
29
43
4
187
13
940
381
215
35
323
500
32
48
1
38
265
69
290
102
70
151
16
932
136
62
328
191
38
2
79
7
424
3099
3208
977
134
135
33
133
257
131
10
18
98
153
8
24
188
1496
141
12
107
27
20
121
119
29
10
268
382
158
2663
166
87
20
6
75
331
412
1285
6
141
166
402
198
2
31
133
5
304
19
1245
52
15
25
32
5
99
71
28
38
669
19
23
4
349
1
473
39
10
193
3511
36
15
2669
374
14
19
228
44
67
20
258
21
93
303
17
50
58
127
113
5
34
4
19
51
115
172
7
21
16
24
106
3
26
38
1158
9
11
55
7
27
663
3
612
4
25
2
248
6
133
8
7
377
51
863
1458
27
191
10
223
113
178
73
1258
84
115
118
190
103
34
2118
1017
460
82
56
1275
33
60
386
48
190
784
1027
3
116
381
239
720
11
14
1605
49
24
24
2904
2
94
15
51
5
8
697
4
148
13
315
163
28
18
1
20
44
6
986
2
6
50
784
9
830
27
10
384
3
95
95
4
335
8
38
37
126
208
280
62
14
48
66
457
372
87
7
38
30
470
141
6
1731
1
22
127
129
1591
990
208
95
1
258
91
78
5356
96
779
613
32
232
21
547
1044
3100
384
808
52
133
468
1543
13
195
88
772
137
73
34
86
45
157
824
17
510
46
3
6095
43
128
1303
92
85
149
74
379
18
699
11
40
36
25
106
200
128
99
742
15
56
151
823
1073
878
39
21
282
72
417
958
9
99
30
32
2
359
30
75
35
421
217
432
144
80
75
374
3
467
882
135
494
13
739
11
258
75
103
163
990
29
128
1
96
5
15
282
61
75
18
2230
731
45
162
73
41
361
100
15
139
243
345
202
2
26
70
45
89
95
379
107
553
205
42
31
2
1
352
235
154
236
95
114
12
133
2
10
312
27
14
598
1342
8
339
455
19
66
1352
44
266
18
252
45
233
18
82
103
16
24
256
569
24
41
446
9
57
172
500
15
973
85
1253
473
391
8
126
9
699
1271
268
207
207
23
147
86
14
128
339
38
1232
28
101
262
73
43
67
31
1
70
18
86
14
443
2
5
5
552
177
38
58
246
11
42
2
133
49
110
973
2
19
200
129
139
465
361
112
5
28
63
129
273
28
101
31
13
2231
121
3
75
6
6
42
283
274
611
64
37
198
1
16
214
3128
21
845
1081
31
127
2
230
15
104
147
10
30
230
310
4
4
364
28
75
629
872
40
4
33
3789
551
68
277
279
174
187
79
626
45
333
531
51
10
70
347
99
72
525
353
869
29
72
663
11
2
9
314
740
3
524
217
1093
135
8
8
23
8
296
5
353
1
24
77
18
9
54
20
11
2421
50
12
62
661
123
40
68
2
16
69
3
77
15
42
18
285
690
192
505
104
4
110
327
107
102
1
13
431
180
76
3
1049
10
221
123
2
39
133
122
488
72
239
494
256
37
280
32
206
27
1
30
80
12
184
1505
7
10
180
17
379
19
671
587
192
15
147
5
183
29
76
77
196
611
1
6
198
58
61
30
43
1803
60
89
19
791
29
4
112
36
4
117
40
413
10
13
12
311
135
13
263
435
1107
86
141
375
2
139
255
631
227
1031
256
841
178
32
75
762
84
17
168
106
125
1
1250
334
1195
196
1476
350
8
131
119
1
7
127
763
349
9
3
50
66
25
227
76
534
22
22
76
187
56
573
457
214
1834
54
17
566
235
22
83
31
3190
32
117
11
2473
188
229
29
135
1555
243
453
1672
325
1584
522
46
155
82
83
438
39
63
85
115
31
1730
89
1215
1
19
75
591
27
826
326
187
1208
437
871
24
104
3
210
419
1005
151
144
609
72
412
979
98
881
59615
16
39
11
719
41
485
2451
1820
651
1438
424
447
333
75
86
281
44
74
228
6
1238
32
95
2
1193
16
101
447
566
64
341
85
169
82
18
490
33
7
34
263
543
22
44
10
19
230
269
143
1
19
188
9
71
8
1
4
80
3
1522
4
127
24
312
6
8
18
204
1112
848
92
57
187
79
53
23
77
51
47
159
3
23
124
44
1
171
535
574
68
28
381
683
265
1
161
62
379
203
93
89
86
2
445
34
74
65
23
19
12
2
135
11
25
199
99
370
710
201
127
601
156
45
291
969
93
34
24
382
748
66
17
72
75
19
18
823
582
169
5
211
15
196
92
138
976
42
18
232
157
80
61
37
8
3
103
175
256
435
101
174
187
225
470
453
497
314
100
25
168
76
38
36
14
81
24
130
83
40
773
64
1277
20
147
281
679
52
39
17
10
83
98
3612
12
12
66
56
290
301
11
88
5
52
39
5
56
12
3679
66
2
60
249
3
510
356
503
677
242
140
105
227
72
82
190
566
75
1373
558
157
469
257
205
3
96
118
215
496
263
16
770
230
178
211
59
290
3
104
247
25
330
330
6
33
4
71
11
75
4
732
205
1067
324
231
53
1239
56
29
82
478
12
248
381
734
403
72
77
135
203
9
104
124
24
96
662
413
276
110
368
75
225
227
307
9
393
325
13
7
80
54
1591
136
2
31
22
174
118
100
369
75
164
18
222
4
177
25
579
51
2
98
805
9
110
74
133
17
376
74
96
41
25
24
3
32
38
10
22
2
2
17
780
48
387
130
651
67
242
41
69
453
134
435
475
405
131
229
43
16
82
78
96
172
545
9
245
246
29
254
5
101
145
392
31
647
117
46
246
950
137
484
761
400
192
186
1659
26
127
102
33
52
107
807
320
958
473
265
39
32
432
141
66
90
269
192
129
204
185
79
91
85
151
117
44
12
516
203
559
25
1561
336
1
31
1595
332
34
329
239
51
12
53
92
10
187
1053
45
277
296
4
749
1304
69
545
407
51
652
275
216
4
53
57
48
303
513
11
181
516
85
27
519
930
388
18
1118
22
29
40
166
106
34
670
230
4
88
83
72
746
258
77
518
101
246
83
44
92
75
75
75
76
96
114
1
198
105
88
75
122
155
53
130
93
40
217
191
2
4
348
18
6
21
176
541
102
182
101
72
282
8
2395
15
23
152
74
118
475
6
72
7333
265
115
75
14
502
10
75
