125
97
16
11
22
3
74
42
42
19
124
8
15
72
4
17
1
5
221
534
559
373
98
341
323
92
97
8882
25
16
26
24
991
118
117
6
1053
61
35
156
3
79
25
60
840
215
932
90
273
24
39
110
56
18
313
19
67
10
53
66
8
33
33
66
30
562
8
13
1
102
4
36
12
33
332
85
19
10
3
36
313
1
298
14
272
446
232
38
147
11
206
191
95
327
365
42
21
106
9
105
931
152
123
309
6
380
36
22
80
20
164
186
104
282
60
294
402
271
78
219
112
7
303
27
17
82
10
962
256
49
101
450
3
32
462
8
69
29
14
2104
44
90
2
21
258
559
1877
14
1592
8
172
513
1
163
27
919
10
916
86
7
3
60
13
1236
7
81
85
318
80
12
800
48
7
22
57
1438
1356
835
1205
21
2
89
15
28
1106
702
205
1130
457
78
88
4230
290
41
6
409
237
321
67
56
636
237
1
74
396
70
800
1154
368
139
26
63
9028
1199
1360
307
87
33
413
13
211
575
37
263
726
396
4431
220
360
92
61
81
1165
844
39
86
115
39
229
4
1
225
15
1
212
901
25
249
1
115
189
369
131
63
45
920
13
102
85
582
300
203
2548
1051
895
430
2222
1365
225
5
153
525
148
18
413
47
7
229
286
1804
9
915
16
123
7
69
46
4
2117
438
223
286
252
22
250
30
81
31
37
416
475
292
133
813
195
911
377
14
20
68
308
194
474
97
130
68
10
419
214
27
13
16
23
62
31
44
663
28
1486
8
12
59
119
917
1
184
32
45
41
279
22
7
147
38
1201
288
12
105
141
159
290
152
151
1110
115
5118
12
279
586
751
246
4286
253
8
1
553
97
304
41
58
245
765
168
32
75
118
17
140
109
53
32
119
187
40
7
127
122
515
699
1806
435
71
8
182
126
583
1
1208
54
724
869
183
401
445
1122
93
117
603
563
51
1597
654
12
1
738
131
138
212
625
6943
438
128
77
366
776
5
99
200
40
1622
660
138
3340
36
281
78
14
150
344
466
19
13
152
144
1083
273
11
12
1695
770
143
221
344
62
392
299
317
278
380
213
2757
536
958
59
37
11
1398
76
197
10
15
2199
502
261
178
32
21
1847
961
735
90
2074
145
1350
147
27
47
1472
22
146
602
470
42
674
26
66
37
316
53
285
1246
104
29
542
41
1294
2874
64
3524
1692
4
620
153
264
61
855
75
1
61
712
74
442
12
134
3
123
48
20
18
460
31
140
141
86
151
1
620
1271
143
20
838
260
596
1306
2503
66
28
9635
334
35
9
149
9
236
978
1
60
44
477
12
12
114
472
161
249
288
338
5
26
874
46
70
42
48
1555
573
205
273
79
4
60
2133
194
88
294
1
8
277
82
314
233
5414
24
1201
199
4104
38
88
411
415
74
829
82
39
66
247
105
2850
329
501
2441
7
661
67
1633
40
41
16
131
13
312
243
404
318
143
559
34
857
31
863
31
32
339
42
72
180
919
195
362
1063
77
628
4
447
17
76
82
1619
25
27
107
4920
1422
33
4
1190
386
63
17
142
967
41
59
35
584
19
138
18
77
55
92
165
8374
46
296
14
2812
194
17
132
183
1
294
97
274
297
27
26
11
400
105
358
50
478
34
107
280
416
367
650
7
345
31
203
12
137
100
926
89
92
1002
894
551
43
530
970
4
306
773
2
69
71
420
1
661
73
31
274
30
1196
16
30
260
55
58
1154
13
43
32
694
831
94
11
259
817
1058
165
72
77
13
211
676
48
22
24
131
24
793
141
647
9
647
161
89
78
11
831
1
26
123
9
38
3
30
24
105
151
60
178
1
4
1358
60
5
61
6
30
749
563
26
80
931
17
2524
1079
218
48
4433
110
116
13
32
203
651
158
3
188
327
114
155
24
249
46
153
792
27
312
105
11
3398
697
575
203
270
13
157
67
89
31
246
83
845
7
1927
256
657
1356
172
9
320
10
1788
970
1
939
36
34
1
101
2479
301
120
57
302
29
187
1362
40
131
74
428
40
75
64
204
3686
36
46
27
285
113
101
126
249
508
626
284
531
610
4454
180
194
391
253
211
6
964
149
167
177
139
13
19
119
33
65
19
201
28
284
161
134
6
20
514
122
276
1713
2382
25
258
63
145
7674
3096
1540
595
88
101
424
18
8
25
183
155
289
119
35
1033
151
77
2805
181
251
993
587
826
28
53
37
31
64
51
57
105
8
1753
636
511
84
154
96
327
10
6
149
78
170
67
254
75
510
349
138
246
20
241
922
556
8
13
52
492
1422
140
149
64
9
170
8
90
21
102
281
152
5
187
622
152
426
77
129
293
596
271
154
15
52
