540
26
969
110
756
7
4816
1647
147
9
38
1
426
4393
179
1
318
3066
1496
190
40
1612
11
28
1441
2696
404
2616
1302
93
191
115
90
10
223
735
652
49
17
627
165
317
28
20
6188
229
191
783
297
1685
861
480
177
1
552
2852
17
351
485
2
235
121
244
966
383
136
11
40
49
58
79
681
407
15
1825
979
83
1009
62
3543
165
66
431
1385
4997
4479
2454
6
1515
1332
385
1
1
2268
206
1679
560
403
843
378
54
2
116
509
1275
128
169
142
19
3462
91
712
1600
1
1845
215
763
624
94
145
4224
697
181
2218
2
694
493
35361
659
25
2028
1190
28
108
1396
124
1
304
3118
2760
1316
758
5863
200
1373
888
2410
5164
11
20
1285
684
771
498
11
2329
505
448
2896
2
345
26
11
923
1040
343
95
1742
6009
539
2
120
574
730
1763
316
1
808
3011
39
95
1420
2
143
3253
685
68
1492
730
117
35
75
1577
45
3145
424
683
234
215
840
1395
1209
124
164
57
2220
286
215
135
512
8
1396
5
655
408
12632
80
71
7331
2386
124
521
919
401
1073
214
48
1045
694
49
8788
1930
276
1498
1114
63
38
27
1632
145
4464
3427
686
4473
2979
462
46
337
1363
1844
524
173
312
223
6250
425
5
21
40
28
7015
60
364
287
307
12027
1051
13
56
2995
231
7
304
679
12718
8120
409
53
4
192
121
14
43
2
182
1582
1421
95
41
36
250
12
1222
41
657
37
4166
192
185
2526
149
8094
39
30
858
1496
7040
308
588
53
195
4898
261
1117
210
182
559
354
6726
733
441
97
152
2171
3462
82
57
253
390
1
942
52
203
67
43
2392
16
303
284
202
152
136
34
3791
47
262
148
842
97
3
43
128
7097
74
172
2390
37
6085
438
9204
95
125
8359
195
35
47
9
1661
93
47
64
1508
2003
750
8
952
31
815
5548
236
2697
43
79
7
693
3605
908
2339
1
2060
72
6769
2905
13
54
31
1708
56
125
514
1880
4
242
1755
1121
500
422
510
102
1206
58
106
140
223
238
231
5821
247
28
138
4328
219
212
849
755
4316
903
54
578
28
4
31
103
90
103
32
29
367
217
50
2106
122
2987
70
4100
534
39
12543
1907
47
37
1088
290
37
2893
87
26
4557
2347
330
9
8
852
936
264
3
198
556
76
1351
192
2692
1614
3
3
434
191
8
120
493
618
224
1135
9
871
806
1179
12
364
1994
32
460
1846
453
2542
525
143
4934
95
1488
1345
840
4180
2315
359
654
770
1154
22
64
266
5647
3759
22
455
2503
14
1177
18
32
1689
302
111
240
35
1900
63
53
12
2234
1897
8
1361
75
689
2098
513
1
1
1761
349
54
121
21
167
41
496
9713
50
40
145
37
1615
199
5094
101
2536
15
59
68
247
410
23
837
473
701
207
58
1124
28
759
7797
29
17
173
3816
107
2385
916
816
177
1633
11753
303
42
62
2364
1
3034
175
935
42
832
44
53
1116
237
743
105
209
2130
4620
30
13
225
131
652
1048
38
240
59
437
64
2884
309
2179
35
119
18
56
171
211
2173
2691
331
11
3230
557
2494
1645
578
11
50
1370
275
968
24
78
266
416
212
245
1786
3958
145
579
356
825
2513
88
4
2480
9
531
120
2678
2333
105
11
91
1010
328
56
1
324
215
224
305
95
1692
6139
578
1280
750
29
924
192
210
245
279
48
3848
30
359
7922
389
1
49
406
12
13
25
264
31776
93
166
158
15407
220
108
77
122
10
82
36
9835
1272
402
52
1130
12
2680
253
1818
5162
774
1565
13355
2382
84
2732
3291
13853
2556
68
32
1808
1190
75
954
172
70
60
1
13
247
55
1590
388
120
887
2315
570
1219
62
12
11
580
2673
797
305
59
16
384
17
280
1051
21070
413
12
7110
713
13
220
14
235
15
3
1
43
2
742
142
150
1249
100
7400
1662
61
458
1206
48
108
1079
8408
567
21
82
22
243
800
3369
752
2467
31
2806
16
398
439
224
57
58
6232
22
7041
326
10
4393
319
3492
308
331
101
379
1
1429
2285
30
2359
1340
21
146
293
134
598
136
1111
50
51
1720
513
346
5907
1713
1676
682
957
23
120
95
421
512
195
101
1557
222
1877
151
2632
4647
1144
172
156
41
152
33
296
275
4016
306
36
148
586
3831
52
1516
76
61
301
853
3805
6594
253
23
1230
137
281
170
3502
1
69
676
2143
117
8598
1317
109
40
806
146
759
25
1701
35
546
25
58
74
30
25
40
35
70
126
15130
810
1620
27
434
1005
1
76
99
473
963
292
557
155
67
1
27
201
276
46
229
54
3787
403
4643
2562
1422
67
35
168
184
376
238
5338
242
1107
303
383
87
88
2615
404
132
238
315
98
17
1016
182
323
2035
17
32
100
76
89
426
6191
422
2246
1564
23
10
50
2710
71
1611
238
717
995
46
49
2340
633
474
597
243
962
317
3976
155
1332
96
676
523
18636
29
3
149
2854
26
129
518
2669
3221
9726
327
98
347
151
58
48
151
180
43
1570
337
274
661
27
1077
184
509
323
803
299
82
162
175
222
265
66
210
17
199
3097
12
613
79
23
1731
7063
61
1
33
24
24
166
461
1753
67
39
72
5157
23
137
72
5399
1859
27
207
1787
105
14
1556
75
199
3655
668
86
13
67
561
136
155
155
71
59
126
1385
57
92
56
754
823
18
2915
5568
8
1160
2078
300
627
5082
206
308
500
26050
44
508
1
398
2201
4698
21
698
904
2536
301
6696
2521
2102
303
240
122
49
2948
109
56
923
20
64
3733
1617
830
3
1887
13950
1709
388
239
1296
1540
44
99
14991
84
151
242
1893
509
1915
13
2212
2183
1393
1537
5158
181
154
93
45
2908
319
64
111
1
134
246
402
468
328
45
404
101
321
243
122
16129
501
1
96
507
189
1294
1144
362
115
236
887
495
983
126
360
288
6598
1200
365
75
6580
194
94
212
752
1
638
25
302
823
1817
