130
310
49
3
172
60
916
1144
85
155
159
175
31
313
140
20
240
14
157
466
155
1420
187
291
2
8744
215
13
6
16
174
190
194
10
270
259
125
268
5
823
970
807
582
570
642
27
1
286
122
1750
1441
15
5
3249
160
354
126
187
17
130
329
213
213
27
19
79
211
889
949
195
251
321
12
393
9
10
14
3
18
6
3
119
4
8
167
746
1289
91
183
323
14
137
34
125
4
370
243
56
645
27
48
124
192
929
7
80
82
81
1603
458
26
234
4128
115
91
186
8
41
516
188
36
207
46
211
1278
197
414
12
98
192
13
109
140
418
1
11
45
44
37
29
9748
188
468
102
203
18
7
335
102
552
3
290
167
501
266
25
330
168
4
687
1388
1013
128
3073
236
287
3
1
196
229
39
113
5
24
191
137
404
69
98
1759
2690
7
959
134
44
16
210
98
193
125
95
756
798
5
55
337
986
26
8
113
882
642
8
81
23
1795
190
2
386
5
147
30
69
195
42
171
29
84
301
17
251
251
96
2404
54
1154
118
234
1357
251
82
986
1068
1145
423
16
3
181
4
5
380
122
650
136
23
216
149
14
62
195
646
89
123
14
1353
963
125
581
245
113
539
51
203
731
4
436
477
29
13
30
916
5276
1
93
3
3025
83
51
24
23
225
81
49
59
117
308
7
996
5
115
1392
217
246
58
27
278
236
656
582
640
468
199
5
381
79
191
126
140
392
4
188
2
85
39
31
5
276
277
686
115
76
55
153
140
32
189
218
131
72
236
122
129
205
356
182
92
117
256
1
122
972
187
204
322
213
256
248
82
271
167
243
183
268
55
148
477
223
1
222
247
283
53
8
188
202
185
1
234
41
215
230
245
216
469
850
349
336
5
38
49
13
78
192
39
1
214
19
63
772
627
76
12
10
217
254
16
127
243
108
551
1986
55
13
528
6
224
1
124
368
166
3958
24
442
191
69
206
187
3
2
6132
13
1405
1015
215
404
607
24
84
1022
1437
1285
14
264
3280
220
16
20
287
51
275
964
50
375
602
224
25
152
21
7
69
8
1109
516
527
56
1046
130
107
71
72
225
188
185
43
215
183
2267
956
197
438
20
106
22
146
118
188
194
356
200
203
207
9
406
237
1397
79
216
1566
171
20
119
60
1209
309
1
35
771
26
196
196
20
30
178
202
340
3
216
119
409
12
320
1162
147
10
53
218
466
154
1
272
39
33
55
398
140
376
92
148
88
30
460
62
13
2665
206
48
650
965
203
3
1485
18
51
870
51
499
592
86
760
186
1
37
237
381
1027
169
882
8
248
181
2184
72
2
199
302
40
183
48
63
10
113
3055
89
11
308
75
76
3
2036
914
302
468
53
1183
565
31
146
136
219
529
55
969
1271
478
245
2793
67
638
3727
1832
28
556
2096
3572
38
211
62
1
527
214
55
312
2675
92
906
701
80
122
7
44
266
1384
14
14
59
136
293
731
5
1178
9
109
1206
141
257
2239
466
736
1
202
8
234
4
14
752
919
87
255
278
11
203
961
173
618
96
7
234
125
355
387
5
32
899
347
720
945
701
134
449
824
17
140
19
18
623
150
83
13
2
8
282
12
461
124
607
1
38
1
67
64
225
169
37
1162
1
88
10
145
13
165
747
460
353
620
51
14
91
230
207
51
42
542
3
419
212
7
5
5
682
13
106
266
39
8
112
5
23
149
206
259
2986
910
258
123
3
408
19
64
38
186
46
75
1
374
498
7
16
1115
100
1504
210
13
1050
106
69
166
9
7
9
12
21
41
373
25
1074
255
257
213
2087
205
276
1957
469
75
238
159
238
488
222
14
4
5124
1838
120
76
238
5
22
12
811
81
469
560
372
401
15
165
5304
199
1407
50
5039
868
10
9
127
563
357
11
870
19
206
274
389
220
76
202
203
239
219
119
6
245
13
281
302
146
140
382
48
75
213
207
1
152
110
268
52
121
503
292
793
95
130
138
4
321
4
309
37
11
210
205
625
16
75
792
115
153
195
637
591
317
2989
276
1998
4892
19
105
82
8
2014
217
54
211
10
196
1
121
135
11
431
692
105
97
679
292
352
21
218
1435
77
3
477
18
273
201
184
12
1440
235
929
5
107
81
1
27
246
203
22
3
11
207
84
109
323
6
168
238
182
217
12
253
1
144
165
15
184
36
282
216
96
618
453
1
122
1238
5555
260
27
122
89
6
1144
322
635
199
249
61
616
129
84
26
31
16
221
219
183
80
223
49
217
24
115
133
767
1149
208
227
2
76
9
585
197
437
17
73
223
5
399
216
1
425
63
47
145
202
46
566
228
6
125
39
130
272
719
76
175
24
332
218
172
50
189
95
470
75
213
252
196
95
240
16
200
4
221
749
11
251
549
565
394
133
126
326
20
124
475
185
113
184
54
3
131
23
875
613
219
71
328
4
110
194
4
1
199
40
4
56
59
211
2271
324
143
156
222
257
34
240
166
10
102
790
106
4
104
3415
692
101
20
1
48
533
19
4720
36
3489
95
82
193
110
129
102
137
183
1605
358
219
102
20
278
351
93
219
269
2059
176
2
447
321
311
777
124
2426
337
138
242
87
1064
458
50
652
1
119
654
292
828
73
35
75
142
202
350
17
251
3276
972
942
184
1737
23
55
160
191
228
473
123
55
125
57
218
166
286
29
161
280
71
27
293
85
211
2
76
226
33
237
235
131
1
83
713
1508
86
15
1
186
416
188
124
74
130
215
236
84
193
77
257
278
220
184
1087
176
95
102
14
210
314
95
133
172
1037
91
103
35
254
56
95
397
201
140
214
310
19
75
200
116
1374
123
86
217
255
189
3
149
125
214
86
188
219
213
195
