2102
1133
745
605
504
321
276
943
1
508
180
3567
1835
718
3150
1999
887
25
109
2504
1175
1471
1427
165
342
892
730
89
587
394
1187
1511
429
19
640
1243
75
1224
482
1435
1228
1023
1060
133
739
151
2320
11448
653
526
552
1494
758
976
747
1405
544
134
1210
1634
1317
989
631
1653
1969
518
142
1258
166
144
761
889
43
870
1134
516
1241
284
954
919
711
44
50
365
425
1021
538
2996
829
171
184
621
3636
227
1007
278
754
126
1040
3580
1883
160
1122
784
3158
1661
3112
1088
404
1538
7730
711
714
415
2394
558
423
5399
1191
1725
1777
6883
833
581
3118
1441
2178
69
7430
2106
154
3512
5298
890
786
2031
12448
9888
1695
1072
791
1484
1542
433
1738
18
341
778
3034
184
1874
1688
1322
1325
832
978
1068
711
679
2590
3561
753
613
4449
2787
476
1267
415
1655
2395
6927
678
1405
1534
582
704
2519
474
729
524
954
190
724
734
805
714
130
1856
2416
3224
1046
3409
765
1091
1183
2670
6415
1846
568
6134
9550
912
1232
923
786
5134
703
4357
1073
5953
2204
1517
1116
244
813
2025
634
1999
784
1445
1052
1238
1051
1706
1496
438
1501
2947
1483
76
1866
855
537
850
220
2696
1427
554
615
809
918
680
1676
1877
598
1334
2874
7251
79
750
3611
1102
548
217
1361
481
497
1589
2398
624
19
400
2229
1639
828
574
670
802
620
988
702
745
127
188
1691
824
1623
949
3887
929
451
262
88
743
1967
2044
8285
497
2510
1005
1121
1207
1475
2545
567
1615
5093
4687
714
104
435
1067
3457
183
838
790
196
1507
265
623
483
528
2162
735
131
520
1564
390
6333
146
1536
2252
2401
631
2901
77
684
1754
615
860
1699
899
4228
64
790
1056
4698
1984
2034
451
993
62
269
436
1430
2025
627
1045
1047
7434
288
680
1081
1439
223
301
3002
946
2629
1807
1051
746
1003
975
781
1017
3287
2127
657
835
658
358
797
291
2832
3089
317
1383
521
814
2345
2
1307
606
538
5792
753
1327
344
493
1090
626
1609
8589
1146
81
1419
199
464
106
42
643
925
242
312
1807
197
2590
493
1240
1102
102
1874
1753
225
1389
522
60220
237
2968
23
1590
2823
1244
559
1330
539
347
707
291
2551
787
1727
946
2331
2683
814
1516
1588
808
951
357
256
122
1955
55
2042
4307
1964
26
1194
1150
1973
860
1047
122
1043
2001
634
2201
218
2717
899
4606
428
630
2629
537
790
88
1973
1819
962
1594
805
1026
715
2271
546
1500
555
560
744
1023
866
8223
1037
549
591
1035
910
242
1615
909
908
994
1111
916
1240
439
2967
2775
1174
1000
2579
676
414
2398
583
1388
6187
783
708
268
2450
2768
1537
1166
2547
50230
924
2206
880
1531
1223
6775
1090
55
182
2540
879
2497
1194
1092
1079
662
78
1755
1272
1677
1027
299
788
1185
75
280
1973
1014
1276
2459
852
365
1531
6244
209
2982
1286
795
2998
1000
716
690
788
539
1108
119
856
1444
1116
31
974
3054
1861
5446
1024
555
2455
2280
1569
3231
2022
2243
706
2880
650
811
1884
2791
493
1776
2741
2137
884
1134
1478
43
812
3379
147
684
594
791
1209
1304
1374
565
837
2309
919
1360
2176
651
509
1174
397
735
716
503
1360
1194
2601
19
673
181
1973
985
963
1929
1579
2721
1314
624
1703
