4
33
50
8744
1257
18
52
144
1750
56
4
47
84
231
1
38427
155
36
7
144
1803
15280
52
666
87
36
1936
1
31
67
863
191
69
1
5
7
115
14
37388
85
4
1
14
14
239
7
30210
61
19
1207
23
3
6
640
5787
288
7
39
81
374
15
840
31
188
26
81
13
10
513
392
5666
195
488
1862
140
1731
340
1
371
77
194
9
670
5
37
391
21
26
255
4091
88
27
10
1673
5
38
480
2357
2
1832
563
549
17
521
83
700
18
14
3
138
1083
513
3
4493
1065
41
6815
2
11
83
3699
240
256
158
210
210
49
91
4637
1496
22
29
72
9
31368
1485
3115
221
10392
137
230
4
84
2017
14
13
43
38
188
1
26
243
76
143
1124
418
13
9
703
67
1191
12
13
10
1042
835
21
85
759
11
10115
355
10
12
106
13202
122
8
4727
1
1
34
3
115
34
180
14
2816
320
7
2743
62
2
72
360
78
235
4
3
1009
22
399
478
54
155
6
36
217
788
1
36
149
11573
52
2683
1720
3
2612
132
1261
505
4
24
4906
37
1183
136
5
22
118
161
18
33
3001
107
1
12419
118
19
38
254
21
102
567
243
32
39
153
12
50
117
956
2835
6
86
2515
17
4
5
78
365
76
2071
2
486
1211
2937
4054
119
28
213
44
89
1
519
1
39
883
9
23
15
4
91976
749
394
12
14
11
67
4264
3139
631
116
328
27
3228
475
184
228
1
4
224
5
302
26
6020
2
263
45
51
1
8
1
1828
30
691
6
17
9
215
16
10
168
1
1
81
886
101
11686
45
4
1642
8
14
12
262
224
36
1
19188
410
172
148
331
81
174
143
4632
6
27
39
52
60
1
105
97
